local cfr = CFrame.new

return {{tm=0;["RootNode"]={cf=cfr(0,0,0,-1,0,0,0,1,0,0,0,-1);es="Linear";ed="In";};["root"]={cf=cfr(-.226,2.834,-.606,0,0,1,0,1,0,-1,0,0);es="Linear";ed="In";};["000-offset"]={cf=cfr(0,0,0,.344,.854,.391,-.939,.305,.16,.017,-.422,.907);es="Linear";ed="In";};["004-offset.001"]={cf=cfr(0,0,0,-.015,-1,0,1,-.015,0,0,0,1);es="Linear";ed="In";};["006-offset"]={cf=cfr(0,0,0,-.015,-1,0,1,-.015,0,0,0,1);es="Linear";ed="In";};["000-offset.009"]={cf=cfr(0,0,0,.435,-.866,.248,.889,.371,-.267,.139,.336,.931);es="Linear";ed="In";};["000-offset.012"]={cf=cfr(0,0,0,-.923,-.276,-.268,.188,-.931,.314,-.337,.239,.911);es="Linear";ed="In";};["000-offset.001"]={cf=cfr(0,0,0,.976,-.189,.111,.219,.842,-.493,0,.505,.863);es="Linear";ed="In";};["000-offset.010"]={cf=cfr(0,0,0,.884,.468,0,-.468,.884,0,0,0,1);es="Linear";ed="In";};["000-offset.013"]={cf=cfr(0,0,0,-.581,.814,0,-.814,-.581,0,0,0,1);es="Linear";ed="In";};["004-offset"]={cf=cfr(0,0,0,.035,-.999,0,.999,.035,0,0,0,1);es="Linear";ed="In";};["002-offset"]={cf=cfr(0,0,0,.035,-.999,0,.999,.035,0,0,0,1);es="Linear";ed="In";};["000-offset.002"]={cf=cfr(0,0,0,.864,.495,-.088,-.386,.766,.514,.322,-.41,.853);es="Linear";ed="In";};["000-offset.011"]={cf=cfr(0,0,0,.134,-.985,-.106,.99,.137,-.024,.038,-.102,.994);es="Linear";ed="In";};["000-offset.014"]={cf=cfr(0,0,0,.214,-.977,-.005,.977,.214,-.019,.02,0,1);es="Linear";ed="In";};["000-offset.006"]={cf=cfr(0,0,0,.603,-.797,.002,.366,.279,.888,-.709,-.535,.46);es="Linear";ed="In";};["000-offset.003"]={cf=cfr(0,0,0,.144,-.875,-.462,-.21,.429,-.879,.967,.224,-.122);es="Linear";ed="In";};["000-offset.007"]={cf=cfr(0,0,0,.711,-.703,0,.703,.711,0,0,0,1);es="Linear";ed="In";};["000-offset.004"]={cf=cfr(0,0,0,.758,-.652,0,.652,.758,0,0,0,1);es="Linear";ed="In";};["000-offset.008"]={cf=cfr(0,0,0,.961,-.278,.001,.278,.961,-.009,.001,.009,1);es="Linear";ed="In";};["000-offset.005"]={cf=cfr(0,0,0,.888,-.438,-.143,.432,.899,-.07,.159,0,.987);es="Linear";ed="In";};};{tm=.042;["root"]={cf=cfr(-.24,4.54,-.663,0,0,1,0,1,0,-1,0,0);es="Linear";ed="In";};["000-offset"]={cf=cfr(0,0,0,.631,.677,.379,-.771,.6,.214,-.082,-.427,.9);es="Linear";ed="In";};["000-offset.009"]={cf=cfr(0,0,0,.6,-.788,.14,.776,.531,-.341,.195,.313,.929);es="Linear";ed="In";};["000-offset.012"]={cf=cfr(0,0,0,-.928,-.07,-.365,-.055,-.946,.321,-.368,.318,.874);es="Linear";ed="In";};["000-offset.001"]={cf=cfr(0,0,0,.969,-.208,.136,.249,.779,-.576,.014,.592,.806);es="Linear";ed="In";};["000-offset.010"]={cf=cfr(0,0,0,.913,.409,0,-.409,.913,0,0,0,1);es="Linear";ed="In";};["000-offset.013"]={cf=cfr(0,0,0,1,0,0,0,1,0,0,0,1);es="Linear";ed="In";};["000-offset.002"]={cf=cfr(0,0,0,.767,.642,-.018,-.483,.595,.642,.423,-.484,.766);es="Linear";ed="In";};["000-offset.011"]={cf=cfr(0,0,0,.559,-.819,-.13,.824,.566,-.021,.09,-.096,.991);es="Linear";ed="In";};["000-offset.014"]={cf=cfr(0,0,0,.239,-.971,-.005,.971,.239,-.019,.02,0,1);es="Linear";ed="In";};["000-offset.003"]={cf=cfr(0,0,0,.098,-.88,-.464,-.197,.44,-.876,.975,.178,-.13);es="Linear";ed="In";};["000-offset.006"]={cf=cfr(0,0,0,.81,-.566,.15,.165,.466,.869,-.562,-.68,.471);es="Linear";ed="In";};["000-offset.004"]={cf=cfr(0,0,0,.797,-.603,0,.603,.797,0,0,0,1);es="Linear";ed="In";};["000-offset.007"]={cf=cfr(0,0,0,.753,-.658,0,.658,.753,0,0,0,1);es="Linear";ed="In";};["000-offset.008"]={cf=cfr(0,0,0,.966,-.26,0,.26,.966,0,0,0,1);es="Linear";ed="In";};};{tm=.083;["root"]={cf=cfr(-.24,5.203,-.719,0,0,1,0,1,0,-1,0,0);es="Linear";ed="In";};["000-offset"]={cf=cfr(0,0,0,.703,.604,.375,-.709,.637,.302,-.057,-.479,.876);es="Linear";ed="In";};["000-offset.009"]={cf=cfr(0,0,0,.698,-.715,.039,.666,.628,-.403,.264,.307,.914);es="Linear";ed="In";};["000-offset.012"]={cf=cfr(0,0,0,-.891,.024,-.453,-.18,-.936,.304,-.417,.352,.838);es="Linear";ed="In";};["000-offset.001"]={cf=cfr(0,0,0,.963,-.209,.17,.268,.688,-.674,.024,.695,.719);es="Linear";ed="In";};["000-offset.010"]={cf=cfr(0,0,0,.939,.343,0,-.343,.939,0,0,0,1);es="Linear";ed="In";};["000-offset.002"]={cf=cfr(0,0,0,.71,.703,.051,-.504,.455,.734,.492,-.547,.677);es="Linear";ed="In";};["000-offset.011"]={cf=cfr(0,0,0,.668,-.731,-.139,.737,.676,-.015,.105,-.092,.99);es="Linear";ed="In";};["000-offset.014"]={cf=cfr(0,0,0,.253,-.968,-.004,.967,.253,-.019,.02,.001,1);es="Linear";ed="In";};["000-offset.003"]={cf=cfr(0,0,0,.078,-.88,-.469,-.187,.449,-.874,.979,.156,-.129);es="Linear";ed="In";};["000-offset.006"]={cf=cfr(0,0,0,.834,-.525,.168,.144,.501,.853,-.532,-.688,.494);es="Linear";ed="In";};["000-offset.004"]={cf=cfr(0,0,0,.817,-.577,0,.577,.817,0,0,0,1);es="Linear";ed="In";};["000-offset.007"]={cf=cfr(0,0,0,.771,-.637,0,.637,.771,0,0,0,1);es="Linear";ed="In";};["000-offset.008"]={cf=cfr(0,0,0,.968,-.252,-.001,.252,.968,.003,0,-.003,1);es="Linear";ed="In";};};{tm=.125;["root"]={cf=cfr(-.24,5.781,-.761,0,0,1,0,1,0,-1,0,0);es="Linear";ed="In";};["000-offset"]={cf=cfr(0,0,0,.728,.576,.372,-.685,.608,.4,.004,-.546,.838);es="Linear";ed="In";};["000-offset.009"]={cf=cfr(0,0,0,.742,-.668,-.055,.573,.675,-.465,.348,.314,.883);es="Linear";ed="In";};["000-offset.012"]={cf=cfr(0,0,0,-.856,.015,-.517,-.19,-.939,.288,-.481,.345,.806);es="Linear";ed="In";};["000-offset.001"]={cf=cfr(0,0,0,.96,-.194,.2,.277,.586,-.762,.031,.787,.616);es="Linear";ed="In";};["000-offset.010"]={cf=cfr(0,0,0,.962,.272,0,-.272,.962,0,0,0,1);es="Linear";ed="In";};["000-offset.002"]={cf=cfr(0,0,0,.675,.731,.101,-.492,.344,.8,.55,-.589,.592);es="Linear";ed="In";};["000-offset.011"]={cf=cfr(0,0,0,.712,-.688,-.141,.693,.72,-.012,.11,-.09,.99);es="Linear";ed="In";};["000-offset.014"]={cf=cfr(0,0,0,.254,-.967,-.003,.967,.254,-.019,.019,.002,1);es="Linear";ed="In";};["000-offset.003"]={cf=cfr(0,0,0,.078,-.876,-.476,-.186,.456,-.87,.979,.156,-.127);es="Linear";ed="In";};["000-offset.006"]={cf=cfr(0,0,0,.835,-.525,.166,.145,.5,.854,-.531,-.688,.494);es="Linear";ed="In";};["000-offset.004"]={cf=cfr(0,0,0,.82,-.572,0,.572,.82,0,0,0,1);es="Linear";ed="In";};["000-offset.007"]={cf=cfr(0,0,0,.775,-.632,0,.632,.775,0,0,0,1);es="Linear";ed="In";};["000-offset.008"]={cf=cfr(0,0,0,.968,-.253,-.001,.253,.968,.002,0,-.002,1);es="Linear";ed="In";};};{tm=.167;["root"]={cf=cfr(-.254,6.218,-.79,0,0,1,0,1,0,-1,0,0);es="Linear";ed="In";};["000-offset"]={cf=cfr(0,0,0,.725,.578,.374,-.686,.552,.474,.068,-.6,.797);es="Linear";ed="In";};["000-offset.009"]={cf=cfr(0,0,0,.742,-.659,-.122,.515,.678,-.524,.428,.326,.843);es="Linear";ed="In";};["000-offset.012"]={cf=cfr(0,0,0,-.83,-.024,-.557,-.16,-.947,.279,-.534,.321,.782);es="Linear";ed="In";};["000-offset.001"]={cf=cfr(0,0,0,.961,-.173,.215,.273,.499,-.823,.035,.849,.526);es="Linear";ed="In";};["000-offset.010"]={cf=cfr(0,0,0,.973,.229,0,-.229,.973,0,0,0,1);es="Linear";ed="In";};["000-offset.002"]={cf=cfr(0,0,0,.662,.74,.119,-.465,.282,.839,.587,-.611,.531);es="Linear";ed="In";};["000-offset.011"]={cf=cfr(0,0,0,.714,-.686,-.138,.691,.723,-.013,.109,-.086,.99);es="Linear";ed="In";};["000-offset.014"]={cf=cfr(0,0,0,.248,-.969,-.003,.969,.248,-.019,.019,.002,1);es="Linear";ed="In";};["000-offset.003"]={cf=cfr(0,0,0,.088,-.875,-.477,-.191,.455,-.87,.978,.167,-.127);es="Linear";ed="In";};["000-offset.006"]={cf=cfr(0,0,0,.823,-.546,.156,.156,.483,.862,-.546,-.685,.483);es="Linear";ed="In";};["000-offset.004"]={cf=cfr(0,0,0,.812,-.583,0,.583,.812,0,0,0,1);es="Linear";ed="In";};["000-offset.007"]={cf=cfr(0,0,0,.769,-.64,0,.64,.769,0,0,0,1);es="Linear";ed="In";};["000-offset.008"]={cf=cfr(0,0,0,.966,-.257,0,.257,.966,.001,0,-.001,1);es="Linear";ed="In";};};{tm=.208;["root"]={cf=cfr(-.254,6.458,-.79,0,0,1,0,1,0,-1,0,0);es="Linear";ed="In";};["000-offset"]={cf=cfr(0,0,0,.714,.589,.379,-.693,.517,.502,.1,-.621,.778);es="Linear";ed="In";};["000-offset.009"]={cf=cfr(0,0,0,.711,-.689,-.141,.506,.641,-.577,.488,.339,.804);es="Linear";ed="In";};["000-offset.012"]={cf=cfr(0,0,0,-.817,-.028,-.575,-.154,-.952,.265,-.555,.305,.774);es="Linear";ed="In";};["000-offset.001"]={cf=cfr(0,0,0,.966,-.154,.207,.256,.458,-.851,.036,.875,.482);es="Linear";ed="In";};["000-offset.010"]={cf=cfr(0,0,0,.969,.248,0,-.248,.969,0,0,0,1);es="Linear";ed="In";};["000-offset.013"]={cf=cfr(0,0,0,1,0,0,0,1,0,0,0,1);es="Linear";ed="In";};["000-offset.002"]={cf=cfr(0,0,0,.674,.732,.1,-.438,.287,.852,.595,-.618,.514);es="Linear";ed="In";};["000-offset.011"]={cf=cfr(0,0,0,.69,-.712,-.13,.717,.697,-.021,.105,-.079,.991);es="Linear";ed="In";};["000-offset.014"]={cf=cfr(0,0,0,.239,-.971,-.005,.971,.239,-.019,.02,0,1);es="Linear";ed="In";};["000-offset.003"]={cf=cfr(0,0,0,.098,-.88,-.464,-.197,.44,-.876,.975,.178,-.13);es="Linear";ed="In";};["000-offset.006"]={cf=cfr(0,0,0,.81,-.566,.15,.165,.466,.869,-.562,-.68,.471);es="Linear";ed="In";};["000-offset.004"]={cf=cfr(0,0,0,.797,-.603,0,.603,.797,0,0,0,1);es="Linear";ed="In";};["000-offset.007"]={cf=cfr(0,0,0,.753,-.658,0,.658,.753,0,0,0,1);es="Linear";ed="In";};["000-offset.008"]={cf=cfr(0,0,0,.966,-.26,0,.26,.966,0,0,0,1);es="Linear";ed="In";};};{tm=.25;["root"]={cf=cfr(-.24,6.5,-.775,0,0,1,0,1,0,-1,0,0);es="Linear";ed="In";};["000-offset"]={cf=cfr(0,0,0,.703,.601,.381,-.705,.517,.486,.095,-.61,.786);es="Linear";ed="In";};["000-offset.009"]={cf=cfr(0,0,0,.658,-.745,-.107,.533,.562,-.632,.531,.359,.767);es="Linear";ed="In";};["000-offset.012"]={cf=cfr(0,0,0,-.817,.026,-.576,-.197,-.952,.236,-.542,.306,.783);es="Linear";ed="In";};["000-offset.001"]={cf=cfr(0,0,0,.975,-.136,.173,.217,.473,-.854,.034,.871,.491);es="Linear";ed="In";};["000-offset.010"]={cf=cfr(0,0,0,.943,.334,0,-.334,.943,0,0,0,1);es="Linear";ed="In";};["000-offset.013"]={cf=cfr(0,0,0,1,.002,0,-.002,1,0,0,0,1);es="Linear";ed="In";};["000-offset.002"]={cf=cfr(0,0,0,.713,.7,.041,-.403,.362,.841,.573,-.616,.54);es="Linear";ed="In";};["000-offset.011"]={cf=cfr(0,0,0,.628,-.77,-.115,.772,.635,-.035,.1,-.067,.993);es="Linear";ed="In";};["000-offset.014"]={cf=cfr(0,0,0,.221,-.975,-.01,.975,.222,-.02,.022,-.005,1);es="Linear";ed="In";};["000-offset.003"]={cf=cfr(0,0,0,.114,-.891,-.44,-.204,.413,-.888,.972,.191,-.134);es="Linear";ed="In";};["000-offset.006"]={cf=cfr(0,0,0,.796,-.586,.149,.186,.471,.863,-.576,-.659,.484);es="Linear";ed="In";};["000-offset.004"]={cf=cfr(0,0,0,.774,-.634,0,.634,.774,0,0,0,1);es="Linear";ed="In";};["000-offset.007"]={cf=cfr(0,0,0,.723,-.691,0,.691,.723,0,0,0,1);es="Linear";ed="In";};};{tm=.292;["root"]={cf=cfr(-.226,6.373,-.747,0,0,1,0,1,0,-1,0,0);es="Linear";ed="In";};["000-offset"]={cf=cfr(0,0,0,.686,.618,.384,-.724,.525,.447,.075,-.585,.808);es="Linear";ed="In";};["000-offset.009"]={cf=cfr(0,0,0,.589,-.808,-.032,.573,.445,-.688,.57,.387,.725);es="Linear";ed="In";};["000-offset.012"]={cf=cfr(0,0,0,-.819,.106,-.564,-.261,-.944,.201,-.511,.311,.801);es="Linear";ed="In";};["000-offset.001"]={cf=cfr(0,0,0,.987,-.107,.12,.159,.52,-.839,.027,.847,.53);es="Linear";ed="In";};["000-offset.010"]={cf=cfr(0,0,0,.892,.452,0,-.452,.892,0,0,0,1);es="Linear";ed="In";};["000-offset.013"]={cf=cfr(0,0,0,1,0,0,0,1,0,0,0,1);es="Linear";ed="In";};["000-offset.002"]={cf=cfr(0,0,0,.771,.635,-.046,-.348,.481,.805,.533,-.605,.592);es="Linear";ed="In";};["000-offset.011"]={cf=cfr(0,0,0,.521,-.848,-.093,.848,.527,-.05,.092,-.053,.994);es="Linear";ed="In";};["000-offset.014"]={cf=cfr(0,0,0,.191,-.981,-.018,.981,.192,-.021,.024,-.013,1);es="Linear";ed="In";};["000-offset.003"]={cf=cfr(0,0,0,.14,-.901,-.411,-.208,.379,-.902,.968,.212,-.135);es="Linear";ed="In";};["000-offset.006"]={cf=cfr(0,0,0,.774,-.615,.15,.226,.49,.842,-.591,-.618,.518);es="Linear";ed="In";};["000-offset.004"]={cf=cfr(0,0,0,.739,-.674,0,.674,.739,0,0,0,1);es="Linear";ed="In";};["000-offset.007"]={cf=cfr(0,0,0,.675,-.738,0,.738,.675,0,0,0,1);es="Linear";ed="In";};};{tm=.333;["root"]={cf=cfr(-.211,6.133,-.705,0,0,1,0,1,0,-1,0,0);es="Linear";ed="In";};["000-offset"]={cf=cfr(0,0,0,.662,.643,.386,-.749,.535,.391,.045,-.547,.836);es="Linear";ed="In";};["000-offset.009"]={cf=cfr(0,0,0,.503,-.861,.077,.62,.297,-.727,.603,.413,.683);es="Linear";ed="In";};["000-offset.012"]={cf=cfr(0,0,0,-.82,.191,-.539,-.328,-.929,.17,-.469,.316,.825);es="Linear";ed="In";};["000-offset.001"]={cf=cfr(0,0,0,.996,-.069,.062,.091,.587,-.805,.019,.807,.59);es="Linear";ed="In";};["000-offset.010"]={cf=cfr(0,0,0,.813,.583,0,-.583,.813,0,0,0,1);es="Linear";ed="In";};["000-offset.002"]={cf=cfr(0,0,0,.832,.539,-.13,-.28,.611,.741,.479,-.58,.659);es="Linear";ed="In";};["000-offset.011"]={cf=cfr(0,0,0,.387,-.92,-.066,.919,.391,-.061,.082,-.037,.996);es="Linear";ed="In";};["000-offset.014"]={cf=cfr(0,0,0,.159,-.987,-.026,.987,.16,-.023,.027,-.022,.999);es="Linear";ed="In";};["000-offset.003"]={cf=cfr(0,0,0,.17,-.911,-.376,-.211,.339,-.917,.963,.235,-.135);es="Linear";ed="In";};["000-offset.006"]={cf=cfr(0,0,0,.748,-.646,.154,.264,.503,.823,-.609,-.575,.547);es="Linear";ed="In";};["000-offset.004"]={cf=cfr(0,0,0,.697,-.717,0,.717,.697,0,0,0,1);es="Linear";ed="In";};["000-offset.007"]={cf=cfr(0,0,0,.618,-.786,0,.786,.618,0,0,0,1);es="Linear";ed="In";};};{tm=.375;["root"]={cf=cfr(-.197,5.823,-.663,0,0,1,0,1,0,-1,0,0);es="Linear";ed="In";};["000-offset"]={cf=cfr(0,0,0,.63,.676,.383,-.776,.54,.325,.013,-.502,.865);es="Linear";ed="In";};["000-offset.009"]={cf=cfr(0,0,0,.4,-.892,.208,.668,.128,-.733,.628,.433,.647);es="Linear";ed="In";};["000-offset.012"]={cf=cfr(0,0,0,-.824,.259,-.504,-.379,-.913,.151,-.421,.315,.85);es="Linear";ed="In";};["000-offset.001"]={cf=cfr(0,0,0,1,-.023,.011,.023,.66,-.751,.01,.751,.66);es="Linear";ed="In";};["000-offset.010"]={cf=cfr(0,0,0,.709,.705,0,-.705,.709,0,0,0,1);es="Linear";ed="In";};["000-offset.013"]={cf=cfr(0,0,0,1,0,0,0,1,0,0,0,1);es="Linear";ed="In";};["000-offset.002"]={cf=cfr(0,0,0,.884,.427,-.19,-.209,.726,.656,.418,-.54,.731);es="Linear";ed="In";};["000-offset.011"]={cf=cfr(0,0,0,.251,-.967,-.039,.965,.253,-.064,.071,-.021,.997);es="Linear";ed="In";};["000-offset.014"]={cf=cfr(0,0,0,.136,-.99,-.034,.99,.136,-.025,.03,-.03,.999);es="Linear";ed="In";};["000-offset.003"]={cf=cfr(0,0,0,.194,-.922,-.336,-.214,.294,-.931,.957,.253,-.14);es="Linear";ed="In";};["000-offset.006"]={cf=cfr(0,0,0,.723,-.672,.157,.282,.496,.821,-.63,-.55,.549);es="Linear";ed="In";};["000-offset.004"]={cf=cfr(0,0,0,.655,-.756,0,.756,.655,0,0,0,1);es="Linear";ed="In";};["000-offset.007"]={cf=cfr(0,0,0,.566,-.824,0,.824,.566,0,0,0,1);es="Linear";ed="In";};};{tm=.417;["root"]={cf=cfr(-.183,5.499,-.606,0,0,1,0,1,0,-1,0,0);es="Linear";ed="In";};["000-offset"]={cf=cfr(0,0,0,.592,.714,.373,-.806,.533,.259,-.013,-.454,.891);es="Linear";ed="In";};["000-offset.009"]={cf=cfr(0,0,0,.282,-.896,.342,.711,-.044,-.702,.644,.441,.625);es="Linear";ed="In";};["000-offset.012"]={cf=cfr(0,0,0,-.839,.29,-.461,-.393,-.908,.145,-.376,.303,.876);es="Linear";ed="In";};["000-offset.001"]={cf=cfr(0,0,0,1,.022,-.023,-.032,.728,-.684,.002,.685,.729);es="Linear";ed="In";};["000-offset.010"]={cf=cfr(0,0,0,.595,.804,0,-.804,.595,0,0,0,1);es="Linear";ed="In";};["000-offset.013"]={cf=cfr(0,0,0,.998,.062,0,-.062,.998,0,0,0,1);es="Linear";ed="In";};["000-offset.002"]={cf=cfr(0,0,0,.922,.324,-.213,-.154,.81,.565,.356,-.488,.797);es="Linear";ed="In";};["000-offset.011"]={cf=cfr(0,0,0,.147,-.989,-.018,.987,.148,-.06,.062,-.009,.998);es="Linear";ed="In";};["000-offset.014"]={cf=cfr(0,0,0,.131,-.991,-.04,.991,.132,-.026,.031,-.036,.999);es="Linear";ed="In";};["000-offset.003"]={cf=cfr(0,0,0,.204,-.934,-.292,-.225,.245,-.943,.953,.258,-.16);es="Linear";ed="In";};["000-offset.006"]={cf=cfr(0,0,0,.709,-.689,.15,.263,.456,.85,-.655,-.563,.504);es="Linear";ed="In";};["000-offset.004"]={cf=cfr(0,0,0,.618,-.786,0,.786,.618,0,0,0,1);es="Linear";ed="In";};["000-offset.007"]={cf=cfr(0,0,0,.532,-.847,0,.847,.532,0,0,0,1);es="Linear";ed="In";};};{tm=.458;["root"]={cf=cfr(-.169,5.203,-.55,0,0,1,0,1,0,-1,0,0);es="Linear";ed="In";};["000-offset"]={cf=cfr(0,0,0,.549,.756,.356,-.835,.511,.203,-.028,-.409,.912);es="Linear";ed="In";};["000-offset.009"]={cf=cfr(0,0,0,.148,-.878,.456,.746,-.203,-.634,.649,.434,.625);es="Linear";ed="In";};["000-offset.012"]={cf=cfr(0,0,0,-.873,.263,-.412,-.349,-.925,.149,-.342,.273,.899);es="Linear";ed="In";};["000-offset.001"]={cf=cfr(0,0,0,.998,.052,-.036,-.063,.787,-.614,-.003,.615,.789);es="Linear";ed="In";};["000-offset.010"]={cf=cfr(0,0,0,.489,.872,0,-.872,.489,0,0,0,1);es="Linear";ed="In";};["000-offset.013"]={cf=cfr(0,0,0,.972,.236,0,-.236,.972,0,0,0,1);es="Linear";ed="In";};["000-offset.002"]={cf=cfr(0,0,0,.943,.263,-.202,-.136,.862,.487,.302,-.432,.85);es="Linear";ed="In";};["000-offset.011"]={cf=cfr(0,0,0,.106,-.994,-.006,.993,.107,-.053,.053,0,.999);es="Linear";ed="In";};["000-offset.014"]={cf=cfr(0,0,0,.156,-.987,-.042,.987,.157,-.026,.032,-.038,.999);es="Linear";ed="In";};["000-offset.003"]={cf=cfr(0,0,0,.188,-.951,-.244,-.248,.194,-.949,.95,.239,-.2);es="Linear";ed="In";};["000-offset.006"]={cf=cfr(0,0,0,.705,-.698,.128,.191,.36,.913,-.683,-.619,.387);es="Linear";ed="In";};["000-offset.004"]={cf=cfr(0,0,0,.595,-.803,0,.803,.595,0,0,0,1);es="Linear";ed="In";};["000-offset.007"]={cf=cfr(0,0,0,.531,-.847,0,.847,.531,0,0,0,1);es="Linear";ed="In";};};{tm=.5;["root"]={cf=cfr(-.155,4.893,-.479,0,0,1,0,1,0,-1,0,0);es="Linear";ed="In";};["000-offset"]={cf=cfr(0,0,0,.495,.803,.331,-.868,.472,.154,-.033,-.363,.931);es="Linear";ed="In";};["000-offset.009"]={cf=cfr(0,0,0,-.019,-.836,.549,.765,-.366,-.53,.644,.41,.646);es="Linear";ed="In";};["000-offset.012"]={cf=cfr(0,0,0,-.921,.164,-.353,-.23,-.961,.154,-.314,.223,.923);es="Linear";ed="In";};["000-offset.001"]={cf=cfr(0,0,0,.997,.066,-.034,-.074,.843,-.532,-.007,.533,.846);es="Linear";ed="In";};["000-offset.010"]={cf=cfr(0,0,0,.387,.922,0,-.922,.387,0,0,0,1);es="Linear";ed="In";};["000-offset.013"]={cf=cfr(0,0,0,.449,.893,0,-.893,.449,0,0,0,1);es="Linear";ed="In";};["000-offset.002"]={cf=cfr(0,0,0,.955,.247,-.167,-.16,.896,.414,.251,-.368,.895);es="Linear";ed="In";};["000-offset.011"]={cf=cfr(0,0,0,.131,-.991,-.002,.99,.131,-.046,.046,.004,.999);es="Linear";ed="In";};["000-offset.014"]={cf=cfr(0,0,0,.216,-.976,-.041,.976,.217,-.023,.031,-.035,.999);es="Linear";ed="In";};["000-offset.003"]={cf=cfr(0,0,0,.137,-.974,-.182,-.28,.139,-.95,.95,.181,-.254);es="Linear";ed="In";};["000-offset.006"]={cf=cfr(0,0,0,.693,-.716,.091,.059,.182,.981,-.719,-.674,.169);es="Linear";ed="In";};["000-offset.004"]={cf=cfr(0,0,0,.586,-.81,0,.81,.586,0,0,0,1);es="Linear";ed="In";};["000-offset.007"]={cf=cfr(0,0,0,.566,-.824,0,.824,.566,0,0,0,1);es="Linear";ed="In";};};{tm=.542;["root"]={cf=cfr(-.127,4.526,-.409,0,0,1,0,1,0,-1,0,0);es="Linear";ed="In";};["000-offset"]={cf=cfr(0,0,0,.426,.856,.293,-.904,.415,.104,-.033,-.309,.951);es="Linear";ed="In";};["000-offset.009"]={cf=cfr(0,0,0,-.227,-.752,.619,.743,-.545,-.39,.63,.371,.682);es="Linear";ed="In";};["000-offset.012"]={cf=cfr(0,0,0,-.957,.004,-.291,-.048,-.988,.145,-.287,.153,.946);es="Linear";ed="In";};["000-offset.001"]={cf=cfr(0,0,0,.997,.072,-.024,-.075,.901,-.428,-.01,.429,.903);es="Linear";ed="In";};["000-offset.010"]={cf=cfr(0,0,0,.274,.962,0,-.962,.274,0,0,0,1);es="Linear";ed="In";};["000-offset.013"]={cf=cfr(0,0,0,-.296,.955,0,-.955,-.296,0,0,0,1);es="Linear";ed="In";};["000-offset.002"]={cf=cfr(0,0,0,.958,.26,-.119,-.21,.922,.326,.195,-.288,.938);es="Linear";ed="In";};["000-offset.011"]={cf=cfr(0,0,0,.194,-.981,-.001,.98,.194,-.039,.038,.006,.999);es="Linear";ed="In";};["000-offset.014"]={cf=cfr(0,0,0,.299,-.953,-.038,.954,.3,-.019,.03,-.03,.999);es="Linear";ed="In";};["000-offset.003"]={cf=cfr(0,0,0,.054,-.993,-.1,-.304,.079,-.949,.951,.082,-.298);es="Linear";ed="In";};["000-offset.006"]={cf=cfr(0,0,0,.641,-.767,.023,-.107,-.06,.992,-.76,-.638,-.12);es="Linear";ed="In";};["000-offset.004"]={cf=cfr(0,0,0,.583,-.813,0,.813,.583,0,0,0,1);es="Linear";ed="In";};["000-offset.007"]={cf=cfr(0,0,0,.622,-.783,0,.783,.622,0,0,0,1);es="Linear";ed="In";};};{tm=.583;["root"]={cf=cfr(-.099,4.117,-.338,0,0,1,0,1,0,-1,0,0);es="Linear";ed="In";};["000-offset"]={cf=cfr(0,0,0,.347,.906,.244,-.937,.343,.06,-.03,-.25,.968);es="Linear";ed="In";};["000-offset.009"]={cf=cfr(0,0,0,-.447,-.619,.646,.655,-.718,-.235,.609,.319,.726);es="Linear";ed="In";};["000-offset.012"]={cf=cfr(0,0,0,-.949,-.201,-.241,.177,-.977,.118,-.259,.07,.963);es="Linear";ed="In";};["000-offset.001"]={cf=cfr(0,0,0,.998,.068,-.009,-.068,.949,-.307,-.012,.307,.952);es="Linear";ed="In";};["000-offset.010"]={cf=cfr(0,0,0,.155,.988,0,-.988,.155,0,0,0,1);es="Linear";ed="In";};["000-offset.013"]={cf=cfr(0,0,0,-.249,.968,0,-.968,-.249,0,0,0,1);es="Linear";ed="In";};["000-offset.002"]={cf=cfr(0,0,0,.951,.301,-.071,-.279,.933,.226,.135,-.195,.971);es="Linear";ed="In";};["000-offset.011"]={cf=cfr(0,0,0,.283,-.959,-.002,.959,.282,-.031,.03,.007,1);es="Linear";ed="In";};["000-offset.014"]={cf=cfr(0,0,0,.397,-.917,-.033,.917,.398,-.016,.027,-.024,.999);es="Linear";ed="In";};["000-offset.003"]={cf=cfr(0,0,0,-.046,-.999,-.004,-.3,.018,-.954,.953,-.043,-.3);es="Linear";ed="In";};["000-offset.006"]={cf=cfr(0,0,0,.533,-.838,-.116,-.266,-.296,.917,-.803,-.458,-.381);es="Linear";ed="In";};["000-offset.004"]={cf=cfr(0,0,0,.585,-.811,0,.811,.585,0,0,0,1);es="Linear";ed="In";};["000-offset.007"]={cf=cfr(0,0,0,.69,-.724,0,.724,.69,0,0,0,1);es="Linear";ed="In";};};{tm=.625;["root"]={cf=cfr(-.07,3.694,-.254,0,0,1,0,1,0,-1,0,0);es="Linear";ed="In";};["000-offset"]={cf=cfr(0,0,0,.262,.946,.189,-.965,.262,.026,-.025,-.189,.982);es="Linear";ed="In";};["000-offset.009"]={cf=cfr(0,0,0,-.64,-.438,.631,.499,-.862,-.092,.584,.256,.77);es="Linear";ed="In";};["000-offset.012"]={cf=cfr(0,0,0,-.881,-.42,-.22,.412,-.907,.08,-.233,-.02,.972);es="Linear";ed="In";};["000-offset.001"]={cf=cfr(0,0,0,.998,.057,.004,-.055,.982,-.178,-.014,.178,.984);es="Linear";ed="In";};["000-offset.010"]={cf=cfr(0,0,0,.038,.999,0,-.999,.038,0,0,0,1);es="Linear";ed="In";};["000-offset.013"]={cf=cfr(0,0,0,-.072,.997,0,-.997,-.072,0,0,0,1);es="Linear";ed="In";};["000-offset.002"]={cf=cfr(0,0,0,.931,.363,-.035,-.357,.927,.119,.075,-.098,.992);es="Linear";ed="In";};["000-offset.011"]={cf=cfr(0,0,0,.384,-.923,-.003,.923,.384,-.023,.022,.006,1);es="Linear";ed="In";};["000-offset.014"]={cf=cfr(0,0,0,.498,-.867,-.026,.867,.499,-.014,.025,-.016,1);es="Linear";ed="In";};["000-offset.003"]={cf=cfr(0,0,0,-.144,-.986,.089,-.258,-.049,-.965,.955,-.162,-.247);es="Linear";ed="In";};["000-offset.006"]={cf=cfr(0,0,0,.381,-.862,-.334,-.378,-.475,.795,-.844,-.177,-.507);es="Linear";ed="In";};["000-offset.004"]={cf=cfr(0,0,0,.591,-.807,0,.807,.591,0,0,0,1);es="Linear";ed="In";};["000-offset.007"]={cf=cfr(0,0,0,.759,-.651,0,.651,.759,0,0,0,1);es="Linear";ed="In";};};{tm=.667;["root"]={cf=cfr(-.056,3.299,-.169,0,0,1,0,1,0,-1,0,0);es="Linear";ed="In";};["000-offset"]={cf=cfr(0,0,0,.179,.975,.132,-.984,.18,.006,-.018,-.131,.991);es="Linear";ed="In";};["000-offset.009"]={cf=cfr(0,0,0,-.777,-.228,.587,.294,-.956,.017,.557,.186,.809);es="Linear";ed="In";};["000-offset.012"]={cf=cfr(0,0,0,-.753,-.615,-.232,.623,-.781,.047,-.21,-.109,.972);es="Linear";ed="In";};["000-offset.001"]={cf=cfr(0,0,0,.999,.04,.014,-.039,.998,-.051,-.016,.051,.999);es="Linear";ed="In";};["000-offset.010"]={cf=cfr(0,0,0,-.07,.998,0,-.998,-.07,0,0,0,1);es="Linear";ed="In";};["000-offset.013"]={cf=cfr(0,0,0,.188,.982,0,-.982,.188,0,0,0,1);es="Linear";ed="In";};["000-offset.002"]={cf=cfr(0,0,0,.9,.435,-.016,-.435,.9,.012,.019,-.004,1);es="Linear";ed="In";};["000-offset.011"]={cf=cfr(0,0,0,.486,-.874,-.003,.874,.486,-.016,.015,.005,1);es="Linear";ed="In";};["000-offset.014"]={cf=cfr(0,0,0,.593,-.805,-.019,.805,.593,-.013,.022,-.008,1);es="Linear";ed="In";};["000-offset.003"]={cf=cfr(0,0,0,-.219,-.962,.166,-.187,-.125,-.974,.958,-.244,-.152);es="Linear";ed="In";};["000-offset.006"]={cf=cfr(0,0,0,.218,-.792,-.57,-.425,-.603,.675,-.879,.095,-.468);es="Linear";ed="In";};["000-offset.004"]={cf=cfr(0,0,0,.599,-.801,0,.801,.599,0,0,0,1);es="Linear";ed="In";};["000-offset.007"]={cf=cfr(0,0,0,.822,-.57,0,.57,.822,0,0,0,1);es="Linear";ed="In";};};{tm=.708;["root"]={cf=cfr(-.028,2.947,-.099,0,0,1,0,1,0,-1,0,0);es="Linear";ed="In";};["000-offset"]={cf=cfr(0,0,0,.103,.991,.08,-.995,.103,-.004,-.012,-.079,.997);es="Linear";ed="In";};["000-offset.009"]={cf=cfr(0,0,0,-.844,-.019,.536,.079,-.993,.088,.531,.117,.84);es="Linear";ed="In";};["000-offset.012"]={cf=cfr(0,0,0,-.593,-.76,-.267,.783,-.622,.032,-.19,-.19,.963);es="Linear";ed="In";};["000-offset.001"]={cf=cfr(0,0,0,1,.022,.018,-.023,.998,.063,-.017,-.063,.998);es="Linear";ed="In";};["000-offset.010"]={cf=cfr(0,0,0,-.163,.987,0,-.987,-.163,0,0,0,1);es="Linear";ed="In";};["000-offset.013"]={cf=cfr(0,0,0,.462,.887,0,-.887,.462,0,0,0,1);es="Linear";ed="In";};["000-offset.002"]={cf=cfr(0,0,0,.862,.506,-.015,-.505,.859,-.084,-.029,.08,.996);es="Linear";ed="In";};["000-offset.011"]={cf=cfr(0,0,0,.577,-.817,-.003,.817,.577,-.009,.009,.003,1);es="Linear";ed="In";};["000-offset.014"]={cf=cfr(0,0,0,.673,-.74,-.013,.74,.673,-.015,.02,0,1);es="Linear";ed="In";};["000-offset.003"]={cf=cfr(0,0,0,-.259,-.94,.224,-.104,-.203,-.974,.96,-.276,-.045);es="Linear";ed="In";};["000-offset.006"]={cf=cfr(0,0,0,.078,-.653,-.753,-.415,-.708,.571,-.906,.268,-.326);es="Linear";ed="In";};["000-offset.004"]={cf=cfr(0,0,0,.607,-.794,0,.794,.607,0,0,0,1);es="Linear";ed="In";};["000-offset.007"]={cf=cfr(0,0,0,.872,-.489,0,.489,.872,0,0,0,1);es="Linear";ed="In";};};{tm=.75;["root"]={cf=cfr(-.014,2.651,-.042,0,0,1,0,1,0,-1,0,0);es="Linear";ed="In";};["000-offset"]={cf=cfr(0,0,0,.041,.998,.038,-.999,.041,-.004,-.006,-.038,.999);es="Linear";ed="In";};["000-offset.009"]={cf=cfr(0,0,0,-.855,.157,.495,-.107,-.986,.128,.508,.057,.859);es="Linear";ed="In";};["000-offset.012"]={cf=cfr(0,0,0,-.435,-.847,-.307,.883,-.467,.036,-.174,-.255,.951);es="Linear";ed="In";};["000-offset.001"]={cf=cfr(0,0,0,1,.005,.019,-.008,.988,.154,-.018,-.155,.988);es="Linear";ed="In";};["000-offset.010"]={cf=cfr(0,0,0,-.235,.972,0,-.972,-.235,0,0,0,1);es="Linear";ed="In";};["000-offset.013"]={cf=cfr(0,0,0,.682,.731,0,-.731,.682,0,0,0,1);es="Linear";ed="In";};["000-offset.002"]={cf=cfr(0,0,0,.825,.564,-.027,-.561,.813,-.159,-.068,.146,.987);es="Linear";ed="In";};["000-offset.011"]={cf=cfr(0,0,0,.649,-.761,-.001,.761,.649,-.004,.004,.002,1);es="Linear";ed="In";};["000-offset.014"]={cf=cfr(0,0,0,.733,-.68,-.009,.68,.733,-.017,.018,.006,1);es="Linear";ed="In";};["000-offset.003"]={cf=cfr(0,0,0,-.27,-.925,.266,-.032,-.268,-.963,.962,-.269,.043);es="Linear";ed="In";};["000-offset.006"]={cf=cfr(0,0,0,-.019,-.506,-.862,-.376,-.795,.475,-.926,.334,-.175);es="Linear";ed="In";};["000-offset.004"]={cf=cfr(0,0,0,.615,-.788,0,.788,.615,0,0,0,1);es="Linear";ed="In";};["000-offset.007"]={cf=cfr(0,0,0,.908,-.419,0,.419,.908,0,0,0,1);es="Linear";ed="In";};};{tm=.792;["root"]={cf=cfr(0,2.467,0,0,0,1,0,1,0,-1,0,0);es="Linear";ed="In";};["000-offset"]={cf=cfr(0,0,0,0,1,.01,-1,0,-.002,-.002,-.01,1);es="Linear";ed="In";};["000-offset.009"]={cf=cfr(0,0,0,-.839,.274,.47,-.232,-.962,.147,.492,.015,.87);es="Linear";ed="In";};["000-offset.012"]={cf=cfr(0,0,0,-.318,-.886,-.337,.934,-.354,.05,-.164,-.299,.94);es="Linear";ed="In";};["000-offset.001"]={cf=cfr(0,0,0,1,-.006,.017,.002,.977,.215,-.018,-.215,.977);es="Linear";ed="In";};["000-offset.010"]={cf=cfr(0,0,0,-.281,.96,0,-.96,-.281,0,0,0,1);es="Linear";ed="In";};["000-offset.013"]={cf=cfr(0,0,0,.813,.582,0,-.582,.813,0,0,0,1);es="Linear";ed="In";};["000-offset.002"]={cf=cfr(0,0,0,.797,.603,-.041,-.597,.775,-.207,-.093,.189,.977);es="Linear";ed="In";};["000-offset.011"]={cf=cfr(0,0,0,.695,-.719,0,.719,.695,-.001,.001,0,1);es="Linear";ed="In";};["000-offset.014"]={cf=cfr(0,0,0,.771,-.637,-.006,.637,.771,-.019,.016,.011,1);es="Linear";ed="In";};["000-offset.003"]={cf=cfr(0,0,0,-.267,-.918,.295,.017,-.31,-.95,.964,-.249,.098);es="Linear";ed="In";};["000-offset.006"]={cf=cfr(0,0,0,-.073,-.399,-.914,-.338,-.852,.399,-.938,.338,-.073);es="Linear";ed="In";};["000-offset.004"]={cf=cfr(0,0,0,.621,-.784,0,.784,.621,0,0,0,1);es="Linear";ed="In";};["000-offset.007"]={cf=cfr(0,0,0,.929,-.369,0,.369,.929,0,0,0,1);es="Linear";ed="In";};};{tm=.833;["RootNode"]={cf=cfr(0,0,0,-1,0,0,0,1,0,0,0,-1);es="Linear";ed="In";};["root"]={cf=cfr(0,2.397,0,0,0,1,0,1,0,-1,0,0);es="Linear";ed="In";};["000-offset"]={cf=cfr(0,0,0,-.015,1,0,-1,-.015,0,0,0,1);es="Linear";ed="In";};["004-offset.001"]={cf=cfr(0,0,0,-.015,-1,0,1,-.015,0,0,0,1);es="Linear";ed="In";};["006-offset"]={cf=cfr(0,0,0,-.015,-1,0,1,-.015,0,0,0,1);es="Linear";ed="In";};["000-offset.009"]={cf=cfr(0,0,0,-.829,.316,.462,-.277,-.949,.153,.486,-.001,.874);es="Linear";ed="In";};["000-offset.012"]={cf=cfr(0,0,0,-.274,-.897,-.348,.948,-.312,.058,-.161,-.315,.936);es="Linear";ed="In";};["000-offset.001"]={cf=cfr(0,0,0,1,-.01,.016,.006,.972,.237,-.018,-.237,.971);es="Linear";ed="In";};["000-offset.010"]={cf=cfr(0,0,0,-.298,.955,0,-.955,-.298,0,0,0,1);es="Linear";ed="In";};["000-offset.013"]={cf=cfr(0,0,0,.856,.517,0,-.517,.856,0,0,0,1);es="Linear";ed="In";};["004-offset"]={cf=cfr(0,0,0,.035,-.999,0,.999,.035,0,0,0,1);es="Linear";ed="In";};["002-offset"]={cf=cfr(0,0,0,.035,-.999,0,.999,.035,0,0,0,1);es="Linear";ed="In";};["000-offset.002"]={cf=cfr(0,0,0,.786,.617,-.047,-.61,.76,-.224,-.103,.205,.973);es="Linear";ed="In";};["000-offset.011"]={cf=cfr(0,0,0,.711,-.703,0,.703,.711,0,0,0,1);es="Linear";ed="In";};["000-offset.014"]={cf=cfr(0,0,0,.784,-.62,-.005,.62,.784,-.019,.016,.012,1);es="Linear";ed="In";};["000-offset.006"]={cf=cfr(0,0,0,-.089,-.36,-.929,-.322,-.872,.369,-.943,.332,-.038);es="Linear";ed="In";};["000-offset.003"]={cf=cfr(0,0,0,-.263,-.915,.306,.034,-.325,-.945,.964,-.238,.117);es="Linear";ed="In";};["000-offset.007"]={cf=cfr(0,0,0,.937,-.35,0,.35,.937,0,0,0,1);es="Linear";ed="In";};["000-offset.004"]={cf=cfr(0,0,0,.623,-.782,0,.782,.623,0,0,0,1);es="Linear";ed="In";};["000-offset.008"]={cf=cfr(0,0,0,.966,-.26,0,.26,.966,0,0,0,1);es="Linear";ed="In";};["000-offset.005"]={cf=cfr(0,0,0,.888,-.438,-.143,.432,.899,-.07,.159,0,.987);es="Linear";ed="In";};};}