local cfr = CFrame.new

return {{tm=0;["Head"]={cf=cfr(0,0,0,.94,-.262,-.22,.337,.597,.728,-.059,-.758,.65);es="Linear";ed="In";};["LeftUpperArm"]={cf=cfr(0,-.196,-.035,.787,.453,-.418,-.615,.627,-.478,.046,.634,.772);es="Linear";ed="In";};["RightUpperArm"]={cf=cfr(0,-.161,-.028,.863,-.296,.41,.43,.005,-.903,.265,.955,.132);es="Linear";ed="In";};["LeftUpperLeg"]={cf=cfr(.095,0,0,.848,.493,.194,.147,.134,-.98,-.509,.86,.041);es="Linear";ed="In";};["RightUpperLeg"]={cf=cfr(0,.062,-.023,.766,-.557,-.321,.22,.697,-.683,.604,.452,.656);es="Linear";ed="In";};["UpperTorso"]={cf=cfr(0,0,0,1,0,0,0,.866,.5,0,-.5,.866);es="Linear";ed="In";};["LeftLowerLeg"]={cf=cfr(0,0,0,1,0,0,0,.643,.766,0,-.766,.643);es="Linear";ed="In";};["RightLowerLeg"]={cf=cfr(0,0,0,1,0,0,0,.866,.5,0,-.5,.866);es="Linear";ed="In";};["LeftLowerArm"]={cf=cfr(0,0,0,1,0,0,0,.866,-.5,0,.5,.866);es="Linear";ed="In";};["LowerTorso"]={cf=cfr(0,-.462,.702,1,0,0,0,.94,-.342,0,.342,.94);es="Linear";ed="In";};["RightLowerArm"]={cf=cfr(0,0,0,1,0,0,0,.766,-.643,0,.643,.766);es="Linear";ed="In";};};{tm=.05;["LeftUpperArm"]={cf=cfr(0,-.196,-.035,.656,.717,-.234,-.746,.663,-.061,.112,.215,.97);es="Linear";ed="In";};["Head"]={cf=cfr(0,0,0,.912,-.409,-.025,.41,.912,.023,.014,-.031,.999);es="Linear";ed="In";};["RightUpperArm"]={cf=cfr(0,-.161,-.028,.568,-.81,.15,.692,.37,-.62,.446,.455,.77);es="Linear";ed="In";};["LeftUpperLeg"]={cf=cfr(0,0,0,.885,.42,.201,-.018,.461,-.887,-.465,.782,.415);es="Linear";ed="In";};["RightUpperLeg"]={cf=cfr(0,-.157,.057,.767,-.51,-.389,.19,.76,-.622,.612,.404,.68);es="Linear";ed="In";};["UpperTorso"]={cf=cfr(0,0,0,1,0,0,0,.966,.259,0,-.259,.966);es="Linear";ed="In";};["LowerTorso"]={cf=cfr(0,-.462,.702,1,0,0,0,.906,-.423,0,.423,.906);es="Linear";ed="In";};};{tm=.133;["LeftUpperArm"]={cf=cfr(0,-.196,-.035,.643,.754,-.133,-.766,.633,-.112,0,.174,.985);es="Linear";ed="In";};["Head"]={cf=cfr(0,0,0,.912,-.33,.244,.41,.713,-.569,.014,.618,.786);es="Linear";ed="In";};["RightUpperArm"]={cf=cfr(0,-.161,-.028,.196,-.861,.47,.693,-.218,-.688,.694,.46,.553);es="Linear";ed="In";};["LeftUpperLeg"]={cf=cfr(0,0,0,.92,.198,.337,.25,.365,-.897,-.301,.91,.287);es="Linear";ed="In";};["RightUpperLeg"]={cf=cfr(0,-.157,.057,.866,-.453,-.211,.129,.611,-.781,.483,.649,.588);es="Linear";ed="In";};["UpperTorso"]={cf=cfr(0,0,0,1,0,0,0,.996,.087,0,-.087,.996);es="Linear";ed="In";};["LowerTorso"]={cf=cfr(0,-.963,.528,1,0,0,0,.707,-.707,0,.707,.707);es="Linear";ed="In";};};{tm=.25;["LeftLowerArm"]={cf=cfr(0,0,0,1,0,0,0,.985,-.174,0,.174,.985);es="Linear";ed="In";};["LeftUpperLeg"]={cf=cfr(0,0,0,.852,.344,.394,.475,-.193,-.859,-.219,.919,-.327);es="Linear";ed="In";};["RightUpperLeg"]={cf=cfr(0,-.157,.057,.648,-.703,-.294,-.475,-.07,-.877,.596,.708,-.379);es="Linear";ed="In";};["LowerTorso"]={cf=cfr(0,-1.568,.483,1,0,0,0,.259,-.966,0,.966,.259);es="Linear";ed="In";};["Head"]={cf=cfr(0,0,0,.87,-.478,.117,.485,.874,-.035,-.085,.087,.993);es="Linear";ed="In";};["RightLowerArm"]={cf=cfr(0,0,0,1,0,0,0,.94,-.342,0,.342,.94);es="Linear";ed="In";};};{tm=.333;["Head"]={cf=cfr(0,0,0,.942,-.251,.223,.273,.959,-.075,-.195,.131,.972);es="Linear";ed="In";};["RightUpperArm"]={cf=cfr(-.136,-.102,.126,.849,-.482,.216,.449,.874,.185,-.278,-.06,.959);es="Linear";ed="In";};["LeftUpperArm"]={cf=cfr(.043,-.052,.009,.911,.349,-.219,-.314,.933,.178,.266,-.094,.959);es="Linear";ed="In";};["LeftUpperLeg"]={cf=cfr(0,0,0,.84,.469,.274,-.234,.768,-.596,-.49,.436,.755);es="Linear";ed="In";};["RightUpperLeg"]={cf=cfr(0,-.157,.057,.714,-.682,-.157,.39,.574,-.72,.582,.453,.676);es="Linear";ed="In";};["UpperTorso"]={cf=cfr(0,0,0,1,0,0,0,.985,-.174,0,.174,.985);es="Linear";ed="In";};["LowerTorso"]={cf=cfr(0,-1.82,.481,1,0,0,0,-.044,-.999,0,.999,-.044);es="Linear";ed="In";};["RightLowerLeg"]={cf=cfr(0,0,0,1,0,0,0,.707,.707,0,-.707,.707);es="Linear";ed="In";};};{tm=.417;["LeftUpperArm"]={cf=cfr(0,0,0,.951,.151,-.269,-.145,.989,.043,.272,-.002,.962);es="Linear";ed="In";};["Head"]={cf=cfr(0,0,0,.947,-.25,.2,.149,.897,.417,-.284,-.365,.887);es="Linear";ed="In";};["RightUpperArm"]={cf=cfr(0,0,0,.951,-.151,.269,.145,.989,.043,-.272,-.002,.962);es="Linear";ed="In";};["LeftUpperLeg"]={cf=cfr(0,0,0,.915,.294,.275,-.079,.8,-.595,-.395,.523,.755);es="Linear";ed="In";};["RightUpperLeg"]={cf=cfr(0,-.157,.057,.766,-.576,-.285,.31,.72,-.62,.562,.387,.731);es="Linear";ed="In";};["UpperTorso"]={cf=cfr(0,0,0,1,0,0,0,.966,-.259,0,.259,.966);es="Linear";ed="In";};["LowerTorso"]={cf=cfr(0,-1.19,.483,1,0,0,0,.174,-.985,0,.985,.174);es="Quad";ed="Out";};};{tm=.433;["LowerTorso"]={cf=cfr(0,-.841,.479,1,0,0,0,.092,-.996,0,.996,.092);es="Linear";ed="In";};};{tm=.45;["LowerTorso"]={cf=cfr(0,-.529,.477,1,0,0,0,.017,-1,0,1,.017);es="Linear";ed="In";};};{tm=.467;["LowerTorso"]={cf=cfr(0,-.254,.477,1,0,0,0,-.048,-.999,0,.999,-.048);es="Linear";ed="In";};};{tm=.483;["LowerTorso"]={cf=cfr(0,-.016,.477,1,0,0,0,-.105,-.995,0,.995,-.105);es="Linear";ed="In";};};{tm=.5;["LowerTorso"]={cf=cfr(0,.186,.478,1,0,0,0,-.152,-.988,0,.988,-.152);es="Linear";ed="In";};};{tm=.517;["LowerTorso"]={cf=cfr(0,.351,.48,1,0,0,0,-.191,-.982,0,.982,-.191);es="Linear";ed="In";};};{tm=.533;["LowerTorso"]={cf=cfr(0,.479,.481,1,0,0,0,-.221,-.975,0,.975,-.221);es="Linear";ed="In";};};{tm=.55;["LowerTorso"]={cf=cfr(0,.571,.482,1,0,0,0,-.242,-.97,0,.97,-.242);es="Linear";ed="In";};};{tm=.567;["LowerTorso"]={cf=cfr(0,.626,.482,1,0,0,0,-.255,-.967,0,.967,-.255);es="Linear";ed="In";};};{tm=.583;["LeftUpperArm"]={cf=cfr(0,0,0,.951,.307,.034,-.145,.347,.927,.272,-.886,.374);es="Linear";ed="In";};["Head"]={cf=cfr(0,0,0,.985,-.168,-.045,.157,.972,-.177,.073,.167,.983);es="Linear";ed="In";};["RightUpperArm"]={cf=cfr(0,0,0,.951,-.307,-.034,.145,.347,.927,-.272,-.886,.374);es="Linear";ed="In";};["LeftUpperLeg"]={cf=cfr(0,0,0,.99,.112,.084,-.123,.419,.9,.066,-.901,.429);es="Linear";ed="In";};["RightUpperLeg"]={cf=cfr(0,-.157,.057,.766,-.576,-.285,.635,.61,.475,-.099,-.545,.833);es="Linear";ed="In";};["UpperTorso"]={cf=cfr(0,0,0,1,0,0,0,.985,-.174,0,.174,.985);es="Linear";ed="In";};["LowerTorso"]={cf=cfr(0,.644,.483,1,0,0,0,-.259,-.966,0,.966,-.259);es="Linear";ed="In";};};{tm=.667;["LeftUpperArm"]={cf=cfr(0,0,0,.816,.503,.286,-.437,.213,.874,.379,-.838,.393);es="Linear";ed="In";};["Head"]={cf=cfr(0,0,0,.985,-.168,-.045,.171,.982,.083,.03,-.09,.996);es="Linear";ed="In";};["RightUpperArm"]={cf=cfr(0,0,0,.86,-.459,-.225,.369,.252,.895,-.354,-.852,.386);es="Linear";ed="In";};["LeftUpperLeg"]={cf=cfr(0,0,0,.99,.112,.084,-.14,.76,.634,.007,-.64,.769);es="Linear";ed="In";};["RightUpperLeg"]={cf=cfr(0,-.157,.057,.766,-.576,-.285,.577,.812,-.089,.283,-.096,.954);es="Linear";ed="In";};["UpperTorso"]={cf=cfr(0,0,0,1,0,0,0,.985,.174,0,-.174,.985);es="Linear";ed="In";};["LowerTorso"]={cf=cfr(0,.568,.599,1,0,0,0,-.259,-.966,0,.966,-.259);es="Quad";ed="In";};};{tm=.683;["LowerTorso"]={cf=cfr(0,.555,.598,1,0,0,0,-.26,-.966,0,.966,-.26);es="Linear";ed="In";};};{tm=.7;["LowerTorso"]={cf=cfr(0,.516,.597,1,0,0,0,-.263,-.965,0,.965,-.263);es="Linear";ed="In";};};{tm=.717;["LowerTorso"]={cf=cfr(0,.45,.595,1,0,0,0,-.268,-.963,0,.963,-.268);es="Linear";ed="In";};};{tm=.733;["LowerTorso"]={cf=cfr(0,.358,.592,1,0,0,0,-.275,-.962,0,.962,-.275);es="Linear";ed="In";};};{tm=.75;["LowerTorso"]={cf=cfr(0,.24,.589,1,0,0,0,-.284,-.959,0,.959,-.284);es="Linear";ed="In";};};{tm=.767;["LowerTorso"]={cf=cfr(0,.096,.584,1,0,0,0,-.295,-.956,0,.956,-.295);es="Linear";ed="In";};};{tm=.783;["LowerTorso"]={cf=cfr(0,-.075,.579,1,0,0,0,-.307,-.952,0,.952,-.307);es="Linear";ed="In";};};{tm=.8;["LowerTorso"]={cf=cfr(0,-.272,.574,1,0,0,0,-.322,-.947,0,.947,-.322);es="Linear";ed="In";};};{tm=.817;["LowerTorso"]={cf=cfr(0,-.495,.567,1,0,0,0,-.339,-.941,0,.941,-.339);es="Linear";ed="In";};};{tm=.833;["LowerTorso"]={cf=cfr(0,-.744,.56,1,0,0,0,-.357,-.934,0,.934,-.357);es="Linear";ed="In";};};{tm=.85;["LowerTorso"]={cf=cfr(0,-1.02,.552,1,0,0,0,-.377,-.926,0,.926,-.377);es="Linear";ed="In";};};{tm=.867;["LowerTorso"]={cf=cfr(0,-1.322,.544,1,0,0,0,-.399,-.917,0,.917,-.399);es="Linear";ed="In";};};{tm=.883;["Head"]={cf=cfr(0,0,0,.985,-.168,-.045,.168,.852,.496,-.045,-.496,.867);es="Linear";ed="In";};["LeftUpperArm"]={cf=cfr(0,0,0,.583,.423,-.694,-.272,.906,.324,.766,0,.643);es="Linear";ed="In";};["RightUpperArm"]={cf=cfr(0,0,0,.74,-.259,.621,.198,.966,.166,-.643,0,.766);es="Linear";ed="In";};["LeftUpperLeg"]={cf=cfr(0,0,0,.989,.145,.015,-.143,.986,-.089,-.027,.086,.996);es="Linear";ed="In";};["RightUpperLeg"]={cf=cfr(0,-.157,.057,.766,-.576,-.285,.445,.796,-.41,.463,.187,.866);es="Linear";ed="In";};["UpperTorso"]={cf=cfr(0,0,0,1,0,0,0,.819,.574,0,-.574,.819);es="Linear";ed="In";};["LeftLowerLeg"]={cf=cfr(0,0,0,1,0,0,0,.996,.087,0,-.087,.996);es="Linear";ed="In";};["RightLowerLeg"]={cf=cfr(0,0,0,1,0,0,0,.985,.174,0,-.174,.985);es="Linear";ed="In";};["LeftLowerArm"]={cf=cfr(0,.004,.001,1,0,0,0,-.115,-.993,0,.993,-.115);es="Linear";ed="In";};["LowerTorso"]={cf=cfr(0,-1.651,.535,1,0,0,0,-.423,-.906,0,.906,-.423);es="Quad";ed="Out";};["RightLowerArm"]={cf=cfr(0,.01,.007,1,0,0,0,-.027,-1,0,1,-.027);es="Linear";ed="In";};};{tm=.9;["LowerTorso"]={cf=cfr(0,-1.467,.534,1,0,0,0,-.384,-.923,0,.923,-.384);es="Linear";ed="In";};};{tm=.917;["LowerTorso"]={cf=cfr(0,-1.3,.533,1,0,0,0,-.349,-.937,0,.937,-.349);es="Linear";ed="In";};};{tm=.933;["LowerTorso"]={cf=cfr(0,-1.149,.533,1,0,0,0,-.316,-.949,0,.949,-.316);es="Linear";ed="In";};};{tm=.95;["LowerTorso"]={cf=cfr(0,-1.014,.533,1,0,0,0,-.287,-.958,0,.958,-.287);es="Linear";ed="In";};["Head"]={cf=cfr(0,0,0,.985,-.168,-.045,.173,.925,.338,-.015,-.341,.94);es="Linear";ed="In";};["RightUpperLeg"]={cf=cfr(0,-.157,.057,.828,-.547,-.125,.552,.834,.007,.1,-.074,.992);es="Linear";ed="In";};["UpperTorso"]={cf=cfr(0,0,0,1,0,0,0,.866,.5,0,-.5,.866);es="Linear";ed="In";};["LeftUpperLeg"]={cf=cfr(0,0,0,.967,.172,.185,-.203,.965,.166,-.15,-.198,.969);es="Linear";ed="In";};};{tm=.967;["LowerTorso"]={cf=cfr(0,-.895,.533,1,0,0,0,-.261,-.965,0,.965,-.261);es="Linear";ed="In";};};{tm=.983;["LowerTorso"]={cf=cfr(0,-.792,.533,1,0,0,0,-.238,-.971,0,.971,-.238);es="Linear";ed="In";};};{tm=1;["LowerTorso"]={cf=cfr(0,-.704,.534,1,0,0,0,-.218,-.976,0,.976,-.218);es="Linear";ed="In";};};{tm=1.017;["LowerTorso"]={cf=cfr(0,-.633,.534,1,0,0,0,-.202,-.979,0,.979,-.202);es="Linear";ed="In";};};{tm=1.033;["LowerTorso"]={cf=cfr(0,-.577,.534,1,0,0,0,-.19,-.982,0,.982,-.19);es="Linear";ed="In";};};{tm=1.05;["LowerTorso"]={cf=cfr(0,-.537,.534,1,0,0,0,-.181,-.984,0,.984,-.181);es="Linear";ed="In";};};{tm=1.067;["LowerTorso"]={cf=cfr(0,-.514,.535,1,0,0,0,-.175,-.984,0,.984,-.175);es="Linear";ed="In";};};{tm=1.083;["RightLowerLeg"]={cf=cfr(0,0,0,1,0,0,0,.766,.643,0,-.643,.766);es="Linear";ed="In";};["LeftUpperLeg"]={cf=cfr(0,0,0,.948,.172,.269,-.255,.916,.311,-.193,-.363,.912);es="Linear";ed="In";};["RightUpperLeg"]={cf=cfr(0,-.157,.057,.828,-.547,-.125,.561,.808,.179,.003,-.218,.976);es="Linear";ed="In";};["UpperTorso"]={cf=cfr(0,0,0,.985,-.015,.173,.03,.996,-.085,-.171,.088,.981);es="Linear";ed="In";};["LeftLowerLeg"]={cf=cfr(0,0,0,1,0,0,0,.94,.342,0,-.342,.94);es="Linear";ed="In";};["Head"]={cf=cfr(0,0,0,.961,-.273,-.054,.277,.926,.257,-.021,-.261,.965);es="Linear";ed="In";};["LowerTorso"]={cf=cfr(0,-.506,.535,1,0,0,0,-.174,-.985,0,.985,-.174);es="Linear";ed="In";};};{tm=1.133;["LeftUpperArm"]={cf=cfr(0,0,0,.812,.55,-.195,-.394,.763,.512,.431,-.339,.837);es="Linear";ed="In";};["Head"]={cf=cfr(0,0,0,.961,-.278,-.005,.277,.956,.092,-.021,-.09,.996);es="Linear";ed="In";};["RightUpperArm"]={cf=cfr(0,0,0,.842,-.354,-.408,.525,.354,.775,-.129,-.866,.483);es="Linear";ed="In";};["UpperTorso"]={cf=cfr(0,0,0,.985,-.015,.173,0,.996,.087,-.174,-.086,.981);es="Linear";ed="In";};["LowerTorso"]={cf=cfr(0,-.703,.525,1,0,0,0,-.174,-.985,0,.985,-.174);es="Quad";ed="In";};};{tm=1.15;["LowerTorso"]={cf=cfr(0,-.724,.524,1,0,0,0,-.172,-.985,0,.985,-.172);es="Linear";ed="In";};};{tm=1.167;["LowerTorso"]={cf=cfr(0,-.789,.523,1,0,0,0,-.167,-.986,0,.986,-.167);es="Linear";ed="In";};};{tm=1.183;["LowerTorso"]={cf=cfr(0,-.896,.521,1,0,0,0,-.158,-.987,0,.987,-.158);es="Linear";ed="In";};};{tm=1.2;["LowerTorso"]={cf=cfr(0,-1.047,.519,1,0,0,0,-.146,-.989,0,.989,-.146);es="Linear";ed="In";};};{tm=1.217;["LowerTorso"]={cf=cfr(0,-1.241,.516,1,0,0,0,-.13,-.992,0,.992,-.13);es="Linear";ed="In";};};{tm=1.233;["LowerTorso"]={cf=cfr(0,-1.477,.512,1,0,0,0,-.11,-.994,0,.994,-.11);es="Linear";ed="In";};};{tm=1.25;["LeftUpperArm"]={cf=cfr(-.224,.25,.471,.107,.815,-.569,-.291,.573,.766,.951,.084,.299);es="Linear";ed="In";};["Head"]={cf=cfr(0,0,0,.964,-.156,.216,.174,.983,-.066,-.202,.101,.974);es="Linear";ed="In";};["RightUpperArm"]={cf=cfr(-.052,0,.002,.964,-.194,-.179,.262,.603,.754,-.038,-.774,.632);es="Linear";ed="In";};["LeftUpperLeg"]={cf=cfr(0,0,0,.948,.216,.235,-.149,.95,-.273,-.282,.224,.933);es="Linear";ed="In";};["RightUpperLeg"]={cf=cfr(0,-.157,.057,.867,-.498,.018,.469,.804,-.365,.167,.325,.931);es="Linear";ed="In";};["UpperTorso"]={cf=cfr(0,0,0,.972,-.159,.171,.106,.953,.283,-.207,-.257,.944);es="Linear";ed="In";};["LeftLowerLeg"]={cf=cfr(0,0,0,.997,.082,.015,-.081,.914,.398,.019,-.398,.917);es="Linear";ed="In";};["RightLowerLeg"]={cf=cfr(0,0,0,1,0,0,0,.707,.707,0,-.707,.707);es="Linear";ed="In";};["LowerTorso"]={cf=cfr(0,-1.757,.507,1,0,0,0,-.087,-.996,0,.996,-.087);es="Linear";ed="In";};};{tm=1.283;["RightLowerLeg"]={cf=cfr(0,0,0,1,0,0,0,.707,.707,0,-.707,.707);es="Linear";ed="In";};["LeftUpperLeg"]={cf=cfr(0,0,0,.88,.207,.427,-.137,.972,-.19,-.455,.109,.884);es="Linear";ed="In";};["RightUpperLeg"]={cf=cfr(0,-.157,.057,.867,-.493,-.069,.469,.855,-.22,.167,.158,.973);es="Linear";ed="In";};["LeftLowerLeg"]={cf=cfr(0,0,0,.997,.08,.022,-.081,.876,.476,.019,-.476,.879);es="Linear";ed="In";};["LeftUpperArm"]={cf=cfr(-.224,.25,.471,.178,.803,-.569,-.24,.596,.766,.954,0,.299);es="Linear";ed="In";};["LowerTorso"]={cf=cfr(0,-1.482,.531,1,0,0,0,-.087,-.996,0,.996,-.087);es="Linear";ed="In";};};{tm=1.383;["Head"]={cf=cfr(0,0,0,.97,-.17,.175,.211,.945,-.248,-.123,.278,.953);es="Linear";ed="In";};["RightUpperArm"]={cf=cfr(-.035,-.015,.034,.872,-.477,.112,.28,.673,.684,-.402,-.565,.72);es="Linear";ed="In";};["LeftUpperArm"]={cf=cfr(-.195,.233,.274,.584,.708,-.396,-.35,.661,.664,.732,-.249,.634);es="Linear";ed="In";};["LeftUpperLeg"]={cf=cfr(0,0,0,.88,.278,.385,-.284,.958,-.044,-.381,-.071,.922);es="Linear";ed="In";};["RightUpperLeg"]={cf=cfr(0,-.157,.057,.867,-.498,.018,.491,.848,-.198,.083,.18,.98);es="Linear";ed="In";};["UpperTorso"]={cf=cfr(0,0,0,.972,-.173,.156,.171,.985,.029,-.159,-.001,.987);es="Linear";ed="In";};["LowerTorso"]={cf=cfr(0,-1.271,.531,1,0,0,0,-.087,-.996,0,.996,-.087);es="Linear";ed="In";};["RightLowerArm"]={cf=cfr(0,.034,.041,1,0,0,0,.93,-.369,0,.369,.93);es="Linear";ed="In";};};{tm=1.5;["RightUpperLeg"]={cf=cfr(0,-.157,.057,.867,-.493,-.069,.469,.855,-.22,.167,.158,.973);es="Linear";ed="In";};["UpperTorso"]={cf=cfr(0,0,0,.972,-.173,.156,.14,.97,.2,-.186,-.172,.967);es="Linear";ed="In";};["LeftUpperLeg"]={cf=cfr(0,0,0,.88,.207,.427,-.137,.972,-.19,-.455,.109,.884);es="Linear";ed="In";};["LeftUpperArm"]={cf=cfr(-.224,.25,.471,.178,.803,-.569,-.24,.596,.766,.954,0,.299);es="Linear";ed="In";};["RightUpperArm"]={cf=cfr(-.035,-.015,.034,.872,-.489,.028,.28,.544,.791,-.402,-.682,.611);es="Linear";ed="In";};["LeftLowerLeg"]={cf=cfr(0,0,0,.997,.08,.022,-.081,.876,.476,.019,-.476,.879);es="Linear";ed="In";};["RightLowerLeg"]={cf=cfr(0,0,0,1,0,0,0,.707,.707,0,-.707,.707);es="Linear";ed="In";};["LowerTorso"]={cf=cfr(0,-1.682,.531,1,0,0,0,-.087,-.996,0,.996,-.087);es="Linear";ed="In";};};{tm=1.6;["LeftUpperArm"]={cf=cfr(-.224,.25,.471,.313,.814,-.49,.056,.499,.865,.948,-.298,.111);es="Linear";ed="In";};["RightUpperArm"]={cf=cfr(-.035,-.015,.034,.891,-.321,-.32,.445,.75,.489,.082,-.578,.812);es="Linear";ed="In";};["LeftUpperLeg"]={cf=cfr(0,0,0,.88,.207,.427,-.176,.978,-.113,-.441,.024,.897);es="Linear";ed="In";};["RightUpperLeg"]={cf=cfr(0,-.157,.057,.867,-.493,-.069,.482,.866,-.134,.126,.083,.989);es="Linear";ed="In";};["UpperTorso"]={cf=cfr(0,0,0,.972,-.173,.156,.14,.97,.2,-.186,-.172,.967);es="Linear";ed="In";};["LowerTorso"]={cf=cfr(0,-1.582,.54,1,0,0,0,-.087,-.996,0,.996,-.087);es="Sine";ed="Out";};["RightLowerArm"]={cf=cfr(0,0,0,1,0,0,0,.94,-.342,0,.342,.94);es="Linear";ed="In";};};{tm=1.617;["LowerTorso"]={cf=cfr(0,-1.597,.539,1,0,0,0,-.087,-.996,0,.996,-.087);es="Linear";ed="In";};};{tm=1.633;["LowerTorso"]={cf=cfr(0,-1.61,.538,1,0,0,0,-.087,-.996,0,.996,-.087);es="Linear";ed="In";};};{tm=1.65;["LowerTorso"]={cf=cfr(0,-1.624,.536,1,0,0,0,-.087,-.996,0,.996,-.087);es="Linear";ed="In";};};{tm=1.667;["LowerTorso"]={cf=cfr(0,-1.636,.535,1,0,0,0,-.087,-.996,0,.996,-.087);es="Linear";ed="In";};};{tm=1.683;["LowerTorso"]={cf=cfr(0,-1.648,.534,1,0,0,0,-.087,-.996,0,.996,-.087);es="Linear";ed="In";};};{tm=1.7;["LowerTorso"]={cf=cfr(0,-1.658,.533,1,0,0,0,-.087,-.996,0,.996,-.087);es="Linear";ed="In";};};{tm=1.717;["LowerTorso"]={cf=cfr(0,-1.666,.533,1,0,0,0,-.087,-.996,0,.996,-.087);es="Linear";ed="In";};};{tm=1.733;["LowerTorso"]={cf=cfr(0,-1.673,.532,1,0,0,0,-.087,-.996,0,.996,-.087);es="Linear";ed="In";};};{tm=1.75;["LowerTorso"]={cf=cfr(0,-1.678,.532,1,0,0,0,-.087,-.996,0,.996,-.087);es="Linear";ed="In";};};{tm=1.767;["LowerTorso"]={cf=cfr(0,-1.681,.531,1,0,0,0,-.087,-.996,0,.996,-.087);es="Linear";ed="In";};};{tm=1.783;["RightLowerLeg"]={cf=cfr(0,0,0,1,0,0,0,.707,.707,0,-.707,.707);es="Linear";ed="In";};["RightUpperLeg"]={cf=cfr(0,-.157,.057,.867,-.493,-.069,.469,.855,-.22,.167,.158,.973);es="Linear";ed="In";};["UpperTorso"]={cf=cfr(0,-.009,-.1,.972,-.143,.184,.14,.99,.028,-.186,-.002,.983);es="Linear";ed="In";};["LeftUpperLeg"]={cf=cfr(0,0,0,.88,.207,.427,-.137,.972,-.19,-.455,.109,.884);es="Linear";ed="In";};["Head"]={cf=cfr(0,0,0,.971,-.233,-.058,.237,.968,.085,.036,-.096,.995);es="Linear";ed="In";};["LeftUpperArm"]={cf=cfr(-.224,.25,.471,.178,.803,-.569,-.24,.596,.766,.954,0,.299);es="Linear";ed="In";};["LeftLowerLeg"]={cf=cfr(0,0,0,.997,.08,.022,-.081,.876,.476,.019,-.476,.879);es="Linear";ed="In";};["LowerTorso"]={cf=cfr(0,-1.682,.531,1,0,0,0,-.087,-.996,0,.996,-.087);es="Linear";ed="In";};};{tm=1.817;["RightUpperArm"]={cf=cfr(0,0,0,.866,-.5,0,.25,.433,.866,-.433,-.75,.5);es="Sine";ed="InOut";};};{tm=1.833;["RightUpperArm"]={cf=cfr(-.001,.004,-.001,.866,-.5,.003,.25,.44,.862,-.432,-.746,.506);es="Linear";ed="In";};};{tm=1.85;["RightUpperArm"]={cf=cfr(-.004,.015,-.002,.867,-.498,.014,.252,.461,.851,-.43,-.734,.525);es="Linear";ed="In";};};{tm=1.867;["RightUpperArm"]={cf=cfr(-.008,.033,-.004,.868,-.496,.031,.254,.496,.831,-.427,-.713,.556);es="Linear";ed="In";};};{tm=1.883;["RightUpperArm"]={cf=cfr(-.013,.058,-.006,.87,-.491,.054,.256,.542,.8,-.422,-.682,.597);es="Linear";ed="In";};};{tm=1.9;["RightUpperArm"]={cf=cfr(-.019,.089,-.006,.872,-.483,.083,.259,.598,.758,-.416,-.64,.647);es="Linear";ed="In";};};{tm=1.917;["RightUpperArm"]={cf=cfr(-.025,.124,-.005,.875,-.47,.117,.262,.661,.703,-.408,-.584,.702);es="Linear";ed="In";};};{tm=1.933;["RightUpperArm"]={cf=cfr(-.031,.163,-.002,.878,-.453,.154,.264,.728,.633,-.399,-.515,.759);es="Linear";ed="In";};["Head"]={cf=cfr(-.004,-.066,.034,.976,-.192,.103,.213,.942,-.26,-.047,.275,.96);es="Linear";ed="In";};};{tm=1.95;["RightUpperArm"]={cf=cfr(-.035,.203,.005,.882,-.429,.194,.266,.795,.546,-.388,-.43,.815);es="Linear";ed="In";};};{tm=1.967;["RightUpperArm"]={cf=cfr(-.037,.242,.016,.887,-.397,.234,.266,.856,.443,-.377,-.331,.865);es="Linear";ed="In";};};{tm=1.983;["RightUpperArm"]={cf=cfr(-.038,.279,.031,.893,-.358,.273,.264,.908,.325,-.364,-.218,.905);es="Linear";ed="In";};};{tm=2;["RightUpperArm"]={cf=cfr(-.036,.311,.049,.899,-.311,.309,.261,.946,.193,-.352,-.093,.931);es="Linear";ed="In";};};{tm=2.017;["RightUpperArm"]={cf=cfr(-.031,.336,.07,.905,-.257,.338,.255,.966,.05,-.339,.041,.94);es="Linear";ed="In";};};{tm=2.033;["RightUpperArm"]={cf=cfr(-.025,.354,.092,.912,-.197,.36,.248,.964,-.099,-.328,.179,.928);es="Linear";ed="In";};};{tm=2.05;["RightUpperArm"]={cf=cfr(-.017,.361,.114,.918,-.133,.373,.238,.939,-.249,-.317,.317,.894);es="Linear";ed="In";};};{tm=2.067;["RightUpperArm"]={cf=cfr(-.008,.36,.134,.924,-.068,.376,.226,.891,-.395,-.308,.449,.838);es="Linear";ed="In";};};{tm=2.083;["RightUpperArm"]={cf=cfr(.001,.348,.15,.93,-.002,.368,.212,.82,-.531,-.301,.572,.763);es="Linear";ed="In";};};{tm=2.1;["RightUpperArm"]={cf=cfr(.01,.328,.162,.934,.061,.351,.198,.731,-.653,-.296,.68,.671);es="Linear";ed="In";};};{tm=2.117;["RightUpperArm"]={cf=cfr(.017,.301,.167,.938,.119,.325,.183,.626,-.758,-.294,.771,.565);es="Linear";ed="In";};};{tm=2.133;["RightUpperArm"]={cf=cfr(.023,.269,.166,.941,.171,.292,.168,.511,-.843,-.293,.843,.452);es="Linear";ed="In";};};{tm=2.15;["RightUpperArm"]={cf=cfr(.026,.233,.159,.943,.216,.253,.154,.39,-.908,-.294,.895,.335);es="Linear";ed="In";};};{tm=2.167;["RightUpperArm"]={cf=cfr(.027,.195,.146,.944,.252,.211,.141,.27,-.953,-.297,.929,.219);es="Linear";ed="In";};["Head"]={cf=cfr(0,0,0,.981,-.194,-.014,.126,.578,.806,-.149,-.792,.592);es="Linear";ed="In";};["LeftUpperArm"]={cf=cfr(-.003,.332,.329,.57,.802,-.176,-.126,.298,.946,.812,-.517,.271);es="Linear";ed="In";};["RightUpperLeg"]={cf=cfr(0,-.167,-.059,.842,-.537,-.052,.514,.828,-.223,.163,.161,.973);es="Linear";ed="In";};["UpperTorso"]={cf=cfr(0,0,0,.972,-.173,.156,.088,.892,.443,-.216,-.417,.883);es="Linear";ed="In";};["LeftLowerArm"]={cf=cfr(0,0,0,1,0,0,0,.866,-.5,0,.5,.866);es="Linear";ed="In";};["LowerTorso"]={cf=cfr(0,-1.681,.531,1,0,0,0,-.087,-.996,0,.996,-.087);es="Sine";ed="In";};["RightLowerArm"]={cf=cfr(0,0,0,1,0,0,0,.574,-.819,0,.819,.574);es="Linear";ed="In";};};{tm=2.183;["RightUpperArm"]={cf=cfr(.027,.158,.129,.945,.281,.169,.129,.153,-.98,-.301,.947,.108);es="Linear";ed="In";};["LowerTorso"]={cf=cfr(0,-1.681,.531,1,0,0,0,-.087,-.996,0,.996,-.087);es="Linear";ed="In";};};{tm=2.2;["RightUpperArm"]={cf=cfr(.024,.123,.108,.944,.303,.127,.119,.045,-.992,-.306,.952,.007);es="Linear";ed="In";};["LowerTorso"]={cf=cfr(0,-1.681,.531,1,0,0,0,-.087,-.996,0,.996,-.087);es="Linear";ed="In";};};{tm=2.217;["RightUpperArm"]={cf=cfr(.02,.092,.086,.944,.318,.089,.11,-.051,-.993,-.311,.947,-.084);es="Linear";ed="In";};["LowerTorso"]={cf=cfr(0,-1.681,.531,1,0,0,0,-.087,-.996,0,.996,-.087);es="Linear";ed="In";};};{tm=2.233;["RightUpperArm"]={cf=cfr(.016,.064,.063,.943,.329,.054,.103,-.135,-.985,-.317,.935,-.161);es="Linear";ed="In";};["LowerTorso"]={cf=cfr(0,-1.681,.531,1,0,0,0,-.087,-.996,0,.996,-.087);es="Linear";ed="In";};};{tm=2.25;["RightUpperArm"]={cf=cfr(.011,.041,.043,.942,.335,.025,.098,-.204,-.974,-.321,.92,-.225);es="Linear";ed="In";};["LowerTorso"]={cf=cfr(0,-1.681,.531,1,0,0,0,-.087,-.996,0,.996,-.087);es="Linear";ed="In";};};{tm=2.267;["RightUpperArm"]={cf=cfr(.006,.023,.025,.941,.338,.001,.094,-.258,-.962,-.325,.905,-.274);es="Linear";ed="In";};["LowerTorso"]={cf=cfr(0,-1.681,.531,1,0,0,0,-.087,-.996,0,.996,-.087);es="Linear";ed="In";};};{tm=2.283;["RightUpperArm"]={cf=cfr(.003,.01,.011,.94,.34,-.016,.091,-.296,-.951,-.328,.893,-.309);es="Linear";ed="In";};["LowerTorso"]={cf=cfr(0,-1.681,.531,1,0,0,0,-.087,-.996,0,.996,-.087);es="Linear";ed="In";};};{tm=2.3;["LowerTorso"]={cf=cfr(0,-1.681,.531,1,0,0,0,-.087,-.996,0,.996,-.087);es="Linear";ed="In";};["RightUpperArm"]={cf=cfr(.001,.003,.003,.94,.341,-.026,.089,-.319,-.944,-.33,.885,-.33);es="Linear";ed="In";};["Head"]={cf=cfr(0,-.001,.001,.967,-.195,.162,-.013,.601,.799,-.253,-.775,.579);es="Sine";ed="In";};};{tm=2.317;["LowerTorso"]={cf=cfr(0,-1.681,.531,1,0,0,0,-.087,-.996,0,.996,-.087);es="Linear";ed="In";};["Head"]={cf=cfr(0,-.001,.001,.97,-.194,.147,0,.602,.798,-.244,-.774,.584);es="Linear";ed="In";};["RightUpperArm"]={cf=cfr(0,0,0,.94,.341,-.03,.089,-.326,-.941,-.33,.882,-.337);es="Linear";ed="In";};["RightLowerLeg"]={cf=cfr(0,.002,-.002,1,0,0,0,.837,.546,0,-.546,.837);es="Linear";ed="In";};["LeftUpperLeg"]={cf=cfr(0,0,0,.825,.382,.416,-.36,.923,-.133,-.435,-.04,.899);es="Linear";ed="In";};["RightUpperLeg"]={cf=cfr(0,-.157,.057,.824,-.565,-.042,.543,.809,-.225,.161,.162,.974);es="Linear";ed="In";};["LeftLowerLeg"]={cf=cfr(.001,.008,-.009,.997,.083,-.004,-.081,.98,.181,.019,-.18,.984);es="Linear";ed="In";};};{tm=2.333;["LowerTorso"]={cf=cfr(0,-1.681,.531,1,0,0,0,-.087,-.996,0,.996,-.087);es="Linear";ed="In";};["Head"]={cf=cfr(-.001,-.001,.001,.976,-.194,.101,.037,.605,.796,-.215,-.773,.597);es="Linear";ed="In";};};{tm=2.35;["LowerTorso"]={cf=cfr(0,-1.681,.531,1,0,0,0,-.087,-.996,0,.996,-.087);es="Linear";ed="In";};["Head"]={cf=cfr(-.002,-.001,.001,.981,-.192,.027,.098,.608,.788,-.168,-.77,.616);es="Linear";ed="In";};};{tm=2.367;["LowerTorso"]={cf=cfr(0,-1.681,.531,1,0,0,0,-.087,-.996,0,.996,-.087);es="Linear";ed="In";};["Head"]={cf=cfr(-.003,-.001,.001,.979,-.191,-.072,.177,.614,.77,-.103,-.766,.635);es="Linear";ed="In";};};{tm=2.383;["LowerTorso"]={cf=cfr(0,-1.681,.531,1,0,0,0,-.087,-.996,0,.996,-.087);es="Linear";ed="In";};["Head"]={cf=cfr(-.003,-.001,.001,.963,-.191,-.19,.268,.62,.737,-.023,-.761,.648);es="Linear";ed="In";};};{tm=2.4;["LowerTorso"]={cf=cfr(0,-1.681,.531,1,0,0,0,-.087,-.996,0,.996,-.087);es="Linear";ed="In";};["Head"]={cf=cfr(-.003,-.001,.001,.929,-.192,-.317,.365,.626,.689,.067,-.755,.652);es="Linear";ed="In";};};{tm=2.417;["Head"]={cf=cfr(-.001,-.001,.001,.874,-.194,-.445,.458,.633,.624,.161,-.749,.642);es="Sine";ed="InOut";};["LeftUpperArm"]={cf=cfr(0,0,0,.985,.163,-.059,-.123,.896,.426,.123,-.413,.903);es="Linear";ed="In";};["RightUpperArm"]={cf=cfr(0,0,0,.776,.233,.586,.518,-.766,-.381,.36,.599,-.715);es="Linear";ed="In";};["LeftUpperLeg"]={cf=cfr(0,0,0,.825,.501,.261,-.36,.822,-.441,-.435,.27,.859);es="Sine";ed="InOut";};["RightUpperLeg"]={cf=cfr(-.017,-.101,.115,.916,-.371,-.155,.342,.922,-.183,.211,.114,.971);es="Sine";ed="InOut";};["UpperTorso"]={cf=cfr(0,0,0,.985,-.17,-.015,.015,0,1,-.17,-.985,.003);es="Linear";ed="In";};["LeftLowerLeg"]={cf=cfr(0,0,0,.997,.058,.059,-.081,.52,.85,.019,-.852,.523);es="Sine";ed="InOut";};["RightLowerLeg"]={cf=cfr(0,0,0,1,0,0,0,.866,.5,0,-.5,.866);es="Sine";ed="InOut";};["LeftLowerArm"]={cf=cfr(0,0,0,1,0,0,0,.985,-.174,0,.174,.985);es="Linear";ed="In";};["LowerTorso"]={cf=cfr(0,-1.681,.531,1,0,0,0,-.087,-.996,0,.996,-.087);es="Sine";ed="Out";};["RightLowerArm"]={cf=cfr(0,0,0,1,0,0,0,.707,-.707,0,.707,.707);es="Linear";ed="In";};};{tm=2.433;["RightUpperLeg"]={cf=cfr(-.017,-.1,.115,.916,-.371,-.154,.342,.921,-.187,.211,.119,.97);es="Linear";ed="In";};["LeftUpperLeg"]={cf=cfr(0,.001,0,.825,.502,.259,-.36,.82,-.444,-.435,.273,.858);es="Linear";ed="In";};["LeftLowerLeg"]={cf=cfr(0,0,0,.997,.058,.059,-.081,.52,.851,.019,-.852,.522);es="Linear";ed="In";};["RightLowerLeg"]={cf=cfr(0,.001,-.003,1,0,0,0,.862,.507,0,-.507,.862);es="Linear";ed="In";};["LowerTorso"]={cf=cfr(0,-1.655,.482,1,0,0,0,.017,-1,0,1,.017);es="Linear";ed="In";};["Head"]={cf=cfr(-.001,0,.001,.881,-.194,-.431,.448,.633,.631,.151,-.749,.645);es="Linear";ed="In";};};{tm=2.45;["RightUpperLeg"]={cf=cfr(-.019,-.098,.117,.916,-.372,-.149,.34,.919,-.201,.212,.133,.968);es="Linear";ed="In";};["LeftUpperLeg"]={cf=cfr(.002,.002,.001,.825,.505,.254,-.36,.816,-.452,-.435,.282,.855);es="Linear";ed="In";};["LeftLowerLeg"]={cf=cfr(0,0,0,.997,.058,.059,-.081,.517,.852,.019,-.854,.52);es="Linear";ed="In";};["RightLowerLeg"]={cf=cfr(0,.005,-.011,1,0,0,0,.851,.526,0,-.526,.851);es="Linear";ed="In";};["LowerTorso"]={cf=cfr(0,-1.629,.436,1,0,0,0,.12,-.993,0,.993,.12);es="Linear";ed="In";};["Head"]={cf=cfr(0,0,.001,.9,-.194,-.39,.419,.634,.65,.121,-.748,.652);es="Linear";ed="In";};};{tm=2.467;["RightUpperLeg"]={cf=cfr(-.02,-.093,.119,.917,-.372,-.141,.337,.915,-.223,.212,.157,.965);es="Linear";ed="In";};["LeftUpperLeg"]={cf=cfr(.004,.004,.003,.825,.509,.245,-.36,.808,-.466,-.435,.296,.85);es="Linear";ed="In";};["LeftLowerLeg"]={cf=cfr(0,0,0,.997,.058,.06,-.081,.513,.855,.019,-.857,.516);es="Linear";ed="In";};["RightLowerLeg"]={cf=cfr(0,.01,-.024,1,0,0,0,.83,.557,0,-.557,.83);es="Linear";ed="In";};["LowerTorso"]={cf=cfr(0,-1.603,.392,1,0,0,0,.222,-.975,0,.975,.222);es="Linear";ed="In";};["Head"]={cf=cfr(0,0,0,.925,-.195,-.325,.371,.636,.677,.074,-.747,.661);es="Linear";ed="In";};};{tm=2.483;["RightUpperLeg"]={cf=cfr(-.023,-.088,.122,.919,-.373,-.13,.333,.908,-.253,.213,.189,.959);es="Linear";ed="In";};["LeftUpperLeg"]={cf=cfr(.006,.007,.006,.825,.515,.233,-.36,.797,-.485,-.435,.316,.843);es="Linear";ed="In";};["LeftLowerLeg"]={cf=cfr(0,0,-.001,.997,.057,.06,-.081,.507,.858,.019,-.86,.51);es="Linear";ed="In";};["RightLowerLeg"]={cf=cfr(0,.016,-.041,1,0,0,0,.801,.599,0,-.599,.801);es="Linear";ed="In";};["LowerTorso"]={cf=cfr(0,-1.577,.351,1,0,0,0,.319,-.948,0,.948,.319);es="Linear";ed="In";};["Head"]={cf=cfr(.001,0,0,.951,-.196,-.24,.309,.637,.706,.015,-.745,.667);es="Linear";ed="In";};};{tm=2.5;["RightUpperLeg"]={cf=cfr(-.025,-.082,.126,.92,-.374,-.117,.328,.899,-.291,.214,.23,.949);es="Linear";ed="In";};["LeftUpperLeg"]={cf=cfr(.009,.01,.009,.825,.521,.218,-.36,.782,-.508,-.435,.34,.833);es="Linear";ed="In";};["LeftLowerLeg"]={cf=cfr(0,.001,-.001,.997,.057,.061,-.081,.499,.863,.019,-.865,.502);es="Linear";ed="In";};["RightLowerLeg"]={cf=cfr(0,.023,-.062,1,0,0,0,.76,.65,0,-.65,.76);es="Linear";ed="In";};["LowerTorso"]={cf=cfr(0,-1.55,.314,1,0,0,0,.412,-.911,0,.911,.412);es="Linear";ed="In";};["Head"]={cf=cfr(.001,0,0,.97,-.196,-.143,.237,.639,.731,-.052,-.743,.667);es="Linear";ed="In";};};{tm=2.517;["RightUpperLeg"]={cf=cfr(-.028,-.075,.131,.922,-.374,-.1,.322,.885,-.336,.214,.277,.937);es="Linear";ed="In";};["LeftUpperLeg"]={cf=cfr(.012,.014,.012,.825,.529,.2,-.36,.764,-.535,-.435,.369,.821);es="Linear";ed="In";};["LeftLowerLeg"]={cf=cfr(0,.001,-.002,.997,.056,.061,-.081,.49,.868,.019,-.87,.493);es="Linear";ed="In";};["RightLowerLeg"]={cf=cfr(0,.029,-.085,1,0,0,0,.708,.706,0,-.706,.708);es="Linear";ed="In";};["LowerTorso"]={cf=cfr(0,-1.523,.279,1,0,0,0,.5,-.866,0,.866,.5);es="Linear";ed="In";};["Head"]={cf=cfr(.001,0,0,.98,-.196,-.045,.163,.642,.75,-.118,-.742,.66);es="Linear";ed="In";};};{tm=2.533;["RightUpperLeg"]={cf=cfr(-.031,-.069,.136,.924,-.373,-.082,.315,.867,-.386,.215,.331,.919);es="Linear";ed="In";};["LeftUpperLeg"]={cf=cfr(.016,.018,.015,.825,.536,.178,-.36,.742,-.565,-.435,.402,.806);es="Linear";ed="In";};["LeftLowerLeg"]={cf=cfr(0,.001,-.002,.997,.055,.062,-.081,.48,.874,.019,-.876,.482);es="Linear";ed="In";};["RightLowerLeg"]={cf=cfr(0,.033,-.109,1,0,0,0,.644,.765,0,-.765,.644);es="Linear";ed="In";};["LowerTorso"]={cf=cfr(0,-1.495,.247,1,0,0,0,.58,-.815,0,.815,.58);es="Linear";ed="In";};["Head"]={cf=cfr(.001,0,0,.98,-.196,.043,.095,.643,.76,-.176,-.74,.649);es="Linear";ed="In";};};{tm=2.55;["RightUpperLeg"]={cf=cfr(-.034,-.064,.14,.927,-.37,-.061,.308,.843,-.44,.215,.389,.896);es="Linear";ed="In";};["LeftUpperLeg"]={cf=cfr(.019,.021,.019,.825,.544,.155,-.36,.716,-.597,-.435,.437,.787);es="Linear";ed="In";};["LeftLowerLeg"]={cf=cfr(0,.001,-.003,.997,.055,.063,-.081,.468,.88,.019,-.882,.471);es="Linear";ed="In";};["RightLowerLeg"]={cf=cfr(0,.036,-.133,1,0,0,0,.566,.824,0,-.824,.566);es="Linear";ed="In";};["LowerTorso"]={cf=cfr(0,-1.467,.217,1,0,0,0,.653,-.757,0,.757,.653);es="Linear";ed="In";};["Head"]={cf=cfr(0,0,0,.974,-.195,.114,.04,.645,.763,-.222,-.739,.636);es="Linear";ed="In";};};{tm=2.567;["RightUpperLeg"]={cf=cfr(-.036,-.061,.144,.93,-.366,-.039,.3,.814,-.497,.214,.451,.867);es="Linear";ed="In";};["LeftUpperLeg"]={cf=cfr(.022,.023,.022,.825,.55,.128,-.36,.687,-.631,-.435,.474,.765);es="Linear";ed="In";};["LeftLowerLeg"]={cf=cfr(0,.001,-.003,.997,.054,.063,-.081,.455,.887,.019,-.889,.458);es="Linear";ed="In";};["RightLowerLeg"]={cf=cfr(0,.036,-.154,1,0,0,0,.476,.88,0,-.88,.476);es="Linear";ed="In";};["LowerTorso"]={cf=cfr(0,-1.439,.191,1,0,0,0,.718,-.696,0,.696,.718);es="Linear";ed="In";};["Head"]={cf=cfr(0,0,0,.968,-.195,.158,.005,.646,.763,-.251,-.738,.626);es="Linear";ed="In";};};{tm=2.583;["RightUpperLeg"]={cf=cfr(-.037,-.059,.147,.933,-.36,-.016,.291,.779,-.555,.213,.513,.831);es="Linear";ed="In";};["LeftUpperLeg"]={cf=cfr(.024,.025,.025,.825,.556,.1,-.36,.654,-.665,-.435,.513,.74);es="Linear";ed="In";};["LeftLowerLeg"]={cf=cfr(0,.001,-.003,.997,.053,.064,-.081,.442,.894,.019,-.896,.444);es="Linear";ed="In";};["RightLowerLeg"]={cf=cfr(0,.033,-.172,1,0,0,0,.375,.927,0,-.927,.375);es="Linear";ed="In";};["LowerTorso"]={cf=cfr(0,-1.411,.166,1,0,0,0,.775,-.631,0,.631,.775);es="Linear";ed="In";};["Head"]={cf=cfr(0,0,0,.965,-.195,.174,-.007,.646,.763,-.261,-.738,.622);es="Linear";ed="In";};["RightUpperArm"]={cf=cfr(0,0,0,.449,.139,.882,.095,-.99,.107,.888,.036,-.458);es="Linear";ed="In";};["LeftUpperArm"]={cf=cfr(-.012,-.067,.031,.984,.164,-.067,-.12,.896,.428,.13,-.413,.902);es="Linear";ed="In";};["RightLowerArm"]={cf=cfr(0,.001,.001,1,0,0,0,.485,-.875,0,.875,.485);es="Linear";ed="In";};};{tm=2.6;["RightUpperLeg"]={cf=cfr(-.037,-.06,.149,.936,-.352,.007,.282,.738,-.613,.211,.576,.79);es="Linear";ed="In";};["LeftUpperLeg"]={cf=cfr(.026,.026,.027,.825,.561,.07,-.36,.618,-.699,-.435,.551,.712);es="Linear";ed="In";};["LeftLowerLeg"]={cf=cfr(0,.002,-.003,.997,.052,.065,-.081,.427,.901,.019,-.903,.43);es="Linear";ed="In";};["RightLowerLeg"]={cf=cfr(0,.028,-.185,1,0,0,0,.264,.965,0,-.965,.264);es="Linear";ed="In";};["LowerTorso"]={cf=cfr(0,-1.382,.144,1,0,0,0,.825,-.566,0,.566,.825);es="Linear";ed="In";};};{tm=2.617;["RightUpperLeg"]={cf=cfr(-.037,-.063,.149,.939,-.342,.03,.274,.691,-.669,.208,.636,.743);es="Linear";ed="In";};["LeftUpperLeg"]={cf=cfr(.027,.027,.028,.825,.564,.04,-.36,.579,-.732,-.435,.589,.681);es="Linear";ed="In";};["LeftLowerLeg"]={cf=cfr(0,.002,-.004,.997,.051,.066,-.081,.413,.907,.019,-.91,.415);es="Linear";ed="In";};["RightLowerLeg"]={cf=cfr(0,.021,-.192,1,0,0,0,.147,.989,0,-.989,.147);es="Linear";ed="In";};["LowerTorso"]={cf=cfr(0,-1.354,.123,1,0,0,0,.866,-.5,0,.5,.866);es="Linear";ed="In";};};{tm=2.633;["RightUpperLeg"]={cf=cfr(-.035,-.068,.148,.942,-.33,.053,.265,.64,-.721,.204,.694,.691);es="Linear";ed="In";};["LeftUpperLeg"]={cf=cfr(.027,.026,.029,.825,.565,.009,-.36,.538,-.762,-.435,.626,.647);es="Linear";ed="In";};["LeftLowerLeg"]={cf=cfr(0,.002,-.004,.997,.05,.067,-.081,.398,.914,.019,-.916,.4);es="Linear";ed="In";};["RightLowerLeg"]={cf=cfr(0,.013,-.193,1,0,0,0,.027,1,0,-1,.027);es="Linear";ed="In";};["LowerTorso"]={cf=cfr(0,-1.326,.105,1,0,0,0,.901,-.434,0,.434,.901);es="Linear";ed="In";};};{tm=2.65;["RightUpperLeg"]={cf=cfr(-.033,-.075,.144,.946,-.317,.075,.257,.585,-.769,.2,.746,.635);es="Linear";ed="In";};["LeftUpperLeg"]={cf=cfr(.026,.025,.029,.825,.565,-.022,-.36,.496,-.79,-.435,.66,.612);es="Linear";ed="In";};["LeftLowerLeg"]={cf=cfr(0,.001,-.003,.997,.048,.067,-.081,.383,.92,.019,-.923,.385);es="Linear";ed="In";};["RightLowerLeg"]={cf=cfr(0,.005,-.187,1,0,0,0,-.092,.996,0,-.996,-.092);es="Linear";ed="In";};["LowerTorso"]={cf=cfr(0,-1.299,.088,1,0,0,0,.928,-.371,0,.371,.928);es="Linear";ed="In";};};{tm=2.667;["RightUpperLeg"]={cf=cfr(-.03,-.084,.138,.949,-.302,.094,.249,.529,-.812,.195,.793,.577);es="Linear";ed="In";};["LeftUpperLeg"]={cf=cfr(.024,.022,.027,.825,.563,-.052,-.36,.453,-.815,-.435,.691,.577);es="Linear";ed="In";};["LeftLowerLeg"]={cf=cfr(0,.001,-.003,.997,.047,.068,-.081,.368,.926,.019,-.929,.37);es="Linear";ed="In";};["RightLowerLeg"]={cf=cfr(0,-.003,-.175,1,0,0,0,-.208,.978,0,-.978,-.208);es="Linear";ed="In";};["LowerTorso"]={cf=cfr(0,-1.273,.072,1,0,0,0,.95,-.311,0,.311,.95);es="Linear";ed="In";};["RightLowerArm"]={cf=cfr(0,.004,.005,1,0,0,0,.811,-.585,0,.585,.811);es="Linear";ed="In";};};{tm=2.683;["RightUpperLeg"]={cf=cfr(-.026,-.093,.13,.951,-.287,.112,.242,.471,-.848,.19,.834,.518);es="Linear";ed="In";};["LeftUpperLeg"]={cf=cfr(.022,.02,.025,.825,.559,-.08,-.36,.411,-.837,-.435,.72,.541);es="Linear";ed="In";};["LeftLowerLeg"]={cf=cfr(0,.001,-.003,.997,.046,.069,-.081,.354,.932,.019,-.934,.356);es="Linear";ed="In";};["RightLowerLeg"]={cf=cfr(0,-.008,-.158,1,0,0,0,-.316,.949,0,-.949,-.316);es="Linear";ed="In";};["LowerTorso"]={cf=cfr(0,-1.248,.059,1,0,0,0,.967,-.255,0,.255,.967);es="Linear";ed="In";};};{tm=2.7;["RightUpperLeg"]={cf=cfr(-.022,-.104,.12,.954,-.271,.128,.236,.415,-.879,.185,.869,.459);es="Linear";ed="In";};["LeftUpperLeg"]={cf=cfr(.019,.017,.022,.825,.555,-.107,-.36,.37,-.856,-.435,.745,.505);es="Linear";ed="In";};["LeftLowerLeg"]={cf=cfr(0,.001,-.003,.997,.045,.07,-.081,.34,.937,.019,-.939,.343);es="Linear";ed="In";};["RightLowerLeg"]={cf=cfr(0,-.012,-.137,1,0,0,0,-.414,.91,0,-.91,-.414);es="Linear";ed="In";};["LowerTorso"]={cf=cfr(0,-1.225,.046,1,0,0,0,.979,-.204,0,.204,.979);es="Linear";ed="In";};["Head"]={cf=cfr(0,0,0,.981,-.107,-.163,.17,.878,.447,.095,-.466,.88);es="Linear";ed="In";};};{tm=2.717;["RightUpperLeg"]={cf=cfr(-.018,-.114,.11,.956,-.255,.142,.23,.361,-.904,.179,.897,.404);es="Linear";ed="In";};["LeftUpperLeg"]={cf=cfr(.016,.014,.019,.825,.55,-.132,-.36,.332,-.872,-.435,.767,.472);es="Linear";ed="In";};["LeftLowerLeg"]={cf=cfr(0,.001,-.002,.997,.044,.07,-.081,.328,.941,.019,-.944,.33);es="Linear";ed="In";};["RightLowerLeg"]={cf=cfr(0,-.014,-.113,1,0,0,0,-.501,.866,0,-.866,-.501);es="Linear";ed="In";};["LowerTorso"]={cf=cfr(0,-1.204,.036,1,0,0,0,.988,-.157,0,.157,.988);es="Linear";ed="In";};};{tm=2.733;["RightUpperLeg"]={cf=cfr(-.014,-.124,.099,.958,-.24,.153,.226,.311,-.923,.174,.92,.352);es="Linear";ed="In";};["LeftUpperLeg"]={cf=cfr(.012,.011,.015,.825,.544,-.153,-.36,.297,-.884,-.435,.785,.441);es="Linear";ed="In";};["LeftLowerLeg"]={cf=cfr(0,.001,-.002,.997,.044,.071,-.081,.316,.945,.019,-.948,.319);es="Linear";ed="In";};["RightLowerLeg"]={cf=cfr(0,-.014,-.089,1,0,0,0,-.575,.818,0,-.818,-.575);es="Linear";ed="In";};["LowerTorso"]={cf=cfr(0,-1.185,.026,1,0,0,0,.993,-.116,0,.116,.993);es="Linear";ed="In";};};{tm=2.75;["RightUpperLeg"]={cf=cfr(-.01,-.134,.088,.96,-.227,.163,.222,.266,-.938,.17,.937,.306);es="Linear";ed="In";};["LeftUpperLeg"]={cf=cfr(.009,.008,.011,.825,.538,-.172,-.36,.266,-.894,-.435,.8,.413);es="Linear";ed="In";};["LeftLowerLeg"]={cf=cfr(0,.001,-.001,.997,.043,.071,-.081,.307,.948,.019,-.951,.309);es="Linear";ed="In";};["RightLowerLeg"]={cf=cfr(0,-.012,-.065,1,0,0,0,-.636,.772,0,-.772,-.636);es="Linear";ed="In";};["LowerTorso"]={cf=cfr(0,-1.169,.018,1,0,0,0,.997,-.081,0,.081,.997);es="Linear";ed="In";};["RightLowerArm"]={cf=cfr(0,.003,.004,1,0,0,0,.564,-.826,0,.826,.564);es="Linear";ed="In";};};{tm=2.767;["RightUpperLeg"]={cf=cfr(-.007,-.142,.078,.962,-.215,.17,.219,.228,-.949,.165,.949,.267);es="Linear";ed="In";};["LeftUpperLeg"]={cf=cfr(.006,.005,.008,.825,.533,-.188,-.36,.24,-.902,-.435,.812,.39);es="Linear";ed="In";};["LeftLowerLeg"]={cf=cfr(0,0,-.001,.997,.042,.072,-.081,.298,.951,.019,-.954,.301);es="Linear";ed="In";};["RightLowerLeg"]={cf=cfr(0,-.009,-.043,1,0,0,0,-.685,.729,0,-.729,-.685);es="Linear";ed="In";};["LowerTorso"]={cf=cfr(0,-1.155,.012,1,0,0,0,.999,-.052,0,.052,.999);es="Linear";ed="In";};};{tm=2.783;["RightUpperLeg"]={cf=cfr(-.004,-.148,.069,.963,-.206,.176,.217,.198,-.956,.162,.958,.235);es="Linear";ed="In";};["LeftUpperLeg"]={cf=cfr(.004,.003,.004,.825,.528,-.2,-.36,.218,-.907,-.435,.82,.371);es="Linear";ed="In";};["LeftLowerLeg"]={cf=cfr(0,0,0,.997,.042,.072,-.081,.291,.953,.019,-.956,.294);es="Linear";ed="In";};["RightLowerLeg"]={cf=cfr(0,-.006,-.025,1,0,0,0,-.721,.693,0,-.693,-.721);es="Linear";ed="In";};["LowerTorso"]={cf=cfr(0,-1.144,.007,1,0,0,0,1,-.029,0,.029,1);es="Linear";ed="In";};};{tm=2.8;["RightUpperLeg"]={cf=cfr(-.002,-.153,.063,.963,-.199,.179,.215,.176,-.961,.16,.964,.212);es="Linear";ed="In";};["LeftUpperLeg"]={cf=cfr(.002,.001,.002,.825,.525,-.209,-.36,.203,-.91,-.435,.827,.357);es="Linear";ed="In";};["LeftLowerLeg"]={cf=cfr(0,0,0,.997,.041,.072,-.081,.287,.955,.019,-.957,.289);es="Linear";ed="In";};["RightLowerLeg"]={cf=cfr(0,-.003,-.011,1,0,0,0,-.746,.666,0,-.666,-.746);es="Linear";ed="In";};["LowerTorso"]={cf=cfr(0,-1.136,.003,1,0,0,0,1,-.013,0,.013,1);es="Linear";ed="In";};};{tm=2.817;["RightUpperLeg"]={cf=cfr(0,-.156,.059,.964,-.195,.181,.214,.162,-.963,.158,.967,.198);es="Linear";ed="In";};["LeftUpperLeg"]={cf=cfr(0,0,.001,.825,.523,-.215,-.36,.194,-.913,-.435,.83,.348);es="Linear";ed="In";};["LeftLowerLeg"]={cf=cfr(0,0,0,.997,.041,.0