local cfr = CFrame.new

return {{tm=0;["RootNode"]={cf=cfr(0,0,0,-1,0,0,0,1,0,0,0,-1);es="Linear";ed="In";};["root"]={cf=cfr(0,2.665,0,0,0,1,0,1,0,-1,0,0);es="Linear";ed="In";};["000-offset"]={cf=cfr(0,0,0,-.163,.987,0,-.987,-.163,0,0,0,1);es="Linear";ed="In";};["004-offset.001"]={cf=cfr(0,0,0,-.015,-1,0,1,-.015,0,0,0,1);es="Linear";ed="In";};["006-offset"]={cf=cfr(0,0,0,-.015,-1,0,1,-.015,0,0,0,1);es="Linear";ed="In";};["000-offset.009"]={cf=cfr(0,0,0,-.565,-.602,.564,.493,-.794,-.355,.662,.077,.746);es="Linear";ed="In";};["000-offset.012"]={cf=cfr(0,0,0,-.182,-.846,-.501,.857,-.386,.341,-.482,-.368,.795);es="Linear";ed="In";};["000-offset.001"]={cf=cfr(0,0,0,.414,.834,.363,-.907,.346,.239,.074,-.429,.9);es="Linear";ed="In";};["000-offset.010"]={cf=cfr(0,0,0,-.443,.896,0,-.896,-.443,0,0,0,1);es="Linear";ed="In";};["000-offset.013"]={cf=cfr(0,0,0,.283,.959,0,-.959,.283,0,0,0,1);es="Linear";ed="In";};["004-offset"]={cf=cfr(0,0,0,.035,-.999,0,.999,.035,0,0,0,1);es="Linear";ed="In";};["002-offset"]={cf=cfr(0,0,0,.035,-.999,0,.999,.035,0,0,0,1);es="Linear";ed="In";};["000-offset.002"]={cf=cfr(0,0,0,.995,.101,0,-.101,.995,0,0,0,1);es="Linear";ed="In";};["000-offset.011"]={cf=cfr(0,0,0,.296,-.955,-.021,.955,.297,-.018,.024,-.014,1);es="Linear";ed="In";};["000-offset.014"]={cf=cfr(0,0,0,.202,-.979,.013,.978,.202,.056,-.058,.001,.998);es="Linear";ed="In";};["000-offset.006"]={cf=cfr(0,0,0,.266,-.948,.175,.446,.282,.85,-.855,-.148,.498);es="Linear";ed="In";};["000-offset.003"]={cf=cfr(0,0,0,.042,-.999,-.02,.417,.035,-.908,.908,.03,.419);es="Linear";ed="In";};["000-offset.007"]={cf=cfr(0,0,0,.732,-.682,0,.682,.732,0,0,0,1);es="Linear";ed="In";};["000-offset.004"]={cf=cfr(0,0,0,.287,-.958,0,.958,.287,0,0,0,1);es="Linear";ed="In";};["000-offset.008"]={cf=cfr(0,0,0,.379,-.342,.86,.458,.877,.147,-.804,.338,.489);es="Linear";ed="In";};["000-offset.005"]={cf=cfr(0,0,0,.719,-.69,.079,.691,.722,.02,-.07,.04,.997);es="Linear";ed="In";};};{tm=.043;["root"]={cf=cfr(0,2.693,0,0,0,1,0,1,0,-1,0,0);es="Linear";ed="In";};["000-offset"]={cf=cfr(0,0,0,-.011,1,0,-1,-.011,0,0,0,1);es="Linear";ed="In";};["000-offset.009"]={cf=cfr(0,0,0,-.565,-.604,.563,.496,-.793,-.354,.66,.079,.747);es="Linear";ed="In";};["000-offset.012"]={cf=cfr(0,0,0,-.183,-.846,-.501,.857,-.387,.339,-.481,-.368,.796);es="Linear";ed="In";};["000-offset.001"]={cf=cfr(0,0,0,.473,.821,.319,-.879,.415,.235,.06,-.392,.918);es="Linear";ed="In";};["000-offset.010"]={cf=cfr(0,0,0,-.44,.898,0,-.898,-.44,0,0,0,1);es="Linear";ed="In";};["000-offset.013"]={cf=cfr(0,0,0,.282,.959,0,-.959,.282,0,0,0,1);es="Linear";ed="In";};["004-offset"]={cf=cfr(0,0,0,.035,-.999,0,.999,.035,0,0,0,1);es="Linear";ed="In";};["002-offset"]={cf=cfr(0,0,0,.035,-.999,0,.999,.035,0,0,0,1);es="Linear";ed="In";};["000-offset.002"]={cf=cfr(0,0,0,.995,.1,0,-.1,.995,0,0,0,1);es="Linear";ed="In";};["000-offset.011"]={cf=cfr(0,0,0,.293,-.956,-.021,.956,.293,-.018,.024,-.014,1);es="Linear";ed="In";};["000-offset.014"]={cf=cfr(0,0,0,.204,-.979,.013,.977,.205,.056,-.058,.001,.998);es="Linear";ed="In";};["000-offset.006"]={cf=cfr(0,0,0,.258,-.949,.18,.451,.283,.846,-.854,-.137,.502);es="Linear";ed="In";};["000-offset.003"]={cf=cfr(0,0,0,.041,-.999,-.022,.422,.037,-.906,.905,.028,.424);es="Linear";ed="In";};["000-offset.007"]={cf=cfr(0,0,0,.726,-.687,0,.687,.726,0,0,0,1);es="Linear";ed="In";};["000-offset.004"]={cf=cfr(0,0,0,.288,-.958,0,.958,.288,0,0,0,1);es="Linear";ed="In";};["000-offset.008"]={cf=cfr(0,0,0,.39,-.355,.849,.466,.872,.151,-.794,.337,.506);es="Linear";ed="In";};["000-offset.005"]={cf=cfr(0,0,0,.724,-.686,.074,.686,.727,.032,-.076,.028,.997);es="Linear";ed="In";};};{tm=.085;["root"]={cf=cfr(0,2.764,0,0,0,1,0,1,0,-1,0,0);es="Linear";ed="In";};["000-offset"]={cf=cfr(0,0,0,.322,.947,0,-.947,.322,0,0,0,1);es="Linear";ed="In";};["000-offset.009"]={cf=cfr(0,0,0,-.563,-.609,.559,.504,-.789,-.352,.655,.083,.751);es="Linear";ed="In";};["000-offset.012"]={cf=cfr(0,0,0,-.185,-.846,-.501,.859,-.387,.335,-.477,-.368,.798);es="Linear";ed="In";};["000-offset.001"]={cf=cfr(0,0,0,.619,.756,.213,-.785,.586,.2,.026,-.291,.956);es="Linear";ed="In";};["000-offset.010"]={cf=cfr(0,0,0,-.43,.903,0,-.903,-.43,0,0,0,1);es="Linear";ed="In";};["000-offset.013"]={cf=cfr(0,0,0,.279,.96,0,-.96,.279,0,0,0,1);es="Linear";ed="In";};["004-offset"]={cf=cfr(0,0,0,.035,-.999,.001,.999,.035,0,0,.001,1);es="Linear";ed="In";};["002-offset"]={cf=cfr(0,0,0,.035,-.999,-.001,.999,.035,0,0,-.001,1);es="Linear";ed="In";};["000-offset.002"]={cf=cfr(0,0,0,.995,.098,0,-.098,.995,0,0,0,1);es="Linear";ed="In";};["000-offset.011"]={cf=cfr(0,0,0,.283,-.959,-.02,.959,.283,-.018,.023,-.014,1);es="Linear";ed="In";};["000-offset.014"]={cf=cfr(0,0,0,.211,-.977,.013,.976,.211,.056,-.057,.001,.998);es="Linear";ed="In";};["000-offset.006"]={cf=cfr(0,0,0,.236,-.952,.193,.464,.285,.838,-.854,-.108,.51);es="Linear";ed="In";};["000-offset.003"]={cf=cfr(0,0,0,.04,-.999,-.028,.436,.042,-.899,.899,.024,.437);es="Linear";ed="In";};["000-offset.007"]={cf=cfr(0,0,0,.712,-.702,0,.702,.712,0,0,0,1);es="Linear";ed="In";};["000-offset.004"]={cf=cfr(0,0,0,.288,-.957,0,.957,.288,0,0,0,1);es="Linear";ed="In";};["000-offset.008"]={cf=cfr(0,0,0,.421,-.391,.819,.488,.858,.159,-.765,.332,.552);es="Linear";ed="In";};["000-offset.005"]={cf=cfr(0,0,0,.736,-.674,.062,.671,.739,.066,-.09,-.007,.996);es="Linear";ed="In";};};{tm=.127;["root"]={cf=cfr(0,2.834,0,0,0,1,0,1,0,-1,0,0);es="Linear";ed="In";};["000-offset"]={cf=cfr(0,0,0,.624,.781,0,-.781,.624,0,0,0,1);es="Linear";ed="In";};["000-offset.009"]={cf=cfr(0,0,0,-.56,-.616,.553,.516,-.782,-.349,.648,.09,.757);es="Linear";ed="In";};["000-offset.012"]={cf=cfr(0,0,0,-.188,-.846,-.499,.862,-.386,.33,-.472,-.368,.801);es="Linear";ed="In";};["000-offset.001"]={cf=cfr(0,0,0,.791,.602,.104,-.611,.786,.098,-.023,-.141,.99);es="Linear";ed="In";};["000-offset.010"]={cf=cfr(0,0,0,-.415,.91,0,-.91,-.415,0,0,0,1);es="Linear";ed="In";};["000-offset.013"]={cf=cfr(0,0,0,.273,.962,0,-.962,.273,0,0,0,1);es="Linear";ed="In";};["004-offset"]={cf=cfr(0,0,0,.035,-.999,.002,.999,.035,0,0,.002,1);es="Linear";ed="In";};["002-offset"]={cf=cfr(0,0,0,.035,-.999,-.002,.999,.035,0,0,-.002,1);es="Linear";ed="In";};["000-offset.002"]={cf=cfr(0,0,0,.996,.094,0,-.094,.996,0,0,0,1);es="Linear";ed="In";};["000-offset.011"]={cf=cfr(0,0,0,.269,-.963,-.02,.963,.27,-.018,.023,-.015,1);es="Linear";ed="In";};["000-offset.014"]={cf=cfr(0,0,0,.222,-.975,.013,.974,.222,.055,-.056,0,.998);es="Linear";ed="In";};["000-offset.006"]={cf=cfr(0,0,0,.202,-.956,.215,.481,.288,.828,-.853,-.064,.518);es="Linear";ed="In";};["000-offset.003"]={cf=cfr(0,0,0,.038,-.999,-.036,.456,.05,-.889,.889,.018,.457);es="Linear";ed="In";};["000-offset.007"]={cf=cfr(0,0,0,.689,-.725,0,.725,.689,0,0,0,1);es="Linear";ed="In";};["000-offset.004"]={cf=cfr(0,0,0,.289,-.957,0,.957,.289,0,0,0,1);es="Linear";ed="In";};["000-offset.008"]={cf=cfr(0,0,0,.467,-.443,.766,.518,.839,.169,-.717,.317,.621);es="Linear";ed="In";};["000-offset.005"]={cf=cfr(0,0,0,.754,-.655,.046,.647,.753,.119,-.113,-.06,.992);es="Linear";ed="In";};};{tm=.17;["root"]={cf=cfr(0,2.876,0,0,0,1,0,1,0,-1,0,0);es="Linear";ed="In";};["000-offset"]={cf=cfr(0,0,0,.758,.652,0,-.652,.758,0,0,0,1);es="Linear";ed="In";};["000-offset.009"]={cf=cfr(0,0,0,-.556,-.626,.546,.533,-.773,-.344,.637,.1,.764);es="Linear";ed="In";};["000-offset.012"]={cf=cfr(0,0,0,-.192,-.846,-.498,.865,-.386,.322,-.465,-.368,.805);es="Linear";ed="In";};["000-offset.001"]={cf=cfr(0,0,0,.928,.367,.061,-.364,.929,-.062,-.079,.035,.996);es="Linear";ed="In";};["000-offset.010"]={cf=cfr(0,0,0,-.395,.919,0,-.919,-.395,0,0,0,1);es="Linear";ed="In";};["000-offset.013"]={cf=cfr(0,0,0,.266,.964,0,-.964,.266,0,0,0,1);es="Linear";ed="In";};["004-offset"]={cf=cfr(0,0,0,.035,-.999,.003,.999,.035,0,0,.003,1);es="Linear";ed="In";};["002-offset"]={cf=cfr(0,0,0,.035,-.999,-.002,.999,.035,0,0,-.002,1);es="Linear";ed="In";};["000-offset.002"]={cf=cfr(0,0,0,.996,.09,0,-.09,.996,0,0,0,1);es="Linear";ed="In";};["000-offset.011"]={cf=cfr(0,0,0,.253,-.967,-.02,.967,.253,-.018,.022,-.015,1);es="Linear";ed="In";};["000-offset.014"]={cf=cfr(0,0,0,.235,-.972,.012,.97,.235,.054,-.055,-.001,.998);es="Linear";ed="In";};["000-offset.006"]={cf=cfr(0,0,0,.159,-.957,.242,.499,.289,.817,-.852,-.009,.524);es="Linear";ed="In";};["000-offset.003"]={cf=cfr(0,0,0,.037,-.998,-.046,.48,.058,-.875,.876,.01,.481);es="Linear";ed="In";};["000-offset.007"]={cf=cfr(0,0,0,.658,-.753,0,.753,.658,0,0,0,1);es="Linear";ed="In";};["000-offset.004"]={cf=cfr(0,0,0,.29,-.957,0,.957,.29,0,0,0,1);es="Linear";ed="In";};["000-offset.008"]={cf=cfr(0,0,0,.525,-.502,.688,.549,.817,.177,-.651,.285,.704);es="Linear";ed="In";};["000-offset.005"]={cf=cfr(0,0,0,.775,-.631,.029,.616,.765,.188,-.141,-.127,.982);es="Linear";ed="In";};};{tm=.213;["root"]={cf=cfr(0,2.876,0,0,0,1,0,1,0,-1,0,0);es="Linear";ed="In";};["000-offset"]={cf=cfr(0,0,0,.831,.557,0,-.557,.831,0,0,0,1);es="Linear";ed="In";};["000-offset.009"]={cf=cfr(0,0,0,-.551,-.639,.538,.553,-.761,-.338,.625,.111,.773);es="Linear";ed="In";};["000-offset.012"]={cf=cfr(0,0,0,-.197,-.846,-.496,.868,-.386,.313,-.456,-.369,.81);es="Linear";ed="In";};["000-offset.001"]={cf=cfr(0,0,0,.987,.114,.113,-.086,.971,-.223,-.135,.21,.968);es="Linear";ed="In";};["000-offset.010"]={cf=cfr(0,0,0,-.37,.929,0,-.929,-.37,0,0,0,1);es="Linear";ed="In";};["000-offset.013"]={cf=cfr(0,0,0,.258,.966,0,-.966,.258,0,0,0,1);es="Linear";ed="In";};["004-offset"]={cf=cfr(0,0,0,.034,-.999,.004,.999,.034,0,0,.004,1);es="Linear";ed="In";};["002-offset"]={cf=cfr(0,0,0,.034,-.999,-.003,.999,.034,0,0,-.003,1);es="Linear";ed="In";};["000-offset.002"]={cf=cfr(0,0,0,.997,.083,0,-.083,.997,0,0,0,1);es="Linear";ed="In";};["000-offset.011"]={cf=cfr(0,0,0,.236,-.971,-.02,.971,.237,-.018,.022,-.015,1);es="Linear";ed="In";};["000-offset.014"]={cf=cfr(0,0,0,.25,-.968,.012,.967,.251,.052,-.054,-.002,.999);es="Linear";ed="In";};["000-offset.006"]={cf=cfr(0,0,0,.11,-.956,.272,.514,.289,.808,-.851,.051,.523);es="Linear";ed="In";};["000-offset.003"]={cf=cfr(0,0,0,.035,-.998,-.056,.507,.066,-.86,.861,.001,.508);es="Linear";ed="In";};["000-offset.007"]={cf=cfr(0,0,0,.622,-.783,0,.783,.622,0,0,0,1);es="Linear";ed="In";};["000-offset.004"]={cf=cfr(0,0,0,.292,-.956,0,.956,.292,0,0,0,1);es="Linear";ed="In";};["000-offset.008"]={cf=cfr(0,0,0,.588,-.559,.584,.577,.796,.182,-.567,.23,.791);es="Linear";ed="In";};["000-offset.005"]={cf=cfr(0,0,0,.798,-.603,.016,.578,.771,.267,-.173,-.204,.964);es="Linear";ed="In";};};{tm=.255;["root"]={cf=cfr(0,2.848,0,0,0,1,0,1,0,-1,0,0);es="Linear";ed="In";};["000-offset"]={cf=cfr(0,0,0,.892,.451,0,-.451,.892,0,0,0,1);es="Linear";ed="In";};["000-offset.009"]={cf=cfr(0,0,0,-.543,-.652,.529,.576,-.747,-.331,.611,.125,.782);es="Linear";ed="In";};["000-offset.012"]={cf=cfr(0,0,0,-.203,-.846,-.494,.872,-.385,.302,-.446,-.369,.815);es="Linear";ed="In";};["000-offset.001"]={cf=cfr(0,0,0,.969,-.088,.23,.163,.93,-.33,-.184,.357,.916);es="Linear";ed="In";};["000-offset.010"]={cf=cfr(0,0,0,-.341,.94,0,-.94,-.341,0,0,0,1);es="Linear";ed="In";};["000-offset.013"]={cf=cfr(0,0,0,.248,.969,0,-.969,.248,0,0,0,1);es="Linear";ed="In";};["004-offset"]={cf=cfr(0,0,0,.034,-.999,.004,.999,.034,0,0,.004,1);es="Linear";ed="In";};["002-offset"]={cf=cfr(0,0,0,.034,-.999,-.004,.999,.034,.001,0,-.004,1);es="Linear";ed="In";};["000-offset.002"]={cf=cfr(0,0,0,.997,.076,0,-.076,.997,0,0,0,1);es="Linear";ed="In";};["000-offset.011"]={cf=cfr(0,0,0,.221,-.975,-.02,.975,.221,-.018,.021,-.015,1);es="Linear";ed="In";};["000-offset.014"]={cf=cfr(0,0,0,.267,-.964,.012,.962,.267,.051,-.053,-.003,.999);es="Linear";ed="In";};["000-offset.006"]={cf=cfr(0,0,0,.059,-.952,.302,.525,.287,.801,-.849,.111,.517);es="Linear";ed="In";};["000-offset.003"]={cf=cfr(0,0,0,.034,-.997,-.066,.534,.074,-.843,.845,-.007,.535);es="Linear";ed="In";};["000-offset.007"]={cf=cfr(0,0,0,.582,-.813,0,.813,.582,0,0,0,1);es="Linear";ed="In";};["000-offset.004"]={cf=cfr(0,0,0,.295,-.955,0,.955,.295,0,0,0,1);es="Linear";ed="In";};["000-offset.008"]={cf=cfr(0,0,0,.653,-.604,.457,.595,.782,.184,-.468,.152,.87);es="Linear";ed="In";};["000-offset.005"]={cf=cfr(0,0,0,.819,-.574,.008,.535,.768,.352,-.208,-.284,.936);es="Linear";ed="In";};};{tm=.298;["root"]={cf=cfr(0,2.806,0,0,0,1,0,1,0,-1,0,0);es="Linear";ed="In";};["000-offset"]={cf=cfr(0,0,0,.942,.336,0,-.336,.942,0,0,0,1);es="Linear";ed="In";};["000-offset.009"]={cf=cfr(0,0,0,-.533,-.667,.52,.601,-.731,-.322,.595,.141,.791);es="Linear";ed="In";};["000-offset.012"]={cf=cfr(0,0,0,-.209,-.846,-.491,.876,-.385,.291,-.435,-.369,.821);es="Linear";ed="In";};["000-offset.001"]={cf=cfr(0,0,0,.915,-.209,.344,.337,.864,-.373,-.219,.457,.862);es="Linear";ed="In";};["000-offset.010"]={cf=cfr(0,0,0,-.308,.951,0,-.951,-.308,0,0,0,1);es="Linear";ed="In";};["000-offset.013"]={cf=cfr(0,0,0,.237,.971,0,-.971,.237,0,0,0,1);es="Linear";ed="In";};["004-offset"]={cf=cfr(0,0,0,.034,-.999,.005,.999,.034,0,0,.005,1);es="Linear";ed="In";};["002-offset"]={cf=cfr(0,0,0,.034,-.999,-.005,.999,.034,.001,0,-.005,1);es="Linear";ed="In";};["000-offset.002"]={cf=cfr(0,0,0,.998,.067,0,-.067,.998,0,0,0,1);es="Linear";ed="In";};["000-offset.011"]={cf=cfr(0,0,0,.208,-.978,-.019,.978,.209,-.017,.021,-.015,1);es="Linear";ed="In";};["000-offset.014"]={cf=cfr(0,0,0,.284,-.959,.011,.957,.284,.051,-.052,-.004,.999);es="Linear";ed="In";};["000-offset.006"]={cf=cfr(0,0,0,.011,-.944,.329,.531,.284,.798,-.847,.166,.505);es="Linear";ed="In";};["000-offset.003"]={cf=cfr(0,0,0,.035,-.997,-.073,.559,.08,-.825,.828,-.012,.56);es="Linear";ed="In";};["000-offset.007"]={cf=cfr(0,0,0,.539,-.842,0,.842,.539,0,0,0,1);es="Linear";ed="In";};["000-offset.004"]={cf=cfr(0,0,0,.298,-.954,0,.954,.298,0,0,0,1);es="Linear";ed="In";};["000-offset.008"]={cf=cfr(0,0,0,.712,-.628,.314,.603,.776,.186,-.36,.057,.931);es="Linear";ed="In";};["000-offset.005"]={cf=cfr(0,0,0,.837,-.547,.005,.49,.754,.437,-.243,-.363,.899);es="Linear";ed="In";};};{tm=.34;["root"]={cf=cfr(0,2.778,0,0,0,1,0,1,0,-1,0,0);es="Linear";ed="In";};["000-offset"]={cf=cfr(0,0,0,.977,.213,0,-.213,.977,0,0,0,1);es="Linear";ed="In";};["000-offset.009"]={cf=cfr(0,0,0,-.521,-.683,.511,.628,-.713,-.313,.578,.158,.801);es="Linear";ed="In";};["000-offset.012"]={cf=cfr(0,0,0,-.216,-.846,-.488,.88,-.385,.278,-.423,-.369,.827);es="Linear";ed="In";};["000-offset.001"]={cf=cfr(0,0,0,.881,-.254,.399,.411,.828,-.38,-.234,.499,.834);es="Linear";ed="In";};["000-offset.010"]={cf=cfr(0,0,0,-.273,.962,0,-.962,-.273,0,0,0,1);es="Linear";ed="In";};["000-offset.013"]={cf=cfr(0,0,0,.226,.974,0,-.974,.226,0,0,0,1);es="Linear";ed="In";};["004-offset"]={cf=cfr(0,0,0,.034,-.999,.006,.999,.034,0,0,.006,1);es="Linear";ed="In";};["002-offset"]={cf=cfr(0,0,0,.034,-.999,-.005,.999,.034,.001,0,-.005,1);es="Linear";ed="In";};["000-offset.002"]={cf=cfr(0,0,0,.998,.057,0,-.057,.998,0,0,0,1);es="Linear";ed="In";};["000-offset.011"]={cf=cfr(0,0,0,.201,-.979,-.019,.979,.202,-.017,.021,-.015,1);es="Linear";ed="In";};["000-offset.014"]={cf=cfr(0,0,0,.301,-.954,.011,.952,.301,.05,-.051,-.005,.999);es="Linear";ed="In";};["000-offset.006"]={cf=cfr(0,0,0,-.031,-.936,.35,.533,.281,.798,-.846,.211,.491);es="Linear";ed="In";};["000-offset.003"]={cf=cfr(0,0,0,.038,-.996,-.077,.581,.084,-.809,.813,-.014,.583);es="Linear";ed="In";};["000-offset.007"]={cf=cfr(0,0,0,.495,-.869,0,.869,.495,0,0,0,1);es="Linear";ed="In";};["000-offset.004"]={cf=cfr(0,0,0,.302,-.953,0,.953,.302,0,0,0,1);es="Linear";ed="In";};["000-offset.008"]={cf=cfr(0,0,0,.762,-.626,.165,.598,.778,.191,-.247,-.047,.968);es="Linear";ed="In";};["000-offset.005"]={cf=cfr(0,0,0,.852,-.524,.008,.445,.731,.517,-.276,-.437,.856);es="Linear";ed="In";};};{tm=.383;["root"]={cf=cfr(0,2.764,0,0,0,1,0,1,0,-1,0,0);es="Linear";ed="In";};["000-offset"]={cf=cfr(0,0,0,.996,.085,0,-.085,.996,0,0,0,1);es="Linear";ed="In";};["000-offset.009"]={cf=cfr(0,0,0,-.507,-.699,.503,.655,-.693,-.303,.56,.176,.809);es="Linear";ed="In";};["000-offset.012"]={cf=cfr(0,0,0,-.223,-.846,-.485,.884,-.385,.266,-.412,-.37,.833);es="Linear";ed="In";};["000-offset.001"]={cf=cfr(0,0,0,.873,-.264,.409,.427,.82,-.381,-.235,.507,.829);es="Linear";ed="In";};["000-offset.010"]={cf=cfr(0,0,0,-.235,.972,0,-.972,-.235,0,0,0,1);es="Linear";ed="In";};["000-offset.013"]={cf=cfr(0,0,0,.214,.977,0,-.977,.214,0,0,0,1);es="Linear";ed="In";};["004-offset"]={cf=cfr(0,0,0,.034,-.999,.006,.999,.034,0,0,.006,1);es="Linear";ed="In";};["002-offset"]={cf=cfr(0,0,0,.034,-.999,-.005,.999,.034,.001,0,-.005,1);es="Linear";ed="In";};["000-offset.002"]={cf=cfr(0,0,0,.999,.045,0,-.045,.999,0,0,0,1);es="Linear";ed="In";};["000-offset.011"]={cf=cfr(0,0,0,.201,-.979,-.019,.979,.201,-.017,.021,-.015,1);es="Linear";ed="In";};["000-offset.014"]={cf=cfr(0,0,0,.316,-.949,.011,.947,.316,.05,-.051,-.006,.999);es="Linear";ed="In";};["000-offset.006"]={cf=cfr(0,0,0,-.061,-.93,.362,.533,.276,.8,-.844,.242,.479);es="Linear";ed="In";};["000-offset.003"]={cf=cfr(0,0,0,.045,-.996,-.075,.599,.087,-.796,.799,-.009,.601);es="Linear";ed="In";};["000-offset.007"]={cf=cfr(0,0,0,.454,-.891,0,.891,.454,0,0,0,1);es="Linear";ed="In";};["000-offset.004"]={cf=cfr(0,0,0,.307,-.952,0,.952,.307,0,0,0,1);es="Linear";ed="In";};["000-offset.008"]={cf=cfr(0,0,0,.8,-.6,.022,.584,.786,.201,-.137,-.148,.979);es="Linear";ed="In";};["000-offset.005"]={cf=cfr(0,0,0,.863,-.505,.014,.402,.701,.589,-.307,-.503,.808);es="Linear";ed="In";};};{tm=.425;["root"]={cf=cfr(0,2.764,0,0,0,1,0,1,0,-1,0,0);es="Linear";ed="In";};["000-offset"]={cf=cfr(0,0,0,.999,-.048,0,.048,.999,0,0,0,1);es="Linear";ed="In";};["000-offset.009"]={cf=cfr(0,0,0,-.491,-.716,.496,.682,-.671,-.292,.542,.195,.817);es="Linear";ed="In";};["000-offset.012"]={cf=cfr(0,0,0,-.23,-.846,-.482,.888,-.385,.253,-.4,-.37,.839);es="Linear";ed="In";};["000-offset.001"]={cf=cfr(0,0,0,.869,-.27,.414,.435,.816,-.381,-.235,.512,.827);es="Linear";ed="In";};["000-offset.010"]={cf=cfr(0,0,0,-.196,.981,0,-.981,-.196,0,0,0,1);es="Linear";ed="In";};["000-offset.013"]={cf=cfr(0,0,0,.203,.979,0,-.979,.203,0,0,0,1);es="Linear";ed="In";};["004-offset"]={cf=cfr(0,0,0,.033,-.999,.005,.999,.033,0,0,.005,1);es="Linear";ed="In";};["002-offset"]={cf=cfr(0,0,0,.033,-.999,-.005,.999,.033,.001,0,-.005,1);es="Linear";ed="In";};["000-offset.002"]={cf=cfr(0,0,0,.999,.032,0,-.032,.999,0,0,0,1);es="Linear";ed="In";};["000-offset.011"]={cf=cfr(0,0,0,.207,-.978,-.019,.978,.207,-.017,.021,-.015,1);es="Linear";ed="In";};["000-offset.014"]={cf=cfr(0,0,0,.331,-.944,.011,.942,.331,.05,-.051,-.006,.999);es="Linear";ed="In";};["000-offset.006"]={cf=cfr(0,0,0,-.076,-.928,.364,.535,.27,.801,-.842,.255,.476);es="Linear";ed="In";};["000-offset.003"]={cf=cfr(0,0,0,.057,-.996,-.067,.61,.088,-.787,.79,.004,.613);es="Linear";ed="In";};["000-offset.007"]={cf=cfr(0,0,0,.418,-.909,0,.909,.418,0,0,0,1);es="Linear";ed="In";};["000-offset.004"]={cf=cfr(0,0,0,.313,-.95,0,.95,.313,0,0,0,1);es="Linear";ed="In";};["000-offset.008"]={cf=cfr(0,0,0,.825,-.556,-.103,.564,.797,.215,-.037,-.235,.971);es="Linear";ed="In";};["000-offset.005"]={cf=cfr(0,0,0,.87,-.492,.021,.363,.669,.649,-.333,-.557,.761);es="Linear";ed="In";};};{tm=.468;["root"]={cf=cfr(0,2.792,0,0,0,1,0,1,0,-1,0,0);es="Linear";ed="In";};["000-offset"]={cf=cfr(0,0,0,.984,-.181,0,.181,.984,0,0,0,1);es="Linear";ed="In";};["000-offset.009"]={cf=cfr(0,0,0,-.474,-.731,.491,.708,-.648,-.282,.524,.214,.824);es="Linear";ed="In";};["000-offset.012"]={cf=cfr(0,0,0,-.236,-.846,-.478,.891,-.385,.241,-.388,-.369,.844);es="Linear";ed="In";};["000-offset.001"]={cf=cfr(0,0,0,.868,-.273,.415,.438,.814,-.382,-.233,.513,.826);es="Linear";ed="In";};["000-offset.010"]={cf=cfr(0,0,0,-.156,.988,0,-.988,-.156,0,0,0,1);es="Linear";ed="In";};["000-offset.013"]={cf=cfr(0,0,0,.192,.981,0,-.981,.192,0,0,0,1);es="Linear";ed="In";};["004-offset"]={cf=cfr(0,0,0,.033,-.999,.004,.999,.033,0,0,.004,1);es="Linear";ed="In";};["002-offset"]={cf=cfr(0,0,0,.033,-.999,-.004,.999,.033,.001,0,-.004,1);es="Linear";ed="In";};["000-offset.002"]={cf=cfr(0,0,0,1,.019,0,-.019,1,0,0,0,1);es="Linear";ed="In";};["000-offset.011"]={cf=cfr(0,0,0,.216,-.976,-.02,.976,.216,-.018,.021,-.015,1);es="Linear";ed="In";};["000-offset.014"]={cf=cfr(0,0,0,.346,-.938,.011,.937,.346,.051,-.051,-.007,.999);es="Linear";ed="In";};["000-offset.006"]={cf=cfr(0,0,0,-.071,-.933,.353,.538,.262,.801,-.84,.247,.484);es="Linear";ed="In";};["000-offset.003"]={cf=cfr(0,0,0,.074,-.996,-.052,.613,.086,-.785,.787,.026,.617);es="Linear";ed="In";};["000-offset.007"]={cf=cfr(0,0,0,.388,-.922,0,.922,.388,0,0,0,1);es="Linear";ed="In";};["000-offset.004"]={cf=cfr(0,0,0,.319,-.948,0,.948,.319,0,0,0,1);es="Linear";ed="In";};["000-offset.008"]={cf=cfr(0,0,0,.839,-.506,-.202,.543,.808,.229,.048,-.302,.952);es="Linear";ed="In";};["000-offset.005"]={cf=cfr(0,0,0,.875,-.484,.027,.331,.638,.695,-.354,-.599,.718);es="Linear";ed="In";};};{tm=.51;["root"]={cf=cfr(0,2.848,0,0,0,1,0,1,0,-1,0,0);es="Linear";ed="In";};["000-offset"]={cf=cfr(0,0,0,.95,-.312,0,.312,.95,0,0,0,1);es="Linear";ed="In";};["000-offset.009"]={cf=cfr(0,0,0,-.454,-.746,.487,.733,-.624,-.272,.506,.233,.83);es="Linear";ed="In";};["000-offset.012"]={cf=cfr(0,0,0,-.243,-.846,-.475,.894,-.385,.229,-.377,-.369,.85);es="Linear";ed="In";};["000-offset.001"]={cf=cfr(0,0,0,.87,-.273,.41,.436,.815,-.382,-.23,.511,.828);es="Linear";ed="In";};["000-offset.010"]={cf=cfr(0,0,0,-.115,.993,0,-.993,-.115,0,0,0,1);es="Linear";ed="In";};["000-offset.013"]={cf=cfr(0,0,0,.181,.984,0,-.984,.181,0,0,0,1);es="Linear";ed="In";};["004-offset"]={cf=cfr(0,0,0,.033,-.999,.003,.999,.033,0,0,.003,1);es="Linear";ed="In";};["002-offset"]={cf=cfr(0,0,0,.033,-.999,-.002,.999,.033,0,0,-.002,1);es="Linear";ed="In";};["000-offset.002"]={cf=cfr(0,0,0,1,.003,0,-.003,1,0,0,0,1);es="Linear";ed="In";};["000-offset.011"]={cf=cfr(0,0,0,.228,-.973,-.02,.973,.228,-.018,.022,-.015,1);es="Linear";ed="In";};["000-offset.014"]={cf=cfr(0,0,0,.361,-.933,.011,.931,.361,.052,-.052,-.008,.999);es="Linear";ed="In";};["000-offset.006"]={cf=cfr(0,0,0,-.042,-.944,.326,.544,.252,.8,-.838,.211,.503);es="Linear";ed="In";};["000-offset.003"]={cf=cfr(0,0,0,.096,-.995,-.028,.606,.08,-.792,.79,.059,.61);es="Linear";ed="In";};["000-offset.007"]={cf=cfr(0,0,0,.369,-.929,0,.929,.369,0,0,0,1);es="Linear";ed="In";};["000-offset.004"]={cf=cfr(0,0,0,.326,-.945,0,.945,.326,0,0,0,1);es="Linear";ed="In";};["000-offset.008"]={cf=cfr(0,0,0,.844,-.463,-.27,.524,.817,.239,.11,-.343,.933);es="Linear";ed="In";};["000-offset.005"]={cf=cfr(0,0,0,.878,-.478,.03,.309,.613,.728,-.366,-.629,.685);es="Linear";ed="In";};};{tm=.553;["root"]={cf=cfr(0,2.919,0,0,0,1,0,1,0,-1,0,0);es="Linear";ed="In";};["000-offset"]={cf=cfr(0,0,0,.898,-.439,0,.439,.898,0,0,0,1);es="Linear";ed="In";};["000-offset.009"]={cf=cfr(0,0,0,-.434,-.759,.484,.756,-.6,-.262,.49,.252,.835);es="Linear";ed="In";};["000-offset.012"]={cf=cfr(0,0,0,-.249,-.846,-.472,.897,-.385,.218,-.366,-.369,.854);es="Linear";ed="In";};["000-offset.001"]={cf=cfr(0,0,0,.875,-.27,.402,.429,.819,-.382,-.226,.507,.832);es="Linear";ed="In";};["000-offset.010"]={cf=cfr(0,0,0,-.076,.997,0,-.997,-.076,0,0,0,1);es="Linear";ed="In";};["000-offset.013"]={cf=cfr(0,0,0,.171,.985,0,-.985,.171,0,0,0,1);es="Linear";ed="In";};["004-offset"]={cf=cfr(0,0,0,.033,-.999,0,.999,.033,0,0,0,1);es="Linear";ed="In";};["002-offset"]={cf=cfr(0,0,0,.033,-.999,0,.999,.033,0,0,0,1);es="Linear";ed="In";};["000-offset.002"]={cf=cfr(0,0,0,1,-.013,0,.013,1,0,0,0,1);es="Linear";ed="In";};["000-offset.011"]={cf=cfr(0,0,0,.243,-.97,-.02,.97,.244,-.018,.022,-.015,1);es="Linear";ed="In";};["000-offset.014"]={cf=cfr(0,0,0,.376,-.926,.012,.925,.376,.053,-.053,-.009,.999);es="Linear";ed="In";};["000-offset.006"]={cf=cfr(0,0,0,.015,-.96,.279,.548,.241,.801,-.836,.141,.53);es="Linear";ed="In";};["000-offset.003"]={cf=cfr(0,0,0,.123,-.992,.005,.585,.069,-.808,.801,.102,.589);es="Linear";ed="In";};["000-offset.007"]={cf=cfr(0,0,0,.362,-.932,0,.932,.362,0,0,0,1);es="Linear";ed="In";};["000-offset.004"]={cf=cfr(0,0,0,.334,-.942,0,.942,.334,0,0,0,1);es="Linear";ed="In";};["000-offset.008"]={cf=cfr(0,0,0,.846,-.439,-.303,.513,.825,.237,.146,-.356,.923);es="Linear";ed="In";};["000-offset.005"]={cf=cfr(0,0,0,.88,-.474,.028,.298,.598,.744,-.37,-.647,.667);es="Linear";ed="In";};};{tm=.595;["root"]={cf=cfr(0,2.975,0,0,0,1,0,1,0,-1,0,0);es="Linear";ed="In";};["000-offset"]={cf=cfr(0,0,0,.829,-.559,0,.559,.829,0,0,0,1);es="Linear";ed="In";};["000-offset.009"]={cf=cfr(0,0,0,-.414,-.771,.483,.777,-.576,-.254,.474,.271,.838);es="Linear";ed="In";};["000-offset.012"]={cf=cfr(0,0,0,-.254,-.846,-.469,.899,-.385,.209,-.357,-.369,.858);es="Linear";ed="In";};["000-offset.001"]={cf=cfr(0,0,0,.882,-.264,.39,.416,.825,-.382,-.221,.499,.838);es="Linear";ed="In";};["000-offset.010"]={cf=cfr(0,0,0,-.038,.999,0,-.999,-.038,0,0,0,1);es="Linear";ed="In";};["000-offset.013"]={cf=cfr(0,0,0,.162,.987,0,-.987,.162,0,0,0,1);es="Linear";ed="In";};["004-offset"]={cf=cfr(0,0,0,.033,-.999,-.003,.999,.033,0,0,-.003,1);es="Linear";ed="In";};["002-offset"]={cf=cfr(0,0,0,.033,-.999,.003,.999,.033,0,0,.003,1);es="Linear";ed="In";};["000-offset.002"]={cf=cfr(0,0,0,1,-.03,0,.03,1,0,0,0,1);es="Linear";ed="In";};["000-offset.011"]={cf=cfr(0,0,0,.262,-.965,-.021,.965,.262,-.018,.023,-.015,1);es="Linear";ed="In";};["000-offset.014"]={cf=cfr(0,0,0,.392,-.92,.012,.918,.392,.054,-.054,-.01,.998);es="Linear";ed="In";};["000-offset.006"]={cf=cfr(0,0,0,.096,-.972,.213,.543,.231,.808,-.834,.038,.55);es="Linear";ed="In";};["000-offset.003"]={cf=cfr(0,0,0,.152,-.987,.043,.555,.049,-.831,.818,.15,.555);es="Linear";ed="In";};["000-offset.007"]={cf=cfr(0,0,0,.364,-.931,0,.931,.364,0,0,0,1);es="Linear";ed="In";};["000-offset.004"]={cf=cfr(0,0,0,.343,-.939,0,.939,.343,0,0,0,1);es="Linear";ed="In";};["000-offset.008"]={cf=cfr(0,0,0,.846,-.43,-.317,.507,.831,.227,.166,-.353,.921);es="Linear";ed="In";};["000-offset.005"]={cf=cfr(0,0,0,.882,-.47,.023,.294,.589,.753,-.367,-.657,.658);es="Linear";ed="In";};};{tm=.638;["root"]={cf=cfr(0,3.031,0,0,0,1,0,1,0,-1,0,0);es="Linear";ed="In";};["000-offset"]={cf=cfr(0,0,0,.744,-.668,0,.668,.744,0,0,0,1);es="Linear";ed="In";};["000-offset.009"]={cf=cfr(0,0,0,-.394,-.782,.484,.795,-.553,-.247,.461,.287,.84);es="Linear";ed="In";};["000-offset.012"]={cf=cfr(0,0,0,-.258,-.846,-.467,.901,-.385,.2,-.349,-.368,.861);es="Linear";ed="In";};["000-offset.001"]={cf=cfr(0,0,0,.891,-.256,.375,.4,.833,-.381,-.215,.49,.845);es="Linear";ed="In";};["000-offset.010"]={cf=cfr(0,0,0,-.002,1,0,-1,-.002,0,0,0,1);es="Linear";ed="In";};["000-offset.013"]={cf=cfr(0,0,0,.155,.988,0,-.988,.155,0,0,0,1);es="Linear";ed="In";};["004-offset"]={cf=cfr(0,0,0,.032,-.999,-.006,.999,.032,0,0,-.006,1);es="Linear";ed="In";};["002-offset"]={cf=cfr(0,0,0,.032,-.999,.006,.999,.032,-.001,0,.006,1);es="Linear";ed="In";};["000-offset.002"]={cf=cfr(0,0,0,.999,-.049,0,.049,.999,0,0,0,1);es="Linear";ed="In";};["000-offset.011"]={cf=cfr(0,0,0,.283,-.959,-.021,.959,.284,-.018,.024,-.015,1);es="Linear";ed="In";};["000-offset.014"]={cf=cfr(0,0,0,.409,-.912,.013,.911,.409,.055,-.055,-.011,.998);es="Linear";ed="In";};["000-offset.006"]={cf=cfr(0,0,0,.188,-.973,.137,.521,.217,.826,-.833,-.084,.547);es="Linear";ed="In";};["000-offset.003"]={cf=cfr(0,0,0,.179,-.98,.085,.516,.021,-.856,.837,.197,.51);es="Linear";ed="In";};["000-offset.007"]={cf=cfr(0,0,0,.367,-.93,0,.93,.367,0,0,0,1);es="Linear";ed="In";};["000-offset.004"]={cf=cfr(0,0,0,.353,-.936,0,.936,.353,0,0,0,1);es="Linear";ed="In";};["000-offset.008"]={cf=cfr(0,0,0,.845,-.423,-.326,.502,.838,.214,.183,-.345,.921);es="Linear";ed="In";};["000-offset.005"]={cf=cfr(0,0,0,.885,-.466,.017,.291,.582,.759,-.363,-.667,.65);es="Linear";ed="In";};};{tm=.68;["root"]={cf=cfr(0,3.074,0,0,0,1,0,1,0,-1,0,0);es="Linear";ed="In";};["000-offset"]={cf=cfr(0,0,0,.644,-.765,0,.765,.644,0,0,0,1);es="Linear";ed="In";};["000-offset.009"]={cf=cfr(0,0,0,-.375,-.79,.485,.811,-.533,-.242,.45,.303,.84);es="Linear";ed="In";};["000-offset.012"]={cf=cfr(0,0,0,-.261,-.846,-.465,.902,-.385,.194,-.343,-.368,.864);es="Linear";ed="In";};["000-offset.001"]={cf=cfr(0,0,0,.902,-.245,.357,.379,.844,-.38,-.208,.478,.854);es="Linear";ed="In";};["000-offset.010"]={cf=cfr(0,0,0,.031,1,0,-1,.031,0,0,0,1);es="Linear";ed="In";};["000-offset.013"]={cf=cfr(0,0,0,.149,.989,0,-.989,.149,0,0,0,1);es="Linear";ed="In";};["004-offset"]={cf=cfr(0,0,0,.032,-.999,-.01,.999,.032,.001,0,-.01,1);es="Linear";ed="In";};["002-offset"]={cf=cfr(0,0,0,.032,-.999,.009,.999,.032,-.001,.001,.009,1);es="Linear";ed="In";};["000-offset.002"]={cf=cfr(0,0,0,.998,-.068,0,.068,.998,0,0,0,1);es="Linear";ed="In";};["000-offset.011"]={cf=cfr(0,0,0,.308,-.951,-.021,.951,.308,-.019,.024,-.014,1);es="Linear";ed="In";};["000-offset.014"]={cf=cfr(0,0,0,.427,-.904,.013,.903,.427,.056,-.056,-.012,.998);es="Linear";ed="In";};["000-offset.006"]={cf=cfr(0,0,0,.286,-.956,.058,.477,.194,.857,-.831,-.218,.512);es="Linear";ed="In";};["000-offset.003"]={cf=cfr(0,0,0,.204,-.971,.127,.471,-.016,-.882,.858,.24,.454);es="Linear";ed="In";};["000-offset.007"]={cf=cfr(0,0,0,.372,-.928,0,.928,.372,0,0,0,1);es="Linear";ed="In";};["000-offset.004"]={cf=cfr(0,0,0,.363,-.932,0,.932,.363,0,0,0,1);es="Linear";ed="In";};["000-offset.008"]={cf=cfr(0,0,0,.844,-.42,-.333,.498,.844,.199,.198,-.334,.922);es="Linear";ed="In";};["000-offset.005"]={cf=cfr(0,0,0,.887,-.461,.01,.29,.575,.765,-.358,-.676,.644);es="Linear";ed="In";};};{tm=.723;["000-offset"]={cf=cfr(0,0,0,.531,-.847,0,.847,.531,0,0,0,1);es="Linear";ed="In";};["000-offset.009"]={cf=cfr(0,0,0,-.357,-.796,.488,.823,-.516,-.239,.442,.316,.84);es="Linear";ed="In";};["000-offset.012"]={cf=cfr(0,0,0,-.264,-.846,-.463,.903,-.386,.19,-.34,-.368,.865);es="Linear";ed="In";};["000-offset.001"]={cf=cfr(0,0,0,.913,-.231,.335,.354,.856,-.377,-.2,.463,.863);es="Linear";ed="In";};["000-offset.010"]={cf=cfr(0,0,0,.06,.998,0,-.998,.06,0,0,0,1);es="Linear";ed="In";};["000-offset.013"]={cf=cfr(0,0,0,.145,.989,0,-.989,.145,0,0,0,1);es="Linear";ed="In";};["004-offset"]={cf=cfr(0,0,0,.032,-.999,-.014,.999,.032,.001,0,-.014,1);es="Linear";ed="In";};["002-offset"]={cf=cfr(0,0,0,.032,-.999,.013,.999,.032,-.001,.001,.013,1);es="Linear";ed="In";};["000-offset.002"]={cf=cfr(0,0,0,.996,-.089,0,.089,.996,0,0,0,1);es="Linear";ed="In";};["000-offset.011"]={cf=cfr(0,0,0,.335,-.942,-.021,.942,.335,-.019,.025,-.014,1);es="Linear";ed="In";};["000-offset.014"]={cf=cfr(0,0,0,.445,-.895,.014,.894,.445,.056,-.057,-.013,.998);es="Linear";ed="In";};["000-offset.006"]={cf=cfr(0,0,0,.383,-.924,-.015,.408,.154,.9,-.829,-.35,.436);es="Linear";ed="In";};["000-offset.003"]={cf=cfr(0,0,0,.224,-.96,.17,.42,-.063,-.905,.879,.274,.389);es="Linear";ed="In";};["000-offset.007"]={cf=cfr(0,0,0,.379,-.925,0,.925,.379,0,0,0,1);es="Linear";ed="In";};["000-offset.004"]={cf=cfr(0,0,0,.374,-.928,0,.928,.374,0,0,0,1);es="Linear";ed="In";};["000-offset.008"]={cf=cfr(0,0,0,.843,-.419,-.336,.495,.85,.181,.21,-.319,.924);es="Linear";ed="In";};["000-offset.005"]={cf=cfr(0,0,0,.89,-.456,.002,.29,.57,.769,-.352,-.684,.639);es="Linear";ed="In";};};{tm=.766;["root"]={cf=cfr(0,3.074,0,0,0,1,0,1,0,-1,0,0);es="Linear";ed="In";};["000-offset"]={cf=cfr(0,0,0,.408,-.913,0,.913,.408,0,0,0,1);es="Linear";ed="In";};["000-offset.009"]={cf=cfr(0,0,0,-.343,-.801,.491,.832,-.502,-.238,.437,.327,.838);es="Linear";ed="In";};["000-offset.012"]={cf=cfr(0,0,0,-.264,-.846,-.463,.903,-.386,.189,-.338,-.368,.866);es="Linear";ed="In";};["000-offset.001"]={cf=cfr(0,0,0,.926,-.214,.312,.326,.869,-.372,-.191,.447,.874);es="Linear";ed="In";};["000-offset.010"]={cf=cfr(0,0,0,.085,.996,0,-.996,.085,0,0,0,1);es="Linear";ed="In";};["000-offset.013"]={cf=cfr(0,0,0,.144,.99,0,-.99,.144,0,0,0,1);es="Linear";ed="In";};["004-offset"]={cf=cfr(0,0,0,.031,-.999,-.018,1,.031,.001,0,-.018,1);es="Linear";ed="In";};["002-offset"]={cf=cfr(0,0,0,.031,-.999,.017,1,.031,-.002,.001,.017,1);es="Linear";ed="In";};["000-offset.002"]={cf=cfr(0,0,0,.994,-.11,0,.11,.994,0,0,0,1);es="Linear";ed="In";};["000-offset.011"]={cf=cfr(0,0,0,.364,-.931,-.022,.931,.365,-.019,.025,-.013,1);es="Linear";ed="In";};["000-offset.014"]={cf=cfr(0,0,0,.464,-.886,.014,.884,.464,.057,-.057,-.014,.998);es="Linear";ed="In";};["000-offset.006"]={cf=cfr(0,0,0,.468,-.881,-.071,.311,.089,.946,-.827,-.465,.316);es="Linear";ed="In";};["000-offset.003"]={cf=cfr(0,0,0,.236,-.948,.213,.365,-.117,-.924,.901,.296,.318);es="Linear";ed="In";};["000-offset.007"]={cf=cfr(0,0,0,.388,-.922,0,.922,.388,0,0,0,1);es="Linear";ed="In";};["000-offset.004"]={cf=cfr(0,0,0,.385,-.923,0,.923,.385,0,0,0,1);es="Linear";ed="In";};["000-offset.008"]={cf=cfr(0,0,0,.842,-.421,-.337,.492,.856,.161,.221,-.302,.928);es="Linear";ed="In";};["000-offset.005"]={cf=cfr(0,0,0,.892,-.451,-.007,.292,.565,.772,-.344,-.691,.636);es="Linear";ed="In";};};{tm=.808;["root"]={cf=cfr(0,3.06,0,0,0,1,0,1,0,-1,0,0);es="Linear";ed="In";};["000-offset"]={cf=cfr(0,0,0,.278,-.961,0,.961,.278,0,0,0,1);es="Linear";ed="In";};["000-offset.009"]={cf=cfr(0,0,0,-.333,-.801,.497,.832,-.498,-.245,.444,.332,.833);es="Linear";ed="In";};["000-offset.012"]={cf=cfr(0,0,0,-.26,-.846,-.465,.902,-.386,.196,-.346,-.368,.863);es="Linear";ed="In";};["000-offset.001"]={cf=cfr(0,0,0,.938,-.194,.287,.294,.883,-.366,-.182,.428,.885);es="Linear";ed="In";};["000-offset.010"]={cf=cfr(0,0,0,.102,.995,0,-.995,.102,0,0,0,1);es="Linear";ed="In";};["000-offset.013"]={cf=cfr(0,0,0,.151,.989,0,-.989,.151,0,0,0,1);es="Linear";ed="In";};["004-offset"]={cf=cfr(0,0,0,.03,-.999,-.022,1,.03,.001,0,-.022,1);es="Linear";ed="In";};["002-offset"]={cf=cfr(0,0,0,.03,-.999,.021,1,.03,-.002,.001,.021,1);es="Linear";ed="In";};["000-offset.002"]={cf=cfr(0,0,0,.991,-.133,0,.133,.991,0,0,0,1);es="Linear";ed="In";};["000-offset.011"]={cf=cfr(0,0,0,.405,-.914,-.021,.914,.406,-.019,.026,-.012,1);es="Linear";ed="In";};["000-offset.014"]={cf=cfr(0,0,0,.49,-.872,.014,.87,.49,.057,-.057,-.016,.998);es="Linear";ed="In";};["000-offset.006"]={cf=cfr(0,0,0,.532,-.84,-.106,.189,-.004,.982,-.825,-.543,.156);es="Linear";ed="In";};["000-offset.003"]={cf=cfr(0,0,0,.239,-.936,.256,.306,-.178,-.935,.921,.302,.244);es="Linear";ed="In";};["000-offset.007"]={cf=cfr(0,0,0,.397,-.918,0,.918,.397,0,0,0,1);es="Linear";ed="In";};["000-offset.004"]={cf=cfr(0,0,0,.396,-.918,0,.918,.396,0,0,0,1);es="Linear";ed="In";};["000-offset.008"]={cf=cfr(0,0,0,.841,-.425,-.335,.49,.86,.139,.229,-.281,.932);es="Linear";ed="In";};["000-offset.005"]={cf=cfr(0,0,0,.895,-.446,-.016,.294,.561,.774,-.336,-.697,.633);es="Linear";ed="In";};};{tm=.851;["root"]={cf=cfr(0,3.046,0,0,0,1,0,1,0,-1,0,0);es="Linear";ed="In";};["000-offset"]={cf=cfr(0,0,0,.143,-.99,0,.99,.143,0,0,0,1);es="Linear";ed="In";};["000-offset.009"]={cf=cfr(0,0,0,-.33,-.796,.507,.822,-.507,-.261,.465,.33,.822);es="Linear";ed="In";};["000-offset.012"]={cf=cfr(0,0,0,-.25,-.846,-.471,.897,-.385,.216,-.364,-.369,.855);es="Linear";ed="In";};["000-offset.001"]={cf=cfr(0,0,0,.95,-.171,.26,.259,.897,-.358,-.172,.407,.897);es="Linear";ed="In";};["000-offset.010"]={cf=cfr(0,0,0,.111,.994,0,-.994,.111,0,0,0,1);es="Linear";ed="In";};["000-offset.013"]={cf=cfr(0,0,0,.169,.986,0,-.986,.169,0,0,0,1);es="Linear";ed="In";};["004-offset"]={cf=cfr(0,0,0,.029,-.999,-.027,1,.029,.001,0,-.027,1);es="Linear";ed="In";};["002-offset"]={cf=cfr(0,0,0,.029,-.999,.025,1,.029,-.002,.002,.025,1);es="Linear";ed="In";};["000-offset.002"]={cf=cfr(0,0,0,.988,-.156,0,.156,.988,0,0,0,1);es="Linear";ed="In";};["000-offset.011"]={cf=cfr(0,0,0,.461,-.887,-.021,.887,.461,-.018,.026,-.01,1);es="Linear";ed="In";};["000-offset.014"]={cf=cfr(0,0,0,.524,-.852,.014,.85,.524,.057,-.056,-.018,.998);es="Linear";ed="In";};["000-offset.006"]={cf=cfr(0,0,0,.565,-.815,-.125,.047,-.119,.992,-.824,-.567,-.029);es="Linear";ed="In";};["000-offset.003"]={cf=cfr(0,0,0,.233,-.925,.3,.246,-.243,-.938,.941,.293,.171);es="Linear";ed="In";};["000-offset.007"]={cf=cfr(0,0,0,.408,-.913,0,.913,.408,0,0,0,1);es="Linear";ed="In";};["000-offset.004"]={cf=cfr(0,0,0,.408,-.913,0,.913,.408,0,0,0,1);es="Linear";ed="In";};["000-offset.008"]={cf=cfr(0,0,0,.84,-.431,-.329,.489,.865,.115,.235,-.257,.937);es="Linear";ed="In";};["000-offset.005"]={cf=cfr(0,0,0,.897,-.44,-.027,.297,.559,.774,-.326,-.703,.632);es="Linear";ed="In";};};{tm=.893;["root"]={cf=cfr(0,3.031,0,0,0,1,0,1,0,-1,0,0);es="Linear";ed="In";};["000-offset"]={cf=cfr(0,0,0,.005,-1,0,1,.005,0,0,0,1);es="Linear";ed="In";};["000-offset.009"]={cf=cfr(0,0,0,-.332,-.788,.519,.803,-.524,-.283,.495,.323,.807);es="Linear";ed="In";};["000-offset.012"]={cf=cfr(0,0,0,-.235,-.846,-.479,.89,-.385,.244,-.39,-.369,.843);es="Linear";ed="In";};["000-offset.001"]={cf=cfr(0,0,0,.962,-.145,.233,.221,.911,-.347,-.162,.385,.909);es="Linear";ed="In";};["000-offset.010"]={cf=cfr(0,0,0,.111,.994,0,-.994,.111,0,0,0,1);es="Linear";ed="In";};["000-offset.013"]={cf=cfr(0,0,0,.195,.981,0,-.981,.195,0,0,0,1);es="Linear";ed="In";};["004-offset"]={cf=cfr(0,0,0,.028,-.999,-.031,1,.028,.001,0,-.031,1);es="Linear";ed="In";};["002-offset"]={cf=cfr(0,0,0,.028,-.999,.03,1,.028,-.003,.002,.03,1);es="Linear";ed="In";};["000-offset.002"]={cf=cfr(0,0,0,.984,-.18,0,.18,.984,0,0,0,1);es="Linear";ed="In";};["000-offset.011"]={cf=cfr(0,0,0,.521,-.853,-.021,.853,.521,-.018,.027,-.008,1);es="Linear";ed="In";};["000-offset.014"]={cf=cfr(0,0,0,.56,-.829,.014,.827,.559,.057,-.055,-.02,.998);es="Linear";ed="In";};["000-offset.006"]={cf=cfr(0,0,0,.56,-.816,-.142,-.105,-.24,.965,-.822,-.526,-.22);es="Linear";ed="In";};["000-offset.003"]={cf=cfr(0,0,0,.216,-.913,.346,.188,-.309,-.932,.958,.266,.105);es="Linear";ed="In";};["000-offset.007"]={cf=cfr(0,0,0,.42,-.907,0,.907,.42,0,0,0,1);es="Linear";ed="In";};["000-offset.004"]={cf=cfr(0,0,0,.421,-.907,0,.907,.421,0,0,0,1);es="Linear";ed="In";};["000-offset.008"]={cf=cfr(0,0,0,.839,-.44,-.322,.489,.868,.088,.24,-.231,.943);es="Linear";ed="In";};["000-offset.005"]={cf=cfr(0,0,0,.9,-.434,-.038,.301,.557,.774,-.315,-.708,.632);es="Linear";ed="In";};};{tm=.936;["root"]={cf=cfr(0,3.017,0,0,0,1,0,1,0,-1,0,0);es="Linear";ed="In";};["000-offset"]={cf=cfr(0,0,0,-.131,-.991,0,.991,-.131,0,0,0,1);es="Linear";ed="In";};["000-offset.009"]={cf=cfr(0,0,0,-.335,-.778,.532,.78,-.545,-.306,.528,.313,.789);es="Linear";ed="In";};["000-offset.012"]={cf=cfr(0,0,0,-.218,-.846,-.487,.881,-.385,.274,-.419,-.369,.829);es="Linear";ed="In";};["000-offset.001"]={cf=cfr(0,0,0,.972,-.116,.205,.181,.925,-.334,-.151,.362,.92);es="Linear";ed="In";};["000-offset.010"]={cf=cfr(0,0,0,.111,.994,0,-.994,.111,0,0,0,1);es="Linear";ed="In";};["000-offset.013"]={cf=cfr(0,0,0,.222,.975,0,-.975,.222,0,0,0,1);es="Linear";ed="In";};["004-offset"]={cf=cfr(0,0,0,.027,-.999,-.036,1,.027,.001,0,-.036,.999);es="Linear";ed="In";};["002-offset"]={cf=cfr(0,0,0,.026,-.999,.034,1,.026,-.003,.002,.034,.999);es="Linear";ed="In";};["000-offset.002"]={cf=cfr(0,0,0,.979,-.205,0,.205,.979,0,0,0,1);es="Linear";ed="In";};["000-offset.011"]={cf=cfr(0,0,0,.578,-.815,-.021,.815,.579,-.018,.027,-.007,1);es="Linear";ed="In";};["000-offset.014"]={cf=cfr(0,0,0,.593,-.805,.014,.804,.592,.057,-.054,-.022,.998);es="Linear";ed="In";};["000-offset.006"]={cf=cfr(0,0,0,.513,-.84,-.175,-.255,-.344,.904,-.82,-.419,-.391);es="Linear";ed="In";};["000-offset.003"]={cf=cfr(0,0,0,.188,-.9,.394,.134,-.374,-.918,.973,.225,.05);es="Linear";ed="In";};["000-offset.007"]={cf=cfr(0,0,0,.433,-.901,0,.901,.433,0,0,0,1);es="Linear";ed="In";};["000-offset.004"]={cf=cfr(0,0,0,.433,-.901,0,.901,.433,0,0,0,1);es="Linear";ed="In";};["000-offset.008"]={cf=cfr(0,0,0,.838,-.449,-.311,.489,.87,.061,.243,-.203,.948);es="Linear";ed="In";};["000-offset.005"]={cf=cfr(0,0,0,.902,-.428,-.049,.306,.556,.773,-.304,-.712,.633);es="Linear";ed="In";};};{tm=.978;["root"]={cf=cfr(0,2.989,0,0,0,1,0,1,0,-1,0,0);es="Linear";ed="In";};["000-offset"]={cf=cfr(0,0,0,-.263,-.965,0,.965,-.263,0,0,0,1);es="Linear";ed="In";};["000-offset.009"]={cf=cfr(0,0,0,-.337,-.767,.546,.756,-.566,-.328,.56,.302,.771);es="Linear";ed="In";};["000-offset.012"]={cf=cfr(0,0,0,-.202,-.846,-.494,.872,-.385,.303,-.447,-.369,.815);es="Linear";ed="In";};["000-offset.001"]={cf=cfr(0,0,0,.98,-.085,.178,.139,.938,-.318,-.14,.337,.931);es="Linear";ed="In";};["000-offset.010"]={cf=cfr(0,0,0,.106,.994,0,-.994,.106,0,0,0,1);es="Linear";ed="In"