local cfr = CFrame.new

return {{tm=0;["LeftUpperArm"]={cf=cfr(0,0,0,.8,.533,-.274,-.569,.82,-.064,.191,.207,.96);es="Linear";ed="In";};["Head"]={cf=cfr(0,0,0,.989,-.135,.056,.074,.792,.606,-.126,-.596,.793);es="Linear";ed="In";};["RightUpperArm"]={cf=cfr(0,0,0,.53,-.642,.554,.777,.63,-.014,-.34,.437,.832);es="Linear";ed="In";};["LeftUpperLeg"]={cf=cfr(0,0,0,.976,.154,.151,-.148,.988,-.052,-.157,.028,.987);es="Linear";ed="In";};["RightUpperLeg"]={cf=cfr(0,0,0,.906,-.385,-.174,.238,.805,-.543,.349,.451,.822);es="Linear";ed="In";};["UpperTorso"]={cf=cfr(0,0,-.015,.983,.014,-.185,.013,.99,.139,.185,-.139,.973);es="Linear";ed="In";};["LeftLowerArm"]={cf=cfr(0,0,0,1,0,0,0,.899,-.438,0,.438,.899);es="Linear";ed="In";};["LeftFoot"]={cf=cfr(0,0,0,1,0,0,0,1,0,0,0,1);es="Linear";ed="In";};["LeftLowerLeg"]={cf=cfr(0,0,0,.997,.082,.018,-.055,.482,.874,.063,-.872,.485);es="Linear";ed="In";};["RightLowerArm"]={cf=cfr(0,0,0,1,0,0,0,.809,-.588,0,.588,.809);es="Linear";ed="In";};["LowerTorso"]={cf=cfr(0,-.268,-.004,.999,-.004,.036,.023,.829,-.559,-.028,.56,.828);es="Sine";ed="In";};["RightFoot"]={cf=cfr(0,0,0,1,0,0,0,1,0,0,0,1);es="Linear";ed="In";};["RightLowerLeg"]={cf=cfr(0,0,0,1,0,0,0,.799,.602,0,-.602,.799);es="Linear";ed="In";};["LeftHand"]={cf=cfr(0,0,0,1,0,0,0,1,0,0,0,1);es="Linear";ed="In";};["RightHand"]={cf=cfr(0,0,0,1,0,0,0,1,0,0,0,1);es="Linear";ed="In";};};{tm=.017;["LowerTorso"]={cf=cfr(0,-.38,-.004,.999,-.004,.036,.023,.829,-.559,-.028,.56,.828);es="Linear";ed="In";};};{tm=.033;["LowerTorso"]={cf=cfr(0,-.685,-.004,.999,-.004,.036,.023,.829,-.559,-.028,.56,.828);es="Linear";ed="In";};};{tm=.05;["UpperTorso"]={cf=cfr(0,0,-.015,.983,.052,-.178,.013,.94,.342,.185,-.338,.923);es="Linear";ed="In";};["LeftUpperLeg"]={cf=cfr(0,0,0,.911,.394,.124,-.117,.534,-.837,-.396,.748,.533);es="Linear";ed="In";};["LeftUpperArm"]={cf=cfr(0,0,0,.695,.664,-.274,-.702,.709,-.064,.152,.237,.96);es="Linear";ed="In";};["RightUpperArm"]={cf=cfr(0,0,0,.635,-.579,.511,.772,.476,-.421,0,.662,.75);es="Linear";ed="In";};["LeftLowerArm"]={cf=cfr(0,0,0,1,0,0,0,.707,-.707,0,.707,.707);es="Linear";ed="In";};["LowerTorso"]={cf=cfr(0,-1.102,-.004,.999,-.004,.036,.023,.829,-.559,-.028,.56,.828);es="Sine";ed="Out";};["LeftLowerLeg"]={cf=cfr(0,0,0,.987,.149,.059,-.085,.175,.981,.136,-.973,.186);es="Linear";ed="In";};["RightLowerArm"]={cf=cfr(0,0,0,1,0,0,0,.97,-.242,0,.242,.97);es="Linear";ed="In";};};{tm=.067;["LowerTorso"]={cf=cfr(0,-1.47,-.005,.999,-.004,.036,.025,.781,-.624,-.026,.624,.781);es="Linear";ed="In";};};{tm=.083;["LowerTorso"]={cf=cfr(0,-1.78,-.005,.999,-.004,.036,.027,.737,-.676,-.024,.676,.736);es="Linear";ed="In";};};{tm=.1;["LowerTorso"]={cf=cfr(0,-1.987,-.004,.999,-.004,.036,.028,.705,-.708,-.023,.709,.705);es="Linear";ed="In";};};{tm=.117;["Head"]={cf=cfr(0,0,0,1,0,0,0,.485,.875,0,-.875,.485);es="Linear";ed="In";};["LeftUpperArm"]={cf=cfr(0,0,0,.77,.351,.533,-.632,.302,.714,.089,-.886,.454);es="Linear";ed="In";};["RightUpperArm"]={cf=cfr(0,0,0,.87,-.447,.206,.346,.853,.39,-.351,-.268,.897);es="Linear";ed="In";};["LeftUpperLeg"]={cf=cfr(0,0,0,.911,.413,.011,-.117,.283,-.952,-.396,.866,.306);es="Linear";ed="In";};["RightUpperLeg"]={cf=cfr(0,0,0,.832,-.494,.253,.408,.233,-.883,.377,.837,.396);es="Linear";ed="In";};["UpperTorso"]={cf=cfr(0,0,-.015,.994,-.062,-.093,.081,.973,.215,.077,-.221,.972);es="Linear";ed="In";};["LeftLowerArm"]={cf=cfr(0,0,0,1,0,0,0,.743,-.669,0,.669,.743);es="Linear";ed="In";};["LeftLowerLeg"]={cf=cfr(0,0,0,1,0,0,0,.829,.559,0,-.559,.829);es="Linear";ed="In";};["RightLowerLeg"]={cf=cfr(0,0,0,1,0,0,0,.788,.616,0,-.616,.788);es="Linear";ed="In";};["LowerTorso"]={cf=cfr(0,-2.06,-.004,.999,-.004,.036,.028,.694,-.719,-.023,.72,.694);es="Quad";ed="Out";};["RightLowerArm"]={cf=cfr(0,0,0,1,0,0,0,.809,-.588,0,.588,.809);es="Linear";ed="In";};};{tm=.133;["LowerTorso"]={cf=cfr(0,-1.812,-.005,.999,-.004,.036,.03,.652,-.757,-.021,.758,.652);es="Linear";ed="In";};};{tm=.15;["LowerTorso"]={cf=cfr(0,-1.619,-.005,.999,-.004,.036,.031,.618,-.785,-.02,.786,.618);es="Linear";ed="In";};};{tm=.167;["LowerTorso"]={cf=cfr(0,-1.481,-.004,.999,-.004,.036,.031,.593,-.804,-.019,.805,.593);es="Linear";ed="In";};};{tm=.183;["LowerTorso"]={cf=cfr(0,-1.399,-.004,.999,-.004,.036,.032,.578,-.815,-.018,.816,.578);es="Linear";ed="In";};};{tm=.2;["Head"]={cf=cfr(0,0,0,.999,-.041,.033,.022,.898,.439,-.047,-.437,.898);es="Linear";ed="In";};["LeftUpperArm"]={cf=cfr(0,0,0,.782,.185,.595,-.621,.142,.771,.058,-.972,.226);es="Linear";ed="In";};["RightUpperArm"]={cf=cfr(0,0,0,.64,-.612,.464,.703,.71,-.032,-.31,.347,.885);es="Linear";ed="In";};["LeftUpperLeg"]={cf=cfr(0,0,0,.832,.554,0,-.252,.379,-.89,-.494,.741,.455);es="Linear";ed="In";};["RightUpperLeg"]={cf=cfr(0,0,0,.77,-.626,.126,.478,.433,-.764,.424,.649,.632);es="Linear";ed="In";};["LeftLowerLeg"]={cf=cfr(0,0,0,1,0,0,0,.574,.819,0,-.819,.574);es="Linear";ed="In";};["RightLowerLeg"]={cf=cfr(0,0,0,1,0,0,0,.788,.616,0,-.616,.788);es="Linear";ed="In";};["LeftLowerArm"]={cf=cfr(0,0,0,1,0,0,0,.574,-.819,0,.819,.574);es="Linear";ed="In";};["LowerTorso"]={cf=cfr(0,-1.371,-.004,.999,-.004,.036,.032,.573,-.819,-.018,.82,.573);es="Quad";ed="In";};["RightLowerArm"]={cf=cfr(0,0,0,1,0,0,0,.719,-.695,0,.695,.719);es="Linear";ed="In";};};{tm=.217;["LowerTorso"]={cf=cfr(0,-1.399,-.004,.999,-.004,.036,.032,.578,-.815,-.018,.816,.578);es="Linear";ed="In";};};{tm=.233;["LowerTorso"]={cf=cfr(0,-1.481,-.004,.999,-.004,.036,.031,.593,-.804,-.019,.805,.593);es="Linear";ed="In";};};{tm=.25;["LowerTorso"]={cf=cfr(0,-1.619,-.005,.999,-.004,.036,.031,.618,-.785,-.02,.786,.618);es="Linear";ed="In";};};{tm=.267;["LowerTorso"]={cf=cfr(0,-1.812,-.005,.999,-.004,.036,.03,.652,-.757,-.021,.758,.652);es="Linear";ed="In";};};{tm=.283;["Head"]={cf=cfr(0,0,0,1,0,0,0,.629,.777,0,-.777,.629);es="Linear";ed="In";};["LeftUpperArm"]={cf=cfr(.025,-.044,.047,.953,.082,-.291,.219,.474,.853,.207,-.877,.434);es="Linear";ed="In";};["RightUpperArm"]={cf=cfr(0,0,0,.743,-.405,.533,.524,.848,-.085,-.417,.342,.842);es="Linear";ed="In";};["LeftUpperLeg"]={cf=cfr(0,0,0,.911,.413,.011,-.117,.283,-.952,-.396,.866,.306);es="Linear";ed="In";};["RightUpperLeg"]={cf=cfr(0,0,0,.832,-.494,.253,.408,.233,-.883,.377,.837,.396);es="Linear";ed="In";};["UpperTorso"]={cf=cfr(0,0,-.015,.994,-.054,-.098,.081,.951,.299,.077,-.305,.949);es="Linear";ed="In";};["LeftLowerArm"]={cf=cfr(0,0,0,1,0,0,0,.866,-.5,0,.5,.866);es="Linear";ed="In";};["LeftLowerLeg"]={cf=cfr(0,0,0,1,0,0,0,.829,.559,0,-.559,.829);es="Linear";ed="In";};["RightLowerLeg"]={cf=cfr(0,0,0,1,0,0,0,.788,.616,0,-.616,.788);es="Linear";ed="In";};["LowerTorso"]={cf=cfr(0,-2.06,-.004,.999,-.004,.036,.028,.694,-.719,-.023,.72,.694);es="Sine";ed="Out";};["RightLowerArm"]={cf=cfr(0,0,0,1,0,0,0,.974,-.225,0,.225,.974);es="Linear";ed="In";};};{tm=.3;["LowerTorso"]={cf=cfr(0,-1.971,-.004,.999,-.004,.036,.028,.694,-.719,-.023,.72,.694);es="Linear";ed="In";};};{tm=.317;["LowerTorso"]={cf=cfr(0,-1.889,-.004,.999,-.004,.036,.028,.694,-.719,-.023,.72,.694);es="Linear";ed="In";};};{tm=.333;["LowerTorso"]={cf=cfr(0,-1.818,-.004,.999,-.004,.036,.028,.694,-.719,-.023,.72,.694);es="Linear";ed="In";};};{tm=.35;["LowerTorso"]={cf=cfr(0,-1.764,-.004,.999,-.004,.036,.028,.694,-.719,-.023,.72,.694);es="Linear";ed="In";};};{tm=.367;["LowerTorso"]={cf=cfr(0,-1.73,-.004,.999,-.004,.036,.028,.694,-.719,-.023,.72,.694);es="Linear";ed="In";};};{tm=.383;["Head"]={cf=cfr(0,0,0,1,0,0,0,.342,.94,0,-.94,.342);es="Linear";ed="In";};["LeftUpperArm"]={cf=cfr(.032,-.008,.092,.999,.027,-.038,.026,.36,.933,.038,-.933,.359);es="Linear";ed="In";};["RightUpperArm"]={cf=cfr(0,0,0,.984,-.18,-.009,.118,.61,.784,-.136,-.772,.621);es="Linear";ed="In";};["LeftUpperLeg"]={cf=cfr(0,0,0,.911,.396,.117,-.117,.52,-.846,-.396,.757,.52);es="Linear";ed="In";};["RightUpperLeg"]={cf=cfr(0,0,0,.832,-.528,.173,.408,.369,-.835,.377,.765,.522);es="Linear";ed="In";};["UpperTorso"]={cf=cfr(0,0,-.015,.994,-.084,-.073,.081,.996,-.044,.077,.038,.996);es="Linear";ed="In";};["LeftLowerArm"]={cf=cfr(0,0,0,1,0,0,0,.946,-.326,0,.326,.946);es="Linear";ed="In";};["LeftLowerLeg"]={cf=cfr(0,0,0,1,0,0,0,.94,.342,0,-.342,.94);es="Linear";ed="In";};["RightLowerLeg"]={cf=cfr(0,0,0,1,0,0,0,.914,.407,0,-.407,.914);es="Linear";ed="In";};["LowerTorso"]={cf=cfr(0,-1.718,-.004,.999,-.004,.036,.028,.694,-.719,-.023,.72,.694);es="Sine";ed="Out";};["RightLowerArm"]={cf=cfr(0,0,0,1,0,0,0,.799,-.602,0,.602,.799);es="Linear";ed="In";};};{tm=.4;["LowerTorso"]={cf=cfr(0,-1.782,-.004,.999,-.004,.036,.028,.694,-.719,-.023,.72,.694);es="Linear";ed="In";};};{tm=.417;["LowerTorso"]={cf=cfr(0,-1.842,-.004,.999,-.004,.036,.028,.694,-.719,-.023,.72,.694);es="Linear";ed="In";};};{tm=.433;["LowerTorso"]={cf=cfr(0,-1.896,-.004,.999,-.004,.036,.028,.694,-.719,-.023,.72,.694);es="Linear";ed="In";};};{tm=.45;["LowerTorso"]={cf=cfr(0,-1.942,-.004,.999,-.004,.036,.028,.694,-.719,-.023,.72,.694);es="Linear";ed="In";};};{tm=.467;["LowerTorso"]={cf=cfr(0,-1.976,-.004,.999,-.004,.036,.028,.694,-.719,-.023,.72,.694);es="Linear";ed="In";};};{tm=.483;["LowerTorso"]={cf=cfr(0,-1.997,-.004,.999,-.004,.036,.028,.694,-.719,-.023,.72,.694);es="Linear";ed="In";};};{tm=.5;["LeftUpperArm"]={cf=cfr(.033,.022,.103,.999,.027,-.037,.026,.344,.939,.038,-.939,.342);es="Linear";ed="In";};["RightUpperArm"]={cf=cfr(-.006,.057,-.042,.998,.009,-.062,.054,.358,.932,.031,-.934,.357);es="Linear";ed="In";};["LeftUpperLeg"]={cf=cfr(0,0,0,.911,.392,.131,-.117,.549,-.828,-.396,.738,.546);es="Linear";ed="In";};["RightUpperLeg"]={cf=cfr(.049,-.034,-.071,.832,-.507,.227,.408,.279,-.869,.377,.816,.439);es="Linear";ed="In";};["UpperTorso"]={cf=cfr(0,0,-.015,.996,-.038,-.084,.046,.994,.095,.08,-.098,.992);es="Linear";ed="In";};["LeftLowerLeg"]={cf=cfr(0,0,0,1,0,0,0,.946,.326,0,-.326,.946);es="Linear";ed="In";};["RightLowerLeg"]={cf=cfr(0,0,0,1,0,0,0,.829,.559,0,-.559,.829);es="Linear";ed="In";};["LowerTorso"]={cf=cfr(0,-2.004,-.004,.999,-.004,.036,.028,.694,-.719,-.023,.72,.694);es="Linear";ed="In";};["RightLowerArm"]={cf=cfr(0,0,0,1,0,0,0,.743,-.669,0,.669,.743);es="Linear";ed="In";};};{tm=.617;["Head"]={cf=cfr(0,0,0,.999,0,.035,-.021,.788,.615,-.028,-.616,.788);es="Linear";ed="In";};["LeftUpperArm"]={cf=cfr(.036,.056,.008,.999,.006,-.05,.046,.295,.955,.02,-.956,.294);es="Linear";ed="In";};["RightUpperArm"]={cf=cfr(-.007,-.107,.062,.998,.025,-.054,.029,.587,.809,.052,-.809,.585);es="Linear";ed="In";};["LeftUpperLeg"]={cf=cfr(0,0,0,.911,.413,-.011,-.117,.233,-.965,-.396,.88,.26);es="Linear";ed="In";};["RightUpperLeg"]={cf=cfr(.049,-.034,-.071,.832,-.46,.312,.408,.124,-.905,.377,.879,.291);es="Linear";ed="In";};["UpperTorso"]={cf=cfr(0,0,-.015,.996,-.026,-.089,.046,.972,.232,.08,-.235,.969);es="Linear";ed="In";};["LeftLowerArm"]={cf=cfr(0,0,0,1,0,0,0,.259,-.966,0,.966,.259);es="Linear";ed="In";};["LeftLowerLeg"]={cf=cfr(0,0,0,1,0,0,0,.5,.866,0,-.866,.5);es="Linear";ed="In";};["RightLowerLeg"]={cf=cfr(0,0,0,1,0,0,0,-.017,1,0,-1,-.017);es="Linear";ed="In";};["LowerTorso"]={cf=cfr(0,-1.88,-.004,.999,-.004,.036,.028,.694,-.719,-.023,.72,.694);es="Sine";ed="In";};["RightLowerArm"]={cf=cfr(0,0,0,1,0,0,0,.743,-.669,0,.669,.743);es="Linear";ed="In";};};{tm=.633;["LowerTorso"]={cf=cfr(0,-1.88,-.004,.999,-.002,.036,.027,.697,-.716,-.023,.717,.697);es="Linear";ed="In";};};{tm=.65;["LowerTorso"]={cf=cfr(0,-1.881,-.005,.999,.003,.034,.022,.707,-.707,-.026,.707,.706);es="Linear";ed="In";};};{tm=.667;["LowerTorso"]={cf=cfr(0,-1.882,-.006,.999,.011,.032,.015,.722,-.691,-.031,.691,.722);es="Linear";ed="In";};};{tm=.683;["LowerTorso"]={cf=cfr(0,-1.884,-.006,.999,.022,.029,.004,.743,-.669,-.036,.669,.742);es="Linear";ed="In";};};{tm=.7;["LowerTorso"]={cf=cfr(0,-1.885,-.007,.999,.035,.027,-.01,.768,-.641,-.043,.64,.767);es="Linear";ed="In";};};{tm=.717;["LowerTorso"]={cf=cfr(0,-1.887,-.008,.998,.052,.024,-.027,.796,-.605,-.05,.604,.796);es="Linear";ed="In";};["Head"]={cf=cfr(-.002,-.073,.012,.957,-.287,-.043,.286,.909,.302,-.048,-.301,.952);es="Linear";ed="In";};["RightUpperArm"]={cf=cfr(.001,-.035,.021,.988,-.147,-.039,.146,.989,-.031,.043,.025,.999);es="Linear";ed="In";};["RightLowerArm"]={cf=cfr(0,0,0,1,0,0,0,.731,-.682,0,.682,.731);es="Linear";ed="In";};};{tm=.733;["LowerTorso"]={cf=cfr(0,-1.888,-.009,.997,.071,.022,-.046,.825,-.564,-.058,.561,.826);es="Linear";ed="In";};};{tm=.75;["LowerTorso"]={cf=cfr(0,-1.888,-.009,.996,.092,.02,-.068,.854,-.516,-.065,.512,.857);es="Linear";ed="In";};};{tm=.767;["LowerTorso"]={cf=cfr(0,-1.888,-.008,.993,.114,.02,-.092,.882,-.462,-.071,.457,.887);es="Linear";ed="In";};};{tm=.783;["LowerTorso"]={cf=cfr(0,-1.886,-.007,.99,.138,.022,-.118,.907,-.403,-.075,.397,.915);es="Linear";ed="In";};};{tm=.8;["LowerTorso"]={cf=cfr(0,-1.884,-.006,.986,.163,.025,-.145,.929,-.341,-.078,.333,.94);es="Linear";ed="In";};};{tm=.817;["Head"]={cf=cfr(0,0,0,.911,-.41,-.043,.407,.911,-.057,.062,.035,.997);es="Linear";ed="In";};["LeftUpperArm"]={cf=cfr(.335,-.17,.112,.59,-.768,.249,.481,.582,.655,-.648,-.267,.713);es="Linear";ed="In";};["RightUpperArm"]={cf=cfr(.021,-.025,-.023,.942,-.314,-.114,.331,.923,.196,.043,-.223,.974);es="Linear";ed="In";};["LeftUpperLeg"]={cf=cfr(0,0,0,.911,.352,-.216,-.117,-.281,-.952,-.396,.893,-.215);es="Sine";ed="Out";};["RightUpperLeg"]={cf=cfr(.049,-.034,-.071,.832,-.114,.544,.408,-.539,-.737,.377,.834,-.402);es="Sine";ed="Out";};["UpperTorso"]={cf=cfr(0,0,-.015,.979,.201,-.025,-.129,.718,.684,.155,-.667,.729);es="Linear";ed="In";};["LeftLowerArm"]={cf=cfr(0,0,0,1,0,0,0,.996,-.087,0,.087,.996);es="Linear";ed="In";};["LeftLowerLeg"]={cf=cfr(0,0,0,1,0,0,0,.259,.966,0,-.966,.259);es="Sine";ed="Out";};["RightLowerLeg"]={cf=cfr(0,0,0,1,0,0,0,-.342,.94,0,-.94,-.342);es="Sine";ed="Out";};["LowerTorso"]={cf=cfr(0,-1.88,-.004,.982,.187,.03,-.172,.946,-.276,-.08,.266,.961);es="Sine";ed="Out";};["RightLowerArm"]={cf=cfr(0,0,0,1,0,0,0,.809,-.588,0,.588,.809);es="Linear";ed="In";};};{tm=.833;["LeftLowerLeg"]={cf=cfr(0,.002,-.005,1,0,0,0,.297,.955,0,-.955,.297);es="Linear";ed="In";};["RightLowerLeg"]={cf=cfr(0,.002,-.02,1,0,0,0,-.266,.964,0,-.964,-.266);es="Linear";ed="In";};["RightUpperLeg"]={cf=cfr(.016,-.042,-.042,.844,-.189,.502,.368,-.477,-.798,.39,.858,-.333);es="Linear";ed="In";};["LeftUpperLeg"]={cf=cfr(.02,0,.015,.903,.392,-.176,-.095,-.216,-.972,-.419,.894,-.158);es="Linear";ed="In";};["LowerTorso"]={cf=cfr(0,-1.782,-.004,.984,.175,.029,-.161,.952,-.258,-.073,.249,.966);es="Linear";ed="In";};};{tm=.85;["LeftLowerLeg"]={cf=cfr(0,.005,-.008,1,0,0,0,.335,.942,0,-.942,.335);es="Linear";ed="In";};["RightLowerLeg"]={cf=cfr(0,.004,-.037,1,0,0,0,-.188,.982,0,-.982,-.188);es="Linear";ed="In";};["RightUpperLeg"]={cf=cfr(-.015,-.046,-.016,.853,-.259,.454,.329,-.408,-.851,.406,.875,-.263);es="Linear";ed="In";};["LeftUpperLeg"]={cf=cfr(.039,.001,.028,.893,.429,-.133,-.075,-.15,-.986,-.443,.891,-.102);es="Linear";ed="In";};["LowerTorso"]={cf=cfr(0,-1.685,-.004,.986,.163,.029,-.151,.959,-.241,-.067,.233,.97);es="Linear";ed="In";};};{tm=.867;["LeftLowerLeg"]={cf=cfr(0,.006,-.012,1,0,0,0,.372,.928,0,-.928,.372);es="Linear";ed="In";};["RightLowerLeg"]={cf=cfr(0,.007,-.051,1,0,0,0,-.11,.994,0,-.994,-.11);es="Linear";ed="In";};["RightUpperLeg"]={cf=cfr(-.044,-.047,.006,.858,-.324,.399,.291,-.335,-.896,.424,.885,-.193);es="Linear";ed="In";};["LeftUpperLeg"]={cf=cfr(.056,.003,.038,.883,.462,-.088,-.056,-.083,-.995,-.467,.883,-.047);es="Linear";ed="In";};["LowerTorso"]={cf=cfr(0,-1.588,-.004,.988,.15,.028,-.14,.965,-.223,-.06,.216,.974);es="Linear";ed="In";};};{tm=.883;["LeftLowerLeg"]={cf=cfr(0,.008,-.014,1,0,0,0,.408,.913,0,-.913,.408);es="Linear";ed="In";};["RightLowerLeg"]={cf=cfr(0,.01,-.062,1,0,0,0,-.033,.999,0,-.999,-.033);es="Linear";ed="In";};["RightUpperLeg"]={cf=cfr(-.069,-.046,.024,.859,-.383,.339,.254,-.257,-.933,.444,.887,-.124);es="Linear";ed="In";};["LeftUpperLeg"]={cf=cfr(.071,.005,.046,.87,.491,-.042,-.04,-.016,-.999,-.491,.871,.006);es="Linear";ed="In";};["LowerTorso"]={cf=cfr(0,-1.492,-.004,.99,.138,.027,-.13,.97,-.205,-.055,.2,.978);es="Linear";ed="In";};};{tm=.9;["LeftLowerLeg"]={cf=cfr(0,.009,-.016,1,0,0,0,.442,.897,0,-.897,.442);es="Linear";ed="In";};["RightLowerLeg"]={cf=cfr(0,.013,-.07,1,0,0,0,.044,.999,0,-.999,.044);es="Linear";ed="In";};["RightUpperLeg"]={cf=cfr(-.092,-.043,.038,.857,-.435,.275,.218,-.177,-.96,.466,.883,-.057);es="Linear";ed="In";};["LeftUpperLeg"]={cf=cfr(.084,.007,.052,.857,.516,.005,-.025,.051,-.998,-.515,.855,.057);es="Linear";ed="In";};["LowerTorso"]={cf=cfr(0,-1.398,-.004,.992,.127,.026,-.12,.975,-.188,-.049,.183,.982);es="Linear";ed="In";};};{tm=.917;["LeftLowerLeg"]={cf=cfr(0,.01,-.017,1,0,0,0,.476,.88,0,-.88,.476);es="Linear";ed="In";};["RightLowerLeg"]={cf=cfr(0,.016,-.076,1,0,0,0,.118,.993,0,-.993,.118);es="Linear";ed="In";};["RightUpperLeg"]={cf=cfr(-.11,-.038,.048,.852,-.48,.209,.186,-.096,-.978,.49,.872,.008);es="Linear";ed="In";};["LeftUpperLeg"]={cf=cfr(.095,.01,.056,.842,.537,.052,-.013,.116,-.993,-.539,.835,.105);es="Linear";ed="In";};["LowerTorso"]={cf=cfr(0,-1.306,-.003,.993,.115,.024,-.109,.979,-.171,-.044,.167,.985);es="Linear";ed="In";};["Head"]={cf=cfr(.013,-.033,.001,.977,-.12,-.174,.205,.742,.638,.052,-.659,.75);es="Linear";ed="In";};["LeftUpperArm"]={cf=cfr(.471,-.536,.377,.777,-.294,.557,-.12,.799,.59,-.618,-.525,.585);es="Linear";ed="In";};["LeftLowerArm"]={cf=cfr(0,.017,.008,1,0,0,0,.643,-.766,0,.766,.643);es="Linear";ed="In";};};{tm=.933;["LeftLowerLeg"]={cf=cfr(0,.011,-.018,1,0,0,0,.507,.862,0,-.862,.507);es="Linear";ed="In";};["RightLowerLeg"]={cf=cfr(0,.019,-.079,1,0,0,0,.19,.982,0,-.982,.19);es="Linear";ed="In";};["RightUpperLeg"]={cf=cfr(-.126,-.032,.056,.844,-.518,.14,.155,-.014,-.988,.514,.855,.069);es="Linear";ed="In";};["LeftUpperLeg"]={cf=cfr(.104,.012,.058,.827,.554,.099,-.003,.18,-.984,-.563,.813,.15);es="Linear";ed="In";};["LowerTorso"]={cf=cfr(0,-1.217,-.003,.994,.104,.023,-.099,.983,-.155,-.039,.152,.988);es="Linear";ed="In";};};{tm=.95;["LeftLowerLeg"]={cf=cfr(0,.011,-.018,1,0,0,0,.537,.843,0,-.843,.537);es="Linear";ed="In";};["RightLowerLeg"]={cf=cfr(0,.021,-.079,1,0,0,0,.259,.966,0,-.966,.259);es="Linear";ed="In";};["RightUpperLeg"]={cf=cfr(-.137,-.026,.06,.833,-.549,.071,.128,.066,-.99,.539,.833,.125);es="Linear";ed="In";};["LeftUpperLeg"]={cf=cfr(.111,.014,.058,.811,.567,.145,.005,.24,-.971,-.586,.788,.192);es="Linear";ed="In";};["LowerTorso"]={cf=cfr(0,-1.13,-.003,.995,.093,.021,-.089,.986,-.139,-.034,.136,.99);es="Linear";ed="In";};};{tm=.967;["LeftLowerLeg"]={cf=cfr(0,.011,-.017,1,0,0,0,.566,.825,0,-.825,.566);es="Linear";ed="In";};["RightLowerLeg"]={cf=cfr(0,.023,-.078,1,0,0,0,.324,.946,0,-.946,.324);es="Linear";ed="In";};["RightUpperLeg"]={cf=cfr(-.145,-.02,.061,.82,-.573,.003,.104,.143,-.984,.563,.807,.177);es="Linear";ed="In";};["LeftUpperLeg"]={cf=cfr(.116,.015,.056,.794,.577,.19,.011,.298,-.954,-.607,.76,.231);es="Linear";ed="In";};["LowerTorso"]={cf=cfr(0,-1.046,-.003,.996,.083,.02,-.079,.989,-.123,-.03,.121,.992);es="Linear";ed="In";};};{tm=.983;["LeftLowerLeg"]={cf=cfr(0,.011,-.017,1,0,0,0,.592,.806,0,-.806,.592);es="Linear";ed="In";};["RightLowerLeg"]={cf=cfr(0,.024,-.075,1,0,0,0,.385,.923,0,-.923,.385);es="Linear";ed="In";};["RightUpperLeg"]={cf=cfr(-.15,-.015,.06,.805,-.59,-.063,.083,.217,-.973,.587,.778,.224);es="Linear";ed="In";};["LeftUpperLeg"]={cf=cfr(.119,.016,.053,.778,.583,.233,.015,.353,-.936,-.628,.732,.266);es="Linear";ed="In";};["LowerTorso"]={cf=cfr(0,-.966,-.002,.997,.073,.018,-.07,.992,-.108,-.026,.107,.994);es="Linear";ed="In";};};{tm=1;["LeftLowerLeg"]={cf=cfr(0,.011,-.016,1,0,0,0,.617,.787,0,-.787,.617);es="Linear";ed="In";};["RightLowerLeg"]={cf=cfr(0,.024,-.07,1,0,0,0,.441,.898,0,-.898,.441);es="Linear";ed="In";};["RightUpperLeg"]={cf=cfr(-.153,-.009,.058,.789,-.601,-.127,.065,.287,-.956,.611,.746,.265);es="Linear";ed="In";};["LeftUpperLeg"]={cf=cfr(.121,.017,.05,.762,.587,.274,.018,.404,-.915,-.647,.702,.297);es="Linear";ed="In";};["LowerTorso"]={cf=cfr(0,-.889,-.002,.998,.063,.016,-.061,.994,-.094,-.022,.093,.995);es="Linear";ed="In";};};{tm=1.017;["LeftLowerLeg"]={cf=cfr(0,.01,-.014,1,0,0,0,.639,.769,0,-.769,.639);es="Linear";ed="In";};["RightLowerLeg"]={cf=cfr(0,.023,-.064,1,0,0,0,.492,.87,0,-.87,.492);es="Linear";ed="In";};["RightUpperLeg"]={cf=cfr(-.152,-.005,.054,.773,-.606,-.187,.049,.352,-.935,.633,.713,.302);es="Linear";ed="In";};["LeftUpperLeg"]={cf=cfr(.122,.017,.045,.746,.587,.313,.019,.451,-.892,-.665,.672,.325);es="Linear";ed="In";};["LowerTorso"]={cf=cfr(0,-.817,-.002,.998,.054,.014,-.053,.995,-.081,-.018,.08,.997);es="Linear";ed="In";};};{tm=1.033;["LeftLowerLeg"]={cf=cfr(0,.009,-.013,1,0,0,0,.66,.751,0,-.751,.66);es="Linear";ed="In";};["RightLowerLeg"]={cf=cfr(0,.022,-.057,1,0,0,0,.539,.842,0,-.842,.539);es="Linear";ed="In";};["RightUpperLeg"]={cf=cfr(-.15,-.002,.048,.756,-.608,-.244,.037,.411,-.911,.654,.679,.333);es="Linear";ed="In";};["LeftUpperLeg"]={cf=cfr(.121,.016,.04,.731,.586,.349,.019,.494,-.87,-.682,.643,.35);es="Linear";ed="In";};["LowerTorso"]={cf=cfr(0,-.749,-.002,.999,.046,.012,-.045,.997,-.069,-.015,.068,.998);es="Linear";ed="In";};["LeftUpperArm"]={cf=cfr(0,0,0,.986,.053,.158,.056,.789,-.612,-.157,.612,.775);es="Linear";ed="In";};["LeftLowerArm"]={cf=cfr(0,.012,.006,1,0,0,0,.285,-.959,0,.959,.285);es="Linear";ed="In";};};{tm=1.05;["LeftLowerLeg"]={cf=cfr(0,.008,-.011,1,0,0,0,.679,.734,0,-.734,.679);es="Linear";ed="In";};["RightLowerLeg"]={cf=cfr(0,.02,-.05,1,0,0,0,.581,.814,0,-.814,.581);es="Linear";ed="In";};["RightUpperLeg"]={cf=cfr(-.146,.001,.042,.739,-.605,-.296,.027,.465,-.885,.673,.646,.36);es="Linear";ed="In";};["LeftUpperLeg"]={cf=cfr(.12,.015,.035,.717,.583,.382,.018,.532,-.846,-.697,.614,.371);es="Linear";ed="In";};["LowerTorso"]={cf=cfr(0,-.687,-.001,.999,.038,.01,-.037,.998,-.057,-.013,.057,.998);es="Linear";ed="In";};};{tm=1.067;["LeftLowerLeg"]={cf=cfr(0,.007,-.009,1,0,0,0,.696,.718,0,-.718,.696);es="Linear";ed="In";};["RightLowerLeg"]={cf=cfr(0,.018,-.042,1,0,0,0,.618,.786,0,-.786,.618);es="Linear";ed="In";};["RightUpperLeg"]={cf=cfr(-.141,.003,.036,.723,-.6,-.343,.019,.514,-.858,.691,.614,.382);es="Linear";ed="In";};["LeftUpperLeg"]={cf=cfr(.118,.013,.029,.704,.579,.413,.017,.567,-.824,-.71,.586,.389);es="Linear";ed="In";};["LowerTorso"]={cf=cfr(0,-.629,-.001,.999,.031,.009,-.031,.998,-.047,-.01,.046,.999);es="Linear";ed="In";};};{tm=1.083;["LeftLowerLeg"]={cf=cfr(0,.006,-.008,1,0,0,0,.711,.703,0,-.703,.711);es="Linear";ed="In";};["RightLowerLeg"]={cf=cfr(0,.015,-.035,1,0,0,0,.651,.759,0,-.759,.651);es="Linear";ed="In";};["RightUpperLeg"]={cf=cfr(-.135,.003,.03,.707,-.592,-.386,.013,.556,-.831,.707,.583,.401);es="Linear";ed="In";};["LeftUpperLeg"]={cf=cfr(.115,.011,.024,.691,.573,.44,.015,.597,-.802,-.722,.561,.405);es="Linear";ed="In";};["LowerTorso"]={cf=cfr(0,-.576,-.001,1,.025,.007,-.024,.999,-.037,-.008,.037,.999);es="Linear";ed="In";};};{tm=1.1;["LeftLowerLeg"]={cf=cfr(0,.005,-.006,1,0,0,0,.724,.69,0,-.69,.724);es="Linear";ed="In";};["RightLowerLeg"]={cf=cfr(0,.012,-.028,1,0,0,0,.679,.734,0,-.734,.679);es="Linear";ed="In";};["RightUpperLeg"]={cf=cfr(-.128,.004,.023,.693,-.584,-.423,.008,.593,-.805,.721,.555,.416);es="Linear";ed="In";};["LeftUpperLeg"]={cf=cfr(.113,.009,.019,.68,.568,.464,.012,.624,-.781,-.733,.537,.418);es="Linear";ed="In";};["LowerTorso"]={cf=cfr(0,-.53,-.001,1,.019,.005,-.019,.999,-.029,-.006,.028,1);es="Linear";ed="In";};};{tm=1.117;["LeftLowerLeg"]={cf=cfr(0,.004,-.005,1,0,0,0,.735,.678,0,-.678,.735);es="Linear";ed="In";};["RightLowerLeg"]={cf=cfr(0,.01,-.021,1,0,0,0,.703,.711,0,-.711,.703);es="Linear";ed="In";};["RightUpperLeg"]={cf=cfr(-.122,.003,.018,.68,-.575,-.455,.005,.624,-.781,.733,.529,.428);es="Linear";ed="In";};["LeftUpperLeg"]={cf=cfr(.11,.007,.014,.671,.562,.484,.009,.647,-.763,-.742,.516,.428);es="Linear";ed="In";};["LowerTorso"]={cf=cfr(0,-.489,0,1,.014,.004,-.014,1,-.021,-.004,.021,1);es="Linear";ed="In";};};{tm=1.133;["LeftLowerLeg"]={cf=cfr(0,.003,-.003,1,0,0,0,.745,.667,0,-.667,.745);es="Linear";ed="In";};["RightLowerLeg"]={cf=cfr(0,.007,-.015,1,0,0,0,.723,.691,0,-.691,.723);es="Linear";ed="In";};["RightUpperLeg"]={cf=cfr(-.116,.003,.013,.669,-.566,-.482,.003,.65,-.76,.743,.507,.437);es="Linear";ed="In";};["LeftUpperLeg"]={cf=cfr(.107,.005,.01,.662,.556,.502,.007,.665,-.746,-.749,.498,.437);es="Linear";ed="In";};["LowerTorso"]={cf=cfr(0,-.454,0,1,.01,.003,-.01,1,-.015,-.003,.015,1);es="Linear";ed="In";};};{tm=1.15;["LeftLowerLeg"]={cf=cfr(0,.002,-.002,1,0,0,0,.753,.659,0,-.659,.753);es="Linear";ed="In";};["RightLowerLeg"]={cf=cfr(0,.005,-.01,1,0,0,0,.739,.674,0,-.674,.739);es="Linear";ed="In";};["RightUpperLeg"]={cf=cfr(-.11,.002,.008,.66,-.558,-.503,.002,.671,-.741,.751,.489,.444);es="Linear";ed="In";};["LeftUpperLeg"]={cf=cfr(.105,.004,.007,.655,.551,.516,.005,.681,-.733,-.755,.482,.443);es="Linear";ed="In";};["LowerTorso"]={cf=cfr(0,-.425,0,1,.006,.002,-.006,1,-.009,-.002,.009,1);es="Linear";ed="In";};};{tm=1.167;["LeftLowerLeg"]={cf=cfr(0,.001,-.001,1,0,0,0,.758,.652,0,-.652,.758);es="Linear";ed="In";};["RightLowerLeg"]={cf=cfr(0,.003,-.006,1,0,0,0,.751,.661,0,-.661,.751);es="Linear";ed="In";};["RightUpperLeg"]={cf=cfr(-.106,.001,.005,.652,-.551,-.52,.001,.687,-.727,.758,.474,.449);es="Linear";ed="In";};["LeftUpperLeg"]={cf=cfr(.103,.002,.004,.65,.547,.527,.003,.692,-.722,-.76,.47,.448);es="Linear";ed="In";};["LowerTorso"]={cf=cfr(0,-.402,0,1,.004,.001,-.004,1,-.005,-.001,.005,1);es="Linear";ed="In";};};{tm=1.183;["LeftLowerLeg"]={cf=cfr(0,0,-.001,1,0,0,0,.763,.647,0,-.647,.763);es="Linear";ed="In";};["RightLowerLeg"]={cf=cfr(0,.001,-.002,1,0,0,0,.759,.651,0,-.651,.759);es="Linear";ed="In";};["RightUpperLeg"]={cf=cfr(-.103,.001,.002,.647,-.546,-.532,0,.698,-.716,.762,.463,.452);es="Linear";ed="In";};["LeftUpperLeg"]={cf=cfr(.101,.001,.002,.646,.544,.535,.001,.701,-.714,-.763,.462,.452);es="Linear";ed="In";};["LowerTorso"]={cf=cfr(0,-.386,0,1,.002,0,-.002,1,-.002,0,.002,1);es="Linear";ed="In";};};{tm=1.2;["LeftLowerLeg"]={cf=cfr(0,0,0,1,0,0,0,.765,.644,0,-.644,.765);es="Linear";ed="In";};["RightLowerLeg"]={cf=cfr(0,0,-.001,1,0,0,0,.764,.645,0,-.645,.764);es="Linear";ed="In";};["RightUpperLeg"]={cf=cfr(-.101,0,.001,.644,-.543,-.539,0,.705,-.709,.765,.457,.454);es="Linear";ed="In";};["LeftUpperLeg"]={cf=cfr(.1,0,0,.644,.542,.54,0,.705,-.709,-.765,.456,.454);es="Linear";ed="In";};["LowerTorso"]={cf=cfr(0,-.376,0,1,0,0,0,1,-.001,0,.001,1);es="Linear";ed="In";};};{tm=1.217;["Head"]={cf=cfr(0,0,0,1,0,0,0,1,0,0,0,1);es="Linear";ed="In";};["LeftUpperArm"]={cf=cfr(-.012,-.067,.031,.947,.3,-.119,-.29,.952,.095,.142,-.056,.988);es="Linear";ed="In";};["RightUpperArm"]={cf=cfr(0,0,0,.985,-.174,0,.168,.951,.259,-.045,-.255,.966);es="Linear";ed="In";};["LeftUpperLeg"]={cf=cfr(.1,0,0,.643,.542,.542,0,.707,-.707,-.766,.455,.455);es="Linear";ed="In";};["RightUpperLeg"]={cf=cfr(-.1,0,0,.643,-.542,-.542,0,.707,-.707,.766,.455,.455);es="Linear";ed="In";};["UpperTorso"]={cf=cfr(0,0,0,1,0,0,0,.985,.174,0,-.174,.985);es="Linear";ed="In";};["LeftLowerArm"]={cf=cfr(0,0,0,1,0,0,0,.707,-.707,0,.707,.707);es="Linear";ed="In";};["LeftLowerLeg"]={cf=cfr(0,0,0,1,0,0,0,.766,.643,0,-.643,.766);es="Linear";ed="In";};["RightLowerLeg"]={cf=cfr(0,0,0,1,0,0,0,.766,.643,0,-.643,.766);es="Linear";ed="In";};["LowerTorso"]={cf=cfr(0,-.373,0,1,0,0,0,1,0,0,0,1);es="Linear";ed="In";};["RightLowerArm"]={cf=cfr(0,0,0,1,0,0,0,.574,-.819,0,.819,.574);es="Linear";ed="In";};};}