local cfr = CFrame.new

return {{tm=0;["RootNode"]={cf=cfr(0,0,0,-1,0,0,0,1,0,0,0,-1);es="Linear";ed="In";};["root"]={cf=cfr(0,1.734,-.056,0,0,1,0,1,0,-1,0,0);es="Linear";ed="In";};["000-offset"]={cf=cfr(0,0,0,.367,.93,0,-.93,.367,0,0,0,1);es="Linear";ed="In";};["004-offset.001"]={cf=cfr(0,0,0,-.015,-1,0,1,-.015,0,0,0,1);es="Linear";ed="In";};["006-offset"]={cf=cfr(0,0,0,-.015,-1,0,1,-.015,0,0,0,1);es="Linear";ed="In";};["000-offset.009"]={cf=cfr(0,0,0,-.022,-.988,.154,.999,-.026,-.026,.029,.153,.988);es="Linear";ed="In";};["000-offset.012"]={cf=cfr(0,0,0,-.032,-.983,-.181,.999,-.036,.015,-.022,-.18,.983);es="Linear";ed="In";};["000-offset.001"]={cf=cfr(0,0,0,.998,.059,0,-.059,.998,0,0,0,1);es="Linear";ed="In";};["000-offset.010"]={cf=cfr(0,0,0,.709,.706,0,-.706,.709,0,0,0,1);es="Linear";ed="In";};["000-offset.013"]={cf=cfr(0,0,0,.723,.691,0,-.691,.723,0,0,0,1);es="Linear";ed="In";};["004-offset"]={cf=cfr(0,0,0,.035,-.999,0,.999,.035,0,0,0,1);es="Linear";ed="In";};["002-offset"]={cf=cfr(0,0,0,.035,-.999,0,.999,.035,0,0,0,1);es="Linear";ed="In";};["000-offset.002"]={cf=cfr(0,0,0,.853,-.522,0,.522,.853,0,0,0,1);es="Linear";ed="In";};["000-offset.011"]={cf=cfr(0,0,0,.614,-.789,0,.789,.614,0,0,0,1);es="Linear";ed="In";};["000-offset.014"]={cf=cfr(0,0,0,.645,-.764,-.005,.764,.645,-.019,.018,.009,1);es="Linear";ed="In";};["000-offset.006"]={cf=cfr(0,0,0,-.43,-.065,-.9,-.728,-.565,.389,-.534,.823,.196);es="Linear";ed="In";};["000-offset.003"]={cf=cfr(0,0,0,-.46,.277,.844,-.802,-.536,-.262,.38,-.797,.469);es="Linear";ed="In";};["000-offset.007"]={cf=cfr(0,0,0,.936,-.352,0,.352,.936,0,0,0,1);es="Linear";ed="In";};["000-offset.004"]={cf=cfr(0,0,0,.992,-.13,0,.13,.992,0,0,0,1);es="Linear";ed="In";};["000-offset.008"]={cf=cfr(0,0,0,.966,-.26,0,.26,.966,0,0,0,1);es="Linear";ed="In";};["000-offset.005"]={cf=cfr(0,0,0,.888,-.438,-.143,.432,.899,-.07,.159,0,.987);es="Linear";ed="In";};};{tm=.043;["root"]={cf=cfr(0,1.748,-.113,0,0,1,0,1,0,-1,0,0);es="Linear";ed="In";};["000-offset"]={cf=cfr(0,0,0,.683,.731,0,-.731,.683,0,0,0,1);es="Linear";ed="In";};["000-offset.009"]={cf=cfr(0,0,0,.091,-.984,.152,.996,.089,-.014,0,.153,.988);es="Linear";ed="In";};["000-offset.012"]={cf=cfr(0,0,0,.089,-.981,-.171,.996,.088,.016,-.001,-.172,.985);es="Linear";ed="In";};["000-offset.001"]={cf=cfr(0,0,0,.984,-.179,0,.179,.984,0,0,0,1);es="Linear";ed="In";};["000-offset.010"]={cf=cfr(0,0,0,.705,.709,0,-.709,.705,0,0,0,1);es="Linear";ed="In";};["000-offset.013"]={cf=cfr(0,0,0,.748,.664,0,-.664,.748,0,0,0,1);es="Linear";ed="In";};["000-offset.002"]={cf=cfr(0,0,0,.841,-.541,0,.541,.841,0,0,0,1);es="Linear";ed="In";};["000-offset.011"]={cf=cfr(0,0,0,.649,-.761,-.003,.761,.649,.002,0,-.004,1);es="Linear";ed="In";};["000-offset.014"]={cf=cfr(0,0,0,.685,-.729,-.009,.729,.685,-.016,.018,.005,1);es="Linear";ed="In";};["000-offset.006"]={cf=cfr(0,0,0,-.414,-.006,-.91,-.722,-.607,.333,-.554,.795,.247);es="Linear";ed="In";};["000-offset.003"]={cf=cfr(0,0,0,-.408,.32,.855,-.813,-.553,-.181,.415,-.769,.486);es="Linear";ed="In";};["000-offset.007"]={cf=cfr(0,0,0,.932,-.362,0,.362,.932,0,0,0,1);es="Linear";ed="In";};["000-offset.004"]={cf=cfr(0,0,0,.991,-.132,0,.132,.991,0,0,0,1);es="Linear";ed="In";};["000-offset.008"]={cf=cfr(0,0,0,.966,-.26,0,.26,.966,0,0,0,1);es="Linear";ed="In";};["000-offset.005"]={cf=cfr(0,0,0,.888,-.437,-.143,.432,.899,-.07,.159,0,.987);es="Linear";ed="In";};};{tm=.086;["root"]={cf=cfr(0,1.748,-.183,0,0,1,0,1,0,-1,0,0);es="Linear";ed="In";};["000-offset"]={cf=cfr(0,0,0,.91,.415,0,-.415,.91,0,0,0,1);es="Linear";ed="In";};["000-offset.009"]={cf=cfr(0,0,0,.148,-.978,.149,.989,.149,-.007,-.016,.148,.989);es="Linear";ed="In";};["000-offset.012"]={cf=cfr(0,0,0,.156,-.974,-.165,.988,.156,.014,.012,-.165,.986);es="Linear";ed="In";};["000-offset.001"]={cf=cfr(0,0,0,.917,-.4,0,.4,.917,0,0,0,1);es="Linear";ed="In";};["000-offset.010"]={cf=cfr(0,0,0,.695,.719,0,-.719,.695,0,0,0,1);es="Linear";ed="In";};["000-offset.013"]={cf=cfr(0,0,0,.767,.641,0,-.641,.767,0,0,0,1);es="Linear";ed="In";};["000-offset.002"]={cf=cfr(0,0,0,.823,-.569,0,.569,.823,0,0,0,1);es="Linear";ed="In";};["000-offset.011"]={cf=cfr(0,0,0,.679,-.734,-.005,.734,.679,.004,0,-.007,1);es="Linear";ed="In";};["000-offset.014"]={cf=cfr(0,0,0,.717,-.697,-.012,.696,.717,-.014,.018,.001,1);es="Linear";ed="In";};["000-offset.006"]={cf=cfr(0,0,0,-.467,.041,-.884,-.657,-.685,.315,-.592,.728,.346);es="Linear";ed="In";};["000-offset.003"]={cf=cfr(0,0,0,-.436,.341,.832,-.763,-.631,-.141,.477,-.696,.536);es="Linear";ed="In";};["000-offset.007"]={cf=cfr(0,0,0,.929,-.369,0,.369,.929,0,0,0,1);es="Linear";ed="In";};["000-offset.004"]={cf=cfr(0,0,0,.991,-.132,0,.132,.991,0,0,0,1);es="Linear";ed="In";};["000-offset.008"]={cf=cfr(0,0,0,.966,-.259,0,.259,.966,0,0,0,1);es="Linear";ed="In";};["000-offset.005"]={cf=cfr(0,0,0,.888,-.437,-.143,.431,.9,-.07,.159,0,.987);es="Linear";ed="In";};};{tm=.129;["root"]={cf=cfr(0,1.762,-.254,0,0,1,0,1,0,-1,0,0);es="Linear";ed="In";};["000-offset"]={cf=cfr(0,0,0,1,.022,0,-.022,1,0,0,0,1);es="Linear";ed="In";};["000-offset.009"]={cf=cfr(0,0,0,.163,-.976,.143,.986,.165,-.001,-.023,.141,.99);es="Linear";ed="In";};["000-offset.012"]={cf=cfr(0,0,0,.183,-.97,-.16,.983,.183,.012,.018,-.16,.987);es="Linear";ed="In";};["000-offset.001"]={cf=cfr(0,0,0,.867,-.498,0,.498,.867,0,0,0,1);es="Linear";ed="In";};["000-offset.010"]={cf=cfr(0,0,0,.68,.733,0,-.733,.68,0,0,0,1);es="Linear";ed="In";};["000-offset.013"]={cf=cfr(0,0,0,.781,.624,0,-.624,.781,0,0,0,1);es="Linear";ed="In";};["000-offset.002"]={cf=cfr(0,0,0,.801,-.599,0,.599,.801,0,0,0,1);es="Linear";ed="In";};["000-offset.011"]={cf=cfr(0,0,0,.704,-.71,-.006,.71,.704,.006,0,-.009,1);es="Linear";ed="In";};["000-offset.014"]={cf=cfr(0,0,0,.744,-.668,-.014,.668,.744,-.011,.018,-.001,1);es="Linear";ed="In";};["000-offset.006"]={cf=cfr(0,0,0,-.552,.051,-.832,-.533,-.789,.305,-.641,.613,.463);es="Linear";ed="In";};["000-offset.003"]={cf=cfr(0,0,0,-.514,.322,.795,-.653,-.748,-.119,.556,-.58,.595);es="Linear";ed="In";};["000-offset.007"]={cf=cfr(0,0,0,.927,-.376,0,.376,.927,0,0,0,1);es="Linear";ed="In";};["000-offset.004"]={cf=cfr(0,0,0,.991,-.132,0,.132,.991,0,0,0,1);es="Linear";ed="In";};["000-offset.008"]={cf=cfr(0,0,0,.966,-.258,0,.258,.966,0,0,0,1);es="Linear";ed="In";};["000-offset.005"]={cf=cfr(0,0,0,.888,-.437,-.143,.431,.9,-.07,.159,0,.987);es="Linear";ed="In";};};{tm=.172;["root"]={cf=cfr(0,1.777,-.296,0,0,1,0,1,0,-1,0,0);es="Linear";ed="In";};["000-offset"]={cf=cfr(0,0,0,.922,-.386,0,.386,.922,0,0,0,1);es="Linear";ed="In";};["000-offset.009"]={cf=cfr(0,0,0,.147,-.98,.136,.989,.149,.003,-.023,.134,.991);es="Linear";ed="In";};["000-offset.012"]={cf=cfr(0,0,0,.184,-.97,-.156,.983,.185,.009,.02,-.155,.988);es="Linear";ed="In";};["000-offset.001"]={cf=cfr(0,0,0,.863,-.505,0,.505,.863,0,0,0,1);es="Linear";ed="In";};["000-offset.010"]={cf=cfr(0,0,0,.66,.751,0,-.751,.66,0,0,0,1);es="Linear";ed="In";};["000-offset.013"]={cf=cfr(0,0,0,.79,.613,0,-.613,.79,0,0,0,1);es="Linear";ed="In";};["000-offset.002"]={cf=cfr(0,0,0,.778,-.629,0,.629,.778,0,0,0,1);es="Linear";ed="In";};["000-offset.011"]={cf=cfr(0,0,0,.724,-.689,-.008,.689,.724,.008,0,-.011,1);es="Linear";ed="In";};["000-offset.014"]={cf=cfr(0,0,0,.765,-.643,-.016,.643,.766,-.01,.019,-.003,1);es="Linear";ed="In";};["000-offset.006"]={cf=cfr(0,0,0,-.625,.005,-.78,-.353,-.893,.278,-.696,.45,.56);es="Linear";ed="In";};["000-offset.003"]={cf=cfr(0,0,0,-.593,.247,.766,-.485,-.869,-.095,.643,-.428,.635);es="Linear";ed="In";};["000-offset.007"]={cf=cfr(0,0,0,.925,-.38,0,.38,.925,0,0,0,1);es="Linear";ed="In";};["000-offset.004"]={cf=cfr(0,0,0,.991,-.131,0,.131,.991,0,0,0,1);es="Linear";ed="In";};["000-offset.008"]={cf=cfr(0,0,0,.967,-.257,0,.257,.967,0,0,0,1);es="Linear";ed="In";};["000-offset.005"]={cf=cfr(0,0,0,.888,-.436,-.143,.431,.9,-.07,.159,0,.987);es="Linear";ed="In";};};{tm=.215;["root"]={cf=cfr(0,1.777,-.31,0,0,1,0,1,0,-1,0,0);es="Linear";ed="In";};["000-offset"]={cf=cfr(0,0,0,.677,-.736,0,.736,.677,0,0,0,1);es="Linear";ed="In";};["000-offset.009"]={cf=cfr(0,0,0,.113,-.985,.13,.993,.115,.006,-.021,.129,.991);es="Linear";ed="In";};["000-offset.012"]={cf=cfr(0,0,0,.173,-.973,-.153,.985,.174,.007,.02,-.152,.988);es="Linear";ed="In";};["000-offset.001"]={cf=cfr(0,0,0,.861,-.508,0,.508,.861,0,0,0,1);es="Linear";ed="In";};["000-offset.010"]={cf=cfr(0,0,0,.635,.772,0,-.772,.635,0,0,0,1);es="Linear";ed="In";};["000-offset.013"]={cf=cfr(0,0,0,.795,.606,0,-.606,.795,0,0,0,1);es="Linear";ed="In";};["000-offset.002"]={cf=cfr(0,0,0,.757,-.654,0,.654,.757,0,0,0,1);es="Linear";ed="In";};["000-offset.011"]={cf=cfr(0,0,0,.741,-.671,-.008,.671,.741,.009,0,-.012,1);es="Linear";ed="In";};["000-offset.014"]={cf=cfr(0,0,0,.782,-.623,-.017,.623,.782,-.008,.019,-.004,1);es="Linear";ed="In";};["000-offset.006"]={cf=cfr(0,0,0,-.646,-.091,-.758,-.139,-.962,.234,-.75,.256,.609);es="Linear";ed="In";};["000-offset.003"]={cf=cfr(0,0,0,-.629,.123,.768,-.277,-.958,-.073,.727,-.258,.636);es="Linear";ed="In";};["000-offset.007"]={cf=cfr(0,0,0,.924,-.383,0,.383,.924,0,0,0,1);es="Linear";ed="In";};["000-offset.004"]={cf=cfr(0,0,0,.992,-.129,0,.129,.992,0,0,0,1);es="Linear";ed="In";};["000-offset.008"]={cf=cfr(0,0,0,.967,-.255,0,.255,.967,0,0,0,1);es="Linear";ed="In";};["000-offset.005"]={cf=cfr(0,0,0,.889,-.436,-.143,.43,.9,-.07,.159,0,.987);es="Linear";ed="In";};};{tm=.258;["root"]={cf=cfr(0,1.791,-.226,0,0,1,0,1,0,-1,0,0);es="Linear";ed="In";};["000-offset"]={cf=cfr(0,0,0,.299,-.954,0,.954,.299,0,0,0,1);es="Linear";ed="In";};["000-offset.009"]={cf=cfr(0,0,0,.069,-.99,.126,.997,.071,.009,-.018,.125,.992);es="Linear";ed="In";};["000-offset.012"]={cf=cfr(0,0,0,.152,-.977,-.149,.988,.153,.005,.018,-.148,.989);es="Linear";ed="In";};["000-offset.001"]={cf=cfr(0,0,0,.862,-.507,0,.507,.862,0,-.001,0,1);es="Linear";ed="In";};["000-offset.010"]={cf=cfr(0,0,0,.605,.796,0,-.796,.605,0,0,0,1);es="Linear";ed="In";};["000-offset.013"]={cf=cfr(0,0,0,.796,.605,0,-.605,.796,0,0,0,1);es="Linear";ed="In";};["000-offset.002"]={cf=cfr(0,0,0,.742,-.67,0,.67,.742,0,0,0,1);es="Linear";ed="In";};["000-offset.011"]={cf=cfr(0,0,0,.755,-.656,-.009,.656,.754,.01,0,-.013,1);es="Linear";ed="In";};["000-offset.014"]={cf=cfr(0,0,0,.795,-.607,-.018,.607,.795,-.008,.019,-.005,1);es="Linear";ed="In";};["000-offset.006"]={cf=cfr(0,0,0,-.594,-.201,-.779,.071,-.978,.198,-.801,.063,.595);es="Linear";ed="In";};["000-offset.003"]={cf=cfr(0,0,0,-.594,-.02,.804,-.066,-.995,-.073,.802,-.097,.59);es="Linear";ed="In";};["000-offset.007"]={cf=cfr(0,0,0,.923,-.385,0,.385,.923,0,0,0,1);es="Linear";ed="In";};["000-offset.004"]={cf=cfr(0,0,0,.992,-.126,0,.126,.992,0,0,0,1);es="Linear";ed="In";};["000-offset.008"]={cf=cfr(0,0,0,.967,-.253,0,.253,.967,0,0,0,1);es="Linear";ed="In";};["000-offset.005"]={cf=cfr(0,0,0,.889,-.435,-.143,.429,.901,-.07,.159,0,.987);es="Linear";ed="In";};};{tm=.301;["root"]={cf=cfr(0,1.819,-.085,0,0,1,0,1,0,-1,0,0);es="Linear";ed="In";};["000-offset"]={cf=cfr(0,0,0,-.144,-.99,0,.99,-.144,0,0,0,1);es="Linear";ed="In";};["000-offset.009"]={cf=cfr(0,0,0,.019,-.993,.12,1,.02,.011,-.014,.12,.993);es="Linear";ed="In";};["000-offset.012"]={cf=cfr(0,0,0,.117,-.983,-.145,.993,.118,.004,.013,-.144,.989);es="Linear";ed="In";};["000-offset.001"]={cf=cfr(0,0,0,.864,-.503,.001,.503,.864,.001,-.001,0,1);es="Linear";ed="In";};["000-offset.010"]={cf=cfr(0,0,0,.569,.822,0,-.822,.569,0,0,0,1);es="Linear";ed="In";};["000-offset.013"]={cf=cfr(0,0,0,.795,.607,0,-.607,.795,0,0,0,1);es="Linear";ed="In";};["000-offset.002"]={cf=cfr(0,0,0,.737,-.675,0,.675,.737,0,0,0,1);es="Linear";ed="In";};["000-offset.011"]={cf=cfr(0,0,0,.765,-.644,-.009,.644,.765,.011,0,-.014,1);es="Linear";ed="In";};["000-offset.014"]={cf=cfr(0,0,0,.804,-.594,-.018,.594,.804,-.007,.019,-.005,1);es="Linear";ed="In";};["000-offset.006"]={cf=cfr(0,0,0,-.481,-.291,-.827,.237,-.951,.197,-.844,-.101,.527);es="Linear";ed="In";};["000-offset.003"]={cf=cfr(0,0,0,-.495,-.15,.856,.104,-.988,-.113,.862,.033,.505);es="Linear";ed="In";};["000-offset.007"]={cf=cfr(0,0,0,.923,-.385,0,.385,.923,0,0,0,1);es="Linear";ed="In";};["000-offset.004"]={cf=cfr(0,0,0,.992,-.123,0,.123,.992,0,0,0,1);es="Linear";ed="In";};["000-offset.008"]={cf=cfr(0,0,0,.968,-.251,0,.251,.968,0,0,0,1);es="Linear";ed="In";};["000-offset.005"]={cf=cfr(0,0,0,.889,-.434,-.143,.428,.901,-.07,.159,.001,.987);es="Linear";ed="In";};};{tm=.344;["root"]={cf=cfr(0,1.833,.014,0,0,1,0,1,0,-1,0,0);es="Linear";ed="In";};["000-offset"]={cf=cfr(0,0,0,-.564,-.826,0,.826,-.564,0,0,0,1);es="Linear";ed="In";};["000-offset.009"]={cf=cfr(0,0,0,-.037,-.993,.115,.999,-.036,.013,-.009,.116,.993);es="Linear";ed="In";};["000-offset.012"]={cf=cfr(0,0,0,.071,-.988,-.141,.997,.071,.004,.006,-.14,.99);es="Linear";ed="In";};["000-offset.001"]={cf=cfr(0,0,0,.868,-.496,.001,.496,.868,.001,-.001,0,1);es="Linear";ed="In";};["000-offset.010"]={cf=cfr(0,0,0,.529,.849,0,-.849,.529,0,0,0,1);es="Linear";ed="In";};["000-offset.013"]={cf=cfr(0,0,0,.79,.614,0,-.614,.79,0,0,0,1);es="Linear";ed="In";};["000-offset.002"]={cf=cfr(0,0,0,.746,-.666,0,.666,.746,0,0,0,1);es="Linear";ed="In";};["000-offset.011"]={cf=cfr(0,0,0,.772,-.635,-.009,.635,.772,.011,0,-.014,1);es="Linear";ed="In";};["000-offset.014"]={cf=cfr(0,0,0,.81,-.587,-.018,.586,.81,-.007,.019,-.004,1);es="Linear";ed="In";};["000-offset.006"]={cf=cfr(0,0,0,-.339,-.349,-.873,.338,-.912,.233,-.878,-.217,.427);es="Linear";ed="In";};["000-offset.003"]={cf=cfr(0,0,0,-.366,-.252,.896,.21,-.96,-.185,.907,.12,.405);es="Linear";ed="In";};["000-offset.007"]={cf=cfr(0,0,0,.923,-.386,0,.386,.923,0,0,0,1);es="Linear";ed="In";};["000-offset.004"]={cf=cfr(0,0,0,.993,-.119,0,.119,.993,0,0,0,1);es="Linear";ed="In";};["000-offset.008"]={cf=cfr(0,0,0,.969,-.249,0,.249,.969,0,0,0,1);es="Linear";ed="In";};["000-offset.005"]={cf=cfr(0,0,0,.89,-.433,-.143,.428,.901,-.07,.159,.001,.987);es="Linear";ed="In";};};{tm=.387;["root"]={cf=cfr(0,1.861,.042,0,0,1,0,1,0,-1,0,0);es="Linear";ed="In";};["000-offset"]={cf=cfr(0,0,0,-.872,-.489,0,.489,-.872,0,0,0,1);es="Linear";ed="In";};["000-offset.009"]={cf=cfr(0,0,0,-.097,-.989,.11,.995,-.096,.014,-.004,.111,.994);es="Linear";ed="In";};["000-offset.012"]={cf=cfr(0,0,0,.017,-.99,-.137,1,.017,.004,-.001,-.137,.991);es="Linear";ed="In";};["000-offset.001"]={cf=cfr(0,0,0,.874,-.487,.001,.487,.874,.001,-.002,0,1);es="Linear";ed="In";};["000-offset.010"]={cf=cfr(0,0,0,.484,.875,0,-.875,.484,0,0,0,1);es="Linear";ed="In";};["000-offset.013"]={cf=cfr(0,0,0,.782,.623,0,-.623,.782,0,0,0,1);es="Linear";ed="In";};["000-offset.002"]={cf=cfr(0,0,0,.771,-.637,0,.637,.771,0,0,0,1);es="Linear";ed="In";};["000-offset.011"]={cf=cfr(0,0,0,.777,-.629,-.009,.629,.777,.011,0,-.014,1);es="Linear";ed="In";};["000-offset.014"]={cf=cfr(0,0,0,.813,-.583,-.017,.583,.813,-.008,.019,-.004,1);es="Linear";ed="In";};["000-offset.006"]={cf=cfr(0,0,0,-.205,-.382,-.901,.382,-.879,.286,-.901,-.286,.326);es="Linear";ed="In";};["000-offset.003"]={cf=cfr(0,0,0,-.246,-.329,.912,.256,-.929,-.266,.935,.168,.313);es="Linear";ed="In";};["000-offset.007"]={cf=cfr(0,0,0,.923,-.384,0,.384,.923,0,0,0,1);es="Linear";ed="In";};["000-offset.004"]={cf=cfr(0,0,0,.993,-.114,0,.114,.993,0,0,0,1);es="Linear";ed="In";};["000-offset.008"]={cf=cfr(0,0,0,.969,-.247,0,.247,.969,0,0,0,1);es="Linear";ed="In";};["000-offset.005"]={cf=cfr(0,0,0,.89,-.432,-.143,.427,.902,-.07,.159,.001,.987);es="Linear";ed="In";};};{tm=.43;["root"]={cf=cfr(0,1.889,.042,0,0,1,0,1,0,-1,0,0);es="Linear";ed="In";};["000-offset"]={cf=cfr(0,0,0,-.999,-.046,0,.046,-.999,0,0,0,1);es="Linear";ed="In";};["000-offset.009"]={cf=cfr(0,0,0,-.161,-.981,.105,.987,-.16,.015,.002,.106,.994);es="Linear";ed="In";};["000-offset.012"]={cf=cfr(0,0,0,-.039,-.99,-.134,.999,-.04,.004,-.009,-.134,.991);es="Linear";ed="In";};["000-offset.001"]={cf=cfr(0,0,0,.88,-.474,.002,.474,.88,.002,-.002,-.001,1);es="Linear";ed="In";};["000-offset.010"]={cf=cfr(0,0,0,.435,.9,0,-.9,.435,0,0,0,1);es="Linear";ed="In";};["000-offset.013"]={cf=cfr(0,0,0,.772,.636,0,-.636,.772,0,0,0,1);es="Linear";ed="In";};["000-offset.002"]={cf=cfr(0,0,0,.808,-.589,0,.589,.808,0,0,0,1);es="Linear";ed="In";};["000-offset.011"]={cf=cfr(0,0,0,.78,-.625,-.009,.626,.78,.011,0,-.014,1);es="Linear";ed="In";};["000-offset.014"]={cf=cfr(0,0,0,.813,-.582,-.017,.582,.813,-.009,.019,-.002,1);es="Linear";ed="In";};["000-offset.006"]={cf=cfr(0,0,0,-.101,-.401,-.911,.392,-.857,.334,-.914,-.323,.243);es="Linear";ed="In";};["000-offset.003"]={cf=cfr(0,0,0,-.157,-.384,.91,.272,-.902,-.334,.949,.195,.246);es="Linear";ed="In";};["000-offset.007"]={cf=cfr(0,0,0,.924,-.382,0,.382,.924,0,0,0,1);es="Linear";ed="In";};["000-offset.004"]={cf=cfr(0,0,0,.994,-.11,0,.11,.994,0,0,0,1);es="Linear";ed="In";};["000-offset.008"]={cf=cfr(0,0,0,.97,-.245,0,.245,.97,0,0,0,1);es="Linear";ed="In";};["000-offset.005"]={cf=cfr(0,0,0,.891,-.432,-.143,.426,.902,-.07,.159,.001,.987);es="Linear";ed="In";};};{tm=.473;["root"]={cf=cfr(0,1.918,.042,0,0,1,0,1,0,-1,0,0);es="Linear";ed="In";};["000-offset"]={cf=cfr(0,0,0,-.913,.409,0,-.409,-.913,0,0,0,1);es="Linear";ed="In";};["000-offset.009"]={cf=cfr(0,0,0,-.226,-.969,.1,.974,-.226,.015,.008,.101,.995);es="Linear";ed="In";};["000-offset.012"]={cf=cfr(0,0,0,-.093,-.987,-.132,.996,-.094,.005,-.017,-.131,.991);es="Linear";ed="In";};["000-offset.001"]={cf=cfr(0,0,0,.888,-.46,.002,.46,.888,.002,-.003,-.001,1);es="Linear";ed="In";};["000-offset.010"]={cf=cfr(0,0,0,.383,.924,0,-.924,.383,0,0,0,1);es="Linear";ed="In";};["000-offset.013"]={cf=cfr(0,0,0,.76,.65,0,-.65,.76,0,0,0,1);es="Linear";ed="In";};["000-offset.002"]={cf=cfr(0,0,0,.85,-.526,0,.526,.85,0,0,0,1);es="Linear";ed="In";};["000-offset.011"]={cf=cfr(0,0,0,.781,-.625,-.008,.625,.781,.01,0,-.013,1);es="Linear";ed="In";};["000-offset.014"]={cf=cfr(0,0,0,.81,-.586,-.016,.586,.811,-.01,.019,-.001,1);es="Linear";ed="In";};["000-offset.006"]={cf=cfr(0,0,0,-.015,-.415,-.91,.39,-.84,.376,-.921,-.349,.175);es="Linear";ed="In";};["000-offset.003"]={cf=cfr(0,0,0,-.088,-.43,.899,.281,-.876,-.391,.956,.218,.198);es="Linear";ed="In";};["000-offset.007"]={cf=cfr(0,0,0,.926,-.379,0,.379,.926,0,0,0,1);es="Linear";ed="In";};["000-offset.004"]={cf=cfr(0,0,0,.995,-.105,0,.105,.995,0,0,0,1);es="Linear";ed="In";};["000-offset.008"]={cf=cfr(0,0,0,.97,-.243,0,.243,.97,0,0,0,1);es="Linear";ed="In";};["000-offset.005"]={cf=cfr(0,0,0,.891,-.431,-.143,.425,.902,-.07,.159,.001,.987);es="Linear";ed="In";};};{tm=.516;["root"]={cf=cfr(0,1.946,.042,0,0,1,0,1,0,-1,0,0);es="Linear";ed="In";};["000-offset"]={cf=cfr(0,0,0,-.63,.777,0,-.777,-.63,0,0,0,1);es="Linear";ed="In";};["000-offset.009"]={cf=cfr(0,0,0,-.293,-.951,.096,.956,-.293,.014,.015,.096,.995);es="Linear";ed="In";};["000-offset.012"]={cf=cfr(0,0,0,-.141,-.981,-.131,.99,-.143,.006,-.025,-.129,.991);es="Linear";ed="In";};["000-offset.001"]={cf=cfr(0,0,0,.897,-.443,.003,.443,.897,.002,-.004,-.001,1);es="Linear";ed="In";};["000-offset.010"]={cf=cfr(0,0,0,.326,.945,0,-.945,.326,0,0,0,1);es="Linear";ed="In";};["000-offset.013"]={cf=cfr(0,0,0,.746,.666,0,-.666,.746,0,0,0,1);es="Linear";ed="In";};["000-offset.002"]={cf=cfr(0,0,0,.893,-.449,-.001,.449,.893,-.001,.001,0,1);es="Linear";ed="In";};["000-offset.011"]={cf=cfr(0,0,0,.779,-.626,-.008,.627,.779,.009,0,-.012,1);es="Linear";ed="In";};["000-offset.014"]={cf=cfr(0,0,0,.806,-.592,-.015,.592,.806,-.011,.019,0,1);es="Linear";ed="In";};["000-offset.006"]={cf=cfr(0,0,0,.068,-.428,-.901,.378,-.825,.42,-.923,-.369,.106);es="Linear";ed="In";};["000-offset.003"]={cf=cfr(0,0,0,-.02,-.476,.879,.286,-.845,-.451,.958,.242,.154);es="Linear";ed="In";};["000-offset.007"]={cf=cfr(0,0,0,.927,-.375,0,.375,.927,0,0,0,1);es="Linear";ed="In";};["000-offset.004"]={cf=cfr(0,0,0,.995,-.1,0,.1,.995,0,0,0,1);es="Linear";ed="In";};["000-offset.008"]={cf=cfr(0,0,0,.97,-.241,0,.241,.97,0,0,0,1);es="Linear";ed="In";};["000-offset.005"]={cf=cfr(0,0,0,.891,-.43,-.143,.424,.903,-.07,.159,.001,.987);es="Linear";ed="In";};};{tm=.559;["root"]={cf=cfr(0,1.974,.014,0,0,1,0,1,0,-1,0,0);es="Linear";ed="In";};["000-offset"]={cf=cfr(0,0,0,-.212,.977,0,-.977,-.212,0,0,0,1);es="Linear";ed="In";};["000-offset.009"]={cf=cfr(0,0,0,-.36,-.928,.093,.933,-.361,.012,.022,.091,.996);es="Linear";ed="In";};["000-offset.012"]={cf=cfr(0,0,0,-.179,-.975,-.131,.983,-.181,.007,-.03,-.128,.991);es="Linear";ed="In";};["000-offset.001"]={cf=cfr(0,0,0,.905,-.424,.003,.424,.905,.003,-.004,-.001,1);es="Linear";ed="In";};["000-offset.010"]={cf=cfr(0,0,0,.268,.964,0,-.964,.268,0,0,0,1);es="Linear";ed="In";};["000-offset.013"]={cf=cfr(0,0,0,.73,.683,0,-.683,.73,0,0,0,1);es="Linear";ed="In";};["000-offset.002"]={cf=cfr(0,0,0,.933,-.36,-.002,.36,.933,-.001,.002,0,1);es="Linear";ed="In";};["000-offset.011"]={cf=cfr(0,0,0,.776,-.63,-.007,.631,.776,.009,0,-.011,1);es="Linear";ed="In";};["000-offset.014"]={cf=cfr(0,0,0,.799,-.602,-.014,.602,.799,-.013,.019,.002,1);es="Linear";ed="In";};["000-offset.006"]={cf=cfr(0,0,0,.148,-.442,-.884,.354,-.811,.465,-.923,-.383,.036);es="Linear";ed="In";};["000-offset.003"]={cf=cfr(0,0,0,.049,-.522,.851,.285,-.81,-.513,.957,.267,.109);es="Linear";ed="In";};["000-offset.007"]={cf=cfr(0,0,0,.929,-.37,0,.37,.929,0,0,0,1);es="Linear";ed="In";};["000-offset.004"]={cf=cfr(0,0,0,.995,-.095,0,.095,.995,0,0,0,1);es="Linear";ed="In";};["000-offset.008"]={cf=cfr(0,0,0,.971,-.24,0,.24,.971,0,0,0,1);es="Linear";ed="In";};["000-offset.005"]={cf=cfr(0,0,0,.892,-.43,-.143,.424,.903,-.07,.159,.001,.987);es="Linear";ed="In";};};{tm=.602;["root"]={cf=cfr(0,2.002,0,0,0,1,0,1,0,-1,0,0);es="Linear";ed="In";};["000-offset"]={cf=cfr(0,0,0,.249,.968,0,-.968,.249,0,0,0,1);es="Linear";ed="In";};["000-offset.009"]={cf=cfr(0,0,0,-.425,-.9,.091,.904,-.426,.01,.029,.087,.996);es="Linear";ed="In";};["000-offset.012"]={cf=cfr(0,0,0,-.203,-.97,-.132,.979,-.206,.007,-.034,-.128,.991);es="Linear";ed="In";};["000-offset.001"]={cf=cfr(0,0,0,.915,-.404,.004,.404,.915,.003,-.004,-.001,1);es="Linear";ed="In";};["000-offset.010"]={cf=cfr(0,0,0,.207,.978,0,-.978,.207,0,0,0,1);es="Linear";ed="In";};["000-offset.013"]={cf=cfr(0,0,0,.713,.701,0,-.701,.713,0,0,0,1);es="Linear";ed="In";};["000-offset.002"]={cf=cfr(0,0,0,.966,-.259,-.003,.259,.966,-.001,.003,0,1);es="Linear";ed="In";};["000-offset.011"]={cf=cfr(0,0,0,.771,-.637,-.006,.637,.771,.008,0,-.01,1);es="Linear";ed="In";};["000-offset.014"]={cf=cfr(0,0,0,.789,-.614,-.013,.614,.789,-.014,.018,.003,1);es="Linear";ed="In";};["000-offset.006"]={cf=cfr(0,0,0,.225,-.458,-.86,.318,-.799,.51,-.921,-.388,-.034);es="Linear";ed="In";};["000-offset.003"]={cf=cfr(0,0,0,.121,-.567,.815,.273,-.77,-.576,.954,.293,.061);es="Linear";ed="In";};["000-offset.007"]={cf=cfr(0,0,0,.931,-.365,0,.365,.931,0,0,0,1);es="Linear";ed="In";};["000-offset.004"]={cf=cfr(0,0,0,.996,-.09,0,.09,.996,0,0,0,1);es="Linear";ed="In";};["000-offset.008"]={cf=cfr(0,0,0,.971,-.239,0,.239,.971,0,0,0,1);es="Linear";ed="In";};["000-offset.005"]={cf=cfr(0,0,0,.892,-.429,-.143,.423,.903,-.07,.159,.002,.987);es="Linear";ed="In";};};{tm=.645;["root"]={cf=cfr(0,2.016,-.042,0,0,1,0,1,0,-1,0,0);es="Linear";ed="In";};["000-offset"]={cf=cfr(0,0,0,.655,.756,0,-.756,.655,0,0,0,1);es="Linear";ed="In";};["000-offset.009"]={cf=cfr(0,0,0,-.488,-.868,.09,.872,-.49,.008,.037,.082,.996);es="Linear";ed="In";};["000-offset.012"]={cf=cfr(0,0,0,-.205,-.969,-.135,.978,-.208,.006,-.034,-.13,.991);es="Linear";ed="In";};["000-offset.001"]={cf=cfr(0,0,0,.924,-.383,.004,.383,.924,.003,-.005,-.001,1);es="Linear";ed="In";};["000-offset.010"]={cf=cfr(0,0,0,.145,.989,0,-.989,.145,0,0,0,1);es="Linear";ed="In";};["000-offset.013"]={cf=cfr(0,0,0,.695,.719,0,-.719,.695,0,0,0,1);es="Linear";ed="In";};["000-offset.002"]={cf=cfr(0,0,0,.989,-.15,-.003,.15,.989,-.001,.003,0,1);es="Linear";ed="In";};["000-offset.011"]={cf=cfr(0,0,0,.765,-.645,-.006,.645,.765,.007,0,-.009,1);es="Linear";ed="In";};["000-offset.014"]={cf=cfr(0,0,0,.778,-.628,-.011,.628,.778,-.015,.018,.005,1);es="Linear";ed="In";};["000-offset.006"]={cf=cfr(0,0,0,.296,-.477,-.827,.268,-.79,.552,-.917,-.385,-.106);es="Linear";ed="In";};["000-offset.003"]={cf=cfr(0,0,0,.195,-.608,.77,.248,-.729,-.638,.949,.316,.008);es="Linear";ed="In";};["000-offset.007"]={cf=cfr(0,0,0,.933,-.36,0,.36,.933,0,0,0,1);es="Linear";ed="In";};["000-offset.004"]={cf=cfr(0,0,0,.996,-.085,0,.085,.996,0,0,0,1);es="Linear";ed="In";};["000-offset.008"]={cf=cfr(0,0,0,.971,-.238,0,.238,.971,0,0,0,1);es="Linear";ed="In";};["000-offset.005"]={cf=cfr(0,0,0,.892,-.429,-.143,.424,.903,-.07,.159,.002,.987);es="Linear";ed="In";};};{tm=.688;["root"]={cf=cfr(0,2.016,-.099,0,0,1,0,1,0,-1,0,0);es="Linear";ed="In";};["000-offset"]={cf=cfr(0,0,0,.921,.389,0,-.389,.921,0,0,0,1);es="Linear";ed="In";};["000-offset.009"]={cf=cfr(0,0,0,-.548,-.832,.089,.835,-.55,.006,.044,.078,.996);es="Linear";ed="In";};["000-offset.012"]={cf=cfr(0,0,0,-.186,-.973,-.14,.982,-.188,.005,-.031,-.136,.99);es="Linear";ed="In";};["000-offset.001"]={cf=cfr(0,0,0,.932,-.361,.004,.361,.932,.003,-.005,-.001,1);es="Linear";ed="In";};["000-offset.010"]={cf=cfr(0,0,0,.082,.997,0,-.997,.082,0,0,0,1);es="Linear";ed="In";};["000-offset.013"]={cf=cfr(0,0,0,.676,.737,0,-.737,.676,0,0,0,1);es="Linear";ed="In";};["000-offset.002"]={cf=cfr(0,0,0,.999,-.036,-.004,.036,.999,0,.004,0,1);es="Linear";ed="In";};["000-offset.011"]={cf=cfr(0,0,0,.756,-.654,-.005,.654,.756,.006,0,-.007,1);es="Linear";ed="In";};["000-offset.014"]={cf=cfr(0,0,0,.764,-.645,-.01,.644,.764,-.016,.018,.006,1);es="Linear";ed="In";};["000-offset.006"]={cf=cfr(0,0,0,.358,-.501,-.788,.205,-.781,.59,-.911,-.373,-.177);es="Linear";ed="In";};["000-offset.003"]={cf=cfr(0,0,0,.268,-.646,.715,.205,-.687,-.697,.941,.334,-.052);es="Linear";ed="In";};["000-offset.007"]={cf=cfr(0,0,0,.935,-.354,0,.354,.935,0,0,0,1);es="Linear";ed="In";};["000-offset.004"]={cf=cfr(0,0,0,.997,-.081,0,.081,.997,0,0,0,1);es="Linear";ed="In";};["000-offset.005"]={cf=cfr(0,0,0,.892,-.429,-.143,.424,.903,-.07,.159,.002,.987);es="Linear";ed="In";};};{tm=.731;["root"]={cf=cfr(0,2.03,-.169,0,0,1,0,1,0,-1,0,0);es="Linear";ed="In";};["000-offset"]={cf=cfr(0,0,0,.999,-.052,0,.052,.999,0,0,0,1);es="Linear";ed="In";};["000-offset.009"]={cf=cfr(0,0,0,-.603,-.793,.09,.796,-.605,.004,.052,.074,.996);es="Linear";ed="In";};["000-offset.012"]={cf=cfr(0,0,0,-.154,-.977,-.147,.988,-.157,.004,-.027,-.144,.989);es="Linear";ed="In";};["000-offset.001"]={cf=cfr(0,0,0,.941,-.339,.004,.339,.941,.003,-.005,-.001,1);es="Linear";ed="In";};["000-offset.010"]={cf=cfr(0,0,0,.02,1,0,-1,.02,0,0,0,1);es="Linear";ed="In";};["000-offset.013"]={cf=cfr(0,0,0,.658,.753,0,-.753,.658,0,0,0,1);es="Linear";ed="In";};["000-offset.002"]={cf=cfr(0,0,0,.997,.079,-.005,-.079,.997,0,.005,0,1);es="Linear";ed="In";};["000-offset.011"]={cf=cfr(0,0,0,.747,-.665,-.004,.665,.747,.005,0,-.006,1);es="Linear";ed="In";};["000-offset.014"]={cf=cfr(0,0,0,.749,-.663,-.009,.663,.749,-.018,.018,.007,1);es="Linear";ed="In";};["000-offset.006"]={cf=cfr(0,0,0,.408,-.531,-.743,.13,-.772,.622,-.904,-.35,-.246);es="Linear";ed="In";};["000-offset.003"]={cf=cfr(0,0,0,.333,-.682,.651,.144,-.646,-.75,.932,.344,-.117);es="Linear";ed="In";};["000-offset.007"]={cf=cfr(0,0,0,.938,-.348,0,.348,.938,0,0,0,1);es="Linear";ed="In";};["000-offset.004"]={cf=cfr(0,0,0,.997,-.077,0,.077,.997,0,0,0,1);es="Linear";ed="In";};["000-offset.008"]={cf=cfr(0,0,0,.971,-.238,0,.238,.971,0,0,0,1);es="Linear";ed="In";};["000-offset.005"]={cf=cfr(0,0,0,.892,-.429,-.143,.424,.903,-.07,.159,.002,.987);es="Linear";ed="In";};};{tm=.774;["root"]={cf=cfr(0,2.03,-.24,0,0,1,0,1,0,-1,0,0);es="Linear";ed="In";};["000-offset"]={cf=cfr(0,0,0,.88,-.475,0,.475,.88,0,0,0,1);es="Linear";ed="In";};["000-offset.009"]={cf=cfr(0,0,0,-.653,-.751,.091,.755,-.656,.001,.059,.07,.996);es="Linear";ed="In";};["000-offset.012"]={cf=cfr(0,0,0,-.119,-.981,-.153,.993,-.121,.004,-.022,-.152,.988);es="Linear";ed="In";};["000-offset.001"]={cf=cfr(0,0,0,.949,-.316,.004,.316,.949,.003,-.005,-.001,1);es="Linear";ed="In";};["000-offset.010"]={cf=cfr(0,0,0,-.041,.999,0,-.999,-.041,0,0,0,1);es="Linear";ed="In";};["000-offset.013"]={cf=cfr(0,0,0,.639,.769,0,-.769,.639,0,0,0,1);es="Linear";ed="In";};["000-offset.002"]={cf=cfr(0,0,0,.981,.192,-.005,-.192,.981,.001,.005,0,1);es="Linear";ed="In";};["000-offset.011"]={cf=cfr(0,0,0,.736,-.677,-.003,.677,.736,.004,0,-.005,1);es="Linear";ed="In";};["000-offset.014"]={cf=cfr(0,0,0,.731,-.682,-.008,.682,.731,-.018,.018,.008,1);es="Linear";ed="In";};["000-offset.006"]={cf=cfr(0,0,0,.442,-.567,-.696,.047,-.76,.648,-.896,-.319,-.309);es="Linear";ed="In";};["000-offset.003"]={cf=cfr(0,0,0,.385,-.718,.58,.066,-.606,-.793,.921,.343,-.186);es="Linear";ed="In";};["000-offset.007"]={cf=cfr(0,0,0,.94,-.341,0,.341,.94,0,0,0,1);es="Linear";ed="In";};["000-offset.004"]={cf=cfr(0,0,0,.997,-.074,0,.074,.997,0,0,0,1);es="Linear";ed="In";};["000-offset.008"]={cf=cfr(0,0,0,.971,-.239,0,.239,.971,0,0,0,1);es="Linear";ed="In";};["000-offset.005"]={cf=cfr(0,0,0,.892,-.43,-.143,.424,.903,-.07,.159,.001,.987);es="Linear";ed="In";};};{tm=.817;["root"]={cf=cfr(0,2.044,-.296,0,0,1,0,1,0,-1,0,0);es="Linear";ed="In";};["000-offset"]={cf=cfr(0,0,0,.599,-.801,0,.801,.599,0,0,0,1);es="Linear";ed="In";};["000-offset.009"]={cf=cfr(0,0,0,-.698,-.71,.093,.713,-.702,-.001,.066,.066,.996);es="Linear";ed="In";};["000-offset.012"]={cf=cfr(0,0,0,-.09,-.983,-.158,.996,-.091,.003,-.018,-.157,.987);es="Linear";ed="In";};["000-offset.001"]={cf=cfr(0,0,0,.956,-.293,.004,.293,.956,.002,-.005,-.001,1);es="Linear";ed="In";};["000-offset.010"]={cf=cfr(0,0,0,-.1,.995,0,-.995,-.1,0,0,0,1);es="Linear";ed="In";};["000-offset.013"]={cf=cfr(0,0,0,.622,.783,0,-.783,.622,0,0,0,1);es="Linear";ed="In";};["000-offset.002"]={cf=cfr(0,0,0,.954,.299,-.005,-.299,.954,.002,.005,0,1);es="Linear";ed="In";};["000-offset.011"]={cf=cfr(0,0,0,.723,-.691,-.003,.691,.723,.003,0,-.004,1);es="Linear";ed="In";};["000-offset.014"]={cf=cfr(0,0,0,.712,-.702,-.007,.702,.712,-.019,.018,.009,1);es="Linear";ed="In";};["000-offset.006"]={cf=cfr(0,0,0,.458,-.608,-.648,-.041,-.743,.668,-.888,-.279,-.366);es="Linear";ed="In";};["000-offset.003"]={cf=cfr(0,0,0,.418,-.755,.505,-.025,-.566,-.824,.908,.332,-.255);es="Linear";ed="In";};["000-offset.007"]={cf=cfr(0,0,0,.942,-.335,0,.335,.942,0,0,0,1);es="Linear";ed="In";};["000-offset.004"]={cf=cfr(0,0,0,.997,-.071,0,.071,.997,0,0,0,1);es="Linear";ed="In";};["000-offset.008"]={cf=cfr(0,0,0,.971,-.241,0,.241,.971,0,0,0,1);es="Linear";ed="In";};["000-offset.005"]={cf=cfr(0,0,0,.892,-.43,-.143,.424,.903,-.07,.159,.001,.987);es="Linear";ed="In";};};{tm=.86;["root"]={cf=cfr(0,2.044,-.31,0,0,1,0,1,0,-1,0,0);es="Linear";ed="In";};["000-offset"]={cf=cfr(0,0,0,.217,-.976,0,.976,.217,0,0,0,1);es="Linear";ed="In";};["000-offset.009"]={cf=cfr(0,0,0,-.738,-.668,.096,.671,-.741,-.002,.073,.063,.995);es="Linear";ed="In";};["000-offset.012"]={cf=cfr(0,0,0,-.074,-.984,-.16,.997,-.076,.002,-.014,-.159,.987);es="Linear";ed="In";};["000-offset.001"]={cf=cfr(0,0,0,.963,-.271,.004,.271,.963,.002,-.004,-.001,1);es="Linear";ed="In";};["000-offset.010"]={cf=cfr(0,0,0,-.157,.988,0,-.988,-.157,0,0,0,1);es="Linear";ed="In";};["000-offset.013"]={cf=cfr(0,0,0,.606,.796,0,-.796,.606,0,0,0,1);es="Linear";ed="In";};["000-offset.002"]={cf=cfr(0,0,0,.918,.397,-.005,-.397,.918,.002,.005,0,1);es="Linear";ed="In";};["000-offset.011"]={cf=cfr(0,0,0,.71,-.705,-.002,.705,.71,.002,0,-.003,1);es="Linear";ed="In";};["000-offset.014"]={cf=cfr(0,0,0,.691,-.723,-.006,.723,.691,-.019,.018,.009,1);es="Linear";ed="In";};["000-offset.006"]={cf=cfr(0,0,0,.457,-.654,-.603,-.128,-.719,.683,-.88,-.235,-.413);es="Linear";ed="In";};["000-offset.003"]={cf=cfr(0,0,0,.429,-.794,.431,-.122,-.524,-.843,.895,.309,-.321);es="Linear";ed="In";};["000-offset.007"]={cf=cfr(0,0,0,.944,-.329,0,.329,.944,0,0,0,1);es="Linear";ed="In";};["000-offset.004"]={cf=cfr(0,0,0,.998,-.07,0,.07,.998,0,0,0,1);es="Linear";ed="In";};["000-offset.008"]={cf=cfr(0,0,0,.97,-.243,0,.243,.97,0,0,0,1);es="Linear";ed="In";};["000-offset.005"]={cf=cfr(0,0,0,.891,-.431,-.143,.425,.903,-.07,.159,.001,.987);es="Linear";ed="In";};};{tm=.903;["root"]={cf=cfr(0,2.073,-.282,0,0,1,0,1,0,-1,0,0);es="Linear";ed="In";};["000-offset"]={cf=cfr(0,0,0,-.191,-.982,0,.982,-.191,0,0,0,1);es="Linear";ed="In";};["000-offset.009"]={cf=cfr(0,0,0,-.771,-.629,.1,.631,-.775,-.003,.079,.06,.995);es="Linear";ed="In";};["000-offset.012"]={cf=cfr(0,0,0,-.083,-.984,-.156,.996,-.084,0,-.013,-.156,.988);es="Linear";ed="In";};["000-offset.001"]={cf=cfr(0,0,0,.968,-.249,.003,.249,.968,.002,-.004,-.001,1);es="Linear";ed="In";};["000-offset.010"]={cf=cfr(0,0,0,-.21,.978,0,-.978,-.21,0,0,0,1);es="Linear";ed="In";};["000-offset.013"]={cf=cfr(0,0,0,.591,.806,0,-.806,.591,0,0,0,1);es="Linear";ed="In";};["000-offset.002"]={cf=cfr(0,0,0,.875,.483,-.004,-.483,.875,.002,.005,0,1);es="Linear";ed="In";};["000-offset.011"]={cf=cfr(0,0,0,.695,-.719,-.001,.719,.695,.001,0,-.002,1);es="Linear";ed="In";};["000-offset.014"]={cf=cfr(0,0,0,.668,-.744,-.005,.744,.668,-.019,.018,.009,1);es="Linear";ed="In";};["000-offset.006"]={cf=cfr(0,0,0,.441,-.701,-.56,-.21,-.687,.696,-.873,-.189,-.45);es="Linear";ed="In";};["000-offset.003"]={cf=cfr(0,0,0,.419,-.833,.362,-.216,-.478,-.852,.882,.278,-.38);es="Linear";ed="In";};["000-offset.007"]={cf=cfr(0,0,0,.946,-.323,0,.323,.946,0,0,0,1);es="Linear";ed="In";};["000-offset.004"]={cf=cfr(0,0,0,.998,-.068,0,.068,.998,0,0,0,1);es="Linear";ed="In";};["000-offset.008"]={cf=cfr(0,0,0,.969,-.246,0,.246,.969,0,0,0,1);es="Linear";ed="In";};["000-offset.005"]={cf=cfr(0,0,0,.891,-.432,-.143,.426,.902,-.069,.159,.001,.987);es="Linear";ed="In";};};{tm=.946;["root"]={cf=cfr(0,2.087,-.183,0,0,1,0,1,0,-1,0,0);es="Linear";ed="In";};["000-offset"]={cf=cfr(0,0,0,-.555,-.832,0,.832,-.555,0,0,0,1);es="Linear";ed="In";};["000-offset.009"]={cf=cfr(0,0,0,-.799,-.592,.103,.595,-.804,-.004,.086,.058,.995);es="Linear";ed="In";};["000-offset.012"]={cf=cfr(0,0,0,-.11,-.983,-.147,.994,-.111,-.003,-.013,-.147,.989);es="Linear";ed="In";};["000-offset.001"]={cf=cfr(0,0,0,.973,-.229,.002,.229,.973,.001,-.003,-.001,1);es="Linear";ed="In";};["000-offset.010"]={cf=cfr(0,0,0,-.259,.966,0,-.966,-.259,0,0,0,1);es="Linear";ed="In";};["000-offset.013"]={cf=cfr(0,0,0,.577,.817,0,-.817,.577,0,0,0,1);es="Linear";ed="In";};["000-offset.002"]={cf=cfr(0,0,0,.831,.557,-.003,-.557,.831,.002,.004,0,1);es="Linear";ed="In";};["000-offset.011"]={cf=cfr(0,0,0,.679,-.734,-.001,.734,.679,.001,0,-.001,1);es="Linear";ed="In";};["000-offset.014"]={cf=cfr(0,0,0,.633,-.774,-.005,.774,.633,-.019,.018,.008,1);es="Linear";ed="In";};["000-offset.006"]={cf=cfr(0,0,0,.411,-.748,-.521,-.281,-.648,.708,-.867,-.145,-.476);es="Linear";ed="In";};["000-offset.003"]={cf=cfr(0,0,0,.39,-.87,.3,-.3,-.428,-.852,.87,.242,-.428);es="Linear";ed="In";};["000-offset.007"]={cf=cfr(0,0,0,.948,-.317,0,.317,.948,0,0,0,1);es="Linear";ed="In";};["000-offset.004"]={cf=cfr(0,0,0,.998,-.068,0,.068,.998,0,0,0,1);es="Linear";ed="In";};["000-offset.008"]={cf=cfr(0,0,0,.968,-.25,0,.25,.968,0,0,0,1);es="Linear";ed="In";};["000-offset.005"]={cf=cfr(0,0,0,.89,-.433,-.143,.428,.901,-.069,.159,.001,.987);es="Linear";ed="In";};};{tm=.989;["root"]={cf=cfr(0,2.101,-.085,0,0,1,0,1,0,-1,0,0);es="Linear";ed="In";};["000-offset"]={cf=cfr(0,0,0,-.825,-.565,0,.565,-.825,0,0,0,1);es="Linear";ed="In";};["000-offset.009"]={cf=cfr(0,0,0,-.822,-.56,.107,.563,-.827,-.005,.091,.056,.994);es="Linear";ed="In";};["000-offset.012"]={cf=cfr(0,0,0,-.143,-.98,-.135,.99,-.144,-.007,-.013,-.135,.991);es="Linear";ed="In";};["000-offset.001"]={cf=cfr(0,0,0,.978,-.21,.001,.21,.978,.001,-.001,0,1);es="Linear";ed="In";};["000-offset.010"]={cf=cfr(0,0,0,-.304,.953,0,-.953,-.304,0,0,0,1);es="Linear";ed="In";};["000-offset.013"]={cf=cfr(0,0,0,.559,.829,0,-.829,.559,0,0,0,1);es="Linear";ed="In";};["000-offset.002"]={cf=cfr(0,0,0,.788,.616,-.002,-.616,.788,.001,.002,0,1);es="Linear";ed="In";};["000-offset.011"]={cf=cfr(0,0,0,.663,-.749,-.001,.749,.663,0,0,-.001,1);es="Linear";ed="In";};["000-offset.014"]={cf=cfr(0,0,0,.578,-.816,-.005,.816,.578,-.018,.018,.007,1);es="Linear";ed="In";};["000-offset.006"]={cf=cfr(0,0,0,.372,-.792,-.484,-.339,-.601,.723,-.864,-.105,-.492);es="Linear";ed="In";};["000-offset.003"]={cf=cfr(0,0,0,.35,-.903,.248,-.37,-.376,-.85,.861,.205,-.466);es="Linear";ed="In";};["000-offset.007"]={cf=cfr(0,0,0,.95,-.311,0,.311,.95,0,0,0,1);es="Linear";ed="In";};["000-offset.004"]={cf=cfr(0,0,0,.998,-.07,0,.07,.998,0,0,0,1);es="Linear";ed="In";};["000-offset.008"]={cf=cfr(0,0,0,.967,-.254,0,.254,.967,0,0,0,1);es="Linear";ed="In";};["000-offset.005"]={cf=cfr(0,0,0,.889,-.435,-.143,.43,.9,-.07,.159,0,.987);es="Linear";ed="In";};};{tm=1.032;["root"]={cf=cfr(0,2.101,-.028,0,0,1,0,1,0,-1,0,0);es="Linear";ed="In";};["000-offset"]={cf=cfr(0,0,0,-.973,-.233,0,.233,-.973,0,0,0,1);es="Linear";ed="In";};["000-offset.009"]={cf=cfr(0,0,0,-.839,-.533,.111,.536,-.844,-.005,.096,.055,.994);es="Linear";ed="In";};["000-offset.012"]={cf=cfr(0,0,0,-.182,-.976,-.12,.983,-.182,-.01,-.012,-.12,.993);es="Linear";ed="In";};["000-offset.001"]={cf=cfr(0,0,0,.981,-.193,0,.193,.981,0,0,0,1);es="Linear";ed="In";};["000-offset.010"]={cf=cfr(0,0,0,-.343,.939,0,-.939,-.343,0,0,0,1);es="Linear";ed="In";};["000-offset.013"]={cf=cfr(0,0,0,.538,.843,0,-.843,.538,0,0,0,1);es="Linear";ed="In";};["000-offset.002"]={cf=cfr(0,0,0,.751,.66,0,-.66,.751,0,0,0,1);es="Linear";ed="In";};["000-offset.011"]={cf=cfr(0,0,0,.646,-.763,0,.763,.646,0,0,-.001,1);es="Linear";ed="In";};["000-offset.014"]={cf=cfr(0,0,0,.502,-.865,-.004,.865,.502,-.017,.017,.005,1);es="Linear";ed="In";};["000-offset.006"]={cf=cfr(0,0,0,.33,-.831,-.447,-.382,-.551,.742,-.863,-.074,-.499);es="Linear";ed="In";};["000-offset.003"]={cf=cfr(0,0,0,.305,-.93,.204,-.421,-.324,-.847,.854,.172,-.49);es="Linear";ed="In";};["000-offset.007"]={cf=cfr(0,0,0,.952,-.306,0,.306,.952,0,0,0,1);es="Linear";ed="In";};["000-offset.004"]={cf=cfr(0,0,0,.997,-.072,0,.072,.997,0,0,0,1);es="Linear";ed="In";};["000-offset.008"]={cf=cfr(0,0,0,.966,-.26,0,.26,.966,0,0,0,1);es="Linear";ed="In";};["000-offset.005"]={cf=cfr(0,0,0,.888,-.438,-.143,.432,.899,-.07,.159,0,.987);es="Linear";ed="In";};};{tm=1.075;["000-offset"]={cf=cfr(0,0,0,-.994,.112,0,-.112,-.994,0,0,0,1);es="Linear";ed="In";};["000-offset.009"]={cf=cfr(0,0,0,-.841,-.528,.115,.531,-.847,-.005,.1,.057,.993);es="Linear";ed="In";};["000-offset.012"]={cf=cfr(0,0,0,-.225,-.969,-.103,.974,-.225,-.012,-.012,-.103,.995);es="Linear";ed="In";};["000-offset.001"]={cf=cfr(0,0,0,.987,-.162,-.003,.162,.987,-.001,.003,.001,1);es="Linear";ed="In";};["000-offset.010"]={cf=cfr(0,0,0,-.379,.925,0,-.925,-.379,0,0,0,1);es="Linear";ed="In";};["000-offset.013"]={cf=cfr(0,0,0,.515,.857,0,-.857,.515,0,0,0,1);es="Linear";ed="In";};["000-offset.002"]={cf=cfr(0,0,0,.73,.684,.003,-.684,.73,-.003,-.004,0,1);es="Linear";ed="In";};["000-offset.011"]={cf=cfr(0,0,0,.613,-.79,0,.79,.613,0,0,0,1);es="Linear";ed="In";};["000-offset.014"]={cf=cfr(0,0,0,.409,-.912,-.004,.912,.409,-.017,.017,.003,1);es="Linear";ed="In";};["000-offset.006"]={cf=cfr(0,0,0,.299,-.866,-.4,-.401,-.495,.771,-.866,-.07,-.496);es="Linear";ed="In";};["000-offset.003"]={cf=cfr(0,0,0,.272,-.947,.169,-.453,-.281,-.846,.849,.154,-.505);es="Linear";ed="In";};["000-offset.007"]={cf=cfr(0,0,0,.956,-.292,0,.292,.956,0,0,0,1);es="Linear";ed="In";};["000-offset.004"]={cf=cfr(0,0,0,.997,-.074,0,.074,.997,0,0,0,1);es="Linear";ed="In";};["000-offset.008"]={cf=cfr(0,0,0,.963,-.271,0,.271,.963,0,0,0,1);es="Linear";ed="In";};["000-offset.005"]={cf=cfr(0,0,0,.886,-.441,-.143,.435,.898,-.07,.159,-.001,.987);es="Linear";ed="In";};};{tm=1.118;["root"]={cf=cfr(0,2.101,-.028,0,0,1,0,1,0,-1,0,0);es="Linear";ed="In";};["000-offset"]={cf=cfr(0,0,0,-.905,.426,0,-.426,-.905,0,0,0,1);es="Linear";ed="In";};["000-offset.009"]={cf=cfr(0,0,0,-.825,-.552,.12,.556,-.831,-.005,.103,.063,.993);es="Linear";ed="In";};["000-offset.012"]={cf=cfr(0,0,0,-.272,-.959,-.085,.962,-.272,-.012,-.012,-.085,.996);es="Linear";ed="In";};["000-offset.001"]={cf=cfr(0,0,0,.994,-.106,-.009,.106,.994,-.003,.009,.002,1);es="Linear";ed="In";};["000-offset.010"]={cf=cfr(0,0,0,-.411,.912,0,-.912,-.411,0,0,0,1);es="Linear";ed="In";};["000-offset.013"]={cf=cfr(0,0,0,.488,.873,0,-.873,.488,0,0,0,1);es=