local cfr = CFrame.new

return {{tm=0;["RootNode"]={cf=cfr(0,0,0,-1,0,0,0,1,0,0,0,-1);es="Linear";ed="In";};["root"]={cf=cfr(.169,1.988,-.973,0,0,1,0,1,0,-1,0,0);es="Linear";ed="In";};["000-offset"]={cf=cfr(0,0,0,.052,.83,-.555,-.539,-.445,-.715,-.841,.336,.425);es="Linear";ed="In";};["004-offset.001"]={cf=cfr(0,0,0,-.015,-1,0,1,-.015,0,0,0,1);es="Linear";ed="In";};["006-offset"]={cf=cfr(0,0,0,-.015,-1,0,1,-.015,0,0,0,1);es="Linear";ed="In";};["000-offset.009"]={cf=cfr(0,0,0,-.74,-.556,.378,.459,-.829,-.32,.491,-.063,.869);es="Linear";ed="In";};["000-offset.012"]={cf=cfr(0,0,0,.596,-.698,.397,.803,.525,-.283,-.011,.488,.873);es="Linear";ed="In";};["000-offset.001"]={cf=cfr(0,0,0,.564,.775,-.284,-.822,.498,-.274,-.071,.388,.919);es="Linear";ed="In";};["000-offset.010"]={cf=cfr(0,0,0,-.593,.805,0,-.805,-.593,0,0,0,1);es="Linear";ed="In";};["000-offset.013"]={cf=cfr(0,0,0,.66,.751,0,-.751,.66,0,0,0,1);es="Linear";ed="In";};["004-offset"]={cf=cfr(0,0,0,.035,-.999,0,.999,.035,0,0,0,1);es="Linear";ed="In";};["002-offset"]={cf=cfr(0,0,0,.035,-.999,0,.999,.035,0,0,0,1);es="Linear";ed="In";};["000-offset.002"]={cf=cfr(0,0,0,.537,-.495,-.683,.837,.417,.356,.109,-.763,.638);es="Linear";ed="In";};["000-offset.011"]={cf=cfr(0,0,0,.122,-.983,.137,.992,.126,.016,-.033,.134,.99);es="Linear";ed="In";};["000-offset.014"]={cf=cfr(0,0,0,.551,-.834,-.005,.834,.551,-.02,.019,.007,1);es="Linear";ed="In";};["000-offset.006"]={cf=cfr(0,0,0,-.703,-.708,.068,.132,-.036,.991,-.699,.705,.119);es="Linear";ed="In";};["000-offset.003"]={cf=cfr(0,0,0,.485,-.869,.095,.542,.214,-.812,.686,.446,.575);es="Linear";ed="In";};["000-offset.007"]={cf=cfr(0,0,0,.39,-.921,0,.921,.39,0,0,0,1);es="Linear";ed="In";};["000-offset.004"]={cf=cfr(0,0,0,.799,-.601,0,.601,.799,0,0,0,1);es="Linear";ed="In";};["000-offset.008"]={cf=cfr(0,0,0,.438,-.103,.893,.863,.325,-.386,-.251,.94,.231);es="Linear";ed="In";};["000-offset.005"]={cf=cfr(0,0,0,.675,-.735,.06,.532,.429,-.73,.511,.525,.681);es="Linear";ed="In";};};{tm=.042;["root"]={cf=cfr(-.113,1.734,-1.509,0,0,1,0,1,0,-1,0,0);es="Linear";ed="In";};["000-offset"]={cf=cfr(0,0,0,.453,.743,-.492,-.416,-.312,-.854,-.789,.592,.168);es="Linear";ed="In";};["000-offset.009"]={cf=cfr(0,0,0,-.555,-.791,.256,.671,-.608,-.425,.492,-.065,.868);es="Linear";ed="In";};["000-offset.012"]={cf=cfr(0,0,0,.46,-.871,.173,.87,.403,-.284,.178,.281,.943);es="Linear";ed="In";};["000-offset.001"]={cf=cfr(0,0,0,.829,.417,-.372,-.518,.824,-.232,.21,.385,.899);es="Linear";ed="In";};["000-offset.010"]={cf=cfr(0,0,0,-.695,.719,0,-.719,-.695,0,0,0,1);es="Linear";ed="In";};["000-offset.013"]={cf=cfr(0,0,0,.088,.996,0,-.996,.088,0,0,0,1);es="Linear";ed="In";};["000-offset.002"]={cf=cfr(0,0,0,.906,.005,-.423,.341,.584,.737,.25,-.812,.528);es="Linear";ed="In";};["000-offset.011"]={cf=cfr(0,0,0,.195,-.971,.137,.98,.199,.016,-.043,.131,.99);es="Linear";ed="In";};["000-offset.014"]={cf=cfr(0,0,0,.463,-.886,-.005,.886,.463,-.02,.02,.005,1);es="Linear";ed="In";};["000-offset.006"]={cf=cfr(0,0,0,-.565,-.765,.311,.317,.146,.937,-.762,.628,.16);es="Linear";ed="In";};["000-offset.003"]={cf=cfr(0,0,0,.869,-.343,.356,.484,.445,-.753,.1,.827,.553);es="Linear";ed="In";};["000-offset.007"]={cf=cfr(0,0,0,.366,-.931,0,.931,.366,0,0,0,1);es="Linear";ed="In";};["000-offset.004"]={cf=cfr(0,0,0,.532,-.847,0,.847,.532,0,0,0,1);es="Linear";ed="In";};["000-offset.008"]={cf=cfr(0,0,0,.499,-.037,.866,.749,.521,-.41,-.436,.853,.288);es="Linear";ed="In";};["000-offset.005"]={cf=cfr(0,0,0,.761,-.646,-.054,.38,.513,-.77,.525,.566,.636);es="Linear";ed="In";};};{tm=.083;["root"]={cf=cfr(.113,1.805,-2.482,0,0,1,0,1,0,-1,0,0);es="Linear";ed="In";};["000-offset"]={cf=cfr(0,0,0,.76,.53,-.377,-.305,-.223,-.926,-.575,.818,-.008);es="Linear";ed="In";};["000-offset.009"]={cf=cfr(0,0,0,-.511,-.833,.211,.723,-.55,-.418,.464,-.061,.884);es="Linear";ed="In";};["000-offset.012"]={cf=cfr(0,0,0,.209,-.978,.012,.958,.202,-.206,.199,.054,.979);es="Linear";ed="In";};["000-offset.001"]={cf=cfr(0,0,0,.863,-.023,-.504,-.145,.945,-.293,.483,.326,.813);es="Linear";ed="In";};["000-offset.010"]={cf=cfr(0,0,0,-.715,.699,0,-.699,-.715,0,0,0,1);es="Linear";ed="In";};["000-offset.013"]={cf=cfr(0,0,0,-.366,.931,0,-.931,-.366,0,0,0,1);es="Linear";ed="In";};["000-offset.002"]={cf=cfr(0,0,0,.931,.328,.163,-.239,.206,.949,.277,-.922,.27);es="Linear";ed="In";};["000-offset.011"]={cf=cfr(0,0,0,.176,-.975,.137,.984,.18,.016,-.041,.132,.99);es="Linear";ed="In";};["000-offset.014"]={cf=cfr(0,0,0,.594,-.804,-.005,.804,.594,-.02,.019,.008,1);es="Linear";ed="In";};["000-offset.006"]={cf=cfr(0,0,0,-.541,-.566,.623,.428,.452,.783,-.725,.689,-.003);es="Linear";ed="In";};["000-offset.003"]={cf=cfr(0,0,0,.959,.256,-.125,-.266,.653,-.709,-.1,.712,.695);es="Linear";ed="In";};["000-offset.007"]={cf=cfr(0,0,0,.684,-.73,0,.73,.684,0,0,0,1);es="Linear";ed="In";};["000-offset.004"]={cf=cfr(0,0,0,.577,-.817,0,.817,.577,0,0,0,1);es="Linear";ed="In";};["000-offset.008"]={cf=cfr(0,0,0,.516,-.266,.814,.653,.737,-.174,-.554,.622,.554);es="Linear";ed="In";};["000-offset.005"]={cf=cfr(0,0,0,.794,-.602,-.083,.229,.423,-.877,.563,.678,.473);es="Linear";ed="In";};};{tm=.125;["root"]={cf=cfr(.183,2.129,-2.326,0,0,1,0,1,0,-1,0,0);es="Linear";ed="In";};["000-offset"]={cf=cfr(0,0,0,.862,.416,-.29,-.279,-.088,-.956,-.424,.905,.04);es="Linear";ed="In";};["000-offset.009"]={cf=cfr(0,0,0,-.487,-.855,.18,.76,-.516,-.395,.43,-.056,.901);es="Linear";ed="In";};["000-offset.012"]={cf=cfr(0,0,0,-.281,-.953,-.112,.918,-.233,-.322,.28,-.194,.94);es="Linear";ed="In";};["000-offset.001"]={cf=cfr(0,0,0,.939,.109,-.327,-.167,.974,-.156,.301,.201,.932);es="Linear";ed="In";};["000-offset.010"]={cf=cfr(0,0,0,-.73,.683,0,-.683,-.73,0,0,0,1);es="Linear";ed="In";};["000-offset.013"]={cf=cfr(0,0,0,.303,.953,0,-.953,.303,0,0,0,1);es="Linear";ed="In";};["000-offset.002"]={cf=cfr(0,0,0,.777,.607,.168,-.531,.487,.694,.339,-.628,.7);es="Linear";ed="In";};["000-offset.011"]={cf=cfr(0,0,0,.149,-.979,.137,.988,.153,.016,-.037,.133,.99);es="Linear";ed="In";};["000-offset.014"]={cf=cfr(0,0,0,.792,-.61,-.005,.61,.792,-.019,.015,.012,1);es="Linear";ed="In";};["000-offset.006"]={cf=cfr(0,0,0,-.416,-.508,.754,.316,.697,.644,-.853,.506,-.13);es="Linear";ed="In";};["000-offset.003"]={cf=cfr(0,0,0,.796,.255,-.549,-.307,.952,-.004,.521,.172,.836);es="Linear";ed="In";};["000-offset.007"]={cf=cfr(0,0,0,.68,-.733,0,.733,.68,0,0,0,1);es="Linear";ed="In";};["000-offset.004"]={cf=cfr(0,0,0,.658,-.753,0,.753,.658,0,0,0,1);es="Linear";ed="In";};["000-offset.008"]={cf=cfr(0,0,0,.546,-.259,.797,.66,.719,-.218,-.516,.645,.563);es="Linear";ed="In";};["000-offset.005"]={cf=cfr(0,0,0,.795,-.597,-.108,.088,.29,-.953,.6,.748,.283);es="Linear";ed="In";};};{tm=.167;["root"]={cf=cfr(.141,2.2,-2.439,0,0,1,0,1,0,-1,0,0);es="Linear";ed="In";};["000-offset"]={cf=cfr(0,0,0,.947,.294,-.128,-.243,.4,-.883,-.209,.868,.451);es="Linear";ed="In";};["000-offset.009"]={cf=cfr(0,0,0,-.481,-.862,.158,.784,-.504,-.361,.391,-.049,.919);es="Linear";ed="In";};["000-offset.012"]={cf=cfr(0,0,0,-.552,-.812,-.19,.831,-.515,-.211,.074,-.274,.959);es="Linear";ed="In";};["000-offset.001"]={cf=cfr(0,0,0,.901,.384,-.201,-.426,.87,-.246,.081,.307,.948);es="Linear";ed="In";};["000-offset.010"]={cf=cfr(0,0,0,-.74,.672,0,-.672,-.74,0,0,0,1);es="Linear";ed="In";};["000-offset.013"]={cf=cfr(0,0,0,.857,.515,0,-.515,.857,0,0,0,1);es="Linear";ed="In";};["000-offset.002"]={cf=cfr(0,0,0,.771,.635,.053,-.574,.657,.489,.275,-.407,.871);es="Linear";ed="In";};["000-offset.011"]={cf=cfr(0,0,0,.116,-.984,.137,.993,.119,.015,-.031,.135,.99);es="Linear";ed="In";};["000-offset.014"]={cf=cfr(0,0,0,.933,-.359,-.005,.359,.933,-.019,.012,.016,1);es="Linear";ed="In";};["000-offset.006"]={cf=cfr(0,0,0,.159,-.854,.496,.295,.52,.802,-.942,.018,.334);es="Linear";ed="In";};["000-offset.003"]={cf=cfr(0,0,0,.479,.537,-.695,-.024,.799,.601,.878,-.271,.395);es="Linear";ed="In";};["000-offset.007"]={cf=cfr(0,0,0,.376,-.927,0,.927,.376,0,0,0,1);es="Linear";ed="In";};["000-offset.004"]={cf=cfr(0,0,0,.747,-.665,0,.665,.747,0,0,0,1);es="Linear";ed="In";};["000-offset.008"]={cf=cfr(0,0,0,.658,-.303,.689,.749,.361,-.556,-.08,.882,.465);es="Linear";ed="In";};["000-offset.005"]={cf=cfr(0,0,0,.816,-.559,-.145,.063,.336,-.94,.574,.758,.309);es="Linear";ed="In";};};{tm=.208;["root"]={cf=cfr(.437,2.214,-2.693,0,0,1,0,1,0,-1,0,0);es="Linear";ed="In";};["000-offset"]={cf=cfr(0,0,0,.996,.023,-.086,-.074,.757,-.649,.051,.653,.756);es="Linear";ed="In";};["000-offset.009"]={cf=cfr(0,0,0,-.489,-.861,.143,.8,-.507,-.32,.348,-.042,.936);es="Linear";ed="In";};["000-offset.012"]={cf=cfr(0,0,0,-.446,-.885,-.134,.875,-.462,.144,-.19,-.053,.98);es="Linear";ed="In";};["000-offset.001"]={cf=cfr(0,0,0,.771,.619,-.15,-.627,.698,-.345,-.109,.36,.926);es="Linear";ed="In";};["000-offset.010"]={cf=cfr(0,0,0,-.746,.666,0,-.666,-.746,0,0,0,1);es="Linear";ed="In";};["000-offset.013"]={cf=cfr(0,0,0,.943,.332,0,-.332,.943,0,0,0,1);es="Linear";ed="In";};["000-offset.002"]={cf=cfr(0,0,0,.713,.692,-.113,-.593,.681,.429,.374,-.239,.896);es="Linear";ed="In";};["000-offset.011"]={cf=cfr(0,0,0,.075,-.988,.138,.997,.078,.015,-.025,.136,.99);es="Linear";ed="In";};["000-offset.014"]={cf=cfr(0,0,0,.966,-.258,-.005,.258,.966,-.02,.01,.018,1);es="Linear";ed="In";};["000-offset.006"]={cf=cfr(0,0,0,.802,-.495,.333,.025,.585,.81,-.597,-.642,.482);es="Linear";ed="In";};["000-offset.003"]={cf=cfr(0,0,0,.88,-.151,-.45,.245,.957,.157,.407,-.248,.879);es="Linear";ed="In";};["000-offset.007"]={cf=cfr(0,0,0,-.296,-.955,0,.955,-.296,0,0,0,1);es="Linear";ed="In";};["000-offset.004"]={cf=cfr(0,0,0,.822,-.569,0,.569,.822,0,0,0,1);es="Linear";ed="In";};["000-offset.008"]={cf=cfr(0,0,0,.815,-.518,.26,.456,.295,-.84,.358,.803,.477);es="Linear";ed="In";};["000-offset.005"]={cf=cfr(0,0,0,.876,-.463,-.136,.347,.8,-.489,.336,.381,.861);es="Linear";ed="In";};};{tm=.25;["root"]={cf=cfr(.522,1.988,-2.834,0,0,1,0,1,0,-1,0,0);es="Linear";ed="In";};["000-offset"]={cf=cfr(0,0,0,.968,.007,-.251,-.08,.956,-.281,.238,.292,.926);es="Linear";ed="In";};["000-offset.009"]={cf=cfr(0,0,0,-.505,-.853,.13,.808,-.52,-.276,.303,-.034,.952);es="Linear";ed="In";};["000-offset.012"]={cf=cfr(0,0,0,-.475,-.657,-.585,.705,-.682,.195,-.527,-.32,.787);es="Linear";ed="In";};["000-offset.001"]={cf=cfr(0,0,0,.685,.729,.014,-.688,.652,-.319,-.241,.208,.948);es="Linear";ed="In";};["000-offset.010"]={cf=cfr(0,0,0,-.746,.666,0,-.666,-.746,0,0,0,1);es="Linear";ed="In";};["000-offset.013"]={cf=cfr(0,0,0,.935,.354,0,-.354,.935,0,0,0,1);es="Linear";ed="In";};["000-offset.002"]={cf=cfr(0,0,0,.809,.567,-.154,-.513,.81,.285,.286,-.152,.946);es="Linear";ed="In";};["000-offset.011"]={cf=cfr(0,0,0,.027,-.99,.139,.999,.029,.014,-.018,.138,.99);es="Linear";ed="In";};["000-offset.014"]={cf=cfr(0,0,0,.417,-.909,-.005,.909,.417,-.02,.02,.004,1);es="Linear";ed="In";};["000-offset.006"]={cf=cfr(0,0,0,.973,-.163,.166,.051,.846,.531,-.227,-.508,.831);es="Linear";ed="In";};["000-offset.003"]={cf=cfr(0,0,0,.92,-.336,-.204,.354,.934,.058,.171,-.126,.977);es="Linear";ed="In";};["000-offset.007"]={cf=cfr(0,0,0,.118,-.993,0,.993,.118,0,0,0,1);es="Linear";ed="In";};["000-offset.004"]={cf=cfr(0,0,0,.872,-.489,0,.489,.872,0,0,0,1);es="Linear";ed="In";};["000-offset.008"]={cf=cfr(0,0,0,.514,-.361,.778,.856,.156,-.493,.056,.92,.389);es="Linear";ed="In";};["000-offset.005"]={cf=cfr(0,0,0,.657,-.608,-.445,.75,.586,.307,.074,-.536,.841);es="Linear";ed="In";};};{tm=.292;["root"]={cf=cfr(.705,1.805,-2.467,0,0,1,0,1,0,-1,0,0);es="Linear";ed="In";};["000-offset"]={cf=cfr(0,0,0,.906,.144,-.398,-.07,.978,.194,.417,-.148,.897);es="Linear";ed="In";};["000-offset.009"]={cf=cfr(0,0,0,-.524,-.843,.117,.812,-.537,-.23,.257,-.026,.966);es="Linear";ed="In";};["000-offset.012"]={cf=cfr(0,0,0,-.379,-.881,-.283,.6,-.467,.649,-.704,.076,.706);es="Linear";ed="In";};["000-offset.001"]={cf=cfr(0,0,0,.61,.755,.24,-.707,.656,-.264,-.357,-.008,.934);es="Linear";ed="In";};["000-offset.010"]={cf=cfr(0,0,0,-.74,.673,0,-.673,-.74,0,0,0,1);es="Linear";ed="In";};["000-offset.013"]={cf=cfr(0,0,0,.909,.416,0,-.416,.909,0,0,0,1);es="Linear";ed="In";};["000-offset.002"]={cf=cfr(0,0,0,.898,.422,-.128,-.408,.905,.124,.168,-.059,.984);es="Linear";ed="In";};["000-offset.011"]={cf=cfr(0,0,0,-.03,-.99,.139,1,-.028,.014,-.01,.14,.99);es="Linear";ed="In";};["000-offset.014"]={cf=cfr(0,0,0,.382,-.924,-.005,.924,.382,-.02,.021,.003,1);es="Linear";ed="In";};["000-offset.006"]={cf=cfr(0,0,0,.907,-.409,.102,.398,.91,.113,-.139,-.062,.988);es="Linear";ed="In";};["000-offset.003"]={cf=cfr(0,0,0,.942,-.159,-.296,.16,.987,-.019,.295,-.029,.955);es="Linear";ed="In";};["000-offset.007"]={cf=cfr(0,0,0,.557,-.83,0,.83,.557,0,0,0,1);es="Linear";ed="In";};["000-offset.004"]={cf=cfr(0,0,0,.834,-.552,0,.552,.834,0,0,0,1);es="Linear";ed="In";};["000-offset.008"]={cf=cfr(0,0,0,.425,-.53,.733,.892,.107,-.44,.155,.841,.518);es="Linear";ed="In";};["000-offset.005"]={cf=cfr(0,0,0,.208,-.554,-.806,.922,.385,-.027,.326,-.738,.592);es="Linear";ed="In";};};{tm=.333;["root"]={cf=cfr(.634,1.791,-1.678,0,0,1,0,1,0,-1,0,0);es="Linear";ed="In";};["000-offset"]={cf=cfr(0,0,0,.813,.408,-.415,-.069,.775,.628,.578,-.482,.659);es="Linear";ed="In";};["000-offset.009"]={cf=cfr(0,0,0,-.542,-.834,.103,.813,-.551,-.186,.212,-.017,.977);es="Linear";ed="In";};["000-offset.012"]={cf=cfr(0,0,0,.134,-.989,.06,.707,.138,.694,-.695,-.051,.718);es="Linear";ed="In";};["000-offset.001"]={cf=cfr(0,0,0,.559,.702,.441,-.701,.684,-.201,-.443,-.197,.875);es="Linear";ed="In";};["000-offset.010"]={cf=cfr(0,0,0,-.727,.686,0,-.686,-.727,0,0,0,1);es="Linear";ed="In";};["000-offset.013"]={cf=cfr(0,0,0,.867,.498,0,-.498,.867,0,0,0,1);es="Linear";ed="In";};["000-offset.002"]={cf=cfr(0,0,0,.963,.266,-.048,-.268,.963,-.02,.041,.032,.999);es="Linear";ed="In";};["000-offset.011"]={cf=cfr(0,0,0,-.094,-.986,.14,.996,-.092,.014,-.001,.141,.99);es="Linear";ed="In";};["000-offset.014"]={cf=cfr(0,0,0,.444,-.896,-.005,.896,.444,-.021,.021,.005,1);es="Linear";ed="In";};["000-offset.006"]={cf=cfr(0,0,0,.928,-.067,.367,-.12,.878,.463,-.354,-.474,.807);es="Linear";ed="In";};["000-offset.003"]={cf=cfr(0,0,0,.717,-.517,-.468,.355,.848,-.394,.6,.116,.791);es="Linear";ed="In";};["000-offset.007"]={cf=cfr(0,0,0,.682,-.731,0,.731,.682,0,0,0,1);es="Linear";ed="In";};["000-offset.004"]={cf=cfr(0,0,0,.668,-.744,0,.744,.668,0,0,0,1);es="Linear";ed="In";};["000-offset.008"]={cf=cfr(0,0,0,.604,-.684,.408,.787,.434,-.438,.123,.586,.801);es="Linear";ed="In";};["000-offset.005"]={cf=cfr(0,0,0,.295,-.432,-.852,.943,.273,.188,.151,-.86,.488);es="Linear";ed="In";};};{tm=.375;["root"]={cf=cfr(.479,2.171,-1.184,0,0,1,0,1,0,-1,0,0);es="Linear";ed="In";};["000-offset"]={cf=cfr(0,0,0,.696,.674,-.248,-.092,.426,.9,.712,-.603,.359);es="Linear";ed="In";};["000-offset.009"]={cf=cfr(0,0,0,-.551,-.83,.088,.817,-.558,-.145,.169,-.008,.986);es="Linear";ed="In";};["000-offset.012"]={cf=cfr(0,0,0,.567,-.779,.269,.672,.626,.395,-.476,-.043,.878);es="Linear";ed="In";};["000-offset.001"]={cf=cfr(0,0,0,.538,.644,.545,-.688,.709,-.158,-.488,-.29,.823);es="Linear";ed="In";};["000-offset.010"]={cf=cfr(0,0,0,-.707,.707,0,-.707,-.707,0,0,0,1);es="Linear";ed="In";};["000-offset.013"]={cf=cfr(0,0,0,.805,.593,0,-.593,.805,0,0,0,1);es="Linear";ed="In";};["002-offset"]={cf=cfr(0,0,0,.035,-.999,0,.999,.035,0,0,0,1);es="Linear";ed="In";};["000-offset.002"]={cf=cfr(0,0,0,.993,.099,.059,-.092,.989,-.118,-.07,.111,.991);es="Linear";ed="In";};["000-offset.011"]={cf=cfr(0,0,0,-.165,-.976,.14,.986,-.165,.015,.008,.14,.99);es="Linear";ed="In";};["000-offset.014"]={cf=cfr(0,0,0,.537,-.844,-.005,.843,.537,-.02,.02,.007,1);es="Linear";ed="In";};["000-offset.006"]={cf=cfr(0,0,0,.881,-.46,.107,-.027,.177,.984,-.471,-.87,.143);es="Linear";ed="In";};["000-offset.003"]={cf=cfr(0,0,0,.404,-.762,-.506,.392,.644,-.657,.826,.068,.559);es="Linear";ed="In";};["000-offset.007"]={cf=cfr(0,0,0,.77,-.638,0,.638,.77,0,0,0,1);es="Linear";ed="In";};["000-offset.004"]={cf=cfr(0,0,0,.515,-.857,0,.857,.515,0,0,0,1);es="Linear";ed="In";};["000-offset.008"]={cf=cfr(0,0,0,.794,-.607,.041,.601,.774,-.198,.088,.181,.979);es="Linear";ed="In";};["000-offset.005"]={cf=cfr(0,0,0,.561,-.456,-.691,.827,.279,.487,-.03,-.845,.534);es="Linear";ed="In";};};{tm=.417;["root"]={cf=cfr(.493,2.284,-1.213,0,0,1,0,1,0,-1,0,0);es="Linear";ed="In";};["000-offset"]={cf=cfr(0,0,0,.56,.828,.029,-.14,.06,.988,.816,-.558,.149);es="Linear";ed="In";};["000-offset.009"]={cf=cfr(0,0,0,-.547,-.834,.072,.827,-.552,-.108,.13,.001,.991);es="Linear";ed="In";};["000-offset.012"]={cf=cfr(0,0,0,.898,-.407,.168,.401,.913,.07,-.182,.004,.983);es="Linear";ed="In";};["000-offset.001"]={cf=cfr(0,0,0,.548,.614,.569,-.669,.729,-.143,-.502,-.303,.81);es="Linear";ed="In";};["000-offset.010"]={cf=cfr(0,0,0,-.678,.735,0,-.735,-.678,0,0,0,1);es="Linear";ed="In";};["000-offset.013"]={cf=cfr(0,0,0,.719,.695,0,-.695,.719,0,0,0,1);es="Linear";ed="In";};["002-offset"]={cf=cfr(0,0,0,.026,-.999,.047,1,.026,-.006,.005,.047,.999);es="Linear";ed="In";};["000-offset.002"]={cf=cfr(0,0,0,.983,-.091,.16,.116,.981,-.157,-.143,.173,.974);es="Linear";ed="In";};["000-offset.011"]={cf=cfr(0,0,0,-.244,-.96,.14,.97,-.244,.016,.019,.139,.99);es="Linear";ed="In";};["000-offset.014"]={cf=cfr(0,0,0,.602,-.798,-.005,.798,.602,-.02,.019,.008,1);es="Linear";ed="In";};["000-offset.006"]={cf=cfr(0,0,0,.442,-.821,-.36,.485,-.119,.867,-.755,-.558,.345);es="Linear";ed="In";};["000-offset.003"]={cf=cfr(0,0,0,.288,-.916,-.278,.444,.385,-.809,.848,.11,.518);es="Linear";ed="In";};["000-offset.007"]={cf=cfr(0,0,0,.828,-.56,0,.56,.828,0,0,0,1);es="Linear";ed="In";};["000-offset.004"]={cf=cfr(0,0,0,.562,-.827,0,.827,.562,0,0,0,1);es="Linear";ed="In";};["000-offset.008"]={cf=cfr(0,0,0,.928,-.349,-.129,.37,.902,.221,.039,-.253,.967);es="Linear";ed="In";};["000-offset.005"]={cf=cfr(0,0,0,.429,-.447,-.785,.877,0,.48,-.215,-.895,.392);es="Linear";ed="In";};};{tm=.458;["root"]={cf=cfr(.338,2.27,-1.283,0,0,1,0,1,0,-1,0,0);es="Linear";ed="In";};["000-offset"]={cf=cfr(0,0,0,.403,.859,.315,-.211,-.247,.946,.89,-.448,.081);es="Linear";ed="In";};["000-offset.009"]={cf=cfr(0,0,0,-.524,-.85,.058,.846,-.527,-.078,.097,.009,.995);es="Linear";ed="In";};["000-offset.012"]={cf=cfr(0,0,0,.964,-.263,-.049,.264,.964,.024,.041,-.036,.999);es="Linear";ed="In";};["000-offset.001"]={cf=cfr(0,0,0,.58,.587,.565,-.641,.757,-.128,-.503,-.288,.815);es="Linear";ed="In";};["000-offset.010"]={cf=cfr(0,0,0,-.638,.77,0,-.77,-.638,0,0,0,1);es="Linear";ed="In";};["000-offset.013"]={cf=cfr(0,0,0,.606,.796,0,-.796,.606,0,0,0,1);es="Linear";ed="In";};["002-offset"]={cf=cfr(0,0,0,.011,-.992,.125,1,.009,-.013,.012,.125,.992);es="Linear";ed="In";};["000-offset.002"]={cf=cfr(0,0,0,.904,-.376,.205,.407,.902,-.144,-.131,.213,.968);es="Linear";ed="In";};["000-offset.011"]={cf=cfr(0,0,0,-.33,-.934,.139,.944,-.331,.017,.03,.136,.99);es="Linear";ed="In";};["000-offset.014"]={cf=cfr(0,0,0,.59,-.807,-.005,.807,.59,-.019,.018,.008,1);es="Linear";ed="In";};["000-offset.006"]={cf=cfr(0,0,0,-.291,-.922,-.254,.6,-.383,.702,-.745,.052,.665);es="Linear";ed="In";};["000-offset.003"]={cf=cfr(0,0,0,.168,-.986,.013,.599,.091,-.796,.783,.141,.606);es="Linear";ed="In";};["000-offset.007"]={cf=cfr(0,0,0,.865,-.501,0,.501,.865,0,0,0,1);es="Linear";ed="In";};["000-offset.004"]={cf=cfr(0,0,0,.638,-.77,0,.77,.638,0,0,0,1);es="Linear";ed="In";};["000-offset.008"]={cf=cfr(0,0,0,.986,-.156,-.064,.164,.802,.574,-.038,-.576,.816);es="Linear";ed="In";};["000-offset.005"]={cf=cfr(0,0,0,.171,-.371,-.913,.782,-.512,.354,-.599,-.775,.203);es="Linear";ed="In";};};{tm=.5;["root"]={cf=cfr(.226,2.016,-.987,0,0,1,0,1,0,-1,0,0);es="Linear";ed="In";};["000-offset"]={cf=cfr(0,0,0,-.119,.822,.557,-.551,-.521,.652,.826,-.229,.515);es="Linear";ed="In";};["000-offset.009"]={cf=cfr(0,0,0,-.213,-.976,.05,.959,-.219,-.178,.185,.01,.983);es="Linear";ed="In";};["000-offset.012"]={cf=cfr(0,0,0,.811,-.535,-.237,.577,.799,.171,.097,-.275,.956);es="Linear";ed="In";};["000-offset.001"]={cf=cfr(0,0,0,.623,.565,.541,-.608,.785,-.119,-.492,-.254,.833);es="Linear";ed="In";};["000-offset.010"]={cf=cfr(0,0,0,-.474,.88,0,-.88,-.474,0,0,0,1);es="Linear";ed="In";};["000-offset.013"]={cf=cfr(0,0,0,.446,.895,0,-.895,.446,0,0,0,1);es="Linear";ed="In";};["002-offset"]={cf=cfr(0,0,0,.008,-.99,.14,1,.006,-.015,.014,.14,.99);es="Linear";ed="In";};["000-offset.002"]={cf=cfr(0,0,0,.694,-.693,.195,.718,.687,-.115,-.054,.22,.974);es="Linear";ed="In";};["000-offset.011"]={cf=cfr(0,0,0,-.586,-.804,.099,.808,-.589,-.005,.062,.077,.995);es="Linear";ed="In";};["000-offset.014"]={cf=cfr(0,0,0,.499,-.867,-.007,.867,.499,-.015,.017,.001,1);es="Linear";ed="In";};["000-offset.006"]={cf=cfr(0,0,0,-.464,-.885,.047,.528,-.233,.817,-.711,.404,.575);es="Linear";ed="In";};["000-offset.003"]={cf=cfr(0,0,0,-.268,-.948,.172,.842,-.317,-.436,.468,.028,.883);es="Linear";ed="In";};["000-offset.007"]={cf=cfr(0,0,0,.886,-.463,0,.463,.886,0,0,0,1);es="Linear";ed="In";};["000-offset.004"]={cf=cfr(0,0,0,.711,-.703,0,.703,.711,0,0,0,1);es="Linear";ed="In";};["000-offset.008"]={cf=cfr(0,0,0,.986,-.158,.059,.064,.672,.737,-.156,-.723,.673);es="Linear";ed="In";};["000-offset.005"]={cf=cfr(0,0,0,.5,-.725,-.473,.699,.017,.715,-.51,-.688,.516);es="Linear";ed="In";};};{tm=.542;["root"]={cf=cfr(-.183,1.96,-.31,0,0,1,0,1,0,-1,0,0);es="Linear";ed="In";};["000-offset"]={cf=cfr(0,0,0,-.55,.59,.591,-.624,-.761,.178,.555,-.271,.786);es="Linear";ed="In";};["000-offset.009"]={cf=cfr(0,0,0,-.562,-.818,.119,.667,-.534,-.52,.489,-.213,.846);es="Linear";ed="In";};["000-offset.012"]={cf=cfr(0,0,0,.299,-.766,-.569,.952,.28,.125,.064,-.579,.813);es="Linear";ed="In";};["000-offset.001"]={cf=cfr(0,0,0,.67,.547,.502,-.573,.811,-.119,-.472,-.208,.857);es="Linear";ed="In";};["000-offset.010"]={cf=cfr(0,0,0,-.181,.984,0,-.984,-.181,0,0,0,1);es="Linear";ed="In";};["000-offset.013"]={cf=cfr(0,0,0,.229,.973,0,-.973,.229,0,0,0,1);es="Linear";ed="In";};["002-offset"]={cf=cfr(0,0,0,.035,-.999,0,.999,.035,0,0,0,1);es="Linear";ed="In";};["000-offset.002"]={cf=cfr(0,0,0,.426,-.892,.153,.905,.416,-.089,.016,.177,.984);es="Linear";ed="In";};["000-offset.011"]={cf=cfr(0,0,0,-.798,-.589,.129,.595,-.804,.011,.097,.085,.992);es="Linear";ed="In";};["000-offset.014"]={cf=cfr(0,0,0,.361,-.933,-.015,.933,.361,-.01,.014,-.01,1);es="Linear";ed="In";};["000-offset.006"]={cf=cfr(0,0,0,-.495,-.862,.104,.341,-.082,.937,-.799,.499,.335);es="Linear";ed="In";};["000-offset.003"]={cf=cfr(0,0,0,-.8,-.589,-.114,.594,-.75,-.291,.086,-.301,.95);es="Linear";ed="In";};["000-offset.007"]={cf=cfr(0,0,0,.895,-.447,0,.447,.895,0,0,0,1);es="Linear";ed="In";};["000-offset.004"]={cf=cfr(0,0,0,.76,-.65,0,.65,.76,0,0,0,1);es="Linear";ed="In";};["000-offset.008"]={cf=cfr(0,0,0,.759,-.602,.249,.416,.742,.526,-.501,-.295,.813);es="Linear";ed="In";};["000-offset.005"]={cf=cfr(0,0,0,.709,-.46,-.534,.516,-.177,.838,-.48,-.87,.112);es="Linear";ed="In";};};{tm=.583;["root"]={cf=cfr(-.197,1.918,.183,0,0,1,0,1,0,-1,0,0);es="Linear";ed="In";};["000-offset"]={cf=cfr(0,0,0,-.776,.554,.301,-.558,-.826,.082,.294,-.104,.95);es="Linear";ed="In";};["000-offset.009"]={cf=cfr(0,0,0,-.92,-.184,.346,.033,-.916,-.4,.391,-.356,.849);es="Linear";ed="In";};["000-offset.012"]={cf=cfr(0,0,0,-.253,-.645,-.721,.967,-.142,-.211,.034,-.75,.66);es="Linear";ed="In";};["000-offset.001"]={cf=cfr(0,0,0,.711,.537,.454,-.545,.829,-.128,-.445,-.157,.882);es="Linear";ed="In";};["000-offset.010"]={cf=cfr(0,0,0,-.006,1,0,-1,-.006,0,0,0,1);es="Linear";ed="In";};["000-offset.013"]={cf=cfr(0,0,0,-.013,1,0,-1,-.013,0,0,0,1);es="Linear";ed="In";};["002-offset"]={cf=cfr(0,0,0,.177,-.739,-.65,.982,.085,.171,-.071,-.668,.741);es="Linear";ed="In";};["000-offset.002"]={cf=cfr(0,0,0,.392,-.913,-.114,.92,.392,.024,.023,-.114,.993);es="Linear";ed="In";};["000-offset.011"]={cf=cfr(0,0,0,-.631,-.639,.44,.772,-.575,.272,.079,.512,.856);es="Linear";ed="In";};["000-offset.014"]={cf=cfr(0,0,0,.18,-.983,-.024,.984,.18,-.007,.011,-.023,1);es="Linear";ed="In";};["000-offset.006"]={cf=cfr(0,0,0,-.627,-.751,-.208,.072,-.322,.944,-.776,.577,.256);es="Linear";ed="In";};["000-offset.003"]={cf=cfr(0,0,0,-.914,-.402,-.053,.266,-.498,-.825,.305,-.769,.562);es="Linear";ed="In";};["000-offset.007"]={cf=cfr(0,0,0,.805,-.593,0,.593,.805,0,0,0,1);es="Linear";ed="In";};["000-offset.004"]={cf=cfr(0,0,0,.785,-.62,0,.62,.785,0,0,0,1);es="Linear";ed="In";};["000-offset.008"]={cf=cfr(0,0,0,.387,-.667,.637,.54,.724,.43,-.747,.178,.64);es="Linear";ed="In";};["000-offset.005"]={cf=cfr(0,0,0,.595,-.357,-.72,.803,.257,.537,-.007,-.898,.44);es="Linear";ed="In";};};{tm=.625;["root"]={cf=cfr(-.183,1.903,.099,0,0,1,0,1,0,-1,0,0);es="Linear";ed="In";};["000-offset"]={cf=cfr(0,0,0,-.847,.526,.075,-.518,-.849,.107,.12,.052,.991);es="Linear";ed="In";};["000-offset.009"]={cf=cfr(0,0,0,-.925,-.071,.374,-.081,-.923,-.377,.372,-.379,.847);es="Linear";ed="In";};["000-offset.012"]={cf=cfr(0,0,0,-.537,-.565,-.626,.841,-.302,-.449,.064,-.768,.638);es="Linear";ed="In";};["000-offset.001"]={cf=cfr(0,0,0,.739,.539,.404,-.532,.835,-.142,-.414,-.11,.904);es="Linear";ed="In";};["000-offset.010"]={cf=cfr(0,0,0,-.036,.999,0,-.999,-.036,0,0,0,1);es="Linear";ed="In";};["000-offset.013"]={cf=cfr(0,0,0,-.239,.971,0,-.971,-.239,0,0,0,1);es="Linear";ed="In";};["002-offset"]={cf=cfr(0,0,0,.319,-.113,-.941,.937,-.114,.331,-.144,-.987,.069);es="Linear";ed="In";};["000-offset.002"]={cf=cfr(0,0,0,.383,-.871,-.307,.921,.387,.05,.075,-.302,.95);es="Linear";ed="In";};["000-offset.011"]={cf=cfr(0,0,0,-.605,-.647,.464,.793,-.547,.269,.08,.531,.844);es="Linear";ed="In";};["000-offset.014"]={cf=cfr(0,0,0,-.032,-.999,-.03,.999,-.032,-.011,.01,-.031,.999);es="Linear";ed="In";};["000-offset.006"]={cf=cfr(0,0,0,-.629,-.57,-.53,-.197,-.542,.817,-.752,.618,.228);es="Linear";ed="In";};["000-offset.003"]={cf=cfr(0,0,0,-.823,-.559,.103,-.234,.168,-.958,.518,-.812,-.269);es="Linear";ed="In";};["000-offset.007"]={cf=cfr(0,0,0,.599,-.801,0,.801,.599,0,0,0,1);es="Linear";ed="In";};["000-offset.004"]={cf=cfr(0,0,0,.731,-.683,0,.683,.731,0,0,0,1);es="Linear";ed="In";};["000-offset.008"]={cf=cfr(0,0,0,.959,-.12,.259,.044,.958,.283,-.282,-.26,.924);es="Linear";ed="In";};["000-offset.005"]={cf=cfr(0,0,0,.53,-.521,-.67,.788,.595,.161,.314,-.613,.725);es="Linear";ed="In";};};{tm=.667;["root"]={cf=cfr(-.155,1.833,.042,0,0,1,0,1,0,-1,0,0);es="Linear";ed="In";};["000-offset"]={cf=cfr(0,0,0,-.824,.566,.015,-.562,-.821,.102,.07,.075,.995);es="Linear";ed="In";};["000-offset.009"]={cf=cfr(0,0,0,-.926,-.079,.369,-.072,-.923,-.378,.37,-.377,.849);es="Linear";ed="In";};["000-offset.012"]={cf=cfr(0,0,0,-.71,-.54,-.452,.698,-.448,-.559,.099,-.712,.695);es="Linear";ed="In";};["000-offset.001"]={cf=cfr(0,0,0,.748,.561,.356,-.544,.824,-.156,-.38,-.077,.922);es="Linear";ed="In";};["000-offset.010"]={cf=cfr(0,0,0,-.145,.989,0,-.989,-.145,0,0,0,1);es="Linear";ed="In";};["000-offset.013"]={cf=cfr(0,0,0,-.412,.911,0,-.911,-.412,0,0,0,1);es="Linear";ed="In";};["002-offset"]={cf=cfr(0,0,0,.32,-.105,-.941,.936,-.117,.332,-.145,-.988,.061);es="Linear";ed="In";};["000-offset.002"]={cf=cfr(0,0,0,.393,-.83,-.396,.913,.403,.06,.11,-.385,.916);es="Linear";ed="In";};["000-offset.011"]={cf=cfr(0,0,0,-.601,-.658,.454,.795,-.551,.253,.083,.513,.854);es="Linear";ed="In";};["000-offset.014"]={cf=cfr(0,0,0,-.258,-.966,-.026,.966,-.257,-.017,.01,-.029,1);es="Linear";ed="In";};["000-offset.006"]={cf=cfr(0,0,0,-.539,-.411,-.735,-.337,-.695,.636,-.772,.59,.236);es="Linear";ed="In";};["000-offset.003"]={cf=cfr(0,0,0,-.639,-.731,.24,-.348,-.003,-.937,.686,-.682,-.253);es="Linear";ed="In";};["000-offset.007"]={cf=cfr(0,0,0,.339,-.941,0,.941,.339,0,0,0,1);es="Linear";ed="In";};["000-offset.004"]={cf=cfr(0,0,0,.396,-.918,0,.918,.396,0,0,0,1);es="Linear";ed="In";};["000-offset.008"]={cf=cfr(0,0,0,.945,-.054,.323,-.057,.944,.325,-.322,-.326,.889);es="Linear";ed="In";};["000-offset.005"]={cf=cfr(0,0,0,.546,-.68,-.49,.72,.68,-.141,.429,-.276,.86);es="Linear";ed="In";};};{tm=.708;["root"]={cf=cfr(-.127,1.762,0,0,0,1,0,1,0,-1,0,0);es="Linear";ed="In";};["000-offset"]={cf=cfr(0,0,0,-.778,.627,-.023,-.627,-.775,.086,.036,.081,.996);es="Linear";ed="In";};["000-offset.009"]={cf=cfr(0,0,0,-.924,-.085,.372,-.057,-.933,-.355,.377,-.35,.858);es="Linear";ed="In";};["000-offset.012"]={cf=cfr(0,0,0,-.854,-.432,-.29,.516,-.636,-.573,.063,-.639,.767);es="Linear";ed="In";};["000-offset.001"]={cf=cfr(0,0,0,.728,.617,.298,-.598,.785,-.165,-.335,-.058,.94);es="Linear";ed="In";};["000-offset.010"]={cf=cfr(0,0,0,-.285,.959,0,-.959,-.285,0,0,0,1);es="Linear";ed="In";};["000-offset.013"]={cf=cfr(0,0,0,-.51,.86,0,-.86,-.51,0,0,0,1);es="Linear";ed="In";};["002-offset"]={cf=cfr(0,0,0,.277,-.32,-.906,.953,-.028,.301,-.122,-.947,.298);es="Linear";ed="In";};["000-offset.002"]={cf=cfr(0,0,0,.427,-.827,-.364,.898,.434,.068,.102,-.357,.929);es="Linear";ed="In";};["000-offset.011"]={cf=cfr(0,0,0,-.604,-.676,.423,.792,-.566,.226,.087,.472,.877);es="Linear";ed="In";};["000-offset.014"]={cf=cfr(0,0,0,-.475,-.88,-.005,.88,-.475,-.019,.014,-.013,1);es="Linear";ed="In";};["000-offset.006"]={cf=cfr(0,0,0,-.41,-.191,-.892,-.441,-.814,.377,-.798,.548,.249);es="Linear";ed="In";};["000-offset.003"]={cf=cfr(0,0,0,-.45,-.715,.535,-.399,-.374,-.837,.799,-.59,-.117);es="Linear";ed="In";};["000-offset.007"]={cf=cfr(0,0,0,.157,-.988,0,.988,.157,0,0,0,1);es="Linear";ed="In";};["000-offset.004"]={cf=cfr(0,0,0,.07,-.998,0,.998,.07,0,0,0,1);es="Linear";ed="In";};["000-offset.008"]={cf=cfr(0,0,0,.897,-.169,.41,-.003,.922,.387,-.443,-.348,.826);es="Linear";ed="In";};["000-offset.005"]={cf=cfr(0,0,0,.585,-.757,-.29,.652,.652,-.387,.482,.037,.876);es="Linear";ed="In";};};{tm=.75;["root"]={cf=cfr(-.085,1.692,-.028,0,0,1,0,1,0,-1,0,0);es="Linear";ed="In";};["000-offset"]={cf=cfr(0,0,0,-.713,.7,-.043,-.701,-.711,.063,.014,.075,.997);es="Linear";ed="In";};["000-offset.009"]={cf=cfr(0,0,0,-.911,-.043,.409,-.065,-.967,-.247,.406,-.252,.878);es="Linear";ed="In";};["000-offset.012"]={cf=cfr(0,0,0,-.956,-.091,-.278,.221,-.848,-.482,-.192,-.522,.831);es="Linear";ed="In";};["000-offset.001"]={cf=cfr(0,0,0,.677,.702,.222,-.684,.711,-.163,-.272,-.041,.961);es="Linear";ed="In";};["000-offset.010"]={cf=cfr(0,0,0,-.409,.913,0,-.913,-.409,0,0,0,1);es="Linear";ed="In";};["000-offset.013"]={cf=cfr(0,0,0,-.522,.853,0,-.853,-.522,0,0,0,1);es="Linear";ed="In";};["002-offset"]={cf=cfr(0,0,0,.235,-.511,-.827,.967,.035,.253,-.1,-.859,.502);es="Linear";ed="In";};["000-offset.002"]={cf=cfr(0,0,0,.471,-.828,-.304,.878,.473,.071,.086,-.3,.95);es="Linear";ed="In";};["000-offset.011"]={cf=cfr(0,0,0,-.597,-.703,.385,.797,-.573,.189,.088,.42,.903);es="Linear";ed="In";};["000-offset.014"]={cf=cfr(0,0,0,-.846,-.513,.149,.53,-.839,.123,.062,.183,.981);es="Linear";ed="In";};["000-offset.006"]={cf=cfr(0,0,0,-.264,.07,-.962,-.496,-.865,.073,-.827,.496,.263);es="Linear";ed="In";};["000-offset.003"]={cf=cfr(0,0,0,-.23,-.433,.872,-.46,-.741,-.489,.858,-.514,-.028);es="Linear";ed="In";};["000-offset.007"]={cf=cfr(0,0,0,.167,-.986,0,.986,.167,0,0,0,1);es="Linear";ed="In";};["000-offset.004"]={cf=cfr(0,0,0,.064,-.998,0,.998,.064,0,0,0,1);es="Linear";ed="In";};["000-offset.008"]={cf=cfr(0,0,0,.873,-.285,.395,.011,.822,.569,-.487,-.492,.721);es="Linear";ed="In";};["000-offset.005"]={cf=cfr(0,0,0,.63,-.77,-.101,.579,.552,-.599,.517,.32,.794);es="Linear";ed="In";};};{tm=.792;["root"]={cf=cfr(-.07,1.621,-.014,0,0,1,0,1,0,-1,0,0);es="Linear";ed="In";};["000-offset"]={cf=cfr(0,0,0,-.635,.771,-.045,-.772,-.634,.039,.002,.059,.998);es="Linear";ed="In";};["000-offset.009"]={cf=cfr(0,0,0,-.897,.008,.442,-.073,-.989,-.131,.436,-.15,.887);es="Linear";ed="In";};["000-offset.012"]={cf=cfr(0,0,0,-.9,.201,-.386,-.024,-.909,-.416,-.434,-.365,.823);es="Linear";ed="In";};["000-offset.001"]={cf=cfr(0,0,0,.593,.792,.142,-.78,.61,-.142,-.2,-.027,.98);es="Linear";ed="In";};["000-offset.010"]={cf=cfr(0,0,0,-.477,.879,0,-.879,-.477,0,0,0,1);es="Linear";ed="In";};["000-offset.013"]={cf=cfr(0,0,0,-.467,.884,0,-.884,-.467,0,0,0,1);es="Linear";ed="In";};["002-offset"]={cf=cfr(0,0,0,.184,-.714,-.675,.98,.081,.181,-.074,-.695,.715);es="Linear";ed="In";};["000-offset.002"]={cf=cfr(0,0,0,.517,-.825,-.226,.853,.517,.064,.064,-.226,.972);es="Linear";ed="In";};["000-offset.011"]={cf=cfr(0,0,0,-.565,-.746,.352,.821,-.552,.148,.083,.372,.924);es="Linear";ed="In";};["000-offset.014"]={cf=cfr(0,0,0,-.683,-.717,.14,.729,-.682,.063,.05,.145,.988);es="Linear";ed="In";};["000-offset.006"]={cf=cfr(0,0,0,-.127,.331,-.935,-.502,-.834,-.228,-.855,.44,.273);es="Linear";ed="In";};["000-offset.003"]={cf=cfr(0,0,0,-.018,.077,.997,-.44,-.896,.061,.898,-.438,.05);es="Linear";ed="In";};["000-offset.007"]={cf=cfr(0,0,0,.223,-.975,0,.975,.223,0,0,0,1);es="Linear";ed="In";};["000-offset.004"]={cf=cfr(0,0,0,.121,-.993,0,.993,.121,0,0,0,1);es="Linear";ed="In";};["000-offset.008"]={cf=cfr(0,0,0,.847,-.423,.322,.032,.646,.763,-.53,-.636,.56);es="Linear";ed="In";};["000-offset.005"]={cf=cfr(0,0,0,.676,-.732,.085,.493,.363,-.791,.548,.576,.606);es="Linear";ed="In";};};{tm=.833;["root"]={cf=cfr(-.042,1.579,.085,0,0,1,0,1,0,-1,0,0);es="Linear";ed="In";};["000-offset"]={cf=cfr(0,0,0,-.553,.832,-.035,-.833,-.553,.019,-.003,.04,.999);es="Linear";ed="In";};["000-offset.009"]={cf=cfr(0,0,0,-.89,.062,.452,-.103,-.992,-.067,.444,-.107,.89);es="Linear";ed="In";};["000-offset.012"]={cf=cfr(0,0,0,-.86,.289,-.42,-.131,-.921,-.366,-.493,-.259,.83);es="Linear";ed="In";};["000-offset.001"]={cf=cfr(0,0,0,.488,.869,.076,-.863,.494,-.103,-.127,-.015,.992);es="Linear";ed="In";};["000-offset.010"]={cf=cfr(0,0,0,-.466,.885,0,-.885,-.466,0,0,0,1);es="Linear";ed="In";};["000-offset.013"]={cf=cfr(0,0,0,-.368,.93,0,-.93,-.368,0,0,0,1);es="Linear";ed="In";};["002-offset"]={cf=cfr(0,0,0,.131,-.877,-.463,.99,.093,.104,-.048,-.472,.88);es="Linear";ed="In";};["000-offset.002"]={cf=cfr(0,0,0,.561,-.815,-.144,.827,.56,.048,.041,-.147,.988);es="Linear";ed="In";};["000-offset.011"]={cf=cfr(0,0,0,-.471,-.827,.307,.88,-.466,.094,.065,.314,.947);es="Linear";ed="In";};["000-offset.014"]={cf=cfr(0,0,0,-.384,-.92,.081,.923,-.386,0,.032,.075,.997);es="Linear";ed="In";};["000-offset.006"]={cf=cfr(0,0,0,-.018,.553,-.833,-.475,-.738,-.48,-.88,.387,.276);es="Linear";ed="In";};["000-offset.003"]={cf=cfr(0,0,0,.141,.579,.803,-.345,-.731,.588,.928,-.36,.097);es="Linear";ed="In";};["000-offset.007"]={cf=cfr(0,0,0,.301,-.954,0,.954,.301,0,0,0,1);es="Linear";ed="In";};["000-offset.004"]={cf=cfr(0,0,0,.214,-.977,0,.977,.214,0,0,0,1);es="Linear";ed="In";};["000-offset.008"]={cf=cfr(0,0,0,.821,-.538,.193,.055,.41,.91,-.569,-.737,.366);es="Linear";ed="In";};["000-offset.005"]={cf=cfr(0,0,0,.712,-.662,.232,.403,.116,-.908,.574,.74,.349);es="Linear";ed="In";};};{tm=.875;["root"]={cf=cfr(-.014,1.523,.254,0,0,1,0,1,0,-1,0,0);es="Linear";ed="In";};["000-offset"]={cf=cfr(0,0,0,-.478,.878,-.02,-.878,-.478,.007,-.003,.021,1);es="Linear";ed="In";};["000-offset.009"]={cf=cfr(0,0,0,-.883,.119,.453,-.141,-.99,-.014,.447,-.076,.891);es="Linear";ed="In";};["000-offset.012"]={cf=cfr(0,0,0,-.836,.325,-.442,-.204,-.932,-.299,-.51,-.16,.845);es="Linear";ed="In";};["000-offset.001"]={cf=cfr(0,0,0,.382,.924,.03,-.922,.383,-.055,-.062,-.007,.998);es="Linear";ed="In";};["000-offset.010"]={cf=cfr(0,0,0,-.404,.915,0,-.915,-.404,0,0,0,1);es="Linear";ed="In";};["000-offset.013"]={cf=cfr(0,0,0,-.255,.967,0,-.967,-.255,0,0,0,1);es="Linear";ed="In";};["002-offset"]={cf=cfr(0,0,0,.083,-.967,-.24,.996,.075,.043,-.024,-.242,.97);es="Linear";ed="In";};["000-offset.002"]={cf=cfr(0,0,0,.597,-.799,-.071,.802,.597,.027,.021,-.074,.997);es="Linear";ed="In";};["000-offset.011"]={cf=cfr(0,0,0,-.323,-.917,.236,.946,-.322,.042,.037,.237,.971);es="Linear";ed="In";};["000-offset.014"]={cf=cfr(0,0,0,-.149,-.988,.042,.988,-.15,-.019,.025,.039,.999);es="Linear";ed="In";};["000-offset.006"]={cf=cfr(0,0,0,.057,.71,-.702,-.435,-.615,-.658,-.899,.343,.274);es="Linear";ed="In";};["000-offset.003"]={cf=cfr(0,0,0,.212,.873,.44,-.213,-.398,.892,.954,-.283,.101);es="Linear";ed="In";};["000-offset.007"]={cf=cfr(0,0,0,.38,-.925,0,.925,.38,0,0,0,1);es="Linear";ed="In";};["000-offset.004"]={cf=cfr(0,0,0,.312,-.95,0,.95,.312,0,0,0,1);es="Linear";ed="In";};["000-offset.008"]={cf=cfr(0,0,0,.797,-.602,.043,.075,.17,.983,-.599,-.78,.181);es="Linear";ed="In";};["000-offset.005"]={cf=cfr(0,0,0,.737,-.589,.333,.324,-.126,-.938,.594,.799,.098);es="Linear";ed="In";};};{tm=.917;["root"]={cf=cfr(0,1.495,.423,0,0,1,0,1,0,-1,0,0);es="Linear";ed="In";};["000-offset"]={cf=cfr(0,0,0,-.424,.906,-.006,-.906,-.424,.001,-.001,.006,1);es="Linear";ed="In";};["000-offset.009"]={cf=cfr(0,0,0,-.878,.164,.45,-.173,-.985,.023,.447,-.058,.893);es="Linear";ed="In";};["000-offset.012"]={cf=cfr(0,0,0,-.827,.334,-.453,-.249,-.939,-.238,-.505,-.084,.859);es="Linear";ed="In";};["000-offset.001"]={cf=cfr(0,0,0,.3,.954,.007,-.954,.301,-.016,-.017,-.002,1);es="Linear";ed="In";};["000-offset.010"]={cf=cfr(0,0,0,-.333,.943,0,-.943,-.333,0,0,0,1);es="Linear";ed="In";};["000-offset.013"]={cf=cfr(0,0,0,-.161,.987,0,-.987,-.161,0,0,0,1);es="Linear";ed="In";};["002-offset"]={cf=cfr(0,0,0,.048,-.997,-.067,.999,.048,.01,-.007,-.068,.998);es="Linear";ed="In";};["000-offset.002"]={cf=cfr(0,0,0,.621,-.783,-.02,.783,.621,.008,.006,-.02,1);es="Linear";ed="In";};["000-offset.011"]={cf=cfr(0,0,0,-.181,-.969,.168,.983,-.181,.02,.011,.169,.986);es="Linear";ed="In";};["000-offset.014"]={cf=cfr(0,0,0,.061,-.998,.009,.998,.061,-.022,.021,.01,1);es="Linear";ed="In";};["000-offset.006"]={cf=cfr(0,0,0,.098,.799,-.593,-.401,-.514,-.758,-.911,.313,.27);es="Linear";ed="In";};["000-offset.003"]={cf=cfr(0,0,0,.193,.788,.585,-.124,-.572,.811,.973,-.229,-.012);es="Linear";ed="In";};["000-offset.007"]={cf=cfr(0,0,0,.441,-.898,0,.898,.441,0,0,0,1);es="Linear";ed="In";};["000-offset.004"]={cf=cfr(0,0,0,.389,-.921,0,.921,.389,0,0,0,1);es="Linear";ed="In";};["000-offset.008"]={cf=cfr(0,0,0,.78,-.621,-.078,.09,-.012,.996,-.619,-.784,.047);es="Linear";ed="In";};["000-offset.005"]={cf=cfr(0,0,0,.749,-.534,.392,.267,-.298,-.917,.606,.791,-.08);es="Linear";ed="In";};};{tm=.958;["RootNode"]={cf=cfr(0,0,0,-1,0,0,0,1,0,0,0,-1);es="Linear";ed="In";};["root"]={cf=cfr(0,1.48,.493,0,0,1,0,1,0,-1,0,0);es="Linear";ed="In";};["000-offset"]={cf=cfr(0,0,0,-.404,.915,0,-.915,-.404,0,0,0,1);es="Linear";ed="In";};["004-offset.001"]={cf=cfr(0,0,0,-.015,-1,0,1,-.015,0,0,0,1);es="Linear";ed="In";};["006-offset"]={cf=cfr(0,0,0,-.015,-1,0,1,-.015,0,0,0,1);es="Linear";ed="In";};["000-offset.009"]={cf=cfr(0,0,0,-.875,.183,.448,-.186,-.982,.036,.446,-.052,.893);es="Linear";ed="In";};["000-offset.012"]={cf=cfr(0,0,0,-.825,.334,-.456,-.264,-.941,-.211,-.499,-.053,.865);es="Linear";ed="In";};["000-offset.001"]={cf=cfr(0,0,0,.268,.963,0,-.963,.268,0,0,0,1);es="Linear";ed="In";};["000-offset.010"]={cf=cfr(0,0,0,-.298,.955,0,-.955,-.298,0,0,0,1);es="Linear";ed="In";};["000-offset.013"]={cf=cfr(0,0,0,-.122,.993,0,-.993,-.122,0,0,0,1);es="Linear";ed="In";};["004-offset"]={cf=cfr(0,0,0,.035,-.999,0,.999,.035,0,0,0,1);es="Linear";ed="In";};["002-offset"]={cf=cfr(0,0,0,.035,-.999,0,.999,.035,0,0,0,1);es="Linear";ed="In";};["000-offset.002"]={cf=cfr(0,0,0,.63,-.776,0,.776,.63,0,0,0,1);es="Linear";ed="In";};["000-offset.011"]={cf=cfr(0,0,0,-.118,-.983,.139,.993,-.117,.016,0,.14,.99);es="Linear";ed="In";};["000-offset.014"]={cf=cfr(0,0,0,.151,-.989,-.005,.988,.151,-.019,.02,-.002,1);es="Linear";ed="In";};["000-offset.006"]={cf=cfr(0,0,0,.112,.828,-.55,-.388,-.473,-.791,-.915,.302,.268);es="Linear";ed="In";};["000-offset.003"]={cf=cfr(0,0,0,.179,.775,.606,-.097,-.599,.795,.979,-.201,-.032);es="Linear";ed="In";};["000-offset.007"]={cf=cfr(0,0,0,.464,-.886,0,.886,.464,0,0,0,1);es="Linear";ed="In";};["000-offset.004"]={cf=cfr(0,0,0,.42,-.908,0,.908,.42,0,0,0,1);es="Linear";ed="In";};["000-offset.008"]={cf=cfr(0,0,0,.773,-.621,-.126,.096,-.082,.992,-.627,-.779,-.004);es="Linear";ed="In";};["000-offset.005"]={cf=cfr(0,0,0,.753,-.514,.412,.245,-.362,-.899,.611,.778,-.146);es="Linear";ed="In";};};}