local cfr = CFrame.new

return {{tm=0;["RootNode"]={cf=cfr(0,0,0,-1,0,0,0,1,0,0,0,-1);es="Linear";ed="In";};["root"]={cf=cfr(.056,2.665,1.41,0,0,1,0,1,0,-1,0,0);es="Linear";ed="In";};["000-offset"]={cf=cfr(0,0,0,-.078,.972,.222,-.985,-.041,-.169,-.155,-.231,.96);es="Linear";ed="In";};["004-offset.001"]={cf=cfr(0,0,0,-.015,-1,0,1,-.015,0,0,0,1);es="Linear";ed="In";};["006-offset"]={cf=cfr(0,0,0,-.015,-1,0,1,-.015,0,0,0,1);es="Linear";ed="In";};["000-offset.009"]={cf=cfr(0,0,0,-.968,-.092,-.235,.09,-.996,.017,-.235,-.005,.972);es="Linear";ed="In";};["000-offset.012"]={cf=cfr(0,0,0,-.821,-.266,-.506,.409,-.891,-.196,-.398,-.368,.84);es="Linear";ed="In";};["000-offset.001"]={cf=cfr(0,0,0,.927,-.367,-.082,.376,.892,.251,-.019,-.264,.964);es="Linear";ed="In";};["000-offset.010"]={cf=cfr(0,0,0,.218,.976,0,-.976,.218,0,0,0,1);es="Linear";ed="In";};["000-offset.013"]={cf=cfr(0,0,0,.367,.93,0,-.93,.367,0,0,0,1);es="Linear";ed="In";};["004-offset"]={cf=cfr(0,0,0,.035,-.999,0,.999,.035,0,0,0,1);es="Linear";ed="In";};["002-offset"]={cf=cfr(0,0,0,.035,-.999,0,.999,.035,0,0,0,1);es="Linear";ed="In";};["000-offset.002"]={cf=cfr(0,0,0,.918,-.364,.155,.13,-.092,-.987,.374,.927,-.037);es="Linear";ed="In";};["000-offset.011"]={cf=cfr(0,0,0,.633,-.648,.423,.763,.613,-.203,-.128,.451,.883);es="Linear";ed="In";};["000-offset.014"]={cf=cfr(0,0,0,.473,-.826,-.306,.881,.448,.153,.011,-.342,.94);es="Linear";ed="In";};["000-offset.006"]={cf=cfr(0,0,0,-.963,.066,-.26,-.247,-.599,.762,-.106,.798,.594);es="Linear";ed="In";};["000-offset.003"]={cf=cfr(0,0,0,-.939,-.18,-.293,.342,-.403,-.849,.035,-.897,.44);es="Linear";ed="In";};["000-offset.007"]={cf=cfr(0,0,0,.802,-.598,0,.598,.802,0,0,0,1);es="Linear";ed="In";};["000-offset.004"]={cf=cfr(0,0,0,.63,-.777,0,.777,.63,0,0,0,1);es="Linear";ed="In";};["000-offset.008"]={cf=cfr(0,0,0,.911,.125,.392,-.365,.684,.632,-.189,-.719,.669);es="Linear";ed="In";};["000-offset.005"]={cf=cfr(0,0,0,.925,-.375,-.063,.105,.412,-.905,.365,.831,.42);es="Linear";ed="In";};};{tm=.042;["000-offset"]={cf=cfr(0,0,0,-.076,.972,.221,-.985,-.038,-.169,-.155,-.231,.96);es="Linear";ed="In";};["000-offset.009"]={cf=cfr(0,0,0,-.969,-.089,-.229,.087,-.996,.019,-.23,-.002,.973);es="Linear";ed="In";};["000-offset.012"]={cf=cfr(0,0,0,-.821,-.259,-.508,.403,-.894,-.195,-.404,-.365,.839);es="Linear";ed="In";};["000-offset.001"]={cf=cfr(0,0,0,.928,-.364,-.081,.372,.894,.251,-.018,-.263,.965);es="Linear";ed="In";};["000-offset.010"]={cf=cfr(0,0,0,.217,.976,0,-.976,.217,0,0,0,1);es="Linear";ed="In";};["000-offset.013"]={cf=cfr(0,0,0,.363,.932,0,-.932,.363,0,0,0,1);es="Linear";ed="In";};["000-offset.002"]={cf=cfr(0,0,0,.918,-.364,.156,.132,-.092,-.987,.374,.927,-.036);es="Linear";ed="In";};["000-offset.011"]={cf=cfr(0,0,0,.632,-.65,.423,.765,.611,-.203,-.127,.452,.883);es="Linear";ed="In";};["000-offset.014"]={cf=cfr(0,0,0,.472,-.827,-.306,.881,.447,.153,.011,-.342,.94);es="Linear";ed="In";};["000-offset.003"]={cf=cfr(0,0,0,-.939,-.181,-.293,.343,-.403,-.849,.035,-.897,.44);es="Linear";ed="In";};["000-offset.006"]={cf=cfr(0,0,0,-.964,.064,-.259,-.244,-.6,.762,-.107,.797,.594);es="Linear";ed="In";};["000-offset.004"]={cf=cfr(0,0,0,.63,-.777,0,.777,.63,0,0,0,1);es="Linear";ed="In";};["000-offset.007"]={cf=cfr(0,0,0,.8,-.6,0,.6,.8,0,0,0,1);es="Linear";ed="In";};};{tm=.083;["000-offset"]={cf=cfr(0,0,0,-.072,.973,.221,-.985,-.035,-.169,-.156,-.23,.961);es="Linear";ed="In";};["000-offset.009"]={cf=cfr(0,0,0,-.972,-.086,-.219,.084,-.996,.021,-.22,.002,.975);es="Linear";ed="In";};["000-offset.012"]={cf=cfr(0,0,0,-.822,-.249,-.512,.392,-.899,-.193,-.413,-.359,.837);es="Linear";ed="In";};["000-offset.001"]={cf=cfr(0,0,0,.93,-.359,-.081,.367,.896,.25,-.017,-.262,.965);es="Linear";ed="In";};["000-offset.010"]={cf=cfr(0,0,0,.213,.977,0,-.977,.213,0,0,0,1);es="Linear";ed="In";};["000-offset.013"]={cf=cfr(0,0,0,.357,.934,0,-.934,.357,0,0,0,1);es="Linear";ed="In";};["000-offset.002"]={cf=cfr(0,0,0,.918,-.364,.158,.134,-.091,-.987,.374,.927,-.035);es="Linear";ed="In";};["000-offset.011"]={cf=cfr(0,0,0,.629,-.652,.423,.767,.608,-.203,-.125,.452,.883);es="Linear";ed="In";};["000-offset.014"]={cf=cfr(0,0,0,.471,-.827,-.306,.882,.446,.153,.01,-.342,.94);es="Linear";ed="In";};["000-offset.003"]={cf=cfr(0,0,0,-.939,-.181,-.294,.343,-.404,-.848,.034,-.897,.441);es="Linear";ed="In";};["000-offset.006"]={cf=cfr(0,0,0,-.964,.061,-.258,-.242,-.602,.761,-.109,.797,.595);es="Linear";ed="In";};["000-offset.004"]={cf=cfr(0,0,0,.631,-.776,0,.776,.631,0,0,0,1);es="Linear";ed="In";};["000-offset.007"]={cf=cfr(0,0,0,.797,-.603,0,.603,.797,0,0,0,1);es="Linear";ed="In";};};{tm=.125;["root"]={cf=cfr(.056,2.665,1.41,0,0,1,0,1,0,-1,0,0);es="Linear";ed="In";};["000-offset"]={cf=cfr(0,0,0,-.068,.973,.221,-.985,-.03,-.168,-.157,-.229,.961);es="Linear";ed="In";};["000-offset.009"]={cf=cfr(0,0,0,-.975,-.084,-.207,.081,-.996,.026,-.208,.008,.978);es="Linear";ed="In";};["000-offset.012"]={cf=cfr(0,0,0,-.822,-.235,-.518,.378,-.906,-.19,-.425,-.352,.834);es="Linear";ed="In";};["000-offset.001"]={cf=cfr(0,0,0,.933,-.351,-.08,.36,.899,.249,-.015,-.261,.965);es="Linear";ed="In";};["000-offset.010"]={cf=cfr(0,0,0,.209,.978,0,-.978,.209,0,0,0,1);es="Linear";ed="In";};["000-offset.013"]={cf=cfr(0,0,0,.348,.938,0,-.938,.348,0,0,0,1);es="Linear";ed="In";};["000-offset.002"]={cf=cfr(0,0,0,.918,-.364,.16,.136,-.091,-.986,.374,.927,-.034);es="Linear";ed="In";};["000-offset.011"]={cf=cfr(0,0,0,.625,-.656,.423,.771,.604,-.203,-.122,.453,.883);es="Linear";ed="In";};["000-offset.014"]={cf=cfr(0,0,0,.47,-.828,-.306,.883,.444,.153,.009,-.342,.94);es="Linear";ed="In";};["000-offset.003"]={cf=cfr(0,0,0,-.938,-.18,-.295,.344,-.404,-.847,.034,-.897,.442);es="Linear";ed="In";};["000-offset.006"]={cf=cfr(0,0,0,-.965,.057,-.258,-.239,-.603,.761,-.112,.796,.595);es="Linear";ed="In";};["000-offset.004"]={cf=cfr(0,0,0,.631,-.776,0,.776,.631,0,0,0,1);es="Linear";ed="In";};["000-offset.007"]={cf=cfr(0,0,0,.794,-.608,0,.608,.794,0,0,0,1);es="Linear";ed="In";};};{tm=.167;["root"]={cf=cfr(.056,2.665,1.424,0,0,1,0,1,0,-1,0,0);es="Linear";ed="In";};["000-offset"]={cf=cfr(0,0,0,-.062,.973,.221,-.985,-.025,-.168,-.158,-.228,.961);es="Linear";ed="In";};["000-offset.009"]={cf=cfr(0,0,0,-.978,-.08,-.191,.075,-.997,.031,-.193,.016,.981);es="Linear";ed="In";};["000-offset.012"]={cf=cfr(0,0,0,-.823,-.218,-.525,.361,-.914,-.187,-.439,-.343,.83);es="Linear";ed="In";};["000-offset.001"]={cf=cfr(0,0,0,.936,-.342,-.079,.351,.903,.247,-.013,-.259,.966);es="Linear";ed="In";};["000-offset.010"]={cf=cfr(0,0,0,.204,.979,0,-.979,.204,0,0,0,1);es="Linear";ed="In";};["000-offset.013"]={cf=cfr(0,0,0,.337,.942,0,-.942,.337,0,0,0,1);es="Linear";ed="In";};["000-offset.002"]={cf=cfr(0,0,0,.917,-.364,.164,.14,-.092,-.986,.374,.927,-.033);es="Linear";ed="In";};["000-offset.011"]={cf=cfr(0,0,0,.621,-.661,.422,.775,.598,-.203,-.119,.453,.883);es="Linear";ed="In";};["000-offset.014"]={cf=cfr(0,0,0,.467,-.829,-.306,.884,.442,.153,.008,-.342,.94);es="Linear";ed="In";};["000-offset.003"]={cf=cfr(0,0,0,-.938,-.18,-.295,.345,-.405,-.847,.033,-.896,.442);es="Linear";ed="In";};["000-offset.006"]={cf=cfr(0,0,0,-.965,.051,-.256,-.234,-.605,.761,-.116,.795,.596);es="Linear";ed="In";};["000-offset.004"]={cf=cfr(0,0,0,.632,-.775,0,.775,.632,0,0,0,1);es="Linear";ed="In";};["000-offset.007"]={cf=cfr(0,0,0,.789,-.614,0,.614,.789,0,0,0,1);es="Linear";ed="In";};};{tm=.208;["000-offset"]={cf=cfr(0,0,0,-.055,.974,.22,-.986,-.018,-.168,-.159,-.227,.961);es="Linear";ed="In";};["000-offset.009"]={cf=cfr(0,0,0,-.982,-.074,-.173,.069,-.997,.037,-.175,.025,.984);es="Linear";ed="In";};["000-offset.012"]={cf=cfr(0,0,0,-.822,-.198,-.534,.341,-.922,-.183,-.456,-.333,.825);es="Linear";ed="In";};["000-offset.001"]={cf=cfr(0,0,0,.94,-.331,-.078,.34,.908,.245,-.01,-.257,.966);es="Linear";ed="In";};["000-offset.010"]={cf=cfr(0,0,0,.198,.98,0,-.98,.198,0,0,0,1);es="Linear";ed="In";};["000-offset.013"]={cf=cfr(0,0,0,.324,.946,0,-.946,.324,0,0,0,1);es="Linear";ed="In";};["000-offset.002"]={cf=cfr(0,0,0,.916,-.363,.168,.144,-.092,-.985,.373,.927,-.032);es="Linear";ed="In";};["000-offset.011"]={cf=cfr(0,0,0,.615,-.666,.422,.78,.592,-.203,-.115,.454,.883);es="Linear";ed="In";};["000-offset.014"]={cf=cfr(0,0,0,.465,-.831,-.306,.885,.439,.153,.007,-.342,.94);es="Linear";ed="In";};["000-offset.003"]={cf=cfr(0,0,0,-.938,-.18,-.296,.345,-.406,-.846,.032,-.896,.443);es="Linear";ed="In";};["000-offset.006"]={cf=cfr(0,0,0,-.966,.045,-.254,-.228,-.607,.761,-.12,.793,.597);es="Linear";ed="In";};["000-offset.004"]={cf=cfr(0,0,0,.633,-.775,0,.775,.633,0,0,0,1);es="Linear";ed="In";};["000-offset.007"]={cf=cfr(0,0,0,.784,-.621,0,.621,.784,0,0,0,1);es="Linear";ed="In";};};{tm=.25;["000-offset"]={cf=cfr(0,0,0,-.047,.974,.22,-.986,-.01,-.167,-.161,-.225,.961);es="Linear";ed="In";};["000-offset.009"]={cf=cfr(0,0,0,-.986,-.068,-.152,.061,-.997,.044,-.155,.034,.987);es="Linear";ed="In";};["000-offset.012"]={cf=cfr(0,0,0,-.821,-.175,-.544,.318,-.931,-.18,-.475,-.321,.82);es="Linear";ed="In";};["000-offset.001"]={cf=cfr(0,0,0,.945,-.319,-.077,.328,.913,.243,-.007,-.255,.967);es="Linear";ed="In";};["000-offset.010"]={cf=cfr(0,0,0,.191,.982,0,-.982,.191,0,0,0,1);es="Linear";ed="In";};["000-offset.013"]={cf=cfr(0,0,0,.309,.951,0,-.951,.309,0,0,0,1);es="Linear";ed="In";};["000-offset.002"]={cf=cfr(0,0,0,.916,-.363,.172,.149,-.092,-.985,.373,.927,-.03);es="Linear";ed="In";};["000-offset.011"]={cf=cfr(0,0,0,.609,-.672,.422,.785,.585,-.203,-.111,.455,.884);es="Linear";ed="In";};["000-offset.014"]={cf=cfr(0,0,0,.462,-.833,-.306,.887,.436,.153,.006,-.342,.94);es="Linear";ed="In";};["000-offset.003"]={cf=cfr(0,0,0,-.938,-.18,-.297,.346,-.408,-.845,.031,-.895,.445);es="Linear";ed="In";};["000-offset.006"]={cf=cfr(0,0,0,-.967,.038,-.252,-.222,-.61,.761,-.125,.792,.598);es="Linear";ed="In";};["000-offset.004"]={cf=cfr(0,0,0,.634,-.774,0,.774,.634,0,0,0,1);es="Linear";ed="In";};["000-offset.007"]={cf=cfr(0,0,0,.778,-.629,0,.629,.778,0,0,0,1);es="Linear";ed="In";};};{tm=.292;["root"]={cf=cfr(.056,2.665,1.424,0,0,1,0,1,0,-1,0,0);es="Linear";ed="In";};["000-offset"]={cf=cfr(0,0,0,-.038,.975,.22,-.986,-.001,-.167,-.163,-.223,.961);es="Linear";ed="In";};["000-offset.009"]={cf=cfr(0,0,0,-.99,-.06,-.13,.053,-.997,.053,-.132,.045,.99);es="Linear";ed="In";};["000-offset.012"]={cf=cfr(0,0,0,-.818,-.15,-.555,.293,-.939,-.178,-.495,-.308,.813);es="Linear";ed="In";};["000-offset.001"]={cf=cfr(0,0,0,.949,-.305,-.076,.314,.919,.24,-.004,-.252,.968);es="Linear";ed="In";};["000-offset.010"]={cf=cfr(0,0,0,.184,.983,0,-.983,.184,0,0,0,1);es="Linear";ed="In";};["000-offset.013"]={cf=cfr(0,0,0,.293,.956,0,-.956,.293,0,0,0,1);es="Linear";ed="In";};["000-offset.002"]={cf=cfr(0,0,0,.915,-.363,.177,.154,-.092,-.984,.373,.927,-.028);es="Linear";ed="In";};["000-offset.011"]={cf=cfr(0,0,0,.602,-.678,.422,.791,.577,-.203,-.106,.456,.884);es="Linear";ed="In";};["000-offset.014"]={cf=cfr(0,0,0,.459,-.834,-.306,.888,.433,.153,.005,-.342,.94);es="Linear";ed="In";};["000-offset.003"]={cf=cfr(0,0,0,-.938,-.179,-.298,.346,-.409,-.844,.029,-.895,.446);es="Linear";ed="In";};["000-offset.006"]={cf=cfr(0,0,0,-.968,.029,-.25,-.215,-.613,.76,-.131,.79,.599);es="Linear";ed="In";};["000-offset.004"]={cf=cfr(0,0,0,.635,-.773,0,.773,.635,0,0,0,1);es="Linear";ed="In";};["000-offset.007"]={cf=cfr(0,0,0,.771,-.637,0,.637,.771,0,0,0,1);es="Linear";ed="In";};};{tm=.333;["root"]={cf=cfr(.056,2.665,1.438,0,0,1,0,1,0,-1,0,0);es="Linear";ed="In";};["000-offset"]={cf=cfr(0,0,0,-.028,.975,.219,-.986,.009,-.167,-.164,-.221,.961);es="Linear";ed="In";};["000-offset.009"]={cf=cfr(0,0,0,-.993,-.051,-.106,.044,-.997,.062,-.108,.057,.992);es="Linear";ed="In";};["000-offset.012"]={cf=cfr(0,0,0,-.814,-.123,-.567,.266,-.948,-.176,-.516,-.294,.805);es="Linear";ed="In";};["000-offset.001"]={cf=cfr(0,0,0,.954,-.289,-.074,.298,.924,.238,0,-.249,.968);es="Linear";ed="In";};["000-offset.010"]={cf=cfr(0,0,0,.175,.984,0,-.984,.175,0,0,0,1);es="Linear";ed="In";};["000-offset.013"]={cf=cfr(0,0,0,.275,.962,0,-.962,.275,0,0,0,1);es="Linear";ed="In";};["000-offset.002"]={cf=cfr(0,0,0,.914,-.363,.183,.16,-.092,-.983,.373,.927,-.026);es="Linear";ed="In";};["000-offset.011"]={cf=cfr(0,0,0,.595,-.684,.422,.797,.569,-.203,-.101,.457,.884);es="Linear";ed="In";};["000-offset.014"]={cf=cfr(0,0,0,.456,-.836,-.306,.89,.429,.153,.004,-.341,.94);es="Linear";ed="In";};["000-offset.003"]={cf=cfr(0,0,0,-.937,-.179,-.299,.347,-.411,-.843,.028,-.894,.447);es="Linear";ed="In";};["000-offset.006"]={cf=cfr(0,0,0,-.969,.02,-.247,-.207,-.616,.76,-.137,.788,.601);es="Linear";ed="In";};["000-offset.004"]={cf=cfr(0,0,0,.636,-.772,0,.772,.636,0,0,0,1);es="Linear";ed="In";};["000-offset.007"]={cf=cfr(0,0,0,.763,-.647,0,.647,.763,0,0,0,1);es="Linear";ed="In";};};{tm=.375;["root"]={cf=cfr(.056,2.665,1.438,0,0,1,0,1,0,-1,0,0);es="Linear";ed="In";};["000-offset"]={cf=cfr(0,0,0,-.017,.976,.219,-.986,.02,-.166,-.167,-.219,.961);es="Linear";ed="In";};["000-offset.009"]={cf=cfr(0,0,0,-.996,-.04,-.08,.035,-.997,.073,-.083,.07,.994);es="Linear";ed="In";};["000-offset.012"]={cf=cfr(0,0,0,-.809,-.095,-.58,.238,-.955,-.175,-.537,-.28,.795);es="Linear";ed="In";};["000-offset.001"]={cf=cfr(0,0,0,.96,-.272,-.073,.281,.93,.235,.004,-.246,.969);es="Linear";ed="In";};["000-offset.010"]={cf=cfr(0,0,0,.167,.986,0,-.986,.167,0,0,0,1);es="Linear";ed="In";};["000-offset.013"]={cf=cfr(0,0,0,.255,.967,0,-.967,.255,0,0,0,1);es="Linear";ed="In";};["000-offset.002"]={cf=cfr(0,0,0,.913,-.363,.188,.166,-.091,-.982,.373,.927,-.023);es="Linear";ed="In";};["000-offset.011"]={cf=cfr(0,0,0,.588,-.691,.422,.803,.56,-.203,-.096,.458,.884);es="Linear";ed="In";};["000-offset.014"]={cf=cfr(0,0,0,.452,-.838,-.305,.892,.425,.153,.002,-.341,.94);es="Linear";ed="In";};["000-offset.003"]={cf=cfr(0,0,0,-.937,-.178,-.3,.348,-.413,-.842,.026,-.893,.449);es="Linear";ed="In";};["000-offset.006"]={cf=cfr(0,0,0,-.97,.01,-.244,-.198,-.619,.76,-.143,.785,.602);es="Linear";ed="In";};["000-offset.004"]={cf=cfr(0,0,0,.637,-.771,0,.771,.637,0,0,0,1);es="Linear";ed="In";};["000-offset.007"]={cf=cfr(0,0,0,.754,-.657,0,.657,.754,0,0,0,1);es="Linear";ed="In";};};{tm=.417;["root"]={cf=cfr(.056,2.665,1.452,0,0,1,0,1,0,-1,0,0);es="Linear";ed="In";};["000-offset"]={cf=cfr(0,0,0,-.006,.976,.219,-.986,.031,-.166,-.169,-.216,.962);es="Linear";ed="In";};["000-offset.009"]={cf=cfr(0,0,0,-.998,-.029,-.054,.024,-.996,.084,-.057,.083,.995);es="Linear";ed="In";};["000-offset.012"]={cf=cfr(0,0,0,-.802,-.066,-.594,.21,-.962,-.176,-.56,-.265,.785);es="Linear";ed="In";};["000-offset.001"]={cf=cfr(0,0,0,.965,-.253,-.072,.263,.937,.232,.009,-.242,.97);es="Linear";ed="In";};["000-offset.010"]={cf=cfr(0,0,0,.157,.988,0,-.988,.157,0,0,0,1);es="Linear";ed="In";};["000-offset.013"]={cf=cfr(0,0,0,.235,.972,0,-.972,.235,0,0,0,1);es="Linear";ed="In";};["000-offset.002"]={cf=cfr(0,0,0,.911,-.363,.195,.173,-.092,-.981,.373,.927,-.021);es="Linear";ed="In";};["000-offset.011"]={cf=cfr(0,0,0,.58,-.697,.422,.81,.551,-.203,-.091,.459,.884);es="Linear";ed="In";};["000-offset.014"]={cf=cfr(0,0,0,.448,-.84,-.305,.894,.421,.153,0,-.341,.94);es="Linear";ed="In";};["000-offset.003"]={cf=cfr(0,0,0,-.937,-.178,-.3,.348,-.415,-.84,.025,-.892,.451);es="Linear";ed="In";};["000-offset.006"]={cf=cfr(0,0,0,-.971,-.001,-.241,-.188,-.622,.76,-.151,.783,.604);es="Linear";ed="In";};["000-offset.004"]={cf=cfr(0,0,0,.639,-.769,0,.769,.639,0,0,0,1);es="Linear";ed="In";};["000-offset.007"]={cf=cfr(0,0,0,.744,-.668,0,.668,.744,0,0,0,1);es="Linear";ed="In";};};{tm=.458;["000-offset"]={cf=cfr(0,0,0,.006,.976,.218,-.985,.043,-.165,-.171,-.214,.962);es="Linear";ed="In";};["000-offset.009"]={cf=cfr(0,0,0,-.999,-.017,-.028,.014,-.995,.097,-.03,.097,.995);es="Linear";ed="In";};["000-offset.012"]={cf=cfr(0,0,0,-.793,-.037,-.608,.181,-.967,-.177,-.582,-.25,.774);es="Linear";ed="In";};["000-offset.001"]={cf=cfr(0,0,0,.97,-.233,-.071,.243,.943,.228,.014,-.239,.971);es="Linear";ed="In";};["000-offset.010"]={cf=cfr(0,0,0,.147,.989,0,-.989,.147,0,0,0,1);es="Linear";ed="In";};["000-offset.013"]={cf=cfr(0,0,0,.213,.977,0,-.977,.213,0,0,0,1);es="Linear";ed="In";};["000-offset.002"]={cf=cfr(0,0,0,.91,-.362,.202,.18,-.091,-.979,.373,.928,-.018);es="Linear";ed="In";};["000-offset.011"]={cf=cfr(0,0,0,.572,-.704,.422,.816,.542,-.203,-.086,.46,.884);es="Linear";ed="In";};["000-offset.014"]={cf=cfr(0,0,0,.444,-.842,-.305,.896,.417,.152,-.001,-.341,.94);es="Linear";ed="In";};["000-offset.003"]={cf=cfr(0,0,0,-.937,-.177,-.302,.349,-.417,-.839,.023,-.891,.453);es="Linear";ed="In";};["000-offset.006"]={cf=cfr(0,0,0,-.971,-.012,-.238,-.178,-.626,.759,-.158,.78,.606);es="Linear";ed="In";};["000-offset.004"]={cf=cfr(0,0,0,.64,-.768,0,.768,.64,0,0,0,1);es="Linear";ed="In";};["000-offset.007"]={cf=cfr(0,0,0,.734,-.679,0,.679,.734,0,0,0,1);es="Linear";ed="In";};};{tm=.5;["root"]={cf=cfr(.056,2.665,1.452,0,0,1,0,1,0,-1,0,0);es="Linear";ed="In";};["000-offset"]={cf=cfr(0,0,0,.019,.976,.218,-.985,.056,-.165,-.173,-.211,.962);es="Linear";ed="In";};["000-offset.009"]={cf=cfr(0,0,0,-1,-.003,-.002,.003,-.994,.11,-.002,.11,.994);es="Linear";ed="In";};["000-offset.012"]={cf=cfr(0,0,0,-.783,-.007,-.622,.152,-.972,-.18,-.604,-.235,.762);es="Linear";ed="In";};["000-offset.001"]={cf=cfr(0,0,0,.975,-.212,-.07,.223,.949,.225,.019,-.235,.972);es="Linear";ed="In";};["000-offset.010"]={cf=cfr(0,0,0,.137,.991,0,-.991,.137,0,0,0,1);es="Linear";ed="In";};["000-offset.013"]={cf=cfr(0,0,0,.191,.982,0,-.982,.191,0,0,0,1);es="Linear";ed="In";};["000-offset.002"]={cf=cfr(0,0,0,.908,-.362,.208,.188,-.091,-.978,.373,.928,-.015);es="Linear";ed="In";};["000-offset.011"]={cf=cfr(0,0,0,.564,-.71,.422,.822,.532,-.203,-.081,.461,.884);es="Linear";ed="In";};["000-offset.014"]={cf=cfr(0,0,0,.44,-.845,-.305,.898,.412,.152,-.003,-.341,.94);es="Linear";ed="In";};["000-offset.003"]={cf=cfr(0,0,0,-.936,-.177,-.303,.35,-.42,-.837,.021,-.89,.455);es="Linear";ed="In";};["000-offset.006"]={cf=cfr(0,0,0,-.972,-.024,-.235,-.167,-.629,.759,-.166,.777,.607);es="Linear";ed="In";};["000-offset.004"]={cf=cfr(0,0,0,.642,-.767,0,.767,.642,0,0,0,1);es="Linear";ed="In";};["000-offset.007"]={cf=cfr(0,0,0,.723,-.691,0,.691,.723,0,0,0,1);es="Linear";ed="In";};};{tm=.542;["root"]={cf=cfr(.056,2.665,1.466,0,0,1,0,1,0,-1,0,0);es="Linear";ed="In";};["000-offset"]={cf=cfr(0,0,0,.033,.976,.217,-.984,.07,-.165,-.176,-.208,.962);es="Linear";ed="In";};["000-offset.009"]={cf=cfr(0,0,0,-1,.012,.024,-.009,-.992,.124,.025,.124,.992);es="Linear";ed="In";};["000-offset.012"]={cf=cfr(0,0,0,-.771,.022,-.637,.124,-.975,-.184,-.625,-.22,.749);es="Linear";ed="In";};["000-offset.001"]={cf=cfr(0,0,0,.979,-.19,-.069,.201,.954,.221,.024,-.231,.973);es="Linear";ed="In";};["000-offset.010"]={cf=cfr(0,0,0,.127,.992,0,-.992,.127,0,0,0,1);es="Linear";ed="In";};["000-offset.013"]={cf=cfr(0,0,0,.168,.986,0,-.986,.168,0,0,0,1);es="Linear";ed="In";};["000-offset.002"]={cf=cfr(0,0,0,.907,-.362,.216,.196,-.091,-.976,.373,.928,-.012);es="Linear";ed="In";};["000-offset.011"]={cf=cfr(0,0,0,.556,-.716,.422,.828,.523,-.203,-.075,.462,.884);es="Linear";ed="In";};["000-offset.014"]={cf=cfr(0,0,0,.435,-.847,-.305,.9,.408,.152,-.005,-.341,.94);es="Linear";ed="In";};["000-offset.003"]={cf=cfr(0,0,0,-.936,-.176,-.305,.352,-.422,-.836,.019,-.889,.457);es="Linear";ed="In";};["000-offset.006"]={cf=cfr(0,0,0,-.972,-.037,-.231,-.156,-.632,.759,-.175,.774,.609);es="Linear";ed="In";};["000-offset.004"]={cf=cfr(0,0,0,.644,-.765,0,.765,.644,0,0,0,1);es="Linear";ed="In";};["000-offset.007"]={cf=cfr(0,0,0,.711,-.704,0,.704,.711,0,0,0,1);es="Linear";ed="In";};};{tm=.583;["root"]={cf=cfr(.056,2.665,1.466,0,0,1,0,1,0,-1,0,0);es="Linear";ed="In";};["000-offset"]={cf=cfr(0,0,0,.047,.975,.217,-.983,.084,-.165,-.179,-.205,.962);es="Linear";ed="In";};["000-offset.009"]={cf=cfr(0,0,0,-.998,.027,.049,-.02,-.99,.139,.053,.138,.989);es="Linear";ed="In";};["000-offset.012"]={cf=cfr(0,0,0,-.758,.051,-.651,.096,-.977,-.189,-.645,-.206,.736);es="Linear";ed="In";};["000-offset.001"]={cf=cfr(0,0,0,.984,-.167,-.069,.178,.96,.218,.03,-.227,.974);es="Linear";ed="In";};["000-offset.010"]={cf=cfr(0,0,0,.116,.993,0,-.993,.116,0,0,0,1);es="Linear";ed="In";};["000-offset.013"]={cf=cfr(0,0,0,.144,.99,0,-.99,.144,0,0,0,1);es="Linear";ed="In";};["000-offset.002"]={cf=cfr(0,0,0,.905,-.362,.224,.204,-.091,-.975,.373,.928,-.008);es="Linear";ed="In";};["000-offset.011"]={cf=cfr(0,0,0,.548,-.722,.422,.833,.514,-.203,-.07,.463,.884);es="Linear";ed="In";};["000-offset.014"]={cf=cfr(0,0,0,.431,-.849,-.305,.902,.403,.152,-.006,-.341,.94);es="Linear";ed="In";};["000-offset.003"]={cf=cfr(0,0,0,-.936,-.176,-.306,.353,-.424,-.834,.017,-.888,.459);es="Linear";ed="In";};["000-offset.006"]={cf=cfr(0,0,0,-.972,-.051,-.228,-.145,-.635,.758,-.183,.77,.611);es="Linear";ed="In";};["000-offset.004"]={cf=cfr(0,0,0,.645,-.764,0,.764,.645,0,0,0,1);es="Linear";ed="In";};["000-offset.007"]={cf=cfr(0,0,0,.698,-.716,0,.716,.698,0,0,0,1);es="Linear";ed="In";};};{tm=.625;["root"]={cf=cfr(.056,2.665,1.48,0,0,1,0,1,0,-1,0,0);es="Linear";ed="In";};["000-offset"]={cf=cfr(0,0,0,.061,.974,.216,-.981,.098,-.164,-.181,-.202,.962);es="Linear";ed="In";};["000-offset.009"]={cf=cfr(0,0,0,-.996,.042,.074,-.031,-.988,.154,.079,.151,.985);es="Linear";ed="In";};["000-offset.012"]={cf=cfr(0,0,0,-.744,.08,-.664,.07,-.978,-.196,-.665,-.192,.722);es="Linear";ed="In";};["000-offset.001"]={cf=cfr(0,0,0,.987,-.142,-.068,.154,.965,.214,.035,-.222,.974);es="Linear";ed="In";};["000-offset.010"]={cf=cfr(0,0,0,.106,.994,0,-.994,.106,0,0,0,1);es="Linear";ed="In";};["000-offset.013"]={cf=cfr(0,0,0,.121,.993,0,-.993,.121,0,0,0,1);es="Linear";ed="In";};["000-offset.002"]={cf=cfr(0,0,0,.903,-.362,.232,.213,-.091,-.973,.373,.928,-.005);es="Linear";ed="In";};["000-offset.011"]={cf=cfr(0,0,0,.541,-.728,.422,.839,.505,-.203,-.066,.464,.884);es="Linear";ed="In";};["000-offset.014"]={cf=cfr(0,0,0,.427,-.851,-.305,.904,.399,.152,-.008,-.341,.94);es="Linear";ed="In";};["000-offset.003"]={cf=cfr(0,0,0,-.935,-.175,-.308,.354,-.427,-.832,.015,-.887,.461);es="Linear";ed="In";};["000-offset.006"]={cf=cfr(0,0,0,-.972,-.064,-.225,-.133,-.639,.758,-.192,.767,.612);es="Linear";ed="In";};["000-offset.004"]={cf=cfr(0,0,0,.647,-.762,0,.762,.647,0,0,0,1);es="Linear";ed="In";};["000-offset.007"]={cf=cfr(0,0,0,.685,-.729,0,.729,.685,0,0,0,1);es="Linear";ed="In";};};{tm=.667;["root"]={cf=cfr(.056,2.665,1.495,0,0,1,0,1,0,-1,0,0);es="Linear";ed="In";};["000-offset"]={cf=cfr(0,0,0,.076,.973,.216,-.98,.113,-.164,-.184,-.199,.962);es="Linear";ed="In";};["000-offset.009"]={cf=cfr(0,0,0,-.994,.058,.097,-.041,-.985,.169,.105,.164,.981);es="Linear";ed="In";};["000-offset.012"]={cf=cfr(0,0,0,-.729,.107,-.676,.046,-.978,-.204,-.683,-.179,.708);es="Linear";ed="In";};["000-offset.001"]={cf=cfr(0,0,0,.991,-.117,-.068,.129,.969,.211,.041,-.218,.975);es="Linear";ed="In";};["000-offset.010"]={cf=cfr(0,0,0,.095,.995,0,-.995,.095,0,0,0,1);es="Linear";ed="In";};["000-offset.013"]={cf=cfr(0,0,0,.097,.995,0,-.995,.097,0,0,0,1);es="Linear";ed="In";};["000-offset.002"]={cf=cfr(0,0,0,.901,-.362,.24,.222,-.091,-.971,.373,.928,-.002);es="Linear";ed="In";};["000-offset.011"]={cf=cfr(0,0,0,.534,-.733,.422,.843,.498,-.203,-.061,.464,.884);es="Linear";ed="In";};["000-offset.014"]={cf=cfr(0,0,0,.422,-.854,-.305,.906,.394,.152,-.01,-.341,.94);es="Linear";ed="In";};["000-offset.003"]={cf=cfr(0,0,0,-.935,-.175,-.309,.355,-.43,-.83,.012,-.886,.464);es="Linear";ed="In";};["000-offset.006"]={cf=cfr(0,0,0,-.972,-.079,-.221,-.12,-.641,.758,-.201,.763,.614);es="Linear";ed="In";};["000-offset.004"]={cf=cfr(0,0,0,.649,-.761,0,.761,.649,0,0,0,1);es="Linear";ed="In";};["000-offset.007"]={cf=cfr(0,0,0,.671,-.742,0,.742,.671,0,0,0,1);es="Linear";ed="In";};};{tm=.708;["root"]={cf=cfr(.056,2.665,1.495,0,0,1,0,1,0,-1,0,0);es="Linear";ed="In";};["000-offset"]={cf=cfr(0,0,0,.092,.972,.216,-.978,.128,-.164,-.187,-.196,.963);es="Linear";ed="In";};["000-offset.009"]={cf=cfr(0,0,0,-.99,.074,.118,-.052,-.982,.184,.13,.176,.976);es="Linear";ed="In";};["000-offset.012"]={cf=cfr(0,0,0,-.715,.133,-.687,.023,-.977,-.212,-.699,-.167,.695);es="Linear";ed="In";};["000-offset.001"]={cf=cfr(0,0,0,.993,-.092,-.068,.104,.973,.207,.047,-.213,.976);es="Linear";ed="In";};["000-offset.010"]={cf=cfr(0,0,0,.085,.996,0,-.996,.085,0,0,0,1);es="Linear";ed="In";};["000-offset.013"]={cf=cfr(0,0,0,.074,.997,0,-.997,.074,0,0,0,1);es="Linear";ed="In";};["000-offset.002"]={cf=cfr(0,0,0,.899,-.362,.248,.231,-.091,-.969,.373,.928,.002);es="Linear";ed="In";};["000-offset.011"]={cf=cfr(0,0,0,.527,-.737,.422,.848,.49,-.203,-.057,.465,.883);es="Linear";ed="In";};["000-offset.014"]={cf=cfr(0,0,0,.418,-.856,-.305,.908,.389,.152,-.012,-.341,.94);es="Linear";ed="In";};["000-offset.003"]={cf=cfr(0,0,0,-.934,-.174,-.311,.356,-.432,-.828,.01,-.885,.466);es="Linear";ed="In";};["000-offset.006"]={cf=cfr(0,0,0,-.972,-.093,-.218,-.108,-.644,.757,-.211,.759,.616);es="Linear";ed="In";};["000-offset.004"]={cf=cfr(0,0,0,.651,-.759,0,.759,.651,0,0,0,1);es="Linear";ed="In";};["000-offset.007"]={cf=cfr(0,0,0,.657,-.754,0,.754,.657,0,0,0,1);es="Linear";ed="In";};};{tm=.75;["root"]={cf=cfr(.056,2.665,1.509,0,0,1,0,1,0,-1,0,0);es="Linear";ed="In";};["000-offset"]={cf=cfr(0,0,0,.107,.971,.216,-.976,.144,-.164,-.19,-.193,.963);es="Linear";ed="In";};["000-offset.009"]={cf=cfr(0,0,0,-.986,.09,.138,-.062,-.978,.198,.153,.187,.97);es="Linear";ed="In";};["000-offset.012"]={cf=cfr(0,0,0,-.7,.157,-.696,.002,-.975,-.221,-.714,-.156,.683);es="Linear";ed="In";};["000-offset.001"]={cf=cfr(0,0,0,.996,-.066,-.068,.078,.976,.204,.053,-.208,.977);es="Linear";ed="In";};["000-offset.010"]={cf=cfr(0,0,0,.074,.997,0,-.997,.074,0,0,0,1);es="Linear";ed="In";};["000-offset.013"]={cf=cfr(0,0,0,.051,.999,0,-.999,.051,0,0,0,1);es="Linear";ed="In";};["000-offset.002"]={cf=cfr(0,0,0,.896,-.362,.256,.24,-.091,-.967,.373,.928,.005);es="Linear";ed="In";};["000-offset.011"]={cf=cfr(0,0,0,.522,-.741,.422,.851,.484,-.203,-.054,.466,.883);es="Linear";ed="In";};["000-offset.014"]={cf=cfr(0,0,0,.414,-.858,-.305,.91,.385,.152,-.013,-.341,.94);es="Linear";ed="In";};["000-offset.003"]={cf=cfr(0,0,0,-.934,-.174,-.313,.358,-.435,-.826,.008,-.883,.468);es="Linear";ed="In";};["000-offset.006"]={cf=cfr(0,0,0,-.971,-.108,-.214,-.095,-.646,.757,-.22,.755,.617);es="Linear";ed="In";};["000-offset.004"]={cf=cfr(0,0,0,.653,-.757,0,.757,.653,0,0,0,1);es="Linear";ed="In";};["000-offset.007"]={cf=cfr(0,0,0,.641,-.767,0,.767,.641,0,0,0,1);es="Linear";ed="In";};};{tm=.792;["root"]={cf=cfr(.056,2.665,1.509,0,0,1,0,1,0,-1,0,0);es="Linear";ed="In";};["000-offset"]={cf=cfr(0,0,0,.123,.969,.215,-.974,.16,-.164,-.193,-.19,.963);es="Linear";ed="In";};["000-offset.009"]={cf=cfr(0,0,0,-.982,.106,.155,-.071,-.975,.213,.174,.198,.965);es="Linear";ed="In";};["000-offset.012"]={cf=cfr(0,0,0,-.687,.18,-.704,-.017,-.973,-.231,-.727,-.147,.671);es="Linear";ed="In";};["000-offset.001"]={cf=cfr(0,0,0,.997,-.039,-.069,.052,.978,.201,.06,-.204,.977);es="Linear";ed="In";};["000-offset.010"]={cf=cfr(0,0,0,.064,.998,0,-.998,.064,0,0,0,1);es="Linear";ed="In";};["000-offset.013"]={cf=cfr(0,0,0,.028,1,0,-1,.028,0,0,0,1);es="Linear";ed="In";};["000-offset.002"]={cf=cfr(0,0,0,.894,-.362,.265,.249,-.091,-.964,.373,.928,.009);es="Linear";ed="In";};["000-offset.011"]={cf=cfr(0,0,0,.517,-.744,.423,.854,.478,-.203,-.051,.466,.883);es="Linear";ed="In";};["000-offset.014"]={cf=cfr(0,0,0,.409,-.86,-.305,.912,.38,.152,-.015,-.341,.94);es="Linear";ed="In";};["000-offset.003"]={cf=cfr(0,0,0,-.933,-.174,-.314,.359,-.438,-.824,.005,-.882,.471);es="Linear";ed="In";};["000-offset.006"]={cf=cfr(0,0,0,-.97,-.123,-.211,-.082,-.648,.757,-.23,.751,.619);es="Linear";ed="In";};["000-offset.004"]={cf=cfr(0,0,0,.655,-.756,0,.756,.655,0,0,0,1);es="Linear";ed="In";};["000-offset.007"]={cf=cfr(0,0,0,.626,-.78,0,.78,.626,0,0,0,1);es="Linear";ed="In";};};{tm=.833;["root"]={cf=cfr(.056,2.665,1.523,0,0,1,0,1,0,-1,0,0);es="Linear";ed="In";};["000-offset"]={cf=cfr(0,0,0,.138,.967,.215,-.971,.175,-.164,-.196,-.186,.963);es="Linear";ed="In";};["000-offset.009"]={cf=cfr(0,0,0,-.978,.12,.17,-.08,-.971,.226,.193,.207,.959);es="Linear";ed="In";};["000-offset.012"]={cf=cfr(0,0,0,-.674,.2,-.711,-.034,-.97,-.241,-.738,-.138,.661);es="Linear";ed="In";};["000-offset.001"]={cf=cfr(0,0,0,.997,-.012,-.07,.026,.98,.197,.066,-.199,.978);es="Linear";ed="In";};["000-offset.010"]={cf=cfr(0,0,0,.054,.999,0,-.999,.054,0,0,0,1);es="Linear";ed="In";};["000-offset.013"]={cf=cfr(0,0,0,.007,1,0,-1,.007,0,0,0,1);es="Linear";ed="In";};["000-offset.002"]={cf=cfr(0,0,0,.891,-.362,.274,.258,-.091,-.962,.373,.928,.013);es="Linear";ed="In";};["000-offset.011"]={cf=cfr(0,0,0,.514,-.747,.423,.857,.474,-.203,-.049,.467,.883);es="Linear";ed="In";};["000-offset.014"]={cf=cfr(0,0,0,.405,-.862,-.305,.914,.376,.152,-.017,-.341,.94);es="Linear";ed="In";};["000-offset.003"]={cf=cfr(0,0,0,-.933,-.173,-.316,.36,-.441,-.822,.003,-.881,.473);es="Linear";ed="In";};["000-offset.006"]={cf=cfr(0,0,0,-.968,-.139,-.207,-.069,-.65,.757,-.24,.747,.62);es="Linear";ed="In";};["000-offset.004"]={cf=cfr(0,0,0,.657,-.754,0,.754,.657,0,0,0,1);es="Linear";ed="In";};["000-offset.007"]={cf=cfr(0,0,0,.61,-.792,0,.792,.61,0,0,0,1);es="Linear";ed="In";};};{tm=.875;["root"]={cf=cfr(.056,2.665,1.523,0,0,1,0,1,0,-1,0,0);es="Linear";ed="In";};["000-offset"]={cf=cfr(0,0,0,.154,.964,.215,-.968,.191,-.164,-.199,-.183,.963);es="Linear";ed="In";};["000-offset.009"]={cf=cfr(0,0,0,-.974,.134,.183,-.088,-.967,.238,.209,.216,.954);es="Linear";ed="In";};["000-offset.012"]={cf=cfr(0,0,0,-.664,.219,-.715,-.049,-.967,-.25,-.746,-.131,.653);es="Linear";ed="In";};["000-offset.001"]={cf=cfr(0,0,0,.997,.015,-.071,-.001,.981,.194,.072,-.194,.978);es="Linear";ed="In";};["000-offset.010"]={cf=cfr(0,0,0,.045,.999,0,-.999,.045,0,0,0,1);es="Linear";ed="In";};["000-offset.013"]={cf=cfr(0,0,0,-.014,1,0,-1,-.014,0,0,0,1);es="Linear";ed="In";};["000-offset.002"]={cf=cfr(0,0,0,.888,-.362,.282,.268,-.091,-.959,.373,.928,.016);es="Linear";ed="In";};["000-offset.011"]={cf=cfr(0,0,0,.511,-.748,.423,.858,.471,-.203,-.047,.466,.883);es="Linear";ed="In";};["000-offset.014"]={cf=cfr(0,0,0,.401,-.864,-.305,.916,.372,.152,-.018,-.341,.94);es="Linear";ed="In";};["000-offset.003"]={cf=cfr(0,0,0,-.932,-.173,-.318,.362,-.443,-.82,.001,-.88,.476);es="Linear";ed="In";};["000-offset.006"]={cf=cfr(0,0,0,-.967,-.154,-.204,-.056,-.652,.756,-.25,.743,.621);es="Linear";ed="In";};["000-offset.004"]={cf=cfr(0,0,0,.659,-.752,0,.752,.659,0,0,0,1);es="Linear";ed="In";};["000-offset.007"]={cf=cfr(0,0,0,.594,-.804,0,.804,.594,0,0,0,1);es="Linear";ed="In";};};{tm=.917;["root"]={cf=cfr(.056,2.665,1.537,0,0,1,0,1,0,-1,0,0);es="Linear";ed="In";};["000-offset"]={cf=cfr(0,0,0,.17,.962,.215,-.965,.207,-.164,-.202,-.18,.963);es="Linear";ed="In";};["000-offset.009"]={cf=cfr(0,0,0,-.97,.146,.193,-.095,-.964,.249,.223,.223,.949);es="Linear";ed="In";};["000-offset.012"]={cf=cfr(0,0,0,-.655,.235,-.718,-.062,-.964,-.259,-.753,-.125,.646);es="Linear";ed="In";};["000-offset.001"]={cf=cfr(0,0,0,.997,.042,-.072,-.027,.981,.191,.078,-.189,.979);es="Linear";ed="In";};["000-offset.010"]={cf=cfr(0,0,0,.037,.999,0,-.999,.037,0,0,0,1);es="Linear";ed="In";};["000-offset.013"]={cf=cfr(0,0,0,-.033,.999,0,-.999,-.033,0,0,0,1);es="Linear";ed="In";};["000-offset.002"]={cf=cfr(0,0,0,.885,-.362,.291,.277,-.091,-.957,.373,.928,.02);es="Linear";ed="In";};["000-offset.011"]={cf=cfr(0,0,0,.511,-.749,.422,.858,.471,-.203,-.047,.466,.883);es="Linear";ed="In";};["000-offset.014"]={cf=cfr(0,0,0,.398,-.865,-.305,.917,.368,.152,-.02,-.34,.94);es="Linear";ed="In";};["000-offset.003"]={cf=cfr(0,0,0,-.932,-.172,-.32,.363,-.446,-.818,-.002,-.878,.478);es="Linear";ed="In";};["000-offset.006"]={cf=cfr(0,0,0,-.965,-.17,-.201,-.043,-.653,.756,-.259,.738,.623);es="Linear";ed="In";};["000-offset.004"]={cf=cfr(0,0,0,.661,-.75,0,.75,.661,0,0,0,1);es="Linear";ed="In";};["000-offset.007"]={cf=cfr(0,0,0,.578,-.816,0,.816,.578,0,0,0,1);es="Linear";ed="In";};};{tm=.958;["root"]={cf=cfr(.056,2.665,1.537,0,0,1,0,1,0,-1,0,0);es="Linear";ed="In";};["000-offset"]={cf=cfr(0,0,0,.185,.959,.215,-.961,.223,-.164,-.205,-.176,.963);es="Linear";ed="In";};["000-offset.009"]={cf=cfr(0,0,0,-.967,.156,.201,-.101,-.961,.258,.233,.229,.945);es="Linear";ed="In";};["000-offset.012"]={cf=cfr(0,0,0,-.65,.249,-.718,-.073,-.961,-.267,-.757,-.121,.642);es="Linear";ed="In";};["000-offset.001"]={cf=cfr(0,0,0,.995,.069,-.073,-.054,.981,.189,.085,-.184,.979);es="Linear";ed="In";};["000-offset.010"]={cf=cfr(0,0,0,.028,1,0,-1,.028,0,0,0,1);es="Linear";ed="In";};["000-offset.013"]={cf=cfr(0,0,0,-.051,.999,0,-.999,-.051,0,0,0,1);es="Linear";ed="In";};["000-offset.002"]={cf=cfr(0,0,0,.883,-.363,.299,.286,-.091,-.954,.373,.928,.024);es="Linear";ed="In";};["000-offset.011"]={cf=cfr(0,0,0,.51,-.749,.422,.859,.471,-.203,-.047,.466,.884);es="Linear";ed="In";};["000-offset.014"]={cf=cfr(0,0,0,.394,-.867,-.305,.919,.364,.152,-.021,-.34,.94);es="Linear";ed="In";};["000-offset.003"]={cf=cfr(0,0,0,-.931,-.172,-.321,.364,-.449,-.816,-.004,-.877,.481);es="Linear";ed="In";};["000-offset.006"]={cf=cfr(0,0,0,-.963,-.185,-.198,-.03,-.654,.756,-.269,.734,.624);es="Linear";ed="In";};["000-offset.004"]={cf=cfr(0,0,0,.663,-.749,0,.749,.663,0,0,0,1);es="Linear";ed="In";};["000-offset.007"]={cf=cfr(0,0,0,.561,-.828,0,.828,.561,0,0,0,1);es="Linear";ed="In";};};{tm=1;["root"]={cf=cfr(.056,2.665,1.551,0,0,1,0,1,0,-1,0,0);es="Linear";ed="In";};["000-offset"]={cf=cfr(0,0,0,.201,.956,.215,-.957,.238,-.164,-.208,-.173,.963);es="Linear";ed="In";};["000-offset.009"]={cf=cfr(0,0,0,-.964,.166,.206,-.108,-.958,.266,.241,.235,.942);es="Linear";ed="In";};["000-offset.012"]={cf=cfr(0,0,0,-.647,.262,-.716,-.083,-.958,-.275,-.758,-.119,.641);es="Linear";ed="In";};["000-offset.001"]={cf=cfr(0,0,0,.993,.095,-.075,-.08,.979,.186,.091,-.179,.98);es="Linear";ed="In";};["000-offset.010"]={cf=cfr(0,0,0,.02,1,0,-1,.02,0,0,0,1);es="Linear";ed="In";};["000-offset.013"]={cf=cfr(0,0,0,-.07,.998,0,-.998,-.07,0,0,0,1);es="Linear";ed="In";};["000-offset.002"]={cf=cfr(0,0,0,.88,-.363,.308,.296,-.091,-.951,.373,.927,.027);es="Linear";ed="In";};["000-offset.011"]={cf=cfr(0,0,0,.512,-.748,.422,.857,.473,-.203,-.048,.466,.884);es="Linear";ed="In";};["000-offset.014"]={cf=cfr(0,0,0,.391,-.868,-.305,.92,.361,.152,-.022,-.34,.94);es="Linear";ed="In";};["000-offset.003"]={cf=cfr(0,0,0,-.931,-.171,-.323,.366,-.452,-.814,-.006,-.876,.483);es="Linear";ed="In";};["000-offset.006"]={cf=cfr(0,0,0,-.96,-.2,-.195,-.017,-.654,.756,-.279,.729,.625);es="Linear";ed="In";};["000-offset.004"]={cf=cfr(0,0,0,.665,-.747,0,.747,.665,0,0,0,1);es="Linear";ed="In";};["000-offset.007"]={cf=cfr(0,0,0,.544,-.839,0,.839,.544,0,0,0,1);es="Linear";ed="In";};};{tm=1.042;["root"]={cf=cfr(.056,2.665,1.565,0,0,1,0,1,0,-1,0,0);es="Linear";ed="In";};["000-offset"]={cf=cfr(0,0,0,.216,.952,.215,-.953,.253,-.164,-.211,-.17,.963);es="Linear";ed="In";};["000-offset.009"]={cf=cfr(0,0,0,-.962,.175,.209,-.114,-.955,.274,.247,.24,.939);es="Linear";ed="In";};["000-offset.012"]={cf=cfr(0,0,0,-.646,.274,-.712,-.093,-.955,-.283,-.757,-.117,.643);es="Linear";ed="In";};["000-offset.001"]={cf=cfr(0,0,0,.99,.122,-.076,-.106,.977,.184,.097,-.174,.98);es="Linear";ed="In";};["000-offset.010"]={cf=cfr(0,0,0,.011,1,0,-1,.011,0,0,0,1);es="Linear";ed="In";};["000-offset.013"]={cf=cfr(0,0,0,-.09,.996,0,-.996,-.09,0,0,0,1);es="Linear";ed="In";};["000-offset.002"]={cf=cfr(0,0,0,.876,-.363,.316,.305,-.091,-.948,.373,.927,.031);es="Linear";ed="In";};["000-offset.011"]={cf=cfr(0,0,0,.516,-.745,.422,.855,.477,-.203,-.05,.466,.884);es="Linear";ed="In";};["000-offset.014"]={cf=cfr(0,0,0,.387,-.87,-.305,.922,.357,.152,-.024,-.34,.94);es="Linear";ed="In";};["000-offset.003"]={cf=cfr(0,0,0,-.93,-.171,-.325,.367,-.454,-.812,-.009,-.874,.485);es="Linear";ed="In";};["000-offset.006"]={cf=cfr(0,0,0,-.958,-.215,-.192,-.004,-.655,.756,-.288,.725,.626);es="Linear";ed="In";};["000-offset.004"]={cf=cfr(0,0,0,.667,-.745,0,.745,.667,0,0,0,1);es="Linear";ed="In";};["000-offset.007"]={cf=cfr(0,0,0,.527,-.85,0,.85,.527,0,0,0,1);es="Linear";ed="In";};};{tm=1.083;["root"]={cf=cfr(.056,2.665,1.565,0,0,1,0,1,0,-1,0,0);es="Linear";ed="In";};["000-offset"]={cf=cfr(0,0,0,.231,.949,.215,-.949,.269,-.165,-.214,-.166,.963);es="Linear";ed="In";};["000-offset.009"]={cf=cfr(0,0,0,-.96,.183,.211,-.12,-.952,.282,.252,.245,.936);es="Linear";ed="In";};["000-offset.012"]={cf=cfr(0,0,0,-.648,.287,-.705,-.103,-.951,-.292,-.754,-.116,.646);es="Linear";ed="In";};["000-offset.001"]={cf=cfr(0,0,0,.986,.148,-.078,-.131,.974,.182,.103,-.169,.98);es="Linear";ed="In";};["000-offset.010"]={cf=cfr(0,0,0,.002,1,0,-1,.002,0,0,0,1);es="Linear";ed="In";};["000-offset.013"]={cf=cfr(0,0,0,-.111,.994,0,-.994,-.111,0,0,0,1);es="Linear";ed="In";};["000-offset.002"]={cf=cfr(0,0,0,.873,-.363,.324,.313,-.091,-.945,.373,.927,.035);es="Linear";ed="In";};["000-offset.011"]={cf=cfr(0,0,0,.522,-.741,.422,.851,.483,-.203,-.054,.465,.884);es="Linear";ed="In";};["000-offset.014"]={cf=cfr(0,0,0,.383,-.872,-.305,.923,.352,.152,-.025,-.34,.94);es="Linear";ed="In";};["000-offset.003"]={cf=cfr(0,0,0,-.93,-.171,-.326,.368,-.457,-.81,-.011,-.873,.488);es="Linear";ed="In";};["000-offset.006"]={cf=cfr(0,0,0,-.955,-.23,-.188,.009,-.655,.756,-.297,.72,.627);es="Linear";ed="In";};["000-offset.004"]={cf=cfr(0,0,0,.669,-.743,0,.743,.669,0,0,0,1);es="Linear";ed="In";};["000-offset.007"]={cf=cfr(0,0,0,.51,-.86,0,.86,.51,0,0,0,1);es="Linear";ed="In";};};{tm=1.125;["root"]={cf=cfr(.056,2.665,1.579,0,0,1,0,1,0,-1,0,0);es="Linear";ed="In";};["000-offset"]={cf=cfr(0,0,0,.246,.945,.216,-.945,.283,-.165,-.217,-.163,.962);es="Linear";ed="In";};["000-offset.009"]={cf=cfr(0,0,0,-.959,.192,.211,-.127,-.949,.289,.255,.25,.934);es="Linear";ed="In";};["000-offset.012"]={cf=cfr(0,0,0,-.652,.299,-.697,-.113,-.947,-.3,-.75,-.117,.652);es="Linear";ed="In";};["000-offset.001"]={cf=cfr(0,0,0,.982,.173,-.08,-.156,.971,.181,.109,-.165,.98);es="Linear";ed="In";};["000-offset.010"]={cf=cfr(0,0,0,-.009,1,0,-1,-.009,0,0,0,1);es="Linear";ed="In";};["000-offset.013"]={cf=cfr(0,0,0,-.134,.991,0,-.991,-.134,0,0,0,1);es="Linear";ed="In";};["000-offset.002"]={cf=cfr(0,0,0,.87,-.364,.332,.322,-.091,-.942,.373,.927,.038);es="Linear";ed="In";};["000-offset.011"]={cf=cfr(0,0,0,.529,-.737,.422,.847,.491,-.203,-.058,.464,.884);es="Linear";ed="In";};["000-offset.014"]={cf=cfr(0,0,0,.379,-.874,-.305,.925,.348,.152,-.027,-.34,.94);es="Linear";ed="In";};["000-offset.003"]={cf=cfr(0,0,0,-.929,-.17,-.328,.369,-.46,-.808,-.013,-.872,.49);es="Linear";ed="In";};["000-offset.006"]={cf=cfr(0,0,0,-.952,-.245,-.186,.021,-.654,.756,-.306,.716,.628);es="Linear";ed="In";};["000-offset.004"]={cf=cfr(0,0,0,.671,-.742,0,.742,.671,0,0,0,1);es="Linear";ed="In";};["000-offset.007"]={cf=cfr(0,0,0,.494,-.87,0,.87,.494,0,0,0,1);es="Linear";ed="In";};};{tm=1.167;["root"]={cf=cfr(.056,2.665,1.579,0,0,1,0,1,0,-1,0,0);es="Linear";ed="In";};["000-offset"]={cf=cfr(0,0,0,.26,.941,.216,-.94,.297,-.165,-.22,-.16,.962);es="Linear";ed="In";};["000-offset.009"]={cf=cfr(0,0,0,-.957,.2,.209,-.133,-.946,.295,.257,.255,.932);es="Linear";ed="In";};["000-offset.012"]={cf=cfr(0,0,0,-.658,.31,-.687,-.123,-.943,-.308,-.743,-.118,.659);es="Linear";ed="In";};["000-offset.001"]={cf=cfr(0,0,0,.977,.198,-.082,-.181,.967,.179,.115,-.16,.98);es="Linear";ed="In";};["000-offset.010"]={cf=cfr(0,0,0,-.019,1,0,-1,-.019,0,0,0,1);es="Linear";ed="In";};["000-offset.013"]={cf=cfr(0,0,0,-.157,.988,0,-.988,-.157,0,0,0,1);es="Linear";ed="In";};["000-offset.002"]={cf=cfr(0,0,0,.867,-.364,.34,.331,-.091,-.939,.373,.927,.042);es="Linear";ed="In";};["000-offset.011"]={cf=cfr(0,0,0,.537,-.731,.421,.841,.501,-.203,-.063,.463,.884);es="Linear";ed="In";};["000-offset.014"]={cf=cfr(0,0,0,.374,-.876,-.305,.927,.343,.152,-.029,-.34,.94);es="Linear";ed="In";};["000-offset.003"]={cf=cfr(0,0,0,-.929,-.17,-.33,.371,-.462,-.806,-.016,-.87,.492);es="Linear";ed="In";};["000-offset.006"]={cf=cfr(0,0,0,-.948,-.259,-.183,.033,-.654,.756,-.315,.711,.628);es="Linear";ed="In";};["000-offset.004"]={cf=cfr(0,0,0,.673,-.74,0,.74,.673,0,0,0,1);es="Linear";ed="In";};["000-offset.007"]={cf=cfr(0,0,0,.477,-.879,0,.879,.477,0,0,0,1);es="Linear";ed="In";};};{tm=1.208;["root"]={cf=cfr(.056,2.665,1.59