local cfr = CFrame.new

return {{tm=0;["RootNode"]={cf=cfr(0,0,0,-1,0,0,0,1,0,0,0,-1);es="Linear";ed="In";};["root"]={cf=cfr(0,2.016,.099,0,0,1,0,1,0,-1,0,0);es="Linear";ed="In";};["000-offset"]={cf=cfr(0,0,0,.034,-.472,.881,-.672,-.663,-.329,.739,-.581,-.34);es="Linear";ed="In";};["004-offset.001"]={cf=cfr(0,0,0,-.015,-1,0,1,-.015,0,0,0,1);es="Linear";ed="In";};["006-offset"]={cf=cfr(0,0,0,-.015,-1,0,1,-.015,0,0,0,1);es="Linear";ed="In";};["000-offset.009"]={cf=cfr(0,0,0,-.489,-.779,.393,.872,-.444,.205,.015,.443,.897);es="Linear";ed="In";};["000-offset.012"]={cf=cfr(0,0,0,-.711,-.099,-.696,.138,-.99,0,-.689,-.096,.718);es="Linear";ed="In";};["000-offset.001"]={cf=cfr(0,0,0,.921,.258,.293,.163,.427,-.89,-.354,.867,.351);es="Linear";ed="In";};["000-offset.010"]={cf=cfr(0,0,0,.687,.727,0,-.727,.687,0,0,0,1);es="Linear";ed="In";};["000-offset.013"]={cf=cfr(0,0,0,-.383,.924,0,-.924,-.383,0,0,0,1);es="Linear";ed="In";};["004-offset"]={cf=cfr(0,0,0,.035,-.999,0,.999,.035,0,0,0,1);es="Linear";ed="In";};["002-offset"]={cf=cfr(0,0,0,.035,-.999,0,.999,.035,0,0,0,1);es="Linear";ed="In";};["000-offset.002"]={cf=cfr(0,0,0,.897,.305,-.32,.254,.236,.938,.361,-.923,.135);es="Linear";ed="In";};["000-offset.011"]={cf=cfr(0,0,0,.418,-.908,0,.908,.418,0,0,0,1);es="Linear";ed="In";};["000-offset.014"]={cf=cfr(0,0,0,-.721,-.607,.334,.541,-.794,-.276,.433,-.018,.901);es="Linear";ed="In";};["000-offset.006"]={cf=cfr(0,0,0,.149,-.977,.15,.451,.202,.869,-.88,-.062,.471);es="Linear";ed="In";};["000-offset.003"]={cf=cfr(0,0,0,-.54,-.775,-.328,.55,-.031,-.834,.637,-.631,.443);es="Linear";ed="In";};["000-offset.007"]={cf=cfr(0,0,0,.192,-.981,0,.981,.192,0,0,0,1);es="Linear";ed="In";};["000-offset.004"]={cf=cfr(0,0,0,.797,-.603,0,.603,.797,0,0,0,1);es="Linear";ed="In";};["000-offset.008"]={cf=cfr(0,0,0,.966,-.26,0,.26,.966,0,0,0,1);es="Linear";ed="In";};["000-offset.005"]={cf=cfr(0,0,0,.888,-.438,-.143,.432,.899,-.07,.159,0,.987);es="Linear";ed="In";};};{tm=.042;["root"]={cf=cfr(-.014,1.17,.578,0,0,1,0,1,0,-1,0,0);es="Linear";ed="In";};["000-offset"]={cf=cfr(0,0,0,.124,.065,.99,-.4,-.91,.11,.908,-.41,-.087);es="Linear";ed="In";};["000-offset.009"]={cf=cfr(0,0,0,-.644,-.622,.445,.718,-.693,.07,.265,.364,.893);es="Linear";ed="In";};["000-offset.012"]={cf=cfr(0,0,0,-.216,.794,-.568,-.251,-.608,-.754,-.944,-.021,.33);es="Linear";ed="In";};["000-offset.001"]={cf=cfr(0,0,0,.869,.214,.447,.314,.46,-.831,-.384,.862,.332);es="Linear";ed="In";};["000-offset.010"]={cf=cfr(0,0,0,.732,.681,0,-.681,.732,0,0,0,1);es="Linear";ed="In";};["000-offset.013"]={cf=cfr(0,0,0,-.421,.907,0,-.907,-.421,0,0,0,1);es="Linear";ed="In";};["000-offset.002"]={cf=cfr(0,0,0,.95,.095,-.298,.281,.155,.947,.136,-.983,.12);es="Linear";ed="In";};["000-offset.011"]={cf=cfr(0,0,0,.351,-.936,0,.936,.351,0,0,0,1);es="Linear";ed="In";};["000-offset.014"]={cf=cfr(0,0,0,-.099,-.985,-.142,.97,-.064,-.233,.221,-.16,.962);es="Linear";ed="In";};["000-offset.006"]={cf=cfr(0,0,0,-.537,-.828,.164,.51,-.164,.844,-.672,.537,.51);es="Linear";ed="In";};["000-offset.003"]={cf=cfr(0,0,0,.237,-.843,.484,.55,-.294,-.782,.801,.451,.393);es="Linear";ed="In";};["000-offset.007"]={cf=cfr(0,0,0,.388,-.922,0,.922,.388,0,0,0,1);es="Linear";ed="In";};["000-offset.004"]={cf=cfr(0,0,0,-.036,-.999,0,.999,-.036,0,0,0,1);es="Linear";ed="In";};["000-offset.008"]={cf=cfr(0,0,0,.964,-.263,.039,.265,.962,-.063,-.021,.072,.997);es="Linear";ed="In";};["000-offset.005"]={cf=cfr(0,0,0,.822,-.407,-.399,.564,.686,.46,.086,-.603,.793);es="Linear";ed="In";};};{tm=.083;["root"]={cf=cfr(-.028,.395,.931,0,0,1,0,1,0,-1,0,0);es="Linear";ed="In";};["000-offset"]={cf=cfr(0,0,0,.112,.582,.805,-.233,-.772,.591,.966,-.254,.049);es="Linear";ed="In";};["000-offset.009"]={cf=cfr(0,0,0,-.646,-.495,.581,.609,-.793,0,.461,.354,.814);es="Linear";ed="In";};["000-offset.012"]={cf=cfr(0,0,0,-.677,-.132,-.724,.024,-.987,.157,-.735,.089,.672);es="Linear";ed="In";};["000-offset.001"]={cf=cfr(0,0,0,.823,.141,.55,.389,.564,-.728,-.413,.814,.409);es="Linear";ed="In";};["000-offset.010"]={cf=cfr(0,0,0,.769,.639,0,-.639,.769,0,0,0,1);es="Linear";ed="In";};["000-offset.013"]={cf=cfr(0,0,0,-.258,.966,0,-.966,-.258,0,0,0,1);es="Linear";ed="In";};["000-offset.002"]={cf=cfr(0,0,0,.949,-.139,-.283,.287,.016,.958,-.129,-.99,.055);es="Linear";ed="In";};["000-offset.011"]={cf=cfr(0,0,0,.323,-.946,0,.946,.323,0,0,0,1);es="Linear";ed="In";};["000-offset.014"]={cf=cfr(0,0,0,-.478,-.878,-.005,.878,-.478,-.018,.013,-.013,1);es="Linear";ed="In";};["000-offset.006"]={cf=cfr(0,0,0,-.875,-.468,-.119,-.084,-.094,.992,-.476,.878,.043);es="Linear";ed="In";};["000-offset.003"]={cf=cfr(0,0,0,.478,-.854,.205,-.472,-.447,-.76,.74,.266,-.617);es="Linear";ed="In";};["000-offset.007"]={cf=cfr(0,0,0,.492,-.87,0,.87,.492,0,0,0,1);es="Linear";ed="In";};["000-offset.004"]={cf=cfr(0,0,0,-.267,-.964,0,.964,-.267,0,0,0,1);es="Linear";ed="In";};["000-offset.008"]={cf=cfr(0,0,0,.962,-.265,.063,.269,.961,-.07,-.042,.084,.996);es="Linear";ed="In";};["000-offset.005"]={cf=cfr(0,0,0,.905,-.396,.157,.409,.7,-.586,.122,.594,.795);es="Linear";ed="In";};};{tm=.125;["root"]={cf=cfr(-.042,-.296,1.043,0,0,1,0,1,0,-1,0,0);es="Linear";ed="In";};["000-offset"]={cf=cfr(0,0,0,.125,.912,.39,-.485,-.287,.826,.866,-.292,.407);es="Linear";ed="In";};["000-offset.009"]={cf=cfr(0,0,0,-.316,-.505,.803,.779,-.621,-.084,.541,.599,.59);es="Linear";ed="In";};["000-offset.012"]={cf=cfr(0,0,0,-.483,-.304,-.822,.22,-.95,.222,-.848,-.073,.525);es="Linear";ed="In";};["000-offset.001"]={cf=cfr(0,0,0,.85,.015,.527,.244,.875,-.418,-.468,.484,.74);es="Linear";ed="In";};["000-offset.010"]={cf=cfr(0,0,0,.821,.571,0,-.571,.821,0,0,0,1);es="Linear";ed="In";};["000-offset.013"]={cf=cfr(0,0,0,.635,.772,0,-.772,.635,0,0,0,1);es="Linear";ed="In";};["000-offset.002"]={cf=cfr(0,0,0,.968,.002,-.253,.25,-.148,.957,-.035,-.989,-.144);es="Linear";ed="In";};["000-offset.011"]={cf=cfr(0,0,0,.459,-.888,0,.888,.459,0,0,0,1);es="Linear";ed="In";};["000-offset.014"]={cf=cfr(0,0,0,-.393,-.92,.001,.92,-.393,.004,-.003,.002,1);es="Linear";ed="In";};["000-offset.006"]={cf=cfr(0,0,0,-.871,-.403,-.282,-.361,.133,.923,-.334,.906,-.261);es="Linear";ed="In";};["000-offset.003"]={cf=cfr(0,0,0,.058,-.979,.196,-.436,-.201,-.877,.898,-.034,-.439);es="Linear";ed="In";};["000-offset.007"]={cf=cfr(0,0,0,.273,-.962,0,.962,.273,0,0,0,1);es="Linear";ed="In";};["000-offset.004"]={cf=cfr(0,0,0,-.256,-.967,0,.967,-.256,0,0,0,1);es="Linear";ed="In";};["000-offset.008"]={cf=cfr(0,0,0,.968,-.246,-.057,.251,.96,.124,.024,-.134,.991);es="Linear";ed="In";};["000-offset.005"]={cf=cfr(0,0,0,.92,-.37,.129,.377,.743,-.554,.109,.558,.823);es="Linear";ed="In";};};{tm=.167;["root"]={cf=cfr(-.056,-1.1,1.142,0,0,1,0,1,0,-1,0,0);es="Linear";ed="In";};["000-offset"]={cf=cfr(0,0,0,.021,1,.01,-.766,.01,.642,.642,-.021,.766);es="Linear";ed="In";};["000-offset.009"]={cf=cfr(0,0,0,-.018,-.434,.901,.826,-.515,-.231,.564,.739,.368);es="Linear";ed="In";};["000-offset.012"]={cf=cfr(0,0,0,-.3,-.241,-.923,.224,-.958,.178,-.927,-.153,.342);es="Linear";ed="In";};["000-offset.001"]={cf=cfr(0,0,0,.876,-.049,.48,.089,.994,-.06,-.474,.096,.875);es="Linear";ed="In";};["000-offset.010"]={cf=cfr(0,0,0,.81,.587,0,-.587,.81,0,0,0,1);es="Linear";ed="In";};["000-offset.013"]={cf=cfr(0,0,0,.985,.175,0,-.175,.985,0,0,0,1);es="Linear";ed="In";};["000-offset.002"]={cf=cfr(0,0,0,.968,.144,-.205,.228,-.168,.959,.103,-.975,-.195);es="Linear";ed="In";};["000-offset.011"]={cf=cfr(0,0,0,.543,-.84,0,.84,.543,0,0,0,1);es="Linear";ed="In";};["000-offset.014"]={cf=cfr(0,0,0,-.225,-.974,-.004,.974,-.225,-.017,.016,-.008,1);es="Linear";ed="In";};["000-offset.006"]={cf=cfr(0,0,0,-.759,-.65,-.047,.083,-.168,.982,-.646,.742,.181);es="Linear";ed="In";};["000-offset.003"]={cf=cfr(0,0,0,-.071,-.969,.236,-.519,-.166,-.839,.852,-.182,-.491);es="Linear";ed="In";};["000-offset.007"]={cf=cfr(0,0,0,.125,-.992,0,.992,.125,0,0,0,1);es="Linear";ed="In";};["000-offset.004"]={cf=cfr(0,0,0,.083,-.997,0,.997,.083,0,0,0,1);es="Linear";ed="In";};["000-offset.008"]={cf=cfr(0,0,0,.956,-.293,-.001,.279,.909,.308,-.09,-.295,.951);es="Linear";ed="In";};["000-offset.005"]={cf=cfr(0,0,0,.89,-.419,-.178,.262,.791,-.553,.372,.446,.814);es="Linear";ed="In";};};{tm=.208;["root"]={cf=cfr(-.07,-1.903,1.198,0,0,1,0,1,0,-1,0,0);es="Linear";ed="In";};["000-offset"]={cf=cfr(0,0,0,-.012,.995,-.097,-.888,.034,.46,.461,.092,.883);es="Linear";ed="In";};["000-offset.009"]={cf=cfr(0,0,0,-.098,-.411,.906,.814,-.557,-.165,.573,.721,.389);es="Linear";ed="In";};["000-offset.012"]={cf=cfr(0,0,0,-.326,-.254,-.911,.317,-.937,.148,-.891,-.241,.386);es="Linear";ed="In";};["000-offset.001"]={cf=cfr(0,0,0,.924,-.07,.375,.064,.998,.029,-.376,-.002,.927);es="Linear";ed="In";};["000-offset.010"]={cf=cfr(0,0,0,.657,.754,0,-.754,.657,0,0,0,1);es="Linear";ed="In";};["000-offset.013"]={cf=cfr(0,0,0,.984,.177,0,-.177,.984,0,0,0,1);es="Linear";ed="In";};["000-offset.002"]={cf=cfr(0,0,0,.957,.073,-.281,.269,.141,.953,.109,-.987,.115);es="Linear";ed="In";};["000-offset.011"]={cf=cfr(0,0,0,.441,-.898,0,.898,.441,0,0,0,1);es="Linear";ed="In";};["000-offset.014"]={cf=cfr(0,0,0,-.091,-.996,-.004,.996,-.091,-.017,.017,-.005,1);es="Linear";ed="In";};["000-offset.006"]={cf=cfr(0,0,0,-.711,-.352,-.609,-.54,-.281,.793,-.45,.893,.01);es="Linear";ed="In";};["000-offset.003"]={cf=cfr(0,0,0,-.409,-.478,.777,-.15,-.805,-.574,.9,-.351,.258);es="Linear";ed="In";};["000-offset.007"]={cf=cfr(0,0,0,.868,-.497,0,.497,.868,0,0,0,1);es="Linear";ed="In";};["000-offset.004"]={cf=cfr(0,0,0,.42,-.908,0,.908,.42,0,0,0,1);es="Linear";ed="In";};["000-offset.008"]={cf=cfr(0,0,0,.656,-.286,.699,.326,.942,.079,-.681,.176,.711);es="Linear";ed="In";};["000-offset.005"]={cf=cfr(0,0,0,.864,-.503,.003,.503,.864,-.007,.001,.008,1);es="Linear";ed="In";};};{tm=.25;["root"]={cf=cfr(-.085,-2.637,1.241,0,0,1,0,1,0,-1,0,0);es="Linear";ed="In";};["000-offset"]={cf=cfr(0,0,0,-.021,.992,-.123,-.967,.01,.254,.253,.124,.959);es="Linear";ed="In";};["000-offset.009"]={cf=cfr(0,0,0,-.27,-.391,.88,.773,-.633,-.044,.574,.668,.473);es="Linear";ed="In";};["000-offset.012"]={cf=cfr(0,0,0,-.375,-.277,-.885,.454,-.887,.085,-.808,-.37,.458);es="Linear";ed="In";};["000-offset.001"]={cf=cfr(0,0,0,.971,-.073,.228,.062,.997,.056,-.232,-.04,.972);es="Linear";ed="In";};["000-offset.010"]={cf=cfr(0,0,0,.396,.918,0,-.918,.396,0,0,0,1);es="Linear";ed="In";};["000-offset.013"]={cf=cfr(0,0,0,.935,.356,0,-.356,.935,0,0,0,1);es="Linear";ed="In";};["000-offset.002"]={cf=cfr(0,0,0,.939,-.103,-.327,.331,.527,.783,.092,-.844,.529);es="Linear";ed="In";};["000-offset.011"]={cf=cfr(0,0,0,.271,-.963,0,.963,.271,0,0,0,1);es="Linear";ed="In";};["000-offset.014"]={cf=cfr(0,0,0,.061,-.998,-.004,.998,.061,-.018,.018,-.003,1);es="Linear";ed="In";};["000-offset.006"]={cf=cfr(0,0,0,-.777,-.173,-.606,-.53,-.34,.777,-.34,.924,.173);es="Linear";ed="In";};["000-offset.003"]={cf=cfr(0,0,0,-.502,-.138,.854,-.37,-.858,-.357,.782,-.495,.379);es="Linear";ed="In";};["000-offset.007"]={cf=cfr(0,0,0,.936,-.353,0,.353,.936,0,0,0,1);es="Linear";ed="In";};["000-offset.004"]={cf=cfr(0,0,0,.807,-.59,0,.59,.807,0,0,0,1);es="Linear";ed="In";};["000-offset.008"]={cf=cfr(0,0,0,.76,-.241,.603,.337,.94,-.05,-.555,.242,.796);es="Linear";ed="In";};["000-offset.005"]={cf=cfr(0,0,0,.906,-.42,-.056,.419,.908,-.031,.064,.005,.998);es="Linear";ed="In";};};{tm=.292;["root"]={cf=cfr(-.085,-3.257,1.269,0,0,1,0,1,0,-1,0,0);es="Linear";ed="In";};["000-offset"]={cf=cfr(0,0,0,-.011,.996,-.091,-.998,-.006,.06,.059,.092,.994);es="Linear";ed="In";};["000-offset.009"]={cf=cfr(0,0,0,-.458,-.35,.817,.682,-.728,.07,.571,.589,.572);es="Linear";ed="In";};["000-offset.012"]={cf=cfr(0,0,0,-.412,-.308,-.858,.591,-.807,.006,-.694,-.505,.514);es="Linear";ed="In";};["000-offset.001"]={cf=cfr(0,0,0,.994,-.076,.075,.074,.996,.04,-.077,-.035,.996);es="Linear";ed="In";};["000-offset.010"]={cf=cfr(0,0,0,.093,.996,0,-.996,.093,0,0,0,1);es="Linear";ed="In";};["000-offset.013"]={cf=cfr(0,0,0,.81,.586,0,-.586,.81,0,0,0,1);es="Linear";ed="In";};["000-offset.002"]={cf=cfr(0,0,0,.917,-.307,-.256,.395,.795,.46,.063,-.523,.85);es="Linear";ed="In";};["000-offset.011"]={cf=cfr(0,0,0,.079,-.997,0,.997,.079,0,0,0,1);es="Linear";ed="In";};["000-offset.014"]={cf=cfr(0,0,0,.2,-.98,-.004,.98,.2,-.018,.019,0,1);es="Linear";ed="In";};["000-offset.006"]={cf=cfr(0,0,0,-.731,-.134,-.67,-.596,-.354,.721,-.333,.926,.179);es="Linear";ed="In";};["000-offset.003"]={cf=cfr(0,0,0,-.56,-.043,.827,-.486,-.792,-.37,.67,-.61,.423);es="Linear";ed="In";};["000-offset.007"]={cf=cfr(0,0,0,.968,-.253,0,.253,.968,0,0,0,1);es="Linear";ed="In";};["000-offset.004"]={cf=cfr(0,0,0,.904,-.427,0,.427,.904,0,0,0,1);es="Linear";ed="In";};["000-offset.008"]={cf=cfr(0,0,0,.863,-.228,.451,.329,.931,-.16,-.383,.286,.878);es="Linear";ed="In";};["000-offset.005"]={cf=cfr(0,0,0,.923,-.361,-.131,.38,.908,.177,.055,-.213,.975);es="Linear";ed="In";};};{tm=.333;["root"]={cf=cfr(-.099,-3.68,1.283,0,0,1,0,1,0,-1,0,0);es="Linear";ed="In";};["000-offset"]={cf=cfr(0,0,0,.005,.999,-.038,-.997,.002,-.082,-.081,.038,.996);es="Linear";ed="In";};["000-offset.009"]={cf=cfr(0,0,0,-.594,-.293,.75,.572,-.809,.137,.566,.51,.648);es="Linear";ed="In";};["000-offset.012"]={cf=cfr(0,0,0,-.429,-.336,-.838,.689,-.722,-.063,-.584,-.604,.541);es="Linear";ed="In";};["000-offset.001"]={cf=cfr(0,0,0,.995,-.088,-.045,.088,.996,.007,.044,-.011,.999);es="Linear";ed="In";};["000-offset.010"]={cf=cfr(0,0,0,-.151,.989,0,-.989,-.151,0,0,0,1);es="Linear";ed="In";};["000-offset.013"]={cf=cfr(0,0,0,.651,.759,0,-.759,.651,0,0,0,1);es="Linear";ed="In";};["000-offset.002"]={cf=cfr(0,0,0,.895,-.43,-.117,.444,.883,.155,.036,-.19,.981);es="Linear";ed="In";};["000-offset.011"]={cf=cfr(0,0,0,-.076,-.997,0,.997,-.076,0,0,0,1);es="Linear";ed="In";};["000-offset.014"]={cf=cfr(0,0,0,.3,-.954,-.005,.954,.3,-.019,.02,.001,1);es="Linear";ed="In";};["000-offset.006"]={cf=cfr(0,0,0,-.642,-.165,-.749,-.67,-.354,.652,-.373,.92,.117);es="Linear";ed="In";};["000-offset.003"]={cf=cfr(0,0,0,-.606,.011,.795,-.569,-.704,-.424,.555,-.71,.433);es="Linear";ed="In";};["000-offset.007"]={cf=cfr(0,0,0,.981,-.196,0,.196,.981,0,0,0,1);es="Linear";ed="In";};["000-offset.004"]={cf=cfr(0,0,0,.951,-.31,0,.31,.951,0,0,0,1);es="Linear";ed="In";};["000-offset.008"]={cf=cfr(0,0,0,.925,-.231,.301,.306,.924,-.229,-.226,.304,.926);es="Linear";ed="In";};["000-offset.005"]={cf=cfr(0,0,0,.936,-.3,-.185,.351,.841,.412,.032,-.451,.892);es="Linear";ed="In";};};{tm=.375;["RootNode"]={cf=cfr(0,0,0,-1,0,0,0,1,0,0,0,-1);es="Linear";ed="In";};["root"]={cf=cfr(-.099,-3.835,1.297,0,0,1,0,1,0,-1,0,0);es="Linear";ed="In";};["000-offset"]={cf=cfr(0,0,0,.013,1,-.009,-.991,.012,-.135,-.135,.01,.991);es="Linear";ed="In";};["004-offset.001"]={cf=cfr(0,0,0,-.015,-1,0,1,-.015,0,0,0,1);es="Linear";ed="In";};["006-offset"]={cf=cfr(0,0,0,-.015,-1,0,1,-.015,0,0,0,1);es="Linear";ed="In";};["000-offset.009"]={cf=cfr(0,0,0,-.643,-.263,.719,.518,-.841,.157,.564,.474,.677);es="Linear";ed="In";};["000-offset.012"]={cf=cfr(0,0,0,-.433,-.348,-.831,.725,-.683,-.092,-.536,-.642,.548);es="Linear";ed="In";};["000-offset.001"]={cf=cfr(0,0,0,.991,-.096,-.093,.095,.995,-.012,.093,.004,.996);es="Linear";ed="In";};["000-offset.010"]={cf=cfr(0,0,0,-.247,.969,0,-.969,-.247,0,0,0,1);es="Linear";ed="In";};["000-offset.013"]={cf=cfr(0,0,0,.571,.821,0,-.821,.571,0,0,0,1);es="Linear";ed="In";};["004-offset"]={cf=cfr(0,0,0,.035,-.999,0,.999,.035,0,0,0,1);es="Linear";ed="In";};["002-offset"]={cf=cfr(0,0,0,.035,-.999,0,.999,.035,0,0,0,1);es="Linear";ed="In";};["000-offset.002"]={cf=cfr(0,0,0,.886,-.462,-.043,.464,.886,.029,.025,-.046,.999);es="Linear";ed="In";};["000-offset.011"]={cf=cfr(0,0,0,-.139,-.99,0,.99,-.139,0,0,0,1);es="Linear";ed="In";};["000-offset.014"]={cf=cfr(0,0,0,.338,-.941,-.005,.941,.338,-.019,.02,.002,1);es="Linear";ed="In";};["000-offset.006"]={cf=cfr(0,0,0,-.592,-.193,-.783,-.701,-.358,.618,-.399,.914,.076);es="Linear";ed="In";};["000-offset.003"]={cf=cfr(0,0,0,-.625,.029,.78,-.598,-.66,-.454,.502,-.751,.43);es="Linear";ed="In";};["000-offset.007"]={cf=cfr(0,0,0,.984,-.179,0,.179,.984,0,0,0,1);es="Linear";ed="In";};["000-offset.004"]={cf=cfr(0,0,0,.964,-.266,0,.266,.964,0,0,0,1);es="Linear";ed="In";};["000-offset.008"]={cf=cfr(0,0,0,.943,-.234,.234,.292,.923,-.252,-.157,.306,.939);es="Linear";ed="In";};["000-offset.005"]={cf=cfr(0,0,0,.94,-.272,-.204,.339,.786,.517,.02,-.555,.831);es="Linear";ed="In";};};}