local cfr = CFrame.new

return {{tm=0;["RootNode"]={cf=cfr(0,0,0,-1,0,0,0,1,0,0,0,-1);es="Linear";ed="In";};["root"]={cf=cfr(0,1.283,.493,0,0,1,0,1,0,-1,0,0);es="Linear";ed="In";};["000-offset"]={cf=cfr(0,0,0,-.944,.277,-.179,-.282,-.96,0,-.172,.05,.984);es="Linear";ed="In";};["004-offset.001"]={cf=cfr(0,0,0,-.015,-1,0,1,-.015,0,0,0,1);es="Linear";ed="In";};["006-offset"]={cf=cfr(0,0,0,-.015,-1,0,1,-.015,0,0,0,1);es="Linear";ed="In";};["000-offset.009"]={cf=cfr(0,0,0,-.761,-.309,.57,.285,-.949,-.133,.583,.061,.81);es="Linear";ed="In";};["000-offset.012"]={cf=cfr(0,0,0,-.763,-.511,-.396,.443,-.859,.255,-.471,.019,.882);es="Linear";ed="In";};["000-offset.001"]={cf=cfr(0,0,0,.921,-.109,-.374,.161,.981,.11,.355,-.161,.921);es="Linear";ed="In";};["000-offset.010"]={cf=cfr(0,0,0,-.383,.924,0,-.924,-.383,0,0,0,1);es="Linear";ed="In";};["000-offset.013"]={cf=cfr(0,0,0,-.298,.955,0,-.955,-.298,0,0,0,1);es="Linear";ed="In";};["004-offset"]={cf=cfr(0,0,0,.035,-.999,0,.999,.035,0,0,0,1);es="Linear";ed="In";};["002-offset"]={cf=cfr(0,0,0,.035,-.999,0,.999,.035,0,0,0,1);es="Linear";ed="In";};["000-offset.002"]={cf=cfr(0,0,0,.592,-.769,.243,.804,.584,-.11,-.057,.26,.964);es="Linear";ed="In";};["000-offset.011"]={cf=cfr(0,0,0,.49,-.868,.083,.848,.452,-.275,.202,.205,.958);es="Linear";ed="In";};["000-offset.014"]={cf=cfr(0,0,0,.603,-.795,.062,.792,.606,.068,-.091,.008,.996);es="Linear";ed="In";};["000-offset.006"]={cf=cfr(0,0,0,-.904,-.096,-.417,-.065,-.932,.356,-.423,.349,.836);es="Linear";ed="In";};["000-offset.003"]={cf=cfr(0,0,0,-.64,-.721,.266,.506,-.656,-.56,.578,-.224,.784);es="Linear";ed="In";};["000-offset.007"]={cf=cfr(0,0,0,.74,-.673,0,.673,.74,0,0,0,1);es="Linear";ed="In";};["000-offset.004"]={cf=cfr(0,0,0,.327,-.945,0,.945,.327,0,0,0,1);es="Linear";ed="In";};["000-offset.008"]={cf=cfr(0,0,0,.886,-.431,.172,.462,.787,-.409,.041,.442,.896);es="Linear";ed="In";};["000-offset.005"]={cf=cfr(0,0,0,.759,-.464,-.457,.635,.684,.359,.146,-.562,.814);es="Linear";ed="In";};};{tm=.042;["000-offset.009"]={cf=cfr(0,0,0,-.761,-.31,.57,.286,-.949,-.134,.582,.061,.811);es="Linear";ed="In";};["000-offset.012"]={cf=cfr(0,0,0,-.763,-.511,-.396,.443,-.86,.255,-.471,.019,.882);es="Linear";ed="In";};["000-offset.010"]={cf=cfr(0,0,0,-.382,.924,0,-.924,-.382,0,0,0,1);es="Linear";ed="In";};["000-offset.013"]={cf=cfr(0,0,0,-.299,.954,0,-.954,-.299,0,0,0,1);es="Linear";ed="In";};["000-offset.014"]={cf=cfr(0,0,0,.604,-.795,.062,.792,.607,.068,-.091,.008,.996);es="Linear";ed="In";};["000-offset.006"]={cf=cfr(0,0,0,-.904,-.098,-.417,-.064,-.932,.357,-.423,.349,.836);es="Linear";ed="In";};["000-offset.003"]={cf=cfr(0,0,0,-.64,-.721,.266,.506,-.656,-.56,.578,-.224,.785);es="Linear";ed="In";};["000-offset.007"]={cf=cfr(0,0,0,.74,-.673,0,.673,.74,0,0,0,1);es="Linear";ed="In";};["000-offset.004"]={cf=cfr(0,0,0,.326,-.945,0,.945,.326,0,0,0,1);es="Linear";ed="In";};["000-offset.008"]={cf=cfr(0,0,0,.886,-.431,.172,.462,.787,-.409,.041,.442,.896);es="Linear";ed="In";};["000-offset.005"]={cf=cfr(0,0,0,.759,-.464,-.457,.635,.684,.359,.146,-.562,.814);es="Linear";ed="In";};};{tm=.083;["000-offset.009"]={cf=cfr(0,0,0,-.761,-.31,.57,.286,-.949,-.134,.582,.061,.811);es="Linear";ed="In";};["000-offset.012"]={cf=cfr(0,0,0,-.763,-.51,-.396,.442,-.86,.255,-.471,.019,.882);es="Linear";ed="In";};["000-offset.010"]={cf=cfr(0,0,0,-.381,.924,0,-.924,-.381,0,0,0,1);es="Linear";ed="In";};["000-offset.013"]={cf=cfr(0,0,0,-.299,.954,0,-.954,-.299,0,0,0,1);es="Linear";ed="In";};["000-offset.002"]={cf=cfr(0,0,0,.592,-.769,.243,.804,.584,-.11,-.057,.26,.964);es="Linear";ed="In";};["000-offset.014"]={cf=cfr(0,0,0,.604,-.795,.062,.792,.607,.068,-.091,.008,.996);es="Linear";ed="In";};["000-offset.006"]={cf=cfr(0,0,0,-.904,-.099,-.416,-.063,-.932,.357,-.423,.349,.836);es="Linear";ed="In";};["000-offset.003"]={cf=cfr(0,0,0,-.641,-.72,.266,.505,-.657,-.56,.578,-.224,.785);es="Linear";ed="In";};["000-offset.007"]={cf=cfr(0,0,0,.74,-.673,0,.673,.74,0,0,0,1);es="Linear";ed="In";};["000-offset.004"]={cf=cfr(0,0,0,.326,-.945,0,.945,.326,0,0,0,1);es="Linear";ed="In";};["000-offset.008"]={cf=cfr(0,0,0,.886,-.431,.172,.462,.787,-.409,.041,.442,.896);es="Linear";ed="In";};["000-offset.005"]={cf=cfr(0,0,0,.759,-.464,-.457,.635,.684,.358,.146,-.562,.814);es="Linear";ed="In";};};{tm=.125;["000-offset"]={cf=cfr(0,0,0,-.944,.277,-.179,-.282,-.96,0,-.172,.05,.984);es="Linear";ed="In";};["000-offset.009"]={cf=cfr(0,0,0,-.761,-.311,.57,.287,-.948,-.135,.582,.061,.811);es="Linear";ed="In";};["000-offset.012"]={cf=cfr(0,0,0,-.764,-.509,-.396,.442,-.86,.254,-.471,.019,.882);es="Linear";ed="In";};["000-offset.001"]={cf=cfr(0,0,0,.921,-.109,-.374,.161,.981,.11,.355,-.161,.921);es="Linear";ed="In";};["000-offset.010"]={cf=cfr(0,0,0,-.381,.925,0,-.925,-.381,0,0,0,1);es="Linear";ed="In";};["000-offset.013"]={cf=cfr(0,0,0,-.3,.954,0,-.954,-.3,0,0,0,1);es="Linear";ed="In";};["000-offset.002"]={cf=cfr(0,0,0,.592,-.769,.243,.804,.584,-.11,-.057,.26,.964);es="Linear";ed="In";};["000-offset.011"]={cf=cfr(0,0,0,.49,-.868,.083,.848,.452,-.275,.202,.205,.958);es="Linear";ed="In";};["000-offset.014"]={cf=cfr(0,0,0,.604,-.795,.062,.792,.607,.068,-.091,.008,.996);es="Linear";ed="In";};["000-offset.006"]={cf=cfr(0,0,0,-.904,-.1,-.416,-.062,-.932,.357,-.423,.349,.836);es="Linear";ed="In";};["000-offset.003"]={cf=cfr(0,0,0,-.641,-.72,.266,.505,-.657,-.56,.578,-.224,.785);es="Linear";ed="In";};["000-offset.007"]={cf=cfr(0,0,0,.74,-.673,0,.673,.74,0,0,0,1);es="Linear";ed="In";};["000-offset.004"]={cf=cfr(0,0,0,.325,-.946,0,.946,.325,0,0,0,1);es="Linear";ed="In";};["000-offset.008"]={cf=cfr(0,0,0,.886,-.431,.172,.462,.787,-.409,.041,.442,.896);es="Linear";ed="In";};["000-offset.005"]={cf=cfr(0,0,0,.759,-.465,-.457,.635,.684,.358,.146,-.562,.814);es="Linear";ed="In";};};{tm=.167;["000-offset"]={cf=cfr(0,0,0,-.944,.277,-.178,-.282,-.96,0,-.171,.05,.984);es="Linear";ed="In";};["000-offset.009"]={cf=cfr(0,0,0,-.761,-.312,.57,.288,-.948,-.135,.582,.061,.811);es="Linear";ed="In";};["000-offset.012"]={cf=cfr(0,0,0,-.764,-.509,-.396,.441,-.861,.254,-.47,.019,.882);es="Linear";ed="In";};["000-offset.001"]={cf=cfr(0,0,0,.922,-.11,-.372,.161,.981,.109,.353,-.16,.922);es="Linear";ed="In";};["000-offset.010"]={cf=cfr(0,0,0,-.38,.925,0,-.925,-.38,0,0,0,1);es="Linear";ed="In";};["000-offset.013"]={cf=cfr(0,0,0,-.3,.954,0,-.954,-.3,0,0,0,1);es="Linear";ed="In";};["000-offset.002"]={cf=cfr(0,0,0,.592,-.769,.242,.804,.584,-.11,-.057,.26,.964);es="Linear";ed="In";};["000-offset.011"]={cf=cfr(0,0,0,.487,-.869,.082,.849,.45,-.275,.202,.204,.958);es="Linear";ed="In";};["000-offset.014"]={cf=cfr(0,0,0,.604,-.794,.062,.791,.607,.068,-.091,.008,.996);es="Linear";ed="In";};["000-offset.006"]={cf=cfr(0,0,0,-.904,-.101,-.416,-.061,-.932,.358,-.423,.349,.836);es="Linear";ed="In";};["000-offset.003"]={cf=cfr(0,0,0,-.641,-.72,.266,.505,-.657,-.559,.578,-.224,.785);es="Linear";ed="In";};["000-offset.007"]={cf=cfr(0,0,0,.739,-.673,0,.673,.739,0,0,0,1);es="Linear";ed="In";};["000-offset.004"]={cf=cfr(0,0,0,.324,-.946,0,.946,.324,0,0,0,1);es="Linear";ed="In";};["000-offset.008"]={cf=cfr(0,0,0,.886,-.431,.172,.462,.787,-.409,.041,.442,.896);es="Linear";ed="In";};["000-offset.005"]={cf=cfr(0,0,0,.762,-.462,-.453,.631,.686,.362,.144,-.562,.815);es="Linear";ed="In";};};{tm=.208;["000-offset"]={cf=cfr(0,0,0,-.944,.277,-.177,-.282,-.96,0,-.17,.05,.984);es="Linear";ed="In";};["000-offset.009"]={cf=cfr(0,0,0,-.76,-.312,.57,.288,-.948,-.135,.582,.062,.811);es="Linear";ed="In";};["000-offset.012"]={cf=cfr(0,0,0,-.765,-.508,-.396,.44,-.861,.254,-.47,.02,.882);es="Linear";ed="In";};["000-offset.001"]={cf=cfr(0,0,0,.923,-.113,-.369,.163,.981,.107,.35,-.159,.923);es="Linear";ed="In";};["000-offset.010"]={cf=cfr(0,0,0,-.38,.925,0,-.925,-.38,0,0,0,1);es="Linear";ed="In";};["000-offset.013"]={cf=cfr(0,0,0,-.301,.954,0,-.954,-.301,0,0,0,1);es="Linear";ed="In";};["000-offset.002"]={cf=cfr(0,0,0,.592,-.769,.24,.804,.585,-.109,-.056,.258,.965);es="Linear";ed="In";};["000-offset.011"]={cf=cfr(0,0,0,.481,-.873,.082,.853,.444,-.275,.204,.202,.958);es="Linear";ed="In";};["000-offset.014"]={cf=cfr(0,0,0,.605,-.794,.062,.791,.608,.068,-.091,.008,.996);es="Linear";ed="In";};["000-offset.006"]={cf=cfr(0,0,0,-.903,-.102,-.416,-.06,-.932,.357,-.424,.347,.836);es="Linear";ed="In";};["000-offset.003"]={cf=cfr(0,0,0,-.645,-.716,.267,.502,-.661,-.557,.576,-.226,.786);es="Linear";ed="In";};["000-offset.007"]={cf=cfr(0,0,0,.737,-.675,0,.675,.737,0,0,0,1);es="Linear";ed="In";};["000-offset.004"]={cf=cfr(0,0,0,.324,-.946,0,.946,.324,0,0,0,1);es="Linear";ed="In";};["000-offset.008"]={cf=cfr(0,0,0,.885,-.432,.172,.463,.786,-.409,.041,.442,.896);es="Linear";ed="In";};["000-offset.005"]={cf=cfr(0,0,0,.772,-.456,-.442,.62,.691,.37,.136,-.56,.817);es="Linear";ed="In";};};{tm=.25;["000-offset"]={cf=cfr(0,0,0,-.945,.277,-.174,-.282,-.959,0,-.167,.049,.985);es="Linear";ed="In";};["000-offset.009"]={cf=cfr(0,0,0,-.76,-.312,.57,.289,-.948,-.135,.582,.062,.811);es="Linear";ed="In";};["000-offset.012"]={cf=cfr(0,0,0,-.765,-.508,-.396,.44,-.861,.254,-.47,.021,.882);es="Linear";ed="In";};["000-offset.001"]={cf=cfr(0,0,0,.924,-.117,-.363,.165,.981,.105,.344,-.157,.926);es="Linear";ed="In";};["000-offset.010"]={cf=cfr(0,0,0,-.379,.925,0,-.925,-.379,0,0,0,1);es="Linear";ed="In";};["000-offset.013"]={cf=cfr(0,0,0,-.302,.953,0,-.953,-.302,0,0,0,1);es="Linear";ed="In";};["000-offset.002"]={cf=cfr(0,0,0,.592,-.77,.237,.804,.585,-.108,-.056,.254,.966);es="Linear";ed="In";};["000-offset.011"]={cf=cfr(0,0,0,.471,-.878,.081,.858,.435,-.275,.206,.199,.958);es="Linear";ed="In";};["000-offset.014"]={cf=cfr(0,0,0,.605,-.794,.062,.791,.608,.068,-.091,.008,.996);es="Linear";ed="In";};["000-offset.006"]={cf=cfr(0,0,0,-.903,-.108,-.416,-.053,-.933,.357,-.426,.344,.837);es="Linear";ed="In";};["000-offset.003"]={cf=cfr(0,0,0,-.652,-.709,.269,.497,-.667,-.554,.572,-.228,.788);es="Linear";ed="In";};["000-offset.007"]={cf=cfr(0,0,0,.734,-.679,0,.679,.734,0,0,0,1);es="Linear";ed="In";};["000-offset.004"]={cf=cfr(0,0,0,.32,-.947,0,.947,.32,0,0,0,1);es="Linear";ed="In";};["000-offset.008"]={cf=cfr(0,0,0,.884,-.434,.173,.465,.785,-.409,.042,.442,.896);es="Linear";ed="In";};["000-offset.005"]={cf=cfr(0,0,0,.787,-.447,-.424,.604,.699,.383,.126,-.557,.821);es="Linear";ed="In";};};{tm=.292;["000-offset"]={cf=cfr(0,0,0,-.945,.278,-.17,-.282,-.959,0,-.163,.048,.985);es="Linear";ed="In";};["000-offset.009"]={cf=cfr(0,0,0,-.76,-.313,.57,.289,-.948,-.134,.582,.063,.811);es="Linear";ed="In";};["000-offset.012"]={cf=cfr(0,0,0,-.766,-.508,-.395,.439,-.861,.255,-.47,.022,.882);es="Linear";ed="In";};["000-offset.001"]={cf=cfr(0,0,0,.927,-.122,-.356,.168,.981,.101,.336,-.153,.929);es="Linear";ed="In";};["000-offset.010"]={cf=cfr(0,0,0,-.379,.925,0,-.925,-.379,0,0,0,1);es="Linear";ed="In";};["000-offset.013"]={cf=cfr(0,0,0,-.302,.953,0,-.953,-.302,0,0,0,1);es="Linear";ed="In";};["000-offset.002"]={cf=cfr(0,0,0,.592,-.772,.233,.804,.585,-.106,-.055,.25,.967);es="Linear";ed="In";};["000-offset.011"]={cf=cfr(0,0,0,.458,-.885,.08,.864,.422,-.275,.21,.195,.958);es="Linear";ed="In";};["000-offset.014"]={cf=cfr(0,0,0,.605,-.794,.061,.791,.608,.068,-.091,.008,.996);es="Linear";ed="In";};["000-offset.006"]={cf=cfr(0,0,0,-.903,-.116,-.415,-.045,-.933,.357,-.428,.341,.837);es="Linear";ed="In";};["000-offset.003"]={cf=cfr(0,0,0,-.661,-.7,.27,.491,-.675,-.55,.568,-.231,.79);es="Linear";ed="In";};["000-offset.007"]={cf=cfr(0,0,0,.73,-.683,0,.683,.73,0,0,0,1);es="Linear";ed="In";};["000-offset.004"]={cf=cfr(0,0,0,.316,-.949,0,.949,.316,0,0,0,1);es="Linear";ed="In";};["000-offset.008"]={cf=cfr(0,0,0,.883,-.436,.173,.467,.784,-.409,.042,.442,.896);es="Linear";ed="In";};["000-offset.005"]={cf=cfr(0,0,0,.805,-.436,-.402,.582,.71,.397,.112,-.554,.825);es="Linear";ed="In";};};{tm=.333;["000-offset"]={cf=cfr(0,0,0,-.946,.278,-.165,-.282,-.959,0,-.159,.047,.986);es="Linear";ed="In";};["000-offset.009"]={cf=cfr(0,0,0,-.76,-.313,.57,.29,-.948,-.133,.582,.064,.811);es="Linear";ed="In";};["000-offset.012"]={cf=cfr(0,0,0,-.767,-.505,-.395,.437,-.863,.255,-.47,.023,.882);es="Linear";ed="In";};["000-offset.001"]={cf=cfr(0,0,0,.929,-.129,-.346,.172,.98,.097,.327,-.149,.933);es="Linear";ed="In";};["000-offset.010"]={cf=cfr(0,0,0,-.378,.926,0,-.926,-.378,0,0,0,1);es="Linear";ed="In";};["000-offset.013"]={cf=cfr(0,0,0,-.303,.953,0,-.953,-.303,0,0,0,1);es="Linear";ed="In";};["000-offset.002"]={cf=cfr(0,0,0,.592,-.773,.227,.804,.586,-.103,-.053,.244,.968);es="Linear";ed="In";};["000-offset.011"]={cf=cfr(0,0,0,.442,-.894,.079,.871,.407,-.275,.214,.19,.958);es="Linear";ed="In";};["000-offset.014"]={cf=cfr(0,0,0,.606,-.793,.061,.79,.609,.068,-.091,.007,.996);es="Linear";ed="In";};["000-offset.006"]={cf=cfr(0,0,0,-.902,-.126,-.414,-.034,-.933,.358,-.431,.337,.837);es="Linear";ed="In";};["000-offset.003"]={cf=cfr(0,0,0,-.671,-.689,.272,.483,-.685,-.545,.563,-.234,.793);es="Linear";ed="In";};["000-offset.007"]={cf=cfr(0,0,0,.725,-.689,0,.689,.725,0,0,0,1);es="Linear";ed="In";};["000-offset.004"]={cf=cfr(0,0,0,.312,-.95,0,.95,.312,0,0,0,1);es="Linear";ed="In";};["000-offset.008"]={cf=cfr(0,0,0,.882,-.438,.174,.47,.783,-.409,.043,.442,.896);es="Linear";ed="In";};["000-offset.005"]={cf=cfr(0,0,0,.825,-.422,-.375,.557,.721,.413,.096,-.549,.83);es="Linear";ed="In";};};{tm=.375;["000-offset"]={cf=cfr(0,0,0,-.947,.279,-.159,-.282,-.959,0,-.153,.045,.987);es="Linear";ed="In";};["000-offset.009"]={cf=cfr(0,0,0,-.759,-.315,.57,.292,-.947,-.133,.582,.065,.811);es="Linear";ed="In";};["000-offset.012"]={cf=cfr(0,0,0,-.769,-.503,-.395,.434,-.864,.255,-.47,.024,.882);es="Linear";ed="In";};["000-offset.001"]={cf=cfr(0,0,0,.933,-.136,-.334,.176,.98,.092,.315,-.144,.938);es="Linear";ed="In";};["000-offset.010"]={cf=cfr(0,0,0,-.376,.926,0,-.926,-.376,0,0,0,1);es="Linear";ed="In";};["000-offset.013"]={cf=cfr(0,0,0,-.305,.952,0,-.952,-.305,0,0,0,1);es="Linear";ed="In";};["000-offset.002"]={cf=cfr(0,0,0,.592,-.775,.221,.804,.586,-.1,-.052,.237,.97);es="Linear";ed="In";};["000-offset.011"]={cf=cfr(0,0,0,.424,-.903,.077,.879,.389,-.276,.219,.185,.958);es="Linear";ed="In";};["000-offset.014"]={cf=cfr(0,0,0,.607,-.792,.061,.789,.61,.067,-.091,.007,.996);es="Linear";ed="In";};["000-offset.006"]={cf=cfr(0,0,0,-.901,-.138,-.412,-.021,-.933,.359,-.434,.331,.838);es="Linear";ed="In";};["000-offset.003"]={cf=cfr(0,0,0,-.683,-.676,.275,.473,-.697,-.539,.556,-.239,.796);es="Linear";ed="In";};["000-offset.007"]={cf=cfr(0,0,0,.718,-.696,0,.696,.718,0,0,0,1);es="Linear";ed="In";};["000-offset.004"]={cf=cfr(0,0,0,.307,-.952,0,.952,.307,0,0,0,1);es="Linear";ed="In";};["000-offset.008"]={cf=cfr(0,0,0,.88,-.441,.175,.473,.781,-.409,.044,.442,.896);es="Linear";ed="In";};["000-offset.005"]={cf=cfr(0,0,0,.845,-.408,-.347,.529,.733,.427,.08,-.544,.835);es="Linear";ed="In";};};{tm=.417;["000-offset"]={cf=cfr(0,0,0,-.948,.279,-.153,-.283,-.959,0,-.147,.043,.988);es="Linear";ed="In";};["000-offset.009"]={cf=cfr(0,0,0,-.758,-.316,.57,.295,-.946,-.133,.581,.067,.811);es="Linear";ed="In";};["000-offset.012"]={cf=cfr(0,0,0,-.771,-.5,-.395,.431,-.866,.255,-.469,.026,.883);es="Linear";ed="In";};["000-offset.001"]={cf=cfr(0,0,0,.936,-.145,-.321,.181,.98,.086,.302,-.139,.943);es="Linear";ed="In";};["000-offset.010"]={cf=cfr(0,0,0,-.374,.927,0,-.927,-.374,0,0,0,1);es="Linear";ed="In";};["000-offset.013"]={cf=cfr(0,0,0,-.307,.952,0,-.952,-.307,0,0,0,1);es="Linear";ed="In";};["000-offset.002"]={cf=cfr(0,0,0,.592,-.777,.214,.804,.587,-.097,-.05,.229,.972);es="Linear";ed="In";};["000-offset.011"]={cf=cfr(0,0,0,.403,-.912,.075,.887,.369,-.276,.224,.178,.958);es="Linear";ed="In";};["000-offset.014"]={cf=cfr(0,0,0,.609,-.791,.061,.788,.612,.067,-.09,.007,.996);es="Linear";ed="In";};["000-offset.006"]={cf=cfr(0,0,0,-.899,-.153,-.411,-.006,-.933,.359,-.438,.325,.838);es="Linear";ed="In";};["000-offset.003"]={cf=cfr(0,0,0,-.697,-.661,.277,.462,-.709,-.533,.549,-.243,.8);es="Linear";ed="In";};["000-offset.007"]={cf=cfr(0,0,0,.711,-.704,0,.704,.711,0,0,0,1);es="Linear";ed="In";};["000-offset.004"]={cf=cfr(0,0,0,.302,-.953,0,.953,.302,0,0,0,1);es="Linear";ed="In";};["000-offset.008"]={cf=cfr(0,0,0,.878,-.445,.176,.476,.779,-.408,.045,.442,.896);es="Linear";ed="In";};["000-offset.005"]={cf=cfr(0,0,0,.863,-.393,-.317,.501,.745,.44,.063,-.539,.84);es="Linear";ed="In";};};{tm=.458;["000-offset"]={cf=cfr(0,0,0,-.949,.28,-.145,-.283,-.959,0,-.14,.041,.989);es="Linear";ed="In";};["000-offset.009"]={cf=cfr(0,0,0,-.758,-.318,.57,.297,-.946,-.133,.581,.068,.811);es="Linear";ed="In";};["000-offset.012"]={cf=cfr(0,0,0,-.773,-.497,-.395,.428,-.867,.255,-.469,.028,.883);es="Linear";ed="In";};["000-offset.001"]={cf=cfr(0,0,0,.939,-.154,-.306,.186,.979,.08,.287,-.133,.949);es="Linear";ed="In";};["000-offset.010"]={cf=cfr(0,0,0,-.372,.928,0,-.928,-.372,0,0,0,1);es="Linear";ed="In";};["000-offset.013"]={cf=cfr(0,0,0,-.31,.951,0,-.951,-.31,0,0,0,1);es="Linear";ed="In";};["000-offset.002"]={cf=cfr(0,0,0,.592,-.779,.206,.804,.587,-.093,-.048,.221,.974);es="Linear";ed="In";};["000-offset.011"]={cf=cfr(0,0,0,.381,-.922,.074,.896,.348,-.277,.23,.172,.958);es="Linear";ed="In";};["000-offset.014"]={cf=cfr(0,0,0,.61,-.79,.06,.787,.613,.067,-.09,.006,.996);es="Linear";ed="In";};["000-offset.006"]={cf=cfr(0,0,0,-.897,-.169,-.409,.011,-.933,.361,-.442,.319,.838);es="Linear";ed="In";};["000-offset.003"]={cf=cfr(0,0,0,-.712,-.645,.279,.448,-.723,-.526,.541,-.249,.804);es="Linear";ed="In";};["000-offset.007"]={cf=cfr(0,0,0,.702,-.712,0,.712,.702,0,0,0,1);es="Linear";ed="In";};["000-offset.004"]={cf=cfr(0,0,0,.298,-.955,0,.955,.298,0,0,0,1);es="Linear";ed="In";};["000-offset.008"]={cf=cfr(0,0,0,.876,-.449,.177,.48,.776,-.408,.046,.442,.896);es="Linear";ed="In";};["000-offset.005"]={cf=cfr(0,0,0,.879,-.379,-.289,.474,.756,.451,.048,-.533,.844);es="Linear";ed="In";};};{tm=.5;["000-offset"]={cf=cfr(0,0,0,-.95,.281,-.137,-.283,-.959,0,-.132,.039,.991);es="Linear";ed="In";};["000-offset.009"]={cf=cfr(0,0,0,-.757,-.32,.57,.3,-.945,-.133,.581,.07,.811);es="Linear";ed="In";};["000-offset.012"]={cf=cfr(0,0,0,-.775,-.494,-.394,.424,-.869,.255,-.469,.03,.883);es="Linear";ed="In";};["000-offset.001"]={cf=cfr(0,0,0,.943,-.163,-.29,.192,.979,.074,.272,-.126,.954);es="Linear";ed="In";};["000-offset.010"]={cf=cfr(0,0,0,-.369,.929,0,-.929,-.369,0,0,0,1);es="Linear";ed="In";};["000-offset.013"]={cf=cfr(0,0,0,-.312,.95,0,-.95,-.312,0,0,0,1);es="Linear";ed="In";};["000-offset.002"]={cf=cfr(0,0,0,.593,-.781,.197,.804,.588,-.089,-.046,.211,.976);es="Linear";ed="In";};["000-offset.011"]={cf=cfr(0,0,0,.358,-.931,.072,.904,.326,-.278,.236,.165,.958);es="Linear";ed="In";};["000-offset.014"]={cf=cfr(0,0,0,.612,-.789,.06,.786,.615,.067,-.09,.006,.996);es="Linear";ed="In";};["000-offset.006"]={cf=cfr(0,0,0,-.894,-.186,-.407,.029,-.932,.362,-.447,.311,.839);es="Linear";ed="In";};["000-offset.003"]={cf=cfr(0,0,0,-.727,-.626,.282,.434,-.737,-.518,.532,-.255,.808);es="Linear";ed="In";};["000-offset.007"]={cf=cfr(0,0,0,.692,-.721,0,.721,.692,0,0,0,1);es="Linear";ed="In";};["000-offset.004"]={cf=cfr(0,0,0,.295,-.956,0,.956,.295,0,0,0,1);es="Linear";ed="In";};["000-offset.008"]={cf=cfr(0,0,0,.873,-.454,.178,.485,.774,-.408,.047,.442,.896);es="Linear";ed="In";};["000-offset.005"]={cf=cfr(0,0,0,.893,-.366,-.263,.449,.766,.459,.034,-.528,.849);es="Linear";ed="In";};};{tm=.542;["000-offset"]={cf=cfr(0,0,0,-.951,.281,-.128,-.284,-.959,0,-.123,.036,.992);es="Linear";ed="In";};["000-offset.009"]={cf=cfr(0,0,0,-.756,-.323,.57,.303,-.944,-.133,.581,.072,.811);es="Linear";ed="In";};["000-offset.012"]={cf=cfr(0,0,0,-.778,-.49,-.394,.42,-.871,.255,-.468,.033,.883);es="Linear";ed="In";};["000-offset.001"]={cf=cfr(0,0,0,.947,-.173,-.272,.198,.978,.068,.254,-.118,.96);es="Linear";ed="In";};["000-offset.010"]={cf=cfr(0,0,0,-.367,.93,0,-.93,-.367,0,0,0,1);es="Linear";ed="In";};["000-offset.013"]={cf=cfr(0,0,0,-.316,.949,0,-.949,-.316,0,0,0,1);es="Linear";ed="In";};["000-offset.002"]={cf=cfr(0,0,0,.593,-.783,.188,.804,.588,-.085,-.044,.201,.979);es="Linear";ed="In";};["000-offset.011"]={cf=cfr(0,0,0,.334,-.94,.071,.911,.303,-.28,.242,.158,.957);es="Linear";ed="In";};["000-offset.014"]={cf=cfr(0,0,0,.614,-.787,.06,.785,.616,.067,-.089,.006,.996);es="Linear";ed="In";};["000-offset.006"]={cf=cfr(0,0,0,-.891,-.205,-.406,.049,-.931,.363,-.452,.303,.839);es="Linear";ed="In";};["000-offset.003"]={cf=cfr(0,0,0,-.743,-.606,.284,.418,-.751,-.511,.522,-.261,.812);es="Linear";ed="In";};["000-offset.007"]={cf=cfr(0,0,0,.682,-.732,0,.732,.682,0,0,0,1);es="Linear";ed="In";};["000-offset.004"]={cf=cfr(0,0,0,.294,-.956,0,.956,.294,0,0,0,1);es="Linear";ed="In";};["000-offset.008"]={cf=cfr(0,0,0,.871,-.458,.179,.49,.771,-.407,.049,.442,.895);es="Linear";ed="In";};["000-offset.005"]={cf=cfr(0,0,0,.903,-.356,-.243,.43,.775,.464,.023,-.523,.852);es="Linear";ed="In";};};{tm=.583;["000-offset"]={cf=cfr(0,0,0,-.952,.282,-.119,-.284,-.959,0,-.114,.034,.993);es="Linear";ed="In";};["000-offset.009"]={cf=cfr(0,0,0,-.755,-.326,.57,.306,-.943,-.133,.58,.074,.811);es="Linear";ed="In";};["000-offset.012"]={cf=cfr(0,0,0,-.78,-.486,-.394,.415,-.873,.254,-.468,.035,.883);es="Linear";ed="In";};["000-offset.001"]={cf=cfr(0,0,0,.95,-.183,-.253,.204,.977,.061,.236,-.11,.965);es="Linear";ed="In";};["000-offset.010"]={cf=cfr(0,0,0,-.364,.932,0,-.932,-.364,0,0,0,1);es="Linear";ed="In";};["000-offset.013"]={cf=cfr(0,0,0,-.319,.948,0,-.948,-.319,0,0,0,1);es="Linear";ed="In";};["000-offset.002"]={cf=cfr(0,0,0,.593,-.785,.178,.804,.589,-.08,-.042,.191,.981);es="Linear";ed="In";};["000-offset.011"]={cf=cfr(0,0,0,.31,-.948,.069,.918,.279,-.282,.248,.151,.957);es="Linear";ed="In";};["000-offset.014"]={cf=cfr(0,0,0,.615,-.786,.059,.783,.618,.066,-.089,.006,.996);es="Linear";ed="In";};["000-offset.006"]={cf=cfr(0,0,0,-.887,-.225,-.404,.07,-.929,.364,-.457,.295,.839);es="Linear";ed="In";};["000-offset.003"]={cf=cfr(0,0,0,-.76,-.584,.285,.4,-.766,-.503,.512,-.268,.816);es="Linear";ed="In";};["000-offset.007"]={cf=cfr(0,0,0,.67,-.742,0,.742,.67,0,0,0,1);es="Linear";ed="In";};["000-offset.004"]={cf=cfr(0,0,0,.292,-.956,0,.956,.292,0,0,0,1);es="Linear";ed="In";};["000-offset.008"]={cf=cfr(0,0,0,.868,-.463,.18,.495,.768,-.407,.05,.442,.895);es="Linear";ed="In";};["000-offset.005"]={cf=cfr(0,0,0,.909,-.349,-.229,.417,.78,.466,.016,-.519,.855);es="Linear";ed="In";};};{tm=.625;["000-offset"]={cf=cfr(0,0,0,-.953,.283,-.109,-.284,-.959,0,-.104,.031,.994);es="Linear";ed="In";};["000-offset.009"]={cf=cfr(0,0,0,-.754,-.328,.57,.309,-.942,-.133,.58,.076,.811);es="Linear";ed="In";};["000-offset.012"]={cf=cfr(0,0,0,-.783,-.481,-.394,.41,-.876,.254,-.467,.038,.883);es="Linear";ed="In";};["000-offset.001"]={cf=cfr(0,0,0,.953,-.193,-.233,.211,.976,.055,.217,-.101,.971);es="Linear";ed="In";};["000-offset.010"]={cf=cfr(0,0,0,-.36,.933,0,-.933,-.36,0,0,0,1);es="Linear";ed="In";};["000-offset.013"]={cf=cfr(0,0,0,-.322,.947,0,-.947,-.322,0,0,0,1);es="Linear";ed="In";};["000-offset.002"]={cf=cfr(0,0,0,.593,-.788,.167,.804,.589,-.075,-.039,.179,.983);es="Linear";ed="In";};["000-offset.011"]={cf=cfr(0,0,0,.286,-.956,.068,.924,.257,-.283,.253,.144,.957);es="Linear";ed="In";};["000-offset.014"]={cf=cfr(0,0,0,.617,-.785,.059,.782,.62,.066,-.088,.005,.996);es="Linear";ed="In";};["000-offset.006"]={cf=cfr(0,0,0,-.881,-.247,-.403,.092,-.926,.366,-.463,.286,.839);es="Linear";ed="In";};["000-offset.003"]={cf=cfr(0,0,0,-.776,-.562,.287,.382,-.78,-.495,.502,-.275,.82);es="Linear";ed="In";};["000-offset.007"]={cf=cfr(0,0,0,.658,-.753,0,.753,.658,0,0,0,1);es="Linear";ed="In";};["000-offset.004"]={cf=cfr(0,0,0,.294,-.956,0,.956,.294,0,0,0,1);es="Linear";ed="In";};["000-offset.008"]={cf=cfr(0,0,0,.864,-.469,.182,.5,.764,-.407,.052,.443,.895);es="Linear";ed="In";};["000-offset.005"]={cf=cfr(0,0,0,.911,-.348,-.223,.413,.783,.465,.013,-.515,.857);es="Linear";ed="In";};};{tm=.667;["000-offset"]={cf=cfr(0,0,0,-.954,.283,-.098,-.285,-.959,0,-.094,.028,.995);es="Linear";ed="In";};["000-offset.009"]={cf=cfr(0,0,0,-.752,-.331,.569,.313,-.94,-.133,.58,.078,.811);es="Linear";ed="In";};["000-offset.012"]={cf=cfr(0,0,0,-.786,-.477,-.393,.405,-.878,.254,-.466,.04,.884);es="Linear";ed="In";};["000-offset.001"]={cf=cfr(0,0,0,.956,-.202,-.213,.217,.975,.048,.197,-.092,.976);es="Linear";ed="In";};["000-offset.010"]={cf=cfr(0,0,0,-.357,.934,0,-.934,-.357,0,0,0,1);es="Linear";ed="In";};["000-offset.013"]={cf=cfr(0,0,0,-.326,.945,0,-.945,-.326,0,0,0,1);es="Linear";ed="In";};["000-offset.002"]={cf=cfr(0,0,0,.593,-.79,.157,.804,.59,-.07,-.037,.168,.985);es="Linear";ed="In";};["000-offset.011"]={cf=cfr(0,0,0,.263,-.962,.067,.929,.234,-.285,.259,.137,.956);es="Linear";ed="In";};["000-offset.014"]={cf=cfr(0,0,0,.619,-.783,.058,.78,.622,.066,-.088,.005,.996);es="Linear";ed="In";};["000-offset.006"]={cf=cfr(0,0,0,-.876,-.269,-.401,.115,-.923,.368,-.469,.276,.839);es="Linear";ed="In";};["000-offset.003"]={cf=cfr(0,0,0,-.792,-.538,.288,.362,-.794,-.488,.491,-.283,.824);es="Linear";ed="In";};["000-offset.007"]={cf=cfr(0,0,0,.644,-.765,0,.765,.644,0,0,0,1);es="Linear";ed="In";};["000-offset.004"]={cf=cfr(0,0,0,.296,-.955,0,.955,.296,0,0,0,1);es="Linear";ed="In";};["000-offset.008"]={cf=cfr(0,0,0,.861,-.475,.183,.506,.761,-.407,.054,.443,.895);es="Linear";ed="In";};["000-offset.005"]={cf=cfr(0,0,0,.908,-.353,-.226,.419,.783,.46,.015,-.512,.859);es="Linear";ed="In";};};{tm=.708;["root"]={cf=cfr(0,1.283,.493,0,0,1,0,1,0,-1,0,0);es="Linear";ed="In";};["000-offset"]={cf=cfr(0,0,0,-.955,.284,-.087,-.285,-.959,0,-.083,.024,.996);es="Linear";ed="In";};["000-offset.009"]={cf=cfr(0,0,0,-.751,-.334,.569,.317,-.939,-.133,.579,.08,.811);es="Linear";ed="In";};["000-offset.012"]={cf=cfr(0,0,0,-.789,-.472,-.393,.4,-.881,.254,-.466,.043,.884);es="Linear";ed="In";};["000-offset.001"]={cf=cfr(0,0,0,.959,-.211,-.191,.223,.974,.042,.177,-.083,.981);es="Linear";ed="In";};["000-offset.010"]={cf=cfr(0,0,0,-.354,.935,0,-.935,-.354,0,0,0,1);es="Linear";ed="In";};["000-offset.013"]={cf=cfr(0,0,0,-.33,.944,0,-.944,-.33,0,0,0,1);es="Linear";ed="In";};["000-offset.002"]={cf=cfr(0,0,0,.593,-.792,.146,.804,.59,-.065,-.034,.156,.987);es="Linear";ed="In";};["000-offset.011"]={cf=cfr(0,0,0,.242,-.968,.066,.934,.214,-.288,.264,.131,.955);es="Linear";ed="In";};["000-offset.014"]={cf=cfr(0,0,0,.621,-.782,.058,.779,.624,.066,-.088,.004,.996);es="Linear";ed="In";};["000-offset.006"]={cf=cfr(0,0,0,-.869,-.293,-.4,.139,-.918,.37,-.475,.266,.839);es="Linear";ed="In";};["000-offset.003"]={cf=cfr(0,0,0,-.808,-.513,.289,.341,-.808,-.481,.48,-.29,.828);es="Linear";ed="In";};["000-offset.007"]={cf=cfr(0,0,0,.63,-.777,0,.777,.63,0,0,0,1);es="Linear";ed="In";};["000-offset.004"]={cf=cfr(0,0,0,.299,-.954,0,.954,.299,0,0,0,1);es="Linear";ed="In";};["000-offset.008"]={cf=cfr(0,0,0,.857,-.481,.185,.512,.757,-.407,.056,.443,.895);es="Linear";ed="In";};["000-offset.005"]={cf=cfr(0,0,0,.902,-.362,-.236,.431,.781,.452,.02,-.51,.86);es="Linear";ed="In";};};{tm=.75;["root"]={cf=cfr(0,1.269,.493,0,0,1,0,1,0,-1,0,0);es="Linear";ed="In";};["000-offset"]={cf=cfr(0,0,0,-.956,.284,-.075,-.285,-.959,0,-.072,.021,.997);es="Linear";ed="In";};["000-offset.009"]={cf=cfr(0,0,0,-.75,-.337,.569,.321,-.938,-.133,.579,.083,.811);es="Linear";ed="In";};["000-offset.012"]={cf=cfr(0,0,0,-.792,-.467,-.393,.395,-.883,.254,-.465,.046,.884);es="Linear";ed="In";};["000-offset.001"]={cf=cfr(0,0,0,.961,-.22,-.169,.229,.973,.036,.156,-.073,.985);es="Linear";ed="In";};["000-offset.010"]={cf=cfr(0,0,0,-.35,.937,0,-.937,-.35,0,0,0,1);es="Linear";ed="In";};["000-offset.013"]={cf=cfr(0,0,0,-.334,.943,0,-.943,-.334,0,0,0,1);es="Linear";ed="In";};["000-offset.002"]={cf=cfr(0,0,0,.593,-.794,.134,.804,.591,-.06,-.032,.144,.989);es="Linear";ed="In";};["000-offset.011"]={cf=cfr(0,0,0,.222,-.973,.065,.937,.195,-.29,.269,.126,.955);es="Linear";ed="In";};["000-offset.014"]={cf=cfr(0,0,0,.623,-.78,.058,.777,.626,.065,-.087,.004,.996);es="Linear";ed="In";};["000-offset.006"]={cf=cfr(0,0,0,-.861,-.317,-.398,.164,-.913,.373,-.482,.256,.838);es="Linear";ed="In";};["000-offset.003"]={cf=cfr(0,0,0,-.823,-.488,.289,.32,-.82,-.474,.469,-.298,.831);es="Linear";ed="In";};["000-offset.007"]={cf=cfr(0,0,0,.615,-.789,0,.789,.615,0,0,0,1);es="Linear";ed="In";};["000-offset.004"]={cf=cfr(0,0,0,.302,-.953,0,.953,.302,0,0,0,1);es="Linear";ed="In";};["000-offset.008"]={cf=cfr(0,0,0,.853,-.487,.186,.518,.753,-.406,.058,.443,.895);es="Linear";ed="In";};["000-offset.005"]={cf=cfr(0,0,0,.893,-.375,-.25,.45,.776,.442,.028,-.507,.861);es="Linear";ed="In";};};{tm=.792;["000-offset"]={cf=cfr(0,0,0,-.957,.285,-.063,-.285,-.958,0,-.06,.018,.998);es="Linear";ed="In";};["000-offset.009"]={cf=cfr(0,0,0,-.748,-.341,.569,.325,-.936,-.133,.578,.085,.811);es="Linear";ed="In";};["000-offset.012"]={cf=cfr(0,0,0,-.796,-.462,-.392,.389,-.886,.254,-.465,.049,.884);es="Linear";ed="In";};["000-offset.001"]={cf=cfr(0,0,0,.963,-.228,-.146,.234,.972,.03,.135,-.064,.989);es="Linear";ed="In";};["000-offset.010"]={cf=cfr(0,0,0,-.346,.938,0,-.938,-.346,0,0,0,1);es="Linear";ed="In";};["000-offset.013"]={cf=cfr(0,0,0,-.338,.941,0,-.941,-.338,0,0,0,1);es="Linear";ed="In";};["000-offset.002"]={cf=cfr(0,0,0,.593,-.796,.123,.804,.591,-.055,-.029,.131,.991);es="Linear";ed="In";};["000-offset.011"]={cf=cfr(0,0,0,.205,-.977,.065,.94,.178,-.291,.273,.121,.954);es="Linear";ed="In";};["000-offset.014"]={cf=cfr(0,0,0,.625,-.779,.057,.776,.627,.065,-.087,.004,.996);es="Linear";ed="In";};["000-offset.006"]={cf=cfr(0,0,0,-.852,-.341,-.397,.189,-.907,.376,-.488,.245,.837);es="Linear";ed="In";};["000-offset.003"]={cf=cfr(0,0,0,-.838,-.463,.29,.298,-.832,-.468,.458,-.306,.835);es="Linear";ed="In";};["000-offset.007"]={cf=cfr(0,0,0,.599,-.801,0,.801,.599,0,0,0,1);es="Linear";ed="In";};["000-offset.004"]={cf=cfr(0,0,0,.305,-.952,0,.952,.305,0,0,0,1);es="Linear";ed="In";};["000-offset.008"]={cf=cfr(0,0,0,.849,-.493,.188,.524,.748,-.406,.06,.443,.894);es="Linear";ed="In";};["000-offset.005"]={cf=cfr(0,0,0,.88,-.391,-.269,.473,.769,.429,.039,-.505,.862);es="Linear";ed="In";};};{tm=.833;["000-offset"]={cf=cfr(0,0,0,-.957,.285,-.05,-.285,-.958,0,-.048,.014,.999);es="Linear";ed="In";};["000-offset.009"]={cf=cfr(0,0,0,-.747,-.344,.569,.329,-.935,-.133,.578,.088,.811);es="Linear";ed="In";};["000-offset.012"]={cf=cfr(0,0,0,-.799,-.456,-.392,.383,-.888,.254,-.464,.053,.884);es="Linear";ed="In";};["000-offset.001"]={cf=cfr(0,0,0,.964,-.235,-.124,.24,.971,.025,.114,-.054,.992);es="Linear";ed="In";};["000-offset.010"]={cf=cfr(0,0,0,-.342,.94,0,-.94,-.342,0,0,0,1);es="Linear";ed="In";};["000-offset.013"]={cf=cfr(0,0,0,-.342,.94,0,-.94,-.342,0,0,0,1);es="Linear";ed="In";};["000-offset.002"]={cf=cfr(0,0,0,.593,-.797,.111,.805,.592,-.05,-.026,.119,.993);es="Linear";ed="In";};["000-offset.011"]={cf=cfr(0,0,0,.191,-.979,.065,.942,.164,-.293,.276,.117,.954);es="Linear";ed="In";};["000-offset.014"]={cf=cfr(0,0,0,.627,-.777,.057,.774,.629,.065,-.086,.003,.996);es="Linear";ed="In";};["000-offset.006"]={cf=cfr(0,0,0,-.842,-.366,-.396,.214,-.901,.379,-.495,.234,.837);es="Linear";ed="In";};["000-offset.003"]={cf=cfr(0,0,0,-.851,-.438,.29,.276,-.842,-.463,.447,-.314,.838);es="Linear";ed="In";};["000-offset.007"]={cf=cfr(0,0,0,.582,-.813,0,.813,.582,0,0,0,1);es="Linear";ed="In";};["000-offset.004"]={cf=cfr(0,0,0,.31,-.951,0,.951,.31,0,0,0,1);es="Linear";ed="In";};["000-offset.008"]={cf=cfr(0,0,0,.845,-.5,.189,.531,.744,-.406,.062,.444,.894);es="Linear";ed="In";};["000-offset.005"]={cf=cfr(0,0,0,.865,-.41,-.29,.5,.761,.413,.052,-.502,.863);es="Linear";ed="In";};};{tm=.875;["000-offset"]={cf=cfr(0,0,0,-.958,.285,-.038,-.286,-.958,0,-.036,.011,.999);es="Linear";ed="In";};["000-offset.009"]={cf=cfr(0,0,0,-.745,-.347,.569,.333,-.933,-.133,.577,.091,.811);es="Linear";ed="In";};["000-offset.012"]={cf=cfr(0,0,0,-.802,-.451,-.392,.377,-.891,.254,-.463,.056,.884);es="Linear";ed="In";};["000-offset.001"]={cf=cfr(0,0,0,.965,-.241,-.101,.244,.969,.02,.093,-.044,.995);es="Linear";ed="In";};["000-offset.010"]={cf=cfr(0,0,0,-.338,.941,0,-.941,-.338,0,0,0,1);es="Linear";ed="In";};["000-offset.013"]={cf=cfr(0,0,0,-.347,.938,0,-.938,-.347,0,0,0,1);es="Linear";ed="In";};["000-offset.002"]={cf=cfr(0,0,0,.593,-.799,.1,.805,.592,-.044,-.024,.107,.994);es="Linear";ed="In";};["000-offset.011"]={cf=cfr(0,0,0,.18,-.982,.064,.943,.154,-.295,.279,.114,.953);es="Linear";ed="In";};["000-offset.014"]={cf=cfr(0,0,0,.628,-.776,.056,.773,.631,.065,-.086,.003,.996);es="Linear";ed="In";};["000-offset.006"]={cf=cfr(0,0,0,-.831,-.392,-.395,.239,-.893,.382,-.502,.223,.835);es="Linear";ed="In";};["000-offset.003"]={cf=cfr(0,0,0,-.863,-.413,.289,.254,-.852,-.458,.436,-.322,.84);es="Linear";ed="In";};["000-offset.007"]={cf=cfr(0,0,0,.564,-.826,0,.826,.564,0,0,0,1);es="Linear";ed="In";};["000-offset.004"]={cf=cfr(0,0,0,.315,-.949,0,.949,.315,0,0,0,1);es="Linear";ed="In";};["000-offset.008"]={cf=cfr(0,0,0,.841,-.506,.191,.537,.739,-.406,.064,.444,.894);es="Linear";ed="In";};["000-offset.005"]={cf=cfr(0,0,0,.847,-.429,-.313,.527,.752,.396,.065,-.5,.863);es="Linear";ed="In";};};{tm=.917;["000-offset"]={cf=cfr(0,0,0,-.958,.286,-.025,-.286,-.958,0,-.024,.007,1);es="Linear";ed="In";};["000-offset.009"]={cf=cfr(0,0,0,-.744,-.351,.569,.338,-.932,-.133,.577,.093,.811);es="Linear";ed="In";};["000-offset.012"]={cf=cfr(0,0,0,-.805,-.445,-.391,.371,-.893,.254,-.463,.059,.885);es="Linear";ed="In";};["000-offset.001"]={cf=cfr(0,0,0,.966,-.247,-.079,.249,.969,.015,.073,-.034,.997);es="Linear";ed="In";};["000-offset.010"]={cf=cfr(0,0,0,-.334,.943,0,-.943,-.334,0,0,0,1);es="Linear";ed="In";};["000-offset.013"]={cf=cfr(0,0,0,-.351,.936,0,-.936,-.351,0,0,0,1);es="Linear";ed="In";};["000-offset.002"]={cf=cfr(0,0,0,.594,-.8,.089,.805,.593,-.039,-.021,.095,.995);es="Linear";ed="In";};["000-offset.011"]={cf=cfr(0,0,0,.173,-.983,.064,.944,.147,-.295,.281,.112,.953);es="Linear";ed="In";};["000-offset.014"]={cf=cfr(0,0,0,.63,-.774,.056,.772,.633,.065,-.086,.003,.996);es="Linear";ed="In";};["000-offset.006"]={cf=cfr(0,0,0,-.819,-.417,-.394,.264,-.884,.386,-.509,.212,.834);es="Linear";ed="In";};["000-offset.003"]={cf=cfr(0,0,0,-.875,-.389,.289,.233,-.86,-.454,.425,-.33,.843);es="Linear";ed="In";};["000-offset.007"]={cf=cfr(0,0,0,.546,-.838,0,.838,.546,0,0,0,1);es="Linear";ed="In";};["000-offset.004"]={cf=cfr(0,0,0,.322,-.947,0,.947,.322,0,0,0,1);es="Linear";ed="In";};["000-offset.008"]={cf=cfr(0,0,0,.837,-.513,.192,.543,.735,-.406,.067,.444,.893);es="Linear";ed="In";};["000-offset.005"]={cf=cfr(0,0,0,.828,-.449,-.336,.555,.741,.377,.08,-.499,.863);es="Linear";ed="In";};};{tm=.958;["000-offset"]={cf=cfr(0,0,0,-.958,.286,-.011,-.286,-.958,0,-.011,.003,1);es="Linear";ed="In";};["000-offset.009"]={cf=cfr(0,0,0,-.742,-.354,.569,.342,-.93,-.133,.576,.096,.811);es="Linear";ed="In";};["000-offset.012"]={cf=cfr(0,0,0,-.809,-.44,-.391,.364,-.896,.254,-.462,.063,.885);es="Linear";ed="In";};["000-offset.001"]={cf=cfr(0,0,0,.966,-.251,-.057,.252,.968,.01,.053,-.024,.998);es="Linear";ed="In";};["000-offset.010"]={cf=cfr(0,0,0,-.33,.944,0,-.944,-.33,0,0,0,1);es="Linear";ed="In";};["000-offset.013"]={cf=cfr(0,0,0,-.356,.935,0,-.935,-.356,0,0,0,1);es="Linear";ed="In";};["000-offset.002"]={cf=cfr(0,0,0,.594,-.801,.078,.805,.593,-.034,-.019,.083,.996);es="Linear";ed="In";};["000-offset.011"]={cf=cfr(0,0,0,.173,-.983,.064,.944,.147,-.296,.281,.111,.953);es="Linear";ed="In";};["000-offset.014"]={cf=cfr(0,0,0,.632,-.773,.056,.77,.634,.064,-.085,.002,.996);es="Linear";ed="In";};["000-offset.006"]={cf=cfr(0,0,0,-.806,-.442,-.393,.289,-.874,.39,-.516,.201,.833);es="Linear";ed="In";};["000-offset.003"]={cf=cfr(0,0,0,-.885,-.367,.288,.212,-.867,-.451,.415,-.338,.845);es="Linear";ed="In";};["000-offset.007"]={cf=cfr(0,0,0,.527,-.85,0,.85,.527,0,0,0,1);es="Linear";ed="In";};["000-offset.004"]={cf=cfr(0,0,0,.33,-.944,0,.944,.33,0,0,0,1);es="Linear";ed="In";};["000-offset.008"]={cf=cfr(0,0,0,.832,-.519,.194,.55,.73,-.406,.07,.445,.893);es="Linear";ed="In";};["000-offset.005"]={cf=cfr(0,0,0,.808,-.468,-.359,.582,.73,.358,.095,-.498,.862);es="Linear";ed="In";};};{tm=1;["000-offset"]={cf=cfr(0,0,0,-.958,.286,.002,-.286,-.958,0,.002,-.001,1);es="Linear";ed="In";};["000-offset.009"]={cf=cfr(0,0,0,-.74,-.358,.569,.346,-.929,-.133,.576,.099,.811);es="Linear";ed="In";};["000-offset.012"]={cf=cfr(0,0,0,-.812,-.434,-.391,.358,-.899,.254,-.461,.066,.885);es="Linear";ed="In";};["000-offset.001"]={cf=cfr(0,0,0,.966,-.255,-.036,.255,.967,.006,.033,-.015,.999);es="Linear";ed="In";};["000-offset.010"]={cf=cfr(0,0,0,-.326,.945,0,-.945,-.326,0,0,0,1);es="Linear";ed="In";};["000-offset.013"]={cf=cfr(0,0,0,-.36,.933,0,-.933,-.36,0,0,0,1);es="Linear";ed="In";};["000-offset.002"]={cf=cfr(0,0,0,.594,-.802,.067,.805,.593,-.029,-.016,.071,.997);es="Linear";ed="In";};["000-offset.011"]={cf=cfr(0,0,0,.172,-.983,.064,.944,.146,-.295,.281,.112,.953);es="Linear";ed="In";};["000-offset.014"]={cf=cfr(0,0,0,.634,-.772,.055,.769,.636,.064,-.085,.002,.996);es="Linear";ed="In";};["000-offset.006"]={cf=cfr(0,0,0,-.792,-.467,-.393,.314,-.864,.395,-.523,.189,.831);es="Linear";ed="In";};["000-offset.003"]={cf=cfr(0,0,0,-.894,-.345,.287,.193,-.873,-.449,.405,-.346,.846);es="Linear";ed="In";};["000-offset.007"]={cf=cfr(0,0,0,.508,-.861,0,.861,.508,0,0,0,1);es="Linear";ed="In";};["000-offset.004"]={cf=cfr(0,0,0,.34,-.94,0,.94,.34,0,0,0,1);es="Linear";ed="In";};["000-offset.008"]={cf=cfr(0,0,0,.828,-.526,.195,.556,.725,-.406,.072,.445,.893);es="Linear";ed="In";};["000-offset.005"]={cf=cfr(0,0,0,.788,-.485,-.379,.606,.72,.338,.109,-.496,.861);es="Linear";ed="In";};};{tm=1.042;["000-offset"]={cf=cfr(0,0,0,-.958,.286,.015,-.286,-.958,0,.014,-.004,1);es="Linear";ed="In";};["000-offset.009"]={cf=cfr(0,0,0,-.739,-.361,.569,.351,-.927,-.133,.575,.101,.812);es="Linear";ed="In";};["000-offset.012"]={cf=cfr(0,0,0,-.815,-.428,-.391,.352,-.901,.254,-.461,.069,.885);es="Linear";ed="In";};["000-offset.001"]={cf=cfr(0,0,0,.966,-.257,-.016,.257,.966,.002,.015,-.006,1);es="Linear";ed="In";};["000-offset.010"]={cf=cfr(0,0,0,-.322,.947,0,-.947,-.322,0,0,0,1);es="Linear";ed="In";};["000-offset.013"]={cf=cfr(0,0,0,-.365,.931,0,-.931,-.365,0,0,0,1);es="Linear";ed="In";};["000-offset.002"]={cf=cfr(0,0,0,.594,-.803,.056,.805,.593,-.025,-.014,.06,.998);es="Linear";ed="In";};["000-offset.011"]={cf=cfr(0,0,0,.177,-.982,.064,.944,.15,-.295,.28,.113,.953);es="Linear";ed="In";};["000-offset.014"]={cf=cfr(0,0,0,.635,-.77,.055,.768,.637,.064,-.084,.002,.996);es="Linear";ed="In";};["000-offset.006"]={cf=cfr(0,0,0,-.777,-.492,-.392,.338,-.852,.399,-.53,.178,.829);es="Linear";ed="In";};["000-offset.003"]={cf=cfr(0,0,0,-.901,-.325,.285,.175,-.877,-.447,.396,-.353,.848);es="Linear";ed="In";};["000-offset.007"]={cf=cfr(0,0,0,.488,-.873,0,.873,.488,0,0,0,1);es="Linear";ed="In";};["000-offset.004"]={cf=cfr(0,0,0,.352,-.936,0,.936,.352,0,0,0,1);es="Linear";ed="In";};["000-offset.008"]={cf=cfr(0,0,0,.823,-.533,.197,.563,.719,-.407,.075,.445,.892);es="Linear";ed="In";};["000-offset.005"]={cf=cfr(0,0,0,.769,-.5,-.398,.627,.71,.32,.123,-.496,.86);es="Linear";ed="In";};};{tm=1.083;["000-offset"]={cf=cfr(0,0,0,-.958,.286,.028,-.286,-.958,0,.027,-.008,1);es="Linear";ed="In";};["000-offset.009"]={cf=cfr(0,0,0,-.737,-.365,.569,.355,-.925,-.133,.575,.104,.811);es="Linear";ed="In";};["000-offset.012"]={cf=cfr(0,0,0,-.818,-.422,-.391,.345,-.904,.254,-.46,.073,.885);es="Linear";ed="In";};["000-offset.001"]={cf=cfr(0,0,0,.966,-.258,.004,.258,.966,-.001,-.003,.002,1);es="Linear";ed="In";};["000-offset.010"]={cf=cfr(0,0,0,-.318,.948,0,-.948,-.318,0,0,0,1);es="Linear";ed="In";};["000-offset.013"]={cf=cfr(0,0,0,-.37,.929,0,-.929,-.37,0,0,0,1);es="Linear";ed="In";};["000-offset.002"]={cf=cfr(0,0,0,.594,-.803,.047,.805,.594,-.02,-.011,.05,.999);es="Linear";ed="In";};["000-offset.011"]={cf=cfr(0,0,0,.184,-.981,.064,.943,.157,-.294,.278,.115,.954);es="Linear";ed="In";};["000-offset.014"]={cf=cfr(0,0,0,.636,-.769,.055,.767,.639,.064,-.084,.001,.996);es="Linear";ed="In";};["000-offset.006"]={cf=cfr(0,0,0,-.762,-.517,-.391,.362,-.84,.405,-.538,.167,.827);es="Linear";ed="In";};["000-offset.003"]={cf=cfr(0,0,0,-.908,-.308,.284,.159,-.881,-.446,.388,-.36,.849);es="Linear";ed="In";};["000-offset.007"]={cf=cfr(0,0,0,.468,-.884,0,.884,.468,0,0,0,1);es="Linear";ed="In";};["000-offset.004"]={cf=cfr(