local cfr = CFrame.new

return {{tm=0;["Head"]={cf=cfr(0,0,0,1,0,0,0,.985,-.174,0,.174,.985);es="Linear";ed="In";};["LeftUpperArm"]={cf=cfr(0,0,0,.985,.172,.023,-.104,.481,.87,.139,-.859,.492);es="Linear";ed="In";};["RightUpperArm"]={cf=cfr(0,0,0,.985,-.172,-.023,.104,.481,.87,-.139,-.859,.492);es="Linear";ed="In";};["LeftUpperLeg"]={cf=cfr(0,0,0,.94,.237,.247,.117,.456,-.882,-.321,.858,.401);es="Linear";ed="In";};["RightUpperLeg"]={cf=cfr(0,0,0,.94,-.237,-.247,-.117,.456,-.882,.321,.858,.401);es="Linear";ed="In";};["UpperTorso"]={cf=cfr(0,0,0,1,0,0,0,.8,.6,0,-.6,.8);es="Sine";ed="Out";};["LeftFoot"]={cf=cfr(0,0,0,1,0,0,0,1,0,0,0,1);es="Linear";ed="In";};["LeftLowerLeg"]={cf=cfr(0,0,0,1,0,0,0,.361,.933,0,-.933,.361);es="Linear";ed="In";};["LeftHand"]={cf=cfr(0,0,0,1,0,0,0,1,0,0,0,1);es="Linear";ed="In";};["RightHand"]={cf=cfr(0,0,0,1,0,0,0,1,0,0,0,1);es="Linear";ed="In";};["RightFoot"]={cf=cfr(0,0,0,1,0,0,0,1,0,0,0,1);es="Linear";ed="In";};["RightLowerLeg"]={cf=cfr(0,0,0,1,0,0,0,.361,.933,0,-.933,.361);es="Linear";ed="In";};["LeftLowerArm"]={cf=cfr(0,0,0,1,0,0,0,.743,-.669,0,.669,.743);es="Linear";ed="In";};["LowerTorso"]={cf=cfr(0,-.885,0,1,0,0,0,.985,-.174,0,.174,.985);es="Sine";ed="InOut";};["RightLowerArm"]={cf=cfr(0,0,0,1,0,0,0,.743,-.669,0,.669,.743);es="Linear";ed="In";};};{tm=.017;["UpperTorso"]={cf=cfr(0,-.046,-.009,1,0,0,0,.77,.638,0,-.638,.77);es="Linear";ed="In";};["LowerTorso"]={cf=cfr(0,-.888,.004,1,0,0,0,.986,-.167,0,.167,.986);es="Linear";ed="In";};};{tm=.033;["UpperTorso"]={cf=cfr(0,-.09,-.02,1,0,0,0,.739,.674,0,-.674,.739);es="Linear";ed="In";};["LowerTorso"]={cf=cfr(0,-.896,.016,1,0,0,0,.989,-.149,0,.149,.989);es="Linear";ed="In";};};{tm=.05;["UpperTorso"]={cf=cfr(0,-.132,-.031,1,0,0,0,.707,.707,0,-.707,.707);es="Linear";ed="In";};["LowerTorso"]={cf=cfr(0,-.909,.036,1,0,0,0,.993,-.119,0,.119,.993);es="Linear";ed="In";};};{tm=.067;["UpperTorso"]={cf=cfr(0,-.171,-.044,1,0,0,0,.674,.738,0,-.738,.674);es="Linear";ed="In";};["LowerTorso"]={cf=cfr(0,-.927,.063,1,0,0,0,.997,-.079,0,.079,.997);es="Linear";ed="In";};};{tm=.083;["UpperTorso"]={cf=cfr(0,-.207,-.058,1,0,0,0,.641,.767,0,-.767,.641);es="Linear";ed="In";};["LowerTorso"]={cf=cfr(0,-.948,.096,1,0,0,0,1,-.029,0,.029,1);es="Linear";ed="In";};};{tm=.1;["UpperTorso"]={cf=cfr(0,-.241,-.072,1,0,0,0,.609,.793,0,-.793,.609);es="Linear";ed="In";};["LowerTorso"]={cf=cfr(0,-.972,.133,1,0,0,0,1,.029,0,-.029,1);es="Linear";ed="In";};};{tm=.117;["UpperTorso"]={cf=cfr(0,-.272,-.087,1,0,0,0,.577,.817,0,-.817,.577);es="Linear";ed="In";};["LowerTorso"]={cf=cfr(0,-.997,.175,1,0,0,0,.996,.092,0,-.092,.996);es="Linear";ed="In";};};{tm=.133;["LowerTorso"]={cf=cfr(0,-1.022,.219,1,0,0,0,.987,.158,0,-.158,.987);es="Linear";ed="In";};["Head"]={cf=cfr(0,-.124,-.079,1,0,0,0,.481,-.877,0,.877,.481);es="Linear";ed="In";};["LeftUpperArm"]={cf=cfr(.005,.248,.163,.994,.105,.017,-.096,.827,.555,.044,-.553,.832);es="Linear";ed="In";};["RightUpperArm"]={cf=cfr(-.003,-.122,-.157,.999,-.019,.046,.04,-.228,-.973,.029,.974,-.226);es="Linear";ed="In";};["LeftLowerArm"]={cf=cfr(0,.007,.011,1,0,0,0,.793,-.609,0,.609,.793);es="Linear";ed="In";};["UpperTorso"]={cf=cfr(0,-.3,-.102,1,0,0,0,.547,.837,0,-.837,.547);es="Linear";ed="In";};["LeftUpperLeg"]={cf=cfr(-.013,-.043,-.006,.974,.022,.225,-.076,.97,.231,-.213,-.242,.946);es="Linear";ed="In";};};{tm=.15;["UpperTorso"]={cf=cfr(0,-.326,-.117,1,0,0,0,.518,.855,0,-.855,.518);es="Linear";ed="In";};["LowerTorso"]={cf=cfr(0,-1.047,.263,1,0,0,0,.975,.224,0,-.224,.975);es="Linear";ed="In";};};{tm=.167;["UpperTorso"]={cf=cfr(0,-.348,-.131,1,0,0,0,.492,.871,0,-.871,.492);es="Linear";ed="In";};["LowerTorso"]={cf=cfr(0,-1.07,.306,1,0,0,0,.957,.288,0,-.288,.957);es="Linear";ed="In";};};{tm=.183;["UpperTorso"]={cf=cfr(0,-.367,-.144,1,0,0,0,.468,.884,0,-.884,.468);es="Linear";ed="In";};["LowerTorso"]={cf=cfr(0,-1.091,.347,1,0,0,0,.937,.348,0,-.348,.937);es="Linear";ed="In";};};{tm=.2;["UpperTorso"]={cf=cfr(0,-.384,-.156,1,0,0,0,.448,.894,0,-.894,.448);es="Linear";ed="In";};["LowerTorso"]={cf=cfr(0,-1.11,.383,1,0,0,0,.916,.402,0,-.402,.916);es="Linear";ed="In";};};{tm=.217;["UpperTorso"]={cf=cfr(0,-.397,-.166,1,0,0,0,.43,.903,0,-.903,.43);es="Linear";ed="In";};["LowerTorso"]={cf=cfr(0,-1.125,.415,1,0,0,0,.895,.447,0,-.447,.895);es="Linear";ed="In";};};{tm=.233;["UpperTorso"]={cf=cfr(0,-.408,-.174,1,0,0,0,.416,.909,0,-.909,.416);es="Linear";ed="In";};["LowerTorso"]={cf=cfr(0,-1.137,.441,1,0,0,0,.876,.483,0,-.483,.876);es="Linear";ed="In";};};{tm=.25;["UpperTorso"]={cf=cfr(0,-.415,-.18,1,0,0,0,.406,.914,0,-.914,.406);es="Linear";ed="In";};["LowerTorso"]={cf=cfr(0,-1.146,.46,1,0,0,0,.861,.509,0,-.509,.861);es="Linear";ed="In";};};{tm=.267;["UpperTorso"]={cf=cfr(0,-.42,-.184,1,0,0,0,.4,.916,0,-.916,.4);es="Linear";ed="In";};["LowerTorso"]={cf=cfr(0,-1.151,.471,1,0,0,0,.851,.525,0,-.525,.851);es="Linear";ed="In";};};{tm=.283;["Head"]={cf=cfr(0,0,0,1,0,0,0,.399,-.917,0,.917,.399);es="Linear";ed="In";};["LeftUpperArm"]={cf=cfr(0,.078,.402,1,0,0,0,.5,-.866,0,.866,.5);es="Linear";ed="In";};["RightUpperArm"]={cf=cfr(0,.004,.15,1,0,0,0,-.819,-.574,0,.574,-.819);es="Linear";ed="In";};["LeftUpperLeg"]={cf=cfr(0,-.13,-.053,.97,.226,-.086,-.24,.868,-.435,-.024,.443,.896);es="Linear";ed="In";};["RightUpperLeg"]={cf=cfr(-.143,-.383,.506,.976,-.215,-.022,-.054,-.143,-.988,.21,.966,-.151);es="Linear";ed="In";};["UpperTorso"]={cf=cfr(0,-.421,-.185,1,0,0,0,.398,.917,0,-.917,.398);es="Sine";ed="Out";};["LeftFoot"]={cf=cfr(0,0,0,1,0,0,0,1,0,0,0,1);es="Linear";ed="In";};["LeftLowerLeg"]={cf=cfr(0,0,0,1,0,0,0,0,1,0,-1,0);es="Linear";ed="In";};["RightHand"]={cf=cfr(.001,0,0,1,0,0,0,1,0,0,0,1);es="Linear";ed="In";};["LeftHand"]={cf=cfr(0,0,0,1,0,0,0,1,0,0,0,1);es="Linear";ed="In";};["RightFoot"]={cf=cfr(0,0,0,1,0,0,0,1,0,0,0,1);es="Linear";ed="In";};["RightLowerLeg"]={cf=cfr(0,0,0,1,0,0,0,.342,.94,0,-.94,.342);es="Linear";ed="In";};["LeftLowerArm"]={cf=cfr(0,0,0,1,0,0,0,.259,-.966,0,.966,.259);es="Linear";ed="In";};["LowerTorso"]={cf=cfr(0,-1.153,.475,1,0,0,0,.848,.53,0,-.53,.848);es="Sine";ed="Out";};["RightLowerArm"]={cf=cfr(.001,0,0,1,0,0,0,.996,-.087,0,.087,.996);es="Linear";ed="In";};};{tm=.3;["UpperTorso"]={cf=cfr(0,-.421,-.185,1,0,0,0,.398,.917,0,-.917,.398);es="Linear";ed="In";};["LowerTorso"]={cf=cfr(0,-1.122,.475,1,0,0,0,.855,.519,0,-.519,.855);es="Linear";ed="In";};};{tm=.317;["UpperTorso"]={cf=cfr(0,-.421,-.185,1,0,0,0,.398,.917,0,-.917,.398);es="Linear";ed="In";};["LowerTorso"]={cf=cfr(0,-1.091,.475,1,0,0,0,.861,.508,0,-.508,.861);es="Linear";ed="In";};};{tm=.333;["UpperTorso"]={cf=cfr(0,-.421,-.185,1,0,0,0,.398,.917,0,-.917,.398);es="Linear";ed="In";};["LowerTorso"]={cf=cfr(0,-1.06,.475,1,0,0,0,.868,.497,0,-.497,.868);es="Linear";ed="In";};};{tm=.35;["UpperTorso"]={cf=cfr(0,-.421,-.185,1,0,0,0,.398,.917,0,-.917,.398);es="Linear";ed="In";};["LowerTorso"]={cf=cfr(0,-1.03,.476,1,0,0,0,.874,.486,0,-.486,.874);es="Linear";ed="In";};};{tm=.367;["UpperTorso"]={cf=cfr(0,-.421,-.185,1,0,0,0,.398,.917,0,-.917,.398);es="Linear";ed="In";};["LowerTorso"]={cf=cfr(0,-1.001,.476,1,0,0,0,.88,.475,0,-.475,.88);es="Linear";ed="In";};};{tm=.383;["UpperTorso"]={cf=cfr(0,-.421,-.185,1,0,0,0,.398,.917,0,-.917,.398);es="Linear";ed="In";};["LowerTorso"]={cf=cfr(0,-.972,.476,1,0,0,0,.885,.465,0,-.465,.885);es="Linear";ed="In";};};{tm=.4;["UpperTorso"]={cf=cfr(0,-.421,-.185,1,0,0,0,.398,.917,0,-.917,.398);es="Linear";ed="In";};["LowerTorso"]={cf=cfr(0,-.944,.476,1,0,0,0,.891,.455,0,-.455,.891);es="Linear";ed="In";};["Head"]={cf=cfr(0,-.008,-.011,1,0,0,0,.799,-.601,0,.601,.799);es="Linear";ed="In";};};{tm=.417;["UpperTorso"]={cf=cfr(0,-.421,-.185,1,0,0,0,.398,.917,0,-.917,.398);es="Linear";ed="In";};["LowerTorso"]={cf=cfr(0,-.918,.476,1,0,0,0,.896,.445,0,-.445,.896);es="Linear";ed="In";};};{tm=.433;["UpperTorso"]={cf=cfr(0,-.421,-.185,1,0,0,0,.398,.917,0,-.917,.398);es="Linear";ed="In";};["LowerTorso"]={cf=cfr(0,-.892,.476,1,0,0,0,.9,.435,0,-.435,.9);es="Linear";ed="In";};};{tm=.45;["UpperTorso"]={cf=cfr(0,-.421,-.185,1,0,0,0,.398,.917,0,-.917,.398);es="Linear";ed="In";};["LowerTorso"]={cf=cfr(0,-.869,.476,1,0,0,0,.905,.426,0,-.426,.905);es="Linear";ed="In";};};{tm=.467;["UpperTorso"]={cf=cfr(0,-.421,-.185,1,0,0,0,.398,.917,0,-.917,.398);es="Linear";ed="In";};["LowerTorso"]={cf=cfr(0,-.846,.475,1,0,0,0,.908,.418,0,-.418,.908);es="Linear";ed="In";};};{tm=.483;["UpperTorso"]={cf=cfr(0,-.421,-.185,1,0,0,0,.398,.917,0,-.917,.398);es="Linear";ed="In";};["LowerTorso"]={cf=cfr(0,-.826,.475,1,0,0,0,.912,.41,0,-.41,.912);es="Linear";ed="In";};};{tm=.5;["UpperTorso"]={cf=cfr(0,-.421,-.185,1,0,0,0,.398,.917,0,-.917,.398);es="Linear";ed="In";};["LowerTorso"]={cf=cfr(0,-.807,.475,1,0,0,0,.915,.403,0,-.403,.915);es="Linear";ed="In";};};{tm=.517;["UpperTorso"]={cf=cfr(0,-.421,-.185,1,0,0,0,.398,.917,0,-.917,.398);es="Linear";ed="In";};["LowerTorso"]={cf=cfr(0,-.79,.475,1,0,0,0,.918,.397,0,-.397,.918);es="Linear";ed="In";};};{tm=.533;["UpperTorso"]={cf=cfr(0,-.421,-.185,1,0,0,0,.398,.917,0,-.917,.398);es="Linear";ed="In";};["LowerTorso"]={cf=cfr(0,-.776,.475,1,0,0,0,.92,.391,0,-.391,.92);es="Linear";ed="In";};};{tm=.55;["UpperTorso"]={cf=cfr(0,-.421,-.185,1,0,0,0,.398,.917,0,-.917,.398);es="Linear";ed="In";};["LowerTorso"]={cf=cfr(0,-.763,.475,1,0,0,0,.922,.386,0,-.386,.922);es="Linear";ed="In";};};{tm=.567;["UpperTorso"]={cf=cfr(0,-.421,-.185,1,0,0,0,.398,.917,0,-.917,.398);es="Linear";ed="In";};["LowerTorso"]={cf=cfr(0,-.753,.475,1,0,0,0,.924,.382,0,-.382,.924);es="Linear";ed="In";};};{tm=.583;["UpperTorso"]={cf=cfr(0,-.421,-.185,1,0,0,0,.398,.917,0,-.917,.398);es="Linear";ed="In";};["LowerTorso"]={cf=cfr(0,-.745,.475,1,0,0,0,.925,.379,0,-.379,.925);es="Linear";ed="In";};};{tm=.6;["UpperTorso"]={cf=cfr(0,-.421,-.185,1,0,0,0,.398,.917,0,-.917,.398);es="Linear";ed="In";};["LowerTorso"]={cf=cfr(0,-.739,.475,1,0,0,0,.926,.377,0,-.377,.926);es="Linear";ed="In";};};{tm=.617;["UpperTorso"]={cf=cfr(0,-.421,-.185,1,0,0,0,.398,.917,0,-.917,.398);es="Linear";ed="In";};["LowerTorso"]={cf=cfr(0,-.735,.475,1,0,0,0,.927,.376,0,-.376,.927);es="Linear";ed="In";};};{tm=.633;["Head"]={cf=cfr(0,0,0,1,0,0,0,.689,-.725,0,.725,.689);es="Linear";ed="In";};["LeftUpperArm"]={cf=cfr(0,.004,.15,1,0,0,0,0,-1,0,1,0);es="Linear";ed="In";};["RightUpperArm"]={cf=cfr(0,.004,.15,1,0,0,0,.087,-.996,0,.996,.087);es="Linear";ed="In";};["LeftUpperLeg"]={cf=cfr(0,-.13,-.053,.97,.226,-.086,-.24,.868,-.435,-.024,.443,.896);es="Linear";ed="In";};["RightUpperLeg"]={cf=cfr(-.143,-.383,.506,.976,-.215,-.022,-.054,-.143,-.988,.21,.966,-.151);es="Linear";ed="In";};["UpperTorso"]={cf=cfr(0,-.421,-.185,1,0,0,0,.398,.917,0,-.917,.398);es="Linear";ed="In";};["LeftFoot"]={cf=cfr(0,0,0,1,0,0,0,1,0,0,0,1);es="Linear";ed="In";};["LeftLowerLeg"]={cf=cfr(0,0,0,1,0,0,0,0,1,0,-1,0);es="Linear";ed="In";};["RightHand"]={cf=cfr(.001,0,0,1,0,0,0,1,0,0,0,1);es="Linear";ed="In";};["LeftHand"]={cf=cfr(0,0,0,1,0,0,0,1,0,0,0,1);es="Linear";ed="In";};["RightFoot"]={cf=cfr(0,0,0,1,0,0,0,1,0,0,0,1);es="Linear";ed="In";};["RightLowerLeg"]={cf=cfr(0,0,0,1,0,0,0,.342,.94,0,-.94,.342);es="Linear";ed="In";};["LeftLowerArm"]={cf=cfr(0,0,0,1,0,0,0,.707,-.707,0,.707,.707);es="Linear";ed="In";};["LowerTorso"]={cf=cfr(0,-.734,.475,1,0,0,0,.927,.375,0,-.375,.927);es="Linear";ed="In";};["RightLowerArm"]={cf=cfr(.001,0,0,1,0,0,0,.707,-.707,0,.707,.707);es="Linear";ed="In";};};}