local cfr = CFrame.new

return {{tm=0;["Head"]={cf=cfr(0,0,0,.998,-.065,.014,.065,.901,-.428,.015,.428,.904);es="Linear";ed="In";};["LeftUpperArm"]={cf=cfr(0,0,0,.793,.463,-.397,-.403,-.09,-.911,-.457,.882,.115);es="Linear";ed="In";};["RightUpperArm"]={cf=cfr(0,0,0,.648,-.41,.642,.644,-.156,-.749,.407,.899,.163);es="Linear";ed="In";};["LeftUpperLeg"]={cf=cfr(0,0,0,.947,.317,-.048,-.126,.23,-.965,-.295,.92,.258);es="Linear";ed="In";};["RightUpperLeg"]={cf=cfr(0,0,0,.967,-.253,-.044,.06,.388,-.92,.249,.887,.39);es="Linear";ed="In";};["UpperTorso"]={cf=cfr(0,0,-.015,1,.028,-.001,-.015,.561,.827,.024,-.827,.562);es="Sine";ed="Out";};["LeftFoot"]={cf=cfr(0,0,0,1,0,0,0,1,0,0,0,1);es="Linear";ed="In";};["LeftLowerLeg"]={cf=cfr(0,0,0,1,.008,-.002,-.004,.671,.742,.007,-.742,.671);es="Linear";ed="In";};["RightHand"]={cf=cfr(0,0,0,1,0,0,0,1,0,0,0,1);es="Linear";ed="In";};["LeftHand"]={cf=cfr(0,0,0,1,0,0,0,1,0,0,0,1);es="Linear";ed="In";};["RightFoot"]={cf=cfr(0,0,0,1,0,0,0,1,0,0,0,1);es="Linear";ed="In";};["RightLowerLeg"]={cf=cfr(0,0,0,1,-.025,.007,.019,.877,.479,-.018,-.479,.878);es="Linear";ed="In";};["LeftLowerArm"]={cf=cfr(0,0,0,1,0,0,0,.985,-.174,0,.174,.985);es="Linear";ed="In";};["LowerTorso"]={cf=cfr(0,-.892,.474,1,0,0,0,.998,-.057,0,.057,.998);es="Sine";ed="InOut";};["RightLowerArm"]={cf=cfr(0,0,0,1,0,0,0,.985,-.174,0,.174,.985);es="Linear";ed="In";};};{tm=.017;["UpperTorso"]={cf=cfr(0,-.028,-.025,1,.026,-.001,-.014,.551,.834,.022,-.834,.551);es="Linear";ed="In";};["LowerTorso"]={cf=cfr(0,-.893,.474,1,0,0,0,.999,-.055,0,.055,.999);es="Linear";ed="In";};};{tm=.033;["UpperTorso"]={cf=cfr(0,-.056,-.035,1,.024,-.001,-.013,.541,.841,.021,-.841,.541);es="Linear";ed="In";};["LowerTorso"]={cf=cfr(0,-.897,.474,1,0,0,0,.999,-.047,0,.047,.999);es="Linear";ed="In";};};{tm=.05;["UpperTorso"]={cf=cfr(0,-.084,-.045,1,.022,0,-.012,.531,.847,.019,-.847,.531);es="Linear";ed="In";};["LowerTorso"]={cf=cfr(0,-.903,.474,1,0,0,0,.999,-.034,0,.034,.999);es="Linear";ed="In";};};{tm=.067;["UpperTorso"]={cf=cfr(0,-.111,-.056,1,.021,0,-.011,.521,.854,.018,-.853,.521);es="Linear";ed="In";};["LowerTorso"]={cf=cfr(0,-.912,.474,1,0,0,0,1,-.016,0,.016,1);es="Linear";ed="In";};};{tm=.083;["UpperTorso"]={cf=cfr(0,-.137,-.066,1,.019,0,-.01,.511,.86,.016,-.859,.511);es="Linear";ed="In";};["LowerTorso"]={cf=cfr(0,-.923,.475,1,0,0,0,1,.006,0,-.006,1);es="Linear";ed="In";};};{tm=.1;["UpperTorso"]={cf=cfr(0,-.163,-.076,1,.017,0,-.009,.501,.865,.015,-.865,.501);es="Linear";ed="In";};["LowerTorso"]={cf=cfr(0,-.935,.475,1,0,0,0,.999,.033,0,-.033,.999);es="Linear";ed="In";};};{tm=.117;["UpperTorso"]={cf=cfr(0,-.188,-.086,1,.016,0,-.008,.491,.871,.014,-.871,.491);es="Linear";ed="In";};["LowerTorso"]={cf=cfr(0,-.95,.475,1,0,0,0,.998,.063,0,-.063,.998);es="Linear";ed="In";};};{tm=.133;["UpperTorso"]={cf=cfr(0,-.213,-.096,1,.014,0,-.007,.482,.876,.012,-.876,.482);es="Linear";ed="In";};["LowerTorso"]={cf=cfr(0,-.965,.476,1,0,0,0,.995,.097,0,-.097,.995);es="Linear";ed="In";};};{tm=.15;["UpperTorso"]={cf=cfr(0,-.236,-.105,1,.013,0,-.006,.473,.881,.011,-.881,.473);es="Linear";ed="In";};["LowerTorso"]={cf=cfr(0,-.982,.476,1,0,0,0,.991,.133,0,-.133,.991);es="Linear";ed="In";};};{tm=.167;["UpperTorso"]={cf=cfr(0,-.258,-.115,1,.011,0,-.005,.464,.886,.01,-.886,.464);es="Linear";ed="In";};["LowerTorso"]={cf=cfr(0,-.999,.477,1,0,0,0,.985,.17,0,-.17,.985);es="Linear";ed="In";};};{tm=.183;["UpperTorso"]={cf=cfr(0,-.28,-.123,1,.01,0,-.005,.456,.89,.008,-.89,.456);es="Linear";ed="In";};["LowerTorso"]={cf=cfr(0,-1.016,.477,1,0,0,0,.978,.209,0,-.209,.978);es="Linear";ed="In";};};{tm=.2;["UpperTorso"]={cf=cfr(0,-.3,-.132,1,.008,0,-.004,.448,.894,.007,-.894,.448);es="Linear";ed="In";};["LowerTorso"]={cf=cfr(0,-1.033,.477,1,0,0,0,.969,.248,0,-.248,.969);es="Linear";ed="In";};};{tm=.217;["UpperTorso"]={cf=cfr(0,-.318,-.14,1,.007,0,-.003,.44,.898,.006,-.898,.44);es="Linear";ed="In";};["LowerTorso"]={cf=cfr(0,-1.05,.477,1,0,0,0,.958,.287,0,-.287,.958);es="Linear";ed="In";};};{tm=.233;["UpperTorso"]={cf=cfr(0,-.335,-.147,1,.006,0,-.003,.433,.901,.005,-.901,.433);es="Linear";ed="In";};["LowerTorso"]={cf=cfr(0,-1.066,.478,1,0,0,0,.946,.325,0,-.325,.946);es="Linear";ed="In";};};{tm=.25;["UpperTorso"]={cf=cfr(0,-.351,-.154,1,.005,0,-.002,.427,.904,.004,-.904,.427);es="Linear";ed="In";};["LowerTorso"]={cf=cfr(0,-1.082,.478,1,0,0,0,.933,.361,0,-.361,.933);es="Linear";ed="In";};};{tm=.267;["UpperTorso"]={cf=cfr(0,-.366,-.16,1,.004,0,-.002,.421,.907,.003,-.907,.421);es="Linear";ed="In";};["LowerTorso"]={cf=cfr(0,-1.096,.477,1,0,0,0,.919,.394,0,-.394,.919);es="Linear";ed="In";};};{tm=.283;["UpperTorso"]={cf=cfr(0,-.378,-.166,1,.003,0,-.001,.416,.909,.003,-.909,.416);es="Linear";ed="In";};["LowerTorso"]={cf=cfr(0,-1.109,.477,1,0,0,0,.905,.425,0,-.425,.905);es="Linear";ed="In";};};{tm=.3;["UpperTorso"]={cf=cfr(0,-.39,-.171,1,.002,0,-.001,.411,.911,.002,-.911,.411);es="Linear";ed="In";};["LowerTorso"]={cf=cfr(0,-1.12,.477,1,0,0,0,.892,.452,0,-.452,.892);es="Linear";ed="In";};};{tm=.317;["UpperTorso"]={cf=cfr(0,-.399,-.175,1,.002,0,-.001,.407,.913,.001,-.913,.407);es="Linear";ed="In";};["LowerTorso"]={cf=cfr(0,-1.13,.476,1,0,0,0,.88,.475,0,-.475,.88);es="Linear";ed="In";};};{tm=.333;["UpperTorso"]={cf=cfr(0,-.407,-.179,1,.001,0,-.001,.404,.915,.001,-.915,.404);es="Linear";ed="In";};["LowerTorso"]={cf=cfr(0,-1.138,.476,1,0,0,0,.869,.495,0,-.495,.869);es="Linear";ed="In";};};{tm=.35;["UpperTorso"]={cf=cfr(0,-.413,-.181,1,.001,0,0,.402,.916,.001,-.916,.402);es="Linear";ed="In";};["LowerTorso"]={cf=cfr(0,-1.145,.476,1,0,0,0,.86,.51,0,-.51,.86);es="Linear";ed="In";};};{tm=.367;["UpperTorso"]={cf=cfr(0,-.418,-.183,1,0,0,0,.4,.917,0,-.917,.4);es="Linear";ed="In";};["LowerTorso"]={cf=cfr(0,-1.149,.475,1,0,0,0,.853,.521,0,-.521,.853);es="Linear";ed="In";};};{tm=.383;["UpperTorso"]={cf=cfr(0,-.42,-.184,1,0,0,0,.399,.917,0,-.917,.399);es="Linear";ed="In";};["LowerTorso"]={cf=cfr(0,-1.152,.475,1,0,0,0,.849,.528,0,-.528,.849);es="Linear";ed="In";};};{tm=.4;["Head"]={cf=cfr(0,0,0,1,0,0,0,.399,-.917,0,.917,.399);es="Linear";ed="In";};["LeftUpperArm"]={cf=cfr(0,.078,.402,1,0,0,0,.5,-.866,0,.866,.5);es="Linear";ed="In";};["RightUpperArm"]={cf=cfr(0,.004,.15,1,0,0,0,-.819,-.574,0,.574,-.819);es="Linear";ed="In";};["LeftUpperLeg"]={cf=cfr(0,-.13,-.053,.97,.226,-.086,-.24,.868,-.435,-.024,.443,.896);es="Linear";ed="In";};["RightUpperLeg"]={cf=cfr(-.143,-.383,.506,.976,-.215,-.022,-.054,-.143,-.988,.21,.966,-.151);es="Linear";ed="In";};["UpperTorso"]={cf=cfr(0,-.421,-.185,1,0,0,0,.398,.917,0,-.917,.398);es="Sine";ed="Out";};["LeftFoot"]={cf=cfr(0,0,0,1,0,0,0,1,0,0,0,1);es="Linear";ed="In";};["LeftLowerLeg"]={cf=cfr(0,0,0,1,0,0,0,0,1,0,-1,0);es="Linear";ed="In";};["RightHand"]={cf=cfr(.001,0,0,1,0,0,0,1,0,0,0,1);es="Linear";ed="In";};["LeftHand"]={cf=cfr(0,0,0,1,0,0,0,1,0,0,0,1);es="Linear";ed="In";};["RightFoot"]={cf=cfr(0,0,0,1,0,0,0,1,0,0,0,1);es="Linear";ed="In";};["RightLowerLeg"]={cf=cfr(0,0,0,1,0,0,0,.342,.94,0,-.94,.342);es="Linear";ed="In";};["LeftLowerArm"]={cf=cfr(0,0,0,1,0,0,0,.259,-.966,0,.966,.259);es="Linear";ed="In";};["LowerTorso"]={cf=cfr(0,-1.153,.475,1,0,0,0,.848,.53,0,-.53,.848);es="Sine";ed="Out";};["RightLowerArm"]={cf=cfr(.001,0,0,1,0,0,0,.996,-.087,0,.087,.996);es="Linear";ed="In";};};{tm=.417;["UpperTorso"]={cf=cfr(0,-.421,-.185,1,0,0,0,.398,.917,0,-.917,.398);es="Linear";ed="In";};["LowerTorso"]={cf=cfr(0,-1.117,.475,1,0,0,0,.856,.517,0,-.517,.856);es="Linear";ed="In";};};{tm=.433;["UpperTorso"]={cf=cfr(0,-.421,-.185,1,0,0,0,.398,.917,0,-.917,.398);es="Linear";ed="In";};["LowerTorso"]={cf=cfr(0,-1.081,.475,1,0,0,0,.863,.504,0,-.504,.863);es="Linear";ed="In";};};{tm=.45;["UpperTorso"]={cf=cfr(0,-.421,-.185,1,0,0,0,.398,.917,0,-.917,.398);es="Linear";ed="In";};["LowerTorso"]={cf=cfr(0,-1.045,.475,1,0,0,0,.871,.492,0,-.492,.871);es="Linear";ed="In";};};{tm=.467;["UpperTorso"]={cf=cfr(0,-.421,-.185,1,0,0,0,.398,.917,0,-.917,.398);es="Linear";ed="In";};["LowerTorso"]={cf=cfr(0,-1.01,.476,1,0,0,0,.878,.479,0,-.479,.878);es="Linear";ed="In";};};{tm=.483;["UpperTorso"]={cf=cfr(0,-.421,-.185,1,0,0,0,.398,.917,0,-.917,.398);es="Linear";ed="In";};["LowerTorso"]={cf=cfr(0,-.977,.476,1,0,0,0,.885,.466,0,-.466,.885);es="Linear";ed="In";};};{tm=.5;["UpperTorso"]={cf=cfr(0,-.421,-.185,1,0,0,0,.398,.917,0,-.917,.398);es="Linear";ed="In";};["LowerTorso"]={cf=cfr(0,-.944,.476,1,0,0,0,.891,.455,0,-.455,.891);es="Linear";ed="In";};};{tm=.517;["UpperTorso"]={cf=cfr(0,-.421,-.185,1,0,0,0,.398,.917,0,-.917,.398);es="Linear";ed="In";};["LowerTorso"]={cf=cfr(0,-.913,.476,1,0,0,0,.897,.443,0,-.443,.897);es="Linear";ed="In";};};{tm=.533;["UpperTorso"]={cf=cfr(0,-.421,-.185,1,0,0,0,.398,.917,0,-.917,.398);es="Linear";ed="In";};["LowerTorso"]={cf=cfr(0,-.884,.476,1,0,0,0,.902,.432,0,-.432,.902);es="Linear";ed="In";};};{tm=.55;["UpperTorso"]={cf=cfr(0,-.421,-.185,1,0,0,0,.398,.917,0,-.917,.398);es="Linear";ed="In";};["LowerTorso"]={cf=cfr(0,-.857,.475,1,0,0,0,.907,.422,0,-.422,.907);es="Linear";ed="In";};};{tm=.567;["UpperTorso"]={cf=cfr(0,-.421,-.185,1,0,0,0,.398,.917,0,-.917,.398);es="Linear";ed="In";};["LowerTorso"]={cf=cfr(0,-.833,.475,1,0,0,0,.911,.413,0,-.413,.911);es="Linear";ed="In";};};{tm=.583;["UpperTorso"]={cf=cfr(0,-.421,-.185,1,0,0,0,.398,.917,0,-.917,.398);es="Linear";ed="In";};["LowerTorso"]={cf=cfr(0,-.81,.475,1,0,0,0,.915,.404,0,-.404,.915);es="Linear";ed="In";};};{tm=.6;["UpperTorso"]={cf=cfr(0,-.421,-.185,1,0,0,0,.398,.917,0,-.917,.398);es="Linear";ed="In";};["LowerTorso"]={cf=cfr(0,-.79,.475,1,0,0,0,.918,.397,0,-.397,.918);es="Linear";ed="In";};["Head"]={cf=cfr(0,-.008,-.011,1,0,0,0,.799,-.601,0,.601,.799);es="Linear";ed="In";};};{tm=.617;["UpperTorso"]={cf=cfr(0,-.421,-.185,1,0,0,0,.398,.917,0,-.917,.398);es="Linear";ed="In";};["LowerTorso"]={cf=cfr(0,-.774,.475,1,0,0,0,.921,.39,0,-.39,.921);es="Linear";ed="In";};};{tm=.633;["UpperTorso"]={cf=cfr(0,-.421,-.185,1,0,0,0,.398,.917,0,-.917,.398);es="Linear";ed="In";};["LowerTorso"]={cf=cfr(0,-.759,.475,1,0,0,0,.923,.385,0,-.385,.923);es="Linear";ed="In";};};{tm=.65;["UpperTorso"]={cf=cfr(0,-.421,-.185,1,0,0,0,.398,.917,0,-.917,.398);es="Linear";ed="In";};["LowerTorso"]={cf=cfr(0,-.748,.475,1,0,0,0,.925,.381,0,-.381,.925);es="Linear";ed="In";};};{tm=.667;["UpperTorso"]={cf=cfr(0,-.421,-.185,1,0,0,0,.398,.917,0,-.917,.398);es="Linear";ed="In";};["LowerTorso"]={cf=cfr(0,-.74,.475,1,0,0,0,.926,.378,0,-.378,.926);es="Linear";ed="In";};};{tm=.683;["UpperTorso"]={cf=cfr(0,-.421,-.185,1,0,0,0,.398,.917,0,-.917,.398);es="Linear";ed="In";};["LowerTorso"]={cf=cfr(0,-.736,.475,1,0,0,0,.927,.376,0,-.376,.927);es="Linear";ed="In";};};{tm=.7;["Head"]={cf=cfr(0,0,0,1,0,0,0,.689,-.725,0,.725,.689);es="Linear";ed="In";};["LeftUpperArm"]={cf=cfr(0,.004,.15,1,0,0,0,0,-1,0,1,0);es="Linear";ed="In";};["RightUpperArm"]={cf=cfr(0,.004,.15,1,0,0,0,.087,-.996,0,.996,.087);es="Linear";ed="In";};["LeftUpperLeg"]={cf=cfr(0,-.13,-.053,.97,.226,-.086,-.24,.868,-.435,-.024,.443,.896);es="Linear";ed="In";};["RightUpperLeg"]={cf=cfr(-.143,-.383,.506,.976,-.215,-.022,-.054,-.143,-.988,.21,.966,-.151);es="Linear";ed="In";};["UpperTorso"]={cf=cfr(0,-.421,-.185,1,0,0,0,.398,.917,0,-.917,.398);es="Linear";ed="In";};["LeftFoot"]={cf=cfr(0,0,0,1,0,0,0,1,0,0,0,1);es="Linear";ed="In";};["LeftLowerLeg"]={cf=cfr(0,0,0,1,0,0,0,0,1,0,-1,0);es="Linear";ed="In";};["RightHand"]={cf=cfr(.001,0,0,1,0,0,0,1,0,0,0,1);es="Linear";ed="In";};["LeftHand"]={cf=cfr(0,0,0,1,0,0,0,1,0,0,0,1);es="Linear";ed="In";};["RightFoot"]={cf=cfr(0,0,0,1,0,0,0,1,0,0,0,1);es="Linear";ed="In";};["RightLowerLeg"]={cf=cfr(0,0,0,1,0,0,0,.342,.94,0,-.94,.342);es="Linear";ed="In";};["LeftLowerArm"]={cf=cfr(0,0,0,1,0,0,0,.707,-.707,0,.707,.707);es="Linear";ed="In";};["LowerTorso"]={cf=cfr(0,-.734,.475,1,0,0,0,.927,.375,0,-.375,.927);es="Linear";ed="In";};["RightLowerArm"]={cf=cfr(.001,0,0,1,0,0,0,.707,-.707,0,.707,.707);es="Linear";ed="In";};};}