local cfr = CFrame.new

return {{tm=0;["RootNode"]={cf=cfr(0,0,0,-1,0,0,0,1,0,0,0,-1);es="Linear";ed="In";};["root"]={cf=cfr(0,1.48,.493,0,0,1,0,1,0,-1,0,0);es="Linear";ed="In";};["000-offset"]={cf=cfr(0,0,0,-.404,.915,0,-.915,-.404,0,0,0,1);es="Linear";ed="In";};["004-offset.001"]={cf=cfr(0,0,0,-.015,-1,0,1,-.015,0,0,0,1);es="Linear";ed="In";};["006-offset"]={cf=cfr(0,0,0,-.015,-1,0,1,-.015,0,0,0,1);es="Linear";ed="In";};["000-offset.009"]={cf=cfr(0,0,0,-.875,.183,.448,-.186,-.982,.036,.446,-.052,.893);es="Linear";ed="In";};["000-offset.012"]={cf=cfr(0,0,0,-.825,.334,-.456,-.264,-.941,-.211,-.499,-.053,.865);es="Linear";ed="In";};["000-offset.001"]={cf=cfr(0,0,0,.268,.963,0,-.963,.268,0,0,0,1);es="Linear";ed="In";};["000-offset.010"]={cf=cfr(0,0,0,-.298,.955,0,-.955,-.298,0,0,0,1);es="Linear";ed="In";};["000-offset.013"]={cf=cfr(0,0,0,-.122,.993,0,-.993,-.122,0,0,0,1);es="Linear";ed="In";};["004-offset"]={cf=cfr(0,0,0,.035,-.999,0,.999,.035,0,0,0,1);es="Linear";ed="In";};["002-offset"]={cf=cfr(0,0,0,.035,-.999,0,.999,.035,0,0,0,1);es="Linear";ed="In";};["000-offset.002"]={cf=cfr(0,0,0,.63,-.776,0,.776,.63,0,0,0,1);es="Linear";ed="In";};["000-offset.011"]={cf=cfr(0,0,0,-.118,-.983,.139,.993,-.117,.016,0,.14,.99);es="Linear";ed="In";};["000-offset.014"]={cf=cfr(0,0,0,.151,-.989,-.005,.988,.151,-.019,.02,-.002,1);es="Linear";ed="In";};["000-offset.006"]={cf=cfr(0,0,0,.112,.828,-.55,-.388,-.473,-.791,-.915,.302,.268);es="Linear";ed="In";};["000-offset.003"]={cf=cfr(0,0,0,.179,.775,.606,-.097,-.599,.795,.979,-.201,-.032);es="Linear";ed="In";};["000-offset.007"]={cf=cfr(0,0,0,.464,-.886,0,.886,.464,0,0,0,1);es="Linear";ed="In";};["000-offset.004"]={cf=cfr(0,0,0,.42,-.908,0,.908,.42,0,0,0,1);es="Linear";ed="In";};["000-offset.008"]={cf=cfr(0,0,0,.773,-.621,-.126,.096,-.082,.992,-.627,-.779,-.004);es="Linear";ed="In";};["000-offset.005"]={cf=cfr(0,0,0,.753,-.514,.412,.245,-.362,-.899,.611,.778,-.146);es="Linear";ed="In";};};{tm=.042;["000-offset"]={cf=cfr(0,0,0,-.402,.916,0,-.916,-.402,0,0,0,1);es="Linear";ed="In";};["000-offset.009"]={cf=cfr(0,0,0,-.876,.181,.448,-.184,-.982,.036,.447,-.051,.893);es="Linear";ed="In";};["000-offset.012"]={cf=cfr(0,0,0,-.826,.332,-.456,-.262,-.942,-.21,-.499,-.054,.865);es="Linear";ed="In";};["000-offset.001"]={cf=cfr(0,0,0,.269,.963,0,-.963,.269,0,0,0,1);es="Linear";ed="In";};["000-offset.002"]={cf=cfr(0,0,0,.63,-.776,.006,.776,.63,-.005,0,.008,1);es="Linear";ed="In";};["000-offset.014"]={cf=cfr(0,0,0,.151,-.989,-.004,.988,.151,-.019,.02,-.001,1);es="Linear";ed="In";};["000-offset.004"]={cf=cfr(0,0,0,.421,-.907,0,.907,.421,0,0,0,1);es="Linear";ed="In";};["000-offset.007"]={cf=cfr(0,0,0,.466,-.885,0,.885,.466,0,0,0,1);es="Linear";ed="In";};};{tm=.083;["000-offset"]={cf=cfr(0,0,0,-.401,.916,0,-.916,-.401,0,0,0,1);es="Linear";ed="In";};["000-offset.009"]={cf=cfr(0,0,0,-.876,.179,.448,-.182,-.983,.036,.447,-.05,.893);es="Linear";ed="In";};["000-offset.012"]={cf=cfr(0,0,0,-.827,.33,-.456,-.261,-.942,-.21,-.499,-.055,.865);es="Linear";ed="In";};["000-offset.001"]={cf=cfr(0,0,0,.27,.963,0,-.963,.27,0,0,0,1);es="Linear";ed="In";};["000-offset.002"]={cf=cfr(0,0,0,.631,-.776,.023,.776,.63,-.019,0,.029,1);es="Linear";ed="In";};["000-offset.014"]={cf=cfr(0,0,0,.151,-.989,-.003,.988,.151,-.02,.02,0,1);es="Linear";ed="In";};["000-offset.004"]={cf=cfr(0,0,0,.424,-.906,0,.906,.424,0,0,0,1);es="Linear";ed="In";};["000-offset.007"]={cf=cfr(0,0,0,.467,-.884,0,.884,.467,0,0,0,1);es="Linear";ed="In";};};{tm=.125;["000-offset"]={cf=cfr(0,0,0,-.399,.917,0,-.917,-.399,0,0,0,1);es="Linear";ed="In";};["000-offset.009"]={cf=cfr(0,0,0,-.876,.177,.448,-.18,-.983,.036,.447,-.049,.893);es="Linear";ed="In";};["000-offset.012"]={cf=cfr(0,0,0,-.827,.329,-.455,-.259,-.943,-.211,-.498,-.056,.865);es="Linear";ed="In";};["000-offset.001"]={cf=cfr(0,0,0,.271,.963,0,-.963,.271,0,0,0,1);es="Linear";ed="In";};["000-offset.002"]={cf=cfr(0,0,0,.631,-.775,.049,.776,.629,-.04,0,.063,.998);es="Linear";ed="In";};["000-offset.014"]={cf=cfr(0,0,0,.151,-.989,0,.988,.151,-.02,.02,.003,1);es="Linear";ed="In";};["000-offset.004"]={cf=cfr(0,0,0,.429,-.903,0,.903,.429,0,0,0,1);es="Linear";ed="In";};["000-offset.007"]={cf=cfr(0,0,0,.47,-.883,0,.883,.47,0,0,0,1);es="Linear";ed="In";};};{tm=.167;["000-offset"]={cf=cfr(0,0,0,-.396,.918,0,-.918,-.396,0,0,0,1);es="Linear";ed="In";};["000-offset.009"]={cf=cfr(0,0,0,-.877,.176,.448,-.178,-.983,.036,.447,-.048,.893);es="Linear";ed="In";};["000-offset.012"]={cf=cfr(0,0,0,-.829,.325,-.455,-.255,-.944,-.21,-.498,-.058,.865);es="Linear";ed="In";};["000-offset.001"]={cf=cfr(0,0,0,.272,.962,0,-.962,.272,0,0,0,1);es="Linear";ed="In";};["000-offset.002"]={cf=cfr(0,0,0,.631,-.772,.083,.776,.627,-.067,0,.107,.994);es="Linear";ed="In";};["000-offset.014"]={cf=cfr(0,0,0,.151,-.989,.003,.988,.151,-.021,.02,.006,1);es="Linear";ed="In";};["000-offset.004"]={cf=cfr(0,0,0,.436,-.9,0,.9,.436,0,0,0,1);es="Linear";ed="In";};["000-offset.007"]={cf=cfr(0,0,0,.473,-.881,0,.881,.473,0,0,0,1);es="Linear";ed="In";};};{tm=.208;["root"]={cf=cfr(0,1.48,.493,0,0,1,0,1,0,-1,0,0);es="Linear";ed="In";};["000-offset"]={cf=cfr(0,0,0,-.393,.92,0,-.92,-.393,0,0,0,1);es="Linear";ed="In";};["000-offset.009"]={cf=cfr(0,0,0,-.877,.172,.448,-.175,-.984,.036,.447,-.046,.893);es="Linear";ed="In";};["000-offset.012"]={cf=cfr(0,0,0,-.83,.322,-.455,-.251,-.945,-.211,-.498,-.061,.865);es="Linear";ed="In";};["000-offset.001"]={cf=cfr(0,0,0,.274,.962,0,-.962,.274,0,0,0,1);es="Linear";ed="In";};["000-offset.002"]={cf=cfr(0,0,0,.631,-.766,.123,.776,.623,-.1,0,.159,.987);es="Linear";ed="In";};["000-offset.014"]={cf=cfr(0,0,0,.151,-.989,.007,.988,.151,-.021,.02,.01,1);es="Linear";ed="In";};["000-offset.004"]={cf=cfr(0,0,0,.443,-.896,0,.896,.443,0,0,0,1);es="Linear";ed="In";};["000-offset.007"]={cf=cfr(0,0,0,.477,-.879,0,.879,.477,0,0,0,1);es="Linear";ed="In";};};{tm=.25;["root"]={cf=cfr(0,1.495,.493,0,0,1,0,1,0,-1,0,0);es="Linear";ed="In";};["000-offset"]={cf=cfr(0,0,0,-.389,.921,0,-.921,-.389,0,0,0,1);es="Linear";ed="In";};["000-offset.009"]={cf=cfr(0,0,0,-.878,.169,.448,-.171,-.985,.036,.447,-.044,.893);es="Linear";ed="In";};["000-offset.012"]={cf=cfr(0,0,0,-.832,.317,-.455,-.246,-.946,-.211,-.498,-.063,.865);es="Linear";ed="In";};["000-offset.001"]={cf=cfr(0,0,0,.276,.961,0,-.961,.276,0,0,0,1);es="Linear";ed="In";};["000-offset.002"]={cf=cfr(0,0,0,.631,-.758,.167,.776,.616,-.136,0,.216,.976);es="Linear";ed="In";};["000-offset.014"]={cf=cfr(0,0,0,.151,-.988,.011,.988,.151,-.022,.02,.014,1);es="Linear";ed="In";};["000-offset.004"]={cf=cfr(0,0,0,.451,-.892,0,.892,.451,0,0,0,1);es="Linear";ed="In";};["000-offset.007"]={cf=cfr(0,0,0,.482,-.876,0,.876,.482,0,0,0,1);es="Linear";ed="In";};};{tm=.292;["000-offset"]={cf=cfr(0,0,0,-.385,.923,0,-.923,-.385,0,0,0,1);es="Linear";ed="In";};["000-offset.009"]={cf=cfr(0,0,0,-.879,.165,.448,-.167,-.985,.036,.447,-.043,.893);es="Linear";ed="In";};["000-offset.012"]={cf=cfr(0,0,0,-.833,.313,-.455,-.241,-.947,-.21,-.497,-.066,.865);es="Linear";ed="In";};["000-offset.001"]={cf=cfr(0,0,0,.278,.961,0,-.961,.278,0,0,0,1);es="Linear";ed="In";};["000-offset.002"]={cf=cfr(0,0,0,.631,-.746,.214,.776,.606,-.174,0,.276,.961);es="Linear";ed="In";};["000-offset.014"]={cf=cfr(0,0,0,.151,-.988,.015,.988,.151,-.022,.02,.018,1);es="Linear";ed="In";};["000-offset.004"]={cf=cfr(0,0,0,.46,-.888,0,.888,.46,0,0,0,1);es="Linear";ed="In";};["000-offset.007"]={cf=cfr(0,0,0,.486,-.874,0,.874,.486,0,0,0,1);es="Linear";ed="In";};};{tm=.333;["root"]={cf=cfr(0,1.495,.493,0,0,1,0,1,0,-1,0,0);es="Linear";ed="In";};["000-offset"]={cf=cfr(0,0,0,-.381,.924,0,-.924,-.381,0,0,0,1);es="Linear";ed="In";};["000-offset.009"]={cf=cfr(0,0,0,-.879,.161,.448,-.162,-.986,.037,.447,-.041,.893);es="Linear";ed="In";};["000-offset.012"]={cf=cfr(0,0,0,-.835,.309,-.455,-.236,-.949,-.211,-.497,-.068,.865);es="Linear";ed="In";};["000-offset.001"]={cf=cfr(0,0,0,.28,.96,0,-.96,.28,0,0,0,1);es="Linear";ed="In";};["000-offset.002"]={cf=cfr(0,0,0,.631,-.73,.262,.776,.594,-.213,0,.338,.941);es="Linear";ed="In";};["000-offset.014"]={cf=cfr(0,0,0,.151,-.988,.019,.988,.151,-.023,.02,.022,1);es="Linear";ed="In";};["000-offset.004"]={cf=cfr(0,0,0,.469,-.883,0,.883,.469,0,0,0,1);es="Linear";ed="In";};["000-offset.007"]={cf=cfr(0,0,0,.491,-.871,0,.871,.491,0,0,0,1);es="Linear";ed="In";};};{tm=.375;["root"]={cf=cfr(0,1.509,.493,0,0,1,0,1,0,-1,0,0);es="Linear";ed="In";};["000-offset"]={cf=cfr(0,0,0,-.377,.926,0,-.926,-.377,0,0,0,1);es="Linear";ed="In";};["000-offset.009"]={cf=cfr(0,0,0,-.88,.158,.448,-.159,-.987,.037,.448,-.039,.893);es="Linear";ed="In";};["000-offset.012"]={cf=cfr(0,0,0,-.837,.304,-.455,-.231,-.95,-.211,-.497,-.071,.865);es="Linear";ed="In";};["000-offset.001"]={cf=cfr(0,0,0,.282,.959,0,-.959,.282,0,0,0,1);es="Linear";ed="In";};["000-offset.002"]={cf=cfr(0,0,0,.631,-.712,.309,.776,.579,-.251,0,.398,.917);es="Linear";ed="In";};["000-offset.014"]={cf=cfr(0,0,0,.151,-.988,.023,.988,.15,-.024,.02,.026,.999);es="Linear";ed="In";};["000-offset.004"]={cf=cfr(0,0,0,.477,-.879,0,.879,.477,0,0,0,1);es="Linear";ed="In";};["000-offset.007"]={cf=cfr(0,0,0,.496,-.869,0,.869,.496,0,0,0,1);es="Linear";ed="In";};};{tm=.417;["000-offset"]={cf=cfr(0,0,0,-.374,.927,0,-.927,-.374,0,0,0,1);es="Linear";ed="In";};["000-offset.009"]={cf=cfr(0,0,0,-.881,.155,.448,-.155,-.987,.036,.448,-.037,.893);es="Linear";ed="In";};["000-offset.012"]={cf=cfr(0,0,0,-.838,.301,-.455,-.227,-.951,-.211,-.496,-.073,.865);es="Linear";ed="In";};["000-offset.001"]={cf=cfr(0,0,0,.284,.959,0,-.959,.284,0,0,0,1);es="Linear";ed="In";};["000-offset.002"]={cf=cfr(0,0,0,.631,-.691,.353,.776,.562,-.287,0,.455,.89);es="Linear";ed="In";};["000-offset.014"]={cf=cfr(0,0,0,.151,-.988,.027,.988,.15,-.024,.02,.03,.999);es="Linear";ed="In";};["000-offset.004"]={cf=cfr(0,0,0,.484,-.875,0,.875,.484,0,0,0,1);es="Linear";ed="In";};["000-offset.007"]={cf=cfr(0,0,0,.5,-.866,0,.866,.5,0,0,0,1);es="Linear";ed="In";};};{tm=.458;["000-offset"]={cf=cfr(0,0,0,-.371,.929,0,-.929,-.371,0,0,0,1);es="Linear";ed="In";};["000-offset.009"]={cf=cfr(0,0,0,-.881,.152,.448,-.152,-.988,.037,.448,-.036,.893);es="Linear";ed="In";};["000-offset.012"]={cf=cfr(0,0,0,-.839,.297,-.455,-.223,-.952,-.211,-.496,-.075,.865);es="Linear";ed="In";};["000-offset.001"]={cf=cfr(0,0,0,.285,.958,0,-.958,.285,0,0,0,1);es="Linear";ed="In";};["000-offset.002"]={cf=cfr(0,0,0,.631,-.668,.393,.776,.544,-.32,0,.507,.862);es="Linear";ed="In";};["000-offset.014"]={cf=cfr(0,0,0,.151,-.988,.03,.988,.15,-.025,.02,.033,.999);es="Linear";ed="In";};["000-offset.004"]={cf=cfr(0,0,0,.49,-.872,0,.872,.49,0,0,0,1);es="Linear";ed="In";};["000-offset.007"]={cf=cfr(0,0,0,.503,-.864,0,.864,.503,0,0,0,1);es="Linear";ed="In";};};{tm=.5;["000-offset"]={cf=cfr(0,0,0,-.369,.929,0,-.929,-.369,0,0,0,1);es="Linear";ed="In";};["000-offset.009"]={cf=cfr(0,0,0,-.882,.15,.448,-.149,-.988,.036,.448,-.035,.893);es="Linear";ed="In";};["000-offset.012"]={cf=cfr(0,0,0,-.84,.295,-.456,-.22,-.952,-.211,-.496,-.077,.865);es="Linear";ed="In";};["000-offset.001"]={cf=cfr(0,0,0,.286,.958,0,-.958,.286,0,0,0,1);es="Linear";ed="In";};["000-offset.002"]={cf=cfr(0,0,0,.631,-.646,.429,.776,.526,-.349,0,.553,.833);es="Linear";ed="In";};["000-offset.014"]={cf=cfr(0,0,0,.151,-.988,.033,.988,.15,-.025,.02,.036,.999);es="Linear";ed="In";};["000-offset.004"]={cf=cfr(0,0,0,.495,-.869,0,.869,.495,0,0,0,1);es="Linear";ed="In";};["000-offset.007"]={cf=cfr(0,0,0,.506,-.863,0,.863,.506,0,0,0,1);es="Linear";ed="In";};};{tm=.542;["000-offset"]={cf=cfr(0,0,0,-.367,.93,0,-.93,-.367,0,0,0,1);es="Linear";ed="In";};["000-offset.009"]={cf=cfr(0,0,0,-.881,.151,.448,-.15,-.988,.038,.448,-.034,.893);es="Linear";ed="In";};["000-offset.012"]={cf=cfr(0,0,0,-.84,.293,-.456,-.218,-.953,-.211,-.496,-.078,.865);es="Linear";ed="In";};["000-offset.001"]={cf=cfr(0,0,0,.286,.958,0,-.958,.286,0,0,0,1);es="Linear";ed="In";};["000-offset.002"]={cf=cfr(0,0,0,.631,-.626,.458,.776,.509,-.373,0,.591,.807);es="Linear";ed="In";};["000-offset.014"]={cf=cfr(0,0,0,.151,-.988,.034,.988,.15,-.025,.02,.038,.999);es="Linear";ed="In";};["000-offset.004"]={cf=cfr(0,0,0,.498,-.867,0,.867,.498,0,0,0,1);es="Linear";ed="In";};["000-offset.007"]={cf=cfr(0,0,0,.507,-.862,0,.862,.507,0,0,0,1);es="Linear";ed="In";};};{tm=.583;["000-offset"]={cf=cfr(0,0,0,-.368,.93,0,-.93,-.368,0,0,0,1);es="Linear";ed="In";};["000-offset.009"]={cf=cfr(0,0,0,-.881,.153,.448,-.151,-.988,.039,.448,-.034,.893);es="Linear";ed="In";};["000-offset.012"]={cf=cfr(0,0,0,-.84,.295,-.456,-.219,-.952,-.212,-.496,-.078,.865);es="Linear";ed="In";};["000-offset.001"]={cf=cfr(0,0,0,.285,.958,0,-.958,.285,0,0,0,1);es="Linear";ed="In";};["000-offset.002"]={cf=cfr(0,0,0,.631,-.609,.48,.775,.496,-.391,0,.62,.785);es="Linear";ed="In";};["000-offset.014"]={cf=cfr(0,0,0,.151,-.988,.035,.988,.15,-.025,.02,.038,.999);es="Linear";ed="In";};["000-offset.007"]={cf=cfr(0,0,0,.508,-.861,0,.861,.508,0,0,0,1);es="Linear";ed="In";};};{tm=.625;["000-offset"]={cf=cfr(0,0,0,-.37,.929,0,-.929,-.37,0,0,0,1);es="Linear";ed="In";};["000-offset.009"]={cf=cfr(0,0,0,-.881,.154,.448,-.153,-.988,.039,.448,-.034,.893);es="Linear";ed="In";};["000-offset.012"]={cf=cfr(0,0,0,-.84,.296,-.455,-.221,-.952,-.213,-.496,-.078,.865);es="Linear";ed="In";};["000-offset.001"]={cf=cfr(0,0,0,.285,.959,0,-.959,.285,0,0,0,1);es="Linear";ed="In";};["000-offset.002"]={cf=cfr(0,0,0,.631,-.597,.495,.775,.486,-.403,0,.639,.769);es="Linear";ed="In";};["000-offset.014"]={cf=cfr(0,0,0,.151,-.988,.034,.988,.15,-.025,.02,.038,.999);es="Linear";ed="In";};["000-offset.004"]={cf=cfr(0,0,0,.498,-.867,0,.867,.498,0,0,0,1);es="Linear";ed="In";};["000-offset.007"]={cf=cfr(0,0,0,.507,-.862,0,.862,.507,0,0,0,1);es="Linear";ed="In";};};{tm=.667;["000-offset"]={cf=cfr(0,0,0,-.371,.929,0,-.929,-.371,0,0,0,1);es="Linear";ed="In";};["000-offset.009"]={cf=cfr(0,0,0,-.881,.155,.448,-.154,-.987,.039,.448,-.034,.893);es="Linear";ed="In";};["000-offset.012"]={cf=cfr(0,0,0,-.839,.298,-.455,-.222,-.952,-.212,-.497,-.077,.865);es="Linear";ed="In";};["000-offset.001"]={cf=cfr(0,0,0,.284,.959,0,-.959,.284,0,0,0,1);es="Linear";ed="In";};["000-offset.002"]={cf=cfr(0,0,0,.632,-.591,.502,.775,.481,-.409,0,.647,.762);es="Linear";ed="In";};["000-offset.014"]={cf=cfr(0,0,0,.151,-.988,.033,.988,.15,-.025,.02,.036,.999);es="Linear";ed="In";};["000-offset.004"]={cf=cfr(0,0,0,.496,-.868,0,.868,.496,0,0,0,1);es="Linear";ed="In";};["000-offset.007"]={cf=cfr(0,0,0,.506,-.863,0,.863,.506,0,0,0,1);es="Linear";ed="In";};};{tm=.708;["000-offset"]={cf=cfr(0,0,0,-.372,.928,0,-.928,-.372,0,0,0,1);es="Linear";ed="In";};["000-offset.009"]={cf=cfr(0,0,0,-.881,.156,.448,-.155,-.987,.038,.448,-.035,.893);es="Linear";ed="In";};["000-offset.012"]={cf=cfr(0,0,0,-.839,.299,-.456,-.224,-.951,-.212,-.497,-.076,.865);es="Linear";ed="In";};["000-offset.001"]={cf=cfr(0,0,0,.284,.959,0,-.959,.284,0,0,0,1);es="Linear";ed="In";};["000-offset.002"]={cf=cfr(0,0,0,.632,-.593,.499,.775,.483,-.407,0,.644,.765);es="Linear";ed="In";};["000-offset.014"]={cf=cfr(0,0,0,.151,-.988,.031,.988,.15,-.025,.02,.034,.999);es="Linear";ed="In";};["000-offset.004"]={cf=cfr(0,0,0,.491,-.871,0,.871,.491,0,0,0,1);es="Linear";ed="In";};["000-offset.007"]={cf=cfr(0,0,0,.504,-.864,0,.864,.504,0,0,0,1);es="Linear";ed="In";};};{tm=.75;["000-offset"]={cf=cfr(0,0,0,-.373,.928,0,-.928,-.373,0,0,0,1);es="Linear";ed="In";};["000-offset.009"]={cf=cfr(0,0,0,-.88,.156,.448,-.156,-.987,.038,.448,-.037,.893);es="Linear";ed="In";};["000-offset.012"]={cf=cfr(0,0,0,-.838,.299,-.456,-.225,-.951,-.211,-.497,-.074,.865);es="Linear";ed="In";};["000-offset.001"]={cf=cfr(0,0,0,.283,.959,0,-.959,.283,0,0,0,1);es="Linear";ed="In";};["000-offset.002"]={cf=cfr(0,0,0,.632,-.601,.49,.775,.49,-.399,0,.632,.775);es="Linear";ed="In";};["000-offset.014"]={cf=cfr(0,0,0,.151,-.988,.028,.988,.15,-.024,.02,.031,.999);es="Linear";ed="In";};["000-offset.004"]={cf=cfr(0,0,0,.486,-.874,0,.874,.486,0,0,0,1);es="Linear";ed="In";};["000-offset.007"]={cf=cfr(0,0,0,.501,-.866,0,.866,.501,0,0,0,1);es="Linear";ed="In";};};{tm=.792;["root"]={cf=cfr(0,1.509,.493,0,0,1,0,1,0,-1,0,0);es="Linear";ed="In";};["000-offset"]={cf=cfr(0,0,0,-.376,.926,0,-.926,-.376,0,0,0,1);es="Linear";ed="In";};["000-offset.009"]={cf=cfr(0,0,0,-.88,.157,.448,-.157,-.987,.037,.448,-.038,.893);es="Linear";ed="In";};["000-offset.012"]={cf=cfr(0,0,0,-.837,.303,-.456,-.229,-.95,-.211,-.497,-.072,.865);es="Linear";ed="In";};["000-offset.001"]={cf=cfr(0,0,0,.283,.959,0,-.959,.283,0,0,0,1);es="Linear";ed="In";};["000-offset.002"]={cf=cfr(0,0,0,.632,-.612,.476,.775,.499,-.388,0,.614,.789);es="Linear";ed="In";};["000-offset.014"]={cf=cfr(0,0,0,.151,-.988,.024,.988,.15,-.024,.02,.028,.999);es="Linear";ed="In";};["000-offset.004"]={cf=cfr(0,0,0,.479,-.878,0,.878,.479,0,0,0,1);es="Linear";ed="In";};["000-offset.007"]={cf=cfr(0,0,0,.497,-.868,0,.868,.497,0,0,0,1);es="Linear";ed="In";};};{tm=.833;["root"]={cf=cfr(0,1.495,.493,0,0,1,0,1,0,-1,0,0);es="Linear";ed="In";};["000-offset"]={cf=cfr(0,0,0,-.38,.925,0,-.925,-.38,0,0,0,1);es="Linear";ed="In";};["000-offset.009"]={cf=cfr(0,0,0,-.88,.16,.448,-.161,-.986,.037,.447,-.04,.893);es="Linear";ed="In";};["000-offset.012"]={cf=cfr(0,0,0,-.836,.307,-.456,-.234,-.949,-.211,-.497,-.07,.865);es="Linear";ed="In";};["000-offset.001"]={cf=cfr(0,0,0,.281,.96,0,-.96,.281,0,0,0,1);es="Linear";ed="In";};["000-offset.002"]={cf=cfr(0,0,0,.632,-.625,.458,.775,.509,-.374,0,.591,.806);es="Linear";ed="In";};["000-offset.014"]={cf=cfr(0,0,0,.151,-.988,.021,.988,.15,-.023,.02,.024,1);es="Linear";ed="In";};["000-offset.004"]={cf=cfr(0,0,0,.472,-.882,0,.882,.472,0,0,0,1);es="Linear";ed="In";};["000-offset.007"]={cf=cfr(0,0,0,.493,-.87,0,.87,.493,0,0,0,1);es="Linear";ed="In";};};{tm=.875;["000-offset"]={cf=cfr(0,0,0,-.383,.924,0,-.924,-.383,0,0,0,1);es="Linear";ed="In";};["000-offset.009"]={cf=cfr(0,0,0,-.879,.163,.448,-.165,-.986,.037,.447,-.042,.893);es="Linear";ed="In";};["000-offset.012"]={cf=cfr(0,0,0,-.834,.311,-.455,-.238,-.948,-.21,-.497,-.067,.865);es="Linear";ed="In";};["000-offset.001"]={cf=cfr(0,0,0,.279,.96,0,-.96,.279,0,0,0,1);es="Linear";ed="In";};["000-offset.002"]={cf=cfr(0,0,0,.633,-.64,.436,.774,.523,-.357,0,.564,.826);es="Linear";ed="In";};["000-offset.014"]={cf=cfr(0,0,0,.151,-.988,.017,.988,.151,-.023,.02,.02,1);es="Linear";ed="In";};["000-offset.004"]={cf=cfr(0,0,0,.464,-.886,0,.886,.464,0,0,0,1);es="Linear";ed="In";};["000-offset.007"]={cf=cfr(0,0,0,.489,-.872,0,.872,.489,0,0,0,1);es="Linear";ed="In";};};{tm=.917;["000-offset"]={cf=cfr(0,0,0,-.387,.922,0,-.922,-.387,0,0,0,1);es="Linear";ed="In";};["000-offset.009"]={cf=cfr(0,0,0,-.878,.167,.448,-.169,-.985,.036,.447,-.043,.893);es="Linear";ed="In";};["000-offset.012"]={cf=cfr(0,0,0,-.833,.315,-.455,-.243,-.947,-.21,-.497,-.065,.865);es="Linear";ed="In";};["000-offset.001"]={cf=cfr(0,0,0,.277,.961,0,-.961,.277,0,0,0,1);es="Linear";ed="In";};["000-offset.002"]={cf=cfr(0,0,0,.634,-.656,.41,.773,.537,-.337,.001,.531,.847);es="Linear";ed="In";};["000-offset.014"]={cf=cfr(0,0,0,.151,-.988,.013,.988,.151,-.022,.02,.016,1);es="Linear";ed="In";};["000-offset.004"]={cf=cfr(0,0,0,.456,-.89,0,.89,.456,0,0,0,1);es="Linear";ed="In";};["000-offset.007"]={cf=cfr(0,0,0,.484,-.875,0,.875,.484,0,0,0,1);es="Linear";ed="In";};};{tm=.958;["root"]={cf=cfr(0,1.495,.493,0,0,1,0,1,0,-1,0,0);es="Linear";ed="In";};["000-offset"]={cf=cfr(0,0,0,-.391,.921,0,-.921,-.391,0,0,0,1);es="Linear";ed="In";};["000-offset.009"]={cf=cfr(0,0,0,-.878,.17,.448,-.172,-.984,.037,.447,-.045,.893);es="Linear";ed="In";};["000-offset.012"]={cf=cfr(0,0,0,-.831,.319,-.455,-.248,-.946,-.21,-.498,-.062,.865);es="Linear";ed="In";};["000-offset.001"]={cf=cfr(0,0,0,.275,.961,0,-.961,.275,0,0,0,1);es="Linear";ed="In";};["000-offset.002"]={cf=cfr(0,0,0,.635,-.672,.381,.772,.552,-.314,.001,.494,.87);es="Linear";ed="In";};["000-offset.014"]={cf=cfr(0,0,0,.151,-.988,.009,.988,.151,-.021,.02,.012,1);es="Linear";ed="In";};["000-offset.004"]={cf=cfr(0,0,0,.448,-.894,0,.894,.448,0,0,0,1);es="Linear";ed="In";};["000-offset.007"]={cf=cfr(0,0,0,.48,-.877,0,.877,.48,0,0,0,1);es="Linear";ed="In";};};{tm=1;["root"]={cf=cfr(0,1.48,.493,0,0,1,0,1,0,-1,0,0);es="Linear";ed="In";};["000-offset"]={cf=cfr(0,0,0,-.394,.919,0,-.919,-.394,0,0,0,1);es="Linear";ed="In";};["000-offset.009"]={cf=cfr(0,0,0,-.877,.173,.448,-.176,-.984,.036,.447,-.047,.893);es="Linear";ed="In";};["000-offset.012"]={cf=cfr(0,0,0,-.83,.323,-.455,-.252,-.945,-.211,-.498,-.06,.865);es="Linear";ed="In";};["000-offset.001"]={cf=cfr(0,0,0,.273,.962,0,-.962,.273,0,0,0,1);es="Linear";ed="In";};["000-offset.002"]={cf=cfr(0,0,0,.637,-.688,.348,.771,.568,-.289,.001,.452,.892);es="Linear";ed="In";};["000-offset.014"]={cf=cfr(0,0,0,.151,-.989,.005,.988,.151,-.021,.02,.009,1);es="Linear";ed="In";};["000-offset.004"]={cf=cfr(0,0,0,.441,-.898,0,.898,.441,0,0,0,1);es="Linear";ed="In";};["000-offset.007"]={cf=cfr(0,0,0,.476,-.88,0,.88,.476,0,0,0,1);es="Linear";ed="In";};};{tm=1.042;["000-offset"]={cf=cfr(0,0,0,-.397,.918,0,-.918,-.397,0,0,0,1);es="Linear";ed="In";};["000-offset.009"]={cf=cfr(0,0,0,-.876,.177,.448,-.179,-.983,.037,.447,-.048,.893);es="Linear";ed="In";};["000-offset.012"]={cf=cfr(0,0,0,-.828,.326,-.455,-.256,-.944,-.21,-.498,-.058,.865);es="Linear";ed="In";};["000-offset.001"]={cf=cfr(0,0,0,.272,.962,0,-.962,.272,0,0,0,1);es="Linear";ed="In";};["000-offset.002"]={cf=cfr(0,0,0,.638,-.704,.311,.77,.583,-.26,.002,.406,.914);es="Linear";ed="In";};["000-offset.014"]={cf=cfr(0,0,0,.151,-.989,.002,.988,.151,-.02,.02,.005,1);es="Linear";ed="In";};["000-offset.004"]={cf=cfr(0,0,0,.434,-.901,0,.901,.434,0,0,0,1);es="Linear";ed="In";};["000-offset.007"]={cf=cfr(0,0,0,.472,-.881,0,.881,.472,0,0,0,1);es="Linear";ed="In";};};{tm=1.083;["000-offset"]={cf=cfr(0,0,0,-.399,.917,0,-.917,-.399,0,0,0,1);es="Linear";ed="In";};["000-offset.009"]={cf=cfr(0,0,0,-.876,.178,.449,-.181,-.983,.036,.447,-.05,.893);es="Linear";ed="In";};["000-offset.012"]={cf=cfr(0,0,0,-.827,.329,-.455,-.26,-.943,-.211,-.498,-.056,.865);es="Linear";ed="In";};["000-offset.001"]={cf=cfr(0,0,0,.271,.963,0,-.963,.271,0,0,0,1);es="Linear";ed="In";};["000-offset.002"]={cf=cfr(0,0,0,.64,-.719,.272,.768,.597,-.229,.002,.356,.935);es="Linear";ed="In";};["000-offset.014"]={cf=cfr(0,0,0,.151,-.989,-.001,.988,.151,-.02,.02,.002,1);es="Linear";ed="In";};["000-offset.004"]={cf=cfr(0,0,0,.428,-.904,0,.904,.428,0,0,0,1);es="Linear";ed="In";};["000-offset.007"]={cf=cfr(0,0,0,.469,-.883,0,.883,.469,0,0,0,1);es="Linear";ed="In";};};{tm=1.125;["000-offset"]={cf=cfr(0,0,0,-.402,.916,0,-.916,-.402,0,0,0,1);es="Linear";ed="In";};["000-offset.009"]={cf=cfr(0,0,0,-.875,.18,.449,-.184,-.982,.036,.447,-.051,.893);es="Linear";ed="In";};["000-offset.012"]={cf=cfr(0,0,0,-.827,.331,-.456,-.261,-.942,-.21,-.499,-.055,.865);es="Linear";ed="In";};["000-offset.001"]={cf=cfr(0,0,0,.27,.963,0,-.963,.27,0,0,0,1);es="Linear";ed="In";};["000-offset.002"]={cf=cfr(0,0,0,.641,-.732,.231,.767,.611,-.196,.003,.303,.953);es="Linear";ed="In";};["000-offset.014"]={cf=cfr(0,0,0,.151,-.989,-.003,.988,.151,-.02,.02,0,1);es="Linear";ed="In";};["000-offset.004"]={cf=cfr(0,0,0,.424,-.906,0,.906,.424,0,0,0,1);es="Linear";ed="In";};["000-offset.007"]={cf=cfr(0,0,0,.467,-.884,0,.884,.467,0,0,0,1);es="Linear";ed="In";};};{tm=1.167;["000-offset"]={cf=cfr(0,0,0,-.401,.916,0,-.916,-.401,0,0,0,1);es="Linear";ed="In";};["000-offset.009"]={cf=cfr(0,0,0,-.875,.182,.449,-.186,-.982,.037,.447,-.051,.893);es="Linear";ed="In";};["000-offset.012"]={cf=cfr(0,0,0,-.826,.332,-.456,-.263,-.942,-.21,-.499,-.054,.865);es="Linear";ed="In";};["000-offset.001"]={cf=cfr(0,0,0,.269,.963,0,-.963,.269,0,0,0,1);es="Linear";ed="In";};["000-offset.002"]={cf=cfr(0,0,0,.643,-.743,.187,.766,.623,-.161,.003,.246,.969);es="Linear";ed="In";};["000-offset.014"]={cf=cfr(0,0,0,.151,-.989,-.004,.988,.151,-.019,.02,-.001,1);es="Linear";ed="In";};["000-offset.004"]={cf=cfr(0,0,0,.421,-.907,0,.907,.421,0,0,0,1);es="Linear";ed="In";};["000-offset.007"]={cf=cfr(0,0,0,.466,-.885,0,.885,.466,0,0,0,1);es="Linear";ed="In";};};{tm=1.208;["000-offset"]={cf=cfr(0,0,0,-.4,.916,0,-.916,-.4,0,0,0,1);es="Linear";ed="In";};["000-offset.009"]={cf=cfr(0,0,0,-.875,.181,.449,-.184,-.982,.036,.448,-.051,.893);es="Linear";ed="In";};["000-offset.012"]={cf=cfr(0,0,0,-.825,.334,-.456,-.264,-.941,-.211,-.499,-.053,.865);es="Linear";ed="In";};["000-offset.001"]={cf=cfr(0,0,0,.269,.963,0,-.963,.269,0,0,0,1);es="Linear";ed="In";};["000-offset.002"]={cf=cfr(0,0,0,.644,-.751,.142,.765,.632,-.123,.003,.188,.982);es="Linear";ed="In";};["000-offset.014"]={cf=cfr(0,0,0,.151,-.989,-.005,.988,.151,-.019,.02,-.002,1);es="Linear";ed="In";};["000-offset.007"]={cf=cfr(0,0,0,.464,-.886,0,.886,.464,0,0,0,1);es="Linear";ed="In";};};{tm=1.25;["000-offset"]={cf=cfr(0,0,0,-.399,.917,0,-.917,-.399,0,0,0,1);es="Linear";ed="In";};["000-offset.009"]={cf=cfr(0,0,0,-.875,.179,.449,-.183,-.982,.035,.448,-.051,.893);es="Linear";ed="In";};["000-offset.012"]={cf=cfr(0,0,0,-.826,.332,-.456,-.263,-.942,-.21,-.499,-.054,.865);es="Linear";ed="In";};["000-offset.001"]={cf=cfr(0,0,0,.27,.963,0,-.963,.27,0,0,0,1);es="Linear";ed="In";};["000-offset.002"]={cf=cfr(0,0,0,.646,-.758,.095,.764,.64,-.085,.004,.128,.992);es="Linear";ed="In";};["000-offset.014"]={cf=cfr(0,0,0,.151,-.989,-.004,.988,.151,-.019,.02,-.001,1);es="Linear";ed="In";};["000-offset.004"]={cf=cfr(0,0,0,.421,-.907,0,.907,.421,0,0,0,1);es="Linear";ed="In";};["000-offset.007"]={cf=cfr(0,0,0,.465,-.885,0,.885,.465,0,0,0,1);es="Linear";ed="In";};};{tm=1.292;["000-offset"]={cf=cfr(0,0,0,-.399,.917,0,-.917,-.399,0,0,0,1);es="Linear";ed="In";};["000-offset.009"]={cf=cfr(0,0,0,-.876,.178,.449,-.182,-.983,.035,.448,-.051,.893);es="Linear";ed="In";};["000-offset.012"]={cf=cfr(0,0,0,-.827,.331,-.456,-.261,-.942,-.21,-.499,-.055,.865);es="Linear";ed="In";};["000-offset.001"]={cf=cfr(0,0,0,.27,.963,0,-.963,.27,0,0,0,1);es="Linear";ed="In";};["000-offset.002"]={cf=cfr(0,0,0,.647,-.761,.048,.763,.645,-.046,.004,.066,.998);es="Linear";ed="In";};["000-offset.014"]={cf=cfr(0,0,0,.151,-.989,-.003,.988,.151,-.02,.02,0,1);es="Linear";ed="In";};["000-offset.004"]={cf=cfr(0,0,0,.424,-.906,0,.906,.424,0,0,0,1);es="Linear";ed="In";};["000-offset.007"]={cf=cfr(0,0,0,.467,-.884,0,.884,.467,0,0,0,1);es="Linear";ed="In";};};{tm=1.333;["000-offset"]={cf=cfr(0,0,0,-.398,.917,0,-.917,-.398,0,0,0,1);es="Linear";ed="In";};["000-offset.009"]={cf=cfr(0,0,0,-.876,.177,.449,-.181,-.983,.036,.448,-.05,.893);es="Linear";ed="In";};["000-offset.012"]={cf=cfr(0,0,0,-.827,.329,-.455,-.26,-.943,-.211,-.498,-.056,.865);es="Linear";ed="In";};["000-offset.001"]={cf=cfr(0,0,0,.271,.963,0,-.963,.271,0,0,0,1);es="Linear";ed="In";};["000-offset.002"]={cf=cfr(0,0,0,.648,-.762,.001,.762,.648,-.006,.004,.005,1);es="Linear";ed="In";};["000-offset.014"]={cf=cfr(0,0,0,.151,-.989,-.001,.988,.151,-.02,.02,.002,1);es="Linear";ed="In";};["000-offset.004"]={cf=cfr(0,0,0,.428,-.904,0,.904,.428,0,0,0,1);es="Linear";ed="In";};["000-offset.007"]={cf=cfr(0,0,0,.47,-.883,0,.883,.47,0,0,0,1);es="Linear";ed="In";};};{tm=1.375;["000-offset"]={cf=cfr(0,0,0,-.397,.918,0,-.918,-.397,0,0,0,1);es="Linear";ed="In";};["000-offset.009"]={cf=cfr(0,0,0,-.876,.177,.449,-.179,-.983,.037,.448,-.048,.893);es="Linear";ed="In";};["000-offset.012"]={cf=cfr(0,0,0,-.828,.326,-.455,-.256,-.944,-.21,-.498,-.058,.865);es="Linear";ed="In";};["000-offset.001"]={cf=cfr(0,0,0,.272,.962,0,-.962,.272,0,0,0,1);es="Linear";ed="In";};["000-offset.002"]={cf=cfr(0,0,0,.649,-.76,-.046,.761,.648,.033,.004,-.057,.998);es="Linear";ed="In";};["000-offset.014"]={cf=cfr(0,0,0,.151,-.989,.002,.988,.151,-.02,.02,.005,1);es="Linear";ed="In";};["000-offset.004"]={cf=cfr(0,0,0,.434,-.901,0,.901,.434,0,0,0,1);es="Linear";ed="In";};["000-offset.007"]={cf=cfr(0,0,0,.474,-.881,0,.881,.474,0,0,0,1);es="Linear";ed="In";};};{tm=1.417;["root"]={cf=cfr(0,1.48,.493,0,0,1,0,1,0,-1,0,0);es="Linear";ed="In";};["000-offset"]={cf=cfr(0,0,0,-.394,.919,0,-.919,-.394,0,0,0,1);es="Linear";ed="In";};["000-offset.009"]={cf=cfr(0,0,0,-.877,.173,.449,-.176,-.984,.037,.448,-.047,.893);es="Linear";ed="In";};["000-offset.012"]={cf=cfr(0,0,0,-.83,.323,-.455,-.252,-.945,-.211,-.498,-.06,.865);es="Linear";ed="In";};["000-offset.001"]={cf=cfr(0,0,0,.273,.962,0,-.962,.273,0,0,0,1);es="Linear";ed="In";};["000-offset.002"]={cf=cfr(0,0,0,.648,-.756,-.092,.761,.644,.072,.004,-.117,.993);es="Linear";ed="In";};["000-offset.014"]={cf=cfr(0,0,0,.151,-.989,.005,.988,.151,-.021,.02,.009,1);es="Linear";ed="In";};["000-offset.004"]={cf=cfr(0,0,0,.441,-.898,0,.898,.441,0,0,0,1);es="Linear";ed="In";};["000-offset.007"]={cf=cfr(0,0,0,.478,-.878,0,.878,.478,0,0,0,1);es="Linear";ed="In";};};{tm=1.458;["root"]={cf=cfr(0,1.495,.493,0,0,1,0,1,0,-1,0,0);es="Linear";ed="In";};["000-offset"]={cf=cfr(0,0,0,-.391,.921,0,-.921,-.391,0,0,0,1);es="Linear";ed="In";};["000-offset.009"]={cf=cfr(0,0,0,-.877,.17,.449,-.172,-.984,.037,.448,-.045,.893);es="Linear";ed="In";};["000-offset.012"]={cf=cfr(0,0,0,-.831,.319,-.455,-.248,-.946,-.21,-.498,-.062,.865);es="Linear";ed="In";};["000-offset.001"]={cf=cfr(0,0,0,.275,.961,0,-.961,.275,0,0,0,1);es="Linear";ed="In";};["000-offset.002"]={cf=cfr(0,0,0,.648,-.749,-.136,.761,.639,.11,.004,-.175,.985);es="Linear";ed="In";};["000-offset.014"]={cf=cfr(0,0,0,.151,-.988,.009,.988,.151,-.021,.02,.012,1);es="Linear";ed="In";};["000-offset.004"]={cf=cfr(0,0,0,.448,-.894,0,.894,.448,0,0,0,1);es="Linear";ed="In";};["000-offset.007"]={cf=cfr(0,0,0,.483,-.876,0,.876,.483,0,0,0,1);es="Linear";ed="In";};};{tm=1.5;["000-offset"]={cf=cfr(0,0,0,-.387,.922,0,-.922,-.387,0,0,0,1);es="Linear";ed="In";};["000-offset.009"]={cf=cfr(0,0,0,-.878,.167,.448,-.169,-.985,.037,.448,-.043,.893);es="Linear";ed="In";};["000-offset.012"]={cf=cfr(0,0,0,-.833,.315,-.455,-.243,-.947,-.21,-.497,-.065,.865);es="Linear";ed="In";};["000-offset.001"]={cf=cfr(0,0,0,.277,.961,0,-.961,.277,0,0,0,1);es="Linear";ed="In";};["000-offset.002"]={cf=cfr(0,0,0,.648,-.74,-.178,.762,.631,.146,.004,-.231,.973);es="Linear";ed="In";};["000-offset.014"]={cf=cfr(0,0,0,.151,-.988,.013,.988,.151,-.022,.02,.016,1);es="Linear";ed="In";};["000-offset.004"]={cf=cfr(0,0,0,.456,-.89,0,.89,.456,0,0,0,1);es="Linear";ed="In";};["000-offset.007"]={cf=cfr(0,0,0,.488,-.873,0,.873,.488,0,0,0,1);es="Linear";ed="In";};};{tm=1.542;["000-offset"]={cf=cfr(0,0,0,-.383,.924,0,-.924,-.383,0,0,0,1);es="Linear";ed="In";};["000-offset.009"]={cf=cfr(0,0,0,-.879,.163,.448,-.165,-.986,.037,.448,-.042,.893);es="Linear";ed="In";};["000-offset.012"]={cf=cfr(0,0,0,-.834,.311,-.455,-.238,-.948,-.21,-.497,-.067,.865);es="Linear";ed="In";};["000-offset.001"]={cf=cfr(0,0,0,.279,.96,0,-.96,.279,0,0,0,1);es="Linear";ed="In";};["000-offset.002"]={cf=cfr(0,0,0,.648,-.73,-.219,.762,.622,.18,.004,-.283,.959);es="Linear";ed="In";};["000-offset.014"]={cf=cfr(0,0,0,.151,-.988,.017,.988,.151,-.023,.02,.02,1);es="Linear";ed="In";};["000-offset.004"]={cf=cfr(0,0,0,.464,-.886,0,.886,.464,0,0,0,1);es="Linear";ed="In";};["000-offset.007"]={cf=cfr(0,0,0,.493,-.87,0,.87,.493,0,0,0,1);es="Linear";ed="In";};};{tm=1.583;["root"]={cf=cfr(0,1.495,.493,0,0,1,0,1,0,-1,0,0);es="Linear";ed="In";};["000-offset"]={cf=cfr(0,0,0,-.38,.925,0,-.925,-.38,0,0,0,1);es="Linear";ed="In";};["000-offset.009"]={cf=cfr(0,0,0,-.879,.16,.448,-.161,-.986,.037,.448,-.04,.893);es="Linear";ed="In";};["000-offset.012"]={cf=cfr(0,0,0,-.836,.307,-.455,-.234,-.949,-.211,-.497,-.07,.865);es="Linear";ed="In";};["000-offset.001"]={cf=cfr(0,0,0,.281,.96,0,-.96,.281,0,0,0,1);es="Linear";ed="In";};["000-offset.002"]={cf=cfr(0,0,0,.648,-.718,-.256,.762,.612,.213,.004,-.333,.943);es="Linear";ed="In";};["000-offset.014"]={cf=cfr(0,0,0,.151,-.988,.021,.988,.15,-.023,.02,.024,1);es="Linear";ed="In";};["000-offset.004"]={cf=cfr(0,0,0,.472,-.882,0,.882,.472,0,0,0,1);es="Linear";ed="In";};["000-offset.007"]={cf=cfr(0,0,0,.499,-.867,0,.867,.499,0,0,0,1);es="Linear";ed="In";};};{tm=1.625;["root"]={cf=cfr(0,1.509,.493,0,0,1,0,1,0,-1,0,0);es="Linear";ed="In";};["000-offset"]={cf=cfr(0,0,0,-.376,.926,0,-.926,-.376,0,0,0,1);es="Linear";ed="In";};["000-offset.009"]={cf=cfr(0,0,0,-.88,.157,.448,-.157,-.987,.037,.448,-.038,.893);es="Linear";ed="In";};["000-offset.012"]={cf=cfr(0,0,0,-.837,.303,-.455,-.229,-.95,-.211,-.497,-.072,.865);es="Linear";ed="In";};["000-offset.001"]={cf=cfr(0,0,0,.283,.959,0,-.959,.283,0,0,0,1);es="Linear";ed="In";};["000-offset.002"]={cf=cfr(0,0,0,.646,-.706,-.291,.763,.599,.242,.004,-.378,.926);es="Linear";ed="In";};["000-offset.014"]={cf=cfr(0,0,0,.151,-.988,.024,.988,.15,-.024,.02,.028,.999);es="Linear";ed="In";};["000-offset.004"]={cf=cfr(0,0,0,.479,-.878,0,.878,.479,0,0,0,1);es="Linear";ed="In";};["000-offset.007"]={cf=cfr(0,0,0,.503,-.864,0,.864,.503,0,0,0,1);es="Linear";ed="In";};};{tm=1.667;["000-offset"]={cf=cfr(0,0,0,-.373,.928,0,-.928,-.373,0,0,0,1);es="Linear";ed="In";};["000-offset.009"]={cf=cfr(0,0,0,-.881,.154,.448,-.154,-.987,.037,.448,-.037,.893);es="Linear";ed="In";};["000-offset.012"]={cf=cfr(0,0,0,-.838,.3,-.455,-.226,-.951,-.211,-.496,-.074,.865);es="Linear";ed="In";};["000-offset.001"]={cf=cfr(0,0,0,.284,.959,0,-.959,.284,0,0,0,1);es="Linear";ed="In";};["000-offset.002"]={cf=cfr(0,0,0,.644,-.694,-.322,.765,.586,.267,.003,-.419,.908);es="Linear";ed="In";};["000-offset.014"]={cf=cfr(0,0,0,.151,-.988,.028,.988,.15,-.024,.02,.031,.999);es="Linear";ed="In";};["000-offset.004"]={cf=cfr(0,0,0,.486,-.874,0,.874,.486,0,0,0,1);es="Linear";ed="In";};["000-offset.007"]={cf=cfr(0,0,0,.508,-.862,0,.862,.508,0,0,0,1);es="Linear";ed="In";};};{tm=1.708;["000-offset"]={cf=cfr(0,0,0,-.371,.929,0,-.929,-.371,0,0,0,1);es="Linear";ed="In";};["000-offset.009"]={cf=cfr(0,0,0,-.881,.151,.448,-.151,-.988,.036,.448,-.035,.893);es="Linear";ed="In";};["000-offset.012"]={cf=cfr(0,0,0,-.839,.296,-.456,-.222,-.952,-.211,-.496,-.076,.865);es="Linear";ed="In";};["000-offset.001"]={cf=cfr(0,0,0,.286,.958,0,-.958,.286,0,0,0,1);es="Linear";ed="In";};["000-offset.002"]={cf=cfr(0,0,0,.642,-.682,-.35,.767,.572,.29,.003,-.455,.891);es="Linear";ed="In";};["000-offset.014"]={cf=cfr(0,0,0,.151,-.988,.031,.988,.15,-.025,.02,.034,.999);es="Linear";ed="In";};["000-offset.004"]={cf=cfr(0,0,0,.491,-.871,0,.871,.491,0,0,0,1);es="Linear";ed="In";};["000-offset.007"]={cf=cfr(0,0,0,.511,-.859,0,.859,.511,0,0,0,1);es="Linear";ed="In";};};{tm=1.75;["000-offset"]={cf=cfr(0,0,0,-.368,.93,0,-.93,-.368,0,0,0,1);es="Linear";ed="In";};["000-offset.009"]={cf=cfr(0,0,0,-.881,.153,.448,-.152,-.988,.038,.448,-.034,.893);es="Linear";ed="In";};["000-offset.012"]={cf=cfr(0,0,0,-.84,.295,-.456,-.22,-.952,-.211,-.496,-.077,.865);es="Linear";ed="In";};["000-offset.001"]={cf=cfr(0,0,0,.285,.958,0,-.958,.285,0,0,0,1);es="Linear";ed="In";};["000-offset.002"]={cf=cfr(0,0,0,.639,-.672,-.375,.77,.559,.309,.002,-.486,.874);es="Linear";ed="In";};["000-offset.014"]={cf=cfr(0,0,0,.151,-.988,.033,.988,.15,-.025,.02,.036,.999);es="Linear";ed="In";};["000-offset.004"]={cf=cfr(0,0,0,.496,-.868,0,.868,.496,0,0,0,1);es="Linear";ed="In";};["000-offset.007"]={cf=cfr(0,0,0,.514,-.858,0,.858,.514,0,0,0,1);es="Linear";ed="In";};};{tm=1.792;["000-offset"]={cf=cfr(0,0,0,-.369,.929,0,-.929,-.369,0,0,0,1);es="Linear";ed="In";};["000-offset.009"]={cf=cfr(0,0,0,-.881,.154,.448,-.153,-.988,.039,.448,-.034,.893);es="Linear";ed="In";};["000-offset.012"]={cf=cfr(0,0,0,-.84,.294,-.456,-.218,-.953,-.211,-.496,-.078,.865);es="Linear";ed="In";};["000-offset.001"]={cf=cfr(0,0,0,.285,.959,0,-.959,.285,0,0,0,1);es="Linear";ed="In";};["000-offset.002"]={cf=cfr(0,0,0,.635,-.664,-.396,.773,.546,.324,.001,-.512,.859);es="Linear";ed="In";};["000-offset.014"]={cf=cfr(0,0,0,.151,-.988,.034,.988,.15,-.025,.02,.038,.999);es="Linear";ed="In";};["000-offset.004"]={cf=cfr(0,0,0,.498,-.867,0,.867,.498,0,0,0,1);es="Linear";ed="In";};["000-offset.007"]={cf=cfr(0,0,0,.516,-.857,0,.857,.516,0,0,0,1);es="Linear";ed="In";};};{tm=1.833;["000-offset"]={cf=cfr(0,0,0,-.37,.929,0,-.929,-.37,0,0,0,1);es="Linear";ed="In";};["000-offset.009"]={cf=cfr(0,0,0,-.881,.155,.447,-.153,-.987,.04,.448,-.034,.893);es="Linear";ed="In";};["000-offset.012"]={cf=cfr(0,0,0,-.84,.292,-.456,-.217,-.953,-.211,-.497,-.078,.864);es="Linear";ed="In";};["000-offset.001"]={cf=cfr(0,0,0,.284,.959,0,-.959,.284,0,0,0,1);es="Linear";ed="In";};["000-offset.002"]={cf=cfr(0,0,0,.63,-.657,-.413,.776,.534,.336,0,-.532,.846);es="Linear";ed="In";};["000-offset.014"]={cf=cfr(0,0,0,.151,-.988,.035,.988,.15,-.025,.02,.038,.999);es="Linear";ed="In";};};{tm=1.875;["000-offset"]={cf=cfr(0,0,0,-.371,.929,0,-.929,-.371,0,0,0,1);es="Linear";ed="In";};["000-offset.009"]={cf=cfr(0,0,0,-.881,.156,.447,-.154,-.987,.04,.448,-.034,.893);es="Linear";ed="In";};["000-offset.012"]={cf=cfr(0,0,0,-.84,.294,-.456,-.218,-.953,-.211,-.497,-.078,.864);es="Linear";ed="In";};["000-offset.001"]={cf=cfr(0,0,0,.284,.959,0,-.959,.284,0,0,0,1);es="Linear";ed="In";};["000-offset.002"]={cf=cfr(0,0,0,.624,-.655,-.426,.781,.522,.342,-.001,-.546,.838);es="Linear";ed="In";};["000-offset.014"]={cf=cfr(0,0,0,.151,-.988,.034,.988,.15,-.025,.02,.038,.999);es="Linear";ed="In";};["000-offset.004"]={cf=cfr(0,0,0,.498,-.867,0,.867,.498,0,0,0,1);es="Linear";ed="In";};["000-offset.007"]={cf=cfr(0,0,0,.516,-.857,0,.857,.516,0,0,0,1);es="Linear";ed="In";};};{tm=1.917;["000-offset"]={cf=cfr(0,0,0,-.372,.928,0,-.928,-.372,0,0,0,1);es="Linear";ed="In";};["000-offset.009"]={cf=cfr(0,0,0,-.881,.156,.447,-.155,-.987,.04,.448,-.034,.894);es="Linear";ed="In";};["000-offset.012"]={cf=cfr(0,0,0,-.84,.295,-.456,-.22,-.952,-.211,-.497,-.077,.864);es="Linear";ed="In";};["000-offset.001"]={cf=cfr(0,0,0,.284,.959,0,-.959,.284,0,0,0,1);es="Linear";ed="In";};["000-offset.002"]={cf=cfr(0,0,0,.615,-.659,-.433,.789,.511,.341,-.004,-.551,.834);es="Linear";ed="In";};["000-offset.014"]={cf=cfr(0,0,0,.151,-.988,.033,.988,.15,-.025,.02,.036,.999);es="Linear";ed="In";};["000-offset.004"]={cf=cfr(0,0,0,.496,-.868,0,.868,.496,0,0,0,1);es="Linear";ed="In";};["000-offset.007"]={cf=cfr(0,0,0,.514,-.858,0,.858,.514,0,0,0,1);es="Linear";ed="In";};};{tm=1.958;["000-offset"]={cf=cfr(0,0,0,-.372,.928,0,-.928,-.372,0,0,0,1);es="Linear";ed="In";};["000-offset.009"]={cf=cfr(0,0,0,-.881,.156,.447,-.156,-.987,.039,.448,-.035,.894);es="Linear";ed="In";};["000-offset.012"]={cf=cfr(0,0,0,-.839,.296,-.456,-.222,-.952,-.211,-.497,-.076,.865);es="Linear";ed="In";};["000-offset.001"]={cf=cfr(0,0,0,.283,.959,0,-.959,.283,0,0,0,1);es="Linear";ed="In";};["000-offset.002"]={cf=cfr(0,0,0,.603,-.669,-.435,.798,.501,.336,-.006,-.55,.835);es="Linear";ed="In";};["000-offset.014"]={cf=cfr(0,0,0,.151,-.988,.031,.988,.15,-.025,.02,.034,.999);es="Linear";ed="In";};["000-offset.004"]={cf=cfr(0,0,0,.491,-.871,0,.871,.491,0,0,0,1);es="Linear";ed="In";};["000-offset.007"]={cf=cfr(0,0,0,.511,-.859,0,.859,.511,0,0,0,1);es="Linear";ed="In";};};{tm=2;["000-offset"]={cf=cfr(0,0,0,-.373,.928,0,-.928,-.373,0,0,0,1);es="Linear";ed="In";};["000-offset.009"]={cf=cfr(0,0,0,-.88,.157,.447,-.156,-.987,.038,.448,-.037,.894);es="Linear";ed="In";};["000-offset.012"]={cf=cfr(0,0,0,-.838,.3,-.456,-.226,-.951,-.211,-.497,-.074,.865);es="Linear";ed="In";};["000-offset.001"]={cf=cfr(0,0,0,.283,.959,0,-.959,.283,0,0,0,1);es="Linear";ed="In";};["000-offset.002"]={cf=cfr(0,0,0,.589,-.682,-.433,.808,.491,.325,-.009,-.542,.841);es="Linear";ed="In";};["000-offset.014"]={cf=cfr(0,0,0,.151,-.988,.028,.988,.15,-.024,.02,.031,.999);es="Linear";ed="In";};["000-offset.004"]={cf=cfr(0,0,0,.486,-.874,0,.874,.486,0,0,0,1);es="Linear";ed="In";};["000-offset.007"]={cf=cfr(0,0,0,.508,-.862,0,.862,.508,0,0,0,1);es="Linear";ed="In";};};{tm=2.042;["root"]={cf=cfr(0,1.509,.493,0,0,1,0,1,0,-1,0,0);es="Linear";ed="In";};["000-offset"]={cf=cfr(0,0,0,-.376,.926,0,-.926,-.376,0,0,0,1);es="Linear";ed="In";};["000-offset.009"]={cf=cfr(0,0,0,-.88,.157,.448,-.157,-.987,.037,.447,-.038,.893);es="Linear";ed="In";};["000-offset.012"]={cf=cfr(0,0,0,-.837,.303,-.456,-.229,-.95,-.211,-.497,-.072,.865);es="Linear";ed="In";};["000-offset.001"]={cf=cfr(0,0,0,.283,.959,0,-.959,.283,0,0,0,1);es="Linear";ed="In";};["000-offset.002"]={cf=cfr(0,0,0,.573,-.7,-.427,.819,.481,.312,-.013,-.528,.849);es="Linear";ed="In";};["000-offset.014"]={cf=cfr(0,0,0,.151,-.988,.024,.988,.15,-.024,.02,.028,.999);es="Linear";ed="