local cfr = CFrame.new

return {{tm=0;["Head"]={cf=cfr(0,0,0,.871,-.257,.419,-.028,.826,.563,-.491,-.502,.712);es="Linear";ed="In";};["LeftUpperArm"]={cf=cfr(0,0,0,.952,.081,-.296,-.079,.997,.018,.296,.006,.955);es="Linear";ed="In";};["RightUpperArm"]={cf=cfr(-.078,.118,-.094,.684,-.574,-.45,.635,.166,.754,-.358,-.802,.478);es="Linear";ed="In";};["LeftUpperLeg"]={cf=cfr(0,0,0,.86,.424,.284,-.113,.701,-.704,-.497,.574,.651);es="Linear";ed="In";};["RightUpperLeg"]={cf=cfr(0,0,0,.98,.01,-.2,-.115,.847,-.519,.165,.531,.831);es="Linear";ed="In";};["UpperTorso"]={cf=cfr(0,0,-.015,.948,-.079,-.308,.209,.885,.416,.24,-.459,.856);es="Sine";ed="Out";};["LeftFoot"]={cf=cfr(0,0,0,1,0,0,0,1,0,0,0,1);es="Linear";ed="In";};["LeftLowerLeg"]={cf=cfr(0,0,0,1,0,0,0,-.342,.94,0,-.94,-.342);es="Linear";ed="In";};["RightHand"]={cf=cfr(0,0,0,1,0,0,0,1,0,0,0,1);es="Linear";ed="In";};["LeftHand"]={cf=cfr(0,0,0,1,0,0,0,1,0,0,0,1);es="Linear";ed="In";};["RightFoot"]={cf=cfr(0,0,0,1,0,0,0,1,0,0,0,1);es="Linear";ed="In";};["RightLowerLeg"]={cf=cfr(0,0,0,1,0,0,0,.866,.5,0,-.5,.866);es="Linear";ed="In";};["LeftLowerArm"]={cf=cfr(0,0,0,1,0,0,0,.866,-.5,0,.5,.866);es="Linear";ed="In";};["LowerTorso"]={cf=cfr(0,-1.629,.468,.939,-.025,-.344,-.322,.291,-.901,.123,.956,.265);es="Sine";ed="InOut";};["RightLowerArm"]={cf=cfr(0,0,0,1,0,0,0,.766,-.643,0,.643,.766);es="Linear";ed="In";};};{tm=.017;["UpperTorso"]={cf=cfr(-.007,-.046,-.018,.956,-.065,-.287,.2,.861,.468,.217,-.505,.836);es="Linear";ed="In";};["LowerTorso"]={cf=cfr(0,-1.628,.467,.939,-.023,-.343,-.32,.302,-.898,.124,.953,.276);es="Linear";ed="In";};};{tm=.033;["UpperTorso"]={cf=cfr(-.013,-.09,-.023,.963,-.053,-.266,.189,.834,.519,.194,-.55,.812);es="Linear";ed="In";};["LowerTorso"]={cf=cfr(-.002,-1.624,.463,.941,-.017,-.339,-.314,.333,-.889,.128,.943,.308);es="Linear";ed="In";};};{tm=.05;["UpperTorso"]={cf=cfr(-.018,-.13,-.029,.969,-.042,-.244,.177,.804,.567,.173,-.593,.787);es="Linear";ed="In";};["LowerTorso"]={cf=cfr(-.004,-1.618,.457,.943,-.007,-.332,-.304,.384,-.872,.134,.923,.36);es="Linear";ed="In";};};{tm=.067;["UpperTorso"]={cf=cfr(-.022,-.167,-.036,.975,-.032,-.222,.165,.773,.612,.152,-.633,.759);es="Linear";ed="In";};["LowerTorso"]={cf=cfr(-.007,-1.609,.45,.947,.006,-.321,-.289,.452,-.844,.141,.892,.43);es="Linear";ed="In";};};{tm=.083;["UpperTorso"]={cf=cfr(-.024,-.201,-.044,.98,-.023,-.199,.151,.741,.655,.132,-.671,.729);es="Linear";ed="In";};["LowerTorso"]={cf=cfr(-.01,-1.598,.444,.951,.02,-.307,-.27,.532,-.802,.148,.846,.512);es="Linear";ed="In";};};{tm=.1;["UpperTorso"]={cf=cfr(-.026,-.233,-.054,.984,-.016,-.177,.137,.707,.694,.114,-.707,.698);es="Linear";ed="In";};["LowerTorso"]={cf=cfr(-.013,-1.583,.438,.957,.035,-.289,-.247,.621,-.744,.153,.783,.603);es="Linear";ed="In";};};{tm=.117;["UpperTorso"]={cf=cfr(-.026,-.261,-.064,.988,-.011,-.156,.122,.673,.729,.097,-.739,.666);es="Linear";ed="In";};["LowerTorso"]={cf=cfr(-.016,-1.564,.434,.963,.049,-.266,-.221,.712,-.667,.157,.701,.696);es="Linear";ed="In";};};{tm=.133;["UpperTorso"]={cf=cfr(-.025,-.286,-.076,.991,-.006,-.135,.108,.64,.761,.082,-.769,.634);es="Linear";ed="In";};["LowerTorso"]={cf=cfr(-.019,-1.54,.433,.969,.061,-.24,-.192,.798,-.571,.157,.6,.785);es="Linear";ed="In";};};{tm=.15;["UpperTorso"]={cf=cfr(-.024,-.309,-.088,.993,-.003,-.115,.093,.606,.79,.068,-.795,.603);es="Linear";ed="In";};["LowerTorso"]={cf=cfr(-.02,-1.512,.435,.975,.07,-.211,-.162,.874,-.459,.152,.482,.863);es="Linear";ed="In";};};{tm=.167;["UpperTorso"]={cf=cfr(-.022,-.33,-.101,.995,0,-.096,.079,.574,.815,.055,-.819,.572);es="Linear";ed="In";};["LowerTorso"]={cf=cfr(-.021,-1.478,.439,.981,.074,-.18,-.132,.934,-.333,.143,.351,.925);es="Linear";ed="In";};["RightLowerArm"]={cf=cfr(0,0,0,1,0,0,0,.985,-.174,0,.174,.985);es="Linear";ed="In";};["RightUpperArm"]={cf=cfr(0,0,0,.297,-.949,.104,.729,.155,-.666,.616,.274,.738);es="Linear";ed="In";};};{tm=.183;["UpperTorso"]={cf=cfr(-.019,-.348,-.114,.997,.001,-.079,.066,.544,.837,.044,-.839,.542);es="Linear";ed="In";};["LowerTorso"]={cf=cfr(-.02,-1.44,.444,.986,.074,-.149,-.104,.974,-.2,.13,.213,.968);es="Linear";ed="In";};};{tm=.2;["UpperTorso"]={cf=cfr(-.016,-.364,-.126,.998,.002,-.063,.053,.515,.855,.034,-.857,.514);es="Linear";ed="In";};["LowerTorso"]={cf=cfr(-.019,-1.399,.451,.99,.07,-.119,-.078,.995,-.065,.113,.074,.991);es="Linear";ed="In";};};{tm=.217;["UpperTorso"]={cf=cfr(-.013,-.378,-.138,.999,.002,-.049,.041,.489,.871,.026,-.872,.489);es="Linear";ed="In";};["LowerTorso"]={cf=cfr(-.016,-1.355,.458,.994,.062,-.09,-.056,.996,.065,.094,-.059,.994);es="Linear";ed="In";};};{tm=.233;["UpperTorso"]={cf=cfr(-.01,-.389,-.15,.999,.002,-.036,.031,.466,.884,.019,-.885,.466);es="Linear";ed="In";};["LowerTorso"]={cf=cfr(-.013,-1.311,.464,.997,.051,-.066,-.038,.982,.185,.074,-.181,.981);es="Linear";ed="In";};};{tm=.25;["UpperTorso"]={cf=cfr(-.008,-.399,-.16,1,.002,-.025,.022,.446,.895,.013,-.895,.446);es="Linear";ed="In";};["LowerTorso"]={cf=cfr(-.01,-1.268,.468,.998,.039,-.045,-.024,.957,.289,.054,-.288,.956);es="Linear";ed="In";};};{tm=.267;["UpperTorso"]={cf=cfr(-.005,-.407,-.168,1,.001,-.016,.014,.429,.903,.008,-.903,.429);es="Linear";ed="In";};["LowerTorso"]={cf=cfr(-.007,-1.23,.471,.999,.027,-.028,-.014,.926,.376,.036,-.376,.926);es="Linear";ed="In";};};{tm=.283;["UpperTorso"]={cf=cfr(-.003,-.413,-.175,1,.001,-.009,.008,.416,.909,.005,-.909,.416);es="Linear";ed="In";};["LowerTorso"]={cf=cfr(-.004,-1.198,.473,1,.016,-.015,-.007,.896,.444,.021,-.444,.896);es="Linear";ed="In";};};{tm=.3;["UpperTorso"]={cf=cfr(-.001,-.418,-.181,1,.001,-.004,.003,.406,.914,.002,-.914,.406);es="Linear";ed="In";};["LowerTorso"]={cf=cfr(-.002,-1.173,.475,1,.007,-.007,-.003,.87,.492,.009,-.492,.87);es="Linear";ed="In";};};{tm=.317;["UpperTorso"]={cf=cfr(0,-.42,-.184,1,0,-.001,.001,.4,.916,.001,-.916,.4);es="Linear";ed="In";};["LowerTorso"]={cf=cfr(0,-1.158,.475,1,.002,-.002,-.001,.854,.521,.002,-.521,.854);es="Linear";ed="In";};};{tm=.333;["Head"]={cf=cfr(0,0,0,1,0,0,0,.399,-.917,0,.917,.399);es="Linear";ed="In";};["LeftUpperArm"]={cf=cfr(0,.078,.402,1,0,0,0,.5,-.866,0,.866,.5);es="Linear";ed="In";};["RightUpperArm"]={cf=cfr(0,.004,.15,1,0,0,0,-.819,-.574,0,.574,-.819);es="Linear";ed="In";};["LeftUpperLeg"]={cf=cfr(0,-.13,-.053,.97,.226,-.086,-.24,.868,-.435,-.024,.443,.896);es="Linear";ed="In";};["RightUpperLeg"]={cf=cfr(-.143,-.383,.506,.976,-.215,-.022,-.054,-.143,-.988,.21,.966,-.151);es="Linear";ed="In";};["UpperTorso"]={cf=cfr(0,-.421,-.185,1,0,0,0,.398,.917,0,-.917,.398);es="Sine";ed="Out";};["LeftFoot"]={cf=cfr(0,0,0,1,0,0,0,1,0,0,0,1);es="Linear";ed="In";};["LeftLowerLeg"]={cf=cfr(0,0,0,1,0,0,0,0,1,0,-1,0);es="Linear";ed="In";};["RightHand"]={cf=cfr(.001,0,0,1,0,0,0,1,0,0,0,1);es="Linear";ed="In";};["LeftHand"]={cf=cfr(0,0,0,1,0,0,0,1,0,0,0,1);es="Linear";ed="In";};["RightFoot"]={cf=cfr(0,0,0,1,0,0,0,1,0,0,0,1);es="Linear";ed="In";};["RightLowerLeg"]={cf=cfr(0,0,0,1,0,0,0,.342,.94,0,-.94,.342);es="Linear";ed="In";};["LeftLowerArm"]={cf=cfr(0,0,0,1,0,0,0,.259,-.966,0,.966,.259);es="Linear";ed="In";};["LowerTorso"]={cf=cfr(0,-1.153,.475,1,0,0,0,.848,.53,0,-.53,.848);es="Sine";ed="Out";};["RightLowerArm"]={cf=cfr(.001,0,0,1,0,0,0,.996,-.087,0,.087,.996);es="Linear";ed="In";};};{tm=.35;["UpperTorso"]={cf=cfr(0,-.421,-.185,1,0,0,0,.398,.917,0,-.917,.398);es="Linear";ed="In";};["LowerTorso"]={cf=cfr(0,-1.103,.475,1,0,0,0,.859,.512,0,-.512,.859);es="Linear";ed="In";};};{tm=.367;["UpperTorso"]={cf=cfr(0,-.421,-.185,1,0,0,0,.398,.917,0,-.917,.398);es="Linear";ed="In";};["LowerTorso"]={cf=cfr(0,-1.053,.475,1,0,0,0,.869,.495,0,-.495,.869);es="Linear";ed="In";};};{tm=.383;["UpperTorso"]={cf=cfr(0,-.421,-.185,1,0,0,0,.398,.917,0,-.917,.398);es="Linear";ed="In";};["LowerTorso"]={cf=cfr(0,-1.005,.476,1,0,0,0,.879,.477,0,-.477,.879);es="Linear";ed="In";};};{tm=.4;["UpperTorso"]={cf=cfr(0,-.421,-.185,1,0,0,0,.398,.917,0,-.917,.398);es="Linear";ed="In";};["LowerTorso"]={cf=cfr(0,-.959,.476,1,0,0,0,.888,.46,0,-.46,.888);es="Linear";ed="In";};};{tm=.417;["UpperTorso"]={cf=cfr(0,-.421,-.185,1,0,0,0,.398,.917,0,-.917,.398);es="Linear";ed="In";};["LowerTorso"]={cf=cfr(0,-.916,.476,1,0,0,0,.896,.444,0,-.444,.896);es="Linear";ed="In";};};{tm=.433;["UpperTorso"]={cf=cfr(0,-.421,-.185,1,0,0,0,.398,.917,0,-.917,.398);es="Linear";ed="In";};["LowerTorso"]={cf=cfr(0,-.876,.476,1,0,0,0,.903,.429,0,-.429,.903);es="Linear";ed="In";};};{tm=.45;["UpperTorso"]={cf=cfr(0,-.421,-.185,1,0,0,0,.398,.917,0,-.917,.398);es="Linear";ed="In";};["LowerTorso"]={cf=cfr(0,-.84,.475,1,0,0,0,.91,.415,0,-.415,.91);es="Linear";ed="In";};["Head"]={cf=cfr(0,-.008,-.011,1,0,0,0,.799,-.601,0,.601,.799);es="Linear";ed="In";};};{tm=.467;["UpperTorso"]={cf=cfr(0,-.421,-.185,1,0,0,0,.398,.917,0,-.917,.398);es="Linear";ed="In";};["LowerTorso"]={cf=cfr(0,-.809,.475,1,0,0,0,.915,.404,0,-.404,.915);es="Linear";ed="In";};};{tm=.483;["UpperTorso"]={cf=cfr(0,-.421,-.185,1,0,0,0,.398,.917,0,-.917,.398);es="Linear";ed="In";};["LowerTorso"]={cf=cfr(0,-.782,.475,1,0,0,0,.919,.394,0,-.394,.919);es="Linear";ed="In";};};{tm=.5;["UpperTorso"]={cf=cfr(0,-.421,-.185,1,0,0,0,.398,.917,0,-.917,.398);es="Linear";ed="In";};["LowerTorso"]={cf=cfr(0,-.761,.475,1,0,0,0,.923,.386,0,-.386,.923);es="Linear";ed="In";};};{tm=.517;["UpperTorso"]={cf=cfr(0,-.421,-.185,1,0,0,0,.398,.917,0,-.917,.398);es="Linear";ed="In";};["LowerTorso"]={cf=cfr(0,-.746,.475,1,0,0,0,.925,.38,0,-.38,.925);es="Linear";ed="In";};};{tm=.533;["UpperTorso"]={cf=cfr(0,-.421,-.185,1,0,0,0,.398,.917,0,-.917,.398);es="Linear";ed="In";};["LowerTorso"]={cf=cfr(0,-.737,.475,1,0,0,0,.926,.376,0,-.376,.926);es="Linear";ed="In";};};{tm=.55;["Head"]={cf=cfr(0,0,0,1,0,0,0,.689,-.725,0,.725,.689);es="Linear";ed="In";};["LeftUpperArm"]={cf=cfr(0,.004,.15,1,0,0,0,0,-1,0,1,0);es="Linear";ed="In";};["RightUpperArm"]={cf=cfr(0,.004,.15,1,0,0,0,.087,-.996,0,.996,.087);es="Linear";ed="In";};["LeftUpperLeg"]={cf=cfr(0,-.13,-.053,.97,.226,-.086,-.24,.868,-.435,-.024,.443,.896);es="Linear";ed="In";};["RightUpperLeg"]={cf=cfr(-.143,-.383,.506,.976,-.215,-.022,-.054,-.143,-.988,.21,.966,-.151);es="Linear";ed="In";};["UpperTorso"]={cf=cfr(0,-.421,-.185,1,0,0,0,.398,.917,0,-.917,.398);es="Linear";ed="In";};["LeftFoot"]={cf=cfr(0,0,0,1,0,0,0,1,0,0,0,1);es="Linear";ed="In";};["LeftLowerLeg"]={cf=cfr(0,0,0,1,0,0,0,0,1,0,-1,0);es="Linear";ed="In";};["RightHand"]={cf=cfr(.001,0,0,1,0,0,0,1,0,0,0,1);es="Linear";ed="In";};["LeftHand"]={cf=cfr(0,0,0,1,0,0,0,1,0,0,0,1);es="Linear";ed="In";};["RightFoot"]={cf=cfr(0,0,0,1,0,0,0,1,0,0,0,1);es="Linear";ed="In";};["RightLowerLeg"]={cf=cfr(0,0,0,1,0,0,0,.342,.94,0,-.94,.342);es="Linear";ed="In";};["LeftLowerArm"]={cf=cfr(0,0,0,1,0,0,0,.707,-.707,0,.707,.707);es="Linear";ed="In";};["LowerTorso"]={cf=cfr(0,-.734,.475,1,0,0,0,.927,.375,0,-.375,.927);es="Linear";ed="In";};["RightLowerArm"]={cf=cfr(.001,0,0,1,0,0,0,.707,-.707,0,.707,.707);es="Linear";ed="In";};};}