local cfr = CFrame.new

return {{tm=0;["RootNode"]={cf=cfr(0,0,0,-1,0,0,0,1,0,0,0,-1);es="Linear";ed="In";};["root"]={cf=cfr(0,3.736,0,0,0,1,0,1,0,-1,0,0);es="Linear";ed="In";};["000-offset"]={cf=cfr(0,0,0,-.448,.894,0,-.894,-.448,0,0,0,1);es="Linear";ed="In";};["004-offset.001"]={cf=cfr(0,0,0,.144,-.99,0,.99,.144,0,0,0,1);es="Linear";ed="In";};["006-offset"]={cf=cfr(0,0,0,-.015,-1,0,1,-.015,0,0,0,1);es="Linear";ed="In";};["000-offset.009"]={cf=cfr(0,0,0,-.067,-.962,.265,.994,-.087,-.067,.088,.259,.962);es="Linear";ed="In";};["000-offset.012"]={cf=cfr(0,0,0,-.044,-.994,-.097,.995,-.052,.085,-.09,-.093,.992);es="Linear";ed="In";};["000-offset.001"]={cf=cfr(0,0,0,.809,.587,0,-.587,.809,0,0,0,1);es="Linear";ed="In";};["000-offset.010"]={cf=cfr(0,0,0,.866,.5,0,-.5,.866,0,0,0,1);es="Linear";ed="In";};["000-offset.013"]={cf=cfr(0,0,0,.815,.579,0,-.579,.815,0,0,0,1);es="Linear";ed="In";};["004-offset"]={cf=cfr(0,0,0,.035,-.999,0,.999,.035,0,0,0,1);es="Linear";ed="In";};["002-offset"]={cf=cfr(0,0,0,.035,-.999,0,.999,.035,0,0,0,1);es="Linear";ed="In";};["000-offset.002"]={cf=cfr(0,0,0,.715,-.699,-.015,.698,.714,.052,-.026,-.047,.999);es="Linear";ed="In";};["000-offset.011"]={cf=cfr(0,0,0,.778,-.628,0,.628,.778,0,0,0,1);es="Linear";ed="In";};["000-offset.014"]={cf=cfr(0,0,0,.69,-.724,0,.724,.69,0,0,0,1);es="Linear";ed="In";};["000-offset.006"]={cf=cfr(0,0,0,-.502,-.464,-.73,.008,-.846,.533,-.865,.262,.428);es="Linear";ed="In";};["000-offset.003"]={cf=cfr(0,0,0,-.552,.063,.831,-.062,-.997,.034,.831,-.033,.555);es="Linear";ed="In";};["000-offset.007"]={cf=cfr(0,0,0,.832,-.555,0,.555,.832,0,0,0,1);es="Linear";ed="In";};["000-offset.004"]={cf=cfr(0,0,0,.838,-.546,0,.546,.838,0,0,0,1);es="Linear";ed="In";};["000-offset.008"]={cf=cfr(0,0,0,.8,-.597,-.063,.492,.592,.638,-.343,-.541,.768);es="Linear";ed="In";};["000-offset.005"]={cf=cfr(0,0,0,.934,-.246,.258,.271,.961,-.064,-.232,.13,.964);es="Linear";ed="In";};};{tm=.042;["root"]={cf=cfr(0,3.652,0,0,0,1,0,1,0,-1,0,0);es="Linear";ed="In";};["000-offset"]={cf=cfr(0,0,0,-.56,.828,0,-.828,-.56,0,0,0,1);es="Linear";ed="In";};["000-offset.009"]={cf=cfr(0,0,0,-.2,-.944,.264,.972,-.225,-.068,.123,.243,.962);es="Linear";ed="In";};["000-offset.012"]={cf=cfr(0,0,0,-.139,-.986,-.097,.985,-.148,.085,-.098,-.083,.992);es="Linear";ed="In";};["000-offset.001"]={cf=cfr(0,0,0,.833,.553,0,-.553,.833,0,0,0,1);es="Linear";ed="In";};["000-offset.010"]={cf=cfr(0,0,0,.918,.397,0,-.397,.918,0,0,0,1);es="Linear";ed="In";};["000-offset.013"]={cf=cfr(0,0,0,.896,.444,0,-.444,.896,0,0,0,1);es="Linear";ed="In";};["000-offset.002"]={cf=cfr(0,0,0,.714,-.7,-.015,.7,.712,.052,-.026,-.047,.999);es="Linear";ed="In";};["000-offset.011"]={cf=cfr(0,0,0,.838,-.546,0,.546,.838,0,0,0,1);es="Linear";ed="In";};["000-offset.014"]={cf=cfr(0,0,0,.747,-.665,0,.665,.747,0,0,0,1);es="Linear";ed="In";};["000-offset.006"]={cf=cfr(0,0,0,-.519,-.441,-.732,-.023,-.849,.527,-.854,.291,.431);es="Linear";ed="In";};["000-offset.003"]={cf=cfr(0,0,0,-.573,.08,.815,-.083,-.996,.039,.815,-.045,.578);es="Linear";ed="In";};["000-offset.007"]={cf=cfr(0,0,0,.84,-.543,0,.543,.84,0,0,0,1);es="Linear";ed="In";};["000-offset.004"]={cf=cfr(0,0,0,.836,-.548,0,.548,.836,0,0,0,1);es="Linear";ed="In";};["000-offset.008"]={cf=cfr(0,0,0,.795,-.604,-.064,.501,.592,.631,-.342,-.533,.773);es="Linear";ed="In";};["000-offset.005"]={cf=cfr(0,0,0,.933,-.248,.259,.271,.961,-.055,-.235,.121,.964);es="Linear";ed="In";};};{tm=.083;["root"]={cf=cfr(0,3.44,-.014,0,0,1,0,1,0,-1,0,0);es="Linear";ed="In";};["000-offset"]={cf=cfr(0,0,0,-.74,.673,0,-.673,-.74,0,0,0,1);es="Linear";ed="In";};["000-offset.009"]={cf=cfr(0,0,0,-.423,-.866,.265,.888,-.455,-.067,.179,.207,.962);es="Linear";ed="In";};["000-offset.012"]={cf=cfr(0,0,0,-.293,-.951,-.097,.95,-.301,.085,-.11,-.067,.992);es="Linear";ed="In";};["000-offset.001"]={cf=cfr(0,0,0,.889,.458,0,-.458,.889,0,0,0,1);es="Linear";ed="In";};["000-offset.010"]={cf=cfr(0,0,0,.959,.282,0,-.282,.959,0,0,0,1);es="Linear";ed="In";};["000-offset.013"]={cf=cfr(0,0,0,.962,.273,0,-.273,.962,0,0,0,1);es="Linear";ed="In";};["000-offset.002"]={cf=cfr(0,0,0,.71,-.704,-.015,.704,.709,.052,-.026,-.047,.999);es="Linear";ed="In";};["000-offset.011"]={cf=cfr(0,0,0,.896,-.444,0,.444,.896,0,0,0,1);es="Linear";ed="In";};["000-offset.014"]={cf=cfr(0,0,0,.8,-.6,0,.6,.8,0,0,0,1);es="Linear";ed="In";};["000-offset.006"]={cf=cfr(0,0,0,-.554,-.377,-.743,-.113,-.849,.515,-.825,.37,.428);es="Linear";ed="In";};["000-offset.003"]={cf=cfr(0,0,0,-.62,.126,.774,-.143,-.989,.047,.771,-.082,.631);es="Linear";ed="In";};["000-offset.007"]={cf=cfr(0,0,0,.858,-.513,0,.513,.858,0,0,0,1);es="Linear";ed="In";};["000-offset.004"]={cf=cfr(0,0,0,.833,-.553,0,.553,.833,0,0,0,1);es="Linear";ed="In";};["000-offset.008"]={cf=cfr(0,0,0,.783,-.618,-.067,.521,.592,.615,-.34,-.516,.786);es="Linear";ed="In";};["000-offset.005"]={cf=cfr(0,0,0,.931,-.252,.262,.27,.962,-.034,-.244,.103,.964);es="Linear";ed="In";};};{tm=.125;["root"]={cf=cfr(0,3.172,-.028,0,0,1,0,1,0,-1,0,0);es="Linear";ed="In";};["000-offset"]={cf=cfr(0,0,0,-.883,.468,0,-.468,-.883,0,0,0,1);es="Linear";ed="In";};["000-offset.009"]={cf=cfr(0,0,0,-.665,-.7,.261,.711,-.7,-.064,.228,.143,.963);es="Linear";ed="In";};["000-offset.012"]={cf=cfr(0,0,0,-.461,-.882,-.096,.879,-.469,.084,-.119,-.046,.992);es="Linear";ed="In";};["000-offset.001"]={cf=cfr(0,0,0,.948,.318,0,-.318,.948,0,0,0,1);es="Linear";ed="In";};["000-offset.010"]={cf=cfr(0,0,0,.939,.343,0,-.343,.939,0,0,0,1);es="Linear";ed="In";};["000-offset.013"]={cf=cfr(0,0,0,.954,.301,0,-.301,.954,0,0,0,1);es="Linear";ed="In";};["000-offset.002"]={cf=cfr(0,0,0,.704,-.71,-.015,.709,.703,.052,-.026,-.047,.999);es="Linear";ed="In";};["000-offset.011"]={cf=cfr(0,0,0,.886,-.464,0,.464,.886,0,0,0,1);es="Linear";ed="In";};["000-offset.014"]={cf=cfr(0,0,0,.765,-.644,0,.644,.765,0,0,0,1);es="Linear";ed="In";};["000-offset.006"]={cf=cfr(0,0,0,-.57,-.287,-.77,-.255,-.829,.498,-.781,.48,.4);es="Linear";ed="In";};["000-offset.003"]={cf=cfr(0,0,0,-.664,.198,.721,-.239,-.97,.046,.708,-.141,.692);es="Linear";ed="In";};["000-offset.007"]={cf=cfr(0,0,0,.88,-.474,0,.474,.88,0,0,0,1);es="Linear";ed="In";};["000-offset.004"]={cf=cfr(0,0,0,.83,-.558,0,.558,.83,0,0,0,1);es="Linear";ed="In";};["000-offset.008"]={cf=cfr(0,0,0,.771,-.633,-.069,.54,.591,.599,-.338,-.499,.798);es="Linear";ed="In";};["000-offset.005"]={cf=cfr(0,0,0,.929,-.257,.265,.27,.963,-.013,-.252,.084,.964);es="Linear";ed="In";};};{tm=.167;["root"]={cf=cfr(0,2.905,-.042,0,0,1,0,1,0,-1,0,0);es="Linear";ed="In";};["000-offset"]={cf=cfr(0,0,0,-.97,.242,0,-.242,-.97,0,0,0,1);es="Linear";ed="In";};["000-offset.009"]={cf=cfr(0,0,0,-.771,-.581,.26,.586,-.807,-.067,.249,.101,.963);es="Linear";ed="In";};["000-offset.012"]={cf=cfr(0,0,0,-.511,-.854,-.092,.851,-.518,.082,-.118,-.037,.992);es="Linear";ed="In";};["000-offset.001"]={cf=cfr(0,0,0,.988,.156,0,-.156,.988,0,0,0,1);es="Linear";ed="In";};["000-offset.010"]={cf=cfr(0,0,0,.889,.457,0,-.457,.889,0,0,0,1);es="Linear";ed="In";};["000-offset.013"]={cf=cfr(0,0,0,.921,.39,0,-.39,.921,0,0,0,1);es="Linear";ed="In";};["000-offset.002"]={cf=cfr(0,0,0,.697,-.717,-.015,.717,.696,.052,-.027,-.047,.999);es="Linear";ed="In";};["000-offset.011"]={cf=cfr(0,0,0,.854,-.521,0,.521,.854,0,0,0,1);es="Linear";ed="In";};["000-offset.014"]={cf=cfr(0,0,0,.696,-.718,0,.718,.696,0,0,0,1);es="Linear";ed="In";};["000-offset.006"]={cf=cfr(0,0,0,-.539,-.198,-.819,-.424,-.777,.466,-.728,.598,.335);es="Linear";ed="In";};["000-offset.003"]={cf=cfr(0,0,0,-.681,.285,.674,-.357,-.934,.034,.639,-.218,.738);es="Linear";ed="In";};["000-offset.007"]={cf=cfr(0,0,0,.9,-.435,0,.435,.9,0,0,0,1);es="Linear";ed="In";};["000-offset.004"]={cf=cfr(0,0,0,.829,-.56,0,.56,.829,0,0,0,1);es="Linear";ed="In";};["000-offset.008"]={cf=cfr(0,0,0,.765,-.64,-.07,.549,.591,.592,-.337,-.491,.803);es="Linear";ed="In";};["000-offset.005"]={cf=cfr(0,0,0,.928,-.259,.267,.27,.963,-.004,-.256,.076,.964);es="Linear";ed="In";};};{tm=.208;["root"]={cf=cfr(0,2.58,-.056,0,0,1,0,1,0,-1,0,0);es="Linear";ed="In";};["000-offset"]={cf=cfr(0,0,0,-.998,.07,0,-.07,-.998,0,0,0,1);es="Linear";ed="In";};["000-offset.009"]={cf=cfr(0,0,0,-.547,-.805,.23,.816,-.574,-.067,.186,.151,.971);es="Linear";ed="In";};["000-offset.012"]={cf=cfr(0,0,0,-.177,-.981,-.08,.98,-.183,.074,-.088,-.065,.994);es="Linear";ed="In";};["000-offset.001"]={cf=cfr(0,0,0,1,-.001,0,.001,1,0,0,0,1);es="Linear";ed="In";};["000-offset.010"]={cf=cfr(0,0,0,.833,.553,0,-.553,.833,0,0,0,1);es="Linear";ed="In";};["000-offset.013"]={cf=cfr(0,0,0,.885,.465,0,-.465,.885,0,0,0,1);es="Linear";ed="In";};["000-offset.002"]={cf=cfr(0,0,0,.689,-.725,-.015,.725,.687,.052,-.027,-.046,.999);es="Linear";ed="In";};["000-offset.011"]={cf=cfr(0,0,0,.822,-.569,0,.569,.822,0,0,0,1);es="Linear";ed="In";};["000-offset.014"]={cf=cfr(0,0,0,.628,-.778,0,.778,.628,0,0,0,1);es="Linear";ed="In";};["000-offset.006"]={cf=cfr(0,0,0,-.455,-.138,-.88,-.579,-.705,.41,-.677,.696,.241);es="Linear";ed="In";};["000-offset.003"]={cf=cfr(0,0,0,-.66,.369,.654,-.474,-.88,.018,.583,-.298,.756);es="Linear";ed="In";};["000-offset.007"]={cf=cfr(0,0,0,.914,-.406,0,.406,.914,0,0,0,1);es="Linear";ed="In";};["000-offset.004"]={cf=cfr(0,0,0,.831,-.557,0,.557,.831,0,0,0,1);es="Linear";ed="In";};["000-offset.008"]={cf=cfr(0,0,0,.773,-.631,-.069,.536,.592,.602,-.339,-.502,.796);es="Linear";ed="In";};["000-offset.005"]={cf=cfr(0,0,0,.93,-.256,.265,.27,.963,-.017,-.251,.087,.964);es="Linear";ed="In";};};{tm=.25;["root"]={cf=cfr(0,2.242,-.056,0,0,1,0,1,0,-1,0,0);es="Linear";ed="In";};["000-offset"]={cf=cfr(0,0,0,-.998,-.063,0,.063,-.998,0,0,0,1);es="Linear";ed="In";};["000-offset.009"]={cf=cfr(0,0,0,-.193,-.953,.235,.975,-.213,-.064,.111,.216,.97);es="Linear";ed="In";};["000-offset.012"]={cf=cfr(0,0,0,.208,-.974,-.084,.976,.202,.075,-.057,-.098,.994);es="Linear";ed="In";};["000-offset.001"]={cf=cfr(0,0,0,.993,-.122,0,.122,.993,0,0,0,1);es="Linear";ed="In";};["000-offset.010"]={cf=cfr(0,0,0,.748,.664,0,-.664,.748,0,0,0,1);es="Linear";ed="In";};["000-offset.013"]={cf=cfr(0,0,0,.829,.559,0,-.559,.829,0,0,0,1);es="Linear";ed="In";};["000-offset.002"]={cf=cfr(0,0,0,.679,-.734,-.015,.733,.678,.052,-.028,-.046,.999);es="Linear";ed="In";};["000-offset.011"]={cf=cfr(0,0,0,.777,-.629,0,.629,.777,0,0,0,1);es="Linear";ed="In";};["000-offset.014"]={cf=cfr(0,0,0,.536,-.844,0,.844,.536,0,0,0,1);es="Linear";ed="In";};["000-offset.006"]={cf=cfr(0,0,0,-.349,-.116,-.93,-.687,-.643,.338,-.637,.757,.145);es="Linear";ed="In";};["000-offset.003"]={cf=cfr(0,0,0,-.607,.429,.669,-.564,-.826,.018,.56,-.366,.743);es="Linear";ed="In";};["000-offset.007"]={cf=cfr(0,0,0,.918,-.397,0,.397,.918,0,0,0,1);es="Linear";ed="In";};["000-offset.004"]={cf=cfr(0,0,0,.838,-.546,0,.546,.838,0,0,0,1);es="Linear";ed="In";};["000-offset.008"]={cf=cfr(0,0,0,.8,-.597,-.063,.492,.592,.638,-.343,-.541,.768);es="Linear";ed="In";};["000-offset.005"]={cf=cfr(0,0,0,.934,-.246,.258,.271,.961,-.064,-.232,.13,.964);es="Linear";ed="In";};};{tm=.292;["root"]={cf=cfr(0,1.946,-.042,0,0,1,0,1,0,-1,0,0);es="Linear";ed="In";};["000-offset"]={cf=cfr(0,0,0,-.984,-.18,0,.18,-.984,0,0,0,1);es="Linear";ed="In";};["000-offset.009"]={cf=cfr(0,0,0,-.044,-.968,.247,.996,-.062,-.065,.079,.243,.967);es="Linear";ed="In";};["000-offset.012"]={cf=cfr(0,0,0,.334,-.938,-.09,.941,.327,.08,-.046,-.112,.993);es="Linear";ed="In";};["000-offset.001"]={cf=cfr(0,0,0,.983,-.185,0,.185,.983,0,0,0,1);es="Linear";ed="In";};["000-offset.010"]={cf=cfr(0,0,0,.594,.804,0,-.804,.594,0,0,0,1);es="Linear";ed="In";};["000-offset.013"]={cf=cfr(0,0,0,.729,.685,0,-.685,.729,0,0,0,1);es="Linear";ed="In";};["000-offset.002"]={cf=cfr(0,0,0,.669,-.743,-.015,.743,.668,.052,-.029,-.046,.999);es="Linear";ed="In";};["000-offset.011"]={cf=cfr(0,0,0,.703,-.711,0,.711,.703,0,0,0,1);es="Linear";ed="In";};["000-offset.014"]={cf=cfr(0,0,0,.386,-.922,0,.922,.386,0,0,0,1);es="Linear";ed="In";};["000-offset.006"]={cf=cfr(0,0,0,-.242,-.116,-.963,-.736,-.625,.26,-.633,.772,.065);es="Linear";ed="In";};["000-offset.003"]={cf=cfr(0,0,0,-.488,.442,.753,-.583,-.807,.095,.649,-.392,.652);es="Linear";ed="In";};["000-offset.007"]={cf=cfr(0,0,0,.91,-.415,0,.415,.91,0,0,0,1);es="Linear";ed="In";};["000-offset.004"]={cf=cfr(0,0,0,.852,-.523,0,.523,.852,0,0,0,1);es="Linear";ed="In";};["000-offset.008"]={cf=cfr(0,0,0,.849,-.527,-.037,.392,.582,.713,-.354,-.62,.7);es="Linear";ed="In";};["000-offset.005"]={cf=cfr(0,0,0,.943,-.229,.24,.272,.948,-.166,-.19,.222,.956);es="Linear";ed="In";};};{tm=.333;["root"]={cf=cfr(0,1.678,-.014,0,0,1,0,1,0,-1,0,0);es="Linear";ed="In";};["000-offset"]={cf=cfr(0,0,0,-.961,-.278,0,.278,-.961,0,0,0,1);es="Linear";ed="In";};["000-offset.009"]={cf=cfr(0,0,0,.033,-.966,.258,.998,.016,-.066,.06,.259,.964);es="Linear";ed="In";};["000-offset.012"]={cf=cfr(0,0,0,.375,-.922,-.095,.926,.368,.084,-.042,-.119,.992);es="Linear";ed="In";};["000-offset.001"]={cf=cfr(0,0,0,.978,-.208,0,.208,.978,0,0,0,1);es="Linear";ed="In";};["000-offset.010"]={cf=cfr(0,0,0,.398,.918,0,-.918,.398,0,0,0,1);es="Linear";ed="In";};["000-offset.013"]={cf=cfr(0,0,0,.597,.803,0,-.803,.597,0,0,0,1);es="Linear";ed="In";};["000-offset.002"]={cf=cfr(0,0,0,.657,-.754,-.015,.754,.655,.052,-.029,-.045,.999);es="Linear";ed="In";};["000-offset.011"]={cf=cfr(0,0,0,.611,-.791,0,.791,.611,0,0,0,1);es="Linear";ed="In";};["000-offset.014"]={cf=cfr(0,0,0,.211,-.978,0,.978,.211,0,0,0,1);es="Linear";ed="In";};["000-offset.006"]={cf=cfr(0,0,0,-.147,-.118,-.982,-.745,-.639,.188,-.65,.76,.006);es="Linear";ed="In";};["000-offset.003"]={cf=cfr(0,0,0,-.328,.429,.842,-.521,-.825,.217,.788,-.368,.495);es="Linear";ed="In";};["000-offset.007"]={cf=cfr(0,0,0,.892,-.453,0,.453,.892,0,0,0,1);es="Linear";ed="In";};["000-offset.004"]={cf=cfr(0,0,0,.873,-.487,0,.487,.873,0,0,0,1);es="Linear";ed="In";};["000-offset.008"]={cf=cfr(0,0,0,.9,-.435,.03,.234,.537,.81,-.369,-.722,.585);es="Linear";ed="In";};["000-offset.005"]={cf=cfr(0,0,0,.954,-.213,.213,.273,.909,-.315,-.127,.358,.925);es="Linear";ed="In";};};{tm=.375;["root"]={cf=cfr(0,1.523,0,0,0,1,0,1,0,-1,0,0);es="Linear";ed="In";};["000-offset"]={cf=cfr(0,0,0,-.942,-.337,0,.337,-.942,0,0,0,1);es="Linear";ed="In";};["000-offset.009"]={cf=cfr(0,0,0,.049,-.963,.265,.997,.032,-.067,.056,.267,.962);es="Linear";ed="In";};["000-offset.012"]={cf=cfr(0,0,0,.356,-.929,-.097,.933,.349,.085,-.045,-.121,.992);es="Linear";ed="In";};["000-offset.001"]={cf=cfr(0,0,0,.975,-.22,0,.22,.975,0,0,0,1);es="Linear";ed="In";};["000-offset.010"]={cf=cfr(0,0,0,.245,.97,0,-.97,.245,0,0,0,1);es="Linear";ed="In";};["000-offset.013"]={cf=cfr(0,0,0,.491,.871,0,-.871,.491,0,0,0,1);es="Linear";ed="In";};["000-offset.002"]={cf=cfr(0,0,0,.643,-.766,-.015,.766,.641,.052,-.03,-.044,.999);es="Linear";ed="In";};["000-offset.011"]={cf=cfr(0,0,0,.541,-.841,0,.841,.541,0,0,0,1);es="Linear";ed="In";};["000-offset.014"]={cf=cfr(0,0,0,.081,-.997,0,.997,.081,0,0,0,1);es="Linear";ed="In";};["000-offset.006"]={cf=cfr(0,0,0,-.089,-.116,-.989,-.752,-.643,.143,-.653,.757,-.03);es="Linear";ed="In";};["000-offset.003"]={cf=cfr(0,0,0,-.23,.429,.874,-.492,-.826,.276,.84,-.366,.401);es="Linear";ed="In";};["000-offset.007"]={cf=cfr(0,0,0,.866,-.5,0,.5,.866,0,0,0,1);es="Linear";ed="In";};["000-offset.004"]={cf=cfr(0,0,0,.895,-.445,0,.445,.895,0,0,0,1);es="Linear";ed="In";};["000-offset.008"]={cf=cfr(0,0,0,.921,-.363,.139,.045,.455,.889,-.386,-.813,.435);es="Linear";ed="In";};["000-offset.005"]={cf=cfr(0,0,0,.961,-.209,.183,.273,.837,-.475,-.054,.506,.861);es="Linear";ed="In";};};{tm=.417;["root"]={cf=cfr(0,1.537,0,0,0,1,0,1,0,-1,0,0);es="Linear";ed="In";};["000-offset"]={cf=cfr(0,0,0,-.94,-.34,0,.34,-.94,0,0,0,1);es="Linear";ed="In";};["000-offset.009"]={cf=cfr(0,0,0,-.078,-.961,.266,.993,-.1,-.068,.092,.258,.962);es="Linear";ed="In";};["000-offset.012"]={cf=cfr(0,0,0,.169,-.981,-.096,.983,.161,.084,-.067,-.109,.992);es="Linear";ed="In";};["000-offset.001"]={cf=cfr(0,0,0,.973,-.232,0,.232,.973,0,0,0,1);es="Linear";ed="In";};["000-offset.010"]={cf=cfr(0,0,0,.212,.977,0,-.977,.212,0,0,0,1);es="Linear";ed="In";};["000-offset.013"]={cf=cfr(0,0,0,.464,.886,0,-.886,.464,0,0,0,1);es="Linear";ed="In";};["000-offset.002"]={cf=cfr(0,0,0,.627,-.779,-.015,.778,.626,.052,-.031,-.044,.999);es="Linear";ed="In";};["000-offset.011"]={cf=cfr(0,0,0,.521,-.854,0,.854,.521,0,0,0,1);es="Linear";ed="In";};["000-offset.014"]={cf=cfr(0,0,0,.046,-.999,0,.999,.046,0,0,0,1);es="Linear";ed="In";};["000-offset.006"]={cf=cfr(0,0,0,-.068,-.11,-.992,-.777,-.617,.122,-.625,.779,-.043);es="Linear";ed="In";};["000-offset.003"]={cf=cfr(0,0,0,-.205,.449,.87,-.633,-.739,.232,.747,-.503,.436);es="Linear";ed="In";};["000-offset.007"]={cf=cfr(0,0,0,.837,-.547,0,.547,.837,0,0,0,1);es="Linear";ed="In";};["000-offset.004"]={cf=cfr(0,0,0,.915,-.403,0,.403,.915,0,0,0,1);es="Linear";ed="In";};["000-offset.008"]={cf=cfr(0,0,0,.905,-.334,.262,-.136,.357,.924,-.403,-.872,.277);es="Linear";ed="In";};["000-offset.005"]={cf=cfr(0,0,0,.962,-.219,.16,.271,.74,-.615,.017,.635,.772);es="Linear";ed="In";};};{tm=.458;["root"]={cf=cfr(0,1.65,0,0,0,1,0,1,0,-1,0,0);es="Linear";ed="In";};["000-offset"]={cf=cfr(0,0,0,-.952,-.306,0,.306,-.952,0,0,0,1);es="Linear";ed="In";};["000-offset.009"]={cf=cfr(0,0,0,-.237,-.934,.267,.962,-.263,-.069,.134,.241,.961);es="Linear";ed="In";};["000-offset.012"]={cf=cfr(0,0,0,-.016,-.995,-.097,.996,-.024,.086,-.088,-.096,.992);es="Linear";ed="In";};["000-offset.001"]={cf=cfr(0,0,0,.973,-.233,0,.233,.973,0,0,0,1);es="Linear";ed="In";};["000-offset.010"]={cf=cfr(0,0,0,.243,.97,0,-.97,.243,0,0,0,1);es="Linear";ed="In";};["000-offset.013"]={cf=cfr(0,0,0,.483,.876,0,-.876,.483,0,0,0,1);es="Linear";ed="In";};["000-offset.002"]={cf=cfr(0,0,0,.611,-.792,-.015,.791,.609,.052,-.032,-.043,.999);es="Linear";ed="In";};["000-offset.011"]={cf=cfr(0,0,0,.531,-.847,0,.847,.531,0,0,0,1);es="Linear";ed="In";};["000-offset.014"]={cf=cfr(0,0,0,.064,-.998,0,.998,.064,0,0,0,1);es="Linear";ed="In";};["000-offset.006"]={cf=cfr(0,0,0,-.071,-.1,-.993,-.809,-.577,.115,-.584,.811,-.04);es="Linear";ed="In";};["000-offset.003"]={cf=cfr(0,0,0,-.167,.457,.873,-.821,-.556,.134,.547,-.694,.468);es="Linear";ed="In";};["000-offset.007"]={cf=cfr(0,0,0,.812,-.584,0,.584,.812,0,0,0,1);es="Linear";ed="In";};["000-offset.004"]={cf=cfr(0,0,0,.929,-.369,0,.369,.929,0,0,0,1);es="Linear";ed="In";};["000-offset.008"]={cf=cfr(0,0,0,.866,-.343,.363,-.276,.277,.92,-.416,-.898,.145);es="Linear";ed="In";};["000-offset.005"]={cf=cfr(0,0,0,.96,-.236,.147,.269,.646,-.714,.074,.726,.684);es="Linear";ed="In";};};{tm=.5;["root"]={cf=cfr(0,1.706,0,0,0,1,0,1,0,-1,0,0);es="Linear";ed="In";};["000-offset"]={cf=cfr(0,0,0,-.966,-.26,0,.26,-.966,0,0,0,1);es="Linear";ed="In";};["000-offset.009"]={cf=cfr(0,0,0,-.305,-.914,.266,.941,-.333,-.066,.149,.23,.962);es="Linear";ed="In";};["000-offset.012"]={cf=cfr(0,0,0,-.019,-.995,-.098,.996,-.027,.083,-.085,-.096,.992);es="Linear";ed="In";};["000-offset.001"]={cf=cfr(0,0,0,.975,-.22,0,.22,.975,0,0,0,1);es="Linear";ed="In";};["000-offset.010"]={cf=cfr(0,0,0,.245,.97,0,-.97,.245,0,0,0,1);es="Linear";ed="In";};["000-offset.013"]={cf=cfr(0,0,0,.491,.871,0,-.871,.491,0,0,0,1);es="Linear";ed="In";};["000-offset.002"]={cf=cfr(0,0,0,.581,-.814,-.015,.813,.58,.052,-.034,-.042,.999);es="Linear";ed="In";};["000-offset.011"]={cf=cfr(0,0,0,.541,-.841,0,.841,.541,0,0,0,1);es="Linear";ed="In";};["000-offset.014"]={cf=cfr(0,0,0,.081,-.997,0,.997,.081,0,0,0,1);es="Linear";ed="In";};["000-offset.006"]={cf=cfr(0,0,0,-.087,-.093,-.992,-.837,-.533,.124,-.54,.841,-.031);es="Linear";ed="In";};["000-offset.003"]={cf=cfr(0,0,0,-.135,.43,.893,-.908,-.414,.062,.397,-.802,.446);es="Linear";ed="In";};["000-offset.007"]={cf=cfr(0,0,0,.797,-.603,0,.603,.797,0,0,0,1);es="Linear";ed="In";};["000-offset.004"]={cf=cfr(0,0,0,.937,-.35,0,.35,.937,0,0,0,1);es="Linear";ed="In";};["000-offset.008"]={cf=cfr(0,0,0,.836,-.359,.416,-.35,.236,.907,-.423,-.903,.071);es="Linear";ed="In";};["000-offset.005"]={cf=cfr(0,0,0,.958,-.248,.144,.267,.589,-.763,.105,.769,.63);es="Linear";ed="In";};};{tm=.542;["root"]={cf=cfr(0,1.368,0,0,0,1,0,1,0,-1,0,0);es="Linear";ed="In";};["000-offset"]={cf=cfr(0,0,0,-.979,-.204,0,.204,-.979,0,0,0,1);es="Linear";ed="In";};["000-offset.009"]={cf=cfr(0,0,0,-.363,-.893,.265,.918,-.391,-.062,.159,.221,.962);es="Linear";ed="In";};["000-offset.012"]={cf=cfr(0,0,0,.017,-.995,-.099,.997,.009,.077,-.076,-.1,.992);es="Linear";ed="In";};["000-offset.001"]={cf=cfr(0,0,0,.98,-.2,0,.2,.98,0,0,0,1);es="Linear";ed="In";};["000-offset.010"]={cf=cfr(0,0,0,.184,.983,0,-.983,.184,0,0,0,1);es="Linear";ed="In";};["000-offset.013"]={cf=cfr(0,0,0,.476,.88,0,-.88,.476,0,0,0,1);es="Linear";ed="In";};["000-offset.002"]={cf=cfr(0,0,0,.524,-.852,-.015,.851,.522,.052,-.036,-.039,.999);es="Linear";ed="In";};["000-offset.011"]={cf=cfr(0,0,0,.541,-.841,0,.841,.541,0,0,0,1);es="Linear";ed="In";};["000-offset.014"]={cf=cfr(0,0,0,.078,-.997,0,.997,.078,0,0,0,1);es="Linear";ed="In";};["000-offset.006"]={cf=cfr(0,0,0,-.108,-.098,-.989,-.855,-.498,.143,-.507,.862,-.03);es="Linear";ed="In";};["000-offset.003"]={cf=cfr(0,0,0,-.139,.385,.912,-.922,-.386,.023,.361,-.838,.409);es="Linear";ed="In";};["000-offset.007"]={cf=cfr(0,0,0,.792,-.61,0,.61,.792,0,0,0,1);es="Linear";ed="In";};["000-offset.004"]={cf=cfr(0,0,0,.94,-.341,0,.341,.94,0,0,0,1);es="Linear";ed="In";};["000-offset.008"]={cf=cfr(0,0,0,.821,-.368,.437,-.38,.219,.899,-.426,-.904,.041);es="Linear";ed="In";};["000-offset.005"]={cf=cfr(0,0,0,.957,-.254,.143,.266,.564,-.782,.118,.786,.607);es="Linear";ed="In";};};{tm=.583;["root"]={cf=cfr(0,1.41,0,0,0,1,0,1,0,-1,0,0);es="Linear";ed="In";};["000-offset"]={cf=cfr(0,0,0,-.991,-.132,0,.132,-.991,0,0,0,1);es="Linear";ed="In";};["000-offset.009"]={cf=cfr(0,0,0,-.413,-.872,.263,.896,-.441,-.058,.167,.211,.963);es="Linear";ed="In";};["000-offset.012"]={cf=cfr(0,0,0,.071,-.992,-.1,.995,.064,.071,-.064,-.105,.992);es="Linear";ed="In";};["000-offset.001"]={cf=cfr(0,0,0,.984,-.179,0,.179,.984,0,0,0,1);es="Linear";ed="In";};["000-offset.010"]={cf=cfr(0,0,0,.099,.995,0,-.995,.099,0,0,0,1);es="Linear";ed="In";};["000-offset.013"]={cf=cfr(0,0,0,.458,.889,0,-.889,.458,0,0,0,1);es="Linear";ed="In";};["000-offset.002"]={cf=cfr(0,0,0,.486,-.874,-.015,.873,.484,.052,-.038,-.038,.999);es="Linear";ed="In";};["000-offset.011"]={cf=cfr(0,0,0,.54,-.841,0,.841,.54,0,0,0,1);es="Linear";ed="In";};["000-offset.014"]={cf=cfr(0,0,0,.07,-.998,0,.998,.07,0,0,0,1);es="Linear";ed="In";};["000-offset.006"]={cf=cfr(0,0,0,-.13,-.119,-.984,-.865,-.472,.172,-.485,.874,-.042);es="Linear";ed="In";};["000-offset.003"]={cf=cfr(0,0,0,-.158,.334,.929,-.923,-.385,-.019,.352,-.86,.369);es="Linear";ed="In";};["000-offset.007"]={cf=cfr(0,0,0,.789,-.615,0,.615,.789,0,0,0,1);es="Linear";ed="In";};["000-offset.004"]={cf=cfr(0,0,0,.943,-.332,0,.332,.943,0,0,0,1);es="Linear";ed="In";};["000-offset.008"]={cf=cfr(0,0,0,.809,-.375,.452,-.402,.208,.892,-.428,-.903,.017);es="Linear";ed="In";};["000-offset.005"]={cf=cfr(0,0,0,.956,-.258,.143,.266,.544,-.796,.128,.798,.589);es="Linear";ed="In";};};{tm=.625;["root"]={cf=cfr(0,1.466,0,0,0,1,0,1,0,-1,0,0);es="Linear";ed="In";};["000-offset"]={cf=cfr(0,0,0,-.998,-.06,0,.06,-.998,0,0,0,1);es="Linear";ed="In";};["000-offset.009"]={cf=cfr(0,0,0,-.457,-.851,.261,.872,-.486,-.057,.175,.202,.964);es="Linear";ed="In";};["000-offset.012"]={cf=cfr(0,0,0,.121,-.987,-.101,.991,.115,.068,-.056,-.109,.992);es="Linear";ed="In";};["000-offset.001"]={cf=cfr(0,0,0,.987,-.158,0,.158,.987,0,0,0,1);es="Linear";ed="In";};["000-offset.010"]={cf=cfr(0,0,0,.009,1,0,-1,.009,0,0,0,1);es="Linear";ed="In";};["000-offset.013"]={cf=cfr(0,0,0,.435,.9,0,-.9,.435,0,0,0,1);es="Linear";ed="In";};["000-offset.002"]={cf=cfr(0,0,0,.51,-.86,-.015,.859,.509,.052,-.037,-.039,.999);es="Linear";ed="In";};["000-offset.011"]={cf=cfr(0,0,0,.54,-.842,0,.842,.54,0,0,0,1);es="Linear";ed="In";};["000-offset.014"]={cf=cfr(0,0,0,.064,-.998,0,.998,.064,0,0,0,1);es="Linear";ed="In";};["000-offset.006"]={cf=cfr(0,0,0,-.159,-.148,-.976,-.871,-.445,.209,-.465,.883,-.058);es="Linear";ed="In";};["000-offset.003"]={cf=cfr(0,0,0,-.187,.28,.942,-.914,-.402,-.062,.361,-.872,.331);es="Linear";ed="In";};["000-offset.007"]={cf=cfr(0,0,0,.787,-.617,0,.617,.787,0,0,0,1);es="Linear";ed="In";};["000-offset.004"]={cf=cfr(0,0,0,.946,-.324,0,.324,.946,0,0,0,1);es="Linear";ed="In";};["000-offset.008"]={cf=cfr(0,0,0,.801,-.381,.463,-.417,.2,.887,-.43,-.903,.001);es="Linear";ed="In";};["000-offset.005"]={cf=cfr(0,0,0,.955,-.261,.143,.265,.531,-.805,.135,.806,.576);es="Linear";ed="In";};};{tm=.667;["root"]={cf=cfr(0,1.297,0,0,0,1,0,1,0,-1,0,0);es="Linear";ed="In";};["000-offset"]={cf=cfr(0,0,0,-1,-.005,0,.005,-1,0,0,0,1);es="Linear";ed="In";};["000-offset.009"]={cf=cfr(0,0,0,-.497,-.828,.261,.847,-.528,-.059,.187,.192,.964);es="Linear";ed="In";};["000-offset.012"]={cf=cfr(0,0,0,.146,-.984,-.101,.988,.139,.072,-.057,-.11,.992);es="Linear";ed="In";};["000-offset.001"]={cf=cfr(0,0,0,.991,-.137,0,.137,.991,0,0,0,1);es="Linear";ed="In";};["000-offset.010"]={cf=cfr(0,0,0,-.067,.998,0,-.998,-.067,0,0,0,1);es="Linear";ed="In";};["000-offset.013"]={cf=cfr(0,0,0,.408,.913,0,-.913,.408,0,0,0,1);es="Linear";ed="In";};["000-offset.002"]={cf=cfr(0,0,0,.555,-.832,-.015,.831,.554,.052,-.035,-.041,.999);es="Linear";ed="In";};["000-offset.011"]={cf=cfr(0,0,0,.54,-.842,0,.842,.54,0,0,0,1);es="Linear";ed="In";};["000-offset.014"]={cf=cfr(0,0,0,.066,-.998,0,.998,.066,0,0,0,1);es="Linear";ed="In";};["000-offset.006"]={cf=cfr(0,0,0,-.191,-.18,-.965,-.873,-.419,.25,-.449,.89,-.077);es="Linear";ed="In";};["000-offset.003"]={cf=cfr(0,0,0,-.222,.226,.949,-.898,-.428,-.108,.381,-.875,.297);es="Linear";ed="In";};["000-offset.007"]={cf=cfr(0,0,0,.787,-.617,0,.617,.787,0,0,0,1);es="Linear";ed="In";};["000-offset.004"]={cf=cfr(0,0,0,.949,-.316,0,.316,.949,0,0,0,1);es="Linear";ed="In";};["000-offset.008"]={cf=cfr(0,0,0,.795,-.385,.469,-.427,.195,.883,-.431,-.902,-.01);es="Linear";ed="In";};["000-offset.005"]={cf=cfr(0,0,0,.954,-.263,.143,.265,.522,-.811,.139,.812,.567);es="Linear";ed="In";};};{tm=.708;["root"]={cf=cfr(0,1.142,0,0,0,1,0,1,0,-1,0,0);es="Linear";ed="In";};["000-offset"]={cf=cfr(0,0,0,-1,.017,0,-.017,-1,0,0,0,1);es="Linear";ed="In";};["000-offset.009"]={cf=cfr(0,0,0,-.536,-.802,.265,.819,-.57,-.067,.205,.181,.962);es="Linear";ed="In";};["000-offset.012"]={cf=cfr(0,0,0,.125,-.987,-.097,.989,.117,.085,-.073,-.107,.992);es="Linear";ed="In";};["000-offset.001"]={cf=cfr(0,0,0,.993,-.116,0,.116,.993,0,0,0,1);es="Linear";ed="In";};["000-offset.010"]={cf=cfr(0,0,0,-.112,.994,0,-.994,-.112,0,0,0,1);es="Linear";ed="In";};["000-offset.013"]={cf=cfr(0,0,0,.374,.927,0,-.927,.374,0,0,0,1);es="Linear";ed="In";};["000-offset.002"]={cf=cfr(0,0,0,.579,-.816,-.015,.815,.577,.052,-.034,-.042,.999);es="Linear";ed="In";};["000-offset.011"]={cf=cfr(0,0,0,.54,-.842,0,.842,.54,0,0,0,1);es="Linear";ed="In";};["000-offset.014"]={cf=cfr(0,0,0,.081,-.997,0,.997,.081,0,0,0,1);es="Linear";ed="In";};["000-offset.006"]={cf=cfr(0,0,0,-.223,-.209,-.952,-.871,-.395,.291,-.437,.894,-.094);es="Linear";ed="In";};["000-offset.003"]={cf=cfr(0,0,0,-.256,.176,.95,-.878,-.454,-.153,.405,-.873,.271);es="Linear";ed="In";};["000-offset.007"]={cf=cfr(0,0,0,.787,-.617,0,.617,.787,0,0,0,1);es="Linear";ed="In";};["000-offset.004"]={cf=cfr(0,0,0,.951,-.309,0,.309,.951,0,0,0,1);es="Linear";ed="In";};["000-offset.008"]={cf=cfr(0,0,0,.792,-.386,.473,-.432,.192,.881,-.431,-.902,-.015);es="Linear";ed="In";};["000-offset.005"]={cf=cfr(0,0,0,.954,-.264,.143,.265,.517,-.814,.141,.814,.563);es="Linear";ed="In";};};{tm=.75;["root"]={cf=cfr(0,1.17,0,0,0,1,0,1,0,-1,0,0);es="Linear";ed="In";};["000-offset"]={cf=cfr(0,0,0,-1,.016,0,-.016,-1,0,0,0,1);es="Linear";ed="In";};["000-offset.009"]={cf=cfr(0,0,0,-.574,-.772,.273,.786,-.613,-.08,.229,.169,.959);es="Linear";ed="In";};["000-offset.012"]={cf=cfr(0,0,0,.065,-.994,-.093,.993,.055,.107,-.101,-.099,.99);es="Linear";ed="In";};["000-offset.001"]={cf=cfr(0,0,0,.996,-.094,0,.094,.996,0,0,0,1);es="Linear";ed="In";};["000-offset.010"]={cf=cfr(0,0,0,-.13,.992,0,-.992,-.13,0,0,0,1);es="Linear";ed="In";};["000-offset.013"]={cf=cfr(0,0,0,.337,.941,0,-.941,.337,0,0,0,1);es="Linear";ed="In";};["000-offset.002"]={cf=cfr(0,0,0,.577,-.817,-.015,.816,.575,.052,-.034,-.042,.999);es="Linear";ed="In";};["000-offset.011"]={cf=cfr(0,0,0,.54,-.842,0,.842,.54,0,0,0,1);es="Linear";ed="In";};["000-offset.014"]={cf=cfr(0,0,0,.108,-.994,0,.994,.108,0,0,0,1);es="Linear";ed="In";};["000-offset.006"]={cf=cfr(0,0,0,-.253,-.234,-.939,-.867,-.376,.327,-.43,.897,-.107);es="Linear";ed="In";};["000-offset.003"]={cf=cfr(0,0,0,-.288,.136,.948,-.859,-.475,-.193,.424,-.869,.253);es="Linear";ed="In";};["000-offset.007"]={cf=cfr(0,0,0,.789,-.615,0,.615,.789,0,0,0,1);es="Linear";ed="In";};["000-offset.004"]={cf=cfr(0,0,0,.953,-.303,0,.303,.953,0,0,0,1);es="Linear";ed="In";};["000-offset.008"]={cf=cfr(0,0,0,.792,-.387,.473,-.433,.192,.881,-.431,-.902,-.015);es="Linear";ed="In";};["000-offset.005"]={cf=cfr(0,0,0,.954,-.264,.143,.265,.516,-.814,.142,.815,.563);es="Linear";ed="In";};};{tm=.792;["RootNode"]={cf=cfr(0,0,0,-1,0,0,0,1,0,0,0,-1);es="Linear";ed="In";};["root"]={cf=cfr(0,1.213,0,0,0,1,0,1,0,-1,0,0);es="Linear";ed="In";};["000-offset"]={cf=cfr(0,0,0,-1,.015,0,-.015,-1,0,0,0,1);es="Linear";ed="In";};["004-offset.001"]={cf=cfr(0,0,0,.144,-.99,0,.99,.144,0,0,0,1);es="Linear";ed="In";};["006-offset"]={cf=cfr(0,0,0,-.015,-1,0,1,-.015,0,0,0,1);es="Linear";ed="In";};["000-offset.009"]={cf=cfr(0,0,0,-.611,-.739,.284,.749,-.656,-.093,.255,.156,.954);es="Linear";ed="In";};["000-offset.012"]={cf=cfr(0,0,0,-.011,-.996,-.091,.991,-.023,.133,-.134,-.089,.987);es="Linear";ed="In";};["000-offset.001"]={cf=cfr(0,0,0,.997,-.072,0,.072,.997,0,0,0,1);es="Linear";ed="In";};["000-offset.010"]={cf=cfr(0,0,0,-.138,.99,0,-.99,-.138,0,0,0,1);es="Linear";ed="In";};["000-offset.013"]={cf=cfr(0,0,0,.301,.954,0,-.954,.301,0,0,0,1);es="Linear";ed="In";};["004-offset"]={cf=cfr(0,0,0,.035,-.999,0,.999,.035,0,0,0,1);es="Linear";ed="In";};["002-offset"]={cf=cfr(0,0,0,.035,-.999,0,.999,.035,0,0,0,1);es="Linear";ed="In";};["000-offset.002"]={cf=cfr(0,0,0,.571,-.821,-.015,.82,.57,.052,-.034,-.042,.999);es="Linear";ed="In";};["000-offset.011"]={cf=cfr(0,0,0,.536,-.844,0,.844,.536,0,0,0,1);es="Linear";ed="In";};["000-offset.014"]={cf=cfr(0,0,0,.137,-.991,0,.991,.137,0,0,0,1);es="Linear";ed="In";};["000-offset.006"]={cf=cfr(0,0,0,-.278,-.248,-.928,-.861,-.365,.355,-.427,.897,-.112);es="Linear";ed="In";};["000-offset.003"]={cf=cfr(0,0,0,-.313,.113,.943,-.846,-.485,-.223,.432,-.867,.247);es="Linear";ed="In";};["000-offset.007"]={cf=cfr(0,0,0,.791,-.612,0,.612,.791,0,0,0,1);es="Linear";ed="In";};["000-offset.004"]={cf=cfr(0,0,0,.955,-.298,0,.298,.955,0,0,0,1);es="Linear";ed="In";};["000-offset.008"]={cf=cfr(0,0,0,.793,-.386,.471,-.43,.193,.882,-.431,-.902,-.012);es="Linear";ed="In";};["000-offset.005"]={cf=cfr(0,0,0,.954,-.264,.143,.265,.519,-.813,.14,.813,.565);es="Linear";ed="In";};};}