local cfr = CFrame.new

return {{tm=0;["RootNode"]={cf=cfr(0,0,0,-1,0,0,0,1,0,0,0,-1);es="Linear";ed="In";};["root"]={cf=cfr(0,2.397,0,0,0,1,0,1,0,-1,0,0);es="Linear";ed="In";};["000-offset"]={cf=cfr(0,0,0,-.008,1,0,-1,-.008,0,0,0,1);es="Linear";ed="In";};["004-offset.001"]={cf=cfr(0,0,0,-.015,-1,0,1,-.015,0,0,0,1);es="Linear";ed="In";};["006-offset"]={cf=cfr(0,0,0,-.015,-1,0,1,-.015,0,0,0,1);es="Linear";ed="In";};["000-offset.009"]={cf=cfr(0,0,0,-.4,-.861,.314,.909,-.417,.012,.121,.291,.949);es="Linear";ed="In";};["000-offset.012"]={cf=cfr(0,0,0,.028,-.956,-.292,.998,.01,.063,-.057,-.294,.954);es="Linear";ed="In";};["000-offset.001"]={cf=cfr(0,0,0,.993,-.114,-.016,.114,.993,.005,.015,-.007,1);es="Linear";ed="In";};["000-offset.010"]={cf=cfr(0,0,0,.334,.943,0,-.943,.334,0,0,0,1);es="Linear";ed="In";};["000-offset.013"]={cf=cfr(0,0,0,.854,.521,0,-.521,.854,0,0,0,1);es="Linear";ed="In";};["004-offset"]={cf=cfr(0,0,0,.035,-.999,0,.999,.035,0,0,0,1);es="Linear";ed="In";};["002-offset"]={cf=cfr(0,0,0,.035,-.999,0,.999,.035,0,0,0,1);es="Linear";ed="In";};["000-offset.002"]={cf=cfr(0,0,0,.906,-.421,.052,.421,.907,.008,-.05,.014,.999);es="Linear";ed="In";};["000-offset.011"]={cf=cfr(0,0,0,.451,-.892,0,.892,.451,0,0,0,1);es="Linear";ed="In";};["000-offset.014"]={cf=cfr(0,0,0,.845,-.535,-.005,.534,.845,-.021,.015,.016,1);es="Linear";ed="In";};["000-offset.006"]={cf=cfr(0,0,0,.377,-.91,-.171,.82,.242,.518,-.431,-.336,.838);es="Linear";ed="In";};["000-offset.003"]={cf=cfr(0,0,0,.299,-.952,.07,.862,.237,-.447,.409,.194,.892);es="Linear";ed="In";};["000-offset.007"]={cf=cfr(0,0,0,.949,-.316,0,.316,.949,0,0,0,1);es="Linear";ed="In";};["000-offset.004"]={cf=cfr(0,0,0,.872,-.49,0,.49,.872,0,0,0,1);es="Linear";ed="In";};["000-offset.008"]={cf=cfr(0,0,0,.995,-.073,.074,.068,.995,.069,-.079,-.063,.995);es="Linear";ed="In";};["000-offset.005"]={cf=cfr(0,0,0,.99,.051,-.132,-.061,.996,-.071,.128,.079,.989);es="Linear";ed="In";};};{tm=.042;["000-offset"]={cf=cfr(0,0,0,.01,1,0,-1,.01,0,0,0,1);es="Linear";ed="In";};["000-offset.009"]={cf=cfr(0,0,0,-.448,-.83,.333,.882,-.47,.016,.143,.301,.943);es="Linear";ed="In";};["000-offset.012"]={cf=cfr(0,0,0,.071,-.95,-.304,.996,.053,.068,-.049,-.308,.95);es="Linear";ed="In";};["000-offset.001"]={cf=cfr(0,0,0,.996,-.087,-.016,.087,.996,.005,.015,-.006,1);es="Linear";ed="In";};["000-offset.010"]={cf=cfr(0,0,0,.288,.958,0,-.958,.288,0,0,0,1);es="Linear";ed="In";};["000-offset.013"]={cf=cfr(0,0,0,.893,.45,0,-.45,.893,0,0,0,1);es="Linear";ed="In";};["000-offset.002"]={cf=cfr(0,0,0,.92,-.388,.052,.388,.922,.008,-.051,.012,.999);es="Linear";ed="In";};["000-offset.011"]={cf=cfr(0,0,0,.47,-.883,-.001,.883,.47,-.001,.001,-.001,1);es="Linear";ed="In";};["000-offset.014"]={cf=cfr(0,0,0,.865,-.501,-.004,.501,.865,-.026,.017,.021,1);es="Linear";ed="In";};["000-offset.006"]={cf=cfr(0,0,0,.412,-.886,-.212,.802,.242,.546,-.432,-.395,.811);es="Linear";ed="In";};["000-offset.003"]={cf=cfr(0,0,0,.318,-.919,.232,.856,.174,-.486,.407,.353,.843);es="Linear";ed="In";};["000-offset.007"]={cf=cfr(0,0,0,.96,-.281,0,.281,.96,0,0,0,1);es="Linear";ed="In";};["000-offset.004"]={cf=cfr(0,0,0,.818,-.575,0,.575,.818,0,0,0,1);es="Linear";ed="In";};["000-offset.008"]={cf=cfr(0,0,0,.991,-.107,.076,.103,.993,.063,-.082,-.055,.995);es="Linear";ed="In";};["000-offset.005"]={cf=cfr(0,0,0,.992,-.057,-.115,.049,.996,-.071,.118,.065,.991);es="Linear";ed="In";};};{tm=.083;["000-offset"]={cf=cfr(0,0,0,.036,.999,0,-.999,.036,0,0,0,1);es="Linear";ed="In";};["000-offset.009"]={cf=cfr(0,0,0,-.512,-.782,.354,.841,-.54,.025,.172,.31,.935);es="Linear";ed="In";};["000-offset.012"]={cf=cfr(0,0,0,.106,-.942,-.317,.993,.087,.074,-.042,-.323,.946);es="Linear";ed="In";};["000-offset.001"]={cf=cfr(0,0,0,.999,-.033,-.016,.033,.999,.004,.016,-.005,1);es="Linear";ed="In";};["000-offset.010"]={cf=cfr(0,0,0,.219,.976,0,-.976,.219,0,0,0,1);es="Linear";ed="In";};["000-offset.013"]={cf=cfr(0,0,0,.923,.384,0,-.384,.923,0,0,0,1);es="Linear";ed="In";};["000-offset.002"]={cf=cfr(0,0,0,.94,-.337,.052,.337,.941,.009,-.051,.009,.999);es="Linear";ed="In";};["000-offset.011"]={cf=cfr(0,0,0,.489,-.872,-.003,.872,.489,-.001,.002,-.002,1);es="Linear";ed="In";};["000-offset.014"]={cf=cfr(0,0,0,.884,-.468,-.004,.468,.883,-.032,.019,.027,.999);es="Linear";ed="In";};["000-offset.006"]={cf=cfr(0,0,0,.459,-.85,-.26,.77,.235,.594,-.443,-.472,.762);es="Linear";ed="In";};["000-offset.003"]={cf=cfr(0,0,0,.372,-.831,.413,.827,.095,-.555,.422,.548,.722);es="Linear";ed="In";};["000-offset.007"]={cf=cfr(0,0,0,.968,-.252,0,.252,.968,0,0,0,1);es="Linear";ed="In";};["000-offset.004"]={cf=cfr(0,0,0,.749,-.663,0,.663,.749,0,0,0,1);es="Linear";ed="In";};["000-offset.008"]={cf=cfr(0,0,0,.985,-.152,.08,.147,.988,.056,-.087,-.043,.995);es="Linear";ed="In";};["000-offset.005"]={cf=cfr(0,0,0,.977,-.192,-.097,.186,.98,-.066,.108,.047,.993);es="Linear";ed="In";};};{tm=.125;["000-offset"]={cf=cfr(0,0,0,.066,.998,0,-.998,.066,0,0,0,1);es="Linear";ed="In";};["000-offset.009"]={cf=cfr(0,0,0,-.584,-.719,.376,.785,-.618,.038,.205,.318,.926);es="Linear";ed="In";};["000-offset.012"]={cf=cfr(0,0,0,.131,-.935,-.329,.991,.111,.08,-.039,-.336,.941);es="Linear";ed="In";};["000-offset.001"]={cf=cfr(0,0,0,.999,.04,-.016,-.04,.999,.003,.016,-.003,1);es="Linear";ed="In";};["000-offset.010"]={cf=cfr(0,0,0,.133,.991,0,-.991,.133,0,0,0,1);es="Linear";ed="In";};["000-offset.013"]={cf=cfr(0,0,0,.944,.329,0,-.329,.944,0,0,0,1);es="Linear";ed="In";};["000-offset.002"]={cf=cfr(0,0,0,.96,-.274,.052,.274,.962,.009,-.052,.006,.999);es="Linear";ed="In";};["000-offset.011"]={cf=cfr(0,0,0,.506,-.863,-.004,.863,.506,-.001,.003,-.003,1);es="Linear";ed="In";};["000-offset.014"]={cf=cfr(0,0,0,.898,-.441,-.004,.441,.897,-.038,.021,.033,.999);es="Linear";ed="In";};["000-offset.006"]={cf=cfr(0,0,0,.519,-.799,-.304,.717,.213,.664,-.466,-.562,.683);es="Linear";ed="In";};["000-offset.003"]={cf=cfr(0,0,0,.437,-.702,.562,.781,-.013,-.625,.446,.712,.543);es="Linear";ed="In";};["000-offset.007"]={cf=cfr(0,0,0,.973,-.231,0,.231,.973,0,0,0,1);es="Linear";ed="In";};["000-offset.004"]={cf=cfr(0,0,0,.686,-.727,0,.727,.686,0,0,0,1);es="Linear";ed="In";};["000-offset.008"]={cf=cfr(0,0,0,.976,-.202,.084,.198,.979,.049,-.092,-.031,.995);es="Linear";ed="In";};["000-offset.005"]={cf=cfr(0,0,0,.946,-.313,-.084,.309,.949,-.057,.097,.029,.995);es="Linear";ed="In";};};{tm=.167;["000-offset"]={cf=cfr(0,0,0,.097,.995,0,-.995,.097,0,0,0,1);es="Linear";ed="In";};["000-offset.009"]={cf=cfr(0,0,0,-.656,-.641,.399,.715,-.696,.058,.241,.323,.915);es="Linear";ed="In";};["000-offset.012"]={cf=cfr(0,0,0,.144,-.93,-.34,.989,.121,.087,-.04,-.348,.937);es="Linear";ed="In";};["000-offset.001"]={cf=cfr(0,0,0,.992,.126,-.016,-.126,.992,.003,.016,-.001,1);es="Linear";ed="In";};["000-offset.010"]={cf=cfr(0,0,0,.036,.999,0,-.999,.036,0,0,0,1);es="Linear";ed="In";};["000-offset.013"]={cf=cfr(0,0,0,.957,.29,0,-.29,.957,0,0,0,1);es="Linear";ed="In";};["000-offset.002"]={cf=cfr(0,0,0,.978,-.201,.052,.201,.98,.009,-.053,.002,.999);es="Linear";ed="In";};["000-offset.011"]={cf=cfr(0,0,0,.516,-.856,-.005,.856,.516,-.002,.004,-.004,1);es="Linear";ed="In";};["000-offset.014"]={cf=cfr(0,0,0,.905,-.425,-.004,.424,.905,-.043,.022,.037,.999);es="Linear";ed="In";};["000-offset.006"]={cf=cfr(0,0,0,.588,-.738,-.331,.635,.168,.754,-.501,-.654,.567);es="Linear";ed="In";};["000-offset.003"]={cf=cfr(0,0,0,.493,-.573,.654,.733,-.132,-.668,.469,.809,.355);es="Linear";ed="In";};["000-offset.007"]={cf=cfr(0,0,0,.975,-.221,0,.221,.975,0,0,0,1);es="Linear";ed="In";};["000-offset.004"]={cf=cfr(0,0,0,.66,-.751,0,.751,.66,0,0,0,1);es="Linear";ed="In";};["000-offset.008"]={cf=cfr(0,0,0,.963,-.254,.088,.251,.967,.044,-.096,-.021,.995);es="Linear";ed="In";};["000-offset.005"]={cf=cfr(0,0,0,.922,-.381,-.074,.378,.924,-.047,.087,.016,.996);es="Linear";ed="In";};};{tm=.208;["000-offset"]={cf=cfr(0,0,0,.123,.992,0,-.992,.123,0,0,0,1);es="Linear";ed="In";};["000-offset.009"]={cf=cfr(0,0,0,-.72,-.552,.419,.636,-.768,.082,.277,.325,.904);es="Linear";ed="In";};["000-offset.012"]={cf=cfr(0,0,0,.142,-.926,-.349,.989,.116,.094,-.046,-.358,.933);es="Linear";ed="In";};["000-offset.001"]={cf=cfr(0,0,0,.976,.216,-.016,-.216,.976,.003,.016,.001,1);es="Linear";ed="In";};["000-offset.010"]={cf=cfr(0,0,0,-.064,.998,0,-.998,-.064,0,0,0,1);es="Linear";ed="In";};["000-offset.013"]={cf=cfr(0,0,0,.962,.273,0,-.273,.962,0,0,0,1);es="Linear";ed="In";};["000-offset.002"]={cf=cfr(0,0,0,.991,-.126,.052,.126,.992,.009,-.053,-.002,.999);es="Linear";ed="In";};["000-offset.011"]={cf=cfr(0,0,0,.518,-.855,-.006,.855,.518,-.002,.005,-.004,1);es="Linear";ed="In";};["000-offset.014"]={cf=cfr(0,0,0,.906,-.424,-.004,.424,.905,-.045,.023,.039,.999);es="Linear";ed="In";};["000-offset.006"]={cf=cfr(0,0,0,.658,-.679,-.326,.516,.09,.852,-.549,-.729,.41);es="Linear";ed="In";};["000-offset.003"]={cf=cfr(0,0,0,.549,-.43,.717,.675,-.278,-.684,.494,.859,.138);es="Linear";ed="In";};["000-offset.007"]={cf=cfr(0,0,0,.974,-.226,0,.226,.974,0,0,0,1);es="Linear";ed="In";};["000-offset.004"]={cf=cfr(0,0,0,.715,-.699,0,.699,.715,0,0,0,1);es="Linear";ed="In";};["000-offset.008"]={cf=cfr(0,0,0,.948,-.305,.091,.302,.952,.043,-.1,-.014,.995);es="Linear";ed="In";};["000-offset.005"]={cf=cfr(0,0,0,.927,-.371,-.065,.369,.929,-.035,.073,.009,.997);es="Linear";ed="In";};};{tm=.25;["000-offset"]={cf=cfr(0,0,0,.142,.99,0,-.99,.142,0,0,0,1);es="Linear";ed="In";};["000-offset.009"]={cf=cfr(0,0,0,-.773,-.459,.437,.552,-.827,.108,.312,.325,.893);es="Linear";ed="In";};["000-offset.012"]={cf=cfr(0,0,0,.123,-.927,-.355,.991,.093,.1,-.06,-.364,.929);es="Linear";ed="In";};["000-offset.001"]={cf=cfr(0,0,0,.953,.302,-.016,-.302,.953,.003,.016,.002,1);es="Linear";ed="In";};["000-offset.010"]={cf=cfr(0,0,0,-.157,.988,0,-.988,-.157,0,0,0,1);es="Linear";ed="In";};["000-offset.013"]={cf=cfr(0,0,0,.959,.284,0,-.284,.959,0,0,0,1);es="Linear";ed="In";};["000-offset.002"]={cf=cfr(0,0,0,.997,-.053,.053,.053,.999,.009,-.053,-.006,.999);es="Linear";ed="In";};["000-offset.011"]={cf=cfr(0,0,0,.508,-.861,-.005,.861,.508,-.002,.004,-.004,1);es="Linear";ed="In";};["000-offset.014"]={cf=cfr(0,0,0,.895,-.445,-.004,.445,.895,-.043,.022,.037,.999);es="Linear";ed="In";};["000-offset.006"]={cf=cfr(0,0,0,.71,-.645,-.282,.353,-.021,.935,-.61,-.764,.213);es="Linear";ed="In";};["000-offset.003"]={cf=cfr(0,0,0,.608,-.283,.742,.594,-.458,-.662,.527,.842,-.111);es="Linear";ed="In";};["000-offset.007"]={cf=cfr(0,0,0,.969,-.247,0,.247,.969,0,0,0,1);es="Linear";ed="In";};["000-offset.004"]={cf=cfr(0,0,0,.815,-.579,0,.579,.815,0,0,0,1);es="Linear";ed="In";};["000-offset.008"]={cf=cfr(0,0,0,.932,-.35,.091,.347,.937,.047,-.102,-.012,.995);es="Linear";ed="In";};["000-offset.005"]={cf=cfr(0,0,0,.95,-.307,-.052,.306,.952,-.023,.057,.006,.998);es="Linear";ed="In";};};{tm=.292;["000-offset"]={cf=cfr(0,0,0,.151,.989,0,-.989,.151,0,0,0,1);es="Linear";ed="In";};["000-offset.009"]={cf=cfr(0,0,0,-.812,-.37,.451,.471,-.872,.133,.345,.32,.882);es="Linear";ed="In";};["000-offset.012"]={cf=cfr(0,0,0,.084,-.929,-.36,.993,.049,.107,-.082,-.367,.927);es="Linear";ed="In";};["000-offset.001"]={cf=cfr(0,0,0,.926,.378,-.016,-.378,.926,.004,.016,.002,1);es="Linear";ed="In";};["000-offset.010"]={cf=cfr(0,0,0,-.238,.971,0,-.971,-.238,0,0,0,1);es="Linear";ed="In";};["000-offset.013"]={cf=cfr(0,0,0,.946,.326,0,-.326,.946,0,0,0,1);es="Linear";ed="In";};["000-offset.002"]={cf=cfr(0,0,0,.999,.011,.052,-.012,1,.008,-.052,-.009,.999);es="Linear";ed="In";};["000-offset.011"]={cf=cfr(0,0,0,.482,-.876,-.003,.876,.482,-.001,.003,-.002,1);es="Linear";ed="In";};["000-offset.014"]={cf=cfr(0,0,0,.871,-.491,-.003,.49,.871,-.034,.02,.028,.999);es="Linear";ed="In";};["000-offset.006"]={cf=cfr(0,0,0,.715,-.666,-.211,.15,-.148,.977,-.682,-.731,-.006);es="Linear";ed="In";};["000-offset.003"]={cf=cfr(0,0,0,.655,-.207,.727,.502,-.6,-.623,.565,.773,-.289);es="Linear";ed="In";};["000-offset.007"]={cf=cfr(0,0,0,.957,-.289,0,.289,.957,0,0,0,1);es="Linear";ed="In";};["000-offset.004"]={cf=cfr(0,0,0,.891,-.453,0,.453,.891,0,0,0,1);es="Linear";ed="In";};["000-offset.008"]={cf=cfr(0,0,0,.919,-.386,.086,.382,.922,.056,-.101,-.019,.995);es="Linear";ed="In";};["000-offset.005"]={cf=cfr(0,0,0,.971,-.236,-.043,.236,.972,-.015,.045,.004,.999);es="Linear";ed="In";};};{tm=.333;["RootNode"]={cf=cfr(0,0,0,-1,0,0,0,1,0,0,0,-1);es="Linear";ed="In";};["root"]={cf=cfr(0,2.397,0,0,0,1,0,1,0,-1,0,0);es="Linear";ed="In";};["000-offset"]={cf=cfr(0,0,0,.144,.99,0,-.99,.144,0,0,0,1);es="Linear";ed="In";};["004-offset.001"]={cf=cfr(0,0,0,-.015,-1,0,1,-.015,0,0,0,1);es="Linear";ed="In";};["006-offset"]={cf=cfr(0,0,0,-.015,-1,0,1,-.015,0,0,0,1);es="Linear";ed="In";};["000-offset.009"]={cf=cfr(0,0,0,-.837,-.293,.462,.4,-.904,.152,.373,.312,.874);es="Linear";ed="In";};["000-offset.012"]={cf=cfr(0,0,0,.024,-.931,-.364,.993,-.019,.115,-.114,-.364,.924);es="Linear";ed="In";};["000-offset.001"]={cf=cfr(0,0,0,.899,.437,-.016,-.437,.899,.005,.016,.002,1);es="Linear";ed="In";};["000-offset.010"]={cf=cfr(0,0,0,-.298,.955,0,-.955,-.298,0,0,0,1);es="Linear";ed="In";};["000-offset.013"]={cf=cfr(0,0,0,.916,.402,0,-.402,.916,0,0,0,1);es="Linear";ed="In";};["004-offset"]={cf=cfr(0,0,0,.035,-.999,0,.999,.035,0,0,0,1);es="Linear";ed="In";};["002-offset"]={cf=cfr(0,0,0,.035,-.999,0,.999,.035,0,0,0,1);es="Linear";ed="In";};["000-offset.002"]={cf=cfr(0,0,0,.997,.062,.052,-.062,.998,.008,-.051,-.011,.999);es="Linear";ed="In";};["000-offset.011"]={cf=cfr(0,0,0,.436,-.9,0,.9,.436,0,0,0,1);es="Linear";ed="In";};["000-offset.014"]={cf=cfr(0,0,0,.826,-.564,-.005,.564,.826,-.019,.015,.013,1);es="Linear";ed="In";};["000-offset.006"]={cf=cfr(0,0,0,.643,-.752,-.147,-.067,-.246,.967,-.763,-.612,-.209);es="Linear";ed="In";};["000-offset.003"]={cf=cfr(0,0,0,.682,-.252,.687,.416,-.638,-.648,.602,.727,-.33);es="Linear";ed="In";};["000-offset.007"]={cf=cfr(0,0,0,.936,-.352,0,.352,.936,0,0,0,1);es="Linear";ed="In";};["000-offset.004"]={cf=cfr(0,0,0,.91,-.414,0,.414,.91,0,0,0,1);es="Linear";ed="In";};["000-offset.008"]={cf=cfr(0,0,0,.909,-.41,.074,.405,.912,.071,-.097,-.035,.995);es="Linear";ed="In";};["000-offset.005"]={cf=cfr(0,0,0,.977,-.206,-.044,.206,.978,-.012,.046,.003,.999);es="Linear";ed="In";};};}