local cfr = CFrame.new

return {{tm=0;["RootNode"]={cf=cfr(0,0,0,-1,0,0,0,1,0,0,0,-1);es="Linear";ed="In";};["root"]={cf=cfr(0,2.397,0,0,0,1,0,1,0,-1,0,0);es="Linear";ed="In";};["000-offset"]={cf=cfr(0,0,0,-.015,1,0,-1,-.015,0,0,0,1);es="Linear";ed="In";};["004-offset.001"]={cf=cfr(0,0,0,-.015,-1,0,1,-.015,0,0,0,1);es="Linear";ed="In";};["006-offset"]={cf=cfr(0,0,0,-.015,-1,0,1,-.015,0,0,0,1);es="Linear";ed="In";};["000-offset.009"]={cf=cfr(0,0,0,-.795,-.528,.299,.557,-.831,.012,.242,.176,.954);es="Linear";ed="In";};["000-offset.012"]={cf=cfr(0,0,0,-.62,-.733,-.281,.751,-.657,.057,-.227,-.176,.958);es="Linear";ed="In";};["000-offset.001"]={cf=cfr(0,0,0,.688,.726,-.016,-.726,.688,.005,.015,.008,1);es="Linear";ed="In";};["000-offset.010"]={cf=cfr(0,0,0,-.307,.952,0,-.952,-.307,0,0,0,1);es="Linear";ed="In";};["000-offset.013"]={cf=cfr(0,0,0,-.043,.999,0,-.999,-.043,0,0,0,1);es="Linear";ed="In";};["004-offset"]={cf=cfr(0,0,0,.035,-.999,0,.999,.035,0,0,0,1);es="Linear";ed="In";};["002-offset"]={cf=cfr(0,0,0,.035,-.999,0,.999,.035,0,0,0,1);es="Linear";ed="In";};["000-offset.002"]={cf=cfr(0,0,0,.996,.072,.052,-.072,.997,.008,-.051,-.012,.999);es="Linear";ed="In";};["000-offset.011"]={cf=cfr(0,0,0,.268,-.963,0,.963,.268,0,0,0,1);es="Linear";ed="In";};["000-offset.014"]={cf=cfr(0,0,0,.507,-.862,-.005,.862,.507,-.019,.019,.006,1);es="Linear";ed="In";};["000-offset.006"]={cf=cfr(0,0,0,.504,-.846,-.176,.136,-.124,.983,-.853,-.519,.052);es="Linear";ed="In";};["000-offset.003"]={cf=cfr(0,0,0,.531,-.834,-.152,.031,.199,-.98,.847,.516,.131);es="Linear";ed="In";};["000-offset.007"]={cf=cfr(0,0,0,.613,-.79,0,.79,.613,0,0,0,1);es="Linear";ed="In";};["000-offset.004"]={cf=cfr(0,0,0,.81,-.586,0,.586,.81,0,0,0,1);es="Linear";ed="In";};["000-offset.008"]={cf=cfr(0,0,0,.963,-.26,.074,.255,.964,.071,-.09,-.05,.995);es="Linear";ed="In";};["000-offset.005"]={cf=cfr(0,0,0,.888,-.438,-.143,.432,.899,-.07,.159,0,.987);es="Linear";ed="In";};};{tm=.042;["000-offset.009"]={cf=cfr(0,0,0,-.762,-.578,.293,.607,-.795,.01,.227,.185,.956);es="Linear";ed="In";};["000-offset.012"]={cf=cfr(0,0,0,-.574,-.771,-.275,.791,-.61,.057,-.212,-.185,.96);es="Linear";ed="In";};["000-offset.001"]={cf=cfr(0,0,0,.751,.66,-.015,-.66,.751,.005,.015,.006,1);es="Linear";ed="In";};["000-offset.010"]={cf=cfr(0,0,0,-.241,.971,0,-.971,-.241,0,0,0,1);es="Linear";ed="In";};["000-offset.013"]={cf=cfr(0,0,0,.046,.999,0,-.999,.046,0,0,0,1);es="Linear";ed="In";};["000-offset.002"]={cf=cfr(0,0,0,.999,.018,.051,-.018,1,.008,-.051,-.009,.999);es="Linear";ed="In";};["000-offset.011"]={cf=cfr(0,0,0,.284,-.959,0,.959,.284,0,0,0,1);es="Linear";ed="In";};["000-offset.014"]={cf=cfr(0,0,0,.542,-.841,-.005,.84,.542,-.019,.019,.006,1);es="Linear";ed="In";};["000-offset.006"]={cf=cfr(0,0,0,.533,-.828,-.175,.202,-.077,.976,-.822,-.556,.126);es="Linear";ed="In";};["000-offset.003"]={cf=cfr(0,0,0,.566,-.812,-.142,.092,.233,-.968,.82,.535,.206);es="Linear";ed="In";};["000-offset.007"]={cf=cfr(0,0,0,.653,-.758,0,.758,.653,0,0,0,1);es="Linear";ed="In";};["000-offset.004"]={cf=cfr(0,0,0,.822,-.569,0,.569,.822,0,0,0,1);es="Linear";ed="In";};["000-offset.008"]={cf=cfr(0,0,0,.969,-.237,.074,.232,.97,.071,-.088,-.052,.995);es="Linear";ed="In";};["000-offset.005"]={cf=cfr(0,0,0,.911,-.387,-.143,.381,.922,-.069,.158,.008,.987);es="Linear";ed="In";};};{tm=.083;["000-offset.009"]={cf=cfr(0,0,0,-.671,-.686,.281,.717,-.697,.009,.19,.207,.96);es="Linear";ed="In";};["000-offset.012"]={cf=cfr(0,0,0,-.454,-.851,-.265,.874,-.483,.055,-.175,-.206,.963);es="Linear";ed="In";};["000-offset.001"]={cf=cfr(0,0,0,.877,.48,-.014,-.48,.877,.005,.015,.003,1);es="Linear";ed="In";};["000-offset.010"]={cf=cfr(0,0,0,-.077,.997,0,-.997,-.077,0,0,0,1);es="Linear";ed="In";};["000-offset.013"]={cf=cfr(0,0,0,.258,.966,0,-.966,.258,0,0,0,1);es="Linear";ed="In";};["000-offset.002"]={cf=cfr(0,0,0,.993,-.11,.05,.11,.994,.008,-.051,-.002,.999);es="Linear";ed="In";};["000-offset.011"]={cf=cfr(0,0,0,.323,-.946,0,.946,.323,0,0,0,1);es="Linear";ed="In";};["000-offset.014"]={cf=cfr(0,0,0,.622,-.783,-.005,.783,.622,-.019,.018,.008,1);es="Linear";ed="In";};["000-offset.006"]={cf=cfr(0,0,0,.561,-.806,-.189,.38,.048,.924,-.736,-.59,.333);es="Linear";ed="In";};["000-offset.003"]={cf=cfr(0,0,0,.612,-.785,-.096,.267,.32,-.909,.744,.531,.405);es="Linear";ed="In";};["000-offset.007"]={cf=cfr(0,0,0,.741,-.671,0,.671,.741,0,0,0,1);es="Linear";ed="In";};["000-offset.004"]={cf=cfr(0,0,0,.849,-.528,0,.528,.849,0,0,0,1);es="Linear";ed="In";};["000-offset.008"]={cf=cfr(0,0,0,.98,-.182,.074,.177,.982,.071,-.085,-.057,.995);es="Linear";ed="In";};["000-offset.005"]={cf=cfr(0,0,0,.955,-.262,-.142,.254,.965,-.068,.155,.029,.988);es="Linear";ed="In";};};{tm=.125;["000-offset.009"]={cf=cfr(0,0,0,-.542,-.793,.278,.827,-.562,.011,.148,.236,.961);es="Linear";ed="In";};["000-offset.012"]={cf=cfr(0,0,0,-.287,-.922,-.262,.949,-.31,.052,-.129,-.234,.964);es="Linear";ed="In";};["000-offset.001"]={cf=cfr(0,0,0,.972,.233,-.014,-.233,.973,.005,.015,-.002,1);es="Linear";ed="In";};["000-offset.010"]={cf=cfr(0,0,0,.121,.993,0,-.993,.121,0,0,0,1);es="Linear";ed="In";};["000-offset.013"]={cf=cfr(0,0,0,.506,.862,0,-.862,.506,0,0,0,1);es="Linear";ed="In";};["000-offset.002"]={cf=cfr(0,0,0,.964,-.261,.05,.261,.965,.008,-.051,.006,.999);es="Linear";ed="In";};["000-offset.011"]={cf=cfr(0,0,0,.37,-.929,0,.929,.37,0,0,0,1);es="Linear";ed="In";};["000-offset.014"]={cf=cfr(0,0,0,.713,-.701,-.005,.701,.713,-.019,.017,.01,1);es="Linear";ed="In";};["000-offset.006"]={cf=cfr(0,0,0,.509,-.837,-.202,.603,.18,.777,-.614,-.517,.597);es="Linear";ed="In";};["000-offset.003"]={cf=cfr(0,0,0,.578,-.815,-.037,.512,.398,-.761,.635,.421,.648);es="Linear";ed="In";};["000-offset.007"]={cf=cfr(0,0,0,.835,-.55,0,.55,.835,0,0,0,1);es="Linear";ed="In";};["000-offset.004"]={cf=cfr(0,0,0,.878,-.479,0,.479,.878,0,0,0,1);es="Linear";ed="In";};["000-offset.008"]={cf=cfr(0,0,0,.99,-.118,.074,.113,.991,.071,-.081,-.062,.995);es="Linear";ed="In";};["000-offset.005"]={cf=cfr(0,0,0,.984,-.105,-.143,.096,.993,-.068,.149,.053,.987);es="Linear";ed="In";};};{tm=.167;["000-offset.009"]={cf=cfr(0,0,0,-.422,-.86,.286,.899,-.437,.012,.115,.262,.958);es="Linear";ed="In";};["000-offset.012"]={cf=cfr(0,0,0,-.123,-.955,-.27,.989,-.142,.052,-.088,-.26,.961);es="Linear";ed="In";};["000-offset.001"]={cf=cfr(0,0,0,1,.005,-.015,-.005,1,.005,.015,-.005,1);es="Linear";ed="In";};["000-offset.010"]={cf=cfr(0,0,0,.283,.959,0,-.959,.283,0,0,0,1);es="Linear";ed="In";};["000-offset.013"]={cf=cfr(0,0,0,.704,.71,0,-.71,.704,0,0,0,1);es="Linear";ed="In";};["000-offset.002"]={cf=cfr(0,0,0,.922,-.383,.051,.383,.924,.008,-.05,.012,.999);es="Linear";ed="In";};["000-offset.011"]={cf=cfr(0,0,0,.412,-.911,0,.911,.412,0,0,0,1);es="Linear";ed="In";};["000-offset.014"]={cf=cfr(0,0,0,.787,-.617,-.005,.617,.787,-.019,.016,.012,1);es="Linear";ed="In";};["000-offset.006"]={cf=cfr(0,0,0,.399,-.901,-.168,.771,.231,.593,-.496,-.366,.788);es="Linear";ed="In";};["000-offset.003"]={cf=cfr(0,0,0,.453,-.891,-.025,.725,.384,-.572,.519,.241,.82);es="Linear";ed="In";};["000-offset.007"]={cf=cfr(0,0,0,.904,-.428,0,.428,.904,0,0,0,1);es="Linear";ed="In";};["000-offset.004"]={cf=cfr(0,0,0,.896,-.444,0,.444,.896,0,0,0,1);es="Linear";ed="In";};["000-offset.008"]={cf=cfr(0,0,0,.995,-.068,.074,.062,.996,.071,-.078,-.066,.995);es="Linear";ed="In";};["000-offset.005"]={cf=cfr(0,0,0,.989,.03,-.145,-.04,.997,-.068,.143,.073,.987);es="Linear";ed="In";};};{tm=.208;["RootNode"]={cf=cfr(0,0,0,-1,0,0,0,1,0,0,0,-1);es="Linear";ed="In";};["root"]={cf=cfr(0,2.397,0,0,0,1,0,1,0,-1,0,0);es="Linear";ed="In";};["000-offset"]={cf=cfr(0,0,0,-.015,1,0,-1,-.015,0,0,0,1);es="Linear";ed="In";};["004-offset.001"]={cf=cfr(0,0,0,-.015,-1,0,1,-.015,0,0,0,1);es="Linear";ed="In";};["006-offset"]={cf=cfr(0,0,0,-.015,-1,0,1,-.015,0,0,0,1);es="Linear";ed="In";};["000-offset.009"]={cf=cfr(0,0,0,-.375,-.877,.299,.921,-.39,.012,.106,.28,.954);es="Linear";ed="In";};["000-offset.012"]={cf=cfr(0,0,0,-.021,-.959,-.281,.998,-.039,.057,-.066,-.28,.958);es="Linear";ed="In";};["000-offset.001"]={cf=cfr(0,0,0,.994,-.107,-.016,.107,.994,.005,.015,-.007,1);es="Linear";ed="In";};["000-offset.010"]={cf=cfr(0,0,0,.35,.937,0,-.937,.35,0,0,0,1);es="Linear";ed="In";};["000-offset.013"]={cf=cfr(0,0,0,.806,.592,0,-.592,.806,0,0,0,1);es="Linear";ed="In";};["004-offset"]={cf=cfr(0,0,0,.035,-.999,0,.999,.035,0,0,0,1);es="Linear";ed="In";};["002-offset"]={cf=cfr(0,0,0,.035,-.999,0,.999,.035,0,0,0,1);es="Linear";ed="In";};["000-offset.002"]={cf=cfr(0,0,0,.9,-.433,.052,.433,.901,.008,-.05,.015,.999);es="Linear";ed="In";};["000-offset.011"]={cf=cfr(0,0,0,.436,-.9,0,.9,.436,0,0,0,1);es="Linear";ed="In";};["000-offset.014"]={cf=cfr(0,0,0,.826,-.564,-.005,.564,.826,-.019,.015,.013,1);es="Linear";ed="In";};["000-offset.006"]={cf=cfr(0,0,0,.35,-.925,-.144,.828,.234,.509,-.437,-.298,.849);es="Linear";ed="In";};["000-offset.003"]={cf=cfr(0,0,0,.335,-.942,-.02,.834,.306,-.46,.439,.137,.888);es="Linear";ed="In";};["000-offset.007"]={cf=cfr(0,0,0,.936,-.352,0,.352,.936,0,0,0,1);es="Linear";ed="In";};["000-offset.004"]={cf=cfr(0,0,0,.898,-.441,0,.441,.898,0,0,0,1);es="Linear";ed="In";};["000-offset.008"]={cf=cfr(0,0,0,.996,-.053,.074,.048,.996,.071,-.077,-.067,.995);es="Linear";ed="In";};["000-offset.005"]={cf=cfr(0,0,0,.986,.091,-.143,-.102,.992,-.07,.136,.083,.987);es="Linear";ed="In";};};{tm=.292;["RootNode"]={cf=cfr(0,0,0,-1,0,0,0,1,0,0,0,-1);es="Linear";ed="In";};["root"]={cf=cfr(0,2.397,0,0,0,1,0,1,0,-1,0,0);es="Linear";ed="In";};["000-offset"]={cf=cfr(0,0,0,-.015,1,0,-1,-.015,0,0,0,1);es="Linear";ed="In";};["004-offset.001"]={cf=cfr(0,0,0,-.015,-1,0,1,-.015,0,0,0,1);es="Linear";ed="In";};["006-offset"]={cf=cfr(0,0,0,-.015,-1,0,1,-.015,0,0,0,1);es="Linear";ed="In";};["000-offset.009"]={cf=cfr(0,0,0,-.375,-.877,.299,.921,-.39,.012,.106,.28,.954);es="Linear";ed="In";};["000-offset.012"]={cf=cfr(0,0,0,-.021,-.959,-.281,.998,-.039,.057,-.066,-.28,.958);es="Linear";ed="In";};["000-offset.001"]={cf=cfr(0,0,0,.994,-.107,-.016,.107,.994,.005,.015,-.007,1);es="Linear";ed="In";};["000-offset.010"]={cf=cfr(0,0,0,.35,.937,0,-.937,.35,0,0,0,1);es="Linear";ed="In";};["000-offset.013"]={cf=cfr(0,0,0,.806,.592,0,-.592,.806,0,0,0,1);es="Linear";ed="In";};["004-offset"]={cf=cfr(0,0,0,.035,-.999,0,.999,.035,0,0,0,1);es="Linear";ed="In";};["002-offset"]={cf=cfr(0,0,0,.035,-.999,0,.999,.035,0,0,0,1);es="Linear";ed="In";};["000-offset.002"]={cf=cfr(0,0,0,.9,-.433,.052,.433,.901,.008,-.05,.015,.999);es="Linear";ed="In";};["000-offset.011"]={cf=cfr(0,0,0,.436,-.9,0,.9,.436,0,0,0,1);es="Linear";ed="In";};["000-offset.014"]={cf=cfr(0,0,0,.826,-.564,-.005,.564,.826,-.019,.015,.013,1);es="Linear";ed="In";};["000-offset.006"]={cf=cfr(0,0,0,.35,-.925,-.144,.828,.234,.509,-.437,-.298,.849);es="Linear";ed="In";};["000-offset.003"]={cf=cfr(0,0,0,.335,-.942,-.02,.834,.306,-.46,.439,.137,.888);es="Linear";ed="In";};["000-offset.007"]={cf=cfr(0,0,0,.936,-.352,0,.352,.936,0,0,0,1);es="Linear";ed="In";};["000-offset.004"]={cf=cfr(0,0,0,.898,-.441,0,.441,.898,0,0,0,1);es="Linear";ed="In";};["000-offset.008"]={cf=cfr(0,0,0,.996,-.053,.074,.048,.996,.071,-.077,-.067,.995);es="Linear";ed="In";};["000-offset.005"]={cf=cfr(0,0,0,.986,.091,-.143,-.102,.992,-.07,.136,.083,.987);es="Linear";ed="In";};};{tm=.625;["RootNode"]={cf=cfr(0,0,0,-1,0,0,0,1,0,0,0,-1);es="Linear";ed="In";};["root"]={cf=cfr(0,2.397,0,0,0,1,0,1,0,-1,0,0);es="Linear";ed="In";};["000-offset"]={cf=cfr(0,0,0,-.015,1,0,-1,-.015,0,0,0,1);es="Linear";ed="In";};["004-offset.001"]={cf=cfr(0,0,0,-.015,-1,0,1,-.015,0,0,0,1);es="Linear";ed="In";};["006-offset"]={cf=cfr(0,0,0,-.015,-1,0,1,-.015,0,0,0,1);es="Linear";ed="In";};["000-offset.009"]={cf=cfr(0,0,0,-.375,-.877,.299,.921,-.39,.012,.106,.28,.954);es="Linear";ed="In";};["000-offset.012"]={cf=cfr(0,0,0,-.021,-.959,-.281,.998,-.039,.057,-.066,-.28,.958);es="Linear";ed="In";};["000-offset.001"]={cf=cfr(0,0,0,.994,-.107,-.016,.107,.994,.005,.015,-.007,1);es="Linear";ed="In";};["000-offset.010"]={cf=cfr(0,0,0,.35,.937,0,-.937,.35,0,0,0,1);es="Linear";ed="In";};["000-offset.013"]={cf=cfr(0,0,0,.806,.592,0,-.592,.806,0,0,0,1);es="Linear";ed="In";};["004-offset"]={cf=cfr(0,0,0,.035,-.999,0,.999,.035,0,0,0,1);es="Linear";ed="In";};["002-offset"]={cf=cfr(0,0,0,.035,-.999,0,.999,.035,0,0,0,1);es="Linear";ed="In";};["000-offset.002"]={cf=cfr(0,0,0,.9,-.433,.052,.433,.901,.008,-.05,.015,.999);es="Linear";ed="In";};["000-offset.011"]={cf=cfr(0,0,0,.436,-.9,0,.9,.436,0,0,0,1);es="Linear";ed="In";};["000-offset.014"]={cf=cfr(0,0,0,.826,-.564,-.005,.564,.826,-.019,.015,.013,1);es="Linear";ed="In";};["000-offset.006"]={cf=cfr(0,0,0,.35,-.925,-.144,.828,.234,.509,-.437,-.298,.849);es="Linear";ed="In";};["000-offset.003"]={cf=cfr(0,0,0,.335,-.942,-.02,.834,.306,-.46,.439,.137,.888);es="Linear";ed="In";};["000-offset.007"]={cf=cfr(0,0,0,.936,-.352,0,.352,.936,0,0,0,1);es="Linear";ed="In";};["000-offset.004"]={cf=cfr(0,0,0,.898,-.441,0,.441,.898,0,0,0,1);es="Linear";ed="In";};["000-offset.008"]={cf=cfr(0,0,0,.996,-.053,.074,.048,.996,.071,-.077,-.067,.995);es="Linear";ed="In";};["000-offset.005"]={cf=cfr(0,0,0,.986,.091,-.143,-.102,.992,-.07,.136,.083,.987);es="Linear";ed="In";};};{tm=.75;["RootNode"]={cf=cfr(0,0,0,-1,0,0,0,1,0,0,0,-1);es="Linear";ed="In";};["root"]={cf=cfr(0,2.397,0,0,0,1,0,1,0,-1,0,0);es="Linear";ed="In";};["000-offset"]={cf=cfr(0,0,0,-.015,1,0,-1,-.015,0,0,0,1);es="Linear";ed="In";};["004-offset.001"]={cf=cfr(0,0,0,-.015,-1,0,1,-.015,0,0,0,1);es="Linear";ed="In";};["006-offset"]={cf=cfr(0,0,0,-.015,-1,0,1,-.015,0,0,0,1);es="Linear";ed="In";};["000-offset.009"]={cf=cfr(0,0,0,-.375,-.877,.299,.921,-.39,.012,.106,.28,.954);es="Linear";ed="In";};["000-offset.012"]={cf=cfr(0,0,0,-.021,-.959,-.281,.998,-.039,.057,-.066,-.28,.958);es="Linear";ed="In";};["000-offset.001"]={cf=cfr(0,0,0,.994,-.107,-.016,.107,.994,.005,.015,-.007,1);es="Linear";ed="In";};["000-offset.010"]={cf=cfr(0,0,0,.35,.937,0,-.937,.35,0,0,0,1);es="Linear";ed="In";};["000-offset.013"]={cf=cfr(0,0,0,.806,.592,0,-.592,.806,0,0,0,1);es="Linear";ed="In";};["004-offset"]={cf=cfr(0,0,0,.035,-.999,0,.999,.035,0,0,0,1);es="Linear";ed="In";};["002-offset"]={cf=cfr(0,0,0,.035,-.999,0,.999,.035,0,0,0,1);es="Linear";ed="In";};["000-offset.002"]={cf=cfr(0,0,0,.9,-.433,.052,.433,.901,.008,-.05,.015,.999);es="Linear";ed="In";};["000-offset.011"]={cf=cfr(0,0,0,.436,-.9,0,.9,.436,0,0,0,1);es="Linear";ed="In";};["000-offset.014"]={cf=cfr(0,0,0,.826,-.564,-.005,.564,.826,-.019,.015,.013,1);es="Linear";ed="In";};["000-offset.006"]={cf=cfr(0,0,0,.35,-.925,-.144,.828,.234,.509,-.437,-.298,.849);es="Linear";ed="In";};["000-offset.003"]={cf=cfr(0,0,0,.335,-.942,-.02,.834,.306,-.46,.439,.137,.888);es="Linear";ed="In";};["000-offset.007"]={cf=cfr(0,0,0,.936,-.352,0,.352,.936,0,0,0,1);es="Linear";ed="In";};["000-offset.004"]={cf=cfr(0,0,0,.898,-.441,0,.441,.898,0,0,0,1);es="Linear";ed="In";};["000-offset.008"]={cf=cfr(0,0,0,.996,-.053,.074,.048,.996,.071,-.077,-.067,.995);es="Linear";ed="In";};["000-offset.005"]={cf=cfr(0,0,0,.986,.091,-.143,-.102,.992,-.07,.136,.083,.987);es="Linear";ed="In";};};}