local cfr = CFrame.new

return {{tm=0;["RootNode"]={cf=cfr(0,0,0,-1,0,0,0,1,0,0,0,-1);es="Linear";ed="In";};["root"]={cf=cfr(0,2.665,0,0,0,1,0,1,0,-1,0,0);es="Linear";ed="In";};["000-offset"]={cf=cfr(0,0,0,.246,.919,-.307,-.96,.188,-.206,-.131,.345,.929);es="Linear";ed="In";};["004-offset.001"]={cf=cfr(0,0,0,-.015,-1,0,1,-.015,0,0,0,1);es="Linear";ed="In";};["006-offset"]={cf=cfr(0,0,0,-.015,-1,0,1,-.015,0,0,0,1);es="Linear";ed="In";};["000-offset.009"]={cf=cfr(0,0,0,-.368,-.83,.418,.876,-.46,-.142,.31,.314,.897);es="Linear";ed="In";};["000-offset.012"]={cf=cfr(0,0,0,-.515,-.851,-.106,.801,-.521,.296,-.307,.067,.949);es="Linear";ed="In";};["000-offset.001"]={cf=cfr(0,0,0,.972,-.138,-.189,.098,.973,-.208,.212,.184,.96);es="Linear";ed="In";};["000-offset.010"]={cf=cfr(0,0,0,.16,.987,0,-.987,.16,0,0,0,1);es="Linear";ed="In";};["000-offset.013"]={cf=cfr(0,0,0,.17,.985,0,-.985,.17,0,0,0,1);es="Linear";ed="In";};["004-offset"]={cf=cfr(0,0,0,.035,-.999,0,.999,.035,0,0,0,1);es="Linear";ed="In";};["002-offset"]={cf=cfr(0,0,0,.035,-.999,0,.999,.035,0,0,0,1);es="Linear";ed="In";};["000-offset.002"]={cf=cfr(0,0,0,.909,-.416,0,.416,.909,0,0,0,1);es="Linear";ed="In";};["000-offset.011"]={cf=cfr(0,0,0,.718,-.696,-.021,.696,.718,-.018,.028,-.001,1);es="Linear";ed="In";};["000-offset.014"]={cf=cfr(0,0,0,.202,-.979,.013,.978,.202,.056,-.058,.001,.998);es="Linear";ed="In";};["000-offset.006"]={cf=cfr(0,0,0,-.609,-.739,-.289,.287,-.545,.788,-.74,.397,.543);es="Linear";ed="In";};["000-offset.003"]={cf=cfr(0,0,0,-.63,-.694,.348,.092,-.511,-.855,.771,-.506,.386);es="Linear";ed="In";};["000-offset.007"]={cf=cfr(0,0,0,.121,-.993,0,.993,.121,0,0,0,1);es="Linear";ed="In";};["000-offset.004"]={cf=cfr(0,0,0,.021,-1,0,1,.021,0,0,0,1);es="Linear";ed="In";};["000-offset.008"]={cf=cfr(0,0,0,.397,-.86,-.321,.839,.198,.507,-.373,-.47,.8);es="Linear";ed="In";};["000-offset.005"]={cf=cfr(0,0,0,.626,-.676,.39,.582,.071,-.81,.52,.734,.437);es="Linear";ed="In";};};{tm=.042;["000-offset"]={cf=cfr(0,0,0,.247,.919,-.307,-.96,.189,-.206,-.131,.346,.929);es="Linear";ed="In";};["000-offset.009"]={cf=cfr(0,0,0,-.368,-.831,.418,.877,-.46,-.143,.311,.314,.897);es="Linear";ed="In";};["000-offset.012"]={cf=cfr(0,0,0,-.515,-.851,-.105,.801,-.521,.296,-.306,.068,.949);es="Linear";ed="In";};["000-offset.001"]={cf=cfr(0,0,0,.972,-.138,-.189,.098,.973,-.208,.213,.183,.96);es="Linear";ed="In";};["000-offset.010"]={cf=cfr(0,0,0,.159,.987,0,-.987,.159,0,0,0,1);es="Linear";ed="In";};["000-offset.013"]={cf=cfr(0,0,0,.169,.986,0,-.986,.169,0,0,0,1);es="Linear";ed="In";};["000-offset.002"]={cf=cfr(0,0,0,.909,-.416,0,.416,.909,0,0,0,1);es="Linear";ed="In";};["000-offset.014"]={cf=cfr(0,0,0,.2,-.98,.013,.978,.201,.057,-.058,.001,.998);es="Linear";ed="In";};["000-offset.006"]={cf=cfr(0,0,0,-.609,-.739,-.288,.288,-.544,.788,-.739,.397,.544);es="Linear";ed="In";};["000-offset.003"]={cf=cfr(0,0,0,-.63,-.694,.348,.092,-.511,-.855,.771,-.507,.386);es="Linear";ed="In";};["000-offset.007"]={cf=cfr(0,0,0,.12,-.993,0,.993,.12,0,0,0,1);es="Linear";ed="In";};["000-offset.004"]={cf=cfr(0,0,0,.019,-1,0,1,.019,0,0,0,1);es="Linear";ed="In";};["000-offset.008"]={cf=cfr(0,0,0,.399,-.859,-.32,.838,.2,.508,-.372,-.471,.8);es="Linear";ed="In";};["000-offset.005"]={cf=cfr(0,0,0,.627,-.676,.387,.58,.074,-.811,.52,.733,.438);es="Linear";ed="In";};};{tm=.083;["000-offset"]={cf=cfr(0,0,0,.251,.918,-.308,-.959,.193,-.206,-.13,.347,.929);es="Linear";ed="In";};["000-offset.009"]={cf=cfr(0,0,0,-.366,-.831,.418,.877,-.459,-.144,.312,.314,.897);es="Linear";ed="In";};["000-offset.012"]={cf=cfr(0,0,0,-.515,-.851,-.104,.801,-.52,.295,-.305,.069,.95);es="Linear";ed="In";};["000-offset.001"]={cf=cfr(0,0,0,.972,-.139,-.189,.099,.973,-.208,.213,.183,.96);es="Linear";ed="In";};["000-offset.010"]={cf=cfr(0,0,0,.156,.988,0,-.988,.156,0,0,0,1);es="Linear";ed="In";};["000-offset.013"]={cf=cfr(0,0,0,.166,.986,0,-.986,.166,0,0,0,1);es="Linear";ed="In";};["000-offset.002"]={cf=cfr(0,0,0,.909,-.416,0,.416,.909,0,0,0,1);es="Linear";ed="In";};["000-offset.014"]={cf=cfr(0,0,0,.199,-.98,.013,.978,.199,.057,-.058,.001,.998);es="Linear";ed="In";};["000-offset.006"]={cf=cfr(0,0,0,-.609,-.74,-.287,.289,-.544,.788,-.739,.396,.545);es="Linear";ed="In";};["000-offset.003"]={cf=cfr(0,0,0,-.63,-.694,.347,.092,-.511,-.855,.771,-.507,.386);es="Linear";ed="In";};["000-offset.007"]={cf=cfr(0,0,0,.117,-.993,0,.993,.117,0,0,0,1);es="Linear";ed="In";};["000-offset.004"]={cf=cfr(0,0,0,.018,-1,0,1,.018,0,0,0,1);es="Linear";ed="In";};["000-offset.008"]={cf=cfr(0,0,0,.406,-.856,-.319,.835,.206,.51,-.371,-.474,.799);es="Linear";ed="In";};["000-offset.005"]={cf=cfr(0,0,0,.632,-.676,.378,.576,.084,-.813,.519,.732,.442);es="Linear";ed="In";};};{tm=.125;["000-offset"]={cf=cfr(0,0,0,.256,.916,-.308,-.958,.198,-.207,-.129,.348,.929);es="Linear";ed="In";};["000-offset.009"]={cf=cfr(0,0,0,-.365,-.831,.419,.877,-.459,-.145,.313,.314,.896);es="Linear";ed="In";};["000-offset.012"]={cf=cfr(0,0,0,-.515,-.851,-.101,.802,-.52,.295,-.304,.071,.95);es="Linear";ed="In";};["000-offset.001"]={cf=cfr(0,0,0,.972,-.14,-.189,.1,.973,-.208,.213,.183,.96);es="Linear";ed="In";};["000-offset.010"]={cf=cfr(0,0,0,.151,.989,0,-.989,.151,0,0,0,1);es="Linear";ed="In";};["000-offset.013"]={cf=cfr(0,0,0,.162,.987,0,-.987,.162,0,0,0,1);es="Linear";ed="In";};["000-offset.002"]={cf=cfr(0,0,0,.909,-.417,0,.417,.909,0,0,0,1);es="Linear";ed="In";};["000-offset.014"]={cf=cfr(0,0,0,.196,-.981,.013,.979,.196,.057,-.058,.001,.998);es="Linear";ed="In";};["000-offset.006"]={cf=cfr(0,0,0,-.609,-.74,-.287,.29,-.544,.787,-.738,.396,.546);es="Linear";ed="In";};["000-offset.003"]={cf=cfr(0,0,0,-.63,-.694,.347,.092,-.511,-.855,.771,-.507,.386);es="Linear";ed="In";};["000-offset.007"]={cf=cfr(0,0,0,.112,-.994,0,.994,.112,0,0,0,1);es="Linear";ed="In";};["000-offset.004"]={cf=cfr(0,0,0,.014,-1,0,1,.014,0,0,0,1);es="Linear";ed="In";};["000-offset.008"]={cf=cfr(0,0,0,.417,-.851,-.318,.831,.215,.514,-.369,-.478,.797);es="Linear";ed="In";};["000-offset.005"]={cf=cfr(0,0,0,.64,-.677,.363,.569,.099,-.817,.517,.729,.448);es="Linear";ed="In";};};{tm=.167;["root"]={cf=cfr(0,2.665,0,0,0,1,0,1,0,-1,0,0);es="Linear";ed="In";};["000-offset"]={cf=cfr(0,0,0,.262,.914,-.309,-.957,.204,-.208,-.128,.35,.928);es="Linear";ed="In";};["000-offset.009"]={cf=cfr(0,0,0,-.364,-.832,.419,.877,-.458,-.147,.315,.314,.896);es="Linear";ed="In";};["000-offset.012"]={cf=cfr(0,0,0,-.515,-.852,-.098,.802,-.519,.295,-.302,.073,.95);es="Linear";ed="In";};["000-offset.001"]={cf=cfr(0,0,0,.972,-.141,-.189,.101,.973,-.208,.213,.183,.96);es="Linear";ed="In";};["000-offset.010"]={cf=cfr(0,0,0,.145,.989,0,-.989,.145,0,0,0,1);es="Linear";ed="In";};["000-offset.013"]={cf=cfr(0,0,0,.156,.988,0,-.988,.156,0,0,0,1);es="Linear";ed="In";};["000-offset.002"]={cf=cfr(0,0,0,.909,-.417,0,.417,.909,0,0,0,1);es="Linear";ed="In";};["000-offset.014"]={cf=cfr(0,0,0,.192,-.981,.013,.98,.192,.057,-.058,.002,.998);es="Linear";ed="In";};["000-offset.006"]={cf=cfr(0,0,0,-.609,-.74,-.287,.292,-.545,.786,-.738,.395,.548);es="Linear";ed="In";};["000-offset.003"]={cf=cfr(0,0,0,-.631,-.694,.347,.092,-.51,-.855,.771,-.507,.386);es="Linear";ed="In";};["000-offset.007"]={cf=cfr(0,0,0,.107,-.994,0,.994,.107,0,0,0,1);es="Linear";ed="In";};["000-offset.004"]={cf=cfr(0,0,0,.009,-1,0,1,.009,0,0,0,1);es="Linear";ed="In";};["000-offset.008"]={cf=cfr(0,0,0,.431,-.845,-.317,.824,.226,.519,-.367,-.485,.794);es="Linear";ed="In";};["000-offset.005"]={cf=cfr(0,0,0,.65,-.677,.344,.559,.119,-.821,.515,.726,.456);es="Linear";ed="In";};};{tm=.208;["root"]={cf=cfr(0,2.679,0,0,0,1,0,1,0,-1,0,0);es="Linear";ed="In";};["000-offset"]={cf=cfr(0,0,0,.27,.912,-.31,-.955,.211,-.21,-.126,.352,.927);es="Linear";ed="In";};["000-offset.009"]={cf=cfr(0,0,0,-.363,-.832,.42,.876,-.458,-.149,.316,.314,.895);es="Linear";ed="In";};["000-offset.012"]={cf=cfr(0,0,0,-.515,-.852,-.094,.803,-.518,.295,-.3,.076,.951);es="Linear";ed="In";};["000-offset.001"]={cf=cfr(0,0,0,.972,-.142,-.189,.102,.973,-.208,.213,.183,.96);es="Linear";ed="In";};["000-offset.010"]={cf=cfr(0,0,0,.138,.99,0,-.99,.138,0,0,0,1);es="Linear";ed="In";};["000-offset.013"]={cf=cfr(0,0,0,.15,.989,0,-.989,.15,0,0,0,1);es="Linear";ed="In";};["000-offset.002"]={cf=cfr(0,0,0,.908,-.418,0,.418,.908,0,0,0,1);es="Linear";ed="In";};["000-offset.014"]={cf=cfr(0,0,0,.187,-.982,.013,.981,.187,.057,-.058,.002,.998);es="Linear";ed="In";};["000-offset.006"]={cf=cfr(0,0,0,-.609,-.74,-.285,.294,-.545,.785,-.737,.394,.549);es="Linear";ed="In";};["000-offset.003"]={cf=cfr(0,0,0,-.631,-.694,.347,.092,-.51,-.855,.771,-.508,.386);es="Linear";ed="In";};["000-offset.007"]={cf=cfr(0,0,0,.1,-.995,0,.995,.1,0,0,0,1);es="Linear";ed="In";};["000-offset.004"]={cf=cfr(0,0,0,.003,-1,0,1,.003,0,0,0,1);es="Linear";ed="In";};["000-offset.008"]={cf=cfr(0,0,0,.448,-.837,-.314,.817,.24,.525,-.363,-.492,.791);es="Linear";ed="In";};["000-offset.005"]={cf=cfr(0,0,0,.662,-.677,.321,.547,.144,-.825,.512,.722,.466);es="Linear";ed="In";};};{tm=.25;["000-offset"]={cf=cfr(0,0,0,.278,.909,-.31,-.953,.219,-.211,-.124,.354,.927);es="Linear";ed="In";};["000-offset.009"]={cf=cfr(0,0,0,-.361,-.832,.421,.876,-.457,-.151,.318,.315,.894);es="Linear";ed="In";};["000-offset.012"]={cf=cfr(0,0,0,-.515,-.852,-.09,.804,-.517,.294,-.298,.079,.951);es="Linear";ed="In";};["000-offset.001"]={cf=cfr(0,0,0,.971,-.144,-.189,.104,.973,-.208,.214,.182,.96);es="Linear";ed="In";};["000-offset.010"]={cf=cfr(0,0,0,.131,.991,0,-.991,.131,0,0,0,1);es="Linear";ed="In";};["000-offset.013"]={cf=cfr(0,0,0,.144,.99,0,-.99,.144,0,0,0,1);es="Linear";ed="In";};["000-offset.002"]={cf=cfr(0,0,0,.908,-.419,0,.419,.908,0,0,0,1);es="Linear";ed="In";};["000-offset.014"]={cf=cfr(0,0,0,.182,-.983,.013,.982,.183,.057,-.058,.002,.998);es="Linear";ed="In";};["000-offset.006"]={cf=cfr(0,0,0,-.609,-.741,-.284,.297,-.545,.784,-.736,.393,.551);es="Linear";ed="In";};["000-offset.003"]={cf=cfr(0,0,0,-.631,-.694,.346,.092,-.51,-.855,.77,-.508,.385);es="Linear";ed="In";};["000-offset.007"]={cf=cfr(0,0,0,.093,-.996,0,.996,.093,0,0,0,1);es="Linear";ed="In";};["000-offset.004"]={cf=cfr(0,0,0,-.002,-1,0,1,-.002,0,0,0,1);es="Linear";ed="In";};["000-offset.008"]={cf=cfr(0,0,0,.468,-.827,-.312,.807,.256,.532,-.36,-.501,.787);es="Linear";ed="In";};["000-offset.005"]={cf=cfr(0,0,0,.676,-.676,.295,.533,.172,-.828,.509,.717,.477);es="Linear";ed="In";};};{tm=.292;["root"]={cf=cfr(0,2.679,0,0,0,1,0,1,0,-1,0,0);es="Linear";ed="In";};["000-offset"]={cf=cfr(0,0,0,.286,.906,-.311,-.95,.227,-.213,-.122,.357,.926);es="Linear";ed="In";};["000-offset.009"]={cf=cfr(0,0,0,-.359,-.832,.422,.877,-.456,-.153,.32,.315,.893);es="Linear";ed="In";};["000-offset.012"]={cf=cfr(0,0,0,-.516,-.852,-.086,.804,-.516,.294,-.295,.082,.952);es="Linear";ed="In";};["000-offset.001"]={cf=cfr(0,0,0,.971,-.145,-.189,.105,.972,-.208,.214,.182,.96);es="Linear";ed="In";};["000-offset.010"]={cf=cfr(0,0,0,.123,.992,0,-.992,.123,0,0,0,1);es="Linear";ed="In";};["000-offset.013"]={cf=cfr(0,0,0,.137,.991,0,-.991,.137,0,0,0,1);es="Linear";ed="In";};["000-offset.002"]={cf=cfr(0,0,0,.908,-.419,0,.419,.908,0,0,0,1);es="Linear";ed="In";};["000-offset.014"]={cf=cfr(0,0,0,.177,-.984,.013,.982,.177,.057,-.058,.002,.998);es="Linear";ed="In";};["000-offset.006"]={cf=cfr(0,0,0,-.609,-.741,-.283,.299,-.545,.783,-.735,.393,.553);es="Linear";ed="In";};["000-offset.003"]={cf=cfr(0,0,0,-.631,-.694,.346,.092,-.51,-.855,.77,-.508,.385);es="Linear";ed="In";};["000-offset.007"]={cf=cfr(0,0,0,.086,-.996,0,.996,.086,0,0,0,1);es="Linear";ed="In";};["000-offset.004"]={cf=cfr(0,0,0,-.008,-1,0,1,-.008,0,0,0,1);es="Linear";ed="In";};["000-offset.008"]={cf=cfr(0,0,0,.49,-.816,-.308,.796,.274,.54,-.356,-.51,.783);es="Linear";ed="In";};["000-offset.005"]={cf=cfr(0,0,0,.691,-.673,.265,.517,.203,-.831,.505,.711,.489);es="Linear";ed="In";};};{tm=.333;["root"]={cf=cfr(0,2.693,0,0,0,1,0,1,0,-1,0,0);es="Linear";ed="In";};["000-offset"]={cf=cfr(0,0,0,.294,.904,-.312,-.948,.234,-.214,-.121,.359,.926);es="Linear";ed="In";};["000-offset.009"]={cf=cfr(0,0,0,-.357,-.833,.423,.877,-.455,-.156,.322,.315,.893);es="Linear";ed="In";};["000-offset.012"]={cf=cfr(0,0,0,-.516,-.853,-.082,.805,-.515,.294,-.293,.085,.952);es="Linear";ed="In";};["000-offset.001"]={cf=cfr(0,0,0,.971,-.147,-.189,.106,.972,-.208,.214,.182,.96);es="Linear";ed="In";};["000-offset.010"]={cf=cfr(0,0,0,.116,.993,0,-.993,.116,0,0,0,1);es="Linear";ed="In";};["000-offset.013"]={cf=cfr(0,0,0,.13,.991,0,-.991,.13,0,0,0,1);es="Linear";ed="In";};["000-offset.002"]={cf=cfr(0,0,0,.908,-.42,0,.42,.908,0,0,0,1);es="Linear";ed="In";};["000-offset.014"]={cf=cfr(0,0,0,.172,-.985,.013,.983,.173,.057,-.058,.003,.998);es="Linear";ed="In";};["000-offset.006"]={cf=cfr(0,0,0,-.609,-.741,-.281,.302,-.545,.782,-.734,.392,.555);es="Linear";ed="In";};["000-offset.003"]={cf=cfr(0,0,0,-.631,-.694,.346,.092,-.51,-.855,.77,-.508,.385);es="Linear";ed="In";};["000-offset.007"]={cf=cfr(0,0,0,.079,-.997,0,.997,.079,0,0,0,1);es="Linear";ed="In";};["000-offset.004"]={cf=cfr(0,0,0,-.014,-1,0,1,-.014,0,0,0,1);es="Linear";ed="In";};["000-offset.008"]={cf=cfr(0,0,0,.512,-.803,-.305,.783,.291,.549,-.352,-.52,.778);es="Linear";ed="In";};["000-offset.005"]={cf=cfr(0,0,0,.706,-.669,.234,.5,.237,-.833,.502,.705,.501);es="Linear";ed="In";};};{tm=.375;["root"]={cf=cfr(0,2.693,0,0,0,1,0,1,0,-1,0,0);es="Linear";ed="In";};["000-offset"]={cf=cfr(0,0,0,.301,.901,-.313,-.946,.241,-.216,-.119,.361,.925);es="Linear";ed="In";};["000-offset.009"]={cf=cfr(0,0,0,-.356,-.833,.424,.876,-.455,-.158,.324,.315,.892);es="Linear";ed="In";};["000-offset.012"]={cf=cfr(0,0,0,-.516,-.853,-.079,.806,-.515,.293,-.291,.088,.953);es="Linear";ed="In";};["000-offset.001"]={cf=cfr(0,0,0,.971,-.148,-.189,.108,.972,-.208,.215,.182,.96);es="Linear";ed="In";};["000-offset.010"]={cf=cfr(0,0,0,.109,.994,0,-.994,.109,0,0,0,1);es="Linear";ed="In";};["000-offset.013"]={cf=cfr(0,0,0,.124,.992,0,-.992,.124,0,0,0,1);es="Linear";ed="In";};["000-offset.002"]={cf=cfr(0,0,0,.907,-.421,0,.421,.907,0,0,0,1);es="Linear";ed="In";};["000-offset.014"]={cf=cfr(0,0,0,.168,-.986,.013,.984,.168,.057,-.059,.003,.998);es="Linear";ed="In";};["000-offset.006"]={cf=cfr(0,0,0,-.609,-.742,-.28,.304,-.545,.782,-.733,.391,.557);es="Linear";ed="In";};["000-offset.003"]={cf=cfr(0,0,0,-.631,-.694,.346,.092,-.51,-.856,.77,-.508,.385);es="Linear";ed="In";};["000-offset.007"]={cf=cfr(0,0,0,.073,-.997,0,.997,.073,0,0,0,1);es="Linear";ed="In";};["000-offset.004"]={cf=cfr(0,0,0,-.019,-1,0,1,-.019,0,0,0,1);es="Linear";ed="In";};["000-offset.008"]={cf=cfr(0,0,0,.536,-.789,-.3,.77,.31,.558,-.348,-.53,.773);es="Linear";ed="In";};["000-offset.005"]={cf=cfr(0,0,0,.721,-.663,.201,.481,.271,-.833,.498,.698,.515);es="Linear";ed="In";};};{tm=.417;["root"]={cf=cfr(0,2.707,0,0,0,1,0,1,0,-1,0,0);es="Linear";ed="In";};["000-offset"]={cf=cfr(0,0,0,.307,.899,-.313,-.945,.247,-.217,-.117,.363,.925);es="Linear";ed="In";};["000-offset.009"]={cf=cfr(0,0,0,-.355,-.833,.424,.876,-.454,-.159,.326,.315,.891);es="Linear";ed="In";};["000-offset.012"]={cf=cfr(0,0,0,-.516,-.853,-.076,.806,-.514,.293,-.289,.09,.953);es="Linear";ed="In";};["000-offset.001"]={cf=cfr(0,0,0,.971,-.149,-.189,.109,.972,-.208,.215,.182,.96);es="Linear";ed="In";};["000-offset.010"]={cf=cfr(0,0,0,.103,.995,0,-.995,.103,0,0,0,1);es="Linear";ed="In";};["000-offset.013"]={cf=cfr(0,0,0,.119,.993,0,-.993,.119,0,0,0,1);es="Linear";ed="In";};["000-offset.002"]={cf=cfr(0,0,0,.907,-.421,0,.421,.907,0,0,0,1);es="Linear";ed="In";};["000-offset.014"]={cf=cfr(0,0,0,.164,-.986,.013,.985,.164,.057,-.059,.003,.998);es="Linear";ed="In";};["000-offset.006"]={cf=cfr(0,0,0,-.609,-.742,-.279,.306,-.545,.781,-.732,.39,.559);es="Linear";ed="In";};["000-offset.003"]={cf=cfr(0,0,0,-.632,-.694,.345,.092,-.509,-.856,.77,-.509,.385);es="Linear";ed="In";};["000-offset.007"]={cf=cfr(0,0,0,.068,-.998,0,.998,.068,0,0,0,1);es="Linear";ed="In";};["000-offset.004"]={cf=cfr(0,0,0,-.024,-1,0,1,-.024,0,0,0,1);es="Linear";ed="In";};["000-offset.008"]={cf=cfr(0,0,0,.559,-.774,-.296,.755,.328,.568,-.343,-.541,.768);es="Linear";ed="In";};["000-offset.005"]={cf=cfr(0,0,0,.737,-.655,.168,.462,.306,-.832,.494,.691,.528);es="Linear";ed="In";};};{tm=.458;["root"]={cf=cfr(0,2.721,0,0,0,1,0,1,0,-1,0,0);es="Linear";ed="In";};["000-offset"]={cf=cfr(0,0,0,.311,.897,-.314,-.943,.251,-.218,-.116,.364,.924);es="Linear";ed="In";};["000-offset.009"]={cf=cfr(0,0,0,-.353,-.834,.425,.877,-.453,-.161,.327,.315,.891);es="Linear";ed="In";};["000-offset.012"]={cf=cfr(0,0,0,-.516,-.853,-.074,.807,-.513,.293,-.288,.092,.953);es="Linear";ed="In";};["000-offset.001"]={cf=cfr(0,0,0,.971,-.15,-.189,.11,.972,-.208,.215,.182,.96);es="Linear";ed="In";};["000-offset.010"]={cf=cfr(0,0,0,.099,.995,0,-.995,.099,0,0,0,1);es="Linear";ed="In";};["000-offset.013"]={cf=cfr(0,0,0,.115,.993,0,-.993,.115,0,0,0,1);es="Linear";ed="In";};["000-offset.002"]={cf=cfr(0,0,0,.907,-.422,0,.422,.907,0,0,0,1);es="Linear";ed="In";};["000-offset.014"]={cf=cfr(0,0,0,.161,-.987,.013,.985,.161,.057,-.059,.003,.998);es="Linear";ed="In";};["000-offset.006"]={cf=cfr(0,0,0,-.61,-.741,-.281,.305,-.547,.779,-.731,.39,.56);es="Linear";ed="In";};["000-offset.003"]={cf=cfr(0,0,0,-.632,-.694,.345,.092,-.509,-.856,.77,-.509,.385);es="Linear";ed="In";};["000-offset.007"]={cf=cfr(0,0,0,.064,-.998,0,.998,.064,0,0,0,1);es="Linear";ed="In";};["000-offset.004"]={cf=cfr(0,0,0,-.027,-1,0,1,-.027,0,0,0,1);es="Linear";ed="In";};["000-offset.008"]={cf=cfr(0,0,0,.583,-.759,-.29,.739,.346,.578,-.339,-.551,.762);es="Linear";ed="In";};["000-offset.005"]={cf=cfr(0,0,0,.752,-.645,.134,.441,.342,-.83,.49,.683,.542);es="Linear";ed="In";};};{tm=.5;["root"]={cf=cfr(0,2.721,0,0,0,1,0,1,0,-1,0,0);es="Linear";ed="In";};["000-offset"]={cf=cfr(0,0,0,.314,.896,-.314,-.942,.254,-.218,-.116,.365,.924);es="Linear";ed="In";};["000-offset.009"]={cf=cfr(0,0,0,-.354,-.833,.425,.876,-.455,-.161,.327,.315,.891);es="Linear";ed="In";};["000-offset.012"]={cf=cfr(0,0,0,-.516,-.853,-.072,.807,-.513,.293,-.287,.093,.953);es="Linear";ed="In";};["000-offset.001"]={cf=cfr(0,0,0,.97,-.15,-.189,.11,.972,-.209,.215,.182,.96);es="Linear";ed="In";};["000-offset.010"]={cf=cfr(0,0,0,.099,.995,0,-.995,.099,0,0,0,1);es="Linear";ed="In";};["000-offset.013"]={cf=cfr(0,0,0,.115,.993,0,-.993,.115,0,0,0,1);es="Linear";ed="In";};["000-offset.002"]={cf=cfr(0,0,0,.907,-.421,0,.421,.907,0,0,0,1);es="Linear";ed="In";};["000-offset.014"]={cf=cfr(0,0,0,.161,-.987,.013,.985,.161,.057,-.059,.003,.998);es="Linear";ed="In";};["000-offset.006"]={cf=cfr(0,0,0,-.61,-.74,-.282,.304,-.548,.779,-.731,.39,.56);es="Linear";ed="In";};["000-offset.003"]={cf=cfr(0,0,0,-.632,-.694,.345,.092,-.509,-.856,.77,-.509,.385);es="Linear";ed="In";};["000-offset.007"]={cf=cfr(0,0,0,.063,-.998,0,.998,.063,0,0,0,1);es="Linear";ed="In";};["000-offset.004"]={cf=cfr(0,0,0,-.027,-1,0,1,-.027,0,0,0,1);es="Linear";ed="In";};["000-offset.008"]={cf=cfr(0,0,0,.605,-.743,-.285,.722,.363,.588,-.334,-.562,.757);es="Linear";ed="In";};["000-offset.005"]={cf=cfr(0,0,0,.766,-.635,.102,.421,.376,-.826,.486,.675,.555);es="Linear";ed="In";};};{tm=.542;["root"]={cf=cfr(0,2.735,0,0,0,1,0,1,0,-1,0,0);es="Linear";ed="In";};["000-offset"]={cf=cfr(0,0,0,.313,.896,-.314,-.943,.253,-.218,-.116,.364,.924);es="Linear";ed="In";};["000-offset.009"]={cf=cfr(0,0,0,-.355,-.833,.425,.876,-.455,-.161,.327,.315,.891);es="Linear";ed="In";};["000-offset.012"]={cf=cfr(0,0,0,-.516,-.854,-.072,.807,-.513,.293,-.287,.093,.953);es="Linear";ed="In";};["000-offset.001"]={cf=cfr(0,0,0,.97,-.15,-.189,.11,.972,-.209,.215,.182,.96);es="Linear";ed="In";};["000-offset.010"]={cf=cfr(0,0,0,.099,.995,0,-.995,.099,0,0,0,1);es="Linear";ed="In";};["000-offset.013"]={cf=cfr(0,0,0,.115,.993,0,-.993,.115,0,0,0,1);es="Linear";ed="In";};["000-offset.002"]={cf=cfr(0,0,0,.907,-.421,0,.421,.907,0,0,0,1);es="Linear";ed="In";};["000-offset.014"]={cf=cfr(0,0,0,.161,-.987,.013,.985,.161,.057,-.059,.003,.998);es="Linear";ed="In";};["000-offset.006"]={cf=cfr(0,0,0,-.611,-.74,-.283,.304,-.549,.779,-.731,.39,.56);es="Linear";ed="In";};["000-offset.003"]={cf=cfr(0,0,0,-.632,-.694,.345,.092,-.509,-.856,.769,-.509,.385);es="Linear";ed="In";};["000-offset.007"]={cf=cfr(0,0,0,.063,-.998,0,.998,.063,0,0,0,1);es="Linear";ed="In";};["000-offset.004"]={cf=cfr(0,0,0,-.028,-1,0,1,-.028,0,0,0,1);es="Linear";ed="In";};["000-offset.008"]={cf=cfr(0,0,0,.627,-.728,-.279,.706,.379,.598,-.33,-.572,.751);es="Linear";ed="In";};["000-offset.005"]={cf=cfr(0,0,0,.779,-.622,.07,.4,.409,-.82,.482,.667,.568);es="Linear";ed="In";};};{tm=.583;["root"]={cf=cfr(0,2.749,0,0,0,1,0,1,0,-1,0,0);es="Linear";ed="In";};["000-offset"]={cf=cfr(0,0,0,.312,.897,-.314,-.943,.252,-.218,-.116,.364,.924);es="Linear";ed="In";};["000-offset.009"]={cf=cfr(0,0,0,-.356,-.832,.425,.875,-.456,-.16,.327,.315,.891);es="Linear";ed="In";};["000-offset.012"]={cf=cfr(0,0,0,-.516,-.854,-.073,.807,-.513,.293,-.288,.092,.953);es="Linear";ed="In";};["000-offset.001"]={cf=cfr(0,0,0,.971,-.15,-.189,.11,.972,-.209,.215,.182,.96);es="Linear";ed="In";};["000-offset.010"]={cf=cfr(0,0,0,.098,.995,0,-.995,.098,0,0,0,1);es="Linear";ed="In";};["000-offset.013"]={cf=cfr(0,0,0,.115,.993,0,-.993,.115,0,0,0,1);es="Linear";ed="In";};["000-offset.002"]={cf=cfr(0,0,0,.907,-.421,0,.421,.907,0,0,0,1);es="Linear";ed="In";};["000-offset.014"]={cf=cfr(0,0,0,.16,-.987,.013,.985,.161,.057,-.059,.003,.998);es="Linear";ed="In";};["000-offset.006"]={cf=cfr(0,0,0,-.611,-.739,-.284,.303,-.55,.778,-.732,.389,.56);es="Linear";ed="In";};["000-offset.003"]={cf=cfr(0,0,0,-.632,-.694,.345,.092,-.509,-.856,.769,-.51,.385);es="Linear";ed="In";};["000-offset.007"]={cf=cfr(0,0,0,.063,-.998,0,.998,.063,0,0,0,1);es="Linear";ed="In";};["000-offset.004"]={cf=cfr(0,0,0,-.028,-1,0,1,-.028,0,0,0,1);es="Linear";ed="In";};["000-offset.008"]={cf=cfr(0,0,0,.647,-.712,-.273,.69,.394,.608,-.325,-.581,.746);es="Linear";ed="In";};["000-offset.005"]={cf=cfr(0,0,0,.792,-.61,.041,.381,.439,-.814,.478,.66,.58);es="Linear";ed="In";};};{tm=.625;["root"]={cf=cfr(0,2.764,0,0,0,1,0,1,0,-1,0,0);es="Linear";ed="In";};["000-offset"]={cf=cfr(0,0,0,.307,.899,-.313,-.945,.247,-.217,-.117,.363,.925);es="Linear";ed="In";};["000-offset.009"]={cf=cfr(0,0,0,-.357,-.832,.424,.876,-.456,-.158,.326,.315,.891);es="Linear";ed="In";};["000-offset.012"]={cf=cfr(0,0,0,-.515,-.854,-.076,.807,-.513,.293,-.289,.09,.953);es="Linear";ed="In";};["000-offset.001"]={cf=cfr(0,0,0,.971,-.149,-.189,.109,.972,-.208,.214,.182,.96);es="Linear";ed="In";};["000-offset.010"]={cf=cfr(0,0,0,.103,.995,0,-.995,.103,0,0,0,1);es="Linear";ed="In";};["000-offset.013"]={cf=cfr(0,0,0,.119,.993,0,-.993,.119,0,0,0,1);es="Linear";ed="In";};["000-offset.002"]={cf=cfr(0,0,0,.907,-.421,0,.421,.907,0,0,0,1);es="Linear";ed="In";};["000-offset.014"]={cf=cfr(0,0,0,.164,-.986,.013,.985,.164,.057,-.058,.003,.998);es="Linear";ed="In";};["000-offset.006"]={cf=cfr(0,0,0,-.611,-.739,-.284,.302,-.549,.779,-.732,.39,.559);es="Linear";ed="In";};["000-offset.003"]={cf=cfr(0,0,0,-.632,-.694,.344,.092,-.509,-.856,.769,-.51,.385);es="Linear";ed="In";};["000-offset.007"]={cf=cfr(0,0,0,.068,-.998,0,.998,.068,0,0,0,1);es="Linear";ed="In";};["000-offset.004"]={cf=cfr(0,0,0,-.024,-1,0,1,-.024,0,0,0,1);es="Linear";ed="In";};["000-offset.008"]={cf=cfr(0,0,0,.665,-.697,-.267,.674,.407,.617,-.322,-.59,.741);es="Linear";ed="In";};["000-offset.005"]={cf=cfr(0,0,0,.802,-.597,.015,.362,.467,-.807,.475,.653,.591);es="Linear";ed="In";};};{tm=.667;["root"]={cf=cfr(0,2.764,0,0,0,1,0,1,0,-1,0,0);es="Linear";ed="In";};["000-offset"]={cf=cfr(0,0,0,.298,.902,-.313,-.947,.238,-.215,-.119,.36,.925);es="Linear";ed="In";};["000-offset.009"]={cf=cfr(0,0,0,-.358,-.832,.424,.876,-.457,-.156,.323,.315,.892);es="Linear";ed="In";};["000-offset.012"]={cf=cfr(0,0,0,-.515,-.854,-.08,.806,-.514,.294,-.292,.087,.953);es="Linear";ed="In";};["000-offset.001"]={cf=cfr(0,0,0,.971,-.147,-.189,.107,.972,-.208,.214,.182,.96);es="Linear";ed="In";};["000-offset.010"]={cf=cfr(0,0,0,.112,.994,0,-.994,.112,0,0,0,1);es="Linear";ed="In";};["000-offset.013"]={cf=cfr(0,0,0,.127,.992,0,-.992,.127,0,0,0,1);es="Linear";ed="In";};["000-offset.002"]={cf=cfr(0,0,0,.907,-.42,0,.42,.907,0,0,0,1);es="Linear";ed="In";};["000-offset.014"]={cf=cfr(0,0,0,.169,-.985,.013,.984,.17,.057,-.058,.003,.998);es="Linear";ed="In";};["000-offset.006"]={cf=cfr(0,0,0,-.61,-.74,-.284,.301,-.548,.781,-.733,.391,.557);es="Linear";ed="In";};["000-offset.003"]={cf=cfr(0,0,0,-.633,-.694,.344,.092,-.508,-.856,.769,-.51,.385);es="Linear";ed="In";};["000-offset.007"]={cf=cfr(0,0,0,.075,-.997,0,.997,.075,0,0,0,1);es="Linear";ed="In";};["000-offset.004"]={cf=cfr(0,0,0,-.017,-1,0,1,-.017,0,0,0,1);es="Linear";ed="In";};["000-offset.008"]={cf=cfr(0,0,0,.681,-.684,-.261,.659,.418,.625,-.318,-.598,.736);es="Linear";ed="In";};["000-offset.005"]={cf=cfr(0,0,0,.811,-.584,-.009,.345,.491,-.8,.472,.646,.6);es="Linear";ed="In";};};{tm=.708;["root"]={cf=cfr(0,2.778,0,0,0,1,0,1,0,-1,0,0);es="Linear";ed="In";};["000-offset"]={cf=cfr(0,0,0,.285,.907,-.311,-.951,.226,-.213,-.122,.356,.926);es="Linear";ed="In";};["000-offset.009"]={cf=cfr(0,0,0,-.359,-.832,.422,.877,-.456,-.153,.32,.315,.893);es="Linear";ed="In";};["000-offset.012"]={cf=cfr(0,0,0,-.514,-.854,-.086,.805,-.515,.294,-.296,.082,.952);es="Linear";ed="In";};["000-offset.001"]={cf=cfr(0,0,0,.971,-.145,-.189,.105,.972,-.208,.214,.182,.96);es="Linear";ed="In";};["000-offset.010"]={cf=cfr(0,0,0,.124,.992,0,-.992,.124,0,0,0,1);es="Linear";ed="In";};["000-offset.013"]={cf=cfr(0,0,0,.137,.991,0,-.991,.137,0,0,0,1);es="Linear";ed="In";};["000-offset.002"]={cf=cfr(0,0,0,.908,-.419,0,.419,.908,0,0,0,1);es="Linear";ed="In";};["000-offset.014"]={cf=cfr(0,0,0,.177,-.984,.013,.982,.178,.057,-.058,.002,.998);es="Linear";ed="In";};["000-offset.006"]={cf=cfr(0,0,0,-.609,-.741,-.283,.299,-.545,.783,-.735,.393,.553);es="Linear";ed="In";};["000-offset.003"]={cf=cfr(0,0,0,-.633,-.694,.344,.092,-.508,-.856,.769,-.51,.385);es="Linear";ed="In";};["000-offset.007"]={cf=cfr(0,0,0,.087,-.996,0,.996,.087,0,0,0,1);es="Linear";ed="In";};["000-offset.004"]={cf=cfr(0,0,0,-.008,-1,0,1,-.008,0,0,0,1);es="Linear";ed="In";};["000-offset.008"]={cf=cfr(0,0,0,.695,-.672,-.256,.647,.427,.632,-.315,-.604,.732);es="Linear";ed="In";};["000-offset.005"]={cf=cfr(0,0,0,.819,-.573,-.029,.33,.512,-.793,.469,.64,.609);es="Linear";ed="In";};};{tm=.75;["root"]={cf=cfr(0,2.792,0,0,0,1,0,1,0,-1,0,0);es="Linear";ed="In";};["000-offset"]={cf=cfr(0,0,0,.268,.912,-.309,-.955,.209,-.209,-.126,.352,.928);es="Linear";ed="In";};["000-offset.009"]={cf=cfr(0,0,0,-.363,-.831,.42,.876,-.458,-.148,.316,.314,.895);es="Linear";ed="In";};["000-offset.012"]={cf=cfr(0,0,0,-.513,-.853,-.094,.804,-.516,.295,-.3,.075,.951);es="Linear";ed="In";};["000-offset.001"]={cf=cfr(0,0,0,.972,-.142,-.189,.102,.973,-.208,.213,.183,.96);es="Linear";ed="In";};["000-offset.010"]={cf=cfr(0,0,0,.14,.99,0,-.99,.14,0,0,0,1);es="Linear";ed="In";};["000-offset.013"]={cf=cfr(0,0,0,.152,.988,0,-.988,.152,0,0,0,1);es="Linear";ed="In";};["000-offset.002"]={cf=cfr(0,0,0,.909,-.418,0,.418,.909,0,0,0,1);es="Linear";ed="In";};["000-offset.014"]={cf=cfr(0,0,0,.188,-.982,.013,.98,.189,.057,-.058,.002,.998);es="Linear";ed="In";};["000-offset.006"]={cf=cfr(0,0,0,-.609,-.74,-.286,.294,-.545,.785,-.737,.394,.549);es="Linear";ed="In";};["000-offset.003"]={cf=cfr(0,0,0,-.633,-.694,.344,.092,-.508,-.856,.769,-.51,.385);es="Linear";ed="In";};["000-offset.007"]={cf=cfr(0,0,0,.102,-.995,0,.995,.102,0,0,0,1);es="Linear";ed="In";};["000-offset.004"]={cf=cfr(0,0,0,.005,-1,0,1,.005,0,0,0,1);es="Linear";ed="In";};["000-offset.008"]={cf=cfr(0,0,0,.705,-.663,-.252,.636,.435,.637,-.313,-.61,.728);es="Linear";ed="In";};["000-offset.005"]={cf=cfr(0,0,0,.825,-.563,-.045,.318,.529,-.787,.467,.635,.616);es="Linear";ed="In";};};{tm=.792;["root"]={cf=cfr(0,2.806,0,0,0,1,0,1,0,-1,0,0);es="Linear";ed="In";};["000-offset"]={cf=cfr(0,0,0,.246,.919,-.307,-.96,.188,-.206,-.131,.345,.929);es="Linear";ed="In";};["000-offset.009"]={cf=cfr(0,0,0,-.368,-.83,.418,.876,-.46,-.142,.31,.314,.897);es="Linear";ed="In";};["000-offset.012"]={cf=cfr(0,0,0,-.512,-.853,-.105,.803,-.518,.296,-.307,.067,.949);es="Linear";ed="In";};["000-offset.001"]={cf=cfr(0,0,0,.972,-.138,-.189,.098,.973,-.208,.212,.184,.96);es="Linear";ed="In";};["000-offset.010"]={cf=cfr(0,0,0,.16,.987,0,-.987,.16,0,0,0,1);es="Linear";ed="In";};["000-offset.013"]={cf=cfr(0,0,0,.17,.985,0,-.985,.17,0,0,0,1);es="Linear";ed="In";};["000-offset.002"]={cf=cfr(0,0,0,.909,-.416,0,.416,.909,0,0,0,1);es="Linear";ed="In";};["000-offset.014"]={cf=cfr(0,0,0,.202,-.979,.013,.978,.202,.056,-.058,.001,.998);es="Linear";ed="In";};["000-offset.006"]={cf=cfr(0,0,0,-.609,-.739,-.289,.287,-.545,.788,-.74,.397,.543);es="Linear";ed="In";};["000-offset.003"]={cf=cfr(0,0,0,-.633,-.694,.343,.092,-.508,-.857,.769,-.511,.385);es="Linear";ed="In";};["000-offset.007"]={cf=cfr(0,0,0,.121,-.993,0,.993,.121,0,0,0,1);es="Linear";ed="In";};["000-offset.004"]={cf=cfr(0,0,0,.021,-1,0,1,.021,0,0,0,1);es="Linear";ed="In";};["000-offset.008"]={cf=cfr(0,0,0,.713,-.655,-.249,.628,.44,.641,-.311,-.614,.726);es="Linear";ed="In";};["000-offset.005"]={cf=cfr(0,0,0,.829,-.556,-.056,.309,.541,-.782,.465,.631,.62);es="Linear";ed="In";};};{tm=.833;["root"]={cf=cfr(0,2.82,0,0,0,1,0,1,0,-1,0,0);es="Linear";ed="In";};["000-offset"]={cf=cfr(0,0,0,.219,.927,-.304,-.966,.162,-.202,-.137,.338,.931);es="Linear";ed="In";};["000-offset.009"]={cf=cfr(0,0,0,-.375,-.829,.415,.876,-.463,-.135,.304,.313,.9);es="Linear";ed="In";};["000-offset.012"]={cf=cfr(0,0,0,-.51,-.852,-.118,.801,-.52,.297,-.314,.057,.948);es="Linear";ed="In";};["000-offset.001"]={cf=cfr(0,0,0,.973,-.134,-.189,.093,.974,-.208,.211,.184,.96);es="Linear";ed="In";};["000-offset.010"]={cf=cfr(0,0,0,.186,.983,0,-.983,.186,0,0,0,1);es="Linear";ed="In";};["000-offset.013"]={cf=cfr(0,0,0,.192,.981,0,-.981,.192,0,0,0,1);es="Linear";ed="In";};["000-offset.002"]={cf=cfr(0,0,0,.91,-.415,0,.415,.91,0,0,0,1);es="Linear";ed="In";};["000-offset.014"]={cf=cfr(0,0,0,.219,-.976,.013,.974,.219,.056,-.058,0,.998);es="Linear";ed="In";};["000-offset.006"]={cf=cfr(0,0,0,-.608,-.737,-.294,.278,-.545,.791,-.743,.399,.537);es="Linear";ed="In";};["000-offset.003"]={cf=cfr(0,0,0,-.633,-.694,.343,.092,-.508,-.856,.768,-.511,.385);es="Linear";ed="In";};["000-offset.007"]={cf=cfr(0,0,0,.144,-.99,0,.99,.144,0,0,0,1);es="Linear";ed="In";};["000-offset.004"]={cf=cfr(0,0,0,.04,-.999,0,.999,.04,0,0,0,1);es="Linear";ed="In";};["000-offset.008"]={cf=cfr(0,0,0,.719,-.65,-.246,.623,.444,.645,-.31,-.617,.724);es="Linear";ed="In";};["000-offset.005"]={cf=cfr(0,0,0,.832,-.551,-.065,.302,.549,-.779,.465,.628,.624);es="Linear";ed="In";};};{tm=.875;["root"]={cf=cfr(0,2.834,0,0,0,1,0,1,0,-1,0,0);es="Linear";ed="In";};["000-offset"]={cf=cfr(0,0,0,.189,.935,-.301,-.971,.133,-.198,-.145,.33,.933);es="Linear";ed="In";};["000-offset.009"]={cf=cfr(0,0,0,-.383,-.828,.411,.875,-.467,-.125,.295,.312,.903);es="Linear";ed="In";};["000-offset.012"]={cf=cfr(0,0,0,-.508,-.851,-.133,.798,-.523,.298,-.323,.046,.945);es="Linear";ed="In";};["000-offset.001"]={cf=cfr(0,0,0,.974,-.129,-.188,.089,.974,-.207,.21,.185,.96);es="Linear";ed="In";};["000-offset.010"]={cf=cfr(0,0,0,.216,.976,0,-.976,.216,0,0,0,1);es="Linear";ed="In";};["000-offset.013"]={cf=cfr(0,0,0,.217,.976,0,-.976,.217,0,0,0,1);es="Linear";ed="In";};["000-offset.002"]={cf=cfr(0,0,0,.91,-.416,0,.416,.91,0,0,0,1);es="Linear";ed="In";};["000-offset.014"]={cf=cfr(0,0,0,.239,-.971,.013,.969,.24,.056,-.057,-.001,.998);es="Linear";ed="In";};["000-offset.006"]={cf=cfr(0,0,0,-.608,-.735,-.299,.268,-.545,.794,-.747,.403,.529);es="Linear";ed="In";};["000-offset.003"]={cf=cfr(0,0,0,-.634,-.693,.344,.091,-.509,-.856,.768,-.511,.385);es="Linear";ed="In";};["000-offset.007"]={cf=cfr(0,0,0,.17,-.985,0,.985,.17,0,0,0,1);es="Linear";ed="In";};["000-offset.004"]={cf=cfr(0,0,0,.063,-.998,0,.998,.063,0,0,0,1);es="Linear";ed="In";};["000-offset.008"]={cf=cfr(0,0,0,.723,-.646,-.244,.618,.447,.647,-.309,-.619,.722);es="Linear";ed="In";};["000-offset.005"]={cf=cfr(0,0,0,.834,-.547,-.073,.296,.557,-.776,.465,.626,.626);es="Linear";ed="In";};};{tm=.917;["root"]={cf=cfr(0,2.848,0,0,0,1,0,1,0,-1,0,0);es="Linear";ed="In";};["000-offset"]={cf=cfr(0,0,0,.155,.942,-.297,-.976,.099,-.194,-.154,.32,.935);es="Linear";ed="In";};["000-offset.009"]={cf=cfr(0,0,0,-.392,-.826,.406,.875,-.471,-.114,.286,.31,.907);es="Linear";ed="In";};["000-offset.012"]={cf=cfr(0,0,0,-.506,-.849,-.149,.795,-.527,.3,-.333,.033,.942);es="Linear";ed="In";};["000-offset.001"]={cf=cfr(0,0,0,.974,-.123,-.188,.083,.975,-.207,.209,.186,.96);es="Linear";ed="In";};["000-offset.010"]={cf=cfr(0,0,0,.252,.968,0,-.968,.252,0,0,0,1);es="Linear";ed="In";};["000-offset.013"]={cf=cfr(0,0,0,.244,.97,0,-.97,.244,0,0,0,1);es="Linear";ed="In";};["000-offset.002"]={cf=cfr(0,0,0,.908,-.418,0,.418,.908,0,0,0,1);es="Linear";ed="In";};["000-offset.014"]={cf=cfr(0,0,0,.263,-.965,.013,.963,.263,.055,-.057,-.002,.998);es="Linear";ed="In";};["000-offset.006"]={cf=cfr(0,0,0,-.608,-.733,-.305,.257,-.545,.798,-.751,.407,.52);es="Linear";ed="In";};["000-offset.003"]={cf=cfr(0,0,0,-.634,-.692,.346,.09,-.51,-.856,.768,-.511,.385);es="Linear";ed="In";};["000-offset.007"]={cf=cfr(0,0,0,.2,-.98,0,.98,.2,0,0,0,1);es="Linear";ed="In";};["000-offset.004"]={cf=cfr(0,0,0,.087,-.996,0,.996,.087,0,0,0,1);es="Linear";ed="In";};["000-offset.008"]={cf=cfr(0,0,0,.727,-.642,-.243,.614,.45,.649,-.308,-.621,.721);es="Linear";ed="In";};["000-offset.005"]={cf=cfr(0,0,0,.836,-.543,-.08,.291,.563,-.774,.465,.623,.629);es="Linear";ed="In";};};{tm=.958;["root"]={cf=cfr(0,2.862,0,0,0,1,0,1,0,-1,0,0);es="Linear";ed="In";};["000-offset"]={cf=cfr(0,0,0,.117,.949,-.293,-.98,.062,-.191,-.163,.31,.937);es="Linear";ed="In";};["000-offset.009"]={cf=cfr(0,0,0,-.401,-.824,.401,.874,-.476,-.102,.275,.309,.911);es="Linear";ed="In";};["000-offset.012"]={cf=cfr(0,0,0,-.502,-.848,-.167,.793,-.529,.301,-.344,.019,.939);es="Linear";ed="In";};["000-offset.001"]={cf=cfr(0,0,0,.975,-.118,-.188,.078,.975,-.207,.208,.187,.96);es="Linear";ed="In";};["000-offset.010"]={cf=cfr(0,0,0,.291,.957,0,-.957,.291,0,0,0,1);es="Linear";ed="In";};["000-offset.013"]={cf=cfr(0,0,0,.273,.962,0,-.962,.273,0,0,0,1);es="Linear";ed="In";};["000-offset.002"]={cf=cfr(0,0,0,.907,-.421,0,.421,.907,0,0,0,1);es="Linear";ed="In";};["000-offset.014"]={cf=cfr(0,0,0,.289,-.957,.013,.956,.289,.055,-.056,-.004,.998);es="Linear";ed="In";};["000-offset.006"]={cf=cfr(0,0,0,-.608,-.731,-.311,.245,-.545,.802,-.756,.411,.51);es="Linear";ed="In";};["000-offset.003"]={cf=cfr(0,0,0,-.634,-.69,.348,.088,-.511,-.855,.768,-.512,.385);es="Linear";ed="In";};["000-offset.007"]={cf=cfr(0,0,0,.232,-.973,0,.973,.232,0,0,0,1);es="Linear";ed="In";};["000-offset.004"]={cf=cfr(0,0,0,.115,-.993,0,.993,.115,0,0,0,1);es="Linear";ed="In";};["000-offset.008"]={cf=cfr(0,0,0,.73,-.639,-.241,.61,.452,.651,-.307,-.623,.72);es="Linear";ed="In";};["000-offset.005"]={cf=cfr(0,0,0,.837,-.541,-.086,.287,.567,-.772,.466,.621,.63);es="Linear";ed="In";};};{tm=1;["root"]={cf=cfr(0,2.876,0,0,0,1,0,1,0,-1,0,0);es="Linear";ed="In";};["000-offset"]={cf=cfr(0,0,0,.077,.954,-.289,-.982,.022,-.189,-.174,.299,.938);es="Linear";ed="In";};["000-offset.009"]={cf=cfr(0,0,0,-.412,-.821,.394,.872,-.481,-.089,.263,.307,.915);es="Linear";ed="In";};["000-offset.012"]={cf=cfr(0,0,0,-.498,-.847,-.186,.791,-.532,.303,-.356,.004,.935);es="Linear";ed="In";};["000-offset.001"]={cf=cfr(0,0,0,.976,-.112,-.188,.072,.976,-.207,.207,.188,.96);es="Linear";ed="In";};["000-offset.010"]={cf=cfr(0,0,0,.333,.943,0,-.943,.333,0,0,0,1);es="Linear";ed="In";};["000-offset.013"]={cf=cfr(0,0,0,.304,.953,0,-.953,.304,0,0,0,1);es="Linear";ed="In";};["000-offset.002"]={cf=cfr(0,0,0,.906,-.424,0,.424,.906,0,0,0,1);es="Linear";ed="In";};["000-offset.014"]={cf=cfr(0,0,0,.318,-.948,.013,.947,.318,.055,-.056,-.005,.998);es="Linear";ed="In";};["000-offset.006"]={cf=cfr(0,0,0,-.607,-.728,-.319,.231,-.545,.806,-.76,.415,.499);es="Linear";ed="In";};["000-offset.003"]={cf=cfr(0,0,0,-.635,-.69,.348,.086,-.511,-.855,.768,-.513,.384);es="Linear";ed="In";};["000-offset.007"]={cf=cfr(0,0,0,.267,-.964,0,.964,.267,0,0,0,1);es="Linear";ed="In";};["000-offset.004"]={cf=cfr(0,0,0,.144,-.99,0,.99,.144,0,0,0,1);es="Linear";ed="In";};["000-offset.008"]={cf=cfr(0,0,0,.732,-.637,-.24,.608,.453,.652,-.306,-.624,.719);es="Linear";ed="In";};["000-offset.005"]={cf=cfr(0,0,0,.837,-.54,-.092,.283,.571,-.771,.468,.619,.631);es="Linear";ed="In";};};{tm=1.042;["root"]={cf=cfr(0,2.905,0,0,0,1,0,1,0,-1,0,0);es="Linear";ed="In";};["000-offset"]={cf=cfr(0,0,0,.034,.958,-.285,-.982,-.021,-.187,-.185,.287,.94);es="Linear";ed="In";};["000-offset.009"]={cf=cfr(0,0,0,-.424,-.819,.387,.871,-.486,-.075,.25,.305,.919);es="Linear";ed="In";};["000-offset.012"]={cf=cfr(0,0,0,-.494,-.844,-.207,.787,-.536,.305,-.368,-.012,.93);es="Linear";ed="In";};["000-offset.001"]={cf=cfr(0,0,0,.976,-.106,-.188,.066,.976,-.207,.205,.19,.96);es="Linear";ed="In";};["000-offset.010"]={cf=cfr(0,0,0,.377,.926,0,-.926,.377,0,0,0,1);es="Linear";ed="In";};["000-offset.013"]={cf=cfr(0,0,0,.337,.941,0,-.941,.337,0,0,0,1);es="Linear";ed="In";};["000-offset.002"]={cf=cfr(0,0,0,.904,-.427,0,.427,.904,0,0,0,1);es="Linear";ed="In";};["000-offset.014"]={cf=cfr(0,0,0,.348,-.937,.013,.936,.348,.054,-.055,-.007,.998);es="Linear";ed="In";};["000-offset.006"]={cf=cfr(0,0,0,-.606,-.725,-.326,.217,-.545,.81,-.765,.42,.488);es="Linear";ed="In";};["000-offset.003"]={cf=cfr(0,0,0,-.635,-.689,.349,.084,-.511,-.855,.768,-.514,.383);es="Linear";ed="In";};["000-offset.007"]={cf=cfr(0,0,0,.304,-.953,0,.953,.304,0,0,0,1);es="Linear";ed="In";};["000-offset.004"]={cf=cfr(0,0,0,.175,-.985,0,.985,.175,0,0,0,1);es="Linear";ed="In";};["000-offset.008"]={cf=cfr(0,0,0,.734,-.635,-.24,.606,.454,.653,-.306,-.624,.719);es="Linear";ed="In";};["000-offset.005"]={cf=cfr(0,0,0,.837,-.539,-.097,.28,.573,-.77,.47,.617,.631);es="Linear";ed="In";};};{tm=1.083;["root"]={cf=cfr(0,2.919,0,0,0,1,0,1,0,-1,0,0);es="Linear";ed="In";};["000-offset"]={cf=cfr(0,0,0,-.011,.959,-.282,-.98,-.066,-.186,-.197,.274,.941);es="Linear";ed="In";};["000-offset.009"]={cf=cfr(0,0,0,-.436,-.816,.38,.868,-.492,-.061,.236,.303,.923);es="Linear";ed="In";};["000-offset.012"]={cf=cfr(0,0,0,-.49,-.842,-.228,.784,-.539,.307,-.381,-.028,.924);es="Linear";ed="In";};["000-offset.001"]={cf=cfr(0,0,0,.977,-.099,-.188,.06,.977,-.207,.204,.191,.96);es="Linear";ed="In";};["000-offset.010"]={cf=cfr(0,0,0,.424,.906,0,-.906,.424,0,0,0,1);es="Linear";ed="In";};["000-offset.013"]={cf=cfr(0,0,0,.371,.928,0,-.928,.371,0,0,0,1);es="Linear";ed="In";};["000-offset.002"]={cf=cfr(0,0,0,.903,-.429,0,.429,.903,0,0,0,1);es="Linear";ed="In";};["000-offset.014"]={cf=cfr(0,0,0,.379,-.925,.013,.924,.38,.054,-.055,-.009,.998);es="Linear";ed="In";};["000-offset.006"]={cf=cfr(0,0,0,-.605,-.723,-.334,.202,-.545,.814,-.77,.425,.476);es="Linear";ed="In";};["000-offset.003"]={cf=cfr(0,0,0,-.637,-.687,.349,.082,-.511,-.856,.767,-.516,.382);es="Linear";ed="In";};["000-offset.007"]={cf=cfr(0,0,0,.342,-.94,0,.94,.342,0,0,0,1);es="Linear";ed="In";};["000-offset.004"]={cf=cfr(0,0,0,.207,-.978,0,.978,.207,0,0,0,1);es="Linear";ed="In";};["000-offset.008"]={cf=cfr(0,0,0,.735,-.635,-.239,.605,.455,.654,-.306,-.625,.718);es="Linear";ed="In";};["000-offset.005"]={cf=cfr(0,0,0,.836,-.539,-.101,.278,.574,-.77,.473,.616,.63);es="Linear";ed="In";};};{tm=1.125;["root"]={cf=cfr(0,2.933,0,0,0,1,0,1,0,-1,0,0);es="Linear";ed="In";};["000-offset"]={cf=cfr(0,0,0,-.057,.959,-.278,-.976,-.112,-.186,-.21,.261,.942);es="Linear";ed="In";};["000-offset.009"]={cf=cfr(0,0,0,-.449,-.813,.371,.866,-.499,-.046,.222,.301,.927);es="Linear";ed="In";};["000-offset.012"]={cf=cfr(0,0,0,-.485,-.838,-.25,.781,-.543,.309,-.395,-.046,.918);es="Linear";ed="In";};["000-offset.001"]={cf=cfr(0,0,0,.978,-.093,-.188,.053,.977,-.207,.203,.192,.96);es="Linear";ed="In";};["000-offset.010"]={cf=cfr(0,0,0,.471,.882,0,-.882,.471,0,0,0,1);es="Linear";ed="In";};["000-offset.013"]={cf=cfr(0,0,0,.406,.914,0,-.914,.406,0,0,0,1);es="Linear";ed="In";};["000-offset.002"]={cf=cfr(0,0,0,.903,-.429,0,.429,.903,0,0,0,1);es="Linear";ed="In";};["000-offset.014"]={cf=cfr(0,0,0,.412,-.911,.012,.91,.412,.054,-.054,-.011,.998);es="Linear";ed="In