local cfr = CFrame.new

return {{tm=0;["RootNode"]={cf=cfr(0,0,0,-1,0,0,0,1,0,0,0,-1);es="Linear";ed="In";};["root"]={cf=cfr(0,2.665,0,0,0,1,0,1,0,-1,0,0);es="Linear";ed="In";};["000-offset"]={cf=cfr(0,0,0,-.163,.987,0,-.987,-.163,0,0,0,1);es="Linear";ed="In";};["004-offset.001"]={cf=cfr(0,0,0,-.015,-1,0,1,-.015,0,0,0,1);es="Linear";ed="In";};["006-offset"]={cf=cfr(0,0,0,-.015,-1,0,1,-.015,0,0,0,1);es="Linear";ed="In";};["000-offset.009"]={cf=cfr(0,0,0,-.339,-.753,.564,.724,-.592,-.355,.601,.288,.746);es="Linear";ed="In";};["000-offset.012"]={cf=cfr(0,0,0,-.182,-.846,-.501,.857,-.386,.341,-.482,-.368,.795);es="Linear";ed="In";};["000-offset.001"]={cf=cfr(0,0,0,.933,.361,0,-.361,.933,0,0,0,1);es="Linear";ed="In";};["000-offset.010"]={cf=cfr(0,0,0,.101,.995,0,-.995,.101,0,0,0,1);es="Linear";ed="In";};["000-offset.013"]={cf=cfr(0,0,0,.283,.959,0,-.959,.283,0,0,0,1);es="Linear";ed="In";};["004-offset"]={cf=cfr(0,0,0,.035,-.999,0,.999,.035,0,0,0,1);es="Linear";ed="In";};["002-offset"]={cf=cfr(0,0,0,.035,-.999,0,.999,.035,0,0,0,1);es="Linear";ed="In";};["000-offset.002"]={cf=cfr(0,0,0,.909,-.416,0,.416,.909,0,0,0,1);es="Linear";ed="In";};["000-offset.011"]={cf=cfr(0,0,0,.296,-.955,-.021,.955,.297,-.018,.024,-.014,1);es="Linear";ed="In";};["000-offset.014"]={cf=cfr(0,0,0,.202,-.979,.013,.978,.202,.056,-.058,.001,.998);es="Linear";ed="In";};["000-offset.006"]={cf=cfr(0,0,0,-.5,-.816,-.289,.36,-.5,.788,-.788,.289,.543);es="Linear";ed="In";};["000-offset.003"]={cf=cfr(0,0,0,-.537,-.803,.257,.298,-.465,-.833,.789,-.371,.489);es="Linear";ed="In";};["000-offset.007"]={cf=cfr(0,0,0,.121,-.993,0,.993,.121,0,0,0,1);es="Linear";ed="In";};["000-offset.004"]={cf=cfr(0,0,0,.021,-1,0,1,.021,0,0,0,1);es="Linear";ed="In";};["000-offset.008"]={cf=cfr(0,0,0,.713,-.616,.334,.628,.773,.085,-.311,.149,.939);es="Linear";ed="In";};["000-offset.005"]={cf=cfr(0,0,0,.916,-.374,-.143,.368,.927,-.07,.159,.011,.987);es="Linear";ed="In";};};{tm=.042;["000-offset"]={cf=cfr(0,0,0,-.186,.983,0,-.983,-.186,0,0,0,1);es="Linear";ed="In";};["000-offset.009"]={cf=cfr(0,0,0,-.369,-.741,.561,.704,-.617,-.352,.607,.265,.749);es="Linear";ed="In";};["000-offset.012"]={cf=cfr(0,0,0,-.204,-.842,-.5,.848,-.407,.34,-.49,-.355,.797);es="Linear";ed="In";};["000-offset.001"]={cf=cfr(0,0,0,.918,.397,0,-.397,.918,0,0,0,1);es="Linear";ed="In";};["000-offset.010"]={cf=cfr(0,0,0,.046,.999,0,-.999,.046,0,0,0,1);es="Linear";ed="In";};["000-offset.013"]={cf=cfr(0,0,0,.212,.977,0,-.977,.212,0,0,0,1);es="Linear";ed="In";};["000-offset.011"]={cf=cfr(0,0,0,.296,-.955,-.021,.955,.297,-.018,.024,-.014,1);es="Linear";ed="In";};["000-offset.006"]={cf=cfr(0,0,0,-.51,-.81,-.289,.355,-.504,.787,-.784,.299,.544);es="Linear";ed="In";};["000-offset.003"]={cf=cfr(0,0,0,-.548,-.794,.263,.281,-.472,-.836,.788,-.384,.482);es="Linear";ed="In";};["000-offset.008"]={cf=cfr(0,0,0,.688,-.663,.294,.653,.743,.148,-.317,.09,.944);es="Linear";ed="In";};["000-offset.005"]={cf=cfr(0,0,0,.898,-.42,-.134,.396,.902,-.173,.193,.102,.976);es="Linear";ed="In";};};{tm=.083;["000-offset"]={cf=cfr(0,0,0,-.24,.971,0,-.971,-.24,0,0,0,1);es="Linear";ed="In";};["000-offset.009"]={cf=cfr(0,0,0,-.438,-.707,.555,.65,-.676,-.348,.621,.208,.755);es="Linear";ed="In";};["000-offset.012"]={cf=cfr(0,0,0,-.256,-.829,-.498,.823,-.457,.338,-.508,-.323,.799);es="Linear";ed="In";};["000-offset.001"]={cf=cfr(0,0,0,.876,.482,0,-.482,.876,0,0,0,1);es="Linear";ed="In";};["000-offset.010"]={cf=cfr(0,0,0,-.089,.996,0,-.996,-.089,0,0,0,1);es="Linear";ed="In";};["000-offset.013"]={cf=cfr(0,0,0,.032,.999,0,-.999,.032,0,0,0,1);es="Linear";ed="In";};["000-offset.011"]={cf=cfr(0,0,0,.296,-.955,-.021,.955,.297,-.018,.024,-.014,1);es="Linear";ed="In";};["000-offset.006"]={cf=cfr(0,0,0,-.535,-.794,-.289,.34,-.515,.787,-.773,.322,.546);es="Linear";ed="In";};["000-offset.003"]={cf=cfr(0,0,0,-.574,-.769,.281,.238,-.485,-.841,.784,-.416,.462);es="Linear";ed="In";};["000-offset.008"]={cf=cfr(0,0,0,.623,-.762,.175,.709,.645,.285,-.33,-.054,.942);es="Linear";ed="In";};["000-offset.005"]={cf=cfr(0,0,0,.845,-.53,-.076,.458,.789,-.41,.277,.312,.909);es="Linear";ed="In";};};{tm=.125;["000-offset"]={cf=cfr(0,0,0,-.306,.952,0,-.952,-.306,0,0,0,1);es="Linear";ed="In";};["000-offset.009"]={cf=cfr(0,0,0,-.513,-.656,.553,.573,-.742,-.349,.639,.139,.756);es="Linear";ed="In";};["000-offset.012"]={cf=cfr(0,0,0,-.317,-.808,-.497,.786,-.517,.338,-.53,-.284,.799);es="Linear";ed="In";};["000-offset.001"]={cf=cfr(0,0,0,.813,.583,0,-.583,.813,0,0,0,1);es="Linear";ed="In";};["000-offset.010"]={cf=cfr(0,0,0,-.255,.967,0,-.967,-.255,0,0,0,1);es="Linear";ed="In";};["000-offset.013"]={cf=cfr(0,0,0,-.193,.981,0,-.981,-.193,0,0,0,1);es="Linear";ed="In";};["000-offset.011"]={cf=cfr(0,0,0,.297,-.955,-.021,.955,.297,-.018,.024,-.014,1);es="Linear";ed="In";};["000-offset.006"]={cf=cfr(0,0,0,-.565,-.773,-.289,.321,-.528,.786,-.76,.352,.546);es="Linear";ed="In";};["000-offset.003"]={cf=cfr(0,0,0,-.601,-.739,.306,.182,-.498,-.848,.779,-.454,.433);es="Linear";ed="In";};["000-offset.008"]={cf=cfr(0,0,0,.536,-.844,-.008,.769,.485,.416,-.347,-.229,.909);es="Linear";ed="In";};["000-offset.005"]={cf=cfr(0,0,0,.765,-.64,.068,.521,.554,-.649,.378,.532,.758);es="Linear";ed="In";};};{tm=.167;["000-offset"]={cf=cfr(0,0,0,-.366,.931,0,-.931,-.366,0,0,0,1);es="Linear";ed="In";};["000-offset.009"]={cf=cfr(0,0,0,-.57,-.603,.558,.495,-.794,-.352,.655,.076,.751);es="Linear";ed="In";};["000-offset.012"]={cf=cfr(0,0,0,-.37,-.784,-.499,.748,-.57,.34,-.55,-.248,.797);es="Linear";ed="In";};["000-offset.001"]={cf=cfr(0,0,0,.744,.668,0,-.668,.744,0,0,0,1);es="Linear";ed="In";};["000-offset.010"]={cf=cfr(0,0,0,-.401,.916,0,-.916,-.401,0,0,0,1);es="Linear";ed="In";};["000-offset.013"]={cf=cfr(0,0,0,-.393,.92,0,-.92,-.393,0,0,0,1);es="Linear";ed="In";};["000-offset.011"]={cf=cfr(0,0,0,.297,-.955,-.021,.955,.297,-.018,.024,-.014,1);es="Linear";ed="In";};["000-offset.006"]={cf=cfr(0,0,0,-.592,-.752,-.289,.3,-.539,.787,-.748,.379,.545);es="Linear";ed="In";};["000-offset.003"]={cf=cfr(0,0,0,-.62,-.711,.331,.127,-.507,-.852,.774,-.487,.405);es="Linear";ed="In";};["000-offset.008"]={cf=cfr(0,0,0,.451,-.87,-.198,.815,.311,.488,-.363,-.382,.85);es="Linear";ed="In";};["000-offset.005"]={cf=cfr(0,0,0,.681,-.685,.257,.564,.267,-.782,.467,.677,.568);es="Linear";ed="In";};};{tm=.208;["000-offset"]={cf=cfr(0,0,0,-.402,.915,0,-.915,-.402,0,0,0,1);es="Linear";ed="In";};["000-offset.009"]={cf=cfr(0,0,0,-.6,-.567,.564,.444,-.823,-.355,.665,.037,.746);es="Linear";ed="In";};["000-offset.012"]={cf=cfr(0,0,0,-.401,-.767,-.501,.723,-.601,.341,-.563,-.226,.795);es="Linear";ed="In";};["000-offset.001"]={cf=cfr(0,0,0,.697,.717,0,-.717,.697,0,0,0,1);es="Linear";ed="In";};["000-offset.010"]={cf=cfr(0,0,0,-.487,.873,0,-.873,-.487,0,0,0,1);es="Linear";ed="In";};["000-offset.013"]={cf=cfr(0,0,0,-.508,.862,0,-.862,-.508,0,0,0,1);es="Linear";ed="In";};["000-offset.011"]={cf=cfr(0,0,0,.297,-.955,-.021,.955,.297,-.018,.024,-.014,1);es="Linear";ed="In";};["000-offset.006"]={cf=cfr(0,0,0,-.609,-.739,-.289,.287,-.545,.788,-.74,.397,.543);es="Linear";ed="In";};["000-offset.003"]={cf=cfr(0,0,0,-.63,-.694,.348,.092,-.511,-.855,.771,-.506,.386);es="Linear";ed="In";};["000-offset.008"]={cf=cfr(0,0,0,.397,-.86,-.321,.839,.198,.507,-.373,-.47,.8);es="Linear";ed="In";};["000-offset.005"]={cf=cfr(0,0,0,.626,-.676,.39,.582,.071,-.81,.52,.734,.437);es="Linear";ed="In";};};{tm=.25;["000-offset"]={cf=cfr(0,0,0,-.416,.909,0,-.909,-.416,.001,.001,0,1);es="Linear";ed="In";};["000-offset.009"]={cf=cfr(0,0,0,-.61,-.553,.567,.424,-.833,-.356,.669,.023,.743);es="Linear";ed="In";};["000-offset.012"]={cf=cfr(0,0,0,-.412,-.76,-.502,.713,-.612,.342,-.567,-.217,.794);es="Linear";ed="In";};["000-offset.001"]={cf=cfr(0,0,0,.678,.735,0,-.735,.678,0,0,0,1);es="Linear";ed="In";};["000-offset.010"]={cf=cfr(0,0,0,-.52,.854,0,-.854,-.52,0,0,0,1);es="Linear";ed="In";};["000-offset.013"]={cf=cfr(0,0,0,-.55,.835,0,-.835,-.55,0,0,0,1);es="Linear";ed="In";};["000-offset.011"]={cf=cfr(0,0,0,.297,-.955,-.021,.955,.297,-.018,.024,-.014,1);es="Linear";ed="In";};["000-offset.006"]={cf=cfr(0,0,0,-.615,-.733,-.29,.281,-.547,.788,-.737,.403,.543);es="Linear";ed="In";};["000-offset.003"]={cf=cfr(0,0,0,-.633,-.688,.355,.078,-.512,-.855,.77,-.514,.378);es="Linear";ed="In";};["000-offset.008"]={cf=cfr(0,0,0,.375,-.851,-.368,.847,.153,.509,-.376,-.502,.778);es="Linear";ed="In";};["000-offset.005"]={cf=cfr(0,0,0,.603,-.663,.443,.587,-.007,-.81,.54,.749,.385);es="Linear";ed="In";};};{tm=.292;["000-offset"]={cf=cfr(0,0,0,-.422,.907,.002,-.907,-.422,.004,.004,0,1);es="Linear";ed="In";};["000-offset.009"]={cf=cfr(0,0,0,-.614,-.548,.568,.416,-.837,-.357,.67,.017,.742);es="Linear";ed="In";};["000-offset.012"]={cf=cfr(0,0,0,-.416,-.757,-.503,.709,-.617,.342,-.569,-.214,.794);es="Linear";ed="In";};["000-offset.001"]={cf=cfr(0,0,0,.671,.742,0,-.742,.671,0,0,0,1);es="Linear";ed="In";};["000-offset.010"]={cf=cfr(0,0,0,-.532,.847,0,-.847,-.532,0,0,0,1);es="Linear";ed="In";};["000-offset.013"]={cf=cfr(0,0,0,-.567,.824,0,-.824,-.567,0,0,0,1);es="Linear";ed="In";};["000-offset.011"]={cf=cfr(0,0,0,.297,-.955,-.021,.955,.297,-.018,.024,-.014,1);es="Linear";ed="In";};["000-offset.006"]={cf=cfr(0,0,0,-.616,-.735,-.285,.283,-.543,.79,-.736,.406,.542);es="Linear";ed="In";};["000-offset.003"]={cf=cfr(0,0,0,-.634,-.685,.357,.072,-.513,-.855,.77,-.517,.375);es="Linear";ed="In";};["000-offset.008"]={cf=cfr(0,0,0,.366,-.846,-.386,.85,.136,.508,-.378,-.515,.77);es="Linear";ed="In";};["000-offset.005"]={cf=cfr(0,0,0,.595,-.657,.464,.588,-.038,-.808,.548,.753,.364);es="Linear";ed="In";};};{tm=.333;["000-offset"]={cf=cfr(0,0,0,-.421,.907,.003,-.907,-.421,.007,.007,0,1);es="Linear";ed="In";};["000-offset.009"]={cf=cfr(0,0,0,-.614,-.548,.568,.417,-.836,-.357,.67,.018,.742);es="Linear";ed="In";};["000-offset.012"]={cf=cfr(0,0,0,-.416,-.758,-.503,.709,-.616,.342,-.569,-.214,.794);es="Linear";ed="In";};["000-offset.001"]={cf=cfr(0,0,0,.672,.741,0,-.741,.672,0,0,0,1);es="Linear";ed="In";};["000-offset.010"]={cf=cfr(0,0,0,-.53,.848,0,-.848,-.53,0,0,0,1);es="Linear";ed="In";};["000-offset.013"]={cf=cfr(0,0,0,-.564,.826,0,-.826,-.564,0,0,0,1);es="Linear";ed="In";};["000-offset.011"]={cf=cfr(0,0,0,.297,-.955,-.021,.955,.297,-.018,.024,-.014,1);es="Linear";ed="In";};["000-offset.006"]={cf=cfr(0,0,0,-.614,-.736,-.284,.284,-.542,.791,-.736,.405,.542);es="Linear";ed="In";};["000-offset.003"]={cf=cfr(0,0,0,-.634,-.686,.357,.073,-.513,-.855,.77,-.516,.375);es="Linear";ed="In";};["000-offset.008"]={cf=cfr(0,0,0,.368,-.847,-.384,.85,.138,.508,-.378,-.513,.771);es="Linear";ed="In";};["000-offset.005"]={cf=cfr(0,0,0,.596,-.658,.461,.588,-.033,-.808,.547,.753,.367);es="Linear";ed="In";};};{tm=.375;["000-offset"]={cf=cfr(0,0,0,-.416,.909,.004,-.909,-.416,.009,.01,0,1);es="Linear";ed="In";};["000-offset.009"]={cf=cfr(0,0,0,-.61,-.553,.567,.424,-.833,-.356,.669,.023,.743);es="Linear";ed="In";};["000-offset.012"]={cf=cfr(0,0,0,-.412,-.76,-.502,.713,-.612,.342,-.567,-.217,.794);es="Linear";ed="In";};["000-offset.001"]={cf=cfr(0,0,0,.678,.735,0,-.735,.678,0,0,0,1);es="Linear";ed="In";};["000-offset.010"]={cf=cfr(0,0,0,-.52,.854,0,-.854,-.52,0,0,0,1);es="Linear";ed="In";};["000-offset.013"]={cf=cfr(0,0,0,-.55,.835,0,-.835,-.55,0,0,0,1);es="Linear";ed="In";};["000-offset.011"]={cf=cfr(0,0,0,.297,-.955,-.021,.955,.298,-.018,.024,-.014,1);es="Linear";ed="In";};["000-offset.006"]={cf=cfr(0,0,0,-.613,-.736,-.285,.285,-.543,.79,-.737,.403,.543);es="Linear";ed="In";};["000-offset.003"]={cf=cfr(0,0,0,-.633,-.688,.355,.078,-.512,-.855,.77,-.514,.378);es="Linear";ed="In";};["000-offset.008"]={cf=cfr(0,0,0,.375,-.851,-.368,.847,.153,.509,-.376,-.502,.778);es="Linear";ed="In";};["000-offset.005"]={cf=cfr(0,0,0,.603,-.663,.443,.587,-.007,-.81,.54,.749,.385);es="Linear";ed="In";};};{tm=.417;["000-offset"]={cf=cfr(0,0,0,-.41,.912,.004,-.912,-.41,.009,.01,0,1);es="Linear";ed="In";};["000-offset.009"]={cf=cfr(0,0,0,-.606,-.56,.565,.433,-.828,-.356,.667,.029,.744);es="Linear";ed="In";};["000-offset.012"]={cf=cfr(0,0,0,-.407,-.763,-.502,.717,-.607,.342,-.565,-.221,.795);es="Linear";ed="In";};["000-offset.001"]={cf=cfr(0,0,0,.687,.727,0,-.727,.687,0,0,0,1);es="Linear";ed="In";};["000-offset.010"]={cf=cfr(0,0,0,-.505,.863,0,-.863,-.505,0,0,0,1);es="Linear";ed="In";};["000-offset.013"]={cf=cfr(0,0,0,-.532,.847,0,-.847,-.532,0,0,0,1);es="Linear";ed="In";};["000-offset.011"]={cf=cfr(0,0,0,.297,-.955,-.021,.955,.298,-.018,.024,-.014,1);es="Linear";ed="In";};["000-offset.006"]={cf=cfr(0,0,0,-.611,-.737,-.288,.285,-.544,.789,-.738,.4,.543);es="Linear";ed="In";};["000-offset.003"]={cf=cfr(0,0,0,-.632,-.691,.352,.084,-.512,-.855,.771,-.511,.381);es="Linear";ed="In";};["000-offset.008"]={cf=cfr(0,0,0,.384,-.855,-.347,.844,.173,.508,-.375,-.488,.788);es="Linear";ed="In";};["000-offset.005"]={cf=cfr(0,0,0,.613,-.669,.419,.585,.027,-.811,.531,.743,.408);es="Linear";ed="In";};};{tm=.458;["000-offset"]={cf=cfr(0,0,0,-.405,.914,.003,-.914,-.405,.007,.007,0,1);es="Linear";ed="In";};["000-offset.009"]={cf=cfr(0,0,0,-.602,-.565,.564,.441,-.824,-.355,.666,.035,.745);es="Linear";ed="In";};["000-offset.012"]={cf=cfr(0,0,0,-.403,-.766,-.501,.721,-.603,.341,-.563,-.224,.795);es="Linear";ed="In";};["000-offset.001"]={cf=cfr(0,0,0,.694,.72,0,-.72,.694,0,0,0,1);es="Linear";ed="In";};["000-offset.010"]={cf=cfr(0,0,0,-.493,.87,0,-.87,-.493,0,0,0,1);es="Linear";ed="In";};["000-offset.013"]={cf=cfr(0,0,0,-.515,.857,0,-.857,-.515,0,0,0,1);es="Linear";ed="In";};["000-offset.011"]={cf=cfr(0,0,0,.297,-.955,-.021,.954,.298,-.018,.024,-.014,1);es="Linear";ed="In";};["000-offset.006"]={cf=cfr(0,0,0,-.61,-.738,-.289,.286,-.545,.788,-.739,.398,.543);es="Linear";ed="In";};["000-offset.003"]={cf=cfr(0,0,0,-.63,-.693,.349,.089,-.511,-.855,.771,-.508,.384);es="Linear";ed="In";};["000-offset.008"]={cf=cfr(0,0,0,.393,-.859,-.328,.84,.19,.507,-.373,-.475,.797);es="Linear";ed="In";};["000-offset.005"]={cf=cfr(0,0,0,.622,-.674,.399,.582,.058,-.811,.523,.737,.428);es="Linear";ed="In";};};{tm=.5;["000-offset"]={cf=cfr(0,0,0,-.405,.914,0,-.914,-.405,0,0,0,1);es="Linear";ed="In";};["000-offset.009"]={cf=cfr(0,0,0,-.6,-.567,.564,.444,-.823,-.355,.665,.037,.746);es="Linear";ed="In";};["000-offset.012"]={cf=cfr(0,0,0,-.402,-.765,-.502,.722,-.603,.34,-.563,-.226,.795);es="Linear";ed="In";};["000-offset.001"]={cf=cfr(0,0,0,.697,.717,0,-.717,.697,0,0,0,1);es="Linear";ed="In";};["000-offset.010"]={cf=cfr(0,0,0,-.487,.873,0,-.873,-.487,0,0,0,1);es="Linear";ed="In";};["000-offset.013"]={cf=cfr(0,0,0,-.508,.862,0,-.862,-.508,0,0,0,1);es="Linear";ed="In";};["000-offset.011"]={cf=cfr(0,0,0,.297,-.955,-.021,.954,.298,-.018,.024,-.014,1);es="Linear";ed="In";};["000-offset.006"]={cf=cfr(0,0,0,-.61,-.737,-.29,.286,-.546,.787,-.739,.397,.544);es="Linear";ed="In";};["000-offset.003"]={cf=cfr(0,0,0,-.63,-.692,.351,.089,-.514,-.853,.771,-.507,.386);es="Linear";ed="In";};["000-offset.008"]={cf=cfr(0,0,0,.396,-.86,-.32,.839,.198,.507,-.373,-.47,.8);es="Linear";ed="In";};["000-offset.005"]={cf=cfr(0,0,0,.626,-.676,.39,.582,.071,-.81,.52,.734,.437);es="Linear";ed="In";};};{tm=.542;["000-offset"]={cf=cfr(0,0,0,-.405,.914,-.006,-.914,-.405,-.013,-.014,0,1);es="Linear";ed="In";};["000-offset.001"]={cf=cfr(0,0,0,.697,.717,.011,-.717,.697,.011,0,-.016,1);es="Linear";ed="In";};["000-offset.009"]={cf=cfr(0,0,0,-.603,-.562,.567,.436,-.827,-.355,.668,.033,.743);es="Linear";ed="In";};["000-offset.012"]={cf=cfr(0,0,0,-.402,-.766,-.501,.722,-.602,.341,-.563,-.225,.795);es="Linear";ed="In";};["000-offset.010"]={cf=cfr(0,0,0,-.494,.869,0,-.869,-.494,0,0,0,1);es="Linear";ed="In";};["000-offset.013"]={cf=cfr(0,0,0,-.512,.859,0,-.859,-.512,0,0,0,1);es="Linear";ed="In";};["000-offset.011"]={cf=cfr(0,0,0,.298,-.954,-.021,.954,.298,-.018,.024,-.014,1);es="Linear";ed="In";};};{tm=.583;["000-offset"]={cf=cfr(0,0,0,-.405,.914,-.014,-.914,-.405,-.031,-.034,0,.999);es="Linear";ed="In";};["000-offset.001"]={cf=cfr(0,0,0,.697,.717,0,-.717,.697,0,0,0,1);es="Linear";ed="In";};["000-offset.009"]={cf=cfr(0,0,0,-.608,-.55,.573,.419,-.835,-.357,.674,.023,.738);es="Linear";ed="In";};["000-offset.012"]={cf=cfr(0,0,0,-.405,-.765,-.502,.719,-.605,.341,-.565,-.223,.795);es="Linear";ed="In";};["000-offset.010"]={cf=cfr(0,0,0,-.508,.861,0,-.861,-.508,0,0,0,1);es="Linear";ed="In";};["000-offset.013"]={cf=cfr(0,0,0,-.522,.853,0,-.853,-.522,0,0,0,1);es="Linear";ed="In";};["000-offset.003"]={cf=cfr(0,0,0,-.63,-.692,.351,.089,-.514,-.853,.771,-.507,.386);es="Linear";ed="In";};["000-offset.011"]={cf=cfr(0,0,0,.3,-.954,-.021,.954,.301,-.018,.024,-.014,1);es="Linear";ed="In";};};{tm=.625;["000-offset"]={cf=cfr(0,0,0,-.404,.914,-.023,-.913,-.405,-.053,-.058,0,.998);es="Linear";ed="In";};["000-offset.001"]={cf=cfr(0,0,0,.697,.713,-.072,-.717,.694,-.07,0,.101,.995);es="Linear";ed="In";};["000-offset.009"]={cf=cfr(0,0,0,-.612,-.538,.579,.402,-.843,-.357,.681,.014,.732);es="Linear";ed="In";};["000-offset.012"]={cf=cfr(0,0,0,-.408,-.763,-.502,.717,-.608,.342,-.566,-.221,.794);es="Linear";ed="In";};["000-offset.010"]={cf=cfr(0,0,0,-.523,.852,0,-.852,-.523,0,0,0,1);es="Linear";ed="In";};["000-offset.013"]={cf=cfr(0,0,0,-.532,.847,0,-.847,-.532,0,0,0,1);es="Linear";ed="In";};["000-offset.003"]={cf=cfr(0,0,0,-.63,-.692,.351,.089,-.514,-.853,.771,-.507,.386);es="Linear";ed="In";};["000-offset.011"]={cf=cfr(0,0,0,.303,-.953,-.021,.953,.303,-.018,.024,-.014,1);es="Linear";ed="In";};};{tm=.667;["000-offset"]={cf=cfr(0,0,0,-.404,.914,-.033,-.911,-.405,-.076,-.083,0,.997);es="Linear";ed="In";};["000-offset.001"]={cf=cfr(0,0,0,.697,.698,-.164,-.717,.679,-.16,0,.229,.973);es="Linear";ed="In";};["000-offset.009"]={cf=cfr(0,0,0,-.614,-.532,.583,.394,-.847,-.358,.684,.01,.73);es="Linear";ed="In";};["000-offset.012"]={cf=cfr(0,0,0,-.407,-.764,-.501,.717,-.607,.342,-.566,-.22,.795);es="Linear";ed="In";};["000-offset.010"]={cf=cfr(0,0,0,-.529,.848,0,-.848,-.529,0,0,0,1);es="Linear";ed="In";};["000-offset.013"]={cf=cfr(0,0,0,-.537,.844,0,-.844,-.537,0,0,0,1);es="Linear";ed="In";};["000-offset.006"]={cf=cfr(0,0,0,-.61,-.738,-.29,.286,-.546,.787,-.739,.397,.544);es="Linear";ed="In";};["000-offset.011"]={cf=cfr(0,0,0,.303,-.953,-.021,.953,.303,-.018,.024,-.014,1);es="Linear";ed="In";};};{tm=.708;["000-offset"]={cf=cfr(0,0,0,-.403,.914,-.043,-.909,-.405,-.097,-.107,0,.994);es="Linear";ed="In";};["000-offset.001"]={cf=cfr(0,0,0,.697,.68,-.225,-.717,.662,-.219,0,.315,.949);es="Linear";ed="In";};["000-offset.009"]={cf=cfr(0,0,0,-.612,-.54,.578,.405,-.842,-.357,.68,.016,.733);es="Linear";ed="In";};["000-offset.012"]={cf=cfr(0,0,0,-.407,-.763,-.502,.717,-.607,.342,-.566,-.221,.795);es="Linear";ed="In";};["000-offset.010"]={cf=cfr(0,0,0,-.52,.854,0,-.854,-.52,0,0,0,1);es="Linear";ed="In";};["000-offset.013"]={cf=cfr(0,0,0,-.53,.848,0,-.848,-.53,0,0,0,1);es="Linear";ed="In";};["000-offset.006"]={cf=cfr(0,0,0,-.61,-.738,-.29,.286,-.546,.787,-.739,.397,.544);es="Linear";ed="In";};["000-offset.003"]={cf=cfr(0,0,0,-.63,-.692,.351,.089,-.514,-.853,.771,-.507,.386);es="Linear";ed="In";};["000-offset.011"]={cf=cfr(0,0,0,.302,-.953,-.021,.953,.303,-.018,.024,-.014,1);es="Linear";ed="In";};};{tm=.75;["000-offset"]={cf=cfr(0,0,0,-.402,.914,-.051,-.907,-.406,-.115,-.126,0,.992);es="Linear";ed="In";};["000-offset.001"]={cf=cfr(0,0,0,.701,.667,-.252,-.713,.655,-.25,-.002,.355,.935);es="Linear";ed="In";};["000-offset.009"]={cf=cfr(0,0,0,-.6,-.567,.564,.444,-.823,-.355,.665,.037,.746);es="Linear";ed="In";};["000-offset.012"]={cf=cfr(0,0,0,-.401,-.767,-.501,.723,-.601,.341,-.563,-.226,.795);es="Linear";ed="In";};["000-offset.010"]={cf=cfr(0,0,0,-.487,.873,0,-.873,-.487,0,0,0,1);es="Linear";ed="In";};["000-offset.013"]={cf=cfr(0,0,0,-.508,.862,0,-.862,-.508,0,0,0,1);es="Linear";ed="In";};["000-offset.003"]={cf=cfr(0,0,0,-.63,-.693,.351,.089,-.514,-.853,.771,-.507,.386);es="Linear";ed="In";};["000-offset.011"]={cf=cfr(0,0,0,.296,-.955,-.021,.955,.297,-.018,.024,-.014,1);es="Linear";ed="In";};};{tm=.792;["000-offset"]={cf=cfr(0,0,0,-.402,.914,-.056,-.905,-.406,-.128,-.14,0,.99);es="Linear";ed="In";};["000-offset.001"]={cf=cfr(0,0,0,.707,.656,-.264,-.707,.653,-.271,-.006,.379,.926);es="Linear";ed="In";};["000-offset.009"]={cf=cfr(0,0,0,-.575,-.616,.538,.514,-.784,-.348,.637,.077,.767);es="Linear";ed="In";};["000-offset.012"]={cf=cfr(0,0,0,-.39,-.773,-.5,.732,-.59,.34,-.558,-.233,.796);es="Linear";ed="In";};["000-offset.010"]={cf=cfr(0,0,0,-.424,.906,0,-.906,-.424,0,0,0,1);es="Linear";ed="In";};["000-offset.013"]={cf=cfr(0,0,0,-.471,.882,0,-.882,-.471,0,0,0,1);es="Linear";ed="In";};["000-offset.011"]={cf=cfr(0,0,0,.287,-.958,-.021,.958,.287,-.018,.023,-.014,1);es="Linear";ed="In";};};{tm=.833;["000-offset"]={cf=cfr(0,0,0,-.401,.914,-.061,-.904,-.406,-.137,-.15,.001,.989);es="Linear";ed="In";};["000-offset.001"]={cf=cfr(0,0,0,.708,.658,-.258,-.706,.656,-.267,-.007,.371,.929);es="Linear";ed="In";};["000-offset.009"]={cf=cfr(0,0,0,-.53,-.679,.508,.605,-.723,-.335,.595,.129,.793);es="Linear";ed="In";};["000-offset.012"]={cf=cfr(0,0,0,-.377,-.78,-.499,.743,-.576,.34,-.553,-.243,.797);es="Linear";ed="In";};["000-offset.010"]={cf=cfr(0,0,0,-.332,.943,0,-.943,-.332,0,0,0,1);es="Linear";ed="In";};["000-offset.013"]={cf=cfr(0,0,0,-.427,.904,0,-.904,-.427,0,0,0,1);es="Linear";ed="In";};["000-offset.003"]={cf=cfr(0,0,0,-.63,-.693,.351,.09,-.513,-.853,.771,-.507,.386);es="Linear";ed="In";};["000-offset.011"]={cf=cfr(0,0,0,.275,-.961,-.021,.961,.276,-.018,.023,-.015,1);es="Linear";ed="In";};};{tm=.875;["000-offset"]={cf=cfr(0,0,0,-.409,.91,-.07,-.898,-.415,-.146,-.162,.003,.987);es="Linear";ed="In";};["000-offset.001"]={cf=cfr(0,0,0,.697,.68,-.225,-.717,.662,-.219,0,.315,.949);es="Linear";ed="In";};["000-offset.009"]={cf=cfr(0,0,0,-.459,-.746,.483,.703,-.637,-.316,.543,.194,.817);es="Linear";ed="In";};["000-offset.012"]={cf=cfr(0,0,0,-.362,-.788,-.498,.755,-.561,.339,-.546,-.253,.798);es="Linear";ed="In";};["000-offset.010"]={cf=cfr(0,0,0,-.22,.975,0,-.975,-.22,0,0,0,1);es="Linear";ed="In";};["000-offset.013"]={cf=cfr(0,0,0,-.376,.927,0,-.927,-.376,0,0,0,1);es="Linear";ed="In";};["000-offset.006"]={cf=cfr(0,0,0,-.61,-.738,-.29,.286,-.546,.787,-.739,.397,.544);es="Linear";ed="In";};["000-offset.003"]={cf=cfr(0,0,0,-.63,-.693,.351,.09,-.513,-.853,.771,-.507,.386);es="Linear";ed="In";};["000-offset.011"]={cf=cfr(0,0,0,.263,-.965,-.021,.965,.263,-.018,.023,-.015,1);es="Linear";ed="In";};};{tm=.917;["000-offset"]={cf=cfr(0,0,0,-.419,.905,-.079,-.892,-.426,-.154,-.173,.006,.985);es="Linear";ed="In";};["000-offset.001"]={cf=cfr(0,0,0,.661,.739,-.129,-.75,.656,-.085,.022,.153,.988);es="Linear";ed="In";};["000-offset.009"]={cf=cfr(0,0,0,-.361,-.805,.47,.796,-.529,-.294,.486,.268,.832);es="Linear";ed="In";};["000-offset.012"]={cf=cfr(0,0,0,-.346,-.796,-.497,.768,-.544,.338,-.54,-.264,.799);es="Linear";ed="In";};["000-offset.010"]={cf=cfr(0,0,0,-.097,.995,0,-.995,-.097,0,0,0,1);es="Linear";ed="In";};["000-offset.013"]={cf=cfr(0,0,0,-.318,.948,0,-.948,-.318,0,0,0,1);es="Linear";ed="In";};["000-offset.006"]={cf=cfr(0,0,0,-.61,-.738,-.29,.286,-.546,.787,-.739,.397,.544);es="Linear";ed="In";};["000-offset.011"]={cf=cfr(0,0,0,.248,-.968,-.021,.968,.249,-.018,.023,-.015,1);es="Linear";ed="In";};["000-offset.008"]={cf=cfr(0,0,0,.396,-.86,-.32,.839,.198,.507,-.373,-.47,.8);es="Linear";ed="In";};};{tm=.958;["000-offset"]={cf=cfr(0,0,0,-.427,.9,-.086,-.886,-.436,-.159,-.181,.009,.984);es="Linear";ed="In";};["000-offset.001"]={cf=cfr(0,0,0,.603,.797,.041,-.796,.597,.099,.054,-.093,.994);es="Linear";ed="In";};["000-offset.009"]={cf=cfr(0,0,0,-.242,-.846,.474,.871,-.405,-.278,.427,.346,.835);es="Linear";ed="In";};["000-offset.012"]={cf=cfr(0,0,0,-.328,-.804,-.496,.781,-.526,.337,-.532,-.277,.8);es="Linear";ed="In";};["000-offset.010"]={cf=cfr(0,0,0,.026,1,0,-1,.026,0,0,0,1);es="Linear";ed="In";};["000-offset.013"]={cf=cfr(0,0,0,-.255,.967,0,-.967,-.255,0,0,0,1);es="Linear";ed="In";};["000-offset.003"]={cf=cfr(0,0,0,-.63,-.693,.35,.09,-.513,-.853,.771,-.507,.386);es="Linear";ed="In";};["000-offset.011"]={cf=cfr(0,0,0,.233,-.972,-.021,.972,.233,-.018,.023,-.016,1);es="Linear";ed="In";};["000-offset.008"]={cf=cfr(0,0,0,.396,-.86,-.32,.839,.198,.507,-.373,-.47,.8);es="Linear";ed="In";};};{tm=1;["000-offset"]={cf=cfr(0,0,0,-.432,.897,-.09,-.883,-.441,-.16,-.183,.01,.983);es="Linear";ed="In";};["000-offset.001"]={cf=cfr(0,0,0,.549,.807,.216,-.832,.503,.236,.082,-.309,.947);es="Linear";ed="In";};["000-offset.009"]={cf=cfr(0,0,0,-.114,-.863,.492,.92,-.278,-.275,.374,.422,.826);es="Linear";ed="In";};["000-offset.012"]={cf=cfr(0,0,0,-.308,-.812,-.495,.793,-.507,.337,-.525,-.289,.801);es="Linear";ed="In";};["000-offset.010"]={cf=cfr(0,0,0,.138,.99,0,-.99,.138,0,0,0,1);es="Linear";ed="In";};["000-offset.013"]={cf=cfr(0,0,0,-.186,.982,0,-.982,-.186,0,0,0,1);es="Linear";ed="In";};["000-offset.003"]={cf=cfr(0,0,0,-.63,-.693,.35,.09,-.513,-.854,.771,-.507,.386);es="Linear";ed="In";};["000-offset.011"]={cf=cfr(0,0,0,.217,-.976,-.021,.976,.217,-.018,.022,-.016,1);es="Linear";ed="In";};};{tm=1.042;["000-offset"]={cf=cfr(0,0,0,-.431,.898,-.087,-.884,-.44,-.156,-.179,.01,.984);es="Linear";ed="In";};["000-offset.001"]={cf=cfr(0,0,0,.53,.796,.292,-.843,.457,.284,.093,-.397,.913);es="Linear";ed="In";};["000-offset.009"]={cf=cfr(0,0,0,.01,-.855,.518,.943,-.164,-.289,.332,.491,.805);es="Linear";ed="In";};["000-offset.012"]={cf=cfr(0,0,0,-.288,-.82,-.495,.806,-.487,.337,-.517,-.302,.801);es="Linear";ed="In";};["000-offset.010"]={cf=cfr(0,0,0,.227,.974,0,-.974,.227,0,0,0,1);es="Linear";ed="In";};["000-offset.013"]={cf=cfr(0,0,0,-.114,.993,0,-.993,-.114,0,0,0,1);es="Linear";ed="In";};["000-offset.011"]={cf=cfr(0,0,0,.199,-.98,-.021,.98,.2,-.018,.022,-.016,1);es="Linear";ed="In";};};{tm=1.083;["000-offset"]={cf=cfr(0,0,0,-.421,.904,-.076,-.892,-.428,-.146,-.165,.007,.986);es="Linear";ed="In";};["000-offset.001"]={cf=cfr(0,0,0,.552,.803,.226,-.83,.503,.241,.08,-.32,.944);es="Linear";ed="In";};["000-offset.009"]={cf=cfr(0,0,0,.113,-.832,.543,.945,-.078,-.317,.306,.549,.777);es="Linear";ed="In";};["000-offset.012"]={cf=cfr(0,0,0,-.267,-.827,-.495,.818,-.466,.336,-.509,-.315,.801);es="Linear";ed="In";};["000-offset.010"]={cf=cfr(0,0,0,.286,.958,0,-.958,.286,0,0,0,1);es="Linear";ed="In";};["000-offset.013"]={cf=cfr(0,0,0,-.039,.999,0,-.999,-.039,0,0,0,1);es="Linear";ed="In";};["000-offset.006"]={cf=cfr(0,0,0,-.61,-.738,-.29,.286,-.546,.787,-.739,.397,.544);es="Linear";ed="In";};["000-offset.003"]={cf=cfr(0,0,0,-.63,-.693,.35,.09,-.513,-.854,.771,-.507,.386);es="Linear";ed="In";};["000-offset.011"]={cf=cfr(0,0,0,.181,-.983,-.021,.983,.182,-.018,.022,-.017,1);es="Linear";ed="In";};};{tm=1.125;["000-offset"]={cf=cfr(0,0,0,-.398,.916,-.056,-.907,-.402,-.128,-.14,0,.99);es="Linear";ed="In";};["000-offset.001"]={cf=cfr(0,0,0,.595,.8,.077,-.802,.584,.123,.053,-.135,.989);es="Linear";ed="In";};["000-offset.009"]={cf=cfr(0,0,0,.185,-.805,.564,.934,-.033,-.355,.304,.593,.746);es="Linear";ed="In";};["000-offset.012"]={cf=cfr(0,0,0,-.246,-.833,-.496,.829,-.446,.337,-.501,-.328,.801);es="Linear";ed="In";};["000-offset.010"]={cf=cfr(0,0,0,.306,.952,0,-.952,.306,0,0,0,1);es="Linear";ed="In";};["000-offset.013"]={cf=cfr(0,0,0,.037,.999,0,-.999,.037,0,0,0,1);es="Linear";ed="In";};["000-offset.006"]={cf=cfr(0,0,0,-.609,-.738,-.29,.286,-.546,.787,-.739,.397,.544);es="Linear";ed="In";};["000-offset.003"]={cf=cfr(0,0,0,-.63,-.693,.35,.09,-.513,-.854,.771,-.507,.386);es="Linear";ed="In";};["000-offset.011"]={cf=cfr(0,0,0,.163,-.986,-.021,.986,.163,-.018,.021,-.017,1);es="Linear";ed="In";};};{tm=1.167;["000-offset"]={cf=cfr(0,0,0,-.326,.945,.004,-.943,-.325,-.071,-.066,-.027,.997);es="Linear";ed="In";};["000-offset.001"]={cf=cfr(0,0,0,.649,.757,-.083,-.761,.648,-.044,.021,.092,.996);es="Linear";ed="In";};["000-offset.009"]={cf=cfr(0,0,0,.157,-.795,.586,.908,-.118,-.403,.39,.595,.703);es="Linear";ed="In";};["000-offset.012"]={cf=cfr(0,0,0,-.226,-.838,-.496,.84,-.426,.337,-.494,-.341,.8);es="Linear";ed="In";};["000-offset.010"]={cf=cfr(0,0,0,.294,.956,0,-.956,.294,0,0,0,1);es="Linear";ed="In";};["000-offset.013"]={cf=cfr(0,0,0,.129,.992,0,-.992,.129,0,0,0,1);es="Linear";ed="In";};["000-offset.011"]={cf=cfr(0,0,0,.144,-.989,-.021,.989,.144,-.018,.021,-.018,1);es="Linear";ed="In";};};{tm=1.208;["000-offset"]={cf=cfr(0,0,0,-.196,.977,.082,-.979,-.2,.042,.057,-.072,.996);es="Linear";ed="In";};["000-offset.001"]={cf=cfr(0,0,0,.705,.683,-.19,-.709,.676,-.202,-.01,.277,.961);es="Linear";ed="In";};["000-offset.009"]={cf=cfr(0,0,0,.034,-.775,.631,.832,-.328,-.448,.554,.54,.633);es="Linear";ed="In";};["000-offset.012"]={cf=cfr(0,0,0,-.206,-.843,-.497,.849,-.407,.337,-.487,-.352,.799);es="Linear";ed="In";};["000-offset.010"]={cf=cfr(0,0,0,.265,.964,0,-.964,.265,0,0,0,1);es="Linear";ed="In";};["000-offset.013"]={cf=cfr(0,0,0,.241,.97,0,-.97,.241,0,0,0,1);es="Linear";ed="In";};["000-offset.003"]={cf=cfr(0,0,0,-.63,-.693,.35,.09,-.513,-.854,.771,-.507,.386);es="Linear";ed="In";};["000-offset.011"]={cf=cfr(0,0,0,.125,-.992,-.021,.992,.125,-.018,.021,-.018,1);es="Linear";ed="In";};};{tm=1.25;["000-offset"]={cf=cfr(0,0,0,-.064,.991,.12,-.982,-.084,.17,.178,-.107,.978);es="Linear";ed="In";};["000-offset.001"]={cf=cfr(0,0,0,.757,.619,-.208,-.653,.702,-.285,-.03,.351,.936);es="Linear";ed="In";};["000-offset.009"]={cf=cfr(0,0,0,-.077,-.713,.697,.708,-.532,-.465,.702,.458,.545);es="Linear";ed="In";};["000-offset.012"]={cf=cfr(0,0,0,-.188,-.847,-.498,.857,-.389,.338,-.48,-.363,.799);es="Linear";ed="In";};["000-offset.010"]={cf=cfr(0,0,0,.221,.975,0,-.975,.221,0,0,0,1);es="Linear";ed="In";};["000-offset.013"]={cf=cfr(0,0,0,.359,.933,0,-.933,.359,0,0,0,1);es="Linear";ed="In";};["000-offset.003"]={cf=cfr(0,0,0,-.63,-.693,.35,.09,-.513,-.854,.771,-.507,.386);es="Linear";ed="In";};["000-offset.011"]={cf=cfr(0,0,0,.106,-.994,-.021,.994,.106,-.019,.021,-.019,1);es="Linear";ed="In";};};{tm=1.292;["000-offset"]={cf=cfr(0,0,0,.009,.994,.107,-.97,-.017,.244,.245,-.106,.964);es="Linear";ed="In";};["000-offset.001"]={cf=cfr(0,0,0,.81,.574,-.122,-.586,.78,-.219,-.03,.249,.968);es="Linear";ed="In";};["000-offset.009"]={cf=cfr(0,0,0,-.12,-.663,.739,.625,-.629,-.463,.772,.406,.49);es="Linear";ed="In";};["000-offset.012"]={cf=cfr(0,0,0,-.171,-.85,-.499,.864,-.373,.339,-.474,-.373,.798);es="Linear";ed="In";};["000-offset.010"]={cf=cfr(0,0,0,.164,.986,0,-.986,.164,0,0,0,1);es="Linear";ed="In";};["000-offset.013"]={cf=cfr(0,0,0,.468,.884,0,-.884,.468,0,0,0,1);es="Linear";ed="In";};["000-offset.006"]={cf=cfr(0,0,0,-.609,-.738,-.29,.286,-.546,.787,-.739,.397,.544);es="Linear";ed="In";};["000-offset.011"]={cf=cfr(0,0,0,.087,-.996,-.021,.996,.088,-.019,.02,-.019,1);es="Linear";ed="In";};};{tm=1.333;["000-offset"]={cf=cfr(0,0,0,.031,.997,.072,-.964,.01,.266,.264,-.077,.961);es="Linear";ed="In";};["000-offset.001"]={cf=cfr(0,0,0,.864,.503,.01,-.503,.864,-.016,-.016,.008,1);es="Linear";ed="In";};["000-offset.009"]={cf=cfr(0,0,0,-.125,-.65,.75,.604,-.65,-.462,.787,.395,.474);es="Linear";ed="In";};["000-offset.012"]={cf=cfr(0,0,0,-.156,-.852,-.5,.869,-.359,.34,-.469,-.381,.797);es="Linear";ed="In";};["000-offset.010"]={cf=cfr(0,0,0,.097,.995,0,-.995,.097,0,0,0,1);es="Linear";ed="In";};["000-offset.013"]={cf=cfr(0,0,0,.557,.83,0,-.83,.557,0,0,0,1);es="Linear";ed="In";};["000-offset.006"]={cf=cfr(0,0,0,-.609,-.738,-.29,.286,-.546,.787,-.739,.397,.544);es="Linear";ed="In";};["000-offset.003"]={cf=cfr(0,0,0,-.63,-.693,.35,.09,-.513,-.854,.771,-.507,.386);es="Linear";ed="In";};["000-offset.011"]={cf=cfr(0,0,0,.069,-.997,-.021,.997,.069,-.019,.02,-.019,1);es="Linear";ed="In";};};{tm=1.375;["000-offset"]={cf=cfr(0,0,0,.044,.999,.03,-.96,.034,.279,.277,-.041,.96);es="Linear";ed="In";};["000-offset.001"]={cf=cfr(0,0,0,.909,.401,.111,-.416,.88,.227,-.007,-.253,.967);es="Linear";ed="In";};["000-offset.009"]={cf=cfr(0,0,0,-.127,-.64,.758,.586,-.665,-.463,.8,.386,.459);es="Linear";ed="In";};["000-offset.012"]={cf=cfr(0,0,0,-.144,-.854,-.5,.874,-.347,.34,-.464,-.388,.796);es="Linear";ed="In";};["000-offset.010"]={cf=cfr(0,0,0,.021,1,0,-1,.021,0,0,0,1);es="Linear";ed="In";};["000-offset.013"]={cf=cfr(0,0,0,.617,.787,0,-.787,.617,0,0,0,1);es="Linear";ed="In";};["000-offset.003"]={cf=cfr(0,0,0,-.63,-.693,.35,.09,-.513,-.854,.771,-.507,.386);es="Linear";ed="In";};["000-offset.011"]={cf=cfr(0,0,0,.051,-.998,-.021,.999,.051,-.019,.02,-.02,1);es="Linear";ed="In";};["000-offset.008"]={cf=cfr(0,0,0,.396,-.86,-.32,.839,.198,.507,-.373,-.47,.8);es="Linear";ed="In";};};{tm=1.417;["000-offset"]={cf=cfr(0,0,0,.05,.999,-.017,-.957,.053,.284,.284,.002,.959);es="Linear";ed="In";};["000-offset.001"]={cf=cfr(0,0,0,.94,.302,.157,-.34,.859,.383,-.019,-.414,.91);es="Linear";ed="In";};["000-offset.009"]={cf=cfr(0,0,0,-.124,-.634,.763,.573,-.674,-.467,.81,.379,.446);es="Linear";ed="In";};["000-offset.012"]={cf=cfr(0,0,0,-.136,-.855,-.501,.877,-.339,.341,-.461,-.393,.795);es="Linear";ed="In";};["000-offset.010"]={cf=cfr(0,0,0,-.059,.998,0,-.998,-.059,0,0,0,1);es="Linear";ed="In";};["000-offset.013"]={cf=cfr(0,0,0,.642,.766,0,-.766,.642,0,0,0,1);es="Linear";ed="In";};["000-offset.011"]={cf=cfr(0,0,0,.034,-.999,-.021,.999,.034,-.019,.019,-.02,1);es="Linear";ed="In";};["000-offset.008"]={cf=cfr(0,0,0,.396,-.86,-.32,.839,.198,.507,-.373,-.47,.8);es="Linear";ed="In";};};{tm=1.458;["000-offset"]={cf=cfr(0,0,0,.051,.997,-.066,-.957,.068,.283,.287,.048,.957);es="Linear";ed="In";};["000-offset.001"]={cf=cfr(0,0,0,.958,.217,.186,-.277,.863,.422,-.069,-.456,.887);es="Linear";ed="In";};["000-offset.009"]={cf=cfr(0,0,0,-.121,-.628,.769,.562,-.682,-.468,.818,.375,.435);es="Linear";ed="In";};["000-offset.012"]={cf=cfr(0,0,0,-.131,-.855,-.501,.878,-.335,.341,-.46,-.396,.795);es="Linear";ed="In";};["000-offset.010"]={cf=cfr(0,0,0,-.141,.99,0,-.99,-.141,0,0,0,1);es="Linear";ed="In";};["000-offset.013"]={cf=cfr(0,0,0,.634,.773,0,-.773,.634,0,0,0,1);es="Linear";ed="In";};["000-offset.003"]={cf=cfr(0,0,0,-.63,-.693,.35,.09,-.513,-.854,.771,-.507,.386);es="Linear";ed="In";};["000-offset.011"]={cf=cfr(0,0,0,.017,-1,-.021,1,.018,-.019,.019,-.021,1);es="Linear";ed="In";};};{tm=1.5;["000-offset"]={cf=cfr(0,0,0,.048,.992,-.116,-.957,.079,.278,.285,.098,.953);es="Linear";ed="In";};["000-offset.001"]={cf=cfr(0,0,0,.965,.139,.223,-.222,.887,.405,-.142,-.44,.887);es="Linear";ed="In";};["000-offset.009"]={cf=cfr(0,0,0,-.116,-.626,.771,.554,-.685,-.472,.824,.373,.426);es="Linear";ed="In";};["000-offset.012"]={cf=cfr(0,0,0,-.131,-.855,-.501,.879,-.334,.341,-.459,-.396,.795);es="Linear";ed="In";};["000-offset.010"]={cf=cfr(0,0,0,-.222,.975,0,-.975,-.222,0,0,0,1);es="Linear";ed="In";};["000-offset.013"]={cf=cfr(0,0,0,.601,.799,0,-.799,.601,0,0,0,1);es="Linear";ed="In";};["000-offset.006"]={cf=cfr(0,0,0,-.609,-.738,-.29,.286,-.546,.787,-.739,.397,.544);es="Linear";ed="In";};["000-offset.003"]={cf=cfr(0,0,0,-.63,-.693,.35,.09,-.513,-.854,.771,-.507,.386);es="Linear";ed="In";};["000-offset.011"]={cf=cfr(0,0,0,.002,-1,-.021,1,.003,-.019,.019,-.021,1);es="Linear";ed="In";};};{tm=1.542;["000-offset"]={cf=cfr(0,0,0,.041,.985,-.167,-.959,.086,.27,.281,.149,.948);es="Linear";ed="In";};["000-offset.001"]={cf=cfr(0,0,0,.961,.084,.264,-.177,.919,.352,-.213,-.385,.898);es="Linear";ed="In";};["000-offset.009"]={cf=cfr(0,0,0,-.11,-.626,.772,.55,-.686,-.477,.828,.372,.42);es="Linear";ed="In";};["000-offset.012"]={cf=cfr(0,0,0,-.152,-.853,-.5,.871,-.354,.339,-.466,-.384,.797);es="Linear";ed="In";};["000-offset.010"]={cf=cfr(0,0,0,-.298,.954,0,-.954,-.298,0,0,0,1);es="Linear";ed="In";};["000-offset.013"]={cf=cfr(0,0,0,.548,.836,0,-.836,.548,0,0,0,1);es="Linear";ed="In";};["000-offset.006"]={cf=cfr(0,0,0,-.609,-.738,-.29,.286,-.546,.788,-.739,.397,.544);es="Linear";ed="In";};["000-offset.011"]={cf=cfr(0,0,0,-.012,-1,-.021,1,-.011,-.019,.019,-.021,1);es="Linear";ed="In";};};{tm=1.583;["000-offset"]={cf=cfr(0,0,0,.033,.976,-.215,-.961,.091,.261,.274,.198,.941);es="Linear";ed="In";};["000-offset.001"]={cf=cfr(0,0,0,.954,.061,.292,-.147,.947,.284,-.259,-.314,.913);es="Linear";ed="In";};["000-offset.009"]={cf=cfr(0,0,0,-.104,-.627,.772,.548,-.684,-.482,.83,.373,.415);es="Linear";ed="In";};["000-offset.012"]={cf=cfr(0,0,0,-.203,-.844,-.497,.851,-.403,.337,-.484,-.354,.8);es="Linear";ed="In";};["000-offset.010"]={cf=cfr(0,0,0,-.368,.93,0,-.93,-.368,0,0,0,1);es="Linear";ed="In";};["000-offset.013"]={cf=cfr(0,0,0,.48,.877,0,-.877,.48,0,0,0,1);es="Linear";ed="In";};["000-offset.003"]={cf=cfr(0,0,0,-.63,-.693,.35,.09,-.513,-.854,.771,-.507,.386);es="Linear";ed="In";};["000-offset.011"]={cf=cfr(0,0,0,-.024,-.999,-.021,1,-.024,-.019,.018,-.021,1);es="Linear";ed="In";};};{tm=1.625;["000-offset"]={cf=cfr(0,0,0,.025,.965,-.262,-.963,.093,.251,.267,.246,.932);es="Linear";ed="In";};["000-offset.001"]={cf=cfr(0,0,0,.95,.07,.304,-.132,.973,.189,-.282,-.22,.934);es="Linear";ed="In";};["000-offset.009"]={cf=cfr(0,0,0,-.097,-.63,.77,.548,-.68,-.487,.831,.375,.412);es="Linear";ed="In";};["000-offset.012"]={cf=cfr(0,0,0,-.269,-.827,-.494,.818,-.467,.336,-.508,-.315,.802);es="Linear";ed="In";};["000-offset.010"]={cf=cfr(0,0,0,-.428,.904,0,-.904,-.428,0,0,0,1);es="Linear";ed="In";};["000-offset.013"]={cf=cfr(0,0,0,.402,.915,0,-.915,.402,0,0,0,1);es="Linear";ed="In";};["000-offset.003"]={cf=cfr(0,0,0,-.63,-.693,.35,.09,-.513,-.854,.771,-.507,.386);es="Linear";ed="In";};["000-offset.011"]={cf=cfr(0,0,0,-.035,-.999,-.021,.999,-.034,-.019,.018,-.022,1);es="Linear";ed="In";};};{tm=1.667;["000-offset"]={cf=cfr(0,0,0,.017,.953,-.303,-.966,.094,.242,.259,.289,.922);es="Linear";ed="In";};["000-offset.001"]={cf=cfr(0,0,0,.947,.103,.305,-.126,.99,.057,-.297,-.093,.951);es="Linear";ed="In";};["000-offset.009"]={cf=cfr(0,0,0,-.091,-.634,.768,.551,-.674,-.491,.829,.378,.411);es="Linear";ed="In";};["000-offset.012"]={cf=cfr(0,0,0,-.334,-.802,-.495,.777,-.531,.337,-.533,-.272,.801);es="Linear";ed="In";};["000-offset.010"]={cf=cfr(0,0,0,-.476,.879,0,-.879,-.476,0,0,0,1);es="Linear";ed="In";};["000-offset.013"]={cf=cfr(0,0,0,.322,.947,0,-.947,.322,0,0,0,1);es="Linear";ed="In";};["000-offset.011"]={cf=cfr(0,0,0,-.044,-.999,-.021,.999,-.043,-.019,.018,-.022,1);es="Linear";ed="In";};};{tm=1.708;["000-offset"]={cf=cfr(0,0,0,.011,.94,-.34,-.968,.096,.234,.252,.326,.911);es="Linear";ed="In";};["000-offset.001"]={cf=cfr(0,0,0,.945,.148,.29,-.129,.988,-.085,-.299,.043,.953);es="Linear";ed="In";};["000-offset.009"]={cf=cfr(0,0,0,-.086,-.639,.765,.556,-.668,-.495,.827,.382,.413);es="Linear";ed="In";};["000-offset.012"]={cf=cfr(0,0,0,-.388,-.776,-.498,.736,-.586,.339,-.555,-.235,.798);es="Linear";ed="In";};["000-offset.010"]={cf=cfr(0,0,0,-.512,.859,0,-.859,-.512,0,0,0,1);es="Linear";ed="In";};["000-offset.013"]={cf=cfr(0,0,0,.247,.969,0,-.969,.247,0,0,0,1);es="Linear";ed="In";};["000-offset.006"]={cf=cfr(0,0,0,-.609,-.738,-.29,.286,-.546,.788,-.74,.397,.544);es="Linear";ed="In";};["000-offset.003"]={cf=cfr(0,0,0,-.63,-.693,.35,.09,-.513,-.854,.771,-.507,.386);es="Linear";ed="In";};["000-offset.011"]={cf=cfr(0,0,0,-.051,-.998,-.021,.999,-.05,-.019,.018,-.022,1);es="Linear";ed="In";};};{tm=1.75;["000-offset"]={cf=cfr(0,0,0,.01,.929,-.37,-.969,.101,.226,.247,.356,.901);es="Linear";ed="In";};["000-offset.001"]={cf=cfr(0,0,0,.948,.189,.257,-.137,.968,-.21,-.288,.164,.944);es="Linear";ed="In";};["000-offset.009"]={cf=cfr(0,0,0,-.082,-.643,.761,.563,-.66,-.497,.823,.387,.416);es="Linear";ed="In";};["000-offset.012"]={cf=cfr(0,0,0,-.422,-.755,-.501,.706,-.621,.341,-.569,-.21,.795);es="Linear";ed="In";};["000-offset.010"]={cf=cfr(0,0,0,-.533,.846,0,-.846,-.533,0,0,0,1);es="Linear";ed="In";};["000-offset.013"]={cf=cfr(0,0,0,.185,.983,0,-.983,.185,0,0,0,1);es="Linear";ed="In";};["000-offset.006"]={cf=cfr(0,0,0,-.609,-.738,-.29,.286,-.546,.788,-.74,.397,.544);es="Linear";ed="In";};["000-offset.003"]={cf=cfr(0,0,0,-.63,-.693,.35,.09,-.513,-.854,.771,-.507,.386);es="Linear";ed="In";};["000-offset.011"]={cf=cfr(0,0,0,-.055,-.998,-.021,.998,-.055,-.019,.018,-.022,1);es="Linear";ed="In";};};{tm=1.792;["000-offset"]={cf=cfr(0,0,0,.009,.92,-.392,-.97,.104,.221,.245,.378,.893);es="Linear";ed="In";};["000-offset.001"]={cf=cfr(0,0,0,.954,.213,.209,-.147,.945,-.291,-.259,.247,.934);es="Linear";ed="In";};["000-offset.009"]={cf=cfr(0,0,0,-.08,-.648,.757,.571,-.653,-.498,.817,.392,.