local cfr = CFrame.new

return {{tm=0;["HumanoidRootPart"]={cf=cfr(0,0,0,1,0,0,0,1,0,0,0,1);es="Linear";ed="In";};["LowerTorso"]={cf=cfr(0,0,0,1,0,0,0,.991,.133,0,-.133,.991);es="Linear";ed="In";};["RightUpperLeg"]={cf=cfr(0,0,0,.885,-.183,-.428,.096,.972,-.217,.455,.151,.878);es="Linear";ed="In";};["LeftUpperLeg"]={cf=cfr(0,0,0,.984,.15,.096,-.108,.932,-.346,-.142,.33,.933);es="Linear";ed="In";};["UpperTorso"]={cf=cfr(0,0,-.015,1,0,0,0,.919,.394,0,-.394,.919);es="Linear";ed="In";};["RightLowerLeg"]={cf=cfr(0,0,0,.999,-.035,-.002,.021,.56,.828,-.028,-.828,.56);es="Linear";ed="In";};["LeftLowerLeg"]={cf=cfr(0,0,0,1,.008,-.003,-.004,.718,.696,.008,-.696,.718);es="Linear";ed="In";};["RightUpperArm"]={cf=cfr(0,0,0,.957,-.229,.176,.221,.973,.063,-.186,-.021,.982);es="Linear";ed="In";};["LeftUpperArm"]={cf=cfr(0,0,0,.925,.328,-.193,-.374,.877,-.303,.069,.352,.933);es="Linear";ed="In";};["Head"]={cf=cfr(0,0,0,1,0,0,0,.865,-.502,0,.502,.865);es="Linear";ed="In";};["RightFoot"]={cf=cfr(0,0,0,1,.014,.024,-.006,.947,-.321,-.027,.321,.947);es="Linear";ed="In";};["LeftFoot"]={cf=cfr(0,0,0,1,-.007,-.008,.007,.999,-.038,.008,.038,.999);es="Linear";ed="In";};["RightLowerArm"]={cf=cfr(0,0,0,.981,-.182,-.069,.087,.726,-.682,.175,.663,.728);es="Linear";ed="In";};["LeftLowerArm"]={cf=cfr(0,0,0,.925,.355,.136,-.226,.802,-.553,-.306,.481,.822);es="Linear";ed="In";};["RightHand"]={cf=cfr(0,0,0,.939,-.311,.149,.338,.916,-.216,-.07,.253,.965);es="Linear";ed="In";};["LeftHand"]={cf=cfr(0,0,0,1,0,0,0,1,0,0,0,1);es="Linear";ed="In";};};{tm=.042;["HumanoidRootPart"]={cf=cfr(0,0,0,1,0,0,0,1,0,0,0,1);es="Linear";ed="In";};["LowerTorso"]={cf=cfr(0,0,0,1,-.001,0,.001,.991,.133,0,-.133,.991);es="Linear";ed="In";};["RightUpperLeg"]={cf=cfr(0,0,0,.885,-.183,-.428,.096,.972,-.217,.455,.151,.878);es="Linear";ed="In";};["LeftUpperLeg"]={cf=cfr(0,0,0,.984,.15,.096,-.108,.932,-.346,-.142,.33,.933);es="Linear";ed="In";};["UpperTorso"]={cf=cfr(0,0,-.015,1,.001,.007,-.003,.94,.341,-.006,-.341,.94);es="Linear";ed="In";};["RightLowerLeg"]={cf=cfr(0,0,0,.999,-.035,-.002,.021,.56,.828,-.028,-.828,.56);es="Linear";ed="In";};["LeftLowerLeg"]={cf=cfr(0,0,0,1,.008,-.003,-.004,.718,.696,.008,-.696,.718);es="Linear";ed="In";};["RightUpperArm"]={cf=cfr(0,0,0,.959,-.23,.165,.222,.973,.066,-.176,-.026,.984);es="Linear";ed="In";};["LeftUpperArm"]={cf=cfr(0,0,0,.918,.346,-.193,-.392,.865,-.313,.059,.364,.93);es="Linear";ed="In";};["Head"]={cf=cfr(0,0,0,1,-.001,-.007,-.003,.882,-.471,.007,.471,.882);es="Linear";ed="In";};["RightFoot"]={cf=cfr(0,0,0,1,.014,.024,-.006,.947,-.321,-.027,.321,.947);es="Linear";ed="In";};["LeftFoot"]={cf=cfr(0,0,0,1,-.007,-.008,.007,.999,-.038,.008,.038,.999);es="Linear";ed="In";};["RightLowerArm"]={cf=cfr(0,0,0,.982,-.176,-.071,.082,.732,-.677,.172,.659,.733);es="Linear";ed="In";};["LeftLowerArm"]={cf=cfr(0,0,0,.922,.362,.141,-.233,.805,-.545,-.311,.47,.826);es="Linear";ed="In";};["RightHand"]={cf=cfr(0,0,0,.939,-.308,.152,.336,.916,-.218,-.072,.256,.964);es="Linear";ed="In";};["LeftHand"]={cf=cfr(0,0,0,1,0,-.001,0,1,.002,.001,-.002,1);es="Linear";ed="In";};};{tm=.083;["HumanoidRootPart"]={cf=cfr(0,0,0,1,0,0,0,1,0,0,0,1);es="Linear";ed="In";};["LowerTorso"]={cf=cfr(0,0,0,1,-.003,0,.003,.991,.133,-.001,-.133,.991);es="Linear";ed="In";};["RightUpperLeg"]={cf=cfr(0,0,0,.885,-.183,-.428,.096,.972,-.217,.455,.151,.878);es="Linear";ed="In";};["LeftUpperLeg"]={cf=cfr(0,0,0,.984,.15,.096,-.108,.932,-.346,-.142,.33,.933);es="Linear";ed="In";};["UpperTorso"]={cf=cfr(0,0,-.015,1,.002,.018,-.005,.977,.212,-.018,-.212,.977);es="Linear";ed="In";};["RightLowerLeg"]={cf=cfr(0,0,0,.999,-.035,-.002,.021,.56,.828,-.028,-.828,.56);es="Linear";ed="In";};["LeftLowerLeg"]={cf=cfr(0,0,0,1,.008,-.003,-.004,.718,.696,.008,-.696,.718);es="Linear";ed="In";};["RightUpperArm"]={cf=cfr(0,0,0,.963,-.234,.134,.226,.971,.074,-.148,-.041,.988);es="Linear";ed="In";};["LeftUpperArm"]={cf=cfr(0,0,0,.898,.394,-.196,-.439,.831,-.342,.028,.393,.919);es="Linear";ed="In";};["Head"]={cf=cfr(0,0,0,1,-.001,-.02,-.007,.917,-.398,.019,.398,.917);es="Linear";ed="In";};["RightFoot"]={cf=cfr(0,0,0,1,.014,.024,-.006,.947,-.321,-.027,.321,.947);es="Linear";ed="In";};["LeftFoot"]={cf=cfr(0,0,0,1,-.007,-.008,.007,.999,-.038,.008,.038,.999);es="Linear";ed="In";};["RightLowerArm"]={cf=cfr(0,0,0,.984,-.16,-.077,.069,.746,-.663,.163,.647,.745);es="Linear";ed="In";};["LeftLowerArm"]={cf=cfr(0,0,0,.913,.379,.152,-.251,.814,-.524,-.322,.44,.838);es="Linear";ed="In";};["RightHand"]={cf=cfr(0,0,0,.94,-.3,.159,.331,.916,-.225,-.078,.265,.961);es="Linear";ed="In";};["LeftHand"]={cf=cfr(0,0,0,1,.001,-.009,-.001,1,.015,.009,-.015,1);es="Linear";ed="In";};};{tm=.125;["HumanoidRootPart"]={cf=cfr(0,0,0,1,0,0,0,1,0,0,0,1);es="Linear";ed="In";};["LowerTorso"]={cf=cfr(0,0,0,1,-.006,0,.006,.991,.133,-.001,-.133,.991);es="Linear";ed="In";};["RightUpperLeg"]={cf=cfr(0,0,0,.885,-.183,-.428,.096,.972,-.217,.455,.151,.878);es="Linear";ed="In";};["LeftUpperLeg"]={cf=cfr(0,0,0,.984,.15,.096,-.108,.932,-.346,-.142,.33,.933);es="Linear";ed="In";};["UpperTorso"]={cf=cfr(0,0,-.015,1,.002,.021,-.003,.998,.063,-.02,-.063,.998);es="Linear";ed="In";};["RightLowerLeg"]={cf=cfr(0,0,0,.999,-.035,-.002,.021,.56,.828,-.028,-.828,.56);es="Linear";ed="In";};["LeftLowerLeg"]={cf=cfr(0,0,0,1,.008,-.003,-.004,.718,.696,.008,-.696,.718);es="Linear";ed="In";};["RightUpperArm"]={cf=cfr(0,0,0,.966,-.243,.086,.235,.968,.087,-.105,-.063,.992);es="Linear";ed="In";};["LeftUpperArm"]={cf=cfr(0,0,0,.865,.46,-.201,-.502,.775,-.383,-.02,.432,.901);es="Linear";ed="In";};["Head"]={cf=cfr(0,0,0,1,-.002,-.022,-.005,.95,-.314,.022,.314,.949);es="Linear";ed="In";};["RightFoot"]={cf=cfr(0,0,0,1,.014,.024,-.006,.947,-.321,-.027,.321,.947);es="Linear";ed="In";};["LeftFoot"]={cf=cfr(0,0,0,1,-.007,-.008,.007,.999,-.038,.008,.038,.999);es="Linear";ed="In";};["RightLowerArm"]={cf=cfr(0,0,0,.987,-.134,-.084,.05,.767,-.639,.151,.627,.764);es="Linear";ed="In";};["LeftLowerArm"]={cf=cfr(0,0,0,.901,.402,.165,-.278,.826,-.49,-.333,.396,.856);es="Linear";ed="In";};["RightHand"]={cf=cfr(0,0,0,.942,-.289,.17,.323,.916,-.237,-.087,.278,.957);es="Linear";ed="In";};["LeftHand"]={cf=cfr(0,0,0,1,.002,-.019,-.001,.999,.032,.019,-.032,.999);es="Linear";ed="In";};};{tm=.167;["HumanoidRootPart"]={cf=cfr(0,0,0,1,0,0,0,1,0,0,0,1);es="Linear";ed="In";};["LowerTorso"]={cf=cfr(0,0,0,1,-.011,0,.011,.991,.133,-.002,-.133,.991);es="Linear";ed="In";};["RightUpperLeg"]={cf=cfr(0,0,0,.885,-.183,-.428,.096,.972,-.217,.455,.151,.878);es="Linear";ed="In";};["LeftUpperLeg"]={cf=cfr(0,0,0,.984,.15,.096,-.108,.932,-.346,-.142,.33,.933);es="Linear";ed="In";};["UpperTorso"]={cf=cfr(0,0,-.015,1,0,0,0,.999,-.044,0,.044,.999);es="Linear";ed="In";};["RightLowerLeg"]={cf=cfr(0,0,0,.999,-.035,-.002,.021,.56,.828,-.028,-.828,.56);es="Linear";ed="In";};["LeftLowerLeg"]={cf=cfr(0,0,0,1,.008,-.003,-.004,.718,.696,.008,-.696,.718);es="Linear";ed="In";};["RightUpperArm"]={cf=cfr(0,0,0,.966,-.259,.024,.255,.961,.104,-.05,-.094,.994);es="Linear";ed="In";};["LeftUpperArm"]={cf=cfr(0,0,0,.819,.534,-.211,-.568,.701,-.431,-.082,.473,.877);es="Linear";ed="In";};["Head"]={cf=cfr(0,0,0,1,0,0,0,.968,-.253,0,.253,.968);es="Linear";ed="In";};["RightFoot"]={cf=cfr(0,0,0,1,.014,.024,-.006,.947,-.321,-.027,.321,.947);es="Linear";ed="In";};["LeftFoot"]={cf=cfr(0,0,0,1,-.007,-.008,.007,.999,-.038,.008,.038,.999);es="Linear";ed="In";};["RightLowerArm"]={cf=cfr(0,0,0,.99,-.103,-.092,.026,.794,-.607,.135,.599,.789);es="Linear";ed="In";};["LeftLowerArm"]={cf=cfr(0,0,0,.888,.425,.175,-.312,.837,-.449,-.337,.344,.876);es="Linear";ed="In";};["RightHand"]={cf=cfr(0,0,0,.944,-.274,.183,.314,.916,-.251,-.098,.295,.951);es="Linear";ed="In";};["LeftHand"]={cf=cfr(0,0,0,.999,.004,-.033,-.003,.999,.054,.033,-.053,.998);es="Linear";ed="In";};};{tm=.208;["HumanoidRootPart"]={cf=cfr(0,0,0,1,0,0,0,1,0,0,0,1);es="Linear";ed="In";};["LowerTorso"]={cf=cfr(0,0,0,1,-.017,0,.017,.991,.133,-.003,-.133,.991);es="Linear";ed="In";};["RightUpperLeg"]={cf=cfr(0,0,0,.885,-.183,-.428,.096,.972,-.217,.455,.151,.878);es="Linear";ed="In";};["LeftUpperLeg"]={cf=cfr(0,0,0,.984,.15,.096,-.108,.932,-.346,-.142,.33,.933);es="Linear";ed="In";};["UpperTorso"]={cf=cfr(0,0,-.015,.998,-.009,-.055,.004,.995,-.1,.056,.1,.993);es="Linear";ed="In";};["RightLowerLeg"]={cf=cfr(0,0,0,.999,-.035,-.002,.021,.56,.828,-.028,-.828,.56);es="Linear";ed="In";};["LeftLowerLeg"]={cf=cfr(0,0,0,1,.008,-.003,-.004,.718,.696,.008,-.696,.718);es="Linear";ed="In";};["RightUpperArm"]={cf=cfr(0,0,0,.958,-.284,-.047,.288,.95,.124,.009,-.132,.991);es="Linear";ed="In";};["LeftUpperArm"]={cf=cfr(0,0,0,.764,.604,-.225,-.627,.614,-.48,-.152,.508,.848);es="Linear";ed="In";};["Head"]={cf=cfr(0,0,0,.998,.004,.062,.01,.974,-.226,-.061,.227,.972);es="Linear";ed="In";};["RightFoot"]={cf=cfr(0,0,0,1,.014,.024,-.006,.947,-.321,-.027,.321,.947);es="Linear";ed="In";};["LeftFoot"]={cf=cfr(0,0,0,1,-.007,-.008,.007,.999,-.038,.008,.038,.999);es="Linear";ed="In";};["RightLowerArm"]={cf=cfr(0,0,0,.993,-.068,-.097,.001,.824,-.567,.118,.563,.818);es="Linear";ed="In";};["LeftLowerArm"]={cf=cfr(0,0,0,.877,.446,.177,-.349,.846,-.404,-.33,.292,.898);es="Linear";ed="In";};["RightHand"]={cf=cfr(0,0,0,.946,-.257,.197,.304,.914,-.269,-.111,.314,.943);es="Linear";ed="In";};["LeftHand"]={cf=cfr(0,0,0,.999,.008,-.049,-.004,.997,.079,.05,-.079,.996);es="Linear";ed="In";};};{tm=.25;["HumanoidRootPart"]={cf=cfr(0,0,0,1,0,0,0,1,0,0,0,1);es="Linear";ed="In";};["LowerTorso"]={cf=cfr(0,0,0,1,-.024,0,.024,.991,.133,-.004,-.133,.991);es="Linear";ed="In";};["RightUpperLeg"]={cf=cfr(0,0,0,.885,-.183,-.428,.096,.972,-.217,.455,.151,.878);es="Linear";ed="In";};["LeftUpperLeg"]={cf=cfr(0,0,0,.984,.15,.096,-.108,.932,-.346,-.142,.33,.933);es="Linear";ed="In";};["UpperTorso"]={cf=cfr(0,0,-.015,.991,-.024,-.134,.006,.991,-.134,.136,.132,.982);es="Linear";ed="In";};["RightLowerLeg"]={cf=cfr(0,0,0,.999,-.035,-.002,.021,.56,.828,-.028,-.828,.56);es="Linear";ed="In";};["LeftLowerLeg"]={cf=cfr(0,0,0,1,.008,-.003,-.004,.718,.696,.008,-.696,.718);es="Linear";ed="In";};["RightUpperArm"]={cf=cfr(0,0,0,.939,-.32,-.123,.336,.931,.143,.069,-.176,.982);es="Linear";ed="In";};["LeftUpperArm"]={cf=cfr(0,0,0,.708,.663,-.243,-.671,.524,-.525,-.221,.535,.816);es="Linear";ed="In";};["Head"]={cf=cfr(0,0,0,.988,.011,.151,.022,.976,-.216,-.15,.217,.965);es="Linear";ed="In";};["RightFoot"]={cf=cfr(0,0,0,1,.014,.024,-.006,.947,-.321,-.027,.321,.947);es="Linear";ed="In";};["LeftFoot"]={cf=cfr(0,0,0,1,-.007,-.008,.007,.999,-.038,.008,.038,.999);es="Linear";ed="In";};["RightLowerArm"]={cf=cfr(0,0,0,.995,-.033,-.099,-.023,.853,-.521,.102,.52,.848);es="Linear";ed="In";};["LeftLowerArm"]={cf=cfr(0,0,0,.869,.465,.171,-.383,.85,-.362,-.314,.249,.916);es="Linear";ed="In";};["RightHand"]={cf=cfr(0,0,0,.948,-.239,.211,.294,.911,-.288,-.124,.335,.934);es="Linear";ed="In";};["LeftHand"]={cf=cfr(0,0,0,.998,.014,-.068,-.007,.994,.107,.069,-.106,.992);es="Linear";ed="In";};};{tm=.292;["HumanoidRootPart"]={cf=cfr(0,0,0,1,0,0,0,1,0,0,0,1);es="Linear";ed="In";};["LowerTorso"]={cf=cfr(0,0,0,.999,-.032,.001,.032,.991,.133,-.005,-.133,.991);es="Linear";ed="In";};["RightUpperLeg"]={cf=cfr(0,0,0,.885,-.183,-.428,.096,.972,-.217,.455,.151,.878);es="Linear";ed="In";};["LeftUpperLeg"]={cf=cfr(0,0,0,.984,.15,.096,-.108,.932,-.346,-.142,.33,.933);es="Linear";ed="In";};["UpperTorso"]={cf=cfr(0,0,-.015,.975,-.033,-.219,.001,.989,-.145,.221,.141,.965);es="Linear";ed="In";};["RightLowerLeg"]={cf=cfr(0,0,0,.999,-.035,-.002,.021,.56,.828,-.028,-.828,.56);es="Linear";ed="In";};["LeftLowerLeg"]={cf=cfr(0,0,0,1,.008,-.003,-.004,.718,.696,.008,-.696,.718);es="Linear";ed="In";};["RightUpperArm"]={cf=cfr(0,0,0,.91,-.365,-.198,.397,.904,.157,.122,-.222,.968);es="Linear";ed="In";};["LeftUpperArm"]={cf=cfr(0,0,0,.66,.705,-.261,-.697,.444,-.563,-.28,.553,.784);es="Linear";ed="In";};["Head"]={cf=cfr(0,0,0,.97,.018,.243,.036,.976,-.214,-.241,.216,.946);es="Linear";ed="In";};["RightFoot"]={cf=cfr(0,0,0,1,.014,.024,-.006,.947,-.321,-.027,.321,.947);es="Linear";ed="In";};["LeftFoot"]={cf=cfr(0,0,0,1,-.007,-.008,.007,.999,-.038,.008,.038,.999);es="Linear";ed="In";};["RightLowerArm"]={cf=cfr(0,0,0,.995,-.002,-.098,-.044,.881,-.47,.087,.473,.877);es="Linear";ed="In";};["LeftLowerArm"]={cf=cfr(0,0,0,.863,.48,.157,-.412,.849,-.331,-.292,.221,.93);es="Linear";ed="In";};["RightHand"]={cf=cfr(0,0,0,.949,-.222,.225,.285,.907,-.309,-.135,.357,.924);es="Linear";ed="In";};["LeftHand"]={cf=cfr(0,0,0,.996,.022,-.089,-.009,.991,.136,.091,-.134,.987);es="Linear";ed="In";};};{tm=.333;["HumanoidRootPart"]={cf=cfr(0,0,0,1,0,0,0,1,0,0,0,1);es="Linear";ed="In";};["LowerTorso"]={cf=cfr(0,0,0,.999,-.041,.001,.041,.99,.133,-.006,-.133,.991);es="Linear";ed="In";};["RightUpperLeg"]={cf=cfr(0,0,0,.885,-.183,-.428,.096,.972,-.217,.455,.151,.878);es="Linear";ed="In";};["LeftUpperLeg"]={cf=cfr(0,0,0,.984,.15,.096,-.108,.932,-.346,-.142,.33,.933);es="Linear";ed="In";};["UpperTorso"]={cf=cfr(0,0,-.015,.956,-.025,-.291,-.013,.991,-.13,.292,.128,.948);es="Linear";ed="In";};["RightLowerLeg"]={cf=cfr(0,0,0,.999,-.035,-.002,.021,.56,.828,-.028,-.828,.56);es="Linear";ed="In";};["LeftLowerLeg"]={cf=cfr(0,0,0,1,.008,-.003,-.004,.718,.696,.008,-.696,.718);es="Linear";ed="In";};["RightUpperArm"]={cf=cfr(0,0,0,.868,-.418,-.266,.468,.868,.164,.163,-.267,.95);es="Linear";ed="In";};["LeftUpperArm"]={cf=cfr(0,0,0,.629,.728,-.274,-.707,.389,-.591,-.323,.565,.759);es="Linear";ed="In";};["Head"]={cf=cfr(0,0,0,.949,.024,.314,.046,.976,-.212,-.311,.216,.925);es="Linear";ed="In";};["RightFoot"]={cf=cfr(0,0,0,1,.014,.024,-.006,.947,-.321,-.027,.321,.947);es="Linear";ed="In";};["LeftFoot"]={cf=cfr(0,0,0,1,-.007,-.008,.007,.999,-.038,.008,.038,.999);es="Linear";ed="In";};["RightLowerArm"]={cf=cfr(0,0,0,.995,.023,-.095,-.061,.906,-.42,.076,.423,.903);es="Linear";ed="In";};["LeftLowerArm"]={cf=cfr(0,0,0,.859,.493,.139,-.432,.844,-.318,-.274,.213,.938);es="Linear";ed="In";};["RightHand"]={cf=cfr(0,0,0,.95,-.205,.236,.277,.903,-.33,-.145,.379,.914);es="Linear";ed="In";};["LeftHand"]={cf=cfr(0,0,0,.993,.032,-.111,-.013,.986,.165,.115,-.163,.98);es="Linear";ed="In";};};{tm=.375;["HumanoidRootPart"]={cf=cfr(0,0,0,1,0,0,0,1,0,0,0,1);es="Linear";ed="In";};["LowerTorso"]={cf=cfr(0,0,0,.999,-.051,.001,.05,.99,.133,-.008,-.133,.991);es="Linear";ed="In";};["RightUpperLeg"]={cf=cfr(0,0,0,.885,-.183,-.428,.096,.972,-.217,.455,.151,.878);es="Linear";ed="In";};["LeftUpperLeg"]={cf=cfr(0,0,0,.984,.15,.096,-.108,.932,-.346,-.142,.33,.933);es="Linear";ed="In";};["UpperTorso"]={cf=cfr(0,0,-.015,.935,.002,-.353,-.036,.995,-.089,.352,.096,.931);es="Linear";ed="In";};["RightLowerLeg"]={cf=cfr(0,0,0,.999,-.035,-.002,.021,.56,.828,-.028,-.828,.56);es="Linear";ed="In";};["LeftLowerLeg"]={cf=cfr(0,0,0,1,.008,-.003,-.004,.718,.696,.008,-.696,.718);es="Linear";ed="In";};["RightUpperArm"]={cf=cfr(0,0,0,.819,-.475,-.322,.542,.825,.161,.189,-.306,.933);es="Linear";ed="In";};["LeftUpperArm"]={cf=cfr(0,0,0,.624,.731,-.274,-.702,.371,-.608,-.343,.572,.745);es="Linear";ed="In";};["Head"]={cf=cfr(0,0,0,.931,.029,.365,.052,.976,-.209,-.362,.214,.907);es="Linear";ed="In";};["RightFoot"]={cf=cfr(0,0,0,1,.014,.024,-.006,.947,-.321,-.027,.321,.947);es="Linear";ed="In";};["LeftFoot"]={cf=cfr(0,0,0,1,-.007,-.008,.007,.999,-.038,.008,.038,.999);es="Linear";ed="In";};["RightLowerArm"]={cf=cfr(0,0,0,.995,.042,-.092,-.073,.926,-.371,.069,.375,.924);es="Linear";ed="In";};["LeftLowerArm"]={cf=cfr(0,0,0,.857,.501,.122,-.441,.834,-.331,-.268,.23,.936);es="Linear";ed="In";};["RightHand"]={cf=cfr(0,0,0,.951,-.191,.244,.27,.897,-.35,-.152,.399,.904);es="Linear";ed="In";};["LeftHand"]={cf=cfr(0,0,0,.99,.044,-.134,-.017,.981,.193,.14,-.189,.972);es="Linear";ed="In";};};{tm=.417;["HumanoidRootPart"]={cf=cfr(0,0,0,1,0,0,0,1,0,0,0,1);es="Linear";ed="In";};["LowerTorso"]={cf=cfr(0,0,0,.998,-.061,.001,.061,.989,.133,-.009,-.132,.991);es="Linear";ed="In";};["RightUpperLeg"]={cf=cfr(0,0,0,.885,-.183,-.428,.096,.972,-.217,.455,.151,.878);es="Linear";ed="In";};["LeftUpperLeg"]={cf=cfr(0,0,0,.984,.15,.096,-.108,.932,-.346,-.142,.33,.933);es="Linear";ed="In";};["UpperTorso"]={cf=cfr(0,0,-.015,.908,.041,-.417,-.059,.998,-.03,.415,.052,.909);es="Linear";ed="In";};["RightLowerLeg"]={cf=cfr(0,0,0,.999,-.035,-.002,.021,.56,.828,-.028,-.828,.56);es="Linear";ed="In";};["LeftLowerLeg"]={cf=cfr(0,0,0,1,.008,-.003,-.004,.718,.696,.008,-.696,.718);es="Linear";ed="In";};["RightUpperArm"]={cf=cfr(0,0,0,.766,-.531,-.363,.611,.777,.151,.202,-.337,.92);es="Linear";ed="In";};["LeftUpperArm"]={cf=cfr(0,0,0,.645,.72,-.257,-.683,.392,-.617,-.343,.574,.744);es="Linear";ed="In";};["Head"]={cf=cfr(0,0,0,.911,.035,.411,.055,.977,-.207,-.409,.211,.888);es="Linear";ed="In";};["RightFoot"]={cf=cfr(0,0,0,1,.014,.024,-.006,.947,-.321,-.027,.321,.947);es="Linear";ed="In";};["LeftFoot"]={cf=cfr(0,0,0,1,-.007,-.008,.007,.999,-.038,.008,.038,.999);es="Linear";ed="In";};["RightLowerArm"]={cf=cfr(0,0,0,.994,.054,-.091,-.081,.942,-.325,.068,.331,.941);es="Linear";ed="In";};["LeftLowerArm"]={cf=cfr(0,0,0,.857,.504,.108,-.437,.821,-.367,-.273,.267,.924);es="Linear";ed="In";};["RightHand"]={cf=cfr(0,0,0,.952,-.179,.247,.264,.891,-.369,-.154,.417,.896);es="Linear";ed="In";};["LeftHand"]={cf=cfr(0,0,0,.986,.059,-.158,-.023,.975,.22,.167,-.213,.963);es="Linear";ed="In";};};{tm=.458;["HumanoidRootPart"]={cf=cfr(0,0,0,1,0,0,0,1,0,0,0,1);es="Linear";ed="In";};["LowerTorso"]={cf=cfr(0,0,0,.997,-.072,.001,.071,.989,.133,-.011,-.132,.991);es="Linear";ed="In";};["RightUpperLeg"]={cf=cfr(0,0,0,.885,-.183,-.428,.096,.972,-.217,.455,.151,.878);es="Linear";ed="In";};["LeftUpperLeg"]={cf=cfr(0,0,0,.984,.15,.096,-.108,.932,-.346,-.142,.33,.933);es="Linear";ed="In";};["UpperTorso"]={cf=cfr(0,0,-.015,.875,.086,-.476,-.075,.996,.041,.478,-.001,.878);es="Linear";ed="In";};["RightLowerLeg"]={cf=cfr(0,0,0,.999,-.035,-.002,.021,.56,.828,-.028,-.828,.56);es="Linear";ed="In";};["LeftLowerLeg"]={cf=cfr(0,0,0,1,.008,-.003,-.004,.718,.696,.008,-.696,.718);es="Linear";ed="In";};["RightUpperArm"]={cf=cfr(0,0,0,.715,-.583,-.387,.669,.731,.135,.204,-.355,.912);es="Linear";ed="In";};["LeftUpperArm"]={cf=cfr(0,0,0,.68,.699,-.223,-.652,.437,-.619,-.336,.566,.753);es="Linear";ed="In";};["Head"]={cf=cfr(0,0,0,.891,.042,.452,.059,.977,-.206,-.45,.21,.868);es="Linear";ed="In";};["RightFoot"]={cf=cfr(0,0,0,1,.014,.024,-.006,.947,-.321,-.027,.321,.947);es="Linear";ed="In";};["LeftFoot"]={cf=cfr(0,0,0,1,-.007,-.008,.007,.999,-.038,.008,.038,.999);es="Linear";ed="In";};["RightLowerArm"]={cf=cfr(0,0,0,.994,.06,-.093,-.084,.955,-.286,.071,.292,.954);es="Linear";ed="In";};["LeftLowerArm"]={cf=cfr(0,0,0,.861,.499,.098,-.421,.807,-.414,-.286,.315,.905);es="Linear";ed="In";};["RightHand"]={cf=cfr(0,0,0,.954,-.172,.245,.259,.885,-.386,-.151,.432,.889);es="Linear";ed="In";};["LeftHand"]={cf=cfr(0,0,0,.98,.078,-.182,-.032,.969,.244,.195,-.233,.953);es="Linear";ed="In";};};{tm=.5;["HumanoidRootPart"]={cf=cfr(0,0,0,1,0,0,0,1,0,0,0,1);es="Linear";ed="In";};["LowerTorso"]={cf=cfr(0,0,0,.996,-.084,.001,.083,.988,.133,-.013,-.132,.991);es="Linear";ed="In";};["RightUpperLeg"]={cf=cfr(0,0,0,.885,-.183,-.428,.096,.972,-.217,.455,.151,.878);es="Linear";ed="In";};["LeftUpperLeg"]={cf=cfr(0,0,0,.984,.15,.096,-.108,.932,-.346,-.142,.33,.933);es="Linear";ed="In";};["UpperTorso"]={cf=cfr(0,0,-.015,.838,.131,-.529,-.079,.99,.119,.539,-.058,.84);es="Linear";ed="In";};["RightLowerLeg"]={cf=cfr(0,0,0,.999,-.035,-.002,.021,.56,.828,-.028,-.828,.56);es="Linear";ed="In";};["LeftLowerLeg"]={cf=cfr(0,0,0,1,.008,-.003,-.004,.718,.696,.008,-.696,.718);es="Linear";ed="In";};["RightUpperArm"]={cf=cfr(0,0,0,.673,-.625,-.396,.712,.692,.117,.201,-.361,.911);es="Linear";ed="In";};["LeftUpperArm"]={cf=cfr(0,0,0,.72,.673,-.17,-.612,.5,-.612,-.327,.545,.772);es="Linear";ed="In";};["Head"]={cf=cfr(0,0,0,.871,.047,.49,.063,.977,-.206,-.488,.21,.847);es="Linear";ed="In";};["RightFoot"]={cf=cfr(0,0,0,1,.014,.024,-.006,.947,-.321,-.027,.321,.947);es="Linear";ed="In";};["LeftFoot"]={cf=cfr(0,0,0,1,-.007,-.008,.007,.999,-.038,.008,.038,.999);es="Linear";ed="In";};["RightLowerArm"]={cf=cfr(0,0,0,.993,.061,-.099,-.084,.964,-.253,.08,.26,.962);es="Linear";ed="In";};["LeftLowerArm"]={cf=cfr(0,0,0,.87,.484,.095,-.391,.793,-.467,-.302,.369,.879);es="Linear";ed="In";};["RightHand"]={cf=cfr(0,0,0,.957,-.171,.237,.256,.88,-.4,-.14,.443,.885);es="Linear";ed="In";};["LeftHand"]={cf=cfr(0,0,0,.974,.099,-.205,-.042,.964,.264,.224,-.248,.942);es="Linear";ed="In";};};{tm=.542;["HumanoidRootPart"]={cf=cfr(0,0,0,1,0,0,0,1,0,0,0,1);es="Linear";ed="In";};["LowerTorso"]={cf=cfr(0,0,0,.995,-.096,.002,.095,.987,.133,-.014,-.132,.991);es="Linear";ed="In";};["RightUpperLeg"]={cf=cfr(0,0,0,.885,-.183,-.428,.096,.972,-.217,.455,.151,.878);es="Linear";ed="In";};["LeftUpperLeg"]={cf=cfr(0,0,0,.984,.15,.096,-.108,.932,-.346,-.142,.33,.933);es="Linear";ed="In";};["UpperTorso"]={cf=cfr(0,0,-.015,.802,.17,-.572,-.069,.978,.195,.593,-.117,.797);es="Linear";ed="In";};["RightLowerLeg"]={cf=cfr(0,0,0,.999,-.035,-.002,.021,.56,.828,-.028,-.828,.56);es="Linear";ed="In";};["LeftLowerLeg"]={cf=cfr(0,0,0,1,.008,-.003,-.004,.718,.696,.008,-.696,.718);es="Linear";ed="In";};["RightUpperArm"]={cf=cfr(0,0,0,.647,-.655,-.39,.737,.668,.1,.195,-.353,.915);es="Linear";ed="In";};["LeftUpperArm"]={cf=cfr(0,0,0,.758,.644,-.101,-.567,.574,-.59,-.322,.505,.801);es="Linear";ed="In";};["Head"]={cf=cfr(0,0,0,.851,.052,.523,.069,.976,-.209,-.521,.214,.826);es="Linear";ed="In";};["RightFoot"]={cf=cfr(0,0,0,1,.014,.024,-.006,.947,-.321,-.027,.321,.947);es="Linear";ed="In";};["LeftFoot"]={cf=cfr(0,0,0,1,-.007,-.008,.007,.999,-.038,.008,.038,.999);es="Linear";ed="In";};["RightLowerArm"]={cf=cfr(0,0,0,.993,.057,-.108,-.08,.97,-.229,.092,.236,.967);es="Linear";ed="In";};["LeftLowerArm"]={cf=cfr(0,0,0,.884,.456,.1,-.345,.783,-.518,-.314,.424,.849);es="Linear";ed="In";};["RightHand"]={cf=cfr(0,0,0,.96,-.175,.22,.254,.876,-.41,-.121,.45,.885);es="Linear";ed="In";};["LeftHand"]={cf=cfr(0,0,0,.966,.124,-.228,-.057,.958,.279,.253,-.257,.933);es="Linear";ed="In";};};{tm=.583;["HumanoidRootPart"]={cf=cfr(0,0,0,1,0,0,0,1,0,0,0,1);es="Linear";ed="In";};["LowerTorso"]={cf=cfr(0,.028,0,.994,-.108,.002,.107,.985,.133,-.016,-.132,.991);es="Linear";ed="In";};["RightUpperLeg"]={cf=cfr(0,0,0,.885,-.183,-.428,.096,.972,-.217,.455,.151,.878);es="Linear";ed="In";};["LeftUpperLeg"]={cf=cfr(0,0,0,.984,.15,.096,-.108,.932,-.346,-.142,.33,.933);es="Linear";ed="In";};["UpperTorso"]={cf=cfr(0,0,-.015,.772,.199,-.604,-.045,.965,.259,.634,-.173,.754);es="Linear";ed="In";};["RightLowerLeg"]={cf=cfr(0,0,0,.999,-.035,-.002,.021,.56,.828,-.028,-.828,.56);es="Linear";ed="In";};["LeftLowerLeg"]={cf=cfr(0,0,0,1,.008,-.003,-.004,.718,.696,.008,-.696,.718);es="Linear";ed="In";};["RightUpperArm"]={cf=cfr(0,0,0,.641,-.671,-.373,.744,.663,.086,.189,-.332,.924);es="Linear";ed="In";};["LeftUpperArm"]={cf=cfr(0,0,0,.787,.617,-.021,-.524,.65,-.551,-.326,.444,.834);es="Linear";ed="In";};["Head"]={cf=cfr(0,0,0,.832,.054,.552,.079,.974,-.213,-.55,.221,.806);es="Linear";ed="In";};["RightFoot"]={cf=cfr(0,0,0,1,.014,.024,-.006,.947,-.321,-.027,.321,.947);es="Linear";ed="In";};["LeftFoot"]={cf=cfr(0,0,0,1,-.007,-.008,.007,.999,-.038,.008,.038,.999);es="Linear";ed="In";};["RightLowerArm"]={cf=cfr(0,0,0,.991,.049,-.121,-.074,.974,-.215,.107,.222,.969);es="Linear";ed="In";};["LeftLowerArm"]={cf=cfr(0,0,0,.903,.415,.111,-.287,.776,-.562,-.319,.475,.82);es="Linear";ed="In";};["RightHand"]={cf=cfr(0,0,0,.963,-.187,.195,.254,.873,-.416,-.092,.45,.888);es="Linear";ed="In";};["LeftHand"]={cf=cfr(0,0,0,.957,.152,-.249,-.076,.954,.29,.281,-.258,.924);es="Linear";ed="In";};};{tm=.625;["HumanoidRootPart"]={cf=cfr(0,0,0,1,0,0,0,1,0,0,0,1);es="Linear";ed="In";};["LowerTorso"]={cf=cfr(0,.07,.001,.993,-.121,.002,.119,.984,.133,-.018,-.132,.991);es="Linear";ed="In";};["RightUpperLeg"]={cf=cfr(0,0,0,.885,-.183,-.428,.096,.972,-.217,.455,.151,.878);es="Linear";ed="In";};["LeftUpperLeg"]={cf=cfr(0,0,0,.984,.15,.096,-.108,.932,-.346,-.142,.33,.933);es="Linear";ed="In";};["UpperTorso"]={cf=cfr(0,0,-.015,.752,.211,-.625,-.011,.952,.307,.66,-.224,.718);es="Linear";ed="In";};["RightLowerLeg"]={cf=cfr(0,0,0,.999,-.035,-.002,.021,.56,.828,-.028,-.828,.56);es="Linear";ed="In";};["LeftLowerLeg"]={cf=cfr(0,0,0,1,.008,-.003,-.004,.718,.696,.008,-.696,.718);es="Linear";ed="In";};["RightUpperArm"]={cf=cfr(0,0,0,.656,-.672,-.344,.732,.676,.076,.181,-.302,.936);es="Linear";ed="In";};["LeftUpperArm"]={cf=cfr(0,0,0,.804,.591,.066,-.488,.719,-.495,-.34,.366,.866);es="Linear";ed="In";};["Head"]={cf=cfr(0,0,0,.814,.053,.579,.093,.971,-.22,-.574,.233,.785);es="Linear";ed="In";};["RightFoot"]={cf=cfr(0,0,0,1,.014,.024,-.006,.947,-.321,-.027,.321,.947);es="Linear";ed="In";};["LeftFoot"]={cf=cfr(0,0,0,1,-.007,-.008,.007,.999,-.038,.008,.038,.999);es="Linear";ed="In";};["RightLowerArm"]={cf=cfr(0,0,0,.99,.037,-.135,-.066,.975,-.213,.124,.219,.968);es="Linear";ed="In";};["LeftLowerArm"]={cf=cfr(0,0,0,.924,.362,.128,-.221,.774,-.594,-.314,.52,.794);es="Linear";ed="In";};["RightHand"]={cf=cfr(0,0,0,.965,-.208,.158,.257,.871,-.419,-.051,.445,.894);es="Linear";ed="In";};["LeftHand"]={cf=cfr(0,0,0,.939,.206,-.276,-.123,.949,.29,.321,-.238,.917);es="Linear";ed="In";};};{tm=.667;["HumanoidRootPart"]={cf=cfr(0,0,0,1,0,0,0,1,0,0,0,1);es="Linear";ed="In";};["LowerTorso"]={cf=cfr(0,.127,.002,.991,-.133,.002,.132,.982,.133,-.02,-.131,.991);es="Linear";ed="In";};["RightUpperLeg"]={cf=cfr(0,0,0,.885,-.183,-.428,.096,.972,-.217,.455,.151,.878);es="Linear";ed="In";};["LeftUpperLeg"]={cf=cfr(0,0,0,.984,.15,.096,-.108,.932,-.346,-.142,.33,.933);es="Linear";ed="In";};["UpperTorso"]={cf=cfr(0,0,-.015,.741,.21,-.637,.032,.938,.346,.67,-.277,.689);es="Linear";ed="In";};["RightLowerLeg"]={cf=cfr(0,0,0,.999,-.035,-.002,.021,.56,.828,-.028,-.828,.56);es="Linear";ed="In";};["LeftLowerLeg"]={cf=cfr(0,0,0,1,.008,-.003,-.004,.718,.696,.008,-.696,.718);es="Linear";ed="In";};["RightUpperArm"]={cf=cfr(0,0,0,.685,-.661,-.306,.709,.702,.071,.167,-.265,.949);es="Linear";ed="In";};["LeftUpperArm"]={cf=cfr(0,0,0,.808,.569,.151,-.466,.775,-.426,-.36,.274,.892);es="Linear";ed="In";};["Head"]={cf=cfr(0,0,0,.796,.045,.603,.122,.965,-.233,-.592,.259,.763);es="Linear";ed="In";};["RightFoot"]={cf=cfr(0,0,0,1,.014,.024,-.006,.947,-.321,-.027,.321,.947);es="Linear";ed="In";};["LeftFoot"]={cf=cfr(0,0,0,1,-.007,-.008,.007,.999,-.038,.008,.038,.999);es="Linear";ed="In";};["RightLowerArm"]={cf=cfr(0,0,0,.988,.021,-.15,-.055,.974,-.221,.141,.227,.964);es="Linear";ed="In";};["LeftLowerArm"]={cf=cfr(0,0,0,.943,.301,.145,-.153,.774,-.615,-.297,.558,.775);es="Linear";ed="In";};["RightHand"]={cf=cfr(0,0,0,.965,-.239,.11,.263,.868,-.421,.005,.435,.9);es="Linear";ed="In";};["LeftHand"]={cf=cfr(0,0,0,.905,.293,-.309,-.208,.937,.281,.372,-.19,.909);es="Linear";ed="In";};};{tm=.708;["HumanoidRootPart"]={cf=cfr(0,0,0,1,0,0,0,1,0,0,0,1);es="Linear";ed="In";};["LowerTorso"]={cf=cfr(0,.183,.003,.989,-.146,.002,.144,.981,.133,-.022,-.131,.991);es="Linear";ed="In";};["RightUpperLeg"]={cf=cfr(0,0,0,.885,-.183,-.428,.096,.972,-.217,.455,.151,.878);es="Linear";ed="In";};["LeftUpperLeg"]={cf=cfr(0,0,0,.984,.15,.096,-.108,.932,-.346,-.142,.33,.933);es="Linear";ed="In";};["UpperTorso"]={cf=cfr(0,0,-.015,.738,.204,-.644,.082,.919,.385,.67,-.337,.661);es="Linear";ed="In";};["RightLowerLeg"]={cf=cfr(0,0,0,.999,-.035,-.002,.021,.56,.828,-.028,-.828,.56);es="Linear";ed="In";};["LeftLowerLeg"]={cf=cfr(0,0,0,1,.008,-.003,-.004,.718,.696,.008,-.696,.718);es="Linear";ed="In";};["RightUpperArm"]={cf=cfr(0,0,0,.722,-.642,-.257,.676,.734,.067,.145,-.222,.964);es="Linear";ed="In";};["LeftUpperArm"]={cf=cfr(0,0,0,.804,.549,.229,-.457,.816,-.353,-.381,.179,.907);es="Linear";ed="In";};["Head"]={cf=cfr(0,0,0,.781,.029,.624,.165,.954,-.251,-.603,.299,.74);es="Linear";ed="In";};["RightFoot"]={cf=cfr(0,0,0,1,.014,.024,-.006,.947,-.321,-.027,.321,.947);es="Linear";ed="In";};["LeftFoot"]={cf=cfr(0,0,0,1,-.007,-.008,.007,.999,-.038,.008,.038,.999);es="Linear";ed="In";};["RightLowerArm"]={cf=cfr(0,0,0,.986,.001,-.166,-.041,.97,-.24,.161,.243,.957);es="Linear";ed="In";};["LeftLowerArm"]={cf=cfr(0,0,0,.958,.239,.159,-.089,.774,-.626,-.272,.586,.763);es="Linear";ed="In";};["RightHand"]={cf=cfr(0,0,0,.96,-.276,.053,.272,.864,-.424,.071,.421,.904);es="Linear";ed="In";};["LeftHand"]={cf=cfr(0,0,0,.856,.393,-.337,-.31,.91,.274,.414,-.13,.901);es="Linear";ed="In";};};{tm=.75;["HumanoidRootPart"]={cf=cfr(0,0,0,1,0,0,0,1,0,0,0,1);es="Linear";ed="In";};["LowerTorso"]={cf=cfr(0,.254,.004,.987,-.159,.003,.157,.979,.133,-.024,-.131,.991);es="Linear";ed="In";};["RightUpperLeg"]={cf=cfr(0,0,0,.885,-.183,-.428,.096,.972,-.217,.455,.151,.878);es="Linear";ed="In";};["LeftUpperLeg"]={cf=cfr(0,0,0,.984,.15,.096,-.108,.932,-.346,-.142,.33,.933);es="Linear";ed="In";};["UpperTorso"]={cf=cfr(0,0,-.015,.739,.193,-.645,.136,.896,.423,.66,-.4,.636);es="Linear";ed="In";};["RightLowerLeg"]={cf=cfr(0,0,0,.999,-.035,-.002,.021,.56,.828,-.028,-.828,.56);es="Linear";ed="In";};["LeftLowerLeg"]={cf=cfr(0,0,0,1,.008,-.003,-.004,.718,.696,.008,-.696,.718);es="Linear";ed="In";};["RightUpperArm"]={cf=cfr(0,0,0,.761,-.618,-.196,.639,.767,.063,.112,-.173,.979);es="Linear";ed="In";};["LeftUpperArm"]={cf=cfr(0,0,0,.794,.532,.294,-.459,.842,-.283,-.398,.09,.913);es="Linear";ed="In";};["Head"]={cf=cfr(0,0,0,.77,.012,.638,.209,.94,-.27,-.603,.341,.721);es="Linear";ed="In";};["RightFoot"]={cf=cfr(0,0,0,1,.014,.024,-.006,.947,-.321,-.027,.321,.947);es="Linear";ed="In";};["LeftFoot"]={cf=cfr(0,0,0,1,-.007,-.008,.007,.999,-.038,.008,.038,.999);es="Linear";ed="In";};["RightLowerArm"]={cf=cfr(0,0,0,.983,-.027,-.182,-.023,.963,-.267,.182,.267,.946);es="Linear";ed="In";};["LeftLowerArm"]={cf=cfr(0,0,0,.969,.181,.168,-.036,.774,-.632,-.244,.606,.757);es="Linear";ed="In";};["RightHand"]={cf=cfr(0,0,0,.948,-.319,-.011,.283,.858,-.428,.146,.402,.904);es="Linear";ed="In";};["LeftHand"]={cf=cfr(0,0,0,.801,.484,-.353,-.408,.872,.269,.438,-.071,.896);es="Linear";ed="In";};};{tm=.792;["HumanoidRootPart"]={cf=cfr(0,0,0,1,0,0,0,1,0,0,0,1);es="Linear";ed="In";};["LowerTorso"]={cf=cfr(0,.324,.005,.985,-.171,.003,.169,.977,.133,-.025,-.131,.991);es="Linear";ed="In";};["RightUpperLeg"]={cf=cfr(0,0,0,.885,-.183,-.428,.096,.972,-.217,.455,.151,.878);es="Linear";ed="In";};["LeftUpperLeg"]={cf=cfr(0,0,0,.984,.15,.096,-.108,.932,-.346,-.142,.33,.933);es="Linear";ed="In";};["UpperTorso"]={cf=cfr(0,0,-.015,.745,.176,-.643,.189,.869,.457,.639,-.463,.614);es="Linear";ed="In";};["RightLowerLeg"]={cf=cfr(0,0,0,.999,-.035,-.002,.021,.56,.828,-.028,-.828,.56);es="Linear";ed="In";};["LeftLowerLeg"]={cf=cfr(0,0,0,1,.008,-.003,-.004,.718,.696,.008,-.696,.718);es="Linear";ed="In";};["RightUpperArm"]={cf=cfr(0,0,0,.796,-.593,-.125,.602,.797,.055,.067,-.119,.991);es="Linear";ed="In";};["LeftUpperArm"]={cf=cfr(0,0,0,.786,.516,.341,-.464,.857,-.225,-.408,.018,.913);es="Linear";ed="In";};["Head"]={cf=cfr(0,0,0,.767,-.001,.641,.243,.926,-.289,-.593,.377,.711);es="Linear";ed="In";};["RightFoot"]={cf=cfr(0,0,0,1,.014,.024,-.006,.947,-.321,-.027,.321,.947);es="Linear";ed="In";};["LeftFoot"]={cf=cfr(0,0,0,1,-.007,-.008,.007,.999,-.038,.008,.038,.999);es="Linear";ed="In";};["RightLowerArm"]={cf=cfr(0,0,0,.979,-.061,-.197,-.001,.954,-.299,.206,.293,.934);es="Linear";ed="In";};["LeftLowerArm"]={cf=cfr(0,0,0,.976,.135,.172,.005,.773,-.634,-.218,.62,.754);es="Linear";ed="In";};["RightHand"]={cf=cfr(0,0,0,.927,-.365,-.079,.298,.85,-.435,.226,.38,.897);es="Linear";ed="In";};["LeftHand"]={cf=cfr(0,0,0,.757,.548,-.356,-.483,.836,.261,.441,-.026,.897);es="Linear";ed="In";};};{tm=.833;["HumanoidRootPart"]={cf=cfr(0,0,0,1,0,0,0,1,0,0,0,1);es="Linear";ed="In";};["LowerTorso"]={cf=cfr(0,.395,.006,.983,-.184,.003,.182,.974,.133,-.027,-.13,.991);es="Linear";ed="In";};["RightUpperLeg"]={cf=cfr(0,0,0,.885,-.183,-.428,.096,.972,-.217,.455,.151,.878);es="Linear";ed="In";};["LeftUpperLeg"]={cf=cfr(0,0,0,.984,.15,.096,-.108,.932,-.346,-.142,.33,.933);es="Linear";ed="In";};["UpperTorso"]={cf=cfr(0,0,-.015,.755,.154,-.637,.239,.841,.486,.611,-.519,.598);es="Linear";ed="In";};["RightLowerLeg"]={cf=cfr(0,0,0,.999,-.035,-.002,.021,.56,.828,-.028,-.828,.56);es="Linear";ed="In";};["LeftLowerLeg"]={cf=cfr(0,0,0,1,.008,-.003,-.004,.718,.696,.008,-.696,.718);es="Linear";ed="In";};["RightUpperArm"]={cf=cfr(0,0,0,.82,-.57,-.044,.572,.819,.045,.011,-.062,.998);es="Linear";ed="In";};["LeftUpperArm"]={cf=cfr(0,0,0,.784,.5,.367,-.466,.865,-.184,-.409,-.027,.912);es="Linear";ed="In";};["Head"]={cf=cfr(0,0,0,.777,-.006,.63,.254,.918,-.305,-.576,.397,.714);es="Linear";ed="In";};["RightFoot"]={cf=cfr(0,0,0,1,.014,.024,-.006,.947,-.321,-.027,.321,.947);es="Linear";ed="In";};["LeftFoot"]={cf=cfr(0,0,0,1,-.007,-.008,.007,.999,-.038,.008,.038,.999);es="Linear";ed="In";};["RightLowerArm"]={cf=cfr(0,0,0,.972,-.102,-.211,.027,.942,-.333,.233,.319,.919);es="Linear";ed="In";};["LeftLowerArm"]={cf=cfr(0,0,0,.979,.105,.173,.03,.771,-.636,-.2,.628,.752);es="Linear";ed="In";};["RightHand"]={cf=cfr(0,0,0,.898,-.414,-.147,.313,.838,-.447,.308,.356,.882);es="Linear";ed="In";};["LeftHand"]={cf=cfr(0,0,0,.742,.573,-.349,-.518,.82,.244,.426,0,.905);es="Linear";ed="In";};};{tm=.875;["HumanoidRootPart"]={cf=cfr(0,0,0,1,0,0,0,1,0,0,0,1);es="Linear";ed="In";};["LowerTorso"]={cf=cfr(0,.465,.007,.981,-.196,.003,.194,.972,.133,-.029,-.13,.991);es="Linear";ed="In";};["RightUpperLeg"]={cf=cfr(0,0,0,.885,-.183,-.428,.096,.972,-.217,.455,.151,.878);es="Linear";ed="In";};["LeftUpperLeg"]={cf=cfr(0,0,0,.984,.15,.096,-.108,.932,-.346,-.142,.33,.933);es="Linear";ed="In";};["UpperTorso"]={cf=cfr(0,0,-.015,.768,.126,-.629,.282,.814,.507,.575,-.567,.59);es="Linear";ed="In";};["RightLowerLeg"]={cf=cfr(0,0,0,.999,-.035,-.002,.021,.56,.828,-.028,-.828,.56);es="Linear";ed="In";};["LeftLowerLeg"]={cf=cfr(0,0,0,1,.008,-.003,-.004,.718,.696,.008,-.696,.718);es="Linear";ed="In";};["RightUpperArm"]={cf=cfr(0,0,0,.831,-.555,.042,.554,.832,.033,-.053,-.004,.999);es="Linear";ed="In";};["LeftUpperArm"]={cf=cfr(0,0,0,.789,.484,.379,-.462,.874,-.154,-.405,-.054,.913);es="Linear";ed="In";};["Head"]={cf=cfr(0,0,0,.794,-.003,.608,.249,.914,-.32,-.555,.406,.726);es="Linear";ed="In";};["RightFoot"]={cf=cfr(0,0,0,1,.014,.024,-.006,.947,-.321,-.027,.321,.947);es="Linear";ed="In";};["LeftFoot"]={cf=cfr(0,0,0,1,-.007,-.008,.007,.999,-.038,.008,.038,.999);es="Linear";ed="In";};["RightLowerArm"]={cf=cfr(0,0,0,.964,-.149,-.222,.059,.929,-.367,.261,.34,.904);es="Linear";ed="In";};["LeftLowerArm"]={cf=cfr(0,0,0,.981,.086,.174,.046,.768,-.639,-.188,.635,.749);es="Linear";ed="In";};["RightHand"]={cf=cfr(0,0,0,.86,-.463,-.212,.329,.823,-.464,.39,.329,.86);es="Linear";ed="In";};["LeftHand"]={cf=cfr(0,0,0,.748,.572,-.338,-.528,.82,.219,.402,.015,.915);es="Linear";ed="In";};};{tm=.917;["HumanoidRootPart"]={cf=cfr(0,0,0,1,0,0,0,1,0,0,0,1);es="Linear";ed="In";};["LowerTorso"]={cf=cfr(0,.522,.008,.978,-.207,.003,.205,.97,.133,-.031,-.13,.991);es="Linear";ed="In";};["RightUpperLeg"]={cf=cfr(0,0,0,.885,-.183,-.428,.096,.972,-.217,.455,.151,.878);es="Linear";ed="In";};["LeftUpperLeg"]={cf=cfr(0,0,0,.984,.15,.096,-.108,.932,-.346,-.142,.33,.933);es="Linear";ed="In";};["UpperTorso"]={cf=cfr(0,0,-.015,.782,.091,-.617,.318,.793,.52,.537,-.602,.591);es="Linear";ed="In";};["RightLowerLeg"]={cf=cfr(0,0,0,.999,-.035,-.002,.021,.56,.828,-.028,-.828,.56);es="Linear";ed="In";};["LeftLowerLeg"]={cf=cfr(0,0,0,1,.008,-.003,-.004,.718,.696,.008,-.696,.718);es="Linear";ed="In";};["RightUpperArm"]={cf=cfr(0,0,0,.826,-.549,.129,.551,.834,.023,-.12,.053,.991);es="Linear";ed="In";};["LeftUpperArm"]={cf=cfr(0,0,0,.797,.464,.387,-.453,.883,-.126,-.4,-.075,.914);es="Linear";ed="In";};["Head"]={cf=cfr(0,0,0,.812,.001,.583,.24,.911,-.336,-.532,.413,.739);es="Linear";ed="In";};["RightFoot"]={cf=cfr(0,0,0,1,.014,.024,-.006,.947,-.321,-.027,.321,.947);es="Linear";ed="In";};["LeftFoot"]={cf=cfr(0,0,0,1,-.007,-.008,.007,.999,-.038,.008,.038,.999);es="Linear";ed="In";};["RightLowerArm"]={cf=cfr(0,0,0,.952,-.2,-.231,.096,.914,-.395,.29,.354,.889);es="Linear";ed="In";};["LeftLowerArm"]={cf=cfr(0,0,0,.982,.07,.173,.059,.765,-.642,-.177,.641,.747);es="Linear";ed="In";};["RightHand"]={cf=cfr(0,0,0,.815,-.512,-.272,.343,.804,-.485,.467,.302,.831);es="Linear";ed="In";};["LeftHand"]={cf=cfr(0,0,0,.755,.569,-.327,-.537,.822,.191,.377,.031,.926);es="Linear";ed="In";};};{tm=.958;["HumanoidRootPart"]={cf=cfr(0,0,0,1,0,0,0,1,0,0,0,1);es="Linear";ed="In";};["LowerTorso"]={cf=cfr(0,.578,.009,.976,-.219,.003,.216,.967,.133,-.032,-.129,.991);es="Linear";ed="In";};["RightUpperLeg"]={cf=cfr(0,0,0,.885,-.183,-.428,.096,.972,-.217,.455,.151,.878);es="Linear";ed="In";};["LeftUpperLeg"]={cf=cfr(0,0,0,.984,.15,.096,-.108,.932,-.346,-.142,.33,.933);es="Linear";ed="In";};["UpperTorso"]={cf=cfr(0,0,-.015,.796,.051,-.603,.345,.781,.521,.498,-.622,.604);es="Linear";ed="In";};["RightLowerLeg"]={cf=cfr(0,0,0,.999,-.035,-.002,.021,.56,.828,-.028,-.828,.56);es="Linear";ed="In";};["LeftLowerLeg"]={cf=cfr(0,0,0,1,.008,-.003,-.004,.718,.696,.008,-.696,.718);es="Linear";ed="In";};["RightUpperArm"]={cf=cfr(0,0,0,.805,-.554,.211,.564,.825,.016,-.183,.107,.977);es="Linear";ed="In";};["LeftUpperArm"]={cf=cfr(0,0,0,.807,.442,.391,-.44,.892,-.1,-.393,-.091,.915);es="Linear";ed="In";};["Head"]={cf=cfr(0,0,0,.832,.006,.555,.229,.908,-.352,-.506,.42,.754);es="Linear";ed="In";};["RightFoot"]={cf=cfr(0,0,0,1,.014,.024,-.006,.947,-.321,-.027,.321,.947);es="Linear";ed="In";};["LeftFoot"]={cf=cfr(0,0,0,1,-.007,-.008,.007,.999,-.038,.008,.038,.999);es="Linear";ed="In";};["RightLowerArm"]={cf=cfr(0,0,0,.938,-.25,-.239,.134,.899,-.417,.319,.359,.877);es="Linear";ed="In";};["LeftLowerArm"]={cf=cfr(0,0,0,.983,.056,.172,.07,.761,-.645,-.167,.646,.745);es="Linear";ed="In";};["RightHand"]={cf=cfr(0,0,0,.764,-.557,-.324,.354,.783,-.511,.539,.275,.796);es="Linear";ed="In";};["LeftHand"]={cf=cfr(0,0,0,.763,.565,-.314,-.543,.824,.161,.35,.047,.936);es="Linear";ed="In";};};{tm=1;["HumanoidRootPart"]={cf=cfr(0,0,0,1,0,0,0,1,0,0,0,1);es="Linear";ed="In";};["LowerTorso"]={cf=cfr(0,.62,.01,.973,-.229,.004,.227,.965,.133,-.034,-.129,.991);es="Linear";ed="In";};["RightUpperLeg"]={cf=cfr(0,0,0,.885,-.183,-.428,.096,.972,-.217,.455,.151,.878);es="Linear";ed="In";};["LeftUpperLeg"]={cf=cfr(0,0,0,.984,.15,.096,-.108,.932,-.346,-.142,.33,.933);es="Linear";ed="In";};["UpperTorso"]={cf=cfr(0,0,-.015,.809,.005,-.588,.364,.781,.507,.462,-.624,.63);es="Linear";ed="In";};["RightLowerLeg"]={cf=cfr(0,0,0,.999,-.035,-.002,.021,.56,.828,-.028,-.828,.56);es="Linear";ed="In";};["LeftLowerLeg"]={cf=cfr(0,0,0,1,.008,-.003,-.004,.718,.696,.008,-.696,.718);es="Linear";ed="In";};["RightUpperArm"]={cf=cfr(0,0,0,.77,-.572,.284,.592,.805,.015,-.237,.157,.959);es="Linear";ed="In";};["LeftUpperArm"]={cf=cfr(0,0,0,.82,.417,.391,-.423,.903,-.077,-.385,-.102,.917);es="Linear";ed="In";};["Head"]={cf=cfr(0,0,0,.852,.011,.523,.214,.905,-.368,-.477,.425,.769);es="Linear";ed="In";};["RightFoot"]={cf=cfr(0,0,0,1,.014,.024,-.006,.947,-.321,-.027,.321,.947);es="Linear";ed="In";};["LeftFoot"]={cf=cfr(0,0,0,1,-.007,-.008,.007,.999,-.038,.008,.038,.999);es="Linear";ed="In";};["RightLowerArm"]={cf=cfr(0,0,0,.922,-.298,-.248,.171,.887,-.428,.348,.352,.869);es="Linear";ed="In";};["LeftLowerArm"]={cf=cfr(0,0,0,.984,.044,.171,.078,.758,-.648,-.158,.651,.742);es="Linear";ed="In";};["RightHand"]={cf=cfr(0,0,0,.711,-.599,-.368,.362,.761,-.538,.602,.25,.758);es="Linear";ed="In";};["LeftHand"]={cf=cfr(0,0,0,.773,.559,-.3,-.548,.827,.13,.321,.064,.945);es="Linear";ed="In";};};{tm=1.042;["HumanoidRootPart"]={cf=cfr(0,0,0,1,0,0,0,1,0,0,0,1);es="Linear";ed="In";};["LowerTorso"]={cf=cfr(0,.648,.01,.971,-.239,.004,.237,.962,.133,-.036,-.128,.991);es="Linear";ed="In";};["RightUpperLeg"]={cf=cfr(0,0,0,.885,-.183,-.428,.096,.972,-.217,.455,.151,.878);es="Linear";ed="In";};["LeftUpperLeg"]={cf=cfr(0,0,0,.984,.15,.096,-.108,.932,-.346,-.142,.33,.933);es="Linear";ed="In";};["UpperTorso"]={cf=cfr(0,0,-.015,.822,-.061,-.566,.375,.806,.459,.428,-.589,.685);es="Linear";ed="In";};["RightLowerLeg"]={cf=cfr(0,0,0,.999,-.035,-.002,.021,.56,.828,-.028,-.828,.56);es="Linear";ed="In";};["LeftLowerLeg"]={cf=cfr(0,0,0,1,.008