local cfr = CFrame.new

return {{tm=0;["RootNode"]={cf=cfr(0,0,0,-1,0,0,0,1,0,0,0,-1);es="Linear";ed="In";};["root"]={cf=cfr(.352,2.256,0,0,0,1,0,1,0,-1,0,0);es="Linear";ed="In";};["000-offset"]={cf=cfr(0,0,0,-.101,.989,-.111,-.965,-.125,-.232,-.243,.083,.966);es="Linear";ed="In";};["004-offset.001"]={cf=cfr(0,0,0,-.015,-1,0,1,-.015,0,0,0,1);es="Linear";ed="In";};["006-offset"]={cf=cfr(0,0,0,-.015,-1,0,1,-.015,0,0,0,1);es="Linear";ed="In";};["000-offset.009"]={cf=cfr(0,0,0,-.506,-.595,.624,.736,-.676,-.048,.45,.435,.78);es="Linear";ed="In";};["000-offset.012"]={cf=cfr(0,0,0,-.645,-.533,-.548,.666,-.743,-.061,-.375,-.405,.834);es="Linear";ed="In";};["000-offset.001"]={cf=cfr(0,0,0,.897,.421,-.135,-.41,.906,.106,.167,-.04,.985);es="Linear";ed="In";};["000-offset.010"]={cf=cfr(0,0,0,.549,.836,0,-.836,.549,0,0,0,1);es="Linear";ed="In";};["000-offset.013"]={cf=cfr(0,0,0,.137,.991,0,-.991,.137,0,0,0,1);es="Linear";ed="In";};["004-offset"]={cf=cfr(0,0,0,.035,-.999,0,.999,.035,0,0,0,1);es="Linear";ed="In";};["002-offset"]={cf=cfr(0,0,0,.035,-.999,0,.999,.035,0,0,0,1);es="Linear";ed="In";};["000-offset.002"]={cf=cfr(0,0,0,.643,-.758,-.108,.727,.649,-.225,.241,.066,.968);es="Linear";ed="In";};["000-offset.011"]={cf=cfr(0,0,0,.3,-.942,.153,.951,.307,.026,-.071,.138,.988);es="Linear";ed="In";};["000-offset.014"]={cf=cfr(0,0,0,-.415,-.855,.312,.888,-.455,-.064,.196,.25,.948);es="Linear";ed="In";};["000-offset.006"]={cf=cfr(0,0,0,-.777,-.629,-.012,.339,-.434,.835,-.53,.645,.55);es="Linear";ed="In";};["000-offset.003"]={cf=cfr(0,0,0,-.498,-.716,-.489,.473,.249,-.845,.727,-.653,.215);es="Linear";ed="In";};["000-offset.007"]={cf=cfr(0,0,0,.814,-.581,0,.581,.814,0,0,0,1);es="Linear";ed="In";};["000-offset.004"]={cf=cfr(0,0,0,.778,-.629,0,.629,.778,0,0,0,1);es="Linear";ed="In";};["000-offset.008"]={cf=cfr(0,0,0,.864,-.458,-.211,.445,.889,-.109,.238,0,.971);es="Linear";ed="In";};["000-offset.005"]={cf=cfr(0,0,0,.86,-.501,-.095,.498,.865,-.055,.11,0,.994);es="Linear";ed="In";};};{tm=.042;["root"]={cf=cfr(.352,2.27,0,0,0,1,0,1,0,-1,0,0);es="Linear";ed="In";};["000-offset"]={cf=cfr(0,0,0,-.098,.989,-.111,-.965,-.122,-.233,-.244,.084,.966);es="Linear";ed="In";};["006-offset"]={cf=cfr(0,0,0,-.017,-1,0,1,-.017,0,0,0,1);es="Linear";ed="In";};["000-offset.009"]={cf=cfr(0,0,0,-.509,-.593,.624,.732,-.68,-.048,.453,.432,.78);es="Linear";ed="In";};["000-offset.012"]={cf=cfr(0,0,0,-.644,-.535,-.547,.668,-.741,-.062,-.372,-.405,.835);es="Linear";ed="In";};["000-offset.001"]={cf=cfr(0,0,0,.898,.422,-.129,-.411,.906,.105,.161,-.041,.986);es="Linear";ed="In";};["000-offset.010"]={cf=cfr(0,0,0,.542,.84,0,-.84,.542,0,0,0,1);es="Linear";ed="In";};["000-offset.013"]={cf=cfr(0,0,0,.142,.99,0,-.99,.142,0,0,0,1);es="Linear";ed="In";};["000-offset.002"]={cf=cfr(0,0,0,.633,-.768,-.099,.739,.638,-.217,.23,.065,.971);es="Linear";ed="In";};["000-offset.011"]={cf=cfr(0,0,0,.311,-.938,.153,.948,.318,.026,-.073,.137,.988);es="Linear";ed="In";};["000-offset.014"]={cf=cfr(0,0,0,-.413,-.856,.31,.89,-.452,-.064,.195,.25,.949);es="Linear";ed="In";};["000-offset.006"]={cf=cfr(0,0,0,-.777,-.629,-.011,.339,-.434,.834,-.53,.644,.551);es="Linear";ed="In";};["000-offset.003"]={cf=cfr(0,0,0,-.508,-.709,-.489,.475,.243,-.846,.719,-.662,.214);es="Linear";ed="In";};["000-offset.007"]={cf=cfr(0,0,0,.818,-.575,0,.575,.818,0,0,0,1);es="Linear";ed="In";};["000-offset.004"]={cf=cfr(0,0,0,.778,-.628,0,.628,.778,0,0,0,1);es="Linear";ed="In";};["000-offset.008"]={cf=cfr(0,0,0,.868,-.449,-.211,.436,.894,-.108,.237,.002,.972);es="Linear";ed="In";};["000-offset.005"]={cf=cfr(0,0,0,.868,-.488,-.094,.485,.873,-.054,.109,.001,.994);es="Linear";ed="In";};};{tm=.083;["root"]={cf=cfr(.381,2.284,.028,0,0,1,0,1,0,-1,0,0);es="Linear";ed="In";};["000-offset"]={cf=cfr(0,0,0,-.09,.99,-.112,-.965,-.114,-.237,-.247,.087,.965);es="Linear";ed="In";};["006-offset"]={cf=cfr(0,0,0,-.018,-1,0,1,-.018,0,0,0,1);es="Linear";ed="In";};["000-offset.009"]={cf=cfr(0,0,0,-.517,-.585,.625,.722,-.69,-.049,.46,.426,.779);es="Linear";ed="In";};["000-offset.012"]={cf=cfr(0,0,0,-.642,-.54,-.543,.673,-.737,-.063,-.366,-.406,.837);es="Linear";ed="In";};["000-offset.001"]={cf=cfr(0,0,0,.899,.423,-.113,-.413,.905,.103,.145,-.046,.988);es="Linear";ed="In";};["000-offset.010"]={cf=cfr(0,0,0,.524,.851,0,-.851,.524,0,0,0,1);es="Linear";ed="In";};["000-offset.013"]={cf=cfr(0,0,0,.158,.987,0,-.987,.158,0,0,0,1);es="Linear";ed="In";};["000-offset.002"]={cf=cfr(0,0,0,.608,-.79,-.076,.768,.61,-.195,.201,.06,.978);es="Linear";ed="In";};["000-offset.011"]={cf=cfr(0,0,0,.342,-.928,.152,.937,.349,.025,-.076,.133,.988);es="Linear";ed="In";};["000-offset.014"]={cf=cfr(0,0,0,-.406,-.861,.306,.894,-.444,-.065,.192,.247,.95);es="Linear";ed="In";};["000-offset.006"]={cf=cfr(0,0,0,-.777,-.629,-.011,.34,-.435,.834,-.53,.644,.552);es="Linear";ed="In";};["000-offset.003"]={cf=cfr(0,0,0,-.533,-.69,-.489,.481,.228,-.846,.696,-.687,.21);es="Linear";ed="In";};["000-offset.007"]={cf=cfr(0,0,0,.83,-.558,0,.558,.83,0,0,0,1);es="Linear";ed="In";};["000-offset.004"]={cf=cfr(0,0,0,.78,-.625,0,.625,.78,0,0,0,1);es="Linear";ed="In";};["000-offset.008"]={cf=cfr(0,0,0,.881,-.425,-.209,.412,.905,-.106,.234,.007,.972);es="Linear";ed="In";};["000-offset.005"]={cf=cfr(0,0,0,.888,-.451,-.092,.448,.892,-.052,.105,.005,.994);es="Linear";ed="In";};};{tm=.125;["root"]={cf=cfr(.409,2.312,.07,0,0,1,0,1,0,-1,0,0);es="Linear";ed="In";};["000-offset"]={cf=cfr(0,0,0,-.077,.991,-.113,-.965,-.103,-.242,-.251,.09,.964);es="Linear";ed="In";};["006-offset"]={cf=cfr(0,0,0,-.019,-1,0,1,-.019,0,0,0,1);es="Linear";ed="In";};["000-offset.009"]={cf=cfr(0,0,0,-.528,-.573,.627,.706,-.706,-.051,.471,.416,.778);es="Linear";ed="In";};["000-offset.012"]={cf=cfr(0,0,0,-.64,-.549,-.538,.681,-.73,-.065,-.357,-.408,.841);es="Linear";ed="In";};["000-offset.001"]={cf=cfr(0,0,0,.901,.426,-.088,-.417,.903,.099,.122,-.053,.991);es="Linear";ed="In";};["000-offset.010"]={cf=cfr(0,0,0,.496,.868,0,-.868,.496,0,0,0,1);es="Linear";ed="In";};["000-offset.013"]={cf=cfr(0,0,0,.183,.983,0,-.983,.183,0,0,0,1);es="Linear";ed="In";};["000-offset.002"]={cf=cfr(0,0,0,.574,-.818,-.047,.803,.573,-.161,.158,.055,.986);es="Linear";ed="In";};["000-offset.011"]={cf=cfr(0,0,0,.385,-.911,.15,.92,.392,.024,-.081,.129,.988);es="Linear";ed="In";};["000-offset.014"]={cf=cfr(0,0,0,-.395,-.869,.299,.9,-.432,-.068,.188,.242,.952);es="Linear";ed="In";};["000-offset.006"]={cf=cfr(0,0,0,-.777,-.63,-.011,.341,-.436,.833,-.529,.643,.553);es="Linear";ed="In";};["000-offset.003"]={cf=cfr(0,0,0,-.572,-.659,-.489,.487,.207,-.849,.66,-.724,.203);es="Linear";ed="In";};["000-offset.007"]={cf=cfr(0,0,0,.846,-.533,0,.533,.846,0,0,0,1);es="Linear";ed="In";};["000-offset.004"]={cf=cfr(0,0,0,.784,-.621,0,.621,.784,0,0,0,1);es="Linear";ed="In";};["000-offset.008"]={cf=cfr(0,0,0,.898,-.389,-.206,.375,.921,-.104,.23,.016,.973);es="Linear";ed="In";};["000-offset.005"]={cf=cfr(0,0,0,.914,-.397,-.088,.394,.918,-.051,.101,.011,.995);es="Linear";ed="In";};};{tm=.167;["root"]={cf=cfr(.451,2.341,.127,0,0,1,0,1,0,-1,0,0);es="Linear";ed="In";};["000-offset"]={cf=cfr(0,0,0,-.062,.991,-.115,-.965,-.089,-.247,-.255,.095,.962);es="Linear";ed="In";};["006-offset"]={cf=cfr(0,0,0,-.021,-1,0,1,-.021,0,0,0,1);es="Linear";ed="In";};["000-offset.009"]={cf=cfr(0,0,0,-.542,-.557,.629,.686,-.726,-.052,.486,.403,.776);es="Linear";ed="In";};["000-offset.012"]={cf=cfr(0,0,0,-.636,-.56,-.53,.691,-.72,-.068,-.344,-.41,.845);es="Linear";ed="In";};["000-offset.001"]={cf=cfr(0,0,0,.902,.428,-.057,-.422,.902,.095,.092,-.062,.994);es="Linear";ed="In";};["000-offset.010"]={cf=cfr(0,0,0,.46,.888,0,-.888,.46,0,0,0,1);es="Linear";ed="In";};["000-offset.013"]={cf=cfr(0,0,0,.216,.976,0,-.976,.216,0,0,0,1);es="Linear";ed="In";};["000-offset.002"]={cf=cfr(0,0,0,.538,-.843,-.018,.836,.536,-.118,.109,.048,.993);es="Linear";ed="In";};["000-offset.011"]={cf=cfr(0,0,0,.434,-.888,.149,.897,.442,.023,-.086,.123,.989);es="Linear";ed="In";};["000-offset.014"]={cf=cfr(0,0,0,-.379,-.879,.29,.907,-.415,-.07,.182,.236,.955);es="Linear";ed="In";};["000-offset.006"]={cf=cfr(0,0,0,-.777,-.63,-.012,.342,-.437,.832,-.529,.642,.555);es="Linear";ed="In";};["000-offset.003"]={cf=cfr(0,0,0,-.62,-.616,-.487,.49,.18,-.853,.613,-.767,.19);es="Linear";ed="In";};["000-offset.007"]={cf=cfr(0,0,0,.866,-.499,0,.499,.866,0,0,0,1);es="Linear";ed="In";};["000-offset.004"]={cf=cfr(0,0,0,.788,-.616,0,.616,.788,0,0,0,1);es="Linear";ed="In";};["000-offset.008"]={cf=cfr(0,0,0,.917,-.342,-.203,.328,.939,-.101,.226,.026,.974);es="Linear";ed="In";};["000-offset.005"]={cf=cfr(0,0,0,.94,-.33,-.084,.326,.944,-.05,.096,.019,.995);es="Linear";ed="In";};};{tm=.208;["root"]={cf=cfr(.493,2.383,.183,0,0,1,0,1,0,-1,0,0);es="Linear";ed="In";};["000-offset"]={cf=cfr(0,0,0,-.047,.992,-.116,-.965,-.075,-.252,-.259,.1,.961);es="Linear";ed="In";};["006-offset"]={cf=cfr(0,0,0,-.023,-1,0,1,-.023,0,0,0,1);es="Linear";ed="In";};["000-offset.009"]={cf=cfr(0,0,0,-.557,-.538,.633,.661,-.749,-.054,.503,.388,.772);es="Linear";ed="In";};["000-offset.012"]={cf=cfr(0,0,0,-.631,-.574,-.521,.703,-.707,-.072,-.327,-.412,.85);es="Linear";ed="In";};["000-offset.001"]={cf=cfr(0,0,0,.903,.43,-.022,-.426,.9,.09,.059,-.072,.996);es="Linear";ed="In";};["000-offset.010"]={cf=cfr(0,0,0,.416,.909,0,-.909,.416,0,0,0,1);es="Linear";ed="In";};["000-offset.013"]={cf=cfr(0,0,0,.256,.967,0,-.967,.256,0,0,0,1);es="Linear";ed="In";};["000-offset.002"]={cf=cfr(0,0,0,.51,-.86,.008,.858,.508,-.072,.058,.043,.997);es="Linear";ed="In";};["000-offset.011"]={cf=cfr(0,0,0,.484,-.863,.147,.87,.492,.022,-.091,.118,.989);es="Linear";ed="In";};["000-offset.014"]={cf=cfr(0,0,0,-.36,-.89,.278,.917,-.393,-.073,.174,.229,.958);es="Linear";ed="In";};["000-offset.006"]={cf=cfr(0,0,0,-.777,-.63,-.012,.343,-.439,.83,-.528,.641,.557);es="Linear";ed="In";};["000-offset.003"]={cf=cfr(0,0,0,-.673,-.562,-.481,.488,.152,-.859,.556,-.813,.172);es="Linear";ed="In";};["000-offset.007"]={cf=cfr(0,0,0,.888,-.461,0,.461,.888,0,0,0,1);es="Linear";ed="In";};["000-offset.004"]={cf=cfr(0,0,0,.793,-.609,0,.609,.793,0,0,0,1);es="Linear";ed="In";};["000-offset.008"]={cf=cfr(0,0,0,.936,-.288,-.2,.274,.957,-.099,.22,.038,.975);es="Linear";ed="In";};["000-offset.005"]={cf=cfr(0,0,0,.963,-.257,-.081,.253,.966,-.05,.091,.028,.995);es="Linear";ed="In";};};{tm=.25;["root"]={cf=cfr(.536,2.425,.24,0,0,1,0,1,0,-1,0,0);es="Linear";ed="In";};["000-offset"]={cf=cfr(0,0,0,-.033,.992,-.118,-.965,-.062,-.256,-.262,.106,.959);es="Linear";ed="In";};["006-offset"]={cf=cfr(0,0,0,-.026,-1,0,1,-.026,0,0,0,1);es="Linear";ed="In";};["000-offset.009"]={cf=cfr(0,0,0,-.572,-.515,.638,.633,-.772,-.056,.522,.372,.768);es="Linear";ed="In";};["000-offset.012"]={cf=cfr(0,0,0,-.625,-.59,-.511,.717,-.693,-.078,-.308,-.415,.856);es="Linear";ed="In";};["000-offset.001"]={cf=cfr(0,0,0,.902,.431,.015,-.431,.898,.084,.023,-.083,.996);es="Linear";ed="In";};["000-offset.010"]={cf=cfr(0,0,0,.368,.93,0,-.93,.368,0,0,0,1);es="Linear";ed="In";};["000-offset.013"]={cf=cfr(0,0,0,.302,.953,0,-.953,.302,0,0,0,1);es="Linear";ed="In";};["000-offset.002"]={cf=cfr(0,0,0,.501,-.865,.029,.865,.501,-.029,.011,.04,.999);es="Linear";ed="In";};["000-offset.011"]={cf=cfr(0,0,0,.528,-.836,.146,.844,.537,.021,-.096,.112,.989);es="Linear";ed="In";};["000-offset.014"]={cf=cfr(0,0,0,-.337,-.903,.265,.927,-.368,-.075,.165,.22,.961);es="Linear";ed="In";};["000-offset.006"]={cf=cfr(0,0,0,-.777,-.629,-.013,.344,-.442,.829,-.527,.639,.56);es="Linear";ed="In";};["000-offset.003"]={cf=cfr(0,0,0,-.726,-.499,-.472,.479,.125,-.869,.493,-.857,.149);es="Linear";ed="In";};["000-offset.007"]={cf=cfr(0,0,0,.908,-.418,0,.418,.908,0,0,0,1);es="Linear";ed="In";};["000-offset.004"]={cf=cfr(0,0,0,.8,-.6,0,.6,.8,0,0,0,1);es="Linear";ed="In";};["000-offset.008"]={cf=cfr(0,0,0,.953,-.231,-.196,.216,.972,-.097,.213,.05,.976);es="Linear";ed="In";};["000-offset.005"]={cf=cfr(0,0,0,.98,-.185,-.078,.182,.982,-.052,.086,.037,.996);es="Linear";ed="In";};};{tm=.292;["root"]={cf=cfr(.564,2.467,.296,0,0,1,0,1,0,-1,0,0);es="Linear";ed="In";};["000-offset"]={cf=cfr(0,0,0,-.021,.992,-.121,-.965,-.052,-.258,-.263,.111,.958);es="Linear";ed="In";};["006-offset"]={cf=cfr(0,0,0,-.03,-1,0,1,-.03,0,0,0,1);es="Linear";ed="In";};["000-offset.009"]={cf=cfr(0,0,0,-.586,-.491,.645,.603,-.796,-.058,.541,.355,.762);es="Linear";ed="In";};["000-offset.012"]={cf=cfr(0,0,0,-.618,-.607,-.499,.732,-.676,-.084,-.286,-.418,.862);es="Linear";ed="In";};["000-offset.001"]={cf=cfr(0,0,0,.9,.432,.052,-.435,.897,.079,-.012,-.094,.996);es="Linear";ed="In";};["000-offset.010"]={cf=cfr(0,0,0,.316,.949,0,-.949,.316,0,0,0,1);es="Linear";ed="In";};["000-offset.013"]={cf=cfr(0,0,0,.354,.935,0,-.935,.354,0,0,0,1);es="Linear";ed="In";};["000-offset.002"]={cf=cfr(0,0,0,.513,-.857,.052,.857,.515,.015,-.039,.037,.999);es="Linear";ed="In";};["000-offset.011"]={cf=cfr(0,0,0,.563,-.814,.145,.821,.571,.02,-.099,.107,.989);es="Linear";ed="In";};["000-offset.014"]={cf=cfr(0,0,0,-.311,-.917,.25,.938,-.339,-.077,.155,.21,.965);es="Linear";ed="In";};["000-offset.006"]={cf=cfr(0,0,0,-.777,-.629,-.013,.345,-.444,.827,-.526,.638,.562);es="Linear";ed="In";};["000-offset.003"]={cf=cfr(0,0,0,-.777,-.431,-.458,.463,.102,-.881,.427,-.896,.121);es="Linear";ed="In";};["000-offset.007"]={cf=cfr(0,0,0,.927,-.374,0,.374,.927,0,0,0,1);es="Linear";ed="In";};["000-offset.004"]={cf=cfr(0,0,0,.807,-.591,0,.591,.807,0,0,0,1);es="Linear";ed="In";};["000-offset.008"]={cf=cfr(0,0,0,.966,-.173,-.193,.157,.983,-.095,.206,.062,.977);es="Linear";ed="In";};["000-offset.005"]={cf=cfr(0,0,0,.989,-.123,-.076,.119,.991,-.055,.082,.046,.996);es="Linear";ed="In";};};{tm=.333;["root"]={cf=cfr(.606,2.51,.352,0,0,1,0,1,0,-1,0,0);es="Linear";ed="In";};["000-offset"]={cf=cfr(0,0,0,-.013,.992,-.124,-.965,-.045,-.258,-.261,.116,.958);es="Linear";ed="In";};["006-offset"]={cf=cfr(0,0,0,-.033,-.999,0,.999,-.033,0,0,0,1);es="Linear";ed="In";};["000-offset.009"]={cf=cfr(0,0,0,-.598,-.465,.652,.572,-.818,-.059,.561,.338,.756);es="Linear";ed="In";};["000-offset.012"]={cf=cfr(0,0,0,-.609,-.626,-.487,.749,-.657,-.092,-.262,-.421,.869);es="Linear";ed="In";};["000-offset.001"]={cf=cfr(0,0,0,.898,.432,.086,-.438,.896,.074,-.045,-.104,.994);es="Linear";ed="In";};["000-offset.010"]={cf=cfr(0,0,0,.263,.965,0,-.965,.263,0,0,0,1);es="Linear";ed="In";};["000-offset.013"]={cf=cfr(0,0,0,.409,.913,0,-.913,.409,0,0,0,1);es="Linear";ed="In";};["000-offset.002"]={cf=cfr(0,0,0,.537,-.84,.081,.838,.542,.065,-.099,.032,.995);es="Linear";ed="In";};["000-offset.011"]={cf=cfr(0,0,0,.583,-.8,.143,.806,.591,.02,-.1,.104,.989);es="Linear";ed="In";};["000-offset.014"]={cf=cfr(0,0,0,-.282,-.93,.233,.948,-.307,-.078,.144,.199,.969);es="Linear";ed="In";};["000-offset.006"]={cf=cfr(0,0,0,-.778,-.628,-.013,.347,-.447,.825,-.524,.637,.565);es="Linear";ed="In";};["000-offset.003"]={cf=cfr(0,0,0,-.822,-.363,-.44,.441,.085,-.893,.362,-.928,.09);es="Linear";ed="In";};["000-offset.007"]={cf=cfr(0,0,0,.944,-.331,0,.331,.944,0,0,0,1);es="Linear";ed="In";};["000-offset.004"]={cf=cfr(0,0,0,.815,-.58,0,.58,.815,0,0,0,1);es="Linear";ed="In";};["000-offset.008"]={cf=cfr(0,0,0,.975,-.119,-.189,.103,.99,-.094,.199,.072,.977);es="Linear";ed="In";};["000-offset.005"]={cf=cfr(0,0,0,.994,-.078,-.076,.074,.995,-.06,.08,.054,.995);es="Linear";ed="In";};};{tm=.375;["root"]={cf=cfr(.634,2.538,.381,0,0,1,0,1,0,-1,0,0);es="Linear";ed="In";};["000-offset"]={cf=cfr(0,0,0,-.011,.992,-.128,-.966,-.043,-.253,-.257,.121,.959);es="Linear";ed="In";};["006-offset"]={cf=cfr(0,0,0,-.038,-.999,0,.999,-.038,0,0,0,1);es="Linear";ed="In";};["000-offset.009"]={cf=cfr(0,0,0,-.608,-.439,.661,.541,-.839,-.06,.581,.321,.748);es="Linear";ed="In";};["000-offset.012"]={cf=cfr(0,0,0,-.599,-.645,-.474,.765,-.636,-.101,-.236,-.423,.875);es="Linear";ed="In";};["000-offset.001"]={cf=cfr(0,0,0,.895,.431,.117,-.441,.895,.07,-.074,-.114,.991);es="Linear";ed="In";};["000-offset.010"]={cf=cfr(0,0,0,.212,.977,0,-.977,.212,0,0,0,1);es="Linear";ed="In";};["000-offset.013"]={cf=cfr(0,0,0,.467,.884,0,-.884,.467,0,0,0,1);es="Linear";ed="In";};["000-offset.002"]={cf=cfr(0,0,0,.568,-.815,.115,.808,.578,.113,-.159,.029,.987);es="Linear";ed="In";};["000-offset.011"]={cf=cfr(0,0,0,.593,-.793,.14,.799,.601,.02,-.1,.1,.99);es="Linear";ed="In";};["000-offset.014"]={cf=cfr(0,0,0,-.251,-.944,.216,.959,-.273,-.078,.132,.187,.973);es="Linear";ed="In";};["000-offset.006"]={cf=cfr(0,0,0,-.778,-.628,-.013,.348,-.449,.823,-.522,.636,.568);es="Linear";ed="In";};["000-offset.003"]={cf=cfr(0,0,0,-.858,-.298,-.418,.416,.076,-.906,.302,-.951,.059);es="Linear";ed="In";};["000-offset.007"]={cf=cfr(0,0,0,.957,-.291,0,.291,.957,0,0,0,1);es="Linear";ed="In";};["000-offset.004"]={cf=cfr(0,0,0,.823,-.568,0,.568,.823,0,0,0,1);es="Linear";ed="In";};["000-offset.008"]={cf=cfr(0,0,0,.98,-.072,-.186,.056,.994,-.094,.191,.081,.978);es="Linear";ed="In";};["000-offset.005"]={cf=cfr(0,0,0,.995,-.058,-.077,.053,.996,-.065,.081,.061,.995);es="Linear";ed="In";};};{tm=.417;["root"]={cf=cfr(.649,2.566,.395,0,0,1,0,1,0,-1,0,0);es="Linear";ed="In";};["000-offset"]={cf=cfr(0,0,0,-.017,.991,-.132,-.969,-.049,-.244,-.248,.124,.961);es="Linear";ed="In";};["006-offset"]={cf=cfr(0,0,0,-.042,-.999,0,.999,-.042,0,0,0,1);es="Linear";ed="In";};["000-offset.009"]={cf=cfr(0,0,0,-.615,-.414,.671,.511,-.857,-.06,.6,.306,.739);es="Linear";ed="In";};["000-offset.012"]={cf=cfr(0,0,0,-.587,-.665,-.461,.782,-.613,-.112,-.208,-.426,.88);es="Linear";ed="In";};["000-offset.001"]={cf=cfr(0,0,0,.892,.43,.141,-.442,.894,.068,-.096,-.123,.988);es="Linear";ed="In";};["000-offset.010"]={cf=cfr(0,0,0,.165,.986,0,-.986,.165,0,0,0,1);es="Linear";ed="In";};["000-offset.013"]={cf=cfr(0,0,0,.525,.851,0,-.851,.525,0,0,0,1);es="Linear";ed="In";};["000-offset.002"]={cf=cfr(0,0,0,.604,-.782,.154,.769,.622,.149,-.212,.029,.977);es="Linear";ed="In";};["000-offset.011"]={cf=cfr(0,0,0,.599,-.789,.134,.794,.607,.022,-.099,.094,.991);es="Linear";ed="In";};["000-offset.014"]={cf=cfr(0,0,0,-.217,-.956,.197,.969,-.236,-.076,.119,.175,.977);es="Linear";ed="In";};["000-offset.006"]={cf=cfr(0,0,0,-.779,-.627,-.013,.349,-.451,.821,-.521,.635,.571);es="Linear";ed="In";};["000-offset.003"]={cf=cfr(0,0,0,-.885,-.244,-.396,.39,.073,-.918,.253,-.967,.031);es="Linear";ed="In";};["000-offset.007"]={cf=cfr(0,0,0,.966,-.257,0,.257,.966,0,0,0,1);es="Linear";ed="In";};["000-offset.004"]={cf=cfr(0,0,0,.832,-.555,0,.555,.832,0,0,0,1);es="Linear";ed="In";};["000-offset.008"]={cf=cfr(0,0,0,.983,-.037,-.181,.02,.995,-.093,.184,.088,.979);es="Linear";ed="In";};["000-offset.005"]={cf=cfr(0,0,0,.995,-.057,-.079,.052,.996,-.072,.083,.067,.994);es="Linear";ed="In";};};{tm=.458;["root"]={cf=cfr(.649,2.594,.395,0,0,1,0,1,0,-1,0,0);es="Linear";ed="In";};["000-offset"]={cf=cfr(0,0,0,-.031,.99,-.137,-.972,-.062,-.229,-.235,.126,.964);es="Linear";ed="In";};["006-offset"]={cf=cfr(0,0,0,-.046,-.999,0,.999,-.046,0,0,0,1);es="Linear";ed="In";};["000-offset.009"]={cf=cfr(0,0,0,-.62,-.391,.681,.485,-.873,-.059,.617,.293,.73);es="Linear";ed="In";};["000-offset.012"]={cf=cfr(0,0,0,-.575,-.685,-.448,.799,-.589,-.124,-.179,-.428,.886);es="Linear";ed="In";};["000-offset.001"]={cf=cfr(0,0,0,.89,.429,.156,-.443,.894,.067,-.111,-.129,.985);es="Linear";ed="In";};["000-offset.010"]={cf=cfr(0,0,0,.125,.992,0,-.992,.125,0,0,0,1);es="Linear";ed="In";};["000-offset.013"]={cf=cfr(0,0,0,.584,.812,0,-.812,.584,0,0,0,1);es="Linear";ed="In";};["000-offset.002"]={cf=cfr(0,0,0,.643,-.741,.193,.723,.671,.164,-.251,.034,.967);es="Linear";ed="In";};["000-offset.011"]={cf=cfr(0,0,0,.602,-.788,.127,.793,.609,.024,-.096,.087,.992);es="Linear";ed="In";};["000-offset.014"]={cf=cfr(0,0,0,-.181,-.967,.178,.978,-.197,-.073,.106,.161,.981);es="Linear";ed="In";};["000-offset.006"]={cf=cfr(0,0,0,-.779,-.627,-.014,.35,-.454,.819,-.52,.634,.573);es="Linear";ed="In";};["000-offset.003"]={cf=cfr(0,0,0,-.904,-.206,-.376,.368,.076,-.927,.219,-.976,.007);es="Linear";ed="In";};["000-offset.007"]={cf=cfr(0,0,0,.974,-.226,0,.226,.974,0,0,0,1);es="Linear";ed="In";};["000-offset.004"]={cf=cfr(0,0,0,.841,-.541,0,.541,.841,0,0,0,1);es="Linear";ed="In";};["000-offset.008"]={cf=cfr(0,0,0,.984,-.007,-.176,-.01,.996,-.091,.176,.091,.98);es="Linear";ed="In";};["000-offset.005"]={cf=cfr(0,0,0,.995,-.063,-.081,.057,.995,-.078,.086,.073,.994);es="Linear";ed="In";};};{tm=.5;["root"]={cf=cfr(.649,2.608,.367,0,0,1,0,1,0,-1,0,0);es="Linear";ed="In";};["000-offset"]={cf=cfr(0,0,0,-.055,.988,-.142,-.975,-.084,-.206,-.216,.127,.968);es="Linear";ed="In";};["006-offset"]={cf=cfr(0,0,0,-.051,-.999,0,.999,-.051,0,0,0,1);es="Linear";ed="In";};["000-offset.009"]={cf=cfr(0,0,0,-.622,-.371,.69,.462,-.885,-.059,.632,.283,.721);es="Linear";ed="In";};["000-offset.012"]={cf=cfr(0,0,0,-.561,-.705,-.434,.815,-.564,-.137,-.149,-.43,.89);es="Linear";ed="In";};["000-offset.001"]={cf=cfr(0,0,0,.889,.428,.161,-.443,.894,.07,-.114,-.134,.984);es="Linear";ed="In";};["000-offset.010"]={cf=cfr(0,0,0,.094,.996,0,-.996,.094,0,0,0,1);es="Linear";ed="In";};["000-offset.013"]={cf=cfr(0,0,0,.641,.768,0,-.768,.641,0,0,0,1);es="Linear";ed="In";};["000-offset.002"]={cf=cfr(0,0,0,.687,-.691,.226,.676,.721,.151,-.267,.049,.962);es="Linear";ed="In";};["000-offset.011"]={cf=cfr(0,0,0,.601,-.79,.12,.793,.608,.026,-.094,.079,.992);es="Linear";ed="In";};["000-offset.014"]={cf=cfr(0,0,0,-.144,-.977,.159,.985,-.157,-.069,.092,.147,.985);es="Linear";ed="In";};["000-offset.006"]={cf=cfr(0,0,0,-.777,-.63,-.013,.354,-.454,.818,-.521,.631,.575);es="Linear";ed="In";};["000-offset.003"]={cf=cfr(0,0,0,-.917,-.179,-.357,.348,.082,-.934,.196,-.98,-.013);es="Linear";ed="In";};["000-offset.007"]={cf=cfr(0,0,0,.981,-.192,0,.192,.981,0,0,0,1);es="Linear";ed="In";};["000-offset.004"]={cf=cfr(0,0,0,.85,-.526,0,.526,.85,0,0,0,1);es="Linear";ed="In";};["000-offset.008"]={cf=cfr(0,0,0,.985,.025,-.17,-.04,.995,-.087,.167,.093,.982);es="Linear";ed="In";};["000-offset.005"]={cf=cfr(0,0,0,.994,-.075,-.084,.068,.994,-.084,.09,.078,.993);es="Linear";ed="In";};};{tm=.542;["root"]={cf=cfr(.62,2.608,.324,0,0,1,0,1,0,-1,0,0);es="Linear";ed="In";};["000-offset"]={cf=cfr(0,0,0,-.088,.985,-.147,-.978,-.113,-.177,-.192,.128,.973);es="Linear";ed="In";};["006-offset"]={cf=cfr(0,0,0,-.055,-.998,0,.998,-.055,0,0,0,1);es="Linear";ed="In";};["000-offset.009"]={cf=cfr(0,0,0,-.621,-.354,.699,.445,-.894,-.057,.645,.276,.713);es="Linear";ed="In";};["000-offset.012"]={cf=cfr(0,0,0,-.546,-.724,-.422,.83,-.538,-.151,-.117,-.432,.894);es="Linear";ed="In";};["000-offset.001"]={cf=cfr(0,0,0,.89,.429,.154,-.444,.893,.074,-.106,-.134,.985);es="Linear";ed="In";};["000-offset.010"]={cf=cfr(0,0,0,.074,.997,0,-.997,.074,0,0,0,1);es="Linear";ed="In";};["000-offset.013"]={cf=cfr(0,0,0,.696,.718,0,-.718,.696,0,0,0,1);es="Linear";ed="In";};["000-offset.002"]={cf=cfr(0,0,0,.737,-.626,.254,.621,.776,.112,-.267,.075,.961);es="Linear";ed="In";};["000-offset.011"]={cf=cfr(0,0,0,.598,-.794,.113,.797,.604,.028,-.09,.073,.993);es="Linear";ed="In";};["000-offset.014"]={cf=cfr(0,0,0,-.106,-.984,.141,.991,-.116,-.063,.078,.133,.988);es="Linear";ed="In";};["000-offset.006"]={cf=cfr(0,0,0,-.774,-.633,-.013,.357,-.454,.817,-.523,.628,.577);es="Linear";ed="In";};["000-offset.003"]={cf=cfr(0,0,0,-.928,-.156,-.337,.326,.092,-.941,.178,-.983,-.034);es="Linear";ed="In";};["000-offset.007"]={cf=cfr(0,0,0,.987,-.158,0,.158,.987,0,0,0,1);es="Linear";ed="In";};["000-offset.004"]={cf=cfr(0,0,0,.86,-.511,0,.511,.86,0,0,0,1);es="Linear";ed="In";};["000-offset.008"]={cf=cfr(0,0,0,.985,.056,-.163,-.07,.994,-.083,.157,.093,.983);es="Linear";ed="In";};["000-offset.005"]={cf=cfr(0,0,0,.992,-.093,-.087,.085,.992,-.091,.095,.083,.992);es="Linear";ed="In";};};{tm=.583;["root"]={cf=cfr(.592,2.623,.268,0,0,1,0,1,0,-1,0,0);es="Linear";ed="In";};["000-offset"]={cf=cfr(0,0,0,-.127,.98,-.15,-.978,-.149,-.143,-.163,.128,.978);es="Linear";ed="In";};["006-offset"]={cf=cfr(0,0,0,-.06,-.998,0,.998,-.06,0,0,0,1);es="Linear";ed="In";};["000-offset.009"]={cf=cfr(0,0,0,-.618,-.341,.708,.432,-.9,-.056,.657,.271,.704);es="Linear";ed="In";};["000-offset.012"]={cf=cfr(0,0,0,-.531,-.742,-.409,.843,-.511,-.166,-.086,-.433,.897);es="Linear";ed="In";};["000-offset.001"]={cf=cfr(0,0,0,.892,.43,.136,-.443,.893,.079,-.088,-.131,.988);es="Linear";ed="In";};["000-offset.010"]={cf=cfr(0,0,0,.068,.998,0,-.998,.068,0,0,0,1);es="Linear";ed="In";};["000-offset.013"]={cf=cfr(0,0,0,.746,.665,0,-.665,.746,0,0,0,1);es="Linear";ed="In";};["000-offset.002"]={cf=cfr(0,0,0,.792,-.542,.279,.552,.832,.051,-.26,.114,.959);es="Linear";ed="In";};["000-offset.011"]={cf=cfr(0,0,0,.591,-.8,.107,.802,.597,.029,-.087,.069,.994);es="Linear";ed="In";};["000-offset.014"]={cf=cfr(0,0,0,-.068,-.99,.122,.996,-.075,-.055,.064,.118,.991);es="Linear";ed="In";};["000-offset.006"]={cf=cfr(0,0,0,-.774,-.633,-.015,.358,-.457,.815,-.522,.625,.58);es="Linear";ed="In";};["000-offset.003"]={cf=cfr(0,0,0,-.938,-.138,-.317,.304,.104,-.947,.164,-.985,-.056);es="Linear";ed="In";};["000-offset.007"]={cf=cfr(0,0,0,.992,-.125,0,.125,.992,0,0,0,1);es="Linear";ed="In";};["000-offset.004"]={cf=cfr(0,0,0,.869,-.494,0,.494,.869,0,0,0,1);es="Linear";ed="In";};["000-offset.008"]={cf=cfr(0,0,0,.984,.085,-.155,-.098,.992,-.078,.147,.092,.985);es="Linear";ed="In";};["000-offset.005"]={cf=cfr(0,0,0,.989,-.114,-.09,.105,.99,-.098,.1,.088,.991);es="Linear";ed="In";};};{tm=.625;["root"]={cf=cfr(.55,2.637,.211,0,0,1,0,1,0,-1,0,0);es="Linear";ed="In";};["000-offset"]={cf=cfr(0,0,0,-.173,.974,-.15,-.976,-.189,-.104,-.13,.128,.983);es="Linear";ed="In";};["006-offset"]={cf=cfr(0,0,0,-.065,-.998,0,.998,-.065,0,0,0,1);es="Linear";ed="In";};["000-offset.009"]={cf=cfr(0,0,0,-.613,-.329,.718,.42,-.906,-.056,.669,.268,.693);es="Linear";ed="In";};["000-offset.012"]={cf=cfr(0,0,0,-.515,-.759,-.398,.856,-.485,-.182,-.055,-.434,.899);es="Linear";ed="In";};["000-offset.001"]={cf=cfr(0,0,0,.895,.432,.109,-.441,.893,.084,-.061,-.124,.99);es="Linear";ed="In";};["000-offset.010"]={cf=cfr(0,0,0,.077,.997,0,-.997,.077,0,0,0,1);es="Linear";ed="In";};["000-offset.013"]={cf=cfr(0,0,0,.793,.609,0,-.609,.793,0,0,0,1);es="Linear";ed="In";};["000-offset.002"]={cf=cfr(0,0,0,.847,-.444,.293,.471,.882,-.027,-.246,.16,.956);es="Linear";ed="In";};["000-offset.011"]={cf=cfr(0,0,0,.582,-.807,.103,.809,.587,.028,-.083,.067,.994);es="Linear";ed="In";};["000-offset.014"]={cf=cfr(0,0,0,-.029,-.994,.105,.998,-.034,-.046,.05,.103,.993);es="Linear";ed="In";};["000-offset.006"]={cf=cfr(0,0,0,-.776,-.631,-.014,.36,-.46,.812,-.519,.625,.583);es="Linear";ed="In";};["000-offset.003"]={cf=cfr(0,0,0,-.947,-.125,-.296,.282,.119,-.952,.154,-.985,-.077);es="Linear";ed="In";};["000-offset.007"]={cf=cfr(0,0,0,.996,-.093,0,.093,.996,0,0,0,1);es="Linear";ed="In";};["000-offset.004"]={cf=cfr(0,0,0,.879,-.477,0,.477,.879,0,0,0,1);es="Linear";ed="In";};["000-offset.008"]={cf=cfr(0,0,0,.983,.109,-.146,-.121,.99,-.074,.136,.091,.987);es="Linear";ed="In";};["000-offset.005"]={cf=cfr(0,0,0,.986,-.139,-.092,.129,.986,-.106,.106,.092,.99);es="Linear";ed="In";};};{tm=.667;["root"]={cf=cfr(.508,2.637,.127,0,0,1,0,1,0,-1,0,0);es="Linear";ed="In";};["000-offset"]={cf=cfr(0,0,0,-.222,.964,-.146,-.971,-.233,-.063,-.095,.128,.987);es="Linear";ed="In";};["006-offset"]={cf=cfr(0,0,0,-.069,-.998,0,.998,-.069,0,0,0,1);es="Linear";ed="In";};["000-offset.009"]={cf=cfr(0,0,0,-.606,-.317,.729,.41,-.91,-.055,.681,.266,.682);es="Linear";ed="In";};["000-offset.012"]={cf=cfr(0,0,0,-.499,-.775,-.387,.866,-.458,-.198,-.024,-.435,.9);es="Linear";ed="In";};["000-offset.001"]={cf=cfr(0,0,0,.898,.433,.076,-.439,.894,.091,-.028,-.115,.993);es="Linear";ed="In";};["000-offset.010"]={cf=cfr(0,0,0,.099,.995,0,-.995,.099,0,0,0,1);es="Linear";ed="In";};["000-offset.013"]={cf=cfr(0,0,0,.835,.551,0,-.551,.835,0,0,0,1);es="Linear";ed="In";};["000-offset.002"]={cf=cfr(0,0,0,.896,-.336,.289,.381,.918,-.112,-.228,.211,.951);es="Linear";ed="In";};["000-offset.011"]={cf=cfr(0,0,0,.57,-.815,.103,.818,.575,.024,-.079,.07,.994);es="Linear";ed="In";};["000-offset.014"]={cf=cfr(0,0,0,.009,-.996,.088,.999,.006,-.036,.035,.089,.995);es="Linear";ed="In";};["000-offset.006"]={cf=cfr(0,0,0,-.783,-.622,-.015,.357,-.468,.809,-.51,.628,.588);es="Linear";ed="In";};["000-offset.003"]={cf=cfr(0,0,0,-.954,-.116,-.276,.261,.134,-.956,.147,-.984,-.098);es="Linear";ed="In";};["000-offset.007"]={cf=cfr(0,0,0,.998,-.063,0,.063,.998,0,0,0,1);es="Linear";ed="In";};["000-offset.004"]={cf=cfr(0,0,0,.888,-.46,0,.46,.888,0,0,0,1);es="Linear";ed="In";};["000-offset.008"]={cf=cfr(0,0,0,.982,.127,-.137,-.137,.988,-.072,.126,.089,.988);es="Linear";ed="In";};["000-offset.005"]={cf=cfr(0,0,0,.981,-.167,-.094,.156,.981,-.114,.111,.097,.989);es="Linear";ed="In";};};{tm=.708;["root"]={cf=cfr(.465,2.651,.056,0,0,1,0,1,0,-1,0,0);es="Linear";ed="In";};["000-offset"]={cf=cfr(0,0,0,-.273,.952,-.138,-.96,-.278,-.02,-.058,.127,.99);es="Linear";ed="In";};["006-offset"]={cf=cfr(0,0,0,-.073,-.997,0,.997,-.073,0,0,0,1);es="Linear";ed="In";};["000-offset.009"]={cf=cfr(0,0,0,-.596,-.31,.741,.404,-.913,-.057,.694,.265,.67);es="Linear";ed="In";};["000-offset.012"]={cf=cfr(0,0,0,-.483,-.79,-.378,.876,-.433,-.215,.007,-.435,.901);es="Linear";ed="In";};["000-offset.001"]={cf=cfr(0,0,0,.9,.434,.038,-.435,.895,.098,.009,-.105,.994);es="Linear";ed="In";};["000-offset.010"]={cf=cfr(0,0,0,.133,.991,0,-.991,.133,0,0,0,1);es="Linear";ed="In";};["000-offset.013"]={cf=cfr(0,0,0,.871,.492,0,-.492,.871,0,0,0,1);es="Linear";ed="In";};["000-offset.002"]={cf=cfr(0,0,0,.936,-.23,.266,.286,.938,-.197,-.204,.26,.944);es="Linear";ed="In";};["000-offset.011"]={cf=cfr(0,0,0,.555,-.825,.107,.828,.56,.018,-.075,.079,.994);es="Linear";ed="In";};["000-offset.014"]={cf=cfr(0,0,0,.046,-.996,.073,.999,.044,-.025,.021,.074,.997);es="Linear";ed="In";};["000-offset.006"]={cf=cfr(0,0,0,-.796,-.606,-.016,.35,-.481,.804,-.494,.634,.594);es="Linear";ed="In";};["000-offset.003"]={cf=cfr(0,0,0,-.96,-.111,-.258,.241,.149,-.959,.145,-.983,-.117);es="Linear";ed="In";};["000-offset.007"]={cf=cfr(0,0,0,.999,-.038,0,.038,.999,0,0,0,1);es="Linear";ed="In";};["000-offset.004"]={cf=cfr(0,0,0,.897,-.442,0,.442,.897,0,0,0,1);es="Linear";ed="In";};["000-offset.008"]={cf=cfr(0,0,0,.982,.136,-.128,-.146,.987,-.07,.116,.088,.989);es="Linear";ed="In";};["000-offset.005"]={cf=cfr(0,0,0,.976,-.196,-.096,.184,.975,-.122,.118,.102,.988);es="Linear";ed="In";};};{tm=.75;["root"]={cf=cfr(.423,2.651,-.014,0,0,1,0,1,0,-1,0,0);es="Linear";ed="In";};["000-offset"]={cf=cfr(0,0,0,-.324,.938,-.125,-.946,-.324,.022,-.02,.126,.992);es="Linear";ed="In";};["006-offset"]={cf=cfr(0,0,0,-.077,-.997,0,.997,-.077,0,0,0,1);es="Linear";ed="In";};["000-offset.009"]={cf=cfr(0,0,0,-.586,-.302,.752,.398,-.916,-.058,.706,.265,.657);es="Linear";ed="In";};["000-offset.012"]={cf=cfr(0,0,0,-.468,-.803,-.369,.883,-.408,-.232,.036,-.434,.9);es="Linear";ed="In";};["000-offset.001"]={cf=cfr(0,0,0,.901,.434,-.002,-.431,.896,.107,.048,-.095,.994);es="Linear";ed="In";};["000-offset.010"]={cf=cfr(0,0,0,.176,.984,0,-.984,.176,0,0,0,1);es="Linear";ed="In";};["000-offset.013"]={cf=cfr(0,0,0,.901,.433,0,-.433,.901,0,0,0,1);es="Linear";ed="In";};["000-offset.002"]={cf=cfr(0,0,0,.965,-.132,.226,.193,.943,-.271,-.177,.305,.936);es="Linear";ed="In";};["000-offset.011"]={cf=cfr(0,0,0,.538,-.835,.117,.84,.543,.009,-.071,.093,.993);es="Linear";ed="In";};["000-offset.014"]={cf=cfr(0,0,0,.082,-.995,.059,.997,.081,-.013,.008,.06,.998);es="Linear";ed="In";};["000-offset.006"]={cf=cfr(0,0,0,-.815,-.579,-.017,.337,-.498,.799,-.471,.645,.601);es="Linear";ed="In";};["000-offset.003"]={cf=cfr(0,0,0,-.964,-.109,-.242,.223,.164,-.961,.145,-.98,-.134);es="Linear";ed="In";};["000-offset.007"]={cf=cfr(0,0,0,1,-.019,0,.019,1,0,0,0,1);es="Linear";ed="In";};["000-offset.004"]={cf=cfr(0,0,0,.906,-.424,0,.424,.906,0,0,0,1);es="Linear";ed="In";};["000-offset.008"]={cf=cfr(0,0,0,.984,.136,-.119,-.145,.987,-.071,.108,.088,.99);es="Linear";ed="In";};["000-offset.005"]={cf=cfr(0,0,0,.969,-.226,-.097,.213,.968,-.131,.124,.106,.987);es="Linear";ed="In";};};{tm=.792;["root"]={cf=cfr(.367,2.651,-.099,0,0,1,0,1,0,-1,0,0);es="Linear";ed="In";};["000-offset"]={cf=cfr(0,0,0,-.374,.921,-.109,-.927,-.369,.061,.016,.124,.992);es="Linear";ed="In";};["006-offset"]={cf=cfr(0,0,0,-.081,-.997,0,.997,-.081,0,0,0,1);es="Linear";ed="In";};["000-offset.009"]={cf=cfr(0,0,0,-.577,-.294,.762,.392,-.918,-.057,.717,.266,.645);es="Linear";ed="In";};["000-offset.012"]={cf=cfr(0,0,0,-.454,-.815,-.361,.889,-.385,-.249,.064,-.433,.899);es="Linear";ed="In";};["000-offset.001"]={cf=cfr(0,0,0,.9,.433,-.042,-.426,.897,.116,.088,-.087,.992);es="Linear";ed="In";};["000-offset.010"]={cf=cfr(0,0,0,.226,.974,0,-.974,.226,0,0,0,1);es="Linear";ed="In";};["000-offset.013"]={cf=cfr(0,0,0,.926,.376,0,-.376,.926,0,0,0,1);es="Linear";ed="In";};["000-offset.002"]={cf=cfr(0,0,0,.984,-.051,.174,.106,.939,-.328,-.146,.341,.929);es="Linear";ed="In";};["000-offset.011"]={cf=cfr(0,0,0,.512,-.848,.138,.856,.516,-.007,-.065,.121,.99);es="Linear";ed="In";};["000-offset.014"]={cf=cfr(0,0,0,.115,-.992,.047,.993,.115,-.001,-.005,.047,.999);es="Linear";ed="In";};["000-offset.006"]={cf=cfr(0,0,0,-.838,-.545,-.017,.32,-.516,.795,-.442,.661,.607);es="Linear";ed="In";};["000-offset.003"]={cf=cfr(0,0,0,-.967,-.111,-.228,.207,.177,-.962,.148,-.978,-.148);es="Linear";ed="In";};["000-offset.007"]={cf=cfr(0,0,0,1,-.005,0,.005,1,0,0,0,1);es="Linear";ed="In";};["000-offset.004"]={cf=cfr(0,0,0,.914,-.406,0,.406,.914,0,0,0,1);es="Linear";ed="In";};["000-offset.008"]={cf=cfr(0,0,0,.986,.124,-.111,-.132,.988,-.075,.101,.088,.991);es="Linear";ed="In";};["000-offset.005"]={cf=cfr(0,0,0,.962,-.256,-.097,.241,.96,-.14,.129,.111,.985);es="Linear";ed="In";};};{tm=.833;["root"]={cf=cfr(.324,2.651,-.169,0,0,1,0,1,0,-1,0,0);es="Linear";ed="In";};["000-offset"]={cf=cfr(0,0,0,-.42,.903,-.089,-.906,-.412,.098,.052,.121,.991);es="Linear";ed="In";};["006-offset"]={cf=cfr(0,0,0,-.085,-.996,0,.996,-.085,0,0,0,1);es="Linear";ed="In";};["000-offset.009"]={cf=cfr(0,0,0,-.568,-.285,.772,.387,-.921,-.056,.727,.267,.633);es="Linear";ed="In";};["000-offset.012"]={cf=cfr(0,0,0,-.442,-.825,-.353,.893,-.365,-.265,.09,-.432,.897);es="Linear";ed="In";};["000-offset.001"]={cf=cfr(0,0,0,.898,.432,-.079,-.421,.898,.128,.126,-.082,.989);es="Linear";ed="In";};["000-offset.010"]={cf=cfr(0,0,0,.281,.96,0,-.96,.281,0,0,0,1);es="Linear";ed="In";};["000-offset.013"]={cf=cfr(0,0,0,.947,.323,0,-.323,.947,0,0,0,1);es="Linear";ed="In";};["000-offset.002"]={cf=cfr(0,0,0,.993,.01,.118,.034,.931,-.363,-.113,.364,.924);es="Linear";ed="In";};["000-offset.011"]={cf=cfr(0,0,0,.473,-.864,.174,.879,.476,-.027,-.059,.166,.984);es="Linear";ed="In";};["000-offset.014"]={cf=cfr(0,0,0,.146,-.989,.036,.989,.147,.012,-.017,.034,.999);es="Linear";ed="In";};["000-offset.006"]={cf=cfr(0,0,0,-.864,-.503,-.016,.297,-.534,.792,-.407,.679,.611);es="Linear";ed="In";};["000-offset.003"]={cf=cfr(0,0,0,-.969,-.117,-.218,.194,.188,-.963,.153,-.975,-.159);es="Linear";ed="In";};["000-offset.007"]={cf=cfr(0,0,0,1,0,0,0,1,0,0,0,1);es="Linear";ed="In";};["000-offset.004"]={cf=cfr(0,0,0,.922,-.387,0,.387,.922,0,0,0,1);es="Linear";ed="In";};["000-offset.008"]={cf=cfr(0,0,0,.99,.098,-.104,-.106,.991,-.081,.095,.091,.991);es="Linear";ed="In";};["000-offset.005"]={cf=cfr(0,0,0,.954,-.284,-.097,.268,.952,-.15,.135,.117,.984);es="Linear";ed="In";};};{tm=.875;["root"]={cf=cfr(.282,2.651,-.254,0,0,1,0,1,0,-1,0,0);es="Linear";ed="In";};["000-offset"]={cf=cfr(0,0,0,-.462,.884,-.067,-.883,-.451,.13,.085,.119,.989);es="Linear";ed="In";};["006-offset"]={cf=cfr(0,0,0,-.087,-.996,0,.996,-.087,0,0,0,1);es="Linear";ed="In";};["000-offset.009"]={cf=cfr(0,0,0,-.56,-.277,.781,.382,-.923,-.053,.736,.268,.622);es="Linear";ed="In";};["000-offset.012"]={cf=cfr(0,0,0,-.431,-.833,-.347,.895,-.346,-.28,.113,-.431,.895);es="Linear";ed="In";};["000-offset.001"]={cf=cfr(0,0,0,.895,.432,-.11,-.416,.898,.141,.16,-.081,.984);es="Linear";ed="In";};["000-offset.010"]={cf=cfr(0,0,0,.338,.941,0,-.941,.338,0,0,0,1);es="Linear";ed="In";};["000-offset.013"]={cf=cfr(0,0,0,.962,.273,0,-.273,.962,0,0,0,1);es="Linear";ed="In";};["000-offset.002"]={cf=cfr(0,0,0,.997,.047,.066,-.019,.928,-.373,-.079,.37,.926);es="Linear";ed="In";};["000-offset.011"]={cf=cfr(0,0,0,.425,-.878,.22,.904,.425,-.048,-.051,.219,.974);es="Linear";ed="In";};["000-offset.014"]={cf=cfr(0,0,0,.175,-.984,.027,.984,.175,.024,-.029,.022,.999);es="Linear";ed="In";};["000-offset.006"]={cf=cfr(0,0,0,-.89,-.455,-.014,.269,-.551,.79,-.367,.699,.613);es="Linear";ed="In";};["000-offset.003"]={cf=cfr(0,0,0,-.97,-.124,-.211,.185,.196,-.963,.161,-.973,-.167);es="Linear";ed="In";};["000-offset.007"]={cf=cfr(0,0,0,1,-.002,0,.002,1,0,0,0,1);es="Linear";ed="In";};["000-offset.004"]={cf=cfr(0,0,0,.929,-.369,0,.369,.929,0,0,0,1);es="Linear";ed="In";};["000-offset.008"]={cf=cfr(0,0,0,.994,.056,-.097,-.065,.994,-.09,.092,.096,.991);es="Linear";ed="In";};["000-offset.005"]={cf=cfr(0,0,0,.946,-.311,-.096,.294,.943,-.159,.14,.123,.983);es="Linear";ed="In";};};{tm=.917;["root"]={cf=cfr(.254,2.651,-.31,0,0,1,0,1,0,-1,0,0);es="Linear";ed="In";};["000-offset"]={cf=cfr(0,0,0,-.498,.866,-.044,-.86,-.487,.156,.114,.116,.987);es="Linear";ed="In";};["006-offset"]={cf=cfr(0,0,0,-.09,-.996,0,.996,-.09,0,0,0,1);es="Linear";ed="In";};["000-offset.009"]={cf=cfr(0,0,0,-.553,-.269,.789,.378,-.925,-.051,.743,.27,.613);es="Linear";ed="In";};["000-offset.012"]={cf=cfr(0,0,0,-.422,-.84,-.341,.896,-.331,-.295,.135,-.43,.893);es="Linear";ed="In";};["000-offset.001"]={cf=cfr(0,0,0,.892,.432,-.134,-.412,.898,.157,.188,-.085,.978);es="Linear";ed="In";};["000-offset.010"]={cf=cfr(0,0,0,.395,.919,0,-.919,.395,0,0,0,1);es="Linear";ed="In";};["000-offset.013"]={cf=cfr(0,0,0,.973,.23,0,-.23,.973,0,0,0,1);es="Linear";ed="In";};["000-offset.002"]={cf=cfr(0,0,0,.998,.059,.024,-.047,.933,-.357,-.043,.356,.934);es="Linear";ed="In";};["000-offset.011"]={cf=cfr(0,0,0,.372,-.887,.272,.927,.369,-.064,-.044,.276,.96);es="Linear";ed="In";};["000-offset.014"]={cf=cfr(0,0,0,.2,-.98,.019,.979,.2,.036,-.039,.012,.999);es="Linear";ed="In";};["000-offset.006"]={cf=cfr(0,0,0,-.916,-.401,-.013,.237,-.566,.789,-.324,.72,.614);es="Linear";ed="In";};["000-offset.003"]={cf=cfr(0,0,0,-.968,-.132,-.213,.184,.202,-.962,.17,-.97,-.171);es="Linear";ed="In";};["000-offset.007"]={cf=cfr(0,0,0,1,-.011,0,.011,1,0,0,0,1);es="Linear";ed="In";};["000-offset.004"]={cf=cfr(0,0,0,.936,-.351,0,.351,.936,0,0,0,1);es="Linear";ed="In";};["000-offset.008"]={cf=cfr(0,0,0,.996,-.001,-.09,-.008,.995,-.101,.089,.102,.991);es="Linear";ed="In";};["000-offset.005"]={cf=cfr(0,0,0,.938,-.335,-.094,.316,.933,-.169,.145,.129,.981);es="Linear";ed="In";};};{tm=.958;["root"]={cf=cfr(.226,2.665,-.367,0,0,1,0,1,0,-1,0,0);es="Linear";ed="In";};["000-offset"]={cf=cfr(0,0,0,-.528,.849,-.023,-.838,-.516,.177,.139,.113,.984);es="Linear";ed="In";};["006-offset"]={cf=cfr(0,0,0,-.092,-.996,0,.996,-.092,0,0,0,1);es="Linear";ed="In";};["000-offset.009"]={cf=cfr(0,0,0,-.548,-.262,.795,.375,-.926,-.048,.748,.272,.605);es="Linear";ed="In";};["000-offset.012"]={cf=cfr(0,0,0,-.416,-.845,-.336,.896,-.319,-.308,.153,-.429,.89);es="Linear";ed="In";};["000-offset.001"]={cf=cfr(0,0,0,.888,.435,-.148,-.409,.895,.176,.209,-.096,.973);es="Linear";ed="In";};["000-offset.010"]={cf=cfr(0,0,0,.45,.893,0,-.893,.45,0,0,0,1);es="Linear";ed="In";};["000-offset.013"]={cf=cfr(0,0,0,.981,.192,0,-.192,.981,0,0,0,1);es="Linear";ed="In";};["000-offset.002"]={cf=cfr(0,0,0,.999,.046,-.014,-.048,.948,-.315,-.001,.316,.949);es="Linear";ed="In";};["000-offset.011"]={cf=cfr(0,0,0,.321,-.89,.324,.946,.315,-.073,-.037,.33,.943);es="Linear";ed="In";};["000-offset.014"]={cf=cfr(0,0,0,.221,-.975,.013,.974,.221,.047,-.048,.002,.999);es="Linear";ed="In";};["000-offset.006"]={cf=cfr(0,0,0,-.939,-.343,-.012,.201,-.578,.791,-.278,.74,.612);es="Linear";ed="In";};["000-offset.003"]={cf=cfr(0,0,0,-.966,-.143,-.215,.184,.203,-.962,.181,-.969,-.17);es="Linear";ed="In";};["000-offset.007"]={cf=cfr(0,0,0,1,-.025,0,.025,1,0,0,0,1);es="Linear";ed="In";};["000-offset.004"]={cf=cfr(0,0,0,.943,-.334,0,.334,.943,0,0,0,1);es="Linear";ed="In";};["000-offset.008"]={cf=cfr(0,0,0,.994,-.069,-.081,.06,.992,-.114,.088,.109,.99);es="Linear";ed="In";};["000-offset.005"]={cf=cfr(0,0,0,.93,-.355,-.092,.335,.925,-