local cfr = CFrame.new

return {{tm=0;["LeftUpperArm"]={cf=cfr(0,0,0,.952,.081,-.296,-.079,.997,.018,.296,.006,.955);es="Quad";ed="InOut";};["Head"]={cf=cfr(0,0,0,.871,-.257,.419,-.028,.826,.563,-.491,-.502,.712);es="Linear";ed="In";};["RightUpperArm"]={cf=cfr(-.078,.118,-.094,.684,-.574,-.45,.635,.166,.754,-.358,-.802,.478);es="Quad";ed="InOut";};["LeftUpperLeg"]={cf=cfr(0,0,0,.86,.424,.284,-.113,.701,-.704,-.497,.574,.651);es="Quad";ed="InOut";};["RightUpperLeg"]={cf=cfr(0,0,0,.98,.01,-.2,-.115,.847,-.519,.165,.531,.831);es="Quad";ed="InOut";};["UpperTorso"]={cf=cfr(0,0,-.015,.948,-.079,-.308,.209,.885,.416,.24,-.459,.856);es="Quad";ed="InOut";};["LeftLowerArm"]={cf=cfr(0,0,0,1,0,0,0,.866,-.5,0,.5,.866);es="Quad";ed="InOut";};["LeftFoot"]={cf=cfr(0,0,0,1,0,0,0,1,0,0,0,1);es="Quad";ed="InOut";};["LeftLowerLeg"]={cf=cfr(0,0,0,1,0,0,0,-.342,.94,0,-.94,-.342);es="Quad";ed="InOut";};["RightLowerArm"]={cf=cfr(0,0,0,1,0,0,0,.766,-.643,0,.643,.766);es="Quad";ed="InOut";};["LowerTorso"]={cf=cfr(0,-1.629,.468,.939,-.025,-.344,-.322,.291,-.901,.123,.956,.265);es="Quad";ed="InOut";};["RightFoot"]={cf=cfr(0,0,0,1,0,0,0,1,0,0,0,1);es="Quad";ed="InOut";};["RightLowerLeg"]={cf=cfr(0,0,0,1,0,0,0,.866,.5,0,-.5,.866);es="Quad";ed="InOut";};["LeftHand"]={cf=cfr(0,0,0,1,0,0,0,1,0,0,0,1);es="Quad";ed="InOut";};["RightHand"]={cf=cfr(0,0,0,1,0,0,0,1,0,0,0,1);es="Quad";ed="InOut";};};{tm=.017;["RightUpperArm"]={cf=cfr(-.078,.118,-.093,.684,-.574,-.45,.636,.167,.754,-.358,-.802,.479);es="Linear";ed="In";};["LeftUpperArm"]={cf=cfr(0,0,0,.952,.082,-.296,-.08,.997,.019,.296,.006,.955);es="Linear";ed="In";};["UpperTorso"]={cf=cfr(0,0,-.015,.948,-.079,-.308,.209,.885,.416,.239,-.459,.856);es="Linear";ed="In";};["RightUpperLeg"]={cf=cfr(0,0,0,.98,.01,-.2,-.115,.847,-.518,.165,.531,.831);es="Linear";ed="In";};["LeftUpperLeg"]={cf=cfr(0,0,0,.86,.424,.284,-.113,.701,-.704,-.497,.574,.651);es="Linear";ed="In";};["LeftLowerArm"]={cf=cfr(0,0,0,1,0,0,0,.866,-.5,0,.5,.866);es="Linear";ed="In";};["LeftFoot"]={cf=cfr(0,0,0,1,0,0,0,1,0,0,0,1);es="Linear";ed="In";};["LeftLowerLeg"]={cf=cfr(0,0,0,1,0,0,0,-.342,.94,0,-.94,-.342);es="Linear";ed="In";};["RightLowerArm"]={cf=cfr(0,0,0,1,0,0,0,.766,-.643,0,.643,.766);es="Linear";ed="In";};["LowerTorso"]={cf=cfr(0,-1.629,.469,.939,-.025,-.344,-.322,.292,-.901,.123,.956,.266);es="Linear";ed="In";};["RightFoot"]={cf=cfr(0,0,0,1,0,0,0,1,0,0,0,1);es="Linear";ed="In";};["RightLowerLeg"]={cf=cfr(0,0,0,1,0,0,0,.866,.5,0,-.5,.866);es="Linear";ed="In";};["LeftHand"]={cf=cfr(0,0,0,1,0,0,0,1,0,0,0,1);es="Linear";ed="In";};["RightHand"]={cf=cfr(0,0,0,1,0,0,0,1,0,0,0,1);es="Linear";ed="In";};};{tm=.033;["RightUpperArm"]={cf=cfr(-.078,.118,-.093,.683,-.575,-.45,.637,.168,.753,-.357,-.801,.481);es="Linear";ed="In";};["LeftUpperArm"]={cf=cfr(.001,0,0,.952,.084,-.295,-.082,.996,.019,.296,.006,.955);es="Linear";ed="In";};["UpperTorso"]={cf=cfr(0,0,-.015,.948,-.079,-.307,.209,.885,.416,.239,-.459,.856);es="Linear";ed="In";};["RightUpperLeg"]={cf=cfr(0,0,0,.98,.01,-.201,-.115,.848,-.518,.165,.53,.832);es="Linear";ed="In";};["LeftUpperLeg"]={cf=cfr(0,0,0,.86,.423,.284,-.112,.701,-.705,-.498,.574,.65);es="Linear";ed="In";};["LeftLowerArm"]={cf=cfr(0,0,0,1,0,0,0,.866,-.5,0,.5,.866);es="Linear";ed="In";};["LeftFoot"]={cf=cfr(0,0,0,1,0,0,0,1,0,0,0,1);es="Linear";ed="In";};["LeftLowerLeg"]={cf=cfr(0,0,0,1,0,0,0,-.341,.94,0,-.94,-.341);es="Linear";ed="In";};["RightLowerArm"]={cf=cfr(0,0,0,1,0,0,0,.766,-.642,0,.642,.766);es="Linear";ed="In";};["LowerTorso"]={cf=cfr(0,-1.627,.469,.939,-.024,-.343,-.322,.293,-.9,.123,.956,.267);es="Linear";ed="In";};["RightFoot"]={cf=cfr(0,0,0,1,0,0,0,1,0,0,0,1);es="Linear";ed="In";};["RightLowerLeg"]={cf=cfr(0,0,0,1,0,0,0,.866,.5,0,-.5,.866);es="Linear";ed="In";};["LeftHand"]={cf=cfr(0,0,0,1,0,0,0,1,0,0,0,1);es="Linear";ed="In";};["RightHand"]={cf=cfr(0,0,0,1,0,0,0,1,0,0,0,1);es="Linear";ed="In";};};{tm=.05;["RightUpperArm"]={cf=cfr(-.078,.118,-.093,.682,-.576,-.45,.638,.169,.751,-.356,-.8,.483);es="Linear";ed="In";};["LeftUpperArm"]={cf=cfr(.002,0,0,.952,.086,-.294,-.085,.996,.019,.295,.007,.955);es="Linear";ed="In";};["UpperTorso"]={cf=cfr(0,0,-.015,.949,-.079,-.307,.208,.885,.417,.239,-.46,.856);es="Linear";ed="In";};["RightUpperLeg"]={cf=cfr(0,0,0,.98,.009,-.201,-.114,.848,-.517,.166,.529,.832);es="Linear";ed="In";};["LeftUpperLeg"]={cf=cfr(0,0,0,.86,.423,.285,-.111,.701,-.705,-.498,.575,.65);es="Linear";ed="In";};["LeftLowerArm"]={cf=cfr(0,0,0,1,0,0,0,.866,-.5,0,.5,.866);es="Linear";ed="In";};["LeftFoot"]={cf=cfr(0,0,0,1,0,0,0,1,0,0,0,1);es="Linear";ed="In";};["LeftLowerLeg"]={cf=cfr(0,0,0,1,0,0,0,-.341,.94,0,-.94,-.341);es="Linear";ed="In";};["RightLowerArm"]={cf=cfr(0,0,0,1,0,0,0,.767,-.642,0,.642,.767);es="Linear";ed="In";};["LowerTorso"]={cf=cfr(0,-1.625,.47,.939,-.024,-.342,-.321,.295,-.9,.123,.955,.269);es="Linear";ed="In";};["RightFoot"]={cf=cfr(0,0,0,1,0,0,0,1,0,0,0,1);es="Linear";ed="In";};["RightLowerLeg"]={cf=cfr(0,0,0,1,0,0,0,.866,.5,0,-.5,.866);es="Linear";ed="In";};["LeftHand"]={cf=cfr(0,0,0,1,0,0,0,1,0,0,0,1);es="Linear";ed="In";};["RightHand"]={cf=cfr(0,0,0,1,0,0,0,1,0,0,0,1);es="Linear";ed="In";};};{tm=.067;["RightUpperArm"]={cf=cfr(-.078,.117,-.092,.681,-.578,-.45,.64,.172,.748,-.355,-.798,.487);es="Linear";ed="In";};["LeftUpperArm"]={cf=cfr(.004,.001,.001,.952,.091,-.293,-.089,.996,.02,.294,.007,.956);es="Linear";ed="In";};["UpperTorso"]={cf=cfr(0,0,-.015,.949,-.078,-.306,.208,.884,.418,.238,-.46,.855);es="Linear";ed="In";};["RightUpperLeg"]={cf=cfr(0,0,0,.979,.008,-.202,-.113,.849,-.516,.167,.528,.833);es="Linear";ed="In";};["LeftUpperLeg"]={cf=cfr(0,0,0,.86,.422,.286,-.11,.7,-.705,-.498,.575,.649);es="Linear";ed="In";};["LeftLowerArm"]={cf=cfr(0,0,0,1,0,0,0,.866,-.5,0,.5,.866);es="Linear";ed="In";};["LeftFoot"]={cf=cfr(0,0,0,1,0,0,0,1,0,0,0,1);es="Linear";ed="In";};["LeftLowerLeg"]={cf=cfr(0,0,0,1,0,0,0,-.339,.941,0,-.941,-.339);es="Linear";ed="In";};["RightLowerArm"]={cf=cfr(0,0,0,1,0,0,0,.767,-.642,0,.642,.767);es="Linear";ed="In";};["LowerTorso"]={cf=cfr(0,-1.621,.471,.94,-.023,-.341,-.319,.298,-.9,.123,.954,.273);es="Linear";ed="In";};["RightFoot"]={cf=cfr(0,0,0,1,0,0,0,1,0,0,0,1);es="Linear";ed="In";};["RightLowerLeg"]={cf=cfr(0,0,0,1,0,0,0,.866,.5,0,-.5,.866);es="Linear";ed="In";};["LeftHand"]={cf=cfr(0,0,0,1,0,0,0,1,0,0,0,1);es="Linear";ed="In";};["RightHand"]={cf=cfr(0,0,0,1,0,0,0,1,0,0,0,1);es="Linear";ed="In";};};{tm=.083;["RightUpperArm"]={cf=cfr(-.077,.116,-.092,.679,-.58,-.45,.643,.175,.745,-.353,-.796,.492);es="Linear";ed="In";};["LeftUpperArm"]={cf=cfr(.006,.001,.001,.952,.096,-.292,-.094,.995,.02,.293,.008,.956);es="Linear";ed="In";};["UpperTorso"]={cf=cfr(0,0,-.015,.949,-.078,-.305,.207,.884,.419,.237,-.461,.855);es="Linear";ed="In";};["RightUpperLeg"]={cf=cfr(0,.001,0,.979,.007,-.202,-.113,.85,-.514,.168,.527,.833);es="Linear";ed="In";};["LeftUpperLeg"]={cf=cfr(0,0,0,.86,.422,.287,-.108,.7,-.706,-.498,.576,.648);es="Linear";ed="In";};["LeftLowerArm"]={cf=cfr(0,0,0,1,0,0,0,.866,-.5,0,.5,.866);es="Linear";ed="In";};["LeftFoot"]={cf=cfr(0,0,0,1,0,0,0,1,0,0,0,1);es="Linear";ed="In";};["LeftLowerLeg"]={cf=cfr(0,0,0,1,0,0,0,-.338,.941,0,-.941,-.338);es="Linear";ed="In";};["RightLowerArm"]={cf=cfr(0,0,0,1,0,0,0,.768,-.641,0,.641,.768);es="Linear";ed="In";};["LowerTorso"]={cf=cfr(0,-1.617,.472,.94,-.023,-.34,-.318,.302,-.899,.123,.953,.277);es="Linear";ed="In";};["RightFoot"]={cf=cfr(0,0,0,1,0,0,0,1,0,0,0,1);es="Linear";ed="In";};["RightLowerLeg"]={cf=cfr(0,0,0,1,0,0,0,.866,.5,0,-.5,.866);es="Linear";ed="In";};["LeftHand"]={cf=cfr(0,0,0,1,0,0,0,1,0,0,0,1);es="Linear";ed="In";};["RightHand"]={cf=cfr(0,0,0,1,0,0,0,1,0,0,0,1);es="Linear";ed="In";};};{tm=.1;["RightUpperArm"]={cf=cfr(-.077,.115,-.091,.677,-.582,-.45,.647,.179,.741,-.351,-.793,.498);es="Linear";ed="In";};["LeftUpperArm"]={cf=cfr(.009,.002,.002,.951,.102,-.29,-.1,.995,.021,.291,.009,.957);es="Linear";ed="In";};["UpperTorso"]={cf=cfr(0,-.001,-.015,.95,-.077,-.304,.206,.884,.42,.236,-.462,.855);es="Linear";ed="In";};["RightUpperLeg"]={cf=cfr(0,.001,.001,.979,.006,-.203,-.112,.851,-.513,.17,.525,.834);es="Linear";ed="In";};["LeftUpperLeg"]={cf=cfr(0,0,0,.86,.421,.288,-.106,.7,-.707,-.499,.578,.646);es="Linear";ed="In";};["LeftLowerArm"]={cf=cfr(0,0,0,1,0,0,0,.866,-.5,0,.5,.866);es="Linear";ed="In";};["LeftFoot"]={cf=cfr(0,0,0,1,0,0,0,1,0,0,0,1);es="Linear";ed="In";};["LeftLowerLeg"]={cf=cfr(0,0,0,1,0,0,0,-.336,.942,0,-.942,-.336);es="Linear";ed="In";};["RightLowerArm"]={cf=cfr(0,0,0,1,0,0,0,.768,-.64,0,.64,.768);es="Linear";ed="In";};["LowerTorso"]={cf=cfr(-.001,-1.611,.474,.941,-.022,-.338,-.315,.307,-.898,.123,.951,.282);es="Linear";ed="In";};["RightFoot"]={cf=cfr(0,0,0,1,0,0,0,1,0,0,0,1);es="Linear";ed="In";};["RightLowerLeg"]={cf=cfr(0,0,0,1,0,0,0,.866,.5,0,-.5,.866);es="Linear";ed="In";};["LeftHand"]={cf=cfr(0,0,0,1,0,0,0,1,0,0,0,1);es="Linear";ed="In";};["RightHand"]={cf=cfr(0,0,0,1,0,0,0,1,0,0,0,1);es="Linear";ed="In";};};{tm=.117;["RightUpperArm"]={cf=cfr(-.076,.114,-.09,.674,-.586,-.45,.651,.183,.736,-.349,-.79,.505);es="Linear";ed="In";};["LeftUpperArm"]={cf=cfr(.012,.002,.003,.951,.11,-.288,-.108,.994,.022,.289,.01,.957);es="Linear";ed="In";};["UpperTorso"]={cf=cfr(-.001,-.001,-.015,.95,-.077,-.302,.205,.883,.422,.234,-.463,.855);es="Linear";ed="In";};["RightUpperLeg"]={cf=cfr(0,.001,.001,.979,.005,-.204,-.111,.853,-.51,.172,.522,.835);es="Linear";ed="In";};["LeftUpperLeg"]={cf=cfr(0,.001,0,.86,.42,.29,-.103,.699,-.707,-.499,.579,.645);es="Linear";ed="In";};["LeftLowerArm"]={cf=cfr(0,0,0,1,0,0,0,.866,-.5,0,.5,.866);es="Linear";ed="In";};["LeftFoot"]={cf=cfr(0,0,0,1,0,0,0,1,0,0,0,1);es="Linear";ed="In";};["LeftLowerLeg"]={cf=cfr(0,0,-.001,1,0,0,0,-.334,.943,0,-.943,-.334);es="Linear";ed="In";};["RightLowerArm"]={cf=cfr(0,0,0,1,0,0,0,.769,-.639,0,.639,.769);es="Linear";ed="In";};["LowerTorso"]={cf=cfr(-.001,-1.605,.476,.942,-.02,-.336,-.313,.313,-.897,.123,.95,.288);es="Linear";ed="In";};["RightFoot"]={cf=cfr(0,0,0,1,0,0,0,1,0,0,0,1);es="Linear";ed="In";};["RightLowerLeg"]={cf=cfr(0,0,0,1,0,0,0,.866,.5,0,-.5,.866);es="Linear";ed="In";};["LeftHand"]={cf=cfr(0,0,0,1,0,0,0,1,0,0,0,1);es="Linear";ed="In";};["RightHand"]={cf=cfr(0,0,0,1,0,0,0,1,0,0,0,1);es="Linear";ed="In";};};{tm=.133;["RightUpperArm"]={cf=cfr(-.076,.113,-.089,.671,-.589,-.45,.656,.188,.731,-.346,-.786,.513);es="Linear";ed="In";};["LeftUpperArm"]={cf=cfr(.015,.003,.003,.951,.118,-.286,-.116,.993,.023,.287,.011,.958);es="Linear";ed="In";};["UpperTorso"]={cf=cfr(-.001,-.001,-.015,.951,-.076,-.3,.204,.882,.424,.233,-.464,.854);es="Linear";ed="In";};["RightUpperLeg"]={cf=cfr(-.001,.001,.001,.979,.003,-.206,-.109,.855,-.508,.174,.519,.837);es="Linear";ed="In";};["LeftUpperLeg"]={cf=cfr(0,.001,0,.86,.418,.291,-.1,.699,-.708,-.5,.58,.643);es="Linear";ed="In";};["LeftLowerArm"]={cf=cfr(0,0,0,1,0,0,0,.866,-.5,0,.5,.866);es="Linear";ed="In";};["LeftFoot"]={cf=cfr(0,0,0,1,0,0,0,1,0,0,0,1);es="Linear";ed="In";};["LeftLowerLeg"]={cf=cfr(0,0,-.001,1,.001,0,0,-.332,.943,.001,-.943,-.332);es="Linear";ed="In";};["RightLowerArm"]={cf=cfr(0,0,0,1,0,0,0,.77,-.638,0,.638,.77);es="Linear";ed="In";};["LowerTorso"]={cf=cfr(-.001,-1.598,.478,.943,-.019,-.333,-.31,.319,-.896,.123,.947,.295);es="Linear";ed="In";};["RightFoot"]={cf=cfr(0,0,0,1,0,0,0,1,0,0,0,1);es="Linear";ed="In";};["RightLowerLeg"]={cf=cfr(0,0,0,1,0,0,0,.866,.5,0,-.5,.866);es="Linear";ed="In";};["LeftHand"]={cf=cfr(0,0,0,1,0,0,0,1,0,0,0,1);es="Linear";ed="In";};["RightHand"]={cf=cfr(0,0,0,1,0,0,0,1,0,0,0,1);es="Linear";ed="In";};};{tm=.15;["RightUpperArm"]={cf=cfr(-.075,.112,-.087,.667,-.593,-.45,.661,.194,.725,-.342,-.781,.522);es="Linear";ed="In";};["LeftUpperArm"]={cf=cfr(.019,.004,.004,.95,.128,-.284,-.126,.992,.025,.284,.013,.959);es="Linear";ed="In";};["UpperTorso"]={cf=cfr(-.001,-.001,-.015,.952,-.075,-.298,.203,.882,.426,.231,-.466,.854);es="Linear";ed="In";};["RightUpperLeg"]={cf=cfr(-.001,.002,.001,.978,.001,-.207,-.108,.856,-.505,.177,.516,.838);es="Linear";ed="In";};["LeftUpperLeg"]={cf=cfr(0,.001,0,.86,.417,.293,-.097,.698,-.709,-.5,.582,.641);es="Linear";ed="In";};["LeftLowerArm"]={cf=cfr(0,0,0,1,0,0,0,.866,-.5,0,.5,.866);es="Linear";ed="In";};["LeftFoot"]={cf=cfr(0,0,0,1,0,0,0,1,0,0,0,1);es="Linear";ed="In";};["LeftLowerLeg"]={cf=cfr(0,0,-.001,1,.001,0,0,-.329,.944,.001,-.944,-.329);es="Linear";ed="In";};["RightLowerArm"]={cf=cfr(0,0,0,1,0,0,0,.771,-.637,0,.637,.771);es="Linear";ed="In";};["LowerTorso"]={cf=cfr(-.001,-1.589,.481,.944,-.017,-.33,-.307,.327,-.894,.124,.945,.303);es="Linear";ed="In";};["RightFoot"]={cf=cfr(0,0,0,1,0,0,0,1,0,0,0,1);es="Linear";ed="In";};["RightLowerLeg"]={cf=cfr(0,0,0,1,0,0,0,.866,.5,0,-.5,.866);es="Linear";ed="In";};["LeftHand"]={cf=cfr(0,0,0,1,0,0,0,1,0,0,0,1);es="Linear";ed="In";};["RightHand"]={cf=cfr(0,0,0,1,0,0,0,1,0,0,0,1);es="Linear";ed="In";};};{tm=.167;["RightUpperArm"]={cf=cfr(-.074,.11,-.086,.663,-.598,-.45,.667,.2,.717,-.338,-.776,.532);es="Linear";ed="In";};["LeftUpperArm"]={cf=cfr(.023,.004,.005,.95,.139,-.281,-.137,.99,.026,.281,.014,.959);es="Linear";ed="In";};["UpperTorso"]={cf=cfr(-.001,-.001,-.015,.952,-.074,-.296,.202,.881,.428,.229,-.468,.854);es="Linear";ed="In";};["RightUpperLeg"]={cf=cfr(-.001,.002,.001,.978,-.001,-.208,-.106,.859,-.502,.179,.513,.84);es="Linear";ed="In";};["LeftUpperLeg"]={cf=cfr(0,.001,0,.86,.415,.295,-.093,.697,-.711,-.501,.584,.639);es="Linear";ed="In";};["LeftLowerArm"]={cf=cfr(0,0,0,1,0,0,0,.866,-.5,0,.5,.866);es="Linear";ed="In";};["LeftFoot"]={cf=cfr(0,0,0,1,0,0,0,1,0,0,0,1);es="Linear";ed="In";};["LeftLowerLeg"]={cf=cfr(0,0,-.001,1,.001,0,0,-.326,.945,.001,-.945,-.326);es="Linear";ed="In";};["RightLowerArm"]={cf=cfr(0,0,0,1,0,0,0,.772,-.635,0,.635,.772);es="Linear";ed="In";};["LowerTorso"]={cf=cfr(-.002,-1.58,.484,.945,-.016,-.327,-.303,.335,-.892,.124,.942,.312);es="Linear";ed="In";};["RightFoot"]={cf=cfr(0,0,0,1,0,0,0,1,0,0,0,1);es="Linear";ed="In";};["RightLowerLeg"]={cf=cfr(0,0,0,1,0,0,0,.866,.5,0,-.5,.866);es="Linear";ed="In";};["LeftHand"]={cf=cfr(0,0,0,1,0,0,0,1,0,0,0,1);es="Linear";ed="In";};["RightHand"]={cf=cfr(0,0,0,1,0,0,0,1,0,0,0,1);es="Linear";ed="In";};};{tm=.183;["RightUpperArm"]={cf=cfr(-.073,.108,-.084,.659,-.602,-.45,.674,.207,.709,-.334,-.771,.543);es="Linear";ed="In";};["LeftUpperArm"]={cf=cfr(.028,.005,.006,.949,.151,-.277,-.149,.988,.027,.278,.016,.96);es="Linear";ed="In";};["UpperTorso"]={cf=cfr(-.001,-.001,-.015,.953,-.073,-.293,.2,.88,.431,.227,-.47,.853);es="Linear";ed="In";};["RightUpperLeg"]={cf=cfr(-.001,.003,.002,.978,-.003,-.21,-.104,.861,-.498,.183,.509,.841);es="Linear";ed="In";};["LeftUpperLeg"]={cf=cfr(0,.001,0,.86,.414,.298,-.089,.697,-.712,-.502,.586,.636);es="Linear";ed="In";};["LeftLowerArm"]={cf=cfr(0,0,0,1,0,0,0,.866,-.5,0,.5,.866);es="Linear";ed="In";};["LeftFoot"]={cf=cfr(0,0,0,1,0,0,0,1,0,0,0,1);es="Linear";ed="In";};["LeftLowerLeg"]={cf=cfr(0,0,-.001,1,.001,0,0,-.323,.947,.001,-.947,-.323);es="Linear";ed="In";};["RightLowerArm"]={cf=cfr(0,0,0,1,0,0,0,.774,-.634,0,.634,.774);es="Linear";ed="In";};["LowerTorso"]={cf=cfr(-.002,-1.57,.487,.946,-.014,-.323,-.299,.344,-.89,.124,.939,.321);es="Linear";ed="In";};["RightFoot"]={cf=cfr(0,0,0,1,0,0,0,1,0,0,0,1);es="Linear";ed="In";};["RightLowerLeg"]={cf=cfr(0,0,0,1,0,0,0,.866,.5,0,-.5,.866);es="Linear";ed="In";};["LeftHand"]={cf=cfr(0,0,0,1,0,0,0,1,0,0,0,1);es="Linear";ed="In";};["RightHand"]={cf=cfr(0,0,0,1,0,0,0,1,0,0,0,1);es="Linear";ed="In";};};{tm=.2;["RightUpperArm"]={cf=cfr(-.072,.107,-.083,.654,-.608,-.45,.681,.215,.7,-.329,-.764,.555);es="Linear";ed="In";};["LeftUpperArm"]={cf=cfr(.033,.006,.007,.948,.164,-.274,-.163,.986,.029,.275,.017,.961);es="Linear";ed="In";};["UpperTorso"]={cf=cfr(-.002,-.002,-.015,.954,-.072,-.291,.199,.879,.434,.224,-.472,.853);es="Linear";ed="In";};["RightUpperLeg"]={cf=cfr(-.001,.003,.002,.977,-.006,-.212,-.102,.863,-.494,.186,.505,.843);es="Linear";ed="In";};["LeftUpperLeg"]={cf=cfr(-.001,.002,0,.86,.412,.3,-.084,.696,-.713,-.503,.589,.633);es="Linear";ed="In";};["LeftLowerArm"]={cf=cfr(0,0,0,1,0,0,0,.866,-.5,0,.5,.866);es="Linear";ed="In";};["LeftFoot"]={cf=cfr(0,0,0,1,0,0,0,1,0,0,0,1);es="Linear";ed="In";};["LeftLowerLeg"]={cf=cfr(0,0,-.002,1,.001,0,0,-.319,.948,.001,-.948,-.319);es="Linear";ed="In";};["RightLowerArm"]={cf=cfr(0,0,0,1,0,0,0,.775,-.632,0,.632,.775);es="Linear";ed="In";};["LowerTorso"]={cf=cfr(-.003,-1.558,.491,.948,-.012,-.319,-.295,.354,-.888,.124,.935,.332);es="Linear";ed="In";};["RightFoot"]={cf=cfr(0,0,0,1,0,0,0,1,0,0,0,1);es="Linear";ed="In";};["RightLowerLeg"]={cf=cfr(0,0,0,1,0,0,0,.866,.5,0,-.5,.866);es="Linear";ed="In";};["LeftHand"]={cf=cfr(0,0,0,1,0,0,0,1,0,0,0,1);es="Linear";ed="In";};["RightHand"]={cf=cfr(0,0,0,1,0,0,0,1,0,0,0,1);es="Linear";ed="In";};};{tm=.217;["RightUpperArm"]={cf=cfr(-.071,.105,-.081,.649,-.614,-.45,.689,.223,.69,-.323,-.757,.567);es="Linear";ed="In";};["LeftUpperArm"]={cf=cfr(.038,.006,.008,.946,.179,-.27,-.177,.984,.03,.271,.019,.962);es="Linear";ed="In";};["UpperTorso"]={cf=cfr(-.002,-.002,-.015,.955,-.071,-.288,.197,.878,.437,.222,-.474,.852);es="Linear";ed="In";};["RightUpperLeg"]={cf=cfr(-.002,.003,.002,.977,-.009,-.214,-.1,.866,-.49,.19,.5,.845);es="Linear";ed="In";};["LeftUpperLeg"]={cf=cfr(-.001,.002,0,.86,.41,.303,-.079,.695,-.715,-.503,.591,.63);es="Linear";ed="In";};["LeftLowerArm"]={cf=cfr(0,0,0,1,0,0,0,.866,-.5,0,.5,.866);es="Linear";ed="In";};["LeftFoot"]={cf=cfr(0,0,0,1,0,0,0,1,0,0,0,1);es="Linear";ed="In";};["LeftLowerLeg"]={cf=cfr(0,0,-.002,1,.001,0,0,-.315,.949,.001,-.949,-.315);es="Linear";ed="In";};["RightLowerArm"]={cf=cfr(0,0,0,1,0,0,0,.776,-.63,0,.63,.776);es="Linear";ed="In";};["LowerTorso"]={cf=cfr(-.003,-1.546,.495,.949,-.01,-.315,-.29,.365,-.885,.124,.931,.343);es="Linear";ed="In";};["RightFoot"]={cf=cfr(0,0,0,1,0,0,0,1,0,0,0,1);es="Linear";ed="In";};["RightLowerLeg"]={cf=cfr(0,0,0,1,0,0,0,.866,.5,0,-.5,.866);es="Linear";ed="In";};["LeftHand"]={cf=cfr(0,0,0,1,0,0,0,1,0,0,0,1);es="Linear";ed="In";};["RightHand"]={cf=cfr(0,0,0,1,0,0,0,1,0,0,0,1);es="Linear";ed="In";};};{tm=.233;["RightUpperArm"]={cf=cfr(-.07,.102,-.079,.643,-.62,-.449,.697,.231,.679,-.317,-.75,.581);es="Linear";ed="In";};["LeftUpperArm"]={cf=cfr(.044,.007,.009,.944,.194,-.266,-.193,.981,.032,.267,.021,.964);es="Linear";ed="In";};["UpperTorso"]={cf=cfr(-.002,-.002,-.014,.956,-.07,-.284,.195,.877,.44,.219,-.476,.852);es="Linear";ed="In";};["RightUpperLeg"]={cf=cfr(-.002,.004,.002,.976,-.011,-.216,-.097,.869,-.485,.194,.495,.847);es="Linear";ed="In";};["LeftUpperLeg"]={cf=cfr(-.001,.002,.001,.86,.407,.306,-.073,.694,-.716,-.504,.594,.627);es="Linear";ed="In";};["LeftLowerArm"]={cf=cfr(0,0,0,1,0,0,0,.866,-.5,0,.5,.866);es="Linear";ed="In";};["LeftFoot"]={cf=cfr(0,0,0,1,0,0,0,1,0,0,0,1);es="Linear";ed="In";};["LeftLowerLeg"]={cf=cfr(0,0,-.002,1,.002,0,0,-.31,.951,.002,-.951,-.31);es="Linear";ed="In";};["RightLowerArm"]={cf=cfr(0,0,0,1,0,0,0,.778,-.628,0,.628,.778);es="Linear";ed="In";};["LowerTorso"]={cf=cfr(-.003,-1.533,.499,.951,-.008,-.31,-.285,.376,-.882,.124,.926,.355);es="Linear";ed="In";};["RightFoot"]={cf=cfr(0,0,0,1,0,0,0,1,0,0,0,1);es="Linear";ed="In";};["RightLowerLeg"]={cf=cfr(0,0,0,1,0,0,0,.866,.5,0,-.5,.866);es="Linear";ed="In";};["LeftHand"]={cf=cfr(0,0,0,1,0,0,0,1,0,0,0,1);es="Linear";ed="In";};["RightHand"]={cf=cfr(0,0,0,1,0,0,0,1,0,0,0,1);es="Linear";ed="In";};};{tm=.25;["UpperTorso"]={cf=cfr(-.002,-.002,-.014,.957,-.068,-.281,.193,.875,.444,.216,-.479,.851);es="Linear";ed="In";};["RightUpperLeg"]={cf=cfr(-.002,.004,.003,.976,-.015,-.219,-.095,.872,-.48,.198,.489,.849);es="Linear";ed="In";};["LeftUpperLeg"]={cf=cfr(-.001,.002,.001,.86,.405,.31,-.068,.693,-.718,-.505,.597,.623);es="Linear";ed="In";};["LeftLowerArm"]={cf=cfr(0,0,0,1,0,0,0,.866,-.5,0,.5,.866);es="Linear";ed="In";};["LeftFoot"]={cf=cfr(0,0,0,1,0,0,0,1,0,0,0,1);es="Linear";ed="In";};["LeftLowerLeg"]={cf=cfr(0,-.001,-.002,1,.002,0,0,-.306,.952,.002,-.952,-.306);es="Linear";ed="In";};["RightLowerArm"]={cf=cfr(0,0,0,1,0,0,0,.78,-.626,0,.626,.78);es="Linear";ed="In";};["LowerTorso"]={cf=cfr(-.004,-1.518,.504,.952,-.006,-.305,-.279,.389,-.878,.124,.921,.368);es="Linear";ed="In";};["RightFoot"]={cf=cfr(0,0,0,1,0,0,0,1,0,0,0,1);es="Linear";ed="In";};["RightLowerLeg"]={cf=cfr(0,0,0,1,0,0,0,.866,.5,0,-.5,.866);es="Linear";ed="In";};["LeftHand"]={cf=cfr(0,0,0,1,0,0,0,1,0,0,0,1);es="Linear";ed="In";};["RightHand"]={cf=cfr(0,0,0,1,0,0,0,1,0,0,0,1);es="Linear";ed="In";};["LeftUpperArm"]={cf=cfr(.049,.008,.01,.942,.211,-.261,-.209,.977,.034,.262,.023,.965);es="Linear";ed="In";};["RightUpperArm"]={cf=cfr(-.068,.1,-.077,.637,-.627,-.448,.705,.24,.667,-.31,-.741,.595);es="Linear";ed="In";};["Head"]={cf=cfr(0,0,0,.915,.094,.393,-.291,.829,.478,-.281,-.552,.785);es="Quad";ed="InOut";};};{tm=.267;["RightUpperArm"]={cf=cfr(-.067,.098,-.075,.631,-.634,-.447,.714,.25,.654,-.303,-.732,.61);es="Linear";ed="In";};["LeftUpperArm"]={cf=cfr(.055,.008,.011,.939,.228,-.256,-.227,.973,.036,.257,.025,.966);es="Linear";ed="In";};["Head"]={cf=cfr(0,0,0,.915,.094,.393,-.291,.829,.478,-.28,-.552,.786);es="Linear";ed="In";};["UpperTorso"]={cf=cfr(-.003,-.003,-.014,.958,-.067,-.277,.19,.874,.447,.212,-.482,.85);es="Linear";ed="In";};["RightUpperLeg"]={cf=cfr(-.002,.005,.003,.975,-.018,-.221,-.092,.875,-.475,.202,.483,.852);es="Linear";ed="In";};["LeftUpperLeg"]={cf=cfr(-.001,.003,.001,.86,.402,.313,-.061,.691,-.72,-.506,.6,.619);es="Linear";ed="In";};["LeftLowerArm"]={cf=cfr(0,0,0,1,0,0,0,.866,-.5,0,.5,.866);es="Linear";ed="In";};["LeftFoot"]={cf=cfr(0,0,0,1,0,0,0,1,0,0,0,1);es="Linear";ed="In";};["LeftLowerLeg"]={cf=cfr(0,-.001,-.003,1,.002,0,0,-.301,.954,.002,-.954,-.301);es="Linear";ed="In";};["RightLowerArm"]={cf=cfr(0,0,0,1,0,0,0,.782,-.624,0,.624,.782);es="Linear";ed="In";};["LowerTorso"]={cf=cfr(-.004,-1.503,.509,.954,-.003,-.3,-.273,.402,-.874,.123,.916,.382);es="Linear";ed="In";};["RightFoot"]={cf=cfr(0,0,0,1,0,0,0,1,0,0,0,1);es="Linear";ed="In";};["RightLowerLeg"]={cf=cfr(0,0,0,1,0,0,0,.866,.5,0,-.5,.866);es="Linear";ed="In";};["LeftHand"]={cf=cfr(0,0,0,1,0,0,0,1,0,0,0,1);es="Linear";ed="In";};["RightHand"]={cf=cfr(0,0,0,1,0,0,0,1,0,0,0,1);es="Linear";ed="In";};};{tm=.283;["RightUpperArm"]={cf=cfr(-.066,.095,-.073,.624,-.642,-.446,.724,.26,.639,-.295,-.722,.626);es="Linear";ed="In";};["LeftUpperArm"]={cf=cfr(.061,.009,.012,.936,.247,-.251,-.246,.969,.037,.252,.027,.967);es="Linear";ed="In";};["Head"]={cf=cfr(0,0,0,.915,.094,.392,-.29,.829,.478,-.28,-.551,.786);es="Linear";ed="In";};["UpperTorso"]={cf=cfr(-.003,-.003,-.014,.96,-.065,-.273,.188,.872,.451,.209,-.484,.849);es="Linear";ed="In";};["RightUpperLeg"]={cf=cfr(-.002,.005,.003,.974,-.021,-.224,-.089,.879,-.469,.207,.477,.854);es="Linear";ed="In";};["LeftUpperLeg"]={cf=cfr(-.001,.003,.001,.86,.4,.317,-.055,.69,-.722,-.507,.603,.615);es="Linear";ed="In";};["LeftLowerArm"]={cf=cfr(0,0,0,1,0,0,0,.866,-.5,0,.5,.866);es="Linear";ed="In";};["LeftFoot"]={cf=cfr(0,0,0,1,0,0,0,1,0,0,0,1);es="Linear";ed="In";};["LeftLowerLeg"]={cf=cfr(0,-.001,-.003,1,.003,0,0,-.295,.955,.003,-.955,-.295);es="Linear";ed="In";};["RightLowerArm"]={cf=cfr(0,.001,0,1,0,0,0,.784,-.621,0,.621,.784);es="Linear";ed="In";};["LowerTorso"]={cf=cfr(-.005,-1.487,.514,.956,-.001,-.294,-.267,.416,-.869,.123,.909,.397);es="Linear";ed="In";};["RightFoot"]={cf=cfr(0,0,0,1,0,0,0,1,0,0,0,1);es="Linear";ed="In";};["RightLowerLeg"]={cf=cfr(0,0,0,1,0,0,0,.866,.5,0,-.5,.866);es="Linear";ed="In";};["LeftHand"]={cf=cfr(0,0,0,1,0,0,0,1,0,0,0,1);es="Linear";ed="In";};["RightHand"]={cf=cfr(0,0,0,1,0,0,0,1,0,0,0,1);es="Linear";ed="In";};};{tm=.3;["RightUpperArm"]={cf=cfr(-.064,.092,-.07,.617,-.65,-.444,.733,.27,.624,-.286,-.711,.643);es="Linear";ed="In";};["LeftUpperArm"]={cf=cfr(.067,.009,.013,.932,.267,-.245,-.266,.963,.039,.246,.029,.969);es="Linear";ed="In";};["Head"]={cf=cfr(-.001,0,0,.916,.094,.39,-.288,.83,.477,-.279,-.549,.788);es="Linear";ed="In";};["UpperTorso"]={cf=cfr(-.003,-.003,-.014,.961,-.064,-.269,.185,.871,.456,.205,-.488,.849);es="Linear";ed="In";};["RightUpperLeg"]={cf=cfr(-.003,.006,.004,.974,-.025,-.227,-.085,.882,-.463,.212,.47,.857);es="Linear";ed="In";};["LeftUpperLeg"]={cf=cfr(-.001,.003,.001,.86,.397,.321,-.048,.689,-.724,-.508,.607,.611);es="Linear";ed="In";};["LeftLowerArm"]={cf=cfr(0,0,0,1,0,0,0,.866,-.5,0,.5,.866);es="Linear";ed="In";};["LeftFoot"]={cf=cfr(0,0,0,1,0,0,0,1,0,0,0,1);es="Linear";ed="In";};["LeftLowerLeg"]={cf=cfr(0,-.001,-.003,1,.003,0,0,-.29,.957,.003,-.957,-.29);es="Linear";ed="In";};["RightLowerArm"]={cf=cfr(0,.001,0,1,0,0,0,.786,-.618,0,.618,.786);es="Linear";ed="In";};["LowerTorso"]={cf=cfr(-.005,-1.469,.52,.958,.001,-.287,-.26,.43,-.864,.123,.903,.413);es="Linear";ed="In";};["RightFoot"]={cf=cfr(0,0,0,1,0,0,0,1,0,0,0,1);es="Linear";ed="In";};["RightLowerLeg"]={cf=cfr(0,0,0,1,0,0,0,.866,.5,0,-.5,.866);es="Linear";ed="In";};["LeftHand"]={cf=cfr(0,0,0,1,0,0,0,1,0,0,0,1);es="Linear";ed="In";};["RightHand"]={cf=cfr(0,0,0,1,0,0,0,1,0,0,0,1);es="Linear";ed="In";};};{tm=.317;["RightUpperArm"]={cf=cfr(-.062,.089,-.068,.609,-.658,-.442,.744,.28,.607,-.276,-.699,.66);es="Linear";ed="In";};["LeftUpperArm"]={cf=cfr(.073,.009,.014,.928,.288,-.239,-.286,.957,.041,.24,.031,.97);es="Linear";ed="In";};["Head"]={cf=cfr(-.001,-.001,0,.917,.094,.387,-.286,.832,.476,-.277,-.547,.79);es="Linear";ed="In";};["UpperTorso"]={cf=cfr(-.003,-.004,-.014,.962,-.062,-.264,.182,.869,.46,.201,-.491,.848);es="Linear";ed="In";};["RightUpperLeg"]={cf=cfr(-.003,.007,.004,.973,-.029,-.23,-.082,.886,-.457,.217,.463,.859);es="Linear";ed="In";};["LeftUpperLeg"]={cf=cfr(-.001,.003,.001,.86,.394,.325,-.04,.687,-.726,-.509,.611,.606);es="Linear";ed="In";};["LeftLowerArm"]={cf=cfr(0,0,0,1,0,0,0,.866,-.5,0,.5,.866);es="Linear";ed="In";};["LeftFoot"]={cf=cfr(0,0,0,1,0,0,0,1,0,0,0,1);es="Linear";ed="In";};["LeftLowerLeg"]={cf=cfr(0,-.001,-.003,1,.003,0,0,-.284,.959,.003,-.959,-.284);es="Linear";ed="In";};["RightLowerArm"]={cf=cfr(0,.001,0,1,0,0,0,.788,-.616,0,.616,.788);es="Linear";ed="In";};["LowerTorso"]={cf=cfr(-.006,-1.451,.526,.96,.004,-.281,-.253,.446,-.859,.122,.895,.429);es="Linear";ed="In";};["RightFoot"]={cf=cfr(0,0,0,1,0,0,0,1,0,0,0,1);es="Linear";ed="In";};["RightLowerLeg"]={cf=cfr(0,0,0,1,0,0,0,.866,.5,0,-.5,.866);es="Linear";ed="In";};["LeftHand"]={cf=cfr(0,0,0,1,0,0,0,1,0,0,0,1);es="Linear";ed="In";};["RightHand"]={cf=cfr(0,0,0,1,0,0,0,1,0,0,0,1);es="Linear";ed="In";};};{tm=.333;["RightUpperArm"]={cf=cfr(-.061,.086,-.065,.601,-.667,-.44,.754,.291,.589,-.265,-.686,.678);es="Linear";ed="In";};["LeftUpperArm"]={cf=cfr(.078,.009,.015,.922,.309,-.232,-.308,.95,.042,.234,.033,.972);es="Linear";ed="In";};["Head"]={cf=cfr(-.001,-.001,0,.919,.094,.384,-.283,.833,.475,-.275,-.545,.792);es="Linear";ed="In";};["UpperTorso"]={cf=cfr(-.004,-.004,-.014,.964,-.06,-.26,.179,.867,.465,.197,-.494,.847);es="Linear";ed="In";};["RightUpperLeg"]={cf=cfr(-.003,.007,.004,.972,-.033,-.234,-.078,.89,-.45,.223,.455,.862);es="Linear";ed="In";};["LeftUpperLeg"]={cf=cfr(-.001,.004,.001,.859,.391,.33,-.032,.685,-.728,-.51,.615,.602);es="Linear";ed="In";};["LeftLowerArm"]={cf=cfr(0,0,0,1,0,0,0,.866,-.5,0,.5,.866);es="Linear";ed="In";};["LeftFoot"]={cf=cfr(0,0,0,1,0,0,0,1,0,0,0,1);es="Linear";ed="In";};["LeftLowerLeg"]={cf=cfr(0,-.001,-.004,1,.003,.001,0,-.277,.961,.003,-.961,-.277);es="Linear";ed="In";};["RightLowerArm"]={cf=cfr(0,.001,0,1,0,0,0,.79,-.613,0,.613,.79);es="Linear";ed="In";};["LowerTorso"]={cf=cfr(-.006,-1.432,.533,.962,.006,-.273,-.245,.462,-.852,.121,.887,.446);es="Linear";ed="In";};["RightFoot"]={cf=cfr(0,0,0,1,0,0,0,1,0,0,0,1);es="Linear";ed="In";};["RightLowerLeg"]={cf=cfr(0,0,0,1,0,0,0,.866,.5,0,-.5,.866);es="Linear";ed="In";};["LeftHand"]={cf=cfr(0,0,0,1,0,0,0,1,0,0,0,1);es="Linear";ed="In";};["RightHand"]={cf=cfr(0,0,0,1,0,0,0,1,0,0,0,1);es="Linear";ed="In";};};{tm=.35;["RightUpperArm"]={cf=cfr(-.059,.083,-.063,.593,-.677,-.437,.764,.301,.57,-.254,-.672,.696);es="Linear";ed="In";};["LeftUpperArm"]={cf=cfr(.084,.009,.016,.916,.332,-.226,-.331,.943,.044,.227,.034,.973);es="Linear";ed="In";};["Head"]={cf=cfr(-.002,-.002,0,.92,.093,.38,-.28,.835,.473,-.273,-.542,.795);es="Linear";ed="In";};["UpperTorso"]={cf=cfr(-.004,-.004,-.014,.965,-.058,-.255,.176,.865,.469,.193,-.498,.845);es="Linear";ed="In";};["RightUpperLeg"]={cf=cfr(-.003,.008,.004,.971,-.037,-.237,-.074,.894,-.443,.229,.447,.865);es="Linear";ed="In";};["LeftUpperLeg"]={cf=cfr(-.001,.004,.001,.859,.387,.334,-.024,.683,-.73,-.511,.619,.596);es="Linear";ed="In";};["LeftLowerArm"]={cf=cfr(0,0,0,1,0,0,0,.866,-.5,0,.5,.866);es="Linear";ed="In";};["LeftFoot"]={cf=cfr(0,0,0,1,0,0,0,1,0,0,0,1);es="Linear";ed="In";};["LeftLowerLeg"]={cf=cfr(0,-.001,-.004,1,.004,.001,.001,-.271,.963,.004,-.963,-.271);es="Linear";ed="In";};["RightLowerArm"]={cf=cfr(0,.001,.001,1,0,0,0,.793,-.609,0,.609,.793);es="Linear";ed="In";};["LowerTorso"]={cf=cfr(-.007,-1.411,.54,.964,.009,-.266,-.237,.479,-.845,.12,.878,.464);es="Linear";ed="In";};["RightFoot"]={cf=cfr(0,0,0,1,0,0,0,1,0,0,0,1);es="Linear";ed="In";};["RightLowerLeg"]={cf=cfr(0,0,0,1,0,0,0,.866,.5,0,-.5,.866);es="Linear";ed="In";};["LeftHand"]={cf=cfr(0,0,0,1,0,0,0,1,0,0,0,1);es="Linear";ed="In";};["RightHand"]={cf=cfr(0,0,0,1,0,0,0,1,0,0,0,1);es="Linear";ed="In";};};{tm=.367;["RightUpperArm"]={cf=cfr(-.057,.08,-.06,.584,-.686,-.434,.775,.312,.549,-.242,-.657,.714);es="Linear";ed="In";};["LeftUpperArm"]={cf=cfr(.089,.009,.017,.909,.356,-.218,-.355,.934,.045,.22,.036,.975);es="Linear";ed="In";};["Head"]={cf=cfr(-.003,-.002,0,.922,.093,.375,-.276,.838,.471,-.27,-.538,.798);es="Linear";ed="In";};["UpperTorso"]={cf=cfr(-.004,-.004,-.014,.967,-.056,-.249,.173,.863,.475,.188,-.502,.844);es="Linear";ed="In";};["RightUpperLeg"]={cf=cfr(-.004,.008,.005,.97,-.042,-.241,-.069,.898,-.435,.235,.439,.867);es="Linear";ed="In";};["LeftUpperLeg"]={cf=cfr(-.002,.004,.001,.859,.384,.339,-.016,.681,-.732,-.512,.623,.591);es="Linear";ed="In";};["LeftLowerArm"]={cf=cfr(0,0,0,1,0,0,0,.866,-.5,0,.5,.866);es="Linear";ed="In";};["LeftFoot"]={cf=cfr(0,0,0,1,0,0,0,1,0,0,0,1);es="Linear";ed="In";};["LeftLowerLeg"]={cf=cfr(0,-.001,-.004,1,.004,.001,.001,-.264,.965,.004,-.965,-.264);es="Linear";ed="In";};["RightLowerArm"]={cf=cfr(0,.001,.001,1,0,0,0,.795,-.606,0,.606,.795);es="Linear";ed="In";};["LowerTorso"]={cf=cfr(-.007,-1.39,.548,.966,.011,-.258,-.229,.496,-.837,.119,.868,.482);es="Linear";ed="In";};["RightFoot"]={cf=cfr(0,0,0,1,0,0,0,1,0,0,0,1);es="Linear";ed="In";};["RightLowerLeg"]={cf=cfr(0,0,0,1,0,0,0,.866,.5,0,-.5,.866);es="Linear";ed="In";};["LeftHand"]={cf=cfr(0,0,0,1,0,0,0,1,0,0,0,1);es="Linear";ed="In";};["RightHand"]={cf=cfr(0,0,0,1,0,0,0,1,0,0,0,1);es="Linear";ed="In";};};{tm=.383;["RightUpperArm"]={cf=cfr(-.055,.076,-.057,.575,-.696,-.43,.786,.323,.527,-.228,-.641,.733);es="Linear";ed="In";};["LeftUpperArm"]={cf=cfr(.095,.009,.018,.901,.38,-.211,-.379,.924,.047,.212,.038,.976);es="Linear";ed="In";};["Head"]={cf=cfr(-.004,-.003,.001,.925,.092,.369,-.271,.84,.469,-.267,-.534,.802);es="Linear";ed="In";};["UpperTorso"]={cf=cfr(-.004,-.005,-.014,.968,-.054,-.244,.169,.861,.48,.184,-.506,.843);es="Linear";ed="In";};["RightUpperLeg"]={cf=cfr(-.004,.008,.005,.968,-.046,-.245,-.065,.902,-.427,.241,.43,.87);es="Linear";ed="In";};["LeftUpperLeg"]={cf=cfr(-.002,.005,.001,.858,.38,.345,-.006,.679,-.734,-.513,.628,.585);es="Linear";ed="In";};["LeftLowerArm"]={cf=cfr(0,0,0,1,0,0,0,.866,-.5,0,.5,.866);es="Linear";ed="In";};["LeftFoot"]={cf=cfr(0,0,0,1,0,0,0,1,0,0,0,1);es="Linear";ed="In";};["LeftLowerLeg"]={cf=cfr(0,-.001,-.004,1,.005,.001,.001,-.256,.967,.005,-.967,-.256);es="Linear";ed="In";};["RightLowerArm"]={cf=cfr(0,.001,.001,1,0,0,0,.798,-.603,0,.603,.798);es="Linear";ed="In";};["LowerTorso"]={cf=cfr(-.007,-1.367,.555,.968,.013,-.249,-.22,.514,-.829,.117,.858,.501);es="Linear";ed="In";};["RightFoot"]={cf=cfr(0,0,0,1,0,0,0,1,0,0,0,1);es="Linear";ed="In";};["RightLowerLeg"]={cf=cfr(0,0,0,1,0,0,0,.866,.5,0,-.5,.866);es="Linear";ed="In";};["LeftHand"]={cf=cfr(0,0,0,1,0,0,0,1,0,0,0,1);es="Linear";ed="In";};["RightHand"]={cf=cfr(0,0,0,1,0,0,0,1,0,0,0,1);es="Linear";ed="In";};};{tm=.4;["RightUpperArm"]={cf=cfr(-.053,.073,-.055,.565,-.707,-.425,.797,.334,.504,-.214,-.624,.752);es="Linear";ed="In";};["LeftUpperArm"]={cf=cfr(.099,.008,.019,.891,.405,-.203,-.405,.913,.048,.205,.039,.978);es="Linear";ed="In";};["Head"]={cf=cfr(-.004,-.004,.001,.927,.092,.363,-.266,.844,.467,-.263,-.529,.807);es="Linear";ed="In";};["UpperTorso"]={cf=cfr(-.005,-.005,-.014,.97,-.052,-.238,.166,.859,.485,.179,-.51,.841);es="Linear";ed="In";};["RightUpperLeg"]={cf=cfr(-.004,.009,.005,.967,-.051,-.249,-.06,.906,-.419,.247,.42,.873);es="Linear";ed="In";};["LeftUpperLeg"]={cf=cfr(-.002,.005,.001,.858,.377,.35,.003,.677,-.736,-.514,.632,.579);es="Linear";ed="In";};["LeftLowerArm"]={cf=cfr(0,0,0,1,0,0,0,.866,-.5,0,.5,.866);es="Linear";ed="In";};["LeftFoot"]={cf=cfr(0,0,0,1,0,0,0,1,0,0,0,1);es="Linear";ed="In";};["LeftLowerLeg"]={cf=cfr(0,-.001,-.005,1,.005,.001,.001,-.248,.969,.005,-.969,-.248);es="Linear";ed="In";};["RightLowerArm"]={cf=cfr(0,.001,.001,1,0,0,0,.801,-.599,0,.599,.801);es="Linear";ed="In";};["LowerTorso"]={cf=cfr(-.008,-1.344,.564,.971,.015,-.24,-.211,.533,-.819,.115,.846,.52);es="Linear";ed="In";};["RightFoot"]={cf=cfr(0,0,0,1,0,0,0,1,0,0,0,1);es="Linear";ed="In";};["RightLowerLeg"]={cf=cfr(0,0,0,1,0,0,0,.866,.5,0,-.5,.866);es="Linear";ed="In";};["LeftHand"]={cf=cfr(0,0,0,1,0,0,0,1,0,0,0,1);es="Linear";ed="In";};["RightHand"]={cf=cfr(0,0,0,1,0,0,0,1,0,0,0,1);es="Linear";ed="In";};};{tm=.417;["RightUpperArm"]={cf=cfr(-.05,.069,-.052,.556,-.717,-.42,.807,.345,.479,-.199,-.605,.771);es="Linear";ed="In";};["LeftUpperArm"]={cf=cfr(.104,.007,.019,.881,.432,-.194,-.431,.901,.049,.196,.041,.98);es="Linear";ed="In";};["Head"]={cf=cfr(-.005,-.004,.001,.93,.091,.356,-.26,.847,.464,-.259,-.524,.812);es="Linear";ed="In";};["UpperTorso"]={cf=cfr(-.005,-.005,-.014,.971,-.05,-.232,.162,.856,.491,.174,-.514,.84);es="Linear";ed="In";};["RightUpperLeg"]={cf=cfr(-.004,.009,.005,.966,-.056,-.254,-.055,.91,-.41,.254,.41,.876);es="Linear";ed="In";};["LeftUpperLeg"]={cf=cfr(-.002,.005,.001,.857,.373,.356,.013,.674,-.738,-.515,.637,.573);es="Linear";ed="In";};["LeftLowerArm"]={cf=cfr(0,0,0,1,0,0,0,.866,-.5,0,.5,.866);es="Linear";ed="In";};["LeftFoot"]={cf=cfr(0,0,0,1,0,0,0,1,0,0,0,1);es="Linear";ed="In";};["LeftLowerLeg"]={cf=cfr(0,-.001,-.005,1,.005,.001,.001,-.24,.971,.005,-.971,-.24);es="Linear";ed="In";};["RightLowerArm"]={cf=cfr(0,.001,.001,1,0,0,0,.804,-.595,0,.595,.804);es="Linear";ed="In";};["LowerTorso"]={cf=cfr(-.008,-1.319,.573,.973,.018,-.231,-.202,.552,-.809,.113,.834,.541);es="Linear";ed="In";};["RightFoot"]={cf=cfr(0,0,0,1,0,0,0,1,0,0,0,1);es="Linear";ed="In";};["RightLowerLeg"]={cf=cfr(0,0,0,1,0,0,0,.866,.5,0,-.5,.866);es="Linear";ed="In";};["LeftHand"]={cf=cfr(0,0,0,1,0,0,0,1,0,0,0,1);es="Linear";ed="In";};["RightHand"]={cf=cfr(0,0,0,1,0,0,0,1,0,0,0,1);es="Linear";ed="In";};};{tm=.433;["RightUpperArm"]={cf=cfr(-.048,.065,-.049,.546,-.728,-.414,.818,.355,.452,-.182,-.586,.79);es="Linear";ed="In";};["LeftUpperArm"]={cf=cfr(.107,.007,.02,.869,.458,-.186,-.458,.888,.05,.188,.042,.981);es="Linear";ed="In";};["Head"]={cf=cfr(-.006,-.005,.001,.933,.09,.348,-.254,.851,.46,-.254,-.518,.817);es="Linear";ed="In";};["UpperTorso"]={cf=cfr(-.005,-.005,-.014,.973,-.048,-.226,.158,.853,.497,.169,-.519,.838);es="Linear";ed="In";};["RightUpperLeg"]={cf=cfr(-.004,.01,.005,.964,-.061,-.258,-.049,.915,-.401,.261,.4,.879);es="Linear";ed="In";};["LeftUpperLeg"]={cf=cfr(-.002,.005,.001,.856,.369,.362,.023,.672,-.74,-.516,.642,.567);es="Linear";ed="In";};["LeftLowerArm"]={cf=cfr(0,0,0,1,0,0,0,.866,-.5,0,.5,.866);es="Linear";ed="In";};["LeftFoot"]={cf=cfr(0,0,0,1,0,0,0,1,0,0,0,1);es="Linear";ed="In";};["LeftLowerLeg"]={cf=cfr(0,-.001,-.005,1,.006,.001,.001,-.232,.973,.006,-.973,-.232);es="Linear";ed="In";};["RightLowerArm"]={cf=cfr(0,.001,.001,1,0,0,0,.807,-.591,0,.591,.807);es="Linear";ed="In";};["LowerTorso"]={cf=cfr(-.008,-1.294,.582,.975,.019,-.221,-.192,.572,-.798,.111,.82,.561);es="Linear";ed="In";};["RightFoot"]={cf=cfr(0,0,0,1,0,0,0,1,0,0,0,1);es="Linear";ed="In";};["RightLowerLeg"]={cf=cfr(0,0,0,1,0,0,0,.866,.5,0,-.5,.866);es="Linear";ed="In";};["LeftHand"]={cf=cfr(0,0,0,1,0,0,0,1,0,0,0,1);es="Linear";ed="In";};["RightHand"]={cf=cfr(0,0,0,1,0,0,0,1,0,0,0,1);es="Linear";ed="In";};};{tm=.45;["RightUpperArm"]={cf=cfr(-.046,.062,-.046,.535,-.74,-.408,.829,.366,.424,-.165,-.565,.809);es="Linear";ed="In";};["LeftUpperArm"]={cf=cfr(.11,.006,.02,.856,.486,-.176,-.485,.873,.05,.178,.043,.983);es="Linear";ed="In";};["Head"]={cf=cfr(-.007,-.006,.001,.937,.089,.339,-.247,.855,.457,-.249,-.511,.823);es="Linear";ed="In";};["UpperTorso"]={cf=cfr(-.005,-.005,-.014,.975,-.046,-.219,.153,.851,.503,.163,-.524,.836);es="Linear";ed="In";};["RightUpperLeg"]={cf=cfr(-.005,.01,.006,.962,-.066,-.263,-.044,.919,-.392,.268,.389,.881);es="Linear";ed="In";};["LeftUpperLeg"]={cf=cfr(-.002,.005,.001,.855,.365,.368,.034,.669,-.742,-.517,.648,.56);es="Linear";ed="In";};["LeftLowerArm"]={cf=cfr(0,0,0,1,0,0,0,.866,-.5,0,.5,.866);es="Linear";ed="In";};["LeftFoot"]={cf=cfr(0,0,0,1,0,0,0,1,0,0,0,1);es="Linear";ed="In";};["LeftLowerLeg"]={cf=cfr(0,-.001,-.005,1,.006,.001,.001,-.223,.975,.006,-.975,-.223);es="Linear";ed="In";};["RightLowerArm"]={cf=cfr(0,.001,.001,1,0,0,0,.81,-.587,0,.587,.81);es="Linear";ed="In";};["LowerTorso"]={cf=cfr(-.009,-1.267,.592,.977,.021,-.211,-.182,.592,-.785,.108,.806,.582);es="Linear";ed="In";};["RightFoot"]={cf=cfr(0,0,0,1,0,0,0,1,0,0,0,1);es="Linear";ed="In";};["RightLowerLeg"]={cf=cfr(0,0,0,1,0,0,0,.866,.5,0,-.5,.866);es="Linear";ed="In";};["LeftHand"]={cf=cfr(0,0,0,1,0,0,0,1,0,0,0,1);es="Linear";ed="In";};["RightHand"]={cf=cfr(0,0,0,1,0,0,0,1,0,0,0,1);es="Linear";ed="In";};};{tm=.467;["RightUpperArm"]={cf=cfr(-.043,.058,-.043,.525,-.751,-.4,.839,.375,.395,-.146,-.543,.827);es="Linear";ed="In";};["LeftUpperArm"]={cf=cfr(.113,.004,.02,.842,.514,-.167,-.513,.857,.05,.169,.043,.985);es="Linear";ed="In";};["Head"]={cf=cfr(-.008,-.007,.001,.94,.088,.329,-.239,.859,.453,-.243,-.504,.829);es="Linear";ed="In";};["UpperTorso"]={cf=cfr(-.005,-.005,-.014,.976,-.044,-.212,.149,.848,.509,.157,-.528,.834);es="Linear";ed="In";};["RightUpperLeg"]={cf=cfr(-.005,.01,.006,.961,-.072,-.268,-.038,.923,-.382,.275,.377,.884);es="Linear";ed="In";};["LeftUpperLeg"]={cf=cfr(-.002,.005,.001,.854,.361,.374,.045,.666,-.745,-.518,.653,.553);es="Linear";ed="In";};["LeftLowerArm"]={cf=cfr(0,0,0,1,0,0,0,.866,-.5,0,.5,.866);es="Linear";ed="In";};["LeftFoot"]={cf=cfr(0,0,0,1,0,0,0,1,0,0,0,1);es="Linear";ed="In";};["LeftLowerLeg"]={cf=cfr(0,-.001,-.005,1,.007,.001,.001,-.214,.977,.007,-.977,-.214);es="Linear";ed="In";};["RightLowerArm"]={cf=cfr(0,.001,.001,1,0,0,0,.813,-.583,0,.583,.813);es="Linear";ed="In";};["LowerTorso"]={cf=cfr(-.009,-1.239,.602,.98,.023,-.2,-.172,.612,-.772,.105,.79,.604);es="Linear";ed="In";};["RightFoot"]={cf=cfr(0,0,0,1,0,0,0,1,0,0,0,1);es="Linear";ed="In";};["RightLowerLeg"]={cf=cfr(0,0,0,1,0,0,0,.866,.5,0,-.5,.866);es="Linear";ed="In";};["LeftHand"]={cf=cfr(0,0,0,1,0,0,0,1,0,0,0,1);es="Linear";ed="In";};["RightHand"]={cf=cfr(0,0,0,1,0,0,0,1,0,0,0,1);es="Linear";ed="In";};};{tm=.483;["RightUpperArm"]={cf=cfr(-.041,.054,-.04,.514,-.763,-.392,.849,.385,.363,-.126,-.52,.845);es="Linear";ed="In";};["LeftUpperArm"]={cf=cfr(.114,.003,.02,.826,.542,-.157,-.541,.839,.05,.159,.044,.986);es="Linear";ed="In";};["Head"]={cf=cfr(-.009,-.008,.001,.944,.087,.319,-.231,.864,.448,-.237,-.497,.835);es="Linear";ed="In";};["UpperTorso"]={cf=cfr(-.005,-.005,-.014,.978,-.042,-.205,.144,.845,.515,.152,-.533,.832);es="Linear";ed="In";};["RightUpperLeg"]={cf=cfr(-.005,.01,.006,.959,-.077,-.274,-.032,.928,-.372,.283,.365,.887);es="Linear";ed="In";};["LeftUpperLeg"]={cf=cfr(-.002,.005,.002,.853,.356,.381,.057,.663,-.747,-.518,.659,.545);es="Linear";ed="In";};["LeftLowerArm"]={cf=cfr(0,0,0,1,0,0,0,.866,-.5,0,.5,.866);es="Linear";ed="In";};["LeftFoot"]={cf=cfr(0,0,0,1,0,0,0,1,0,0,0,1);es="Linear";ed="In";};["LeftLowerLeg"]={cf=cfr(0,-.001,-.005,1,.007,.001,.001,-.204,.979,.007,-.979,-.204);es="Linear";ed="In";};["RightLowerArm"]={cf=cfr(0,.001,.001,1,0,0,0,.816,-.578,0,.578,.816);es="Linear";ed="In";};["LowerTorso"]={cf=cfr(-.009,-1.2