local cfr = CFrame.new

return {{tm=0;["Head"]={cf=cfr(0,0,0,1,0,0,0,.708,-.706,0,.706,.708);es="Quad";ed="InOut";};["LeftUpperArm"]={cf=cfr(0,0,0,.795,.52,-.313,-.602,.742,-.295,.079,.423,.903);es="Quad";ed="InOut";};["RightUpperArm"]={cf=cfr(0,0,0,.795,-.52,.313,.602,.742,-.295,-.079,.423,.903);es="Quad";ed="InOut";};["LeftUpperLeg"]={cf=cfr(0,0,0,.851,.297,.433,-.199,.946,-.257,-.485,.133,.864);es="Quad";ed="InOut";};["RightUpperLeg"]={cf=cfr(0,0,0,.851,-.297,-.433,.199,.946,-.257,.485,.133,.864);es="Quad";ed="InOut";};["UpperTorso"]={cf=cfr(0,0,-.015,1,0,0,0,.983,.183,0,-.183,.983);es="Quad";ed="InOut";};["LeftFoot"]={cf=cfr(0,0,0,1,0,0,0,1,0,0,0,1);es="Quad";ed="InOut";};["LeftLowerLeg"]={cf=cfr(0,0,0,1,0,0,0,.707,.707,0,-.707,.707);es="Quad";ed="InOut";};["RightHand"]={cf=cfr(0,0,0,1,0,0,0,1,0,0,0,1);es="Quad";ed="InOut";};["LeftHand"]={cf=cfr(.001,0,0,1,0,0,0,1,0,0,0,1);es="Quad";ed="InOut";};["RightFoot"]={cf=cfr(0,0,0,1,0,0,0,1,0,0,0,1);es="Quad";ed="InOut";};["RightLowerLeg"]={cf=cfr(0,0,0,1,0,0,0,.707,.707,0,-.707,.707);es="Quad";ed="InOut";};["LeftLowerArm"]={cf=cfr(.001,0,0,1,0,0,0,.643,-.766,0,.766,.643);es="Quad";ed="InOut";};["LowerTorso"]={cf=cfr(0,0,0,1,0,0,0,.763,.646,0,-.646,.763);es="Quad";ed="InOut";};["RightLowerArm"]={cf=cfr(0,0,0,1,0,0,0,.643,-.766,0,.766,.643);es="Quad";ed="InOut";};};{tm=.017;["RightUpperArm"]={cf=cfr(0,0,0,.795,-.52,.313,.602,.742,-.295,-.079,.422,.903);es="Linear";ed="In";};["LeftUpperArm"]={cf=cfr(0,0,0,.795,.52,-.313,-.602,.742,-.295,.079,.422,.903);es="Linear";ed="In";};["Head"]={cf=cfr(0,0,0,1,0,0,0,.709,-.705,0,.705,.709);es="Linear";ed="In";};["UpperTorso"]={cf=cfr(0,0,-.015,1,0,0,0,.983,.183,0,-.183,.983);es="Linear";ed="In";};["RightUpperLeg"]={cf=cfr(0,0,0,.851,-.297,-.433,.199,.946,-.257,.485,.133,.864);es="Linear";ed="In";};["LeftUpperLeg"]={cf=cfr(0,0,0,.851,.297,.433,-.198,.946,-.258,-.486,.134,.864);es="Linear";ed="In";};["LeftFoot"]={cf=cfr(0,0,0,1,0,0,0,1,0,0,0,1);es="Linear";ed="In";};["LeftLowerLeg"]={cf=cfr(0,0,0,1,0,0,0,.707,.708,0,-.708,.707);es="Linear";ed="In";};["RightHand"]={cf=cfr(0,0,0,1,0,0,0,1,0,0,0,1);es="Linear";ed="In";};["LeftHand"]={cf=cfr(.001,0,0,1,0,0,0,1,0,0,0,1);es="Linear";ed="In";};["RightFoot"]={cf=cfr(0,0,0,1,0,0,0,1,0,0,0,1);es="Linear";ed="In";};["RightLowerLeg"]={cf=cfr(0,0,0,1,0,0,0,.707,.707,0,-.707,.707);es="Linear";ed="In";};["LeftLowerArm"]={cf=cfr(.001,0,0,1,0,0,0,.643,-.766,0,.766,.643);es="Linear";ed="In";};["LowerTorso"]={cf=cfr(0,0,0,1,0,0,0,.764,.645,0,-.645,.764);es="Linear";ed="In";};["RightLowerArm"]={cf=cfr(0,0,0,1,0,0,0,.643,-.766,0,.766,.643);es="Linear";ed="In";};};{tm=.033;["RightUpperArm"]={cf=cfr(-.001,0,0,.794,-.522,.311,.603,.742,-.294,-.077,.421,.904);es="Linear";ed="In";};["LeftUpperArm"]={cf=cfr(.001,0,0,.794,.522,-.312,-.603,.742,-.294,.078,.421,.904);es="Linear";ed="In";};["Head"]={cf=cfr(0,-.002,-.001,1,0,0,0,.711,-.703,0,.703,.711);es="Linear";ed="In";};["UpperTorso"]={cf=cfr(0,0,-.015,1,0,0,0,.983,.184,0,-.184,.983);es="Linear";ed="In";};["RightUpperLeg"]={cf=cfr(0,0,0,.852,-.296,-.432,.198,.946,-.257,.485,.133,.864);es="Linear";ed="In";};["LeftUpperLeg"]={cf=cfr(0,0,0,.851,.297,.433,-.197,.945,-.26,-.486,.136,.863);es="Linear";ed="In";};["LeftFoot"]={cf=cfr(0,0,0,1,0,0,0,1,0,0,0,1);es="Linear";ed="In";};["LeftLowerLeg"]={cf=cfr(0,0,0,1,0,0,0,.705,.709,0,-.709,.705);es="Linear";ed="In";};["RightHand"]={cf=cfr(0,0,0,1,0,0,0,1,0,0,0,1);es="Linear";ed="In";};["LeftHand"]={cf=cfr(.001,0,0,1,0,0,0,1,0,0,0,1);es="Linear";ed="In";};["RightFoot"]={cf=cfr(0,0,0,1,0,0,0,1,0,0,0,1);es="Linear";ed="In";};["RightLowerLeg"]={cf=cfr(0,0,0,1,0,0,0,.708,.706,0,-.706,.708);es="Linear";ed="In";};["LeftLowerArm"]={cf=cfr(.001,0,0,1,0,0,0,.644,-.765,0,.765,.644);es="Linear";ed="In";};["LowerTorso"]={cf=cfr(0,-.001,0,1,0,0,0,.765,.644,0,-.644,.765);es="Linear";ed="In";};["RightLowerArm"]={cf=cfr(0,0,0,1,0,0,0,.644,-.765,0,.765,.644);es="Linear";ed="In";};};{tm=.05;["RightUpperArm"]={cf=cfr(-.002,0,0,.793,-.525,.31,.604,.741,-.293,-.075,.42,.905);es="Linear";ed="In";};["LeftUpperArm"]={cf=cfr(.001,0,0,.792,.525,-.311,-.605,.741,-.292,.077,.42,.904);es="Linear";ed="In";};["Head"]={cf=cfr(0,-.004,-.002,1,0,0,0,.715,-.7,0,.7,.715);es="Linear";ed="In";};["UpperTorso"]={cf=cfr(0,0,-.015,1,0,0,0,.983,.184,0,-.184,.983);es="Linear";ed="In";};["RightUpperLeg"]={cf=cfr(0,0,0,.852,-.296,-.432,.198,.946,-.257,.485,.133,.864);es="Linear";ed="In";};["LeftUpperLeg"]={cf=cfr(0,.001,0,.851,.296,.433,-.196,.945,-.262,-.487,.139,.862);es="Linear";ed="In";};["LeftFoot"]={cf=cfr(0,0,0,1,0,0,0,1,0,0,0,1);es="Linear";ed="In";};["LeftLowerLeg"]={cf=cfr(0,.001,-.001,1,0,0,0,.703,.712,0,-.712,.703);es="Linear";ed="In";};["RightHand"]={cf=cfr(0,0,0,1,0,0,0,1,0,0,0,1);es="Linear";ed="In";};["LeftHand"]={cf=cfr(.001,0,0,1,0,0,0,1,0,0,0,1);es="Linear";ed="In";};["RightFoot"]={cf=cfr(0,0,0,1,0,0,0,1,0,0,0,1);es="Linear";ed="In";};["RightLowerLeg"]={cf=cfr(0,0,0,1,0,0,0,.709,.706,0,-.706,.709);es="Linear";ed="In";};["LeftLowerArm"]={cf=cfr(.001,0,0,1,0,0,0,.645,-.764,0,.764,.645);es="Linear";ed="In";};["LowerTorso"]={cf=cfr(0,-.001,0,1,0,0,0,.768,.641,0,-.641,.768);es="Linear";ed="In";};["RightLowerArm"]={cf=cfr(0,0,0,1,0,0,0,.645,-.764,0,.764,.645);es="Linear";ed="In";};};{tm=.067;["RightUpperArm"]={cf=cfr(-.003,0,0,.792,-.528,.307,.607,.739,-.292,-.073,.417,.906);es="Linear";ed="In";};["LeftUpperArm"]={cf=cfr(.002,0,-.001,.79,.528,-.31,-.608,.739,-.29,.076,.418,.905);es="Linear";ed="In";};["Head"]={cf=cfr(0,-.007,-.003,1,.001,0,0,.719,-.695,-.001,.695,.719);es="Linear";ed="In";};["UpperTorso"]={cf=cfr(0,-.001,-.015,1,0,0,0,.983,.185,0,-.185,.983);es="Linear";ed="In";};["RightUpperLeg"]={cf=cfr(0,0,0,.852,-.295,-.432,.197,.946,-.257,.484,.133,.865);es="Linear";ed="In";};["LeftUpperLeg"]={cf=cfr(0,.002,.001,.851,.296,.433,-.193,.944,-.266,-.488,.143,.861);es="Linear";ed="In";};["LeftFoot"]={cf=cfr(0,0,0,1,0,0,0,1,0,0,0,1);es="Linear";ed="In";};["LeftLowerLeg"]={cf=cfr(0,.001,-.002,1,0,0,0,.699,.715,0,-.715,.699);es="Linear";ed="In";};["RightHand"]={cf=cfr(0,0,0,1,0,0,0,1,0,0,0,1);es="Linear";ed="In";};["LeftHand"]={cf=cfr(.001,0,0,1,0,0,0,1,0,0,0,1);es="Linear";ed="In";};["RightFoot"]={cf=cfr(0,0,0,1,0,0,0,1,0,0,0,1);es="Linear";ed="In";};["RightLowerLeg"]={cf=cfr(0,0,0,1,0,0,0,.71,.705,0,-.705,.71);es="Linear";ed="In";};["LeftLowerArm"]={cf=cfr(.001,0,0,1,0,0,0,.646,-.763,0,.763,.646);es="Linear";ed="In";};["LowerTorso"]={cf=cfr(0,-.002,0,1,0,0,0,.771,.637,0,-.637,.771);es="Linear";ed="In";};["RightLowerArm"]={cf=cfr(0,0,0,1,0,0,0,.646,-.763,0,.763,.646);es="Linear";ed="In";};};{tm=.083;["RightUpperArm"]={cf=cfr(-.005,0,0,.79,-.533,.304,.609,.738,-.29,-.069,.414,.907);es="Linear";ed="In";};["LeftUpperArm"]={cf=cfr(.004,0,-.001,.788,.533,-.309,-.611,.738,-.287,.075,.415,.907);es="Linear";ed="In";};["Head"]={cf=cfr(0,-.01,-.004,1,.001,0,-.001,.725,-.689,-.001,.689,.725);es="Linear";ed="In";};["UpperTorso"]={cf=cfr(0,-.001,-.015,1,0,0,0,.983,.186,0,-.186,.983);es="Linear";ed="In";};["RightUpperLeg"]={cf=cfr(0,0,0,.853,-.294,-.431,.196,.946,-.256,.484,.134,.865);es="Linear";ed="In";};["LeftUpperLeg"]={cf=cfr(0,.003,.001,.851,.296,.434,-.19,.944,-.272,-.49,.149,.859);es="Linear";ed="In";};["LeftFoot"]={cf=cfr(0,0,0,1,0,0,0,1,0,0,0,1);es="Linear";ed="In";};["LeftLowerLeg"]={cf=cfr(0,.002,-.003,1,0,0,0,.694,.72,0,-.72,.694);es="Linear";ed="In";};["RightHand"]={cf=cfr(0,0,0,1,0,0,0,1,0,0,0,1);es="Linear";ed="In";};["LeftHand"]={cf=cfr(.001,0,0,1,0,0,0,1,0,0,0,1);es="Linear";ed="In";};["RightFoot"]={cf=cfr(0,0,0,1,0,0,0,1,0,0,0,1);es="Linear";ed="In";};["RightLowerLeg"]={cf=cfr(0,0,0,1,0,0,0,.711,.703,0,-.703,.711);es="Linear";ed="In";};["LeftLowerArm"]={cf=cfr(.001,0,0,1,0,0,0,.649,-.761,0,.761,.649);es="Linear";ed="In";};["LowerTorso"]={cf=cfr(0,-.004,0,1,0,0,0,.776,.631,0,-.631,.776);es="Linear";ed="In";};["RightLowerArm"]={cf=cfr(0,0,0,1,0,0,0,.649,-.761,0,.761,.649);es="Linear";ed="In";};};{tm=.1;["RightUpperArm"]={cf=cfr(-.007,0,-.001,.787,-.539,.299,.613,.736,-.289,-.065,.411,.909);es="Linear";ed="In";};["LeftUpperArm"]={cf=cfr(.005,0,-.002,.785,.539,-.307,-.615,.735,-.284,.073,.411,.909);es="Linear";ed="In";};["Head"]={cf=cfr(0,-.015,-.006,1,.002,0,-.001,.732,-.681,-.001,.681,.732);es="Linear";ed="In";};["UpperTorso"]={cf=cfr(0,-.001,-.014,1,0,0,0,.982,.187,0,-.187,.982);es="Linear";ed="In";};["RightUpperLeg"]={cf=cfr(0,0,0,.854,-.292,-.431,.195,.947,-.255,.483,.134,.866);es="Linear";ed="In";};["LeftUpperLeg"]={cf=cfr(0,.004,.002,.851,.296,.434,-.186,.943,-.278,-.492,.156,.857);es="Linear";ed="In";};["LeftFoot"]={cf=cfr(0,0,0,1,0,0,0,1,0,0,0,1);es="Linear";ed="In";};["LeftLowerLeg"]={cf=cfr(0,.002,-.004,1,0,0,0,.689,.725,0,-.725,.689);es="Linear";ed="In";};["RightHand"]={cf=cfr(0,0,0,1,0,0,0,1,0,0,0,1);es="Linear";ed="In";};["LeftHand"]={cf=cfr(.001,0,0,1,0,0,0,1,0,0,0,1);es="Linear";ed="In";};["RightFoot"]={cf=cfr(0,0,0,1,0,0,0,1,0,0,0,1);es="Linear";ed="In";};["RightLowerLeg"]={cf=cfr(0,.001,0,1,0,0,0,.713,.701,0,-.701,.713);es="Linear";ed="In";};["LeftLowerArm"]={cf=cfr(.001,0,0,1,0,0,0,.651,-.759,0,.759,.651);es="Linear";ed="In";};["LowerTorso"]={cf=cfr(0,-.005,-.001,1,0,0,0,.781,.625,0,-.625,.781);es="Linear";ed="In";};["RightLowerArm"]={cf=cfr(0,0,0,1,0,0,0,.651,-.759,0,.759,.651);es="Linear";ed="In";};};{tm=.117;["RightUpperArm"]={cf=cfr(-.009,0,-.001,.785,-.545,.295,.617,.733,-.286,-.06,.406,.912);es="Linear";ed="In";};["LeftUpperArm"]={cf=cfr(.007,.001,-.002,.781,.545,-.304,-.62,.733,-.28,.071,.407,.911);es="Linear";ed="In";};["Head"]={cf=cfr(-.001,-.02,-.008,1,.002,0,-.001,.741,-.672,-.002,.672,.741);es="Linear";ed="In";};["UpperTorso"]={cf=cfr(0,-.001,-.014,1,-.001,0,.001,.982,.189,-.001,-.189,.982);es="Linear";ed="In";};["RightUpperLeg"]={cf=cfr(0,0,0,.855,-.291,-.43,.194,.947,-.255,.482,.134,.866);es="Linear";ed="In";};["LeftUpperLeg"]={cf=cfr(0,.005,.002,.851,.295,.435,-.181,.941,-.285,-.494,.164,.854);es="Linear";ed="In";};["LeftFoot"]={cf=cfr(0,0,0,1,0,0,0,1,0,0,0,1);es="Linear";ed="In";};["LeftLowerLeg"]={cf=cfr(0,.003,-.005,1,.001,0,0,.682,.732,.001,-.732,.682);es="Linear";ed="In";};["RightHand"]={cf=cfr(0,0,0,1,0,0,0,1,0,0,0,1);es="Linear";ed="In";};["LeftHand"]={cf=cfr(.001,0,0,1,0,0,0,1,0,0,0,1);es="Linear";ed="In";};["RightFoot"]={cf=cfr(0,0,0,1,0,0,0,1,0,0,0,1);es="Linear";ed="In";};["RightLowerLeg"]={cf=cfr(0,.001,0,1,0,0,0,.715,.699,0,-.699,.715);es="Linear";ed="In";};["LeftLowerArm"]={cf=cfr(.001,.001,.001,1,0,0,0,.654,-.756,0,.756,.654);es="Linear";ed="In";};["LowerTorso"]={cf=cfr(0,-.007,-.001,1,0,0,0,.787,.617,0,-.617,.787);es="Linear";ed="In";};["RightLowerArm"]={cf=cfr(0,.001,.001,1,0,0,0,.654,-.756,0,.756,.654);es="Linear";ed="In";};};{tm=.133;["RightUpperArm"]={cf=cfr(-.012,.001,-.001,.781,-.553,.289,.622,.73,-.284,-.054,.401,.914);es="Linear";ed="In";};["LeftUpperArm"]={cf=cfr(.009,.001,-.003,.777,.553,-.302,-.626,.73,-.275,.068,.402,.913);es="Linear";ed="In";};["Head"]={cf=cfr(-.001,-.025,-.011,1,.003,.001,-.002,.75,-.661,-.002,.661,.75);es="Linear";ed="In";};["UpperTorso"]={cf=cfr(0,-.001,-.014,1,-.001,0,.001,.982,.19,-.001,-.19,.982);es="Linear";ed="In";};["RightUpperLeg"]={cf=cfr(0,0,0,.856,-.289,-.429,.193,.948,-.254,.48,.135,.867);es="Linear";ed="In";};["LeftUpperLeg"]={cf=cfr(-.001,.007,.003,.85,.295,.436,-.176,.94,-.293,-.496,.173,.851);es="Linear";ed="In";};["LeftFoot"]={cf=cfr(0,0,0,1,0,0,0,1,0,0,0,1);es="Linear";ed="In";};["LeftLowerLeg"]={cf=cfr(0,.004,-.007,1,.001,0,0,.674,.739,.001,-.739,.674);es="Linear";ed="In";};["RightHand"]={cf=cfr(0,0,0,1,0,0,0,1,0,0,0,1);es="Linear";ed="In";};["LeftHand"]={cf=cfr(.001,0,0,1,0,0,0,1,0,0,0,1);es="Linear";ed="In";};["RightFoot"]={cf=cfr(0,0,0,1,0,0,0,1,0,0,0,1);es="Linear";ed="In";};["RightLowerLeg"]={cf=cfr(0,.001,0,1,0,0,0,.717,.697,0,-.697,.717);es="Linear";ed="In";};["LeftLowerArm"]={cf=cfr(.001,.001,.001,1,0,0,0,.658,-.753,0,.753,.658);es="Linear";ed="In";};["LowerTorso"]={cf=cfr(0,-.009,-.001,1,0,0,0,.794,.608,0,-.608,.794);es="Linear";ed="In";};["RightLowerArm"]={cf=cfr(0,.001,.001,1,0,0,0,.658,-.753,0,.753,.658);es="Linear";ed="In";};};{tm=.15;["RightUpperArm"]={cf=cfr(-.015,.001,-.001,.778,-.562,.282,.627,.727,-.281,-.047,.396,.917);es="Linear";ed="In";};["LeftUpperArm"]={cf=cfr(.011,.001,-.003,.772,.562,-.299,-.633,.726,-.27,.065,.397,.916);es="Linear";ed="In";};["Head"]={cf=cfr(-.001,-.032,-.013,1,.004,.001,-.002,.761,-.649,-.003,.649,.761);es="Linear";ed="In";};["UpperTorso"]={cf=cfr(0,-.001,-.014,1,-.001,.001,.001,.981,.192,-.001,-.192,.981);es="Linear";ed="In";};["RightUpperLeg"]={cf=cfr(0,0,0,.857,-.287,-.429,.191,.948,-.253,.479,.135,.867);es="Linear";ed="In";};["LeftUpperLeg"]={cf=cfr(-.001,.008,.004,.85,.295,.437,-.169,.938,-.303,-.499,.184,.847);es="Linear";ed="In";};["LeftFoot"]={cf=cfr(0,0,0,1,0,0,0,1,0,0,0,1);es="Linear";ed="In";};["LeftLowerLeg"]={cf=cfr(0,.005,-.009,1,.001,0,0,.665,.747,.001,-.747,.665);es="Linear";ed="In";};["RightHand"]={cf=cfr(0,0,0,1,0,0,0,1,0,0,0,1);es="Linear";ed="In";};["LeftHand"]={cf=cfr(.001,0,0,1,0,0,0,1,0,0,0,1);es="Linear";ed="In";};["RightFoot"]={cf=cfr(0,0,0,1,0,0,0,1,0,0,0,1);es="Linear";ed="In";};["RightLowerLeg"]={cf=cfr(0,.001,-.001,1,0,0,0,.72,.694,0,-.694,.72);es="Linear";ed="In";};["LeftLowerArm"]={cf=cfr(.001,.001,.001,1,0,0,0,.661,-.75,0,.75,.661);es="Linear";ed="In";};["LowerTorso"]={cf=cfr(0,-.012,-.002,1,0,0,0,.802,.598,0,-.598,.802);es="Linear";ed="In";};["RightLowerArm"]={cf=cfr(0,.001,.001,1,0,0,0,.661,-.75,0,.75,.661);es="Linear";ed="In";};};{tm=.167;["RightUpperArm"]={cf=cfr(-.018,.001,-.002,.773,-.571,.275,.633,.723,-.278,-.04,.389,.92);es="Linear";ed="In";};["LeftUpperArm"]={cf=cfr(.014,.001,-.004,.766,.571,-.295,-.64,.722,-.264,.062,.391,.918);es="Linear";ed="In";};["Head"]={cf=cfr(-.001,-.039,-.016,1,.005,.001,-.003,.772,-.635,-.004,.635,.772);es="Linear";ed="In";};["UpperTorso"]={cf=cfr(0,-.001,-.014,1,-.001,.001,.001,.981,.194,-.001,-.194,.981);es="Linear";ed="In";};["RightUpperLeg"]={cf=cfr(0,0,0,.858,-.285,-.428,.189,.949,-.252,.478,.135,.868);es="Linear";ed="In";};["LeftUpperLeg"]={cf=cfr(-.001,.01,.004,.85,.294,.438,-.162,.936,-.313,-.502,.195,.843);es="Linear";ed="In";};["LeftFoot"]={cf=cfr(0,0,0,1,0,0,0,1,0,0,0,1);es="Linear";ed="In";};["LeftLowerLeg"]={cf=cfr(0,.006,-.011,1,.001,0,0,.654,.756,.001,-.756,.654);es="Linear";ed="In";};["RightHand"]={cf=cfr(0,0,0,1,0,0,0,1,0,0,0,1);es="Linear";ed="In";};["LeftHand"]={cf=cfr(.001,0,0,1,0,0,0,1,0,0,0,1);es="Linear";ed="In";};["RightFoot"]={cf=cfr(0,0,0,1,0,0,0,1,0,0,0,1);es="Linear";ed="In";};["RightLowerLeg"]={cf=cfr(0,.001,-.001,1,0,0,0,.723,.691,0,-.691,.723);es="Linear";ed="In";};["LeftLowerArm"]={cf=cfr(.001,.001,.001,1,0,0,0,.666,-.746,0,.746,.666);es="Linear";ed="In";};["LowerTorso"]={cf=cfr(0,-.014,-.002,1,0,0,0,.81,.586,0,-.586,.81);es="Linear";ed="In";};["RightLowerArm"]={cf=cfr(0,.001,.001,1,0,0,0,.666,-.746,0,.746,.666);es="Linear";ed="In";};};{tm=.183;["RightUpperArm"]={cf=cfr(-.021,.001,-.002,.768,-.582,.267,.639,.718,-.274,-.032,.382,.924);es="Linear";ed="In";};["LeftUpperArm"]={cf=cfr(.016,.001,-.005,.76,.582,-.291,-.648,.717,-.257,.059,.384,.921);es="Linear";ed="In";};["Head"]={cf=cfr(-.001,-.046,-.018,1,.005,.001,-.003,.785,-.62,-.005,.62,.785);es="Linear";ed="In";};["UpperTorso"]={cf=cfr(0,-.001,-.014,1,-.002,.001,.001,.98,.197,-.001,-.197,.98);es="Linear";ed="In";};["RightUpperLeg"]={cf=cfr(0,0,0,.859,-.282,-.427,.187,.95,-.251,.476,.136,.869);es="Linear";ed="In";};["LeftUpperLeg"]={cf=cfr(-.001,.012,.005,.849,.294,.439,-.155,.933,-.325,-.505,.208,.838);es="Linear";ed="In";};["LeftFoot"]={cf=cfr(0,0,0,1,0,0,0,1,0,0,0,1);es="Linear";ed="In";};["LeftLowerLeg"]={cf=cfr(0,.007,-.013,1,.002,-.001,-.001,.643,.766,.002,-.766,.643);es="Linear";ed="In";};["RightHand"]={cf=cfr(0,0,0,1,0,0,0,1,0,0,0,1);es="Linear";ed="In";};["LeftHand"]={cf=cfr(.001,0,0,1,0,0,0,1,0,0,0,1);es="Linear";ed="In";};["RightFoot"]={cf=cfr(0,0,0,1,0,0,0,1,0,0,0,1);es="Linear";ed="In";};["RightLowerLeg"]={cf=cfr(0,.001,-.001,1,0,0,0,.726,.687,0,-.687,.726);es="Linear";ed="In";};["LeftLowerArm"]={cf=cfr(.001,.001,.001,1,0,0,0,.67,-.742,0,.742,.67);es="Linear";ed="In";};["LowerTorso"]={cf=cfr(0,-.017,-.003,1,0,0,0,.82,.573,0,-.573,.82);es="Linear";ed="In";};["RightLowerArm"]={cf=cfr(0,.001,.001,1,0,0,0,.67,-.742,0,.742,.67);es="Linear";ed="In";};};{tm=.2;["RightUpperArm"]={cf=cfr(-.025,.001,-.002,.763,-.593,.258,.646,.713,-.271,-.023,.373,.927);es="Linear";ed="In";};["LeftUpperArm"]={cf=cfr(.019,.001,-.006,.753,.593,-.287,-.656,.712,-.25,.056,.376,.925);es="Linear";ed="In";};["Head"]={cf=cfr(-.002,-.054,-.021,1,.006,.002,-.004,.798,-.602,-.005,.602,.798);es="Linear";ed="In";};["UpperTorso"]={cf=cfr(0,-.001,-.014,1,-.002,.001,.002,.98,.199,-.001,-.199,.98);es="Linear";ed="In";};["RightUpperLeg"]={cf=cfr(0,.001,0,.861,-.28,-.425,.185,.95,-.25,.474,.136,.87);es="Linear";ed="In";};["LeftUpperLeg"]={cf=cfr(-.001,.014,.006,.849,.293,.44,-.146,.93,-.338,-.508,.222,.832);es="Linear";ed="In";};["LeftFoot"]={cf=cfr(0,0,0,1,0,0,0,1,0,0,0,1);es="Linear";ed="In";};["LeftLowerLeg"]={cf=cfr(0,.008,-.015,1,.002,-.001,-.001,.63,.776,.002,-.776,.63);es="Linear";ed="In";};["RightHand"]={cf=cfr(0,0,0,1,0,0,0,1,0,0,0,1);es="Linear";ed="In";};["LeftHand"]={cf=cfr(.001,0,0,1,0,0,0,1,0,0,0,1);es="Linear";ed="In";};["RightFoot"]={cf=cfr(0,0,0,1,0,0,0,1,0,0,0,1);es="Linear";ed="In";};["RightLowerLeg"]={cf=cfr(0,.001,-.001,1,0,0,0,.73,.684,0,-.684,.73);es="Linear";ed="In";};["LeftLowerArm"]={cf=cfr(.001,.002,.001,1,0,0,0,.676,-.737,0,.737,.676);es="Linear";ed="In";};["LowerTorso"]={cf=cfr(0,-.02,-.003,1,0,0,0,.83,.558,0,-.558,.83);es="Linear";ed="In";};["RightLowerArm"]={cf=cfr(0,.002,.001,1,0,0,0,.676,-.737,0,.737,.676);es="Linear";ed="In";};};{tm=.217;["RightUpperArm"]={cf=cfr(-.029,.001,-.003,.756,-.605,.248,.654,.708,-.267,-.014,.364,.931);es="Linear";ed="In";};["LeftUpperArm"]={cf=cfr(.022,.001,-.007,.745,.605,-.282,-.665,.706,-.243,.052,.368,.928);es="Linear";ed="In";};["Head"]={cf=cfr(-.002,-.062,-.024,1,.008,.002,-.005,.812,-.583,-.006,.583,.812);es="Linear";ed="In";};["UpperTorso"]={cf=cfr(0,-.001,-.014,1,-.002,.001,.002,.979,.202,-.002,-.202,.979);es="Linear";ed="In";};["RightUpperLeg"]={cf=cfr(0,.001,0,.862,-.277,-.424,.183,.951,-.249,.472,.137,.871);es="Linear";ed="In";};["LeftUpperLeg"]={cf=cfr(-.002,.016,.007,.848,.292,.441,-.137,.926,-.351,-.512,.238,.826);es="Linear";ed="In";};["LeftFoot"]={cf=cfr(0,0,0,1,0,0,0,1,0,0,0,1);es="Linear";ed="In";};["LeftLowerLeg"]={cf=cfr(0,.009,-.017,1,.002,-.001,-.001,.616,.788,.002,-.788,.616);es="Linear";ed="In";};["RightHand"]={cf=cfr(0,0,0,1,0,0,0,1,0,0,0,1);es="Linear";ed="In";};["LeftHand"]={cf=cfr(.001,0,0,1,0,0,0,1,0,0,0,1);es="Linear";ed="In";};["RightFoot"]={cf=cfr(0,0,0,1,0,0,0,1,0,0,0,1);es="Linear";ed="In";};["RightLowerLeg"]={cf=cfr(0,.002,-.001,1,0,0,0,.734,.679,0,-.679,.734);es="Linear";ed="In";};["LeftLowerArm"]={cf=cfr(.001,.002,.002,1,0,0,0,.681,-.732,0,.732,.681);es="Linear";ed="In";};["LowerTorso"]={cf=cfr(0,-.023,-.004,1,0,0,0,.84,.543,0,-.543,.84);es="Linear";ed="In";};["RightLowerArm"]={cf=cfr(0,.002,.002,1,0,0,0,.681,-.732,0,.732,.681);es="Linear";ed="In";};};{tm=.233;["RightUpperArm"]={cf=cfr(-.032,.001,-.003,.749,-.618,.238,.662,.702,-.263,-.004,.354,.935);es="Linear";ed="In";};["LeftUpperArm"]={cf=cfr(.025,.001,-.007,.736,.618,-.276,-.675,.699,-.234,.048,.359,.932);es="Linear";ed="In";};["Head"]={cf=cfr(-.002,-.07,-.026,1,.009,.003,-.006,.827,-.562,-.007,.562,.827);es="Linear";ed="In";};["UpperTorso"]={cf=cfr(0,-.002,-.014,1,-.003,.001,.002,.979,.205,-.002,-.205,.979);es="Linear";ed="In";};["RightUpperLeg"]={cf=cfr(0,.001,0,.864,-.273,-.423,.18,.952,-.247,.47,.137,.872);es="Linear";ed="In";};["LeftUpperLeg"]={cf=cfr(-.002,.018,.008,.848,.292,.443,-.126,.922,-.366,-.515,.254,.819);es="Linear";ed="In";};["LeftFoot"]={cf=cfr(0,0,0,1,0,0,0,1,0,0,0,1);es="Linear";ed="In";};["LeftLowerLeg"]={cf=cfr(0,.01,-.019,1,.003,-.001,-.001,.601,.799,.003,-.799,.601);es="Linear";ed="In";};["RightHand"]={cf=cfr(0,0,0,1,0,0,0,1,0,0,0,1);es="Linear";ed="In";};["LeftHand"]={cf=cfr(.001,0,0,1,0,0,0,1,0,0,0,1);es="Linear";ed="In";};["RightFoot"]={cf=cfr(0,0,0,1,0,0,0,1,0,0,0,1);es="Linear";ed="In";};["RightLowerLeg"]={cf=cfr(0,.002,-.001,1,0,0,0,.738,.675,0,-.675,.738);es="Linear";ed="In";};["LeftLowerArm"]={cf=cfr(.001,.002,.002,1,0,0,0,.687,-.727,0,.727,.687);es="Linear";ed="In";};["LowerTorso"]={cf=cfr(0,-.027,-.005,1,0,0,0,.851,.525,0,-.525,.851);es="Linear";ed="In";};["RightLowerArm"]={cf=cfr(0,.002,.002,1,0,0,0,.687,-.727,0,.727,.687);es="Linear";ed="In";};};{tm=.25;["RightUpperArm"]={cf=cfr(-.036,.001,-.004,.741,-.632,.226,.671,.695,-.259,.006,.343,.939);es="Linear";ed="In";};["LeftUpperArm"]={cf=cfr(.027,.001,-.008,.727,.632,-.27,-.686,.692,-.226,.044,.349,.936);es="Linear";ed="In";};["Head"]={cf=cfr(-.002,-.078,-.028,1,.01,.003,-.007,.842,-.539,-.008,.539,.842);es="Linear";ed="In";};["UpperTorso"]={cf=cfr(0,-.002,-.014,1,-.003,.001,.003,.978,.208,-.002,-.208,.978);es="Linear";ed="In";};["RightUpperLeg"]={cf=cfr(0,.001,.001,.866,-.27,-.421,.177,.953,-.246,.468,.138,.873);es="Linear";ed="In";};["LeftUpperLeg"]={cf=cfr(-.002,.02,.009,.847,.291,.444,-.115,.917,-.381,-.519,.272,.811);es="Linear";ed="In";};["LeftFoot"]={cf=cfr(0,0,0,1,0,0,0,1,0,0,0,1);es="Linear";ed="In";};["LeftLowerLeg"]={cf=cfr(0,.011,-.022,1,.003,-.001,-.001,.584,.812,.003,-.812,.584);es="Linear";ed="In";};["RightHand"]={cf=cfr(0,0,0,1,0,0,0,1,0,0,0,1);es="Linear";ed="In";};["LeftHand"]={cf=cfr(.001,0,0,1,0,0,0,1,0,0,0,1);es="Linear";ed="In";};["RightFoot"]={cf=cfr(0,0,0,1,0,0,0,1,0,0,0,1);es="Linear";ed="In";};["RightLowerLeg"]={cf=cfr(0,.002,-.002,1,0,0,0,.742,.67,0,-.67,.742);es="Linear";ed="In";};["LeftLowerArm"]={cf=cfr(.001,.002,.002,1,0,0,0,.693,-.72,0,.72,.693);es="Linear";ed="In";};["LowerTorso"]={cf=cfr(0,-.03,-.006,1,0,0,0,.862,.506,0,-.506,.862);es="Linear";ed="In";};["RightLowerArm"]={cf=cfr(0,.002,.002,1,0,0,0,.693,-.72,0,.72,.693);es="Linear";ed="In";};};{tm=.267;["RightUpperArm"]={cf=cfr(-.039,.001,-.005,.733,-.646,.213,.68,.687,-.254,.018,.331,.943);es="Linear";ed="In";};["LeftUpperArm"]={cf=cfr(.03,.001,-.009,.716,.646,-.263,-.697,.684,-.216,.04,.338,.94);es="Linear";ed="In";};["Head"]={cf=cfr(-.003,-.086,-.03,1,.011,.004,-.008,.858,-.514,-.009,.514,.858);es="Linear";ed="In";};["UpperTorso"]={cf=cfr(0,-.002,-.014,1,-.003,.002,.003,.977,.211,-.002,-.211,.977);es="Linear";ed="In";};["RightUpperLeg"]={cf=cfr(0,.001,.001,.868,-.266,-.42,.174,.954,-.244,.465,.139,.874);es="Linear";ed="In";};["LeftUpperLeg"]={cf=cfr(-.002,.022,.01,.847,.291,.446,-.103,.912,-.398,-.522,.291,.802);es="Linear";ed="In";};["LeftFoot"]={cf=cfr(0,0,0,1,0,0,0,1,0,0,0,1);es="Linear";ed="In";};["LeftLowerLeg"]={cf=cfr(0,.012,-.024,1,.003,-.001,-.001,.566,.825,.003,-.825,.566);es="Linear";ed="In";};["RightHand"]={cf=cfr(0,0,0,1,0,0,0,1,0,0,0,1);es="Linear";ed="In";};["LeftHand"]={cf=cfr(0,0,0,1,0,0,0,1,0,0,0,1);es="Linear";ed="In";};["RightFoot"]={cf=cfr(0,0,0,1,0,0,0,1,0,0,0,1);es="Linear";ed="In";};["RightLowerLeg"]={cf=cfr(0,.002,-.002,1,0,0,0,.747,.665,0,-.665,.747);es="Linear";ed="In";};["LeftLowerArm"]={cf=cfr(0,.002,.002,1,0,0,0,.7,-.714,0,.714,.7);es="Linear";ed="In";};["LowerTorso"]={cf=cfr(0,-.034,-.007,1,0,0,0,.874,.486,0,-.486,.874);es="Linear";ed="In";};["RightLowerArm"]={cf=cfr(0,.002,.002,1,0,0,0,.7,-.714,0,.714,.7);es="Linear";ed="In";};};{tm=.283;["RightUpperArm"]={cf=cfr(-.043,.001,-.005,.723,-.661,.2,.69,.679,-.25,.029,.319,.947);es="Linear";ed="In";};["LeftUpperArm"]={cf=cfr(.033,.001,-.01,.705,.662,-.256,-.708,.675,-.207,.036,.327,.944);es="Linear";ed="In";};["Head"]={cf=cfr(-.003,-.094,-.032,1,.013,.005,-.009,.874,-.487,-.01,.486,.874);es="Linear";ed="In";};["UpperTorso"]={cf=cfr(0,-.002,-.014,1,-.004,.002,.003,.977,.215,-.003,-.215,.977);es="Linear";ed="In";};["RightUpperLeg"]={cf=cfr(0,.001,.001,.87,-.262,-.418,.171,.955,-.243,.463,.139,.875);es="Linear";ed="In";};["LeftUpperLeg"]={cf=cfr(-.002,.024,.011,.846,.29,.448,-.091,.905,-.415,-.526,.31,.792);es="Linear";ed="In";};["LeftFoot"]={cf=cfr(0,0,0,1,0,0,0,1,0,0,0,1);es="Linear";ed="In";};["LeftLowerLeg"]={cf=cfr(0,.012,-.026,1,.004,-.001,-.001,.546,.838,.004,-.838,.546);es="Linear";ed="In";};["RightHand"]={cf=cfr(0,0,0,1,0,0,0,1,0,0,0,1);es="Linear";ed="In";};["LeftHand"]={cf=cfr(0,0,0,1,0,0,0,1,0,0,0,1);es="Linear";ed="In";};["RightFoot"]={cf=cfr(0,0,0,1,0,0,0,1,0,0,0,1);es="Linear";ed="In";};["RightLowerLeg"]={cf=cfr(0,.002,-.002,1,0,0,0,.752,.659,0,-.659,.752);es="Linear";ed="In";};["LeftLowerArm"]={cf=cfr(0,.003,.002,1,0,0,0,.707,-.707,0,.707,.707);es="Linear";ed="In";};["LowerTorso"]={cf=cfr(0,-.038,-.008,1,0,0,0,.886,.464,0,-.464,.886);es="Linear";ed="In";};["RightLowerArm"]={cf=cfr(0,.003,.002,1,0,0,0,.707,-.707,0,.707,.707);es="Linear";ed="In";};};{tm=.3;["RightUpperArm"]={cf=cfr(-.046,0,-.006,.713,-.676,.185,.7,.671,-.245,.042,.305,.952);es="Linear";ed="In";};["LeftUpperArm"]={cf=cfr(.035,.001,-.011,.693,.677,-.248,-.721,.665,-.197,.032,.315,.949);es="Linear";ed="In";};["Head"]={cf=cfr(-.003,-.102,-.033,1,.014,.005,-.01,.889,-.457,-.011,.457,.889);es="Linear";ed="In";};["UpperTorso"]={cf=cfr(0,-.002,-.014,1,-.004,.002,.004,.976,.219,-.003,-.219,.976);es="Linear";ed="In";};["RightUpperLeg"]={cf=cfr(0,.001,.001,.872,-.258,-.416,.168,.956,-.241,.46,.14,.877);es="Linear";ed="In";};["LeftUpperLeg"]={cf=cfr(-.002,.026,.013,.845,.289,.45,-.077,.898,-.433,-.529,.331,.781);es="Linear";ed="In";};["LeftFoot"]={cf=cfr(0,0,0,1,0,0,0,1,0,0,0,1);es="Linear";ed="In";};["LeftLowerLeg"]={cf=cfr(0,.013,-.028,1,.004,-.001,-.001,.525,.851,.004,-.851,.525);es="Linear";ed="In";};["RightHand"]={cf=cfr(0,0,0,1,0,0,0,1,0,0,0,1);es="Linear";ed="In";};["LeftHand"]={cf=cfr(0,0,0,1,0,0,0,1,0,0,0,1);es="Linear";ed="In";};["RightFoot"]={cf=cfr(0,0,0,1,0,0,0,1,0,0,0,1);es="Linear";ed="In";};["RightLowerLeg"]={cf=cfr(0,.003,-.002,1,0,0,0,.757,.653,0,-.653,.757);es="Linear";ed="In";};["LeftLowerArm"]={cf=cfr(0,.003,.003,1,0,0,0,.715,-.699,0,.699,.715);es="Linear";ed="In";};["LowerTorso"]={cf=cfr(0,-.041,-.01,1,0,0,0,.898,.44,0,-.44,.898);es="Linear";ed="In";};["RightLowerArm"]={cf=cfr(0,.003,.003,1,0,0,0,.715,-.699,0,.699,.715);es="Linear";ed="In";};};{tm=.317;["RightUpperArm"]={cf=cfr(-.049,0,-.007,.701,-.692,.17,.711,.661,-.24,.054,.289,.956);es="Linear";ed="In";};["LeftUpperArm"]={cf=cfr(.037,.001,-.012,.679,.694,-.239,-.733,.654,-.186,.027,.301,.953);es="Linear";ed="In";};["Head"]={cf=cfr(-.004,-.109,-.034,1,.016,.006,-.011,.905,-.426,-.012,.425,.905);es="Linear";ed="In";};["UpperTorso"]={cf=cfr(0,-.002,-.014,1,-.005,.002,.004,.975,.223,-.003,-.223,.975);es="Linear";ed="In";};["RightUpperLeg"]={cf=cfr(0,.001,.001,.874,-.254,-.414,.164,.957,-.239,.457,.141,.878);es="Linear";ed="In";};["LeftUpperLeg"]={cf=cfr(-.003,.027,.014,.844,.289,.452,-.063,.89,-.452,-.532,.353,.769);es="Linear";ed="In";};["LeftFoot"]={cf=cfr(0,0,0,1,0,0,0,1,0,0,0,1);es="Linear";ed="In";};["LeftLowerLeg"]={cf=cfr(0,.014,-.03,1,.005,-.001,-.001,.502,.865,.005,-.865,.502);es="Linear";ed="In";};["RightHand"]={cf=cfr(0,0,0,1,0,0,0,1,0,0,0,1);es="Linear";ed="In";};["LeftHand"]={cf=cfr(0,0,0,1,0,0,0,1,0,0,0,1);es="Linear";ed="In";};["RightFoot"]={cf=cfr(0,0,0,1,0,0,0,1,0,0,0,1);es="Linear";ed="In";};["RightLowerLeg"]={cf=cfr(0,.003,-.002,1,0,0,0,.763,.647,0,-.647,.763);es="Linear";ed="In";};["LeftLowerArm"]={cf=cfr(0,.003,.003,1,0,0,0,.723,-.691,0,.691,.723);es="Linear";ed="In";};["LowerTorso"]={cf=cfr(0,-.045,-.011,1,0,0,0,.91,.414,0,-.414,.91);es="Linear";ed="In";};["RightLowerArm"]={cf=cfr(0,.003,.003,1,0,0,0,.723,-.691,0,.691,.723);es="Linear";ed="In";};};{tm=.333;["RightUpperArm"]={cf=cfr(-.052,0,-.007,.689,-.709,.154,.722,.651,-.236,.067,.273,.96);es="Linear";ed="In";};["LeftUpperArm"]={cf=cfr(.039,.001,-.013,.665,.711,-.229,-.746,.642,-.175,.023,.287,.958);es="Linear";ed="In";};["Head"]={cf=cfr(-.004,-.115,-.035,1,.017,.007,-.013,.92,-.392,-.013,.391,.92);es="Linear";ed="In";};["UpperTorso"]={cf=cfr(0,-.002,-.014,1,-.005,.002,.004,.974,.227,-.004,-.227,.974);es="Linear";ed="In";};["RightUpperLeg"]={cf=cfr(0,.001,.001,.876,-.249,-.412,.161,.958,-.237,.454,.142,.88);es="Linear";ed="In";};["LeftUpperLeg"]={cf=cfr(-.003,.028,.015,.843,.288,.454,-.047,.881,-.471,-.535,.376,.756);es="Linear";ed="In";};["LeftFoot"]={cf=cfr(0,0,0,1,0,0,0,1,0,0,0,1);es="Linear";ed="In";};["LeftLowerLeg"]={cf=cfr(0,.014,-.032,1,.005,-.001,-.001,.478,.879,.005,-.879,.478);es="Linear";ed="In";};["RightHand"]={cf=cfr(0,0,0,1,0,0,0,1,0,0,0,1);es="Linear";ed="In";};["LeftHand"]={cf=cfr(0,0,0,1,0,0,0,1,0,0,0,1);es="Linear";ed="In";};["RightFoot"]={cf=cfr(0,0,0,1,0,0,0,1,0,0,0,1);es="Linear";ed="In";};["RightLowerLeg"]={cf=cfr(0,.003,-.002,1,0,0,0,.768,.64,0,-.64,.768);es="Linear";ed="In";};["LeftLowerArm"]={cf=cfr(0,.003,.003,1,0,0,0,.731,-.683,0,.683,.731);es="Linear";ed="In";};["LowerTorso"]={cf=cfr(0,-.049,-.013,1,0,0,0,.922,.387,0,-.387,.922);es="Linear";ed="In";};["RightLowerArm"]={cf=cfr(0,.003,.003,1,0,0,0,.731,-.683,0,.683,.731);es="Linear";ed="In";};};{tm=.35;["RightUpperArm"]={cf=cfr(-.054,0,-.008,.675,-.725,.136,.733,.639,-.231,.081,.256,.963);es="Linear";ed="In";};["LeftUpperArm"]={cf=cfr(.041,0,-.014,.65,.728,-.219,-.76,.629,-.163,.019,.273,.962);es="Linear";ed="In";};["Head"]={cf=cfr(-.004,-.12,-.034,1,.019,.008,-.014,.935,-.355,-.014,.355,.935);es="Linear";ed="In";};["UpperTorso"]={cf=cfr(0,-.002,-.014,1,-.006,.003,.005,.973,.232,-.004,-.232,.973);es="Linear";ed="In";};["RightUpperLeg"]={cf=cfr(0,.001,.001,.879,-.244,-.41,.157,.959,-.235,.451,.142,.881);es="Linear";ed="In";};["LeftUpperLeg"]={cf=cfr(-.003,.029,.015,.842,.288,.456,-.031,.87,-.491,-.538,.4,.742);es="Linear";ed="In";};["LeftFoot"]={cf=cfr(0,0,0,1,0,0,0,1,0,0,0,1);es="Linear";ed="In";};["LeftLowerLeg"]={cf=cfr(0,.014,-.033,1,.006,-.001,-.001,.451,.892,.006,-.892,.451);es="Linear";ed="In";};["RightHand"]={cf=cfr(0,0,0,1,0,0,0,1,0,0,0,1);es="Linear";ed="In";};["LeftHand"]={cf=cfr(0,0,0,1,0,0,0,1,0,0,0,1);es="Linear";ed="In";};["RightFoot"]={cf=cfr(0,0,0,1,0,0,0,1,0,0,0,1);es="Linear";ed="In";};["RightLowerLeg"]={cf=cfr(0,.003,-.002,1,0,0,0,.774,.633,0,-.633,.774);es="Linear";ed="In";};["LeftLowerArm"]={cf=cfr(0,.003,.003,1,0,0,0,.739,-.674,0,.674,.739);es="Linear";ed="In";};["LowerTorso"]={cf=cfr(0,-.053,-.015,1,0,0,0,.934,.358,0,-.358,.934);es="Linear";ed="In";};["RightLowerArm"]={cf=cfr(0,.003,.003,1,0,0,0,.739,-.674,0,.674,.739);es="Linear";ed="In";};};{tm=.367;["RightUpperArm"]={cf=cfr(-.055,-.001,-.009,.66,-.742,.118,.745,.627,-.227,.094,.237,.967);es="Linear";ed="In";};["LeftUpperArm"]={cf=cfr(.042,0,-.014,.634,.745,-.208,-.774,.615,-.151,.015,.257,.966);es="Linear";ed="In";};["Head"]={cf=cfr(-.004,-.124,-.034,1,.02,.01,-.016,.948,-.317,-.016,.317,.948);es="Linear";ed="In";};["UpperTorso"]={cf=cfr(0,-.002,-.014,1,-.006,.003,.005,.972,.237,-.004,-.237,.972);es="Linear";ed="In";};["RightUpperLeg"]={cf=cfr(0,.001,.001,.881,-.239,-.408,.152,.96,-.233,.447,.143,.883);es="Linear";ed="In";};["LeftUpperLeg"]={cf=cfr(-.003,.03,.016,.841,.287,.458,-.014,.859,-.512,-.541,.424,.727);es="Linear";ed="In";};["LeftFoot"]={cf=cfr(0,0,0,1,0,0,0,1,0,0,0,1);es="Linear";ed="In";};["LeftLowerLeg"]={cf=cfr(0,.014,-.035,1,.007,-.001,-.002,.424,.906,.007,-.906,.424);es="Linear";ed="In";};["RightHand"]={cf=cfr(0,0,0,1,0,0,0,1,0,0,0,1);es="Linear";ed="In";};["LeftHand"]={cf=cfr(0,0,0,1,0,0,0,1,0,0,0,1);es="Linear";ed="In";};["RightFoot"]={cf=cfr(0,0,0,1,0,0,0,1,0,0,0,1);es="Linear";ed="In";};["RightLowerLeg"]={cf=cfr(0,.003,-.002,1,0,0,0,.78,.625,0,-.625,.78);es="Linear";ed="In";};["LeftLowerArm"]={cf=cfr(0,.004,.003,1,0,0,0,.748,-.664,0,.664,.748);es="Linear";ed="In";};["LowerTorso"]={cf=cfr(0,-.057,-.017,1,0,0,0,.945,.327,0,-.327,.945);es="Linear";ed="In";};["RightLowerArm"]={cf=cfr(0,.003,.003,1,0,0,0,.748,-.664,0,.664,.748);es="Linear";ed="In";};};{tm=.383;["RightUpperArm"]={cf=cfr(-.056,-.001,-.009,.644,-.759,.098,.757,.614,-.222,.108,.218,.97);es="Linear";ed="In";};["LeftUpperArm"]={cf=cfr(.043,0,-.015,.616,.763,-.196,-.788,.6,-.139,.011,.24,.971);es="Linear";ed="In";};["Head"]={cf=cfr(-.004,-.127,-.033,1,.022,.011,-.018,.961,-.276,-.017,.276,.961);es="Linear";ed="In";};["UpperTorso"]={cf=cfr(0,-.002,-.014,1,-.007,.003,.006,.97,.242,-.005,-.241,.97);es="Linear";ed="In";};["RightUpperLeg"]={cf=cfr(0,.001,.001,.884,-.233,-.405,.148,.962,-.231,.444,.144,.885);es="Linear";ed="In";};["LeftUpperLeg"]={cf=cfr(-.003,.031,.017,.84,.287,.461,.004,.846,-.533,-.542,.449,.71);es="Linear";ed="In";};["LeftFoot"]={cf=cfr(0,0,0,1,0,0,0,1,0,0,0,1);es="Linear";ed="In";};["LeftLowerLeg"]={cf=cfr(0,.014,-.035,1,.007,-.001,-.002,.394,.919,.007,-.919,.394);es="Linear";ed="In";};["RightHand"]={cf=cfr(0,0,0,1,0,0,0,1,0,0,0,1);es="Linear";ed="In";};["LeftHand"]={cf=cfr(0,0,0,1,0,0,0,1,0,0,0,1);es="Linear";ed="In";};["RightFoot"]={cf=cfr(0,0,0,1,0,0,0,1,0,0,0,1);es="Linear";ed="In";};["RightLowerLeg"]={cf=cfr(0,.003,-.002,1,0,0,0,.787,.617,0,-.617,.787);es="Linear";ed="In";};["LeftLowerArm"]={cf=cfr(0,.004,.003,1,0,0,0,.757,-.654,0,.654,.757);es="Linear";ed="In";};["LowerTorso"]={cf=cfr(0,-.061,-.02,1,0,0,0,.956,.295,0,-.295,.956);es="Linear";ed="In";};["RightLowerArm"]={cf=cfr(0,.004,.003,1,0,0,0,.757,-.654,0,.654,.757);es="Linear";ed="In";};};{tm=.4;["RightUpperArm"]={cf=cfr(-.057,-.002,-.01,.627,-.775,.078,.77,.6,-.218,.122,.196,.973);es="Linear";ed="In";};["LeftUpperArm"]={cf=cfr(.043,-.001,-.015,.597,.781,-.183,-.802,.584,-.127,.008,.223,.975);es="Linear";ed="In";};["Head"]={cf=cfr(-.004,-.129,-.031,1,.023,.012,-.02,.972,-.233,-.018,.232,.972);es="Linear";ed="In";};["UpperTorso"]={cf=cfr(0,-.002,-.014,1,-.007,.003,.006,.969,.247,-.005,-.247,.969);es="Linear";ed="In";};["RightUpperLeg"]={cf=cfr(0,.001,.001,.887,-.227,-.403,.143,.963,-.228,.44,.145,.886);es="Linear";ed="In";};["LeftUpperLeg"]={cf=cfr(-.003,.031,.017,.839,.286,.463,.022,.832,-.554,-.544,.475,.691);es="Linear";ed="In";};["LeftFoot"]={cf=cfr(0,0,0,1,0,0,0,1,0,0,0,1);es="Linear";ed="In";};["LeftLowerLeg"]={cf=cfr(0,.014,-.036,1,.008,-.001,-.002,.363,.932,.008,-.932,.363);es="Linear";ed="In";};["RightHand"]={cf=cfr(0,0,0,1,0,0,0,1,0,0,0,1);es="Linear";ed="In";};["LeftHand"]={cf=cfr(0,0,0,1,0,0,0,1,0,0,0,1);es="Linear";ed="In";};["RightFoot"]={cf=cfr(0,0,0,1,0,0,0,1,0,0,0,1);es="Linear";ed="In";};["RightLowerLeg"]={cf=cfr(0,.003,-.002,1,0,0,0,.793,.609,0,-.609,.793);es="Linear";ed="In";};["LeftLowerArm"]={cf=cfr(0,.004,.003,1,0,0,0,.766,-.643,0,.643,.766);es="Linear";ed="In";};["LowerTorso"]={cf=cfr(0,-.064,-.022,1,0,0,0,.966,.26,0,-.26,.966);es="Linear";ed="In";};["RightLowerArm"]={cf=cfr(0,.004,.003,1,0,0,0,.766,-.643,0,.643,.766);es="Linear";ed="In";};};{tm=.417;["RightUpperArm"]={cf=cfr(-.056,-.002,-.01,.609,-.791,.057,.782,.586,-.214,.136,.175,.975);es="Linear";ed="In";};["LeftUpperArm"]={cf=cfr(.043,-.001,-.015,.578,.798,-.17,-.816,.567,-.115,.005,.205,.979);es="Linear";ed="In";};["Head"]={cf=cfr(-.005,-.128,-.029,1,.025,.014,-.022,.982,-.189,-.018,.189,.982);es="Linear";ed="In";};["UpperTorso"]={cf=cfr(0,-.002,-.014,1,-.008,.004,.007,.968,.252,-.006,-.252,.968);es="Linear";ed="In";};["RightUpperLeg"]={cf=cfr(0,.001,.001,.889,-.222,-.4,.139,.964,-.226,.436,.146,.888);es="Linear";ed="In";};["LeftUpperLeg"]={cf=cfr(-.003,.03,.018,.838,.286,.466,.041,.817,-.575,-.545,.501,.672);es="Linear";ed="In";};["LeftFoot"]={cf=cfr(0,0,0,1,0,0,0,1,0,0,0,1);es="Linear";ed="In";};["LeftLowerLeg"]={cf=cfr(0,.013,-.036,1,.009,-.001,-.002,.331,.944,.009,-.944,.331);es="Linear";ed="In";};["RightHand"]={cf=cfr(0,0,0,1,0,0,0,1,0,0,0,1);es="Linear";ed="In";};["LeftHand"]={cf=cfr(0,0,0,1,0,0,0,1,0,0,0,1);es="Linear";ed="In";};["RightFoot"]={cf=cfr(0,0,0,1,0,0,0,1,0,0,0,1);es="Linear";ed="In";};["RightLowerLeg"]={cf=cfr(0,.003,-.002,1,0,0,0,.8,.6,0,-.6,.8);es="Linear";ed="In";};["LeftLowerArm"]={cf=cfr(0,.004,.003,1,0,0,0,.775,-.632,0,.632,.775);es="Linear";ed="In";};["LowerTorso"]={cf=cfr(0,-.068,-.025,1,0,0,0,.974,.226,0,-.226,.974);es="Linear";ed="In";};["RightLowerArm"]={cf=cfr(0,.004,.003,1,0,0,0,.775,-.632,0,.632,.775);es="Linear";ed="In";};};{tm=.433;["RightUpperArm"]={cf=cfr(-.055,-.002,-.011,.591,-.806,.037,.793,.572,-.211,.149,.154,.977);es="Linear";ed="In";};["LeftUpperArm"]={cf=cfr(.042,-.001,-.015,.56,.814,-.157,-.829,.55,-.103,.002,.188,.982);es="Linear";ed="In";};["Head"]={cf=cfr(-.005,-.126,-.026,1,.026,.016,-.024,.989,-.147,-.019,.146,.989);es="Linear";ed="In";};["UpperTorso"]={cf=cfr(0,-.002,-.014,1,-.009,.004,.007,.966,.257,-.006,-.257,.966);es="Linear";ed="In";};["RightUpperLeg"]={cf=cfr(0,.001,.001,.892,-.216,-.398,.134,.965,-.224,.432,.146,.89);es="Linear";ed="In";};["LeftUpperLeg"]={cf=cfr(-.003,.03,.018,.836,.286,.468,.059,.802,-.595,-.545,.525,.654);es="Linear";ed="In";};["LeftFoot"]={cf=cfr(0,0,0,1,0,0,0,1,0,0,0,1);es="Linear";ed="In";};["LeftLowerLeg"]={cf=cfr(0,.013,-.035,1,.009,-.001,-.001,.3,.954,.009,-.954,.3);es="Linear";ed="In";};["RightHand"]={cf=cfr(0,0,0,1,0,0,0,1,0,0,0,1);es="Linear";ed="In";};["LeftHand"]={cf=cfr(0,0,0,1,0,0,0,1,0,0,0,1);es="Linear";ed="In";};["RightFoot"]={cf=cfr(0,0,0,1,0,0,0,1,0,0,0,1);es="Linear";ed="In";};["RightLowerLeg"]={cf=cfr(0,.003,-.002,1,0,0,0,.806,.592,0,-.592,.806);es="Linear";ed="In";};["LeftLowerArm"]={cf=cfr(0,.004,.003,1,0,0,0,.784,-.621,0,.621,.784);es="Linear";ed="In";};["LowerTorso"]={cf=cfr(0,-.071,-.027,1,0,0,0,.981,.192,0,-.192,.981);es="Linear";ed="In";};["RightLowerArm"]={cf=cfr(0,.004,.003,1,0,0,0,.784,-.621,0,.621,.784);es="Linear";ed="In";};};{tm=.45;["RightUpperArm"]={cf=cfr(-.053,-.002,-.011,.573,-.819,.018,.803,.558,-.208,.16,.134,.978);es="Linear";ed="In";};["LeftUpperArm"]={cf=cfr(.04,-.002,-.015,.542,.828,-.144,-.841,.534,-.093,0,.171,.985);es="Linear";ed="In";};["Head"]={cf=cfr(-.004,-.123,-.024,.999,.028,.017,-.026,.994,-.106,-.02,.106,.994);es="Linear";ed="In";};["UpperTorso"]={cf=cfr(0,-.002,-.014,1,-.009,.004,.008,.965,.261,-.006,-.261,.965);es="Linear";ed="In";};["RightUpperLeg"]={cf=cfr(0,.001,.001,.894,-.211,-.395,.13,.966,-.222,.429,.147,.891);es="Linear";ed="In";};["LeftUpperLeg"]={cf=cfr(-.003,.028,.017,.835,.286,.47,.076,.787,-.613,-.545,.547,.635);es="Linear";ed="In";};["LeftFoot"]={cf=cfr(0,0,0,1,0,0,0,1,0,0,0,1);es="Linear";ed="In";};["LeftLowerLeg"]={cf=cfr(0,.012,-.034,1,.01,-.001,-.001,.271,.963,.01,-.963,.271);es="Linear";ed="In";};["RightHand"]={cf=cfr(0,0,0,1,0,0,0,1,0,0,0,1);es="Linear";ed="In";};["LeftHand"]={cf=cfr(0,0,0,1,0,0,0,1,0,0,0,1);es="Linear";ed="In";};["RightFoot"]={cf=cfr(0,0,0,1,0,0,0,1,0,0,0,1);es="Linear";ed="In";};["RightLowerLeg"]={cf=cfr(0,.003,-.002,1,0,0,0,.812,.584,0,-.584,.812);es="Linear";ed="In";};["LeftLowerArm"]={cf=cfr(0,.003,.003,1,0,0,0,.792,-.611,0,.611,.792);es="Linear";ed="In";};["LowerTorso"]={cf=cfr(0,-.073,-.03,1,0,0,0,.987,.16,0,-.16,.987);es="Linear";ed="In";};["RightLowerArm"]={cf=cfr(0,.003,.003,1,0,0,0,.792,-.611,0,.611,.792);es="Linear";ed="In";};};{tm=.467;["RightUpperArm"]={cf=cfr(-.051,-.003,-.011,.556,-.831,0,.813,.545,-.206,.171,.114,.979);es="Linear";ed="In";};["LeftUpperArm"]={cf=cfr(.039,-.002,-.015,.524,.841,-.132,-.852,.517,-.083,-.002,.156,.988);es="Linear";ed="In";};["Head"]={cf=cfr(-.004,-.118,-.021,.999,.029,.019,-.028,.997,-.067,-.02,.067,.998);es="Linear";ed="In";};["UpperTorso"]={cf=cfr(0,-.002,-.014,1,-.01,.004,.008,.964,.266,-.007,-.266,.964);es="Linear";ed="In";};["RightUpperLeg"]={cf=cfr(0,.001,.001,.896,-.206,-.393,.126,.967,-.22,.425,.148,.893);es="Linear";ed="In";};["LeftUpperLeg"]={cf=cfr(-.003,.027,.017,.834,.285,.472,.092,.772,-.629,-.544,.568,.617);es="Linear";ed="In";};["LeftFoot"]={cf=cfr(0,0,0,1,0,0,0,1,0,0,0,1);es="Linear";ed="In";};["LeftLowerLeg"]={cf=cfr(0,.011,-.033,1,.01,-.001,-.001,.242,.97,.01,-.97,.242);es="Linear";ed="In";};["RightHand"]={cf=cfr(0,0,0,1,0,0,0,1,0,0,0,1);es="Linear";ed="In";};["LeftHand"]={cf=cfr(0,0,0,1,0,0,0,1,0,0,0,1);es="Linear";ed="In";};["RightFoot"]={cf=cfr(0,0,0,1,0,0,0,1,0,0,0,1);es="Linear";ed="In";};["RightLowerLeg"]={cf=cfr(0,.003,-.002,1,0,0,0,.817,.577,0,-.577,.817);es="Linear";ed="In";};["LeftLowerArm"]={cf=cfr(0,.003,.003,1,0,0,0,.799,-.601,0,.601,.799);es="Linear";ed="In";};["LowerTorso"]={cf=cfr(0,-.076,-.032,1,0,0,0,.992,.129,0,-.129,.992);es="Linear";ed="In";};["RightLowerArm"]={c