local cfr = CFrame.new

return {{tm=0;["RootNode"]={cf=cfr(0,0,0,-1,0,0,0,1,0,0,0,-1);es="Linear";ed="In";};["root"]={cf=cfr(0,2.256,.522,0,0,1,0,1,0,-1,0,0);es="Linear";ed="In";};["000-offset"]={cf=cfr(0,0,0,.29,.957,0,-.957,.29,0,0,0,1);es="Linear";ed="In";};["004-offset.001"]={cf=cfr(0,0,0,-.015,-1,0,1,-.015,0,0,0,1);es="Linear";ed="In";};["006-offset"]={cf=cfr(0,0,0,-.015,-1,0,1,-.015,0,0,0,1);es="Linear";ed="In";};["000-offset.009"]={cf=cfr(0,0,0,-.913,-.061,.404,.243,-.875,.418,.328,.48,.814);es="Linear";ed="In";};["000-offset.012"]={cf=cfr(0,0,0,-.564,-.445,-.696,.62,-.785,0,-.546,-.431,.718);es="Linear";ed="In";};["000-offset.001"]={cf=cfr(0,0,0,.903,.409,-.132,-.4,.912,.088,.157,-.027,.987);es="Linear";ed="In";};["000-offset.010"]={cf=cfr(0,0,0,.611,.792,0,-.792,.611,0,0,0,1);es="Linear";ed="In";};["000-offset.013"]={cf=cfr(0,0,0,.736,.677,0,-.677,.736,0,0,0,1);es="Linear";ed="In";};["004-offset"]={cf=cfr(0,0,0,.035,-.999,0,.999,.035,0,0,0,1);es="Linear";ed="In";};["002-offset"]={cf=cfr(0,0,0,.035,-.999,0,.999,.035,0,0,0,1);es="Linear";ed="In";};["000-offset.002"]={cf=cfr(0,0,0,.778,.545,-.314,-.511,.839,.189,.366,.014,.93);es="Linear";ed="In";};["000-offset.011"]={cf=cfr(0,0,0,-.018,-1,0,1,-.018,0,0,0,1);es="Linear";ed="In";};["000-offset.014"]={cf=cfr(0,0,0,.239,-.971,-.005,.971,.239,-.019,.02,0,1);es="Linear";ed="In";};["000-offset.006"]={cf=cfr(0,0,0,-.396,-.468,-.79,.201,-.884,.422,-.896,.008,.444);es="Linear";ed="In";};["000-offset.003"]={cf=cfr(0,0,0,.107,-.865,.49,.102,-.481,-.871,.989,.143,.037);es="Linear";ed="In";};["000-offset.007"]={cf=cfr(0,0,0,.192,-.981,0,.981,.192,0,0,0,1);es="Linear";ed="In";};["000-offset.004"]={cf=cfr(0,0,0,.25,-.968,0,.968,.25,0,0,0,1);es="Linear";ed="In";};["000-offset.008"]={cf=cfr(0,0,0,.966,-.26,0,.26,.966,0,0,0,1);es="Linear";ed="In";};["000-offset.005"]={cf=cfr(0,0,0,.888,-.438,-.143,.432,.899,-.07,.159,0,.987);es="Linear";ed="In";};};{tm=.042;["root"]={cf=cfr(0,2.185,.522,0,0,1,0,1,0,-1,0,0);es="Linear";ed="In";};["000-offset"]={cf=cfr(0,0,0,.339,.941,0,-.941,.339,0,0,0,1);es="Linear";ed="In";};["006-offset"]={cf=cfr(0,0,0,.002,-1,0,1,.002,0,0,0,1);es="Linear";ed="In";};["000-offset.009"]={cf=cfr(0,0,0,-.913,-.049,.404,.232,-.878,.418,.334,.476,.814);es="Linear";ed="In";};["000-offset.012"]={cf=cfr(0,0,0,-.576,-.43,-.695,.598,-.801,0,-.557,-.416,.719);es="Linear";ed="In";};["000-offset.001"]={cf=cfr(0,0,0,.952,.275,-.134,-.264,.96,.093,.154,-.053,.987);es="Linear";ed="In";};["000-offset.010"]={cf=cfr(0,0,0,.605,.796,0,-.796,.605,0,0,0,1);es="Linear";ed="In";};["004-offset"]={cf=cfr(0,0,0,.035,-.999,0,.999,.035,0,0,0,1);es="Linear";ed="In";};["000-offset.002"]={cf=cfr(0,0,0,.86,-.394,-.326,.474,.853,.219,.191,-.343,.92);es="Linear";ed="In";};["000-offset.006"]={cf=cfr(0,0,0,-.395,-.473,-.788,.203,-.881,.427,-.896,.009,.443);es="Linear";ed="In";};["000-offset.003"]={cf=cfr(0,0,0,.101,-.865,.491,.108,-.482,-.87,.989,.141,.045);es="Linear";ed="In";};["000-offset.004"]={cf=cfr(0,0,0,.239,-.971,0,.971,.239,0,0,0,1);es="Linear";ed="In";};};{tm=.083;["root"]={cf=cfr(0,2.016,.522,0,0,1,0,1,0,-1,0,0);es="Linear";ed="In";};["000-offset"]={cf=cfr(0,0,0,.455,.89,0,-.89,.455,0,0,0,1);es="Linear";ed="In";};["006-offset"]={cf=cfr(0,0,0,.02,-1,0,1,.02,0,0,0,1);es="Linear";ed="In";};["000-offset.009"]={cf=cfr(0,0,0,-.915,-.021,.404,.205,-.885,.418,.349,.465,.814);es="Linear";ed="In";};["000-offset.012"]={cf=cfr(0,0,0,-.598,-.399,-.695,.555,-.832,0,-.578,-.386,.719);es="Linear";ed="In";};["000-offset.001"]={cf=cfr(0,0,0,.989,.015,-.15,0,.995,.103,.15,-.102,.983);es="Linear";ed="In";};["000-offset.010"]={cf=cfr(0,0,0,.599,.801,0,-.801,.599,0,0,0,1);es="Linear";ed="In";};["004-offset"]={cf=cfr(0,0,0,.035,-.999,0,.999,.035,0,0,0,1);es="Linear";ed="In";};["000-offset.002"]={cf=cfr(0,0,0,.816,-.482,-.318,.51,.86,.006,.271,-.167,.948);es="Linear";ed="In";};["000-offset.006"]={cf=cfr(0,0,0,-.393,-.477,-.786,.204,-.879,.432,-.896,.009,.443);es="Linear";ed="In";};["000-offset.003"]={cf=cfr(0,0,0,.094,-.865,.493,.113,-.483,-.868,.989,.138,.052);es="Linear";ed="In";};["000-offset.004"]={cf=cfr(0,0,0,.227,-.974,0,.974,.227,0,0,0,1);es="Linear";ed="In";};};{tm=.125;["root"]={cf=cfr(0,1.791,.522,0,0,1,0,1,0,-1,0,0);es="Linear";ed="In";};["000-offset"]={cf=cfr(0,0,0,.593,.805,0,-.805,.593,0,0,0,1);es="Linear";ed="In";};["006-offset"]={cf=cfr(0,0,0,-.015,-1,0,1,-.015,0,0,0,1);es="Linear";ed="In";};["000-offset.009"]={cf=cfr(0,0,0,-.915,.012,.404,.173,-.892,.418,.365,.452,.814);es="Linear";ed="In";};["000-offset.012"]={cf=cfr(0,0,0,-.613,-.374,-.696,.521,-.853,0,-.594,-.363,.718);es="Linear";ed="In";};["000-offset.001"]={cf=cfr(0,0,0,.979,-.12,-.168,.139,.985,.106,.152,-.127,.98);es="Linear";ed="In";};["000-offset.010"]={cf=cfr(0,0,0,.611,.792,0,-.792,.611,0,0,0,1);es="Linear";ed="In";};["000-offset.013"]={cf=cfr(0,0,0,.736,.677,0,-.677,.736,0,0,0,1);es="Linear";ed="In";};["004-offset"]={cf=cfr(0,0,0,.035,-.999,0,.999,.035,0,0,0,1);es="Linear";ed="In";};["000-offset.002"]={cf=cfr(0,0,0,.79,-.539,-.292,.492,.842,-.222,.365,.032,.93);es="Linear";ed="In";};["000-offset.011"]={cf=cfr(0,0,0,-.018,-1,0,1,-.018,0,0,0,1);es="Linear";ed="In";};["000-offset.014"]={cf=cfr(0,0,0,.239,-.971,-.005,.971,.239,-.019,.02,0,1);es="Linear";ed="In";};["000-offset.003"]={cf=cfr(0,0,0,.107,-.865,.49,.102,-.481,-.871,.989,.143,.037);es="Linear";ed="In";};["000-offset.006"]={cf=cfr(0,0,0,-.394,-.468,-.791,.201,-.884,.423,-.897,.008,.443);es="Linear";ed="In";};["000-offset.004"]={cf=cfr(0,0,0,.25,-.968,0,.968,.25,0,0,0,1);es="Linear";ed="In";};["000-offset.007"]={cf=cfr(0,0,0,.192,-.981,0,.981,.192,0,0,0,1);es="Linear";ed="In";};};{tm=.167;["root"]={cf=cfr(0,1.537,.522,0,0,1,0,1,0,-1,0,0);es="Linear";ed="In";};["000-offset"]={cf=cfr(0,0,0,.753,.658,0,-.658,.753,0,0,0,1);es="Linear";ed="In";};["006-offset"]={cf=cfr(0,0,0,-.175,-.985,0,.985,-.175,0,0,0,1);es="Linear";ed="In";};["000-offset.009"]={cf=cfr(0,0,0,-.914,.106,.391,.087,-.892,.443,.396,.439,.807);es="Linear";ed="In";};["000-offset.012"]={cf=cfr(0,0,0,-.625,-.347,-.699,.499,-.867,-.016,-.6,-.359,.715);es="Linear";ed="In";};["000-offset.001"]={cf=cfr(0,0,0,.986,.035,-.164,-.018,.994,.103,.167,-.099,.981);es="Linear";ed="In";};["000-offset.010"]={cf=cfr(0,0,0,.659,.752,0,-.752,.659,0,0,0,1);es="Linear";ed="In";};["000-offset.013"]={cf=cfr(0,0,0,.741,.671,0,-.671,.741,0,0,0,1);es="Linear";ed="In";};["004-offset"]={cf=cfr(0,0,0,.035,-.999,0,.999,.035,0,0,0,1);es="Linear";ed="In";};["000-offset.002"]={cf=cfr(0,0,0,.806,-.501,-.316,.45,.865,-.222,.385,.037,.922);es="Linear";ed="In";};["000-offset.011"]={cf=cfr(0,0,0,-.033,-.999,0,.999,-.033,0,0,0,1);es="Linear";ed="In";};["000-offset.014"]={cf=cfr(0,0,0,.226,-.974,-.005,.974,.226,-.019,.02,0,1);es="Linear";ed="In";};["000-offset.003"]={cf=cfr(0,0,0,.127,-.874,.469,.033,-.468,-.883,.991,.127,-.03);es="Linear";ed="In";};["000-offset.006"]={cf=cfr(0,0,0,-.41,-.427,-.806,.167,-.904,.394,-.897,.027,.441);es="Linear";ed="In";};["000-offset.004"]={cf=cfr(0,0,0,.34,-.94,0,.94,.34,0,0,0,1);es="Linear";ed="In";};["000-offset.007"]={cf=cfr(0,0,0,.179,-.984,0,.984,.179,0,0,0,1);es="Linear";ed="In";};};{tm=.208;["root"]={cf=cfr(0,1.283,.522,0,0,1,0,1,0,-1,0,0);es="Linear";ed="In";};["000-offset"]={cf=cfr(0,0,0,.894,.448,0,-.448,.894,0,0,0,1);es="Linear";ed="In";};["006-offset"]={cf=cfr(0,0,0,-.379,-.925,0,.925,-.379,0,0,0,1);es="Linear";ed="In";};["000-offset.009"]={cf=cfr(0,0,0,-.904,.203,.377,-.003,-.883,.469,.428,.423,.799);es="Linear";ed="In";};["000-offset.012"]={cf=cfr(0,0,0,-.633,-.328,-.701,.487,-.873,-.032,-.602,-.362,.712);es="Linear";ed="In";};["000-offset.001"]={cf=cfr(0,0,0,.936,.311,-.163,-.297,.949,.102,.187,-.047,.981);es="Linear";ed="In";};["000-offset.010"]={cf=cfr(0,0,0,.72,.694,0,-.694,.72,0,0,0,1);es="Linear";ed="In";};["000-offset.013"]={cf=cfr(0,0,0,.747,.665,0,-.665,.747,0,0,0,1);es="Linear";ed="In";};["004-offset"]={cf=cfr(0,0,0,.035,-.999,0,.999,.035,0,0,0,1);es="Linear";ed="In";};["000-offset.002"]={cf=cfr(0,0,0,.84,-.411,-.353,.385,.911,-.146,.382,-.013,.924);es="Linear";ed="In";};["000-offset.011"]={cf=cfr(0,0,0,-.049,-.999,0,.999,-.049,0,0,0,1);es="Linear";ed="In";};["000-offset.014"]={cf=cfr(0,0,0,.214,-.977,-.005,.977,.214,-.02,.02,0,1);es="Linear";ed="In";};["000-offset.003"]={cf=cfr(0,0,0,.104,-.89,.444,-.046,-.451,-.892,.994,.072,-.088);es="Linear";ed="In";};["000-offset.006"]={cf=cfr(0,0,0,-.423,-.37,-.827,.126,-.928,.351,-.897,.044,.439);es="Linear";ed="In";};["000-offset.004"]={cf=cfr(0,0,0,.459,-.888,0,.888,.459,0,0,0,1);es="Linear";ed="In";};["000-offset.007"]={cf=cfr(0,0,0,.167,-.986,0,.986,.167,0,0,0,1);es="Linear";ed="In";};};{tm=.25;["root"]={cf=cfr(0,1.086,.522,0,0,1,0,1,0,-1,0,0);es="Linear";ed="In";};["000-offset"]={cf=cfr(0,0,0,.962,.273,0,-.273,.962,0,0,0,1);es="Linear";ed="In";};["006-offset"]={cf=cfr(0,0,0,-.475,-.88,0,.88,-.475,0,0,0,1);es="Linear";ed="In";};["000-offset.009"]={cf=cfr(0,0,0,-.905,.131,.404,.056,-.907,.418,.421,.401,.814);es="Linear";ed="In";};["000-offset.012"]={cf=cfr(0,0,0,-.613,-.374,-.696,.521,-.853,0,-.594,-.363,.718);es="Linear";ed="In";};["000-offset.001"]={cf=cfr(0,0,0,.876,.453,-.168,-.441,.891,.106,.197,-.019,.98);es="Linear";ed="In";};["000-offset.010"]={cf=cfr(0,0,0,.756,.654,0,-.654,.756,0,0,0,1);es="Linear";ed="In";};["000-offset.013"]={cf=cfr(0,0,0,.736,.677,0,-.677,.736,0,0,0,1);es="Linear";ed="In";};["004-offset"]={cf=cfr(0,0,0,.035,-.999,0,.999,.035,0,0,0,1);es="Linear";ed="In";};["000-offset.002"]={cf=cfr(0,0,0,.881,-.305,-.36,.301,.951,-.068,.363,-.048,.93);es="Linear";ed="In";};["000-offset.011"]={cf=cfr(0,0,0,-.018,-1,0,1,-.018,0,0,0,1);es="Linear";ed="In";};["000-offset.014"]={cf=cfr(0,0,0,.239,-.971,-.005,.971,.239,-.019,.02,0,1);es="Linear";ed="In";};["000-offset.003"]={cf=cfr(0,0,0,.097,-.891,.445,-.098,-.453,-.886,.99,.042,-.131);es="Linear";ed="In";};["000-offset.006"]={cf=cfr(0,0,0,-.419,-.333,-.845,.157,-.943,.294,-.894,-.01,.447);es="Linear";ed="In";};["000-offset.004"]={cf=cfr(0,0,0,.551,-.835,0,.835,.551,0,0,0,1);es="Linear";ed="In";};["000-offset.007"]={cf=cfr(0,0,0,.192,-.981,0,.981,.192,0,0,0,1);es="Linear";ed="In";};};{tm=.292;["root"]={cf=cfr(0,.973,.522,0,0,1,0,1,0,-1,0,0);es="Linear";ed="In";};["000-offset"]={cf=cfr(0,0,0,.987,.16,0,-.16,.987,0,0,0,1);es="Linear";ed="In";};["006-offset"]={cf=cfr(0,0,0,-.453,-.892,0,.892,-.453,0,0,0,1);es="Linear";ed="In";};["000-offset.009"]={cf=cfr(0,0,0,-.883,-.148,.445,.291,-.917,.272,.368,.37,.853);es="Linear";ed="In";};["000-offset.012"]={cf=cfr(0,0,0,-.552,-.49,-.675,.603,-.794,.084,-.577,-.36,.733);es="Linear";ed="In";};["000-offset.001"]={cf=cfr(0,0,0,.886,.433,-.167,-.421,.901,.106,.196,-.023,.98);es="Linear";ed="In";};["000-offset.010"]={cf=cfr(0,0,0,.763,.646,0,-.646,.763,0,0,0,1);es="Linear";ed="In";};["000-offset.013"]={cf=cfr(0,0,0,.704,.71,0,-.71,.704,0,0,0,1);es="Linear";ed="In";};["004-offset"]={cf=cfr(0,0,0,.034,-.999,0,.999,.034,0,0,0,1);es="Linear";ed="In";};["000-offset.002"]={cf=cfr(0,0,0,.92,-.205,-.334,.207,.978,-.03,.333,-.042,.942);es="Linear";ed="In";};["000-offset.011"]={cf=cfr(0,0,0,.069,-.998,0,.998,.069,0,0,0,1);es="Linear";ed="In";};["000-offset.014"]={cf=cfr(0,0,0,.312,-.95,-.005,.95,.312,-.019,.02,.001,1);es="Linear";ed="In";};["000-offset.003"]={cf=cfr(0,0,0,.148,-.872,.466,-.151,-.485,-.861,.977,.058,-.204);es="Linear";ed="In";};["000-offset.006"]={cf=cfr(0,0,0,-.379,-.316,-.869,.264,-.938,.226,-.887,-.144,.439);es="Linear";ed="In";};["000-offset.004"]={cf=cfr(0,0,0,.609,-.793,0,.793,.609,0,0,0,1);es="Linear";ed="In";};["000-offset.007"]={cf=cfr(0,0,0,.259,-.966,0,.966,.259,0,0,0,1);es="Linear";ed="In";};};{tm=.333;["root"]={cf=cfr(0,.973,.522,0,0,1,0,1,0,-1,0,0);es="Linear";ed="In";};["000-offset"]={cf=cfr(0,0,0,.998,.057,0,-.057,.998,0,0,0,1);es="Linear";ed="In";};["006-offset"]={cf=cfr(0,0,0,-.393,-.92,0,.92,-.393,0,0,0,1);es="Linear";ed="In";};["000-offset.009"]={cf=cfr(0,0,0,-.755,-.495,.43,.586,-.804,.103,.295,.329,.897);es="Linear";ed="In";};["000-offset.012"]={cf=cfr(0,0,0,-.456,-.624,-.634,.696,-.694,.182,-.554,-.358,.752);es="Linear";ed="In";};["000-offset.001"]={cf=cfr(0,0,0,.915,.368,-.165,-.355,.929,.104,.191,-.037,.981);es="Linear";ed="In";};["000-offset.010"]={cf=cfr(0,0,0,.76,.65,0,-.65,.76,0,0,0,1);es="Linear";ed="In";};["000-offset.013"]={cf=cfr(0,0,0,.659,.753,0,-.753,.659,0,0,0,1);es="Linear";ed="In";};["004-offset"]={cf=cfr(0,0,0,.034,-.999,0,.999,.034,0,0,0,1);es="Linear";ed="In";};["000-offset.002"]={cf=cfr(0,0,0,.95,-.111,-.291,.112,.994,-.011,.291,-.022,.957);es="Linear";ed="In";};["000-offset.011"]={cf=cfr(0,0,0,.183,-.983,0,.983,.183,0,0,0,1);es="Linear";ed="In";};["000-offset.014"]={cf=cfr(0,0,0,.406,-.914,-.005,.914,.406,-.019,.019,.003,1);es="Linear";ed="In";};["000-offset.003"]={cf=cfr(0,0,0,.236,-.841,.486,-.194,-.531,-.825,.952,.101,-.288);es="Linear";ed="In";};["000-offset.006"]={cf=cfr(0,0,0,-.293,-.288,-.912,.386,-.908,.163,-.875,-.304,.377);es="Linear";ed="In";};["000-offset.004"]={cf=cfr(0,0,0,.663,-.748,0,.748,.663,0,0,0,1);es="Linear";ed="In";};["000-offset.007"]={cf=cfr(0,0,0,.341,-.94,0,.94,.341,0,0,0,1);es="Linear";ed="In";};};{tm=.375;["root"]={cf=cfr(0,1.213,.522,0,0,1,0,1,0,-1,0,0);es="Linear";ed="In";};["000-offset"]={cf=cfr(0,0,0,.999,-.034,0,.034,.999,0,0,0,1);es="Linear";ed="In";};["006-offset"]={cf=cfr(0,0,0,-.308,-.951,0,.951,-.308,0,0,0,1);es="Linear";ed="In";};["000-offset.009"]={cf=cfr(0,0,0,-.492,-.798,.347,.845,-.534,-.03,.21,.279,.937);es="Linear";ed="In";};["000-offset.012"]={cf=cfr(0,0,0,-.331,-.75,-.572,.782,-.558,.278,-.528,-.355,.771);es="Linear";ed="In";};["000-offset.001"]={cf=cfr(0,0,0,.948,.273,-.163,-.259,.96,.103,.184,-.055,.981);es="Linear";ed="In";};["000-offset.010"]={cf=cfr(0,0,0,.752,.659,0,-.659,.752,0,0,0,1);es="Linear";ed="In";};["000-offset.013"]={cf=cfr(0,0,0,.604,.797,0,-.797,.604,0,0,0,1);es="Linear";ed="In";};["004-offset"]={cf=cfr(0,0,0,.034,-.999,0,.999,.034,0,0,0,1);es="Linear";ed="In";};["000-offset.002"]={cf=cfr(0,0,0,.96,.146,-.241,-.141,.989,.037,.244,-.001,.97);es="Linear";ed="In";};["000-offset.011"]={cf=cfr(0,0,0,.308,-.951,0,.951,.308,0,0,0,1);es="Linear";ed="In";};["000-offset.014"]={cf=cfr(0,0,0,.506,-.862,-.005,.862,.506,-.019,.018,.005,1);es="Linear";ed="In";};["000-offset.003"]={cf=cfr(0,0,0,.355,-.791,.498,-.199,-.585,-.786,.913,.18,-.365);es="Linear";ed="In";};["000-offset.006"]={cf=cfr(0,0,0,-.15,-.229,-.962,.486,-.864,.13,-.861,-.448,.241);es="Linear";ed="In";};["000-offset.004"]={cf=cfr(0,0,0,.711,-.703,0,.703,.711,0,0,0,1);es="Linear";ed="In";};["000-offset.007"]={cf=cfr(0,0,0,.429,-.903,0,.903,.429,0,0,0,1);es="Linear";ed="In";};};{tm=.417;["root"]={cf=cfr(0,1.664,.522,0,0,1,0,1,0,-1,0,0);es="Linear";ed="In";};["000-offset"]={cf=cfr(0,0,0,.994,-.113,0,.113,.994,0,0,0,1);es="Linear";ed="In";};["006-offset"]={cf=cfr(0,0,0,-.211,-.977,0,.977,-.211,0,0,0,1);es="Linear";ed="In";};["000-offset.009"]={cf=cfr(0,0,0,-.138,-.961,.239,.983,-.162,-.085,.121,.223,.967);es="Linear";ed="In";};["000-offset.012"]={cf=cfr(0,0,0,-.19,-.847,-.496,.844,-.399,.358,-.502,-.35,.791);es="Linear";ed="In";};["000-offset.001"]={cf=cfr(0,0,0,.973,.165,-.162,-.15,.983,.103,.177,-.076,.981);es="Linear";ed="In";};["000-offset.010"]={cf=cfr(0,0,0,.744,.669,0,-.669,.744,0,0,0,1);es="Linear";ed="In";};["000-offset.013"]={cf=cfr(0,0,0,.549,.836,0,-.836,.549,0,0,0,1);es="Linear";ed="In";};["004-offset"]={cf=cfr(0,0,0,.034,-.999,0,.999,.034,0,0,0,1);es="Linear";ed="In";};["000-offset.002"]={cf=cfr(0,0,0,.913,.364,-.186,-.358,.931,.067,.198,.006,.98);es="Linear";ed="In";};["000-offset.011"]={cf=cfr(0,0,0,.426,-.905,0,.905,.426,0,0,0,1);es="Linear";ed="In";};["000-offset.014"]={cf=cfr(0,0,0,.599,-.801,-.005,.801,.599,-.019,.018,.007,1);es="Linear";ed="In";};["000-offset.003"]={cf=cfr(0,0,0,.481,-.718,.503,-.152,-.633,-.759,.864,.288,-.413);es="Linear";ed="In";};["000-offset.006"]={cf=cfr(0,0,0,.035,-.138,-.99,.529,-.837,.136,-.848,-.529,.044);es="Linear";ed="In";};["000-offset.004"]={cf=cfr(0,0,0,.752,-.659,0,.659,.752,0,0,0,1);es="Linear";ed="In";};["000-offset.007"]={cf=cfr(0,0,0,.515,-.857,0,.857,.515,0,0,0,1);es="Linear";ed="In";};};{tm=.458;["root"]={cf=cfr(0,2.214,.522,0,0,1,0,1,0,-1,0,0);es="Linear";ed="In";};["000-offset"]={cf=cfr(0,0,0,.984,-.181,0,.181,.984,0,0,0,1);es="Linear";ed="In";};["006-offset"]={cf=cfr(0,0,0,-.119,-.993,0,.993,-.119,0,0,0,1);es="Linear";ed="In";};["000-offset.009"]={cf=cfr(0,0,0,.209,-.965,.157,.977,.2,-.071,.037,.168,.985);es="Linear";ed="In";};["000-offset.012"]={cf=cfr(0,0,0,-.053,-.908,-.415,.877,-.241,.416,-.478,-.342,.809);es="Linear";ed="In";};["000-offset.001"]={cf=cfr(0,0,0,.984,.063,-.164,-.046,.993,.104,.169,-.095,.981);es="Linear";ed="In";};["000-offset.010"]={cf=cfr(0,0,0,.738,.674,0,-.674,.738,0,0,0,1);es="Linear";ed="In";};["000-offset.013"]={cf=cfr(0,0,0,.5,.866,0,-.866,.5,0,0,0,1);es="Linear";ed="In";};["004-offset"]={cf=cfr(0,0,0,.034,-.999,0,.999,.034,0,0,0,1);es="Linear";ed="In";};["000-offset.002"]={cf=cfr(0,0,0,.948,.288,-.136,-.283,.957,.059,.147,-.017,.989);es="Linear";ed="In";};["000-offset.011"]={cf=cfr(0,0,0,.523,-.852,0,.852,.523,0,0,0,1);es="Linear";ed="In";};["000-offset.014"]={cf=cfr(0,0,0,.673,-.74,-.005,.74,.673,-.019,.017,.009,1);es="Linear";ed="In";};["000-offset.003"]={cf=cfr(0,0,0,.583,-.631,.512,-.062,-.662,-.747,.81,.404,-.425);es="Linear";ed="In";};["000-offset.006"]={cf=cfr(0,0,0,.224,-.045,-.974,.499,-.853,.154,-.837,-.52,-.168);es="Linear";ed="In";};["000-offset.004"]={cf=cfr(0,0,0,.786,-.618,0,.618,.786,0,0,0,1);es="Linear";ed="In";};["000-offset.007"]={cf=cfr(0,0,0,.591,-.807,0,.807,.591,0,0,0,1);es="Linear";ed="In";};};{tm=.5;["root"]={cf=cfr(0,2.778,.522,0,0,1,0,1,0,-1,0,0);es="Linear";ed="In";};["000-offset"]={cf=cfr(0,0,0,.972,-.236,0,.236,.972,0,0,0,1);es="Linear";ed="In";};["006-offset"]={cf=cfr(0,0,0,-.048,-.999,0,.999,-.048,0,0,0,1);es="Linear";ed="In";};["000-offset.009"]={cf=cfr(0,0,0,.465,-.877,.121,.885,.465,-.029,-.031,.121,.992);es="Linear";ed="In";};["000-offset.012"]={cf=cfr(0,0,0,.058,-.938,-.342,.886,-.11,.45,-.459,-.329,.825);es="Linear";ed="In";};["000-offset.001"]={cf=cfr(0,0,0,.986,-.012,-.166,.03,.994,.106,.164,-.109,.98);es="Linear";ed="In";};["000-offset.010"]={cf=cfr(0,0,0,.741,.671,0,-.671,.741,0,0,0,1);es="Linear";ed="In";};["000-offset.013"]={cf=cfr(0,0,0,.467,.884,0,-.884,.467,0,0,0,1);es="Linear";ed="In";};["004-offset"]={cf=cfr(0,0,0,.034,-.999,0,.999,.034,0,0,0,1);es="Linear";ed="In";};["000-offset.002"]={cf=cfr(0,0,0,.99,.113,-.089,-.108,.992,.067,.095,-.057,.994);es="Linear";ed="In";};["000-offset.011"]={cf=cfr(0,0,0,.588,-.809,0,.809,.588,0,0,0,1);es="Linear";ed="In";};["000-offset.014"]={cf=cfr(0,0,0,.721,-.693,-.005,.692,.721,-.019,.017,.011,1);es="Linear";ed="In";};["000-offset.003"]={cf=cfr(0,0,0,.646,-.552,.527,.034,-.669,-.743,.762,.498,-.413);es="Linear";ed="In";};["000-offset.006"]={cf=cfr(0,0,0,.375,.013,-.927,.408,-.9,.153,-.832,-.435,-.343);es="Linear";ed="In";};["000-offset.004"]={cf=cfr(0,0,0,.813,-.583,0,.583,.813,0,0,0,1);es="Linear";ed="In";};["000-offset.007"]={cf=cfr(0,0,0,.651,-.759,0,.759,.651,0,0,0,1);es="Linear";ed="In";};};{tm=.542;["root"]={cf=cfr(0,3.215,.522,0,0,1,0,1,0,-1,0,0);es="Linear";ed="In";};["000-offset"]={cf=cfr(0,0,0,.96,-.28,0,.28,.96,0,0,0,1);es="Linear";ed="In";};["006-offset"]={cf=cfr(0,0,0,-.015,-1,0,1,-.015,0,0,0,1);es="Linear";ed="In";};["000-offset.009"]={cf=cfr(0,0,0,.595,-.796,.114,.801,.599,.008,-.075,.087,.993);es="Linear";ed="In";};["000-offset.012"]={cf=cfr(0,0,0,.121,-.95,-.289,.885,-.029,.465,-.45,-.312,.837);es="Linear";ed="In";};["000-offset.001"]={cf=cfr(0,0,0,.985,-.042,-.168,.06,.993,.106,.162,-.115,.98);es="Linear";ed="In";};["000-offset.010"]={cf=cfr(0,0,0,.756,.654,0,-.654,.756,0,0,0,1);es="Linear";ed="In";};["000-offset.013"]={cf=cfr(0,0,0,.46,.888,0,-.888,.46,0,0,0,1);es="Linear";ed="In";};["004-offset"]={cf=cfr(0,0,0,.034,-.999,0,.999,.034,0,0,0,1);es="Linear";ed="In";};["000-offset.002"]={cf=cfr(0,0,0,.998,.018,-.065,-.013,.997,.082,.066,-.081,.995);es="Linear";ed="In";};["000-offset.011"]={cf=cfr(0,0,0,.614,-.789,0,.789,.614,0,0,0,1);es="Linear";ed="In";};["000-offset.014"]={cf=cfr(0,0,0,.739,-.674,-.005,.674,.739,-.019,.017,.011,1);es="Linear";ed="In";};["000-offset.003"]={cf=cfr(0,0,0,.674,-.505,.539,.091,-.668,-.738,.733,.547,-.405);es="Linear";ed="In";};["000-offset.006"]={cf=cfr(0,0,0,.463,.025,-.886,.293,-.948,.127,-.836,-.318,-.446);es="Linear";ed="In";};["000-offset.004"]={cf=cfr(0,0,0,.832,-.555,0,.555,.832,0,0,0,1);es="Linear";ed="In";};["000-offset.007"]={cf=cfr(0,0,0,.691,-.723,0,.723,.691,0,0,0,1);es="Linear";ed="In";};};{tm=.583;["root"]={cf=cfr(0,3.426,.522,0,0,1,0,1,0,-1,0,0);es="Linear";ed="In";};["000-offset"]={cf=cfr(0,0,0,.951,-.309,0,.309,.951,0,0,0,1);es="Linear";ed="In";};["006-offset"]={cf=cfr(0,0,0,-.029,-1,0,1,-.029,0,0,0,1);es="Linear";ed="In";};["000-offset.009"]={cf=cfr(0,0,0,.602,-.791,.107,.794,.608,.032,-.09,.066,.994);es="Linear";ed="In";};["000-offset.012"]={cf=cfr(0,0,0,.122,-.958,-.258,.884,-.013,.467,-.451,-.285,.846);es="Linear";ed="In";};["000-offset.001"]={cf=cfr(0,0,0,.986,-.016,-.166,.034,.994,.106,.163,-.11,.98);es="Linear";ed="In";};["000-offset.010"]={cf=cfr(0,0,0,.788,.616,0,-.616,.788,0,0,0,1);es="Linear";ed="In";};["000-offset.013"]={cf=cfr(0,0,0,.488,.873,0,-.873,.488,0,0,0,1);es="Linear";ed="In";};["004-offset"]={cf=cfr(0,0,0,.034,-.999,0,.999,.034,0,0,0,1);es="Linear";ed="In";};["000-offset.002"]={cf=cfr(0,0,0,.997,.048,-.056,-.043,.996,.084,.06,-.081,.995);es="Linear";ed="In";};["000-offset.011"]={cf=cfr(0,0,0,.589,-.808,0,.808,.589,0,0,0,1);es="Linear";ed="In";};["000-offset.014"]={cf=cfr(0,0,0,.717,-.697,-.005,.697,.717,-.019,.017,.01,1);es="Linear";ed="In";};["000-offset.003"]={cf=cfr(0,0,0,.678,-.5,.539,.087,-.674,-.733,.73,.544,-.414);es="Linear";ed="In";};["000-offset.006"]={cf=cfr(0,0,0,.489,.002,-.872,.177,-.979,.097,-.854,-.202,-.479);es="Linear";ed="In";};["000-offset.004"]={cf=cfr(0,0,0,.844,-.537,0,.537,.844,0,0,0,1);es="Linear";ed="In";};["000-offset.007"]={cf=cfr(0,0,0,.713,-.701,0,.701,.713,0,0,0,1);es="Linear";ed="In";};};{tm=.625;["root"]={cf=cfr(0,3.356,.522,0,0,1,0,1,0,-1,0,0);es="Linear";ed="In";};["000-offset"]={cf=cfr(0,0,0,.946,-.323,0,.323,.946,0,0,0,1);es="Linear";ed="In";};["006-offset"]={cf=cfr(0,0,0,-.078,-.997,0,.997,-.078,0,0,0,1);es="Linear";ed="In";};["000-offset.009"]={cf=cfr(0,0,0,.512,-.854,.089,.855,.517,.045,-.084,.054,.995);es="Linear";ed="In";};["000-offset.012"]={cf=cfr(0,0,0,.074,-.967,-.244,.884,-.05,.465,-.462,-.25,.851);es="Linear";ed="In";};["000-offset.001"]={cf=cfr(0,0,0,.986,.05,-.162,-.034,.994,.104,.166,-.097,.981);es="Linear";ed="In";};["000-offset.010"]={cf=cfr(0,0,0,.832,.555,0,-.555,.832,0,0,0,1);es="Linear";ed="In";};["000-offset.013"]={cf=cfr(0,0,0,.547,.837,0,-.837,.547,0,0,0,1);es="Linear";ed="In";};["004-offset"]={cf=cfr(0,0,0,.033,-.999,0,.999,.033,0,0,0,1);es="Linear";ed="In";};["000-offset.002"]={cf=cfr(0,0,0,.992,.112,-.051,-.108,.991,.081,.06,-.074,.995);es="Linear";ed="In";};["000-offset.011"]={cf=cfr(0,0,0,.517,-.856,0,.856,.517,0,0,0,1);es="Linear";ed="In";};["000-offset.014"]={cf=cfr(0,0,0,.656,-.754,-.005,.754,.656,-.019,.017,.009,1);es="Linear";ed="In";};["000-offset.003"]={cf=cfr(0,0,0,.661,-.527,.534,.043,-.684,-.728,.749,.504,-.43);es="Linear";ed="In";};["000-offset.006"]={cf=cfr(0,0,0,.463,-.037,-.885,.072,-.994,.08,-.883,-.101,-.458);es="Linear";ed="In";};["000-offset.004"]={cf=cfr(0,0,0,.848,-.53,0,.53,.848,0,0,0,1);es="Linear";ed="In";};["000-offset.007"]={cf=cfr(0,0,0,.723,-.691,0,.691,.723,0,0,0,1);es="Linear";ed="In";};};{tm=.667;["root"]={cf=cfr(0,3.102,.522,0,0,1,0,1,0,-1,0,0);es="Linear";ed="In";};["000-offset"]={cf=cfr(0,0,0,.945,-.326,0,.326,.945,0,0,0,1);es="Linear";ed="In";};["006-offset"]={cf=cfr(0,0,0,-.148,-.989,0,.989,-.148,0,0,0,1);es="Linear";ed="In";};["000-offset.009"]={cf=cfr(0,0,0,.346,-.936,.068,.936,.349,.042,-.063,.049,.997);es="Linear";ed="In";};["000-offset.012"]={cf=cfr(0,0,0,-.007,-.97,-.242,.878,-.122,.463,-.479,-.209,.853);es="Linear";ed="In";};["000-offset.001"]={cf=cfr(0,0,0,.977,.143,-.158,-.127,.987,.103,.171,-.08,.982);es="Linear";ed="In";};["000-offset.010"]={cf=cfr(0,0,0,.877,.48,0,-.48,.877,0,0,0,1);es="Linear";ed="In";};["000-offset.013"]={cf=cfr(0,0,0,.62,.784,0,-.784,.62,0,0,0,1);es="Linear";ed="In";};["004-offset"]={cf=cfr(0,0,0,.033,-.999,0,.999,.033,0,0,0,1);es="Linear";ed="In";};["000-offset.002"]={cf=cfr(0,0,0,.979,.196,-.051,-.191,.979,.075,.064,-.064,.996);es="Linear";ed="In";};["000-offset.011"]={cf=cfr(0,0,0,.409,-.912,0,.912,.409,0,0,0,1);es="Linear";ed="In";};["000-offset.014"]={cf=cfr(0,0,0,.566,-.824,-.005,.824,.566,-.019,.018,.007,1);es="Linear";ed="In";};["000-offset.003"]={cf=cfr(0,0,0,.624,-.575,.529,-.021,-.69,-.724,.781,.441,-.443);es="Linear";ed="In";};["000-offset.006"]={cf=cfr(0,0,0,.404,-.077,-.911,-.005,-.997,.082,-.915,-.029,-.403);es="Linear";ed="In";};["000-offset.004"]={cf=cfr(0,0,0,.847,-.531,0,.531,.847,0,0,0,1);es="Linear";ed="In";};["000-offset.007"]={cf=cfr(0,0,0,.723,-.691,0,.691,.723,0,0,0,1);es="Linear";ed="In";};};{tm=.708;["root"]={cf=cfr(0,2.707,.522,0,0,1,0,1,0,-1,0,0);es="Linear";ed="In";};["000-offset"]={cf=cfr(0,0,0,.948,-.319,0,.319,.948,0,0,0,1);es="Linear";ed="In";};["006-offset"]={cf=cfr(0,0,0,-.225,-.974,0,.974,-.225,0,0,0,1);es="Linear";ed="In";};["000-offset.009"]={cf=cfr(0,0,0,.131,-.99,.057,.991,.132,.027,-.035,.052,.998);es="Linear";ed="In";};["000-offset.012"]={cf=cfr(0,0,0,-.101,-.963,-.251,.861,-.211,.462,-.498,-.17,.85);es="Linear";ed="In";};["000-offset.001"]={cf=cfr(0,0,0,.957,.244,-.157,-.23,.968,.101,.177,-.061,.982);es="Linear";ed="In";};["000-offset.010"]={cf=cfr(0,0,0,.917,.398,0,-.398,.917,0,0,0,1);es="Linear";ed="In";};["000-offset.013"]={cf=cfr(0,0,0,.693,.721,0,-.721,.693,0,0,0,1);es="Linear";ed="In";};["004-offset"]={cf=cfr(0,0,0,.033,-.999,0,.999,.033,0,0,0,1);es="Linear";ed="In";};["000-offset.002"]={cf=cfr(0,0,0,.957,.284,-.054,-.28,.957,.07,.072,-.052,.996);es="Linear";ed="In";};["000-offset.011"]={cf=cfr(0,0,0,.285,-.959,0,.959,.285,0,0,0,1);es="Linear";ed="In";};["000-offset.014"]={cf=cfr(0,0,0,.459,-.888,-.004,.888,.459,-.019,.019,.005,1);es="Linear";ed="In";};["000-offset.003"]={cf=cfr(0,0,0,.57,-.629,.529,-.086,-.686,-.723,.817,.367,-.445);es="Linear";ed="In";};["000-offset.006"]={cf=cfr(0,0,0,.332,-.109,-.937,-.051,-.994,.097,-.942,.016,-.336);es="Linear";ed="In";};["000-offset.004"]={cf=cfr(0,0,0,.844,-.537,0,.537,.844,0,0,0,1);es="Linear";ed="In";};["000-offset.007"]={cf=cfr(0,0,0,.718,-.696,0,.696,.718,0,0,0,1);es="Linear";ed="In";};};{tm=.75;["root"]={cf=cfr(0,2.27,.522,0,0,1,0,1,0,-1,0,0);es="Linear";ed="In";};["000-offset"]={cf=cfr(0,0,0,.952,-.307,0,.307,.952,0,0,0,1);es="Linear";ed="In";};["006-offset"]={cf=cfr(0,0,0,-.296,-.955,0,.955,-.296,0,0,0,1);es="Linear";ed="In";};["000-offset.009"]={cf=cfr(0,0,0,-.087,-.994,.063,.996,-.087,.01,-.005,.064,.998);es="Linear";ed="In";};["000-offset.012"]={cf=cfr(0,0,0,-.189,-.945,-.266,.835,-.297,.463,-.516,-.135,.846);es="Linear";ed="In";};["000-offset.001"]={cf=cfr(0,0,0,.927,.339,-.158,-.326,.94,.101,.183,-.042,.982);es="Linear";ed="In";};["000-offset.010"]={cf=cfr(0,0,0,.947,.322,0,-.322,.947,0,0,0,1);es="Linear";ed="In";};["000-offset.013"]={cf=cfr(0,0,0,.755,.656,0,-.656,.755,0,0,0,1);es="Linear";ed="In";};["004-offset"]={cf=cfr(0,0,0,.033,-.999,0,.999,.033,0,0,0,1);es="Linear";ed="In";};["000-offset.002"]={cf=cfr(0,0,0,.929,.364,-.06,-.36,.93,.069,.081,-.043,.996);es="Linear";ed="In";};["000-offset.011"]={cf=cfr(0,0,0,.165,-.986,0,.986,.165,0,0,0,1);es="Linear";ed="In";};["000-offset.014"]={cf=cfr(0,0,0,.356,-.935,-.005,.934,.356,-.019,.019,.002,1);es="Linear";ed="In";};["000-offset.003"]={cf=cfr(0,0,0,.508,-.677,.532,-.136,-.673,-.727,.85,.297,-.434);es="Linear";ed="In";};["000-offset.006"]={cf=cfr(0,0,0,.266,-.132,-.955,-.072,-.991,.117,-.961,.038,-.273);es="Linear";ed="In";};["000-offset.004"]={cf=cfr(0,0,0,.839,-.545,0,.545,.839,0,0,0,1);es="Linear";ed="In";};["000-offset.007"]={cf=cfr(0,0,0,.709,-.706,0,.706,.709,0,0,0,1);es="Linear";ed="In";};};{tm=.792;["root"]={cf=cfr(0,1.847,.522,0,0,1,0,1,0,-1,0,0);es="Linear";ed="In";};["000-offset"]={cf=cfr(0,0,0,.956,-.293,0,.293,.956,0,0,0,1);es="Linear";ed="In";};["006-offset"]={cf=cfr(0,0,0,-.347,-.938,0,.938,-.347,0,0,0,1);es="Linear";ed="In";};["000-offset.009"]={cf=cfr(0,0,0,-.257,-.963,.085,.966,-.258,.002,.02,.083,.996);es="Linear";ed="In";};["000-offset.012"]={cf=cfr(0,0,0,-.255,-.925,-.281,.808,-.364,.464,-.531,-.109,.84);es="Linear";ed="In";};["000-offset.001"]={cf=cfr(0,0,0,.896,.413,-.162,-.401,.91,.103,.19,-.027,.981);es="Linear";ed="In";};["000-offset.010"]={cf=cfr(0,0,0,.965,.262,0,-.262,.965,0,0,0,1);es="Linear";ed="In";};["000-offset.013"]={cf=cfr(0,0,0,.796,.605,0,-.605,.796,0,0,0,1);es="Linear";ed="In";};["004-offset"]={cf=cfr(0,0,0,.033,-.999,0,.999,.033,0,0,0,1);es="Linear";ed="In";};["000-offset.002"]={cf=cfr(0,0,0,.904,.423,-.064,-.419,.905,.073,.089,-.039,.995);es="Linear";ed="In";};["000-offset.011"]={cf=cfr(0,0,0,.076,-.997,0,.997,.076,0,0,0,1);es="Linear";ed="In";};["000-offset.014"]={cf=cfr(0,0,0,.278,-.961,-.005,.96,.278,-.019,.02,.001,1);es="Linear";ed="In";};["000-offset.003"]={cf=cfr(0,0,0,.455,-.711,.536,-.166,-.659,-.733,.875,.244,-.418);es="Linear";ed="In";};["000-offset.006"]={cf=cfr(0,0,0,.222,-.144,-.964,-.08,-.988,.129,-.972,.049,-.231);es="Linear";ed="In";};["000-offset.004"]={cf=cfr(0,0,0,.834,-.552,0,.552,.834,0,0,0,1);es="Linear";ed="In";};["000-offset.007"]={cf=cfr(0,0,0,.699,-.715,0,.715,.699,0,0,0,1);es="Linear";ed="In";};};{tm=.833;["root"]={cf=cfr(0,1.495,.522,0,0,1,0,1,0,-1,0,0);es="Linear";ed="In";};["000-offset"]={cf=cfr(0,0,0,.96,-.28,0,.28,.96,0,0,0,1);es="Linear";ed="In";};["006-offset"]={cf=cfr(0,0,0,-.367,-.93,0,.93,-.367,0,0,0,1);es="Linear";ed="In";};["000-offset.009"]={cf=cfr(0,0,0,-.339,-.934,.114,.94,-.34,.008,.032,.11,.993);es="Linear";ed="In";};["000-offset.012"]={cf=cfr(0,0,0,-.286,-.914,-.289,.792,-.395,.465,-.539,-.096,.837);es="Linear";ed="In";};["000-offset.001"]={cf=cfr(0,0,0,.876,.453,-.168,-.441,.891,.106,.197,-.019,.98);es="Linear";ed="In";};["000-offset.010"]={cf=cfr(0,0,0,.973,.231,0,-.231,.973,0,0,0,1);es="Linear";ed="In";};["000-offset.013"]={cf=cfr(0,0,0,.812,.584,0,-.584,.812,0,0,0,1);es="Linear";ed="In";};["004-offset"]={cf=cfr(0,0,0,.033,-.999,0,.999,.033,0,0,0,1);es="Linear";ed="In";};["000-offset.002"]={cf=cfr(0,0,0,.89,.45,-.065,-.445,.892,.082,.095,-.044,.995);es="Linear";ed="In";};["000-offset.011"]={cf=cfr(0,0,0,.042,-.999,0,.999,.042,0,0,0,1);es="Linear";ed="In";};["000-offset.014"]={cf=cfr(0,0,0,.249,-.969,-.005,.968,.249,-.019,.02,0,1);es="Linear";ed="In";};["000-offset.003"]={cf=cfr(0,0,0,.424,-.727,.539,-.177,-.651,-.738,.888,.218,-.405);es="Linear";ed="In";};["000-offset.006"]={cf=cfr(0,0,0,.211,-.142,-.967,-.089,-.988,.125,-.973,.06,-.221);es="Linear";ed="In";};["000-offset.004"]={cf=cfr(0,0,0,.832,-.555,0,.555,.832,0,0,0,1);es="Linear";ed="In";};["000-offset.007"]={cf=cfr(0,0,0,.691,-.723,0,.723,.691,0,0,0,1);es="Linear";ed="In";};};{tm=.875;["root"]={cf=cfr(0,1.283,.522,0,0,1,0,1,0,-1,0,0);es="Linear";ed="In";};["000-offset"]={cf=cfr(0,0,0,.965,-.264,0,.264,.965,0,0,0,1);es="Linear";ed="In";};["006-offset"]={cf=cfr(0,0,0,-.346,-.938,0,.938,-.346,0,0,0,1);es="Linear";ed="In";};["000-offset.009"]={cf=cfr(0,0,0,-.317,-.936,.152,.948,-.317,.025,.024,.152,.988);es="Linear";ed="In";};["000-offset.012"]={cf=cfr(0,0,0,-.272,-.918,-.289,.798,-.383,.466,-.538,-.104,.837);es="Linear";ed="In";};["000-offset.001"]={cf=cfr(0,0,0,.872,.458,-.174,-.445,.889,.11,.205,-.018,.979);es="Linear";ed="In";};["000-offset.010"]={cf=cfr(0,0,0,.971,.239,0,-.239,.971,0,0,0,1);es="Linear";ed="In";};["000-offset.013"]={cf=cfr(0,0,0,.798,.603,0,-.603,.798,0,0,0,1);es="Linear";ed="In";};["004-offset"]={cf=cfr(0,0,0,.033,-.999,0,.999,.033,0,0,0,1);es="Linear";ed="In";};["000-offset.002"]={cf=cfr(0,0,0,.9,.431,-.062,-.424,.9,.096,.097,-.06,.993);es="Linear";ed="In";};["000-offset.011"]={cf=cfr(0,0,0,.079,-.997,0,.997,.079,0,0,0,1);es="Linear";ed="In";};["000-offset.014"]={cf=cfr(0,0,0,.297,-.955,-.005,.955,.297,-.019,.02,.001,1);es="Linear";ed="In";};["000-offset.003"]={cf=cfr(0,0,0,.427,-.725,.54,-.17,-.651,-.74,.888,.224,-.401);es="Linear";ed="In";};["000-offset.006"]={cf=cfr(0,0,0,.251,-.118,-.961,-.103,-.99,.094,-.962,.076,-.261);es="Linear";ed="In";};["000-offset.007"]={cf=cfr(0,0,0,.683,-.73,0,.73,.683,0,0,0,1);es="Linear";ed="In";};};{tm=.917;["root"]={cf=cfr(0,1.311,.522,0,0,1,0,1,0,-1,0,0);es="Linear";ed="In";};["000-offset"]={cf=cfr(0,0,0,.97,-.241,0,.241,.97,0,0,0,1);es="Linear";ed="In";};["006-offset"]={cf=cfr(0,0,0,-.294,-.956,0,.956,-.294,0,0,0,1);es="Linear";ed="In";};["000-offset.009"]={cf=cfr(0,0,0,-.216,-.954,.207,.976,-.212,.043,.002,.211,.977);es="Linear";ed="In";};["000-offset.012"]={cf=cfr(0,0,0,-.222,-.932,-.287,.818,-.338,.465,-.531,-.131,.837);es="Linear";ed="In";};["000-offset.001"]={cf=cfr(0,0,0,.88,.437,-.183,-.423,.899,.114,.214,-.023,.977);es="Linear";ed="In";};["000-offset.010"]={cf=cfr(0,0,0,.96,.281,0,-.281,.96,0,0,0,1);es="Linear";ed="In";};["000-offset.013"]={cf=cfr(0,0,0,.757,.653,0,-.653,.757,0,0,0,1);es="Linear";ed="In";};["004-offset"]={cf=cfr(0,0,0,.033,-.999,0,.999,.033,0,0,0,1);es="Linear";ed="In";};["000-offset.002"]={cf=cfr(0,0,0,.927,.37,-.061,-.362,.925,.115,.099,-.084,.992);es="Linear";ed="In";};["000-offset.011"]={cf=cfr(0,0,0,.174,-.985,0,.985,.174,0,0,0,1);es="Linear";ed="In";};["000-offset.014"]={cf=cfr(0,0,0,.408,-.913,-.005,.913,.408,-.018,.019,.003,1);es="Linear";ed="In";};["000-offset.003"]={cf=cfr(0,0,0,.452,-.71,.54,-.148,-.657,-.74,.88,.255,-.402);es="Linear";ed="In";};["000-offset.006"]={cf=cfr(0,0,0,.34,-.075,-.937,-.11,-.993,.039,-.934,.09,-.346);es="Linear";ed="In";};["000-offset.007"]={cf=cfr(0,0,0,.672,-.74,0,.74,.672,0,0,0,1);es="Linear";ed="In";};};{tm=.958;["root"]={cf=cfr(0,1.509,.522,0,0,1,0,1,0,-1,0,0);es="Linear";ed="In";};["000-offset"]={cf=cfr(0,0,0,.977,-.214,0,.214,.977,0,0,0,1);es="Linear";ed="In";};["006-offset"]={cf=cfr(0,0,0,-.221,-.975,0,.975,-.221,0,0,0,1);es="Linear";ed="In";};["000-offset.009"]={cf=cfr(0,0,0,-.07,-.958,.278,.997,-.06,.043,-.024,.28,.96);es="Linear";ed="In";};["000-offset.012"]={cf=cfr(0,0,0,-.153,-.946,-.285,.841,-.276,.466,-.52,-.168,.838);es="Linear";ed="In";};["000-offset.001"]={cf=cfr(0,0,0,.896,.399,-.193,-.383,.916,.117,.224,-.031,.974);es="Linear";ed="In";};["000-offset.010"]={cf=cfr(0,0,0,.94,.342,0,-.342,.94,0,0,0,1);es="Linear";ed="In";};["000-offset.013"]={cf=cfr(0,0,0,.695,.719,0,-.719,.695,0,0,0,1);es="Linear";ed="In";};["004-offset"]={cf=cfr(0,0,0,.032,-.999,0,.999,.032,0,0,0,1);es="Linear";ed="In";};["000-offset.002"]={cf=cfr(0,0,0,.956,.287,-.064,-.276,.951,.139,.1,-.115,.988);es="Linear";ed="In";};["000-offset.011"]={cf=cfr(0,0,0,.3,-.954,0,.954,.3,0,0,0,1);es="Linear";ed="In";};["000-offset.014"]={cf=cfr(0,0,0,.542,-.84,-.005,.84,.542,-.018,.018,.006,1);es="Linear";ed="In";};["000-offset.003"]={cf=cfr(0,0,0,.488,-.686,.54,-.114,-.663,-.74,.866,.299,-.401);es="Linear";ed="In";};["000-offset.006"]={cf=cfr(0,0,0,.454,-.022,-.891,-.09,-.996,-.021,-.887,.09,-.454);es="Linear";ed="In";};["000-offset.007"]={cf=cfr(0,0,0,.658,-.753,0,.753,.658,0,0,0,1);es="Linear";ed="In";};};{tm=1;["root"]={cf=cfr(0,1.791,.522,0,0,1,0,1,0,-1,0,0);es="Linear";ed="In";};["000-offset"]={cf=cfr(0,0,0,.983,-.184,0,.184,.983,0,0,0,1);es="Linear";ed="In";};["006-offset"]={cf=cfr(0,0,0,-.14,-.99,0,.99,-.14,0,0,0,1);es="Linear";ed="In";};["000-offset.009"]={cf=cfr(0,0,0,.084,-.932,.354,.995,.095,.013,-.045,.351,.935);es="Linear";ed="In";};["000-offset.012"]={cf=cfr(0,0,0,-.083,-.955,-.285,.857,-.214,.468,-.508,-.206,.836);es="Linear";ed="In";};["000-offset.001"]={cf=cfr(0,0,0,.914,.35,-.205,-.332,.936,.119,.234,-.041,.971);es="Linear";ed="In";};["000-offset.010"]={cf=cfr(0,0,0,.912,.41,0,-.41,.912,0,0,0,1);es="Linear";ed="In";};["000-offset.013"]={cf=cfr(0,0,0,.621,.784,0,-.784,.621,0,0,0,1);es="Linear";ed="In";};["004-offset"]={cf=cfr(0,0,0,.032,-.999,0,.999,.032,0,0,0,1);es="Linear";ed="In";};["000-offset.002"]={cf=cfr(0,0,0,.976,.204,-.071,-.19,.968,.166,.103,-.148,.984);es="Linear";ed="In";};["000-offset.011"]={cf=cfr(0,0,0,.431,-.902,0,.902,.431,0,0,0,1);es="Linear";ed="In";};["000-offset.014"]={cf=cfr(0,0,0,.662,-.75,-.005,.75,.662,-.018,.016,.008,1);es="Linear";ed="In";};["000-offset.003"]={cf=cfr(0,0,0,.521,-.66,.541,-.076,-.667,-.741,.85,.344,-.398);es="Linear";ed="In";};["000-offset.006"]={cf=cfr(0,0,0,.563,.034,-.826,-.038,-.997,-.068,-.826,.07,-.56);es="Linear";ed="In";};["000-offset.007"]={cf=cfr(0,0,0,.644,-.765,0,.765,.644,0,0,0,1);es="Linear";ed="In";};};{tm=1.042;["root"]={cf=cfr(0,2.03,.522,0,0,1,0,1,0,-1,0,0);es="Linear";ed="In";};["000-offset"]={cf=cfr(0,0,0,.988,-.154,0,.154,.988,0,0,0,1);es="Linear";ed="In";};["006-offset"]={cf=cfr(0,0,0,-.067,-.998,0,.998,-.067,0,0,0,1);es="Linear";ed="In";};["000-offset.009"]={cf=cfr(0,0,0,.206,-.885,.418,.977,.208,-.041,-.051,.417,.908);es="Linear";ed="In";};["000-offset.012"]={cf=cfr(0,0,0,-.035,-.957,-.287,.866,-.172,.47,-.499,-.233,.835);es="Linear";ed="In";};["000-offset.001"]={cf=cfr(0,0,0,.929,.298,-.218,-.278,.953,.12,.244,-.051,.969);es="Linear";ed="In";};["000-offset.010"]={cf=cfr(0,0,0,.881,.473,0,-.473,.881,0,0,0,1);es="Linear";ed="In";};["000-offset.013"]={cf=cfr(0,0,0,.547,.837,0,-.837,.547,0,0,0,1);es="Linear";ed="In";};["004-offset"]={cf=cfr(0,0,0,.032,-.999,0,.999,.032,0,0,0,1);es="Linear";ed="In";};["000-offset.002"]={cf=cfr(0,0,0,.986,.147,-.081,-.129,.973,.193,.107,-.18,.978);es="Linear";ed="In";};["000-offset.011"]={cf=cfr(0,0,0,.542,-.84,0,.84,.542,0,0,0,1);es="Linear";ed="In";};["000-offset.014"]={cf=cfr(0,0,0,.742,-.671,-.005,.671,.742,-.018,.016,.01,1);es="Linear";ed="In";};["000-offset.003"]={cf=cfr(0,0,0,.543,-.641,.542,-.049,-.669,-.742,.838,.376,-.395);es="Linear";ed="In";};["000-offset.006"]={cf=cfr(0,0,0,.643,.084,-.761,.026,-.996,-.088,-.765,.036,-.643);es="Linear";ed="In";};["000-offset.007"]={cf=cfr(0,0,0,.629,-.777,0,.777,.629,0,0,0,1);es="Linear";ed="In";};};{tm=1.083;["root"]={cf=cfr(0,2.087,.522,0,0,1,0,1,0,-1,0,0);es="Linear";ed="In";};["000-offset"]={cf=cfr(0,0,0,.992,-.125,0,.125,.992,0,0,0,1);es="Linear";ed="In";};["006-offset"]={cf=cfr(0,0,0,-.015,-1,0,1,-.015,0,0,0,1);es="Linear";ed="In";};["000-offset.009"]={cf=cfr(0,0,0,.26,-.847,.464,.965,.243,-.096,-.031,.472,.881);es="Linear";ed="In";};["000-offset.012"]={cf=cfr(0,0,0,-.03,-.956,-.291,.868,-.169,.467,-.496,-.239,.835);es="Linear";ed="In";};["000-offset.001"]={cf=cfr(0,0,0,.94,.252,-.23,-.23,.966,.121,.253,-.06,.966);es="Linear";ed="In";};["000-offset.010"]={cf=cfr(0,0,0,.854,.521,0,-.521,.854,0,0,0,1);es="Linear";ed="In";};["000-offset.013"]={cf=cfr(0,0,0,.49,.872,0,-.872,.49,0,0,0,1);es="Linear";ed="In";};["004-offset"]={cf=cfr(0,0,0,.032,-.999,0,.999,.032,0,0,0,1);es="Linear";ed="In";};["000-offset.002"]={cf=cfr(0,0,0,.986,.14,-.086,-.118,.968,.221,.114,-.208,.972);es="Linear";ed="In";};["000-offset.011"]={cf=cfr(0,0,0,.614,-.789,0,.789,.614,0,0,0,1);es="Linear";ed="In";};["000-offset.014"]={cf=cfr(0,0,0,.767,-.642,-.005,.641,.767,-.018,.015,.011,1);es="Linear";ed="In";};["000-offset.003"]={cf=cfr(0,0,0,.548,-.638,.541,-.048,-.67,-.741,.835,.38,-.398);es="Linear";ed="In";};["000-offset.006"]={cf=cfr(0,0,0,.686,.11,-.719,.071,-.994,-.085,-.724,.007,-.689);es="Linear";ed="In";};["000-offset.007"]={cf=cfr(0,0,0,.616,-.788,0,.788,.616,0,0,0,1);es="Linear";ed="In";};};{tm=1.125;["root"]={cf=cfr(0,1.918,.522,0,0,1,0,1,0,-1,0,0);es="Linear";ed="In";};["000-offset"]={cf=cfr(0,0,0,.995,-.096,0,.096,.995,0,0,0,1);es="Linear";ed="In";};["006-offset"]={cf=cfr(0,0,0,.005,-1,0,1,.005,0,0,0,1);es="Linear";ed="In";};["000-offset.009"]={cf=cfr(0,0,0,.208,-.843,.496,.977,.156,-.145,.045,.515,.856);es="Linear";ed="In";};["000-offset.012"]={cf=cfr(0,0,0,-.162,-.932,-.325,.849,-.3,.436,-.503,-.205,.839);es="Linear";ed="In";};["000-offset.001"]={cf=cfr(0,0,0,.948,.205,-.244,-.181,.976,.12,.263,-.07,.962);es="Linear";ed="In";};["000-offset.010"]={cf=cfr(0,0,0,.833,.553,0,-.553,.833,0,0,0,1);es="Linear";