local cfr = CFrame.new

return {{tm=0;["LeftUpperArm"]={cf=cfr(-.008,-.333,.114,.995,.069,-.072,.009,.658,.753,.099,-.75,.654);es="Quad";ed="In";};["Head"]={cf=cfr(0,0,0,1,0,0,0,.766,.643,0,-.643,.766);es="Linear";ed="In";};["RightUpperArm"]={cf=cfr(-.008,-.333,.114,.997,-.048,.053,-.008,.658,.753,-.071,-.752,.655);es="Quad";ed="In";};["LeftUpperLeg"]={cf=cfr(0,0,0,.983,.182,.005,-.129,.714,-.688,-.129,.676,.726);es="Quad";ed="In";};["RightUpperLeg"]={cf=cfr(0,0,0,.982,-.189,-.029,.129,.764,-.632,.141,.616,.775);es="Quad";ed="In";};["UpperTorso"]={cf=cfr(0,0,-.015,1,-.001,-.013,.008,.865,.502,.011,-.502,.865);es="Quad";ed="In";};["LeftLowerArm"]={cf=cfr(.001,0,0,1,0,0,0,.866,-.5,0,.5,.866);es="Quad";ed="In";};["LeftFoot"]={cf=cfr(0,0,0,1,0,0,0,1,0,0,0,1);es="Quad";ed="In";};["LeftLowerLeg"]={cf=cfr(0,0,0,1,0,0,0,1,0,0,0,1);es="Quad";ed="In";};["RightLowerArm"]={cf=cfr(0,0,0,1,0,0,0,.866,-.5,0,.5,.866);es="Quad";ed="In";};["LowerTorso"]={cf=cfr(0,-1.903,-.07,1,0,0,0,.656,-.755,0,.755,.656);es="Quad";ed="In";};["RightFoot"]={cf=cfr(0,0,0,1,0,0,0,1,0,0,0,1);es="Quad";ed="In";};["RightLowerLeg"]={cf=cfr(0,0,0,1,0,0,0,1,0,0,0,1);es="Quad";ed="In";};["LeftHand"]={cf=cfr(.001,0,0,1,0,0,0,1,0,0,0,1);es="Quad";ed="In";};["RightHand"]={cf=cfr(0,0,0,1,0,0,0,1,0,0,0,1);es="Quad";ed="In";};};{tm=.017;["RightUpperArm"]={cf=cfr(-.008,-.333,.114,.997,-.049,.053,-.007,.658,.753,-.071,-.751,.656);es="Linear";ed="In";};["LeftUpperArm"]={cf=cfr(-.007,-.332,.114,.995,.069,-.072,.008,.658,.753,.099,-.75,.654);es="Linear";ed="In";};["UpperTorso"]={cf=cfr(0,0,-.015,1,-.001,-.013,.008,.865,.502,.011,-.502,.865);es="Linear";ed="In";};["RightUpperLeg"]={cf=cfr(0,0,0,.982,-.189,-.029,.129,.765,-.631,.142,.616,.775);es="Linear";ed="In";};["LeftUpperLeg"]={cf=cfr(0,0,0,.983,.182,.006,-.128,.714,-.688,-.129,.676,.726);es="Linear";ed="In";};["LeftLowerArm"]={cf=cfr(.001,0,0,1,0,0,0,.866,-.5,0,.5,.866);es="Linear";ed="In";};["LeftFoot"]={cf=cfr(0,0,0,1,0,0,0,1,0,0,0,1);es="Linear";ed="In";};["LeftLowerLeg"]={cf=cfr(0,0,0,1,0,0,0,1,.001,0,-.001,1);es="Linear";ed="In";};["RightLowerArm"]={cf=cfr(0,0,0,1,0,0,0,.866,-.5,0,.5,.866);es="Linear";ed="In";};["LowerTorso"]={cf=cfr(0,-1.903,-.07,1,0,0,0,.656,-.754,0,.754,.656);es="Linear";ed="In";};["RightFoot"]={cf=cfr(0,0,0,1,0,0,0,1,0,0,0,1);es="Linear";ed="In";};["RightLowerLeg"]={cf=cfr(0,0,0,1,0,0,0,1,0,0,0,1);es="Linear";ed="In";};["LeftHand"]={cf=cfr(.001,0,0,1,0,0,0,1,0,0,0,1);es="Linear";ed="In";};["RightHand"]={cf=cfr(0,0,0,1,0,0,0,1,0,0,0,1);es="Linear";ed="In";};};{tm=.033;["RightUpperArm"]={cf=cfr(-.009,-.331,.115,.997,-.051,.051,-.004,.659,.752,-.072,-.75,.658);es="Linear";ed="In";};["LeftUpperArm"]={cf=cfr(-.006,-.331,.114,.995,.072,-.07,.005,.659,.752,.1,-.748,.656);es="Linear";ed="In";};["UpperTorso"]={cf=cfr(0,0,-.015,1,-.001,-.013,.008,.865,.501,.011,-.501,.865);es="Linear";ed="In";};["RightUpperLeg"]={cf=cfr(0,0,0,.981,-.189,-.03,.128,.765,-.631,.142,.615,.776);es="Linear";ed="In";};["LeftUpperLeg"]={cf=cfr(0,0,0,.983,.182,.007,-.128,.714,-.689,-.13,.676,.725);es="Linear";ed="In";};["LeftLowerArm"]={cf=cfr(.001,0,0,1,0,0,0,.866,-.5,0,.5,.866);es="Linear";ed="In";};["LeftFoot"]={cf=cfr(0,0,0,1,0,0,0,1,0,0,0,1);es="Linear";ed="In";};["LeftLowerLeg"]={cf=cfr(0,.002,-.001,1,0,0,0,1,.005,0,-.005,1);es="Linear";ed="In";};["RightLowerArm"]={cf=cfr(0,0,0,1,0,0,0,.866,-.5,0,.5,.866);es="Linear";ed="In";};["LowerTorso"]={cf=cfr(0,-1.904,-.07,1,0,0,0,.658,-.753,0,.753,.658);es="Linear";ed="In";};["RightFoot"]={cf=cfr(0,0,0,1,0,0,0,1,0,0,0,1);es="Linear";ed="In";};["RightLowerLeg"]={cf=cfr(0,0,0,1,0,0,0,1,.002,0,-.002,1);es="Linear";ed="In";};["LeftHand"]={cf=cfr(.001,0,0,1,0,0,0,1,0,0,0,1);es="Linear";ed="In";};["RightHand"]={cf=cfr(0,0,0,1,0,0,0,1,0,0,0,1);es="Linear";ed="In";};};{tm=.05;["RightUpperArm"]={cf=cfr(-.011,-.329,.115,.997,-.055,.048,.001,.662,.75,-.073,-.748,.66);es="Linear";ed="In";};["LeftUpperArm"]={cf=cfr(-.004,-.329,.115,.995,.076,-.068,.001,.661,.75,.102,-.746,.658);es="Linear";ed="In";};["UpperTorso"]={cf=cfr(0,0,-.015,1,-.001,-.013,.008,.866,.501,.011,-.501,.866);es="Linear";ed="In";};["RightUpperLeg"]={cf=cfr(0,0,0,.981,-.19,-.031,.128,.767,-.629,.143,.613,.777);es="Linear";ed="In";};["LeftUpperLeg"]={cf=cfr(0,0,0,.983,.183,.009,-.126,.713,-.689,-.132,.677,.724);es="Linear";ed="In";};["LeftLowerArm"]={cf=cfr(.001,0,0,1,0,0,0,.866,-.5,0,.5,.866);es="Linear";ed="In";};["LeftFoot"]={cf=cfr(0,0,0,1,0,0,0,1,0,0,0,1);es="Linear";ed="In";};["LeftLowerLeg"]={cf=cfr(0,.003,-.002,1,0,0,0,1,.012,0,-.012,1);es="Linear";ed="In";};["RightLowerArm"]={cf=cfr(0,0,0,1,0,0,0,.866,-.5,0,.5,.866);es="Linear";ed="In";};["LowerTorso"]={cf=cfr(0,-1.904,-.071,1,0,0,0,.66,-.751,0,.751,.66);es="Linear";ed="In";};["RightFoot"]={cf=cfr(0,0,0,1,0,0,0,1,0,0,0,1);es="Linear";ed="In";};["RightLowerLeg"]={cf=cfr(0,0,0,1,0,0,0,1,.004,0,-.004,1);es="Linear";ed="In";};["LeftHand"]={cf=cfr(.001,0,0,1,0,0,0,1,0,0,0,1);es="Linear";ed="In";};["RightHand"]={cf=cfr(0,0,0,1,0,0,0,1,0,0,0,1);es="Linear";ed="In";};};{tm=.067;["RightUpperArm"]={cf=cfr(-.013,-.326,.116,.997,-.06,.043,.008,.665,.747,-.073,-.744,.664);es="Linear";ed="In";};["LeftUpperArm"]={cf=cfr(-.001,-.325,.116,.994,.082,-.065,-.006,.664,.747,.105,-.743,.661);es="Linear";ed="In";};["UpperTorso"]={cf=cfr(0,0,-.015,1,-.001,-.013,.008,.866,.499,.011,-.5,.866);es="Linear";ed="In";};["RightUpperLeg"]={cf=cfr(-.001,.001,0,.981,-.19,-.033,.127,.768,-.627,.145,.611,.778);es="Linear";ed="In";};["LeftUpperLeg"]={cf=cfr(0,0,0,.983,.183,.012,-.124,.713,-.69,-.135,.677,.723);es="Linear";ed="In";};["LeftLowerArm"]={cf=cfr(.001,0,0,1,0,0,0,.866,-.5,0,.5,.866);es="Linear";ed="In";};["LeftFoot"]={cf=cfr(0,0,0,1,0,0,0,1,0,0,0,1);es="Linear";ed="In";};["LeftLowerLeg"]={cf=cfr(0,.006,-.004,1,0,0,0,1,.021,0,-.021,1);es="Linear";ed="In";};["RightLowerArm"]={cf=cfr(0,0,0,1,0,0,0,.866,-.5,0,.5,.866);es="Linear";ed="In";};["LowerTorso"]={cf=cfr(0,-1.904,-.071,1,0,0,0,.663,-.749,0,.749,.663);es="Linear";ed="In";};["RightFoot"]={cf=cfr(0,0,0,1,0,0,0,1,0,0,0,1);es="Linear";ed="In";};["RightLowerLeg"]={cf=cfr(0,.001,0,1,0,0,0,1,.007,0,-.007,1);es="Linear";ed="In";};["LeftHand"]={cf=cfr(.001,0,0,1,0,0,0,1,0,0,0,1);es="Linear";ed="In";};["RightHand"]={cf=cfr(0,0,0,1,0,0,0,1,0,0,0,1);es="Linear";ed="In";};};{tm=.083;["RightUpperArm"]={cf=cfr(-.016,-.323,.117,.997,-.067,.037,.017,.669,.743,-.075,-.74,.668);es="Linear";ed="In";};["LeftUpperArm"]={cf=cfr(.002,-.321,.117,.994,.09,-.061,-.015,.668,.744,.108,-.739,.665);es="Linear";ed="In";};["UpperTorso"]={cf=cfr(0,0,-.015,1,-.001,-.013,.008,.867,.498,.01,-.498,.867);es="Linear";ed="In";};["RightUpperLeg"]={cf=cfr(-.001,.001,.001,.981,-.19,-.036,.127,.771,-.624,.146,.608,.78);es="Linear";ed="In";};["LeftUpperLeg"]={cf=cfr(0,0,0,.983,.184,.016,-.122,.712,-.692,-.138,.678,.722);es="Linear";ed="In";};["LeftLowerArm"]={cf=cfr(.001,0,0,1,0,0,0,.866,-.5,0,.5,.866);es="Linear";ed="In";};["LeftFoot"]={cf=cfr(0,0,0,1,0,0,0,1,0,0,0,1);es="Linear";ed="In";};["LeftLowerLeg"]={cf=cfr(0,.009,-.006,1,0,0,0,.999,.033,0,-.033,.999);es="Linear";ed="In";};["RightLowerArm"]={cf=cfr(0,0,0,1,0,0,0,.866,-.5,0,.5,.866);es="Linear";ed="In";};["LowerTorso"]={cf=cfr(0,-1.905,-.071,1,0,0,0,.666,-.746,0,.746,.666);es="Linear";ed="In";};["RightFoot"]={cf=cfr(0,0,0,1,0,0,0,1,0,0,0,1);es="Linear";ed="In";};["RightLowerLeg"]={cf=cfr(0,.001,0,1,0,0,0,1,.011,0,-.011,1);es="Linear";ed="In";};["LeftHand"]={cf=cfr(.001,0,0,1,0,0,0,1,0,0,0,1);es="Linear";ed="In";};["RightHand"]={cf=cfr(0,0,0,1,0,0,0,1,0,0,0,1);es="Linear";ed="In";};};{tm=.1;["RightUpperArm"]={cf=cfr(-.02,-.318,.119,.997,-.075,.031,.028,.674,.738,-.076,-.735,.674);es="Linear";ed="In";};["LeftUpperArm"]={cf=cfr(.007,-.316,.118,.993,.1,-.056,-.026,.672,.74,.111,-.734,.67);es="Linear";ed="In";};["UpperTorso"]={cf=cfr(0,-.001,-.014,1,-.002,-.013,.008,.868,.496,.01,-.497,.868);es="Linear";ed="In";};["RightUpperLeg"]={cf=cfr(-.001,.001,.001,.981,-.191,-.039,.126,.774,-.621,.149,.604,.783);es="Linear";ed="In";};["LeftUpperLeg"]={cf=cfr(-.001,0,.001,.983,.184,.021,-.119,.711,-.693,-.142,.679,.72);es="Linear";ed="In";};["LeftLowerArm"]={cf=cfr(.001,0,0,1,0,0,0,.866,-.5,0,.5,.866);es="Linear";ed="In";};["LeftFoot"]={cf=cfr(0,0,0,1,0,0,0,1,0,0,0,1);es="Linear";ed="In";};["LeftLowerLeg"]={cf=cfr(0,.013,-.008,1,0,0,0,.999,.047,0,-.047,.999);es="Linear";ed="In";};["RightLowerArm"]={cf=cfr(0,0,0,1,0,0,0,.866,-.5,0,.5,.866);es="Linear";ed="In";};["LowerTorso"]={cf=cfr(0,-1.905,-.071,1,0,0,0,.671,-.742,0,.742,.671);es="Linear";ed="In";};["RightFoot"]={cf=cfr(0,0,0,1,0,0,0,1,0,0,0,1);es="Linear";ed="In";};["RightLowerLeg"]={cf=cfr(0,.002,0,1,0,0,0,1,.015,0,-.015,1);es="Linear";ed="In";};["LeftHand"]={cf=cfr(.001,0,0,1,0,0,0,1,0,0,0,1);es="Linear";ed="In";};["RightHand"]={cf=cfr(0,0,0,1,0,0,0,1,0,0,0,1);es="Linear";ed="In";};};{tm=.117;["RightUpperArm"]={cf=cfr(-.024,-.313,.12,.996,-.085,.023,.041,.68,.732,-.078,-.728,.681);es="Linear";ed="In";};["LeftUpperArm"]={cf=cfr(.012,-.311,.119,.993,.111,-.051,-.038,.677,.735,.116,-.727,.676);es="Linear";ed="In";};["UpperTorso"]={cf=cfr(0,-.001,-.014,1,-.002,-.012,.008,.869,.495,.01,-.495,.869);es="Linear";ed="In";};["RightUpperLeg"]={cf=cfr(-.002,.002,.001,.981,-.191,-.043,.125,.777,-.617,.151,.6,.786);es="Linear";ed="In";};["LeftUpperLeg"]={cf=cfr(-.001,0,.001,.982,.185,.026,-.115,.709,-.695,-.147,.68,.718);es="Linear";ed="In";};["LeftLowerArm"]={cf=cfr(.001,0,0,1,0,0,0,.866,-.5,0,.5,.866);es="Linear";ed="In";};["LeftFoot"]={cf=cfr(0,0,0,1,0,0,0,1,0,0,0,1);es="Linear";ed="In";};["LeftLowerLeg"]={cf=cfr(0,.018,-.011,1,.001,0,0,.998,.064,.001,-.064,.998);es="Linear";ed="In";};["RightLowerArm"]={cf=cfr(0,0,0,1,0,0,0,.866,-.5,0,.5,.866);es="Linear";ed="In";};["LowerTorso"]={cf=cfr(0,-1.906,-.071,1,0,0,0,.676,-.737,0,.737,.676);es="Linear";ed="In";};["RightFoot"]={cf=cfr(0,0,0,1,0,0,0,1,0,0,0,1);es="Linear";ed="In";};["RightLowerLeg"]={cf=cfr(0,.002,0,1,0,0,0,1,.021,0,-.021,1);es="Linear";ed="In";};["LeftHand"]={cf=cfr(.001,0,0,1,0,0,0,1,0,0,0,1);es="Linear";ed="In";};["RightHand"]={cf=cfr(0,0,0,1,0,0,0,1,0,0,0,1);es="Linear";ed="In";};};{tm=.133;["RightUpperArm"]={cf=cfr(-.029,-.307,.122,.995,-.096,.014,.057,.686,.725,-.079,-.721,.688);es="Linear";ed="In";};["LeftUpperArm"]={cf=cfr(.017,-.304,.121,.991,.124,-.044,-.053,.683,.729,.121,-.72,.683);es="Linear";ed="In";};["UpperTorso"]={cf=cfr(0,-.001,-.014,1,-.002,-.012,.008,.87,.492,.01,-.492,.87);es="Linear";ed="In";};["RightUpperLeg"]={cf=cfr(-.002,.003,.001,.98,-.192,-.047,.123,.781,-.613,.154,.595,.789);es="Linear";ed="In";};["LeftUpperLeg"]={cf=cfr(-.001,0,.001,.982,.186,.033,-.111,.708,-.698,-.153,.681,.716);es="Linear";ed="In";};["LeftLowerArm"]={cf=cfr(.001,0,0,1,0,0,0,.866,-.5,0,.5,.866);es="Linear";ed="In";};["LeftFoot"]={cf=cfr(0,0,0,1,0,0,0,1,0,0,0,1);es="Linear";ed="In";};["LeftLowerLeg"]={cf=cfr(0,.023,-.015,1,.001,-.001,-.001,.996,.084,.001,-.084,.996);es="Linear";ed="In";};["RightLowerArm"]={cf=cfr(0,0,0,1,0,0,0,.866,-.5,0,.5,.866);es="Linear";ed="In";};["LowerTorso"]={cf=cfr(0,-1.907,-.071,1,0,0,0,.682,-.731,0,.731,.682);es="Linear";ed="In";};["RightFoot"]={cf=cfr(0,0,0,1,0,0,0,1,0,0,0,1);es="Linear";ed="In";};["RightLowerLeg"]={cf=cfr(0,.003,-.001,1,0,0,0,1,.027,0,-.027,1);es="Linear";ed="In";};["LeftHand"]={cf=cfr(.001,0,0,1,0,0,0,1,0,0,0,1);es="Linear";ed="In";};["RightHand"]={cf=cfr(0,0,0,1,0,0,0,1,0,0,0,1);es="Linear";ed="In";};};{tm=.15;["RightUpperArm"]={cf=cfr(-.034,-.301,.124,.994,-.109,.003,.074,.693,.717,-.081,-.712,.697);es="Linear";ed="In";};["LeftUpperArm"]={cf=cfr(.023,-.297,.123,.99,.139,-.037,-.07,.689,.722,.126,-.712,.691);es="Linear";ed="In";};["UpperTorso"]={cf=cfr(0,-.001,-.014,1,-.002,-.012,.008,.872,.49,.009,-.49,.872);es="Linear";ed="In";};["RightUpperLeg"]={cf=cfr(-.003,.003,.002,.98,-.193,-.052,.122,.785,-.608,.158,.589,.793);es="Linear";ed="In";};["LeftUpperLeg"]={cf=cfr(-.001,0,.001,.982,.187,.04,-.106,.706,-.7,-.159,.683,.713);es="Linear";ed="In";};["LeftLowerArm"]={cf=cfr(.001,0,0,1,0,0,0,.866,-.5,0,.5,.866);es="Linear";ed="In";};["LeftFoot"]={cf=cfr(0,0,0,1,0,0,0,1,0,0,0,1);es="Linear";ed="In";};["LeftLowerLeg"]={cf=cfr(0,.029,-.018,1,.001,-.001,-.001,.994,.106,.001,-.106,.994);es="Linear";ed="In";};["RightLowerArm"]={cf=cfr(0,0,0,1,0,0,0,.866,-.5,0,.5,.866);es="Linear";ed="In";};["LowerTorso"]={cf=cfr(0,-1.908,-.071,1,0,0,0,.689,-.725,0,.725,.689);es="Linear";ed="In";};["RightFoot"]={cf=cfr(0,0,0,1,0,0,0,1,0,0,0,1);es="Linear";ed="In";};["RightLowerLeg"]={cf=cfr(0,.004,-.001,1,0,0,0,.999,.035,0,-.035,.999);es="Linear";ed="In";};["LeftHand"]={cf=cfr(.001,0,0,1,0,0,0,1,0,0,0,1);es="Linear";ed="In";};["RightHand"]={cf=cfr(0,0,0,1,0,0,0,1,0,0,0,1);es="Linear";ed="In";};};{tm=.167;["RightUpperArm"]={cf=cfr(-.04,-.294,.127,.992,-.124,-.008,.093,.7,.708,-.082,-.703,.707);es="Linear";ed="In";};["LeftUpperArm"]={cf=cfr(.03,-.289,.125,.987,.156,-.03,-.088,.695,.714,.132,-.702,.7);es="Linear";ed="In";};["UpperTorso"]={cf=cfr(0,-.002,-.014,1,-.002,-.012,.008,.873,.487,.009,-.487,.873);es="Linear";ed="In";};["RightUpperLeg"]={cf=cfr(-.003,.004,.002,.979,-.193,-.057,.121,.789,-.602,.162,.583,.797);es="Linear";ed="In";};["LeftUpperLeg"]={cf=cfr(-.001,0,.001,.981,.188,.048,-.101,.704,-.703,-.166,.685,.71);es="Linear";ed="In";};["LeftLowerArm"]={cf=cfr(.001,0,0,1,0,0,0,.866,-.5,0,.5,.866);es="Linear";ed="In";};["LeftFoot"]={cf=cfr(0,0,0,1,0,0,0,1,0,0,0,1);es="Linear";ed="In";};["LeftLowerLeg"]={cf=cfr(0,.035,-.023,1,.001,-.001,-.001,.991,.131,.001,-.131,.991);es="Linear";ed="In";};["RightLowerArm"]={cf=cfr(0,0,0,1,0,0,0,.866,-.5,0,.5,.866);es="Linear";ed="In";};["LowerTorso"]={cf=cfr(0,-1.909,-.072,1,0,0,0,.697,-.717,0,.717,.697);es="Linear";ed="In";};["RightFoot"]={cf=cfr(0,0,0,1,0,0,0,1,0,0,0,1);es="Linear";ed="In";};["RightLowerLeg"]={cf=cfr(0,.005,-.001,1,0,0,0,.999,.043,0,-.043,.999);es="Linear";ed="In";};["LeftHand"]={cf=cfr(.001,0,0,1,0,0,0,1,0,0,0,1);es="Linear";ed="In";};["RightHand"]={cf=cfr(0,0,0,1,0,0,0,1,0,0,0,1);es="Linear";ed="In";};};{tm=.183;["RightUpperArm"]={cf=cfr(-.046,-.286,.129,.99,-.14,-.02,.115,.708,.697,-.084,-.692,.717);es="Linear";ed="In";};["LeftUpperArm"]={cf=cfr(.037,-.28,.127,.985,.174,-.021,-.109,.701,.705,.137,-.691,.709);es="Linear";ed="In";};["UpperTorso"]={cf=cfr(0,-.002,-.014,1,-.003,-.011,.008,.875,.484,.009,-.484,.875);es="Linear";ed="In";};["RightUpperLeg"]={cf=cfr(-.004,.005,.002,.979,-.194,-.063,.119,.795,-.595,.166,.575,.801);es="Linear";ed="In";};["LeftUpperLeg"]={cf=cfr(-.002,0,.002,.98,.189,.057,-.095,.702,-.706,-.174,.686,.706);es="Linear";ed="In";};["LeftLowerArm"]={cf=cfr(.001,0,0,1,0,0,0,.866,-.5,0,.5,.866);es="Linear";ed="In";};["LeftFoot"]={cf=cfr(0,0,0,1,0,0,0,1,0,0,0,1);es="Linear";ed="In";};["LeftLowerLeg"]={cf=cfr(0,.041,-.027,1,.001,-.001,-.001,.987,.159,.001,-.159,.987);es="Linear";ed="In";};["RightLowerArm"]={cf=cfr(0,0,0,1,0,0,0,.866,-.5,0,.5,.866);es="Linear";ed="In";};["LowerTorso"]={cf=cfr(0,-1.91,-.072,1,0,0,0,.705,-.709,0,.709,.705);es="Linear";ed="In";};["RightFoot"]={cf=cfr(0,0,0,1,0,0,0,1,0,0,0,1);es="Linear";ed="In";};["RightLowerLeg"]={cf=cfr(0,.005,-.001,1,0,0,0,.999,.052,0,-.052,.999);es="Linear";ed="In";};["LeftHand"]={cf=cfr(.001,0,0,1,0,0,0,1,0,0,0,1);es="Linear";ed="In";};["RightHand"]={cf=cfr(0,0,0,1,0,0,0,1,0,0,0,1);es="Linear";ed="In";};};{tm=.2;["RightUpperArm"]={cf=cfr(-.052,-.278,.131,.987,-.159,-.033,.138,.716,.684,-.085,-.68,.728);es="Linear";ed="In";};["LeftUpperArm"]={cf=cfr(.045,-.271,.129,.981,.194,-.013,-.131,.708,.694,.144,-.679,.72);es="Linear";ed="In";};["UpperTorso"]={cf=cfr(0,-.002,-.014,1,-.003,-.011,.008,.877,.48,.008,-.48,.877);es="Linear";ed="In";};["RightUpperLeg"]={cf=cfr(-.005,.005,.003,.978,-.195,-.07,.117,.8,-.588,.17,.567,.806);es="Linear";ed="In";};["LeftUpperLeg"]={cf=cfr(-.002,0,.002,.979,.191,.067,-.088,.7,-.709,-.182,.688,.702);es="Linear";ed="In";};["LeftLowerArm"]={cf=cfr(.001,0,0,1,0,0,0,.866,-.5,0,.5,.866);es="Linear";ed="In";};["LeftFoot"]={cf=cfr(0,0,0,1,0,0,0,1,0,0,0,1);es="Linear";ed="In";};["LeftLowerLeg"]={cf=cfr(0,.048,-.032,1,.002,-.001,-.001,.982,.189,.002,-.189,.982);es="Linear";ed="In";};["RightLowerArm"]={cf=cfr(0,0,0,1,0,0,0,.866,-.5,0,.5,.866);es="Linear";ed="In";};["LowerTorso"]={cf=cfr(0,-1.911,-.072,1,0,0,0,.714,-.7,0,.7,.714);es="Linear";ed="In";};["RightFoot"]={cf=cfr(0,0,0,1,0,0,0,1,0,0,0,1);es="Linear";ed="In";};["RightLowerLeg"]={cf=cfr(0,.006,-.001,1,0,0,0,.998,.062,0,-.062,.998);es="Linear";ed="In";};["LeftHand"]={cf=cfr(.001,0,0,1,0,0,0,1,0,0,0,1);es="Linear";ed="In";};["RightHand"]={cf=cfr(0,0,0,1,0,0,0,1,0,0,0,1);es="Linear";ed="In";};};{tm=.217;["RightUpperArm"]={cf=cfr(-.059,-.27,.134,.983,-.178,-.047,.163,.724,.671,-.086,-.667,.74);es="Linear";ed="In";};["LeftUpperArm"]={cf=cfr(.053,-.262,.131,.976,.216,-.003,-.156,.714,.683,.15,-.666,.731);es="Linear";ed="In";};["UpperTorso"]={cf=cfr(0,-.002,-.014,1,-.003,-.011,.008,.879,.476,.008,-.476,.879);es="Linear";ed="In";};["RightUpperLeg"]={cf=cfr(-.005,.006,.003,.978,-.195,-.077,.115,.806,-.581,.176,.559,.811);es="Linear";ed="In";};["LeftUpperLeg"]={cf=cfr(-.002,0,.002,.978,.192,.078,-.081,.697,-.712,-.191,.69,.698);es="Linear";ed="In";};["LeftLowerArm"]={cf=cfr(.001,0,0,1,0,0,0,.866,-.5,0,.5,.866);es="Linear";ed="In";};["LeftFoot"]={cf=cfr(0,0,0,1,0,0,0,1,0,0,0,1);es="Linear";ed="In";};["LeftLowerLeg"]={cf=cfr(0,.054,-.038,1,.002,-.002,-.002,.975,.221,.002,-.221,.975);es="Linear";ed="In";};["RightLowerArm"]={cf=cfr(0,0,0,1,0,0,0,.866,-.5,0,.5,.866);es="Linear";ed="In";};["LowerTorso"]={cf=cfr(0,-1.913,-.072,1,0,0,0,.724,-.69,0,.69,.724);es="Linear";ed="In";};["RightFoot"]={cf=cfr(0,0,0,1,0,0,0,1,0,0,0,1);es="Linear";ed="In";};["RightLowerLeg"]={cf=cfr(0,.007,-.001,1,0,0,0,.997,.072,0,-.072,.997);es="Linear";ed="In";};["LeftHand"]={cf=cfr(.001,0,0,1,0,0,0,1,0,0,0,1);es="Linear";ed="In";};["RightHand"]={cf=cfr(0,0,0,1,0,0,0,1,0,0,0,1);es="Linear";ed="In";};};{tm=.233;["RightUpperArm"]={cf=cfr(-.065,-.261,.136,.978,-.2,-.061,.19,.731,.655,-.086,-.652,.753);es="Linear";ed="In";};["LeftUpperArm"]={cf=cfr(.061,-.252,.133,.971,.24,.006,-.182,.72,.67,.156,-.651,.743);es="Linear";ed="In";};["UpperTorso"]={cf=cfr(0,-.003,-.013,1,-.004,-.01,.008,.881,.472,.007,-.472,.881);es="Linear";ed="In";};["RightUpperLeg"]={cf=cfr(-.006,.007,.004,.977,-.196,-.085,.114,.812,-.572,.181,.549,.816);es="Linear";ed="In";};["LeftUpperLeg"]={cf=cfr(-.002,0,.003,.977,.194,.089,-.073,.695,-.716,-.201,.693,.693);es="Linear";ed="In";};["LeftLowerArm"]={cf=cfr(.001,0,0,1,0,0,0,.866,-.5,0,.5,.866);es="Linear";ed="In";};["LeftFoot"]={cf=cfr(0,0,0,1,0,0,0,1,0,0,0,1);es="Linear";ed="In";};["LeftLowerLeg"]={cf=cfr(0,.061,-.043,1,.002,-.002,-.002,.967,.255,.002,-.255,.967);es="Linear";ed="In";};["RightLowerArm"]={cf=cfr(0,0,0,1,0,0,0,.866,-.5,0,.5,.866);es="Linear";ed="In";};["LowerTorso"]={cf=cfr(0,-1.914,-.072,1,0,0,0,.734,-.679,0,.679,.734);es="Linear";ed="In";};["RightFoot"]={cf=cfr(0,0,0,1,0,0,0,1,0,0,0,1);es="Linear";ed="In";};["RightLowerLeg"]={cf=cfr(0,.008,-.002,1,0,0,0,.996,.084,0,-.084,.996);es="Linear";ed="In";};["LeftHand"]={cf=cfr(.001,0,0,1,0,0,0,1,0,0,0,1);es="Linear";ed="In";};["RightHand"]={cf=cfr(0,0,0,1,0,0,0,1,0,0,0,1);es="Linear";ed="In";};};{tm=.25;["UpperTorso"]={cf=cfr(0,-.003,-.013,1,-.004,-.01,.008,.884,.468,.007,-.468,.884);es="Linear";ed="In";};["RightUpperLeg"]={cf=cfr(-.007,.008,.004,.976,-.197,-.093,.112,.819,-.563,.187,.539,.821);es="Linear";ed="In";};["LeftUpperLeg"]={cf=cfr(-.003,0,.003,.975,.196,.102,-.064,.692,-.719,-.211,.695,.687);es="Linear";ed="In";};["LeftLowerArm"]={cf=cfr(.001,0,0,1,0,0,0,.866,-.5,0,.5,.866);es="Linear";ed="In";};["LeftFoot"]={cf=cfr(0,0,0,1,0,0,0,1,0,0,0,1);es="Linear";ed="In";};["LeftLowerLeg"]={cf=cfr(0,.067,-.049,1,.003,-.002,-.002,.956,.292,.003,-.292,.956);es="Linear";ed="In";};["RightLowerArm"]={cf=cfr(0,0,0,1,0,0,0,.866,-.5,0,.5,.866);es="Linear";ed="In";};["LowerTorso"]={cf=cfr(0,-1.915,-.072,1,0,0,0,.745,-.667,0,.667,.745);es="Linear";ed="In";};["RightFoot"]={cf=cfr(0,0,0,1,0,0,0,1,0,0,0,1);es="Linear";ed="In";};["RightLowerLeg"]={cf=cfr(0,.009,-.002,1,0,0,0,.995,.096,0,-.096,.995);es="Linear";ed="In";};["LeftHand"]={cf=cfr(.001,0,0,1,0,0,0,1,0,0,0,1);es="Linear";ed="In";};["RightHand"]={cf=cfr(0,0,0,1,0,0,0,1,0,0,0,1);es="Linear";ed="In";};["LeftUpperArm"]={cf=cfr(.069,-.242,.136,.964,.266,.016,-.211,.725,.655,.163,-.635,.755);es="Linear";ed="In";};["RightUpperArm"]={cf=cfr(-.072,-.252,.138,.972,-.223,-.076,.219,.738,.638,-.086,-.636,.767);es="Linear";ed="In";};["Head"]={cf=cfr(.001,-.007,.004,.997,.076,-.021,-.074,.994,.081,.027,-.079,.997);es="Quad";ed="In";};};{tm=.267;["RightUpperArm"]={cf=cfr(-.079,-.242,.14,.964,-.248,-.091,.25,.745,.618,-.085,-.619,.781);es="Linear";ed="In";};["LeftUpperArm"]={cf=cfr(.077,-.231,.138,.956,.293,.026,-.241,.73,.639,.169,-.617,.769);es="Linear";ed="In";};["Head"]={cf=cfr(.001,-.007,.004,.997,.076,-.021,-.074,.994,.081,.027,-.079,.996);es="Linear";ed="In";};["UpperTorso"]={cf=cfr(0,-.003,-.013,1,-.004,-.009,.008,.886,.463,.006,-.463,.886);es="Linear";ed="In";};["RightUpperLeg"]={cf=cfr(-.008,.009,.004,.975,-.197,-.102,.109,.826,-.553,.193,.528,.827);es="Linear";ed="In";};["LeftUpperLeg"]={cf=cfr(-.003,0,.003,.973,.198,.115,-.055,.689,-.723,-.222,.697,.681);es="Linear";ed="In";};["LeftLowerArm"]={cf=cfr(0,0,0,1,0,0,0,.866,-.5,0,.5,.866);es="Linear";ed="In";};["LeftFoot"]={cf=cfr(0,0,0,1,0,0,0,1,0,0,0,1);es="Linear";ed="In";};["LeftLowerLeg"]={cf=cfr(0,.073,-.056,1,.003,-.002,-.002,.944,.331,.003,-.331,.944);es="Linear";ed="In";};["RightLowerArm"]={cf=cfr(0,0,0,1,0,0,0,.866,-.5,0,.5,.866);es="Linear";ed="In";};["LowerTorso"]={cf=cfr(0,-1.917,-.072,1,0,0,0,.756,-.654,0,.654,.756);es="Linear";ed="In";};["RightFoot"]={cf=cfr(0,0,0,1,0,0,0,1,0,0,0,1);es="Linear";ed="In";};["RightLowerLeg"]={cf=cfr(0,.01,-.002,1,0,0,0,.994,.109,0,-.109,.994);es="Linear";ed="In";};["LeftHand"]={cf=cfr(0,0,0,1,0,0,0,1,0,0,0,1);es="Linear";ed="In";};["RightHand"]={cf=cfr(0,0,0,1,0,0,0,1,0,0,0,1);es="Linear";ed="In";};};{tm=.283;["RightUpperArm"]={cf=cfr(-.086,-.233,.142,.956,-.275,-.107,.283,.751,.597,-.083,-.6,.795);es="Linear";ed="In";};["LeftUpperArm"]={cf=cfr(.085,-.221,.139,.946,.322,.035,-.273,.734,.622,.174,-.598,.782);es="Linear";ed="In";};["Head"]={cf=cfr(0,-.008,.004,.997,.076,-.02,-.074,.994,.083,.027,-.081,.996);es="Linear";ed="In";};["UpperTorso"]={cf=cfr(0,-.004,-.013,1,-.005,-.009,.008,.889,.458,.006,-.458,.889);es="Linear";ed="In";};["RightUpperLeg"]={cf=cfr(-.008,.01,.005,.974,-.198,-.111,.107,.833,-.542,.2,.516,.833);es="Linear";ed="In";};["LeftUpperLeg"]={cf=cfr(-.003,0,.003,.971,.201,.129,-.045,.686,-.727,-.234,.7,.675);es="Linear";ed="In";};["LeftLowerArm"]={cf=cfr(0,0,0,1,0,0,0,.866,-.5,0,.5,.866);es="Linear";ed="In";};["LeftFoot"]={cf=cfr(0,0,0,1,0,0,0,1,0,0,0,1);es="Linear";ed="In";};["LeftLowerLeg"]={cf=cfr(0,.079,-.062,1,.003,-.002,-.002,.928,.372,.003,-.372,.928);es="Linear";ed="In";};["RightLowerArm"]={cf=cfr(0,0,0,1,0,0,0,.866,-.5,0,.5,.866);es="Linear";ed="In";};["LowerTorso"]={cf=cfr(0,-1.918,-.072,1,0,0,0,.768,-.64,0,.64,.768);es="Linear";ed="In";};["RightFoot"]={cf=cfr(0,0,0,1,0,0,0,1,0,0,0,1);es="Linear";ed="In";};["RightLowerLeg"]={cf=cfr(0,.011,-.002,1,0,0,0,.992,.123,0,-.123,.992);es="Linear";ed="In";};["LeftHand"]={cf=cfr(0,0,0,1,0,0,0,1,0,0,0,1);es="Linear";ed="In";};["RightHand"]={cf=cfr(0,0,0,1,0,0,0,1,0,0,0,1);es="Linear";ed="In";};};{tm=.3;["RightUpperArm"]={cf=cfr(-.092,-.223,.143,.945,-.303,-.123,.317,.756,.573,-.081,-.58,.81);es="Linear";ed="In";};["LeftUpperArm"]={cf=cfr(.093,-.21,.141,.935,.352,.045,-.307,.737,.602,.179,-.577,.797);es="Linear";ed="In";};["Head"]={cf=cfr(0,-.008,.004,.997,.076,-.02,-.074,.994,.086,.026,-.084,.996);es="Linear";ed="In";};["UpperTorso"]={cf=cfr(0,-.004,-.013,1,-.005,-.008,.008,.892,.453,.005,-.453,.892);es="Linear";ed="In";};["RightUpperLeg"]={cf=cfr(-.009,.01,.005,.973,-.198,-.121,.105,.841,-.531,.207,.503,.839);es="Linear";ed="In";};["LeftUpperLeg"]={cf=cfr(-.004,-.001,.004,.969,.203,.143,-.035,.682,-.73,-.246,.702,.668);es="Linear";ed="In";};["LeftLowerArm"]={cf=cfr(0,0,0,1,0,0,0,.866,-.5,0,.5,.866);es="Linear";ed="In";};["LeftFoot"]={cf=cfr(0,0,0,1,0,0,0,1,0,0,0,1);es="Linear";ed="In";};["LeftLowerLeg"]={cf=cfr(0,.085,-.068,1,.004,-.002,-.003,.91,.414,.004,-.414,.91);es="Linear";ed="In";};["RightLowerArm"]={cf=cfr(0,0,0,1,0,0,0,.866,-.5,0,.5,.866);es="Linear";ed="In";};["LowerTorso"]={cf=cfr(0,-1.92,-.072,1,0,0,0,.78,-.625,0,.625,.78);es="Linear";ed="In";};["RightFoot"]={cf=cfr(0,0,0,1,0,0,0,1,0,0,0,1);es="Linear";ed="In";};["RightLowerLeg"]={cf=cfr(0,.012,-.003,1,0,0,0,.99,.138,0,-.138,.99);es="Linear";ed="In";};["LeftHand"]={cf=cfr(0,0,0,1,0,0,0,1,0,0,0,1);es="Linear";ed="In";};["RightHand"]={cf=cfr(0,0,0,1,0,0,0,1,0,0,0,1);es="Linear";ed="In";};};{tm=.317;["RightUpperArm"]={cf=cfr(-.098,-.213,.144,.933,-.333,-.139,.353,.759,.547,-.077,-.559,.826);es="Linear";ed="In";};["LeftUpperArm"]={cf=cfr(.1,-.199,.142,.922,.385,.054,-.342,.738,.581,.183,-.554,.812);es="Linear";ed="In";};["Head"]={cf=cfr(0,-.008,.004,.997,.075,-.019,-.073,.993,.09,.025,-.088,.996);es="Linear";ed="In";};["UpperTorso"]={cf=cfr(0,-.004,-.013,1,-.006,-.008,.009,.894,.447,.004,-.447,.894);es="Linear";ed="In";};["RightUpperLeg"]={cf=cfr(-.01,.011,.005,.971,-.198,-.132,.103,.849,-.518,.215,.49,.845);es="Linear";ed="In";};["LeftUpperLeg"]={cf=cfr(-.004,-.001,.004,.966,.206,.159,-.024,.678,-.734,-.259,.705,.66);es="Linear";ed="In";};["LeftLowerArm"]={cf=cfr(0,0,0,1,0,0,0,.866,-.5,0,.5,.866);es="Linear";ed="In";};["LeftFoot"]={cf=cfr(0,0,0,1,0,0,0,1,0,0,0,1);es="Linear";ed="In";};["LeftLowerLeg"]={cf=cfr(0,.089,-.074,1,.004,-.003,-.003,.889,.458,.004,-.458,.889);es="Linear";ed="In";};["RightLowerArm"]={cf=cfr(0,0,0,1,0,0,0,.866,-.5,0,.5,.866);es="Linear";ed="In";};["LowerTorso"]={cf=cfr(0,-1.921,-.072,1,0,0,0,.793,-.609,0,.609,.793);es="Linear";ed="In";};["RightFoot"]={cf=cfr(0,0,0,1,0,0,0,1,0,0,0,1);es="Linear";ed="In";};["RightLowerLeg"]={cf=cfr(0,.013,-.003,1,0,0,0,.988,.154,0,-.154,.988);es="Linear";ed="In";};["LeftHand"]={cf=cfr(0,0,0,1,0,0,0,1,0,0,0,1);es="Linear";ed="In";};["RightHand"]={cf=cfr(0,0,0,1,0,0,0,1,0,0,0,1);es="Linear";ed="In";};};{tm=.333;["RightUpperArm"]={cf=cfr(-.103,-.203,.145,.918,-.365,-.154,.39,.761,.519,-.072,-.536,.841);es="Linear";ed="In";};["LeftUpperArm"]={cf=cfr(.106,-.189,.143,.906,.418,.063,-.379,.738,.558,.187,-.53,.827);es="Linear";ed="In";};["Head"]={cf=cfr(0,-.008,.004,.997,.074,-.017,-.072,.993,.095,.024,-.094,.995);es="Linear";ed="In";};["UpperTorso"]={cf=cfr(0,-.004,-.013,1,-.006,-.007,.009,.897,.441,.004,-.441,.897);es="Linear";ed="In";};["RightUpperLeg"]={cf=cfr(-.01,.012,.005,.97,-.199,-.143,.101,.857,-.505,.223,.476,.851);es="Linear";ed="In";};["LeftUpperLeg"]={cf=cfr(-.004,-.001,.004,.962,.209,.175,-.012,.675,-.738,-.273,.708,.651);es="Linear";ed="In";};["LeftLowerArm"]={cf=cfr(0,0,0,1,0,0,0,.866,-.5,0,.5,.866);es="Linear";ed="In";};["LeftFoot"]={cf=cfr(0,0,0,1,0,0,0,1,0,0,0,1);es="Linear";ed="In";};["LeftLowerLeg"]={cf=cfr(0,.093,-.08,1,.005,-.003,-.003,.864,.503,.005,-.503,.864);es="Linear";ed="In";};["RightLowerArm"]={cf=cfr(0,0,0,1,0,0,0,.866,-.5,0,.5,.866);es="Linear";ed="In";};["LowerTorso"]={cf=cfr(0,-1.923,-.072,1,0,0,0,.806,-.592,0,.592,.806);es="Linear";ed="In";};["RightFoot"]={cf=cfr(0,0,0,1,0,0,0,1,0,0,0,1);es="Linear";ed="In";};["RightLowerLeg"]={cf=cfr(0,.013,-.003,1,0,0,0,.985,.17,0,-.17,.985);es="Linear";ed="In";};["LeftHand"]={cf=cfr(0,0,0,1,0,0,0,1,0,0,0,1);es="Linear";ed="In";};["RightHand"]={cf=cfr(0,0,0,1,0,0,0,1,0,0,0,1);es="Linear";ed="In";};};{tm=.35;["RightUpperArm"]={cf=cfr(-.108,-.193,.145,.902,-.398,-.169,.428,.761,.488,-.065,-.512,.856);es="Linear";ed="In";};["LeftUpperArm"]={cf=cfr(.112,-.178,.143,.889,.453,.071,-.418,.735,.534,.189,-.504,.843);es="Linear";ed="In";};["Head"]={cf=cfr(0,-.009,.004,.997,.073,-.016,-.071,.992,.101,.023,-.1,.995);es="Linear";ed="In";};["UpperTorso"]={cf=cfr(0,-.005,-.013,1,-.007,-.006,.009,.901,.435,.003,-.435,.901);es="Linear";ed="In";};["RightUpperLeg"]={cf=cfr(-.011,.013,.005,.968,-.198,-.155,.099,.865,-.491,.231,.46,.857);es="Linear";ed="In";};["LeftUpperLeg"]={cf=cfr(-.004,-.001,.004,.958,.212,.192,0,.671,-.742,-.286,.711,.642);es="Linear";ed="In";};["LeftLowerArm"]={cf=cfr(0,0,0,1,0,0,0,.866,-.5,0,.5,.866);es="Linear";ed="In";};["LeftFoot"]={cf=cfr(0,0,0,1,0,0,0,1,0,0,0,1);es="Linear";ed="In";};["LeftLowerLeg"]={cf=cfr(0,.096,-.086,1,.006,-.003,-.003,.836,.549,.006,-.549,.836);es="Linear";ed="In";};["RightLowerArm"]={cf=cfr(0,0,0,1,0,0,0,.866,-.5,0,.5,.866);es="Linear";ed="In";};["LowerTorso"]={cf=cfr(0,-1.924,-.072,1,0,0,0,.819,-.573,0,.573,.819);es="Linear";ed="In";};["RightFoot"]={cf=cfr(0,0,0,1,0,0,0,1,0,0,0,1);es="Linear";ed="In";};["RightLowerLeg"]={cf=cfr(0,.014,-.003,1,0,0,0,.982,.187,0,-.187,.982);es="Linear";ed="In";};["LeftHand"]={cf=cfr(0,0,0,1,0,0,0,1,0,0,0,1);es="Linear";ed="In";};["RightHand"]={cf=cfr(0,0,0,1,0,0,0,1,0,0,0,1);es="Linear";ed="In";};};{tm=.367;["RightUpperArm"]={cf=cfr(-.111,-.183,.144,.883,-.433,-.183,.467,.759,.454,-.057,-.487,.872);es="Linear";ed="In";};["LeftUpperArm"]={cf=cfr(.117,-.167,.143,.869,.489,.079,-.457,.731,.507,.19,-.476,.858);es="Linear";ed="In";};["Head"]={cf=cfr(0,-.009,.004,.997,.072,-.014,-.07,.992,.109,.021,-.108,.994);es="Linear";ed="In";};["UpperTorso"]={cf=cfr(0,-.005,-.013,1,-.007,-.006,.009,.904,.428,.002,-.428,.904);es="Linear";ed="In";};["RightUpperLeg"]={cf=cfr(-.011,.013,.006,.966,-.198,-.167,.097,.874,-.477,.24,.444,.863);es="Linear";ed="In";};["LeftUpperLeg"]={cf=cfr(-.004,-.001,.005,.954,.216,.21,.014,.666,-.746,-.301,.714,.632);es="Linear";ed="In";};["LeftLowerArm"]={cf=cfr(0,0,0,1,0,0,0,.866,-.5,0,.5,.866);es="Linear";ed="In";};["LeftFoot"]={cf=cfr(0,0,0,1,0,0,0,1,0,0,0,1);es="Linear";ed="In";};["LeftLowerLeg"]={cf=cfr(0,.098,-.091,1,.006,-.003,-.003,.804,.595,.006,-.595,.804);es="Linear";ed="In";};["RightLowerArm"]={cf=cfr(0,0,0,1,0,0,0,.866,-.5,0,.5,.866);es="Linear";ed="In";};["LowerTorso"]={cf=cfr(0,-1.926,-.071,1,0,0,0,.833,-.554,0,.554,.833);es="Linear";ed="In";};["RightFoot"]={cf=cfr(0,0,0,1,0,0,0,1,0,0,0,1);es="Linear";ed="In";};["RightLowerLeg"]={cf=cfr(0,.014,-.004,1,0,0,0,.979,.205,0,-.205,.979);es="Linear";ed="In";};["LeftHand"]={cf=cfr(0,0,0,1,0,0,0,1,0,0,0,1);es="Linear";ed="In";};["RightHand"]={cf=cfr(0,0,0,1,0,0,0,1,0,0,0,1);es="Linear";ed="In";};};{tm=.383;["RightUpperArm"]={cf=cfr(-.114,-.173,.142,.861,-.469,-.197,.506,.754,.418,-.047,-.46,.887);es="Linear";ed="In";};["LeftUpperArm"]={cf=cfr(.121,-.157,.142,.846,.526,.085,-.498,.724,.478,.19,-.447,.874);es="Linear";ed="In";};["Head"]={cf=cfr(0,-.01,.004,.997,.071,-.011,-.069,.991,.118,.02,-.117,.993);es="Linear";ed="In";};["UpperTorso"]={cf=cfr(0,-.005,-.012,1,-.008,-.005,.009,.907,.421,.001,-.421,.907);es="Linear";ed="In";};["RightUpperLeg"]={cf=cfr(-.011,.013,.006,.964,-.197,-.18,.095,.882,-.461,.25,.427,.869);es="Linear";ed="In";};["LeftUpperLeg"]={cf=cfr(-.004,-.001,.005,.948,.219,.229,.028,.662,-.749,-.316,.717,.622);es="Linear";ed="In";};["LeftLowerArm"]={cf=cfr(0,0,0,1,0,0,0,.866,-.5,0,.5,.866);es="Linear";ed="In";};["LeftFoot"]={cf=cfr(0,0,0,1,0,0,0,1,0,0,0,1);es="Linear";ed="In";};["LeftLowerLeg"]={cf=cfr(0,.099,-.096,1,.007,-.003,-.003,.767,.642,.007,-.642,.767);es="Linear";ed="In";};["RightLowerArm"]={cf=cfr(0,0,0,1,0,0,0,.866,-.5,0,.5,.866);es="Linear";ed="In";};["LowerTorso"]={cf=cfr(0,-1.927,-.071,1,0,0,0,.846,-.533,0,.533,.846);es="Linear";ed="In";};["RightFoot"]={cf=cfr(0,0,0,1,0,0,0,1,0,0,0,1);es="Linear";ed="In";};["RightLowerLeg"]={cf=cfr(0,.015,-.004,1,0,0,0,.975,.224,0,-.224,.975);es="Linear";ed="In";};["LeftHand"]={cf=cfr(0,0,0,1,0,0,0,1,0,0,0,1);es="Linear";ed="In";};["RightHand"]={cf=cfr(0,0,0,1,0,0,0,1,0,0,0,1);es="Linear";ed="In";};};{tm=.4;["RightUpperArm"]={cf=cfr(-.116,-.162,.14,.837,-.506,-.209,.546,.747,.379,-.036,-.432,.901);es="Linear";ed="In";};["LeftUpperArm"]={cf=cfr(.123,-.146,.14,.821,.564,.09,-.539,.714,.448,.188,-.416,.89);es="Linear";ed="In";};["Head"]={cf=cfr(-.001,-.01,.004,.998,.07,-.009,-.068,.99,.127,.018,-.126,.992);es="Linear";ed="In";};["UpperTorso"]={cf=cfr(0,-.005,-.012,1,-.008,-.004,.009,.91,.414,.001,-.414,.91);es="Linear";ed="In";};["RightUpperLeg"]={cf=cfr(-.011,.014,.006,.961,-.196,-.193,.093,.891,-.445,.259,.409,.875);es="Linear";ed="In";};["LeftUpperLeg"]={cf=cfr(-.004,-.001,.005,.943,.223,.248,.042,.657,-.752,-.331,.72,.61);es="Linear";ed="In";};["LeftLowerArm"]={cf=cfr(0,0,0,1,0,0,0,.866,-.5,0,.5,.866);es="Linear";ed="In";};["LeftFoot"]={cf=cfr(0,0,0,1,0,0,0,1,0,0,0,1);es="Linear";ed="In";};["LeftLowerLeg"]={cf=cfr(0,.098,-.099,1,.007,-.003,-.003,.726,.688,.007,-.688,.726);es="Linear";ed="In";};["RightLowerArm"]={cf=cfr(0,0,0,1,0,0,0,.866,-.5,0,.5,.866);es="Linear";ed="In";};["LowerTorso"]={cf=cfr(0,-1.929,-.071,1,0,0,0,.86,-.51,0,.51,.86);es="Linear";ed="In";};["RightFoot"]={cf=cfr(0,0,0,1,0,0,0,1,0,0,0,1);es="Linear";ed="In";};["RightLowerLeg"]={cf=cfr(0,.015,-.004,1,0,0,0,.97,.244,0,-.244,.97);es="Linear";ed="In";};["LeftHand"]={cf=cfr(0,0,0,1,0,0,0,1,0,0,0,1);es="Linear";ed="In";};["RightHand"]={cf=cfr(0,0,0,1,0,0,0,1,0,0,0,1);es="Linear";ed="In";};};{tm=.417;["RightUpperArm"]={cf=cfr(-.116,-.152,.136,.81,-.544,-.22,.586,.737,.338,-.022,-.402,.915);es="Linear";ed="In";};["LeftUpperArm"]={cf=cfr(.124,-.135,.137,.793,.602,.093,-.581,.701,.415,.184,-.383,.905);es="Linear";ed="In";};["Head"]={cf=cfr(-.001,-.01,.004,.998,.068,-.006,-.066,.988,.138,.015,-.138,.99);es="Linear";ed="In";};["UpperTorso"]={cf=cfr(0,-.005,-.012,1,-.009,-.004,.009,.914,.406,0,-.406,.914);es="Linear";ed="In";};["RightUpperLeg"]={cf=cfr(-.011,.014,.005,.959,-.195,-.207,.091,.9,-.427,.27,.391,.88);es="Linear";ed="In";};["LeftUpperLeg"]={cf=cfr(-.004,-.001,.005,.936,.228,.268,.057,.652,-.756,-.347,.723,.598);es="Linear";ed="In";};["LeftLowerArm"]={cf=cfr(0,0,0,1,0,0,0,.866,-.5,0,.5,.866);es="Linear";ed="In";};["LeftFoot"]={cf=cfr(0,0,0,1,0,0,0,1,0,0,0,1);es="Linear";ed="In";};["LeftLowerLeg"]={cf=cfr(0,.096,-.102,1,.008,-.003,-.003,.68,.733,.008,-.733,.68);es="Linear";ed="In";};["RightLowerArm"]={cf=cfr(0,0,0,1,0,0,0,.866,-.5,0,.5,.866);es="Linear";ed="In";};["LowerTorso"]={cf=cfr(0,-1.93,-.07,1,0,0,0,.874,-.487,0,.487,.874);es="Linear";ed="In";};["RightFoot"]={cf=cfr(0,0,0,1,0,0,0,1,0,0,0,1);es="Linear";ed="In";};["RightLowerLeg"]={cf=cfr(0,.015,-.004,1,0,0,0,.965,.264,0,-.264,.965);es="Linear";ed="In";};["LeftHand"]={cf=cfr(0,0,0,1,0,0,0,1,0,0,0,1);es="Linear";ed="In";};["RightHand"]={cf=cfr(0,0,0,1,0,0,0,1,0,0,0,1);es="Linear";ed="In";};};{tm=.433;["RightUpperArm"]={cf=cfr(-.114,-.141,.13,.78,-.583,-.229,.626,.723,.294,-.006,-.372,.928);es="Linear";ed="In";};["LeftUpperArm"]={cf=cfr(.122,-.125,.132,.762,.641,.095,-.623,.684,.38,.178,-.349,.92);es="Linear";ed="In";};["Head"]={cf=cfr(-.001,-.01,.004,.998,.066,-.003,-.065,.987,.15,.013,-.15,.989);es="Linear";ed="In";};["UpperTorso"]={cf=cfr(0,-.005,-.012,1,-.009,-.003,.01,.917,.398,-.001,-.398,.917);es="Linear";ed="In";};["RightUpperLeg"]={cf=cfr(-.011,.014,.005,.956,-.194,-.221,.089,.908,-.409,.28,.371,.885);es="Linear";ed="In";};["LeftUpperLeg"]={cf=cfr(-.004,-.001,.005,.929,.232,.288,.073,.648,-.758,-.363,.726,.585);es="Linear";ed="In";};["LeftLowerArm"]={cf=cfr(0,0,0,1,0,0,0,.866,-.5,0,.5,.866);es="Linear";ed="In";};["LeftFoot"]={cf=cfr(0,0,0,1,0,0,0,1,0,0,0,1);es="Linear";ed="In";};["LeftLowerLeg"]={cf=cfr(0,.093,-.103,1,.009,-.003,-.003,.629,.777,.009,-.777,.629);es="Linear";ed="In";};["RightLowerArm"]={cf=cfr(0,0,0,1,0,0,0,.866,-.5,0,.5,.866);es="Linear";ed="In";};["LowerTorso"]={cf=cfr(0,-1.931,-.069,1,0,0,0,.887,-.462,0,.462,.887);es="Linear";ed="In";};["RightFoot"]={cf=cfr(0,0,0,1,0,0,0,1,0,0,0,1);es="Linear";ed="In";};["RightLowerLeg"]={cf=cfr(0,.015,-.004,1,0,0,0,.959,.285,0,-.285,.959);es="Linear";ed="In";};["LeftHand"]={cf=cfr(0,0,0,1,0,0,0,1,0,0,0,1);es="Linear";ed="In";};["RightHand"]={cf=cfr(0,0,0,1,0,0,0,1,0,0,0,1);es="Linear";ed="In";};};{tm=.45;["RightUpperArm"]={cf=cfr(-.111,-.129,.124,.747,-.622,-.235,.665,.705,.247,.012,-.341,.94);es="Linear";ed="In";};["LeftUpperArm"]={cf=cfr(.119,-.114,.126,.728,.679,.095,-.664,.664,.344,.17,-.313,.934);es="Linear";ed="In";};["Head"]={cf=cfr(-.001,-.01,.004,.998,.064,0,-.063,.985,.164,.01,-.163,.987);es="Linear";ed="In";};["UpperTorso"]={cf=cfr(0,-.005,-.013,1,-.01,-.002,.01,.921,.389,-.002,-.389,.921);es="Linear";ed="In";};["RightUpperLeg"]={cf=cfr(-.011,.013,.005,.953,-.192,-.236,.088,.917,-.39,.291,.35,.89);es="Linear";ed="In";};["LeftUpperLeg"]={cf=cfr(-.004,-.001,.005,.921,.237,.309,.09,.642,-.761,-.379,.729,.57);es="Linear";ed="In";};["LeftLowerArm"]={cf=cfr(0,0,0,1,0,0,0,.866,-.5,0,.5,.866);es="Linear";ed="In";};["LeftFoot"]={cf=cfr(0,0,0,1,0,0,0,1,0,0,0,1);es="Linear";ed="In";};["LeftLowerLeg"]={cf=cfr(0,.088,-.102,1,.01,-.003,-.003,.573,.819,.01,-.819,.573);es="Linear";ed="In";};["RightLowerArm"]={cf=cfr(0,0,0,1,0,0,0,.866,-.5,0,.5,.866);es="Linear";ed="In";};["LowerTorso"]={cf=cfr(0,-1.932,-.068,1,0,0,0,.9,-.436,0,.436,.9);es="Linear";ed="In";};["RightFoot"]={cf=cfr(0,0,0,1,0,0,0,1,0,0,0,1);es="Linear";ed="In";};["RightLowerLeg"]={cf=cfr(0,.014,-.004,1,0,0,0,.952,.307,0,-.307,.952);es="Linear";ed="In";};["LeftHand"]={cf=cfr(0,0,0,1,0,0,0,1,0,0,0,1);es="Linear";ed="In";};["RightHand"]={cf=cfr(0,0,0,1,0,0,0,1,0,0,0,1);es="Linear";ed="In";};};{tm=.467;["RightUpperArm"]={cf=cfr(-.106,-.118,.116,.711,-.661,-.24,.703,.684,.198,.033,-.309,.95);es="Linear";ed="In";};["LeftUpperArm"]={cf=cfr(.114,-.103,.118,.691,.717,.093,-.706,.64,.305,.159,-.276,.948);es="Linear";ed="In";};["Head"]={cf=cfr(-.001,-.01,.004,.998,.061,.004,-.061,.982,.178,.007,-.178,.984);es="Linear";ed="In";};["UpperTorso"]={cf=cfr(0,-.005,-.013,1,-.011,-.001,.01,.925,.381,-.003,-.381,.925);es="Linear";ed="In";};["RightUpperLeg"]={cf=cfr(-.01,.013,.005,.949,-.189,-.252,.087,.925,-.369,.303,.329,.895);es="Linear";ed="In";};["LeftUpperLeg"]={cf=cfr(-.004,-.001,.005,.912,.242,.331,.108,.637,-.763,-.396,.732,.555);es="Linear";ed="In";};["LeftLowerArm"]={cf=cfr(0,0,0,1,0,0,0,.866,-.5,0,.5,.866);es="Linear";ed="In";};["LeftFoot"]={cf=cfr(0,0,0,1,0,0,0,1,0,0,0,1);es="Linear";ed="In";};["LeftLowerLeg"]={cf=cfr(0,.082,-.1,1,.01,-.003,-.003,.513,.859,.01,-.859,.513);es="Linear";ed="In";};["RightLowerArm"]={cf=cfr(0,0,0,1,0,0,0,.866,-.5,0,.5,.866);es="Linear";ed="In";};["LowerTorso"]={cf=cfr(0,-1.933,-.067,1,0,0,0,.913,-.408,0,.408,.913);es="Linear";ed="In";};["RightFoot"]={cf=cfr(0,0,0,1,0,0,0,1,0,0,0,1);es="Linear";ed="In";};["RightLowerLeg"]={cf=cfr(0,.014,-.004,1,0,0,0,.944,.329,0,-.329,.944);es="Linear";ed="In";};["LeftHand"]={cf=cfr(0,0,0,1,0,0,0,1,0,0,0,1);es="Linear";ed="In";};["RightHand"]={cf=cfr(0,0,0,1,0,0,0,1,0,0,0,1);es="Linear";ed="In";};};{tm=.483;["RightUpperArm"]={cf=cfr(-.098,-.105,.106,.672,-.701,-.242,.739,.658,.146,.057,-.277,.959);es="Linear";ed="In";};["LeftUpperArm"]={cf=cfr(.106,-.091,.109,.65,.755,.089,-.746,.611,.265,.146,-.238,.96);es="Linear";ed="In";};["Head"]={cf=cfr(-.001,-.01,.004,.998,.059,.008,-.059,.979,.193,.004,-.193,.981);es="Linear";ed="In";};["UpperTorso"]={cf=cfr(0,-.004,-.013,1,-.011,0,.01,.928,.371,-.004,-.371,.928);es="Linear";ed="In";};["RightUpperLeg"]={cf=cfr(-.01,.012,.004,.945,-.186,-.267,.085,.934,-.348,.314,.306,.898);es="Linear";ed="In";};["LeftUpperLeg"]={cf=cfr(-.004,-.001,.004,.902,.248,.353,.126,.632,-.765,-.412,.735,.539);es="Linear";ed="In";};["LeftLowerArm"]={cf=cfr(0,0,0,1,0,0,0,.866,-.5,0,.5,.866);es="Linear";ed="In";};["LeftFoot"]={cf=cfr(0,0,0,1,0,0,0,1,0,0,0,1);es="Linear";ed="In";};["LeftLowerLeg"]={cf=cfr(0,.074,-.095,1,.011,-.003,-.003,.447,.895,.011,-.895,.447);es="Linear";ed="In";};["RightLowerArm"]={cf=cfr(0,0,0,1,0,0,0,.866,-.5,0,.5,.866);es="Linear";ed="In";};["LowerTorso"]={cf=cfr(0,-1.934,-.066,1,0,0,0,.925,-.379,0,.379,.925);es="Linear";ed="In";};["RightFoot"]={cf=cfr(0,0,0,1,0,0,0,1,0,0,0,1);es="Linear";ed="In";};["RightLowerLeg"]={cf=cfr(0,.013,-.004,1,0,0,0,.936,.352,0,-.352,.936);es="Linear";ed="In";};["LeftHand"]={cf=cfr(0,0,0,1,0,0,0,1,0,0,0,1);es="Linear";ed="In";};["RightHand"]={cf=cfr(0,0,0,1,0,0,0,1,0,0,0,1);es="Linear";ed="In";};};{tm=.5;["RightUpperArm"]={cf=cfr(-.088,-.091,.094,.629,-.739,-.24,.773,.628,.092,.083,-.244,.966);es