local cfr = CFrame.new

return {{tm=0;["LeftUpperArm"]={cf=cfr(0,-.079,-.169,.74,.038,-.671,-.663,-.124,-.738,-.111,.992,-.066);es="Linear";ed="In";};["Head"]={cf=cfr(0,0,0,1,.004,.007,-.005,.996,.087,-.007,-.087,.996);es="Linear";ed="In";};["RightUpperArm"]={cf=cfr(0,-.079,-.169,.74,-.038,.671,.663,-.124,-.738,.111,.992,-.066);es="Linear";ed="In";};["LeftUpperLeg"]={cf=cfr(0,0,0,.996,.086,-.015,-.087,.981,-.173,0,.174,.985);es="Linear";ed="In";};["RightUpperLeg"]={cf=cfr(0,0,0,.996,-.086,.015,.087,.981,-.173,0,.174,.985);es="Linear";ed="In";};["UpperTorso"]={cf=cfr(0,0,0,1,0,0,0,.985,-.174,0,.174,.985);es="Linear";ed="In";};["LeftLowerArm"]={cf=cfr(0,0,0,1,0,0,0,.966,-.259,0,.259,.966);es="Linear";ed="In";};["LeftFoot"]={cf=cfr(0,0,0,1,0,0,0,1,0,0,0,1);es="Linear";ed="In";};["LeftLowerLeg"]={cf=cfr(0,0,0,1,0,0,0,.5,.866,0,-.866,.5);es="Linear";ed="In";};["RightLowerArm"]={cf=cfr(.001,0,0,1,0,0,0,.966,-.259,0,.259,.966);es="Linear";ed="In";};["LowerTorso"]={cf=cfr(0,-6.35,1.294,1,0,0,0,.966,-.259,0,.259,.966);es="Linear";ed="In";};["RightFoot"]={cf=cfr(0,0,0,1,0,0,0,1,0,0,0,1);es="Linear";ed="In";};["RightLowerLeg"]={cf=cfr(0,0,0,1,0,0,0,.819,.574,0,-.574,.819);es="Linear";ed="In";};["LeftHand"]={cf=cfr(0,0,0,1,0,0,0,1,0,0,0,1);es="Linear";ed="In";};["RightHand"]={cf=cfr(.001,0,0,1,0,0,0,1,0,0,0,1);es="Linear";ed="In";};};{tm=.05;["LowerTorso"]={cf=cfr(0,-4.882,1.755,1,0,0,0,.991,-.134,0,.134,.991);es="Linear";ed="In";};};{tm=.133;["LeftUpperArm"]={cf=cfr(.029,-.058,0,.773,.175,-.61,-.634,.211,-.744,-.001,.962,.275);es="Linear";ed="In";};["RightUpperArm"]={cf=cfr(-.056,-.023,.027,.792,-.185,.581,.61,.255,-.75,-.01,.949,.315);es="Linear";ed="In";};["UpperTorso"]={cf=cfr(0,-.01,0,1,0,0,0,.586,.81,0,-.81,.586);es="Linear";ed="In";};["LeftLowerArm"]={cf=cfr(0,.006,.003,1,0,0,0,.932,-.364,0,.364,.932);es="Linear";ed="In";};["LowerTorso"]={cf=cfr(0,-1.324,1.829,1,0,0,0,.933,.36,0,-.36,.933);es="Linear";ed="In";};["RightLowerArm"]={cf=cfr(0,.011,.006,1,0,0,0,.918,-.397,0,.397,.918);es="Linear";ed="In";};};{tm=.2;["Head"]={cf=cfr(0,-.001,0,1,.004,.004,-.003,.958,-.286,-.005,.286,.958);es="Linear";ed="In";};["LeftUpperArm"]={cf=cfr(.041,-.041,.057,.794,.131,-.593,-.606,.245,-.757,.046,.961,.274);es="Linear";ed="In";};["RightUpperArm"]={cf=cfr(-.078,.011,.089,.823,-.146,.55,.566,.307,-.765,-.057,.94,.335);es="Linear";ed="In";};["LeftUpperLeg"]={cf=cfr(.02,.015,.029,.954,.268,.132,-.205,.909,-.362,-.217,.319,.923);es="Linear";ed="In";};["RightUpperLeg"]={cf=cfr(-.02,.015,.029,.954,-.268,-.132,.018,.491,-.871,.298,.829,.474);es="Linear";ed="In";};["UpperTorso"]={cf=cfr(0,-.034,.019,1,0,0,0,.542,.84,0,-.84,.542);es="Linear";ed="In";};["LowerTorso"]={cf=cfr(0,.307,.779,1,0,0,0,.958,.288,0,-.288,.958);es="Linear";ed="In";};};{tm=.333;["LeftUpperArm"]={cf=cfr(.058,-.002,.138,.768,.618,-.168,-.562,.525,-.639,-.306,.586,.751);es="Linear";ed="In";};["RightUpperArm"]={cf=cfr(-.106,.083,.165,.697,-.716,.051,.59,.531,-.609,.408,.454,.792);es="Linear";ed="In";};["LeftUpperLeg"]={cf=cfr(.049,.009,.029,.891,.361,.275,-.353,.932,-.082,-.285,-.024,.958);es="Linear";ed="In";};["RightUpperLeg"]={cf=cfr(-.049,.009,.029,.995,-.016,.097,.087,.602,-.794,-.046,.798,.6);es="Linear";ed="In";};["UpperTorso"]={cf=cfr(0,-.078,.054,1,0,0,0,.862,.507,0,-.507,.862);es="Linear";ed="In";};["LowerTorso"]={cf=cfr(0,-.011,-.942,1,0,0,0,.988,.156,0,-.156,.988);es="Linear";ed="In";};};{tm=.417;["LowerTorso"]={cf=cfr(0,-.616,-.804,1,0,0,0,.996,.09,0,-.09,.996);es="Sine";ed="Out";};};{tm=.433;["LowerTorso"]={cf=cfr(0,-.587,-.793,1,0,0,0,.997,.079,0,-.079,.997);es="Linear";ed="In";};};{tm=.45;["LowerTorso"]={cf=cfr(0,-.558,-.782,1,0,0,0,.998,.069,0,-.069,.998);es="Linear";ed="In";};};{tm=.467;["LowerTorso"]={cf=cfr(0,-.53,-.771,1,0,0,0,.998,.058,0,-.058,.998);es="Linear";ed="In";};["Head"]={cf=cfr(0,-.009,-.001,1,.002,.001,-.001,.896,-.444,-.002,.444,.896);es="Linear";ed="In";};["LeftUpperLeg"]={cf=cfr(.056,.501,.07,.828,.401,.393,-.281,.902,-.328,-.485,.161,.859);es="Linear";ed="In";};};{tm=.483;["LowerTorso"]={cf=cfr(0,-.503,-.761,1,0,0,0,.999,.048,0,-.048,.999);es="Linear";ed="In";};};{tm=.5;["LowerTorso"]={cf=cfr(0,-.478,-.752,1,0,0,0,.999,.039,0,-.039,.999);es="Linear";ed="In";};};{tm=.517;["LowerTorso"]={cf=cfr(0,-.455,-.743,1,0,0,0,1,.03,0,-.03,1);es="Linear";ed="In";};};{tm=.533;["LowerTorso"]={cf=cfr(0,-.434,-.735,1,0,0,0,1,.023,0,-.023,1);es="Linear";ed="In";};};{tm=.55;["LowerTorso"]={cf=cfr(0,-.416,-.728,1,0,0,0,1,.016,0,-.016,1);es="Linear";ed="In";};};{tm=.567;["LowerTorso"]={cf=cfr(0,-.401,-.723,1,0,0,0,1,.01,0,-.01,1);es="Linear";ed="In";};};{tm=.583;["LowerTorso"]={cf=cfr(0,-.389,-.718,1,0,0,0,1,.006,0,-.006,1);es="Linear";ed="In";};};{tm=.6;["LowerTorso"]={cf=cfr(0,-.38,-.715,1,0,0,0,1,.003,0,-.003,1);es="Linear";ed="In";};};{tm=.617;["LowerTorso"]={cf=cfr(0,-.375,-.713,1,0,0,0,1,.001,0,-.001,1);es="Linear";ed="In";};};{tm=.633;["Head"]={cf=cfr(0,0,0,1,0,0,0,1,0,0,0,1);es="Linear";ed="In";};["LeftUpperArm"]={cf=cfr(-.012,-.067,.031,.947,.3,-.119,-.29,.952,.095,.142,-.056,.988);es="Linear";ed="In";};["RightUpperArm"]={cf=cfr(0,0,0,.985,-.174,0,.168,.951,.259,-.045,-.255,.966);es="Linear";ed="In";};["LeftUpperLeg"]={cf=cfr(.1,0,0,.643,.542,.542,0,.707,-.707,-.766,.455,.455);es="Linear";ed="In";};["RightUpperLeg"]={cf=cfr(-.1,0,0,.643,-.542,-.542,0,.707,-.707,.766,.455,.455);es="Linear";ed="In";};["UpperTorso"]={cf=cfr(0,0,0,1,0,0,0,.985,.174,0,-.174,.985);es="Linear";ed="In";};["LeftLowerLeg"]={cf=cfr(0,0,0,1,0,0,0,.766,.643,0,-.643,.766);es="Linear";ed="In";};["RightLowerLeg"]={cf=cfr(0,0,0,1,0,0,0,.766,.643,0,-.643,.766);es="Linear";ed="In";};["LeftLowerArm"]={cf=cfr(0,0,0,1,0,0,0,.707,-.707,0,.707,.707);es="Linear";ed="In";};["LowerTorso"]={cf=cfr(0,-.373,-.712,1,0,0,0,1,0,0,0,1);es="Linear";ed="In";};["RightLowerArm"]={cf=cfr(0,0,0,1,0,0,0,.574,-.819,0,.819,.574);es="Linear";ed="In";};};}