local cfr = CFrame.new

return {{tm=0;["RootNode"]={cf=cfr(0,0,0,-1,0,0,0,1,0,0,0,-1);es="Linear";ed="In";};["root"]={cf=cfr(0,2.467,.493,0,0,1,0,1,0,-1,0,0);es="Linear";ed="In";};["000-offset"]={cf=cfr(0,0,0,-.285,.958,0,-.958,-.285,0,0,0,1);es="Linear";ed="In";};["004-offset.001"]={cf=cfr(0,0,0,-.015,-1,0,1,-.015,0,0,0,1);es="Linear";ed="In";};["006-offset"]={cf=cfr(0,0,0,-.015,-1,0,1,-.015,0,0,0,1);es="Linear";ed="In";};["000-offset.009"]={cf=cfr(0,0,0,-.895,-.427,.128,.415,-.903,-.108,.162,-.043,.986);es="Linear";ed="In";};["000-offset.012"]={cf=cfr(0,0,0,-.746,-.666,-.007,.665,-.745,.058,-.044,.039,.998);es="Linear";ed="In";};["000-offset.001"]={cf=cfr(0,0,0,.965,.231,.124,-.217,.969,-.116,-.147,.085,.985);es="Linear";ed="In";};["000-offset.010"]={cf=cfr(0,0,0,-.359,.933,0,-.933,-.359,0,0,0,1);es="Linear";ed="In";};["000-offset.013"]={cf=cfr(0,0,0,-.281,.96,0,-.96,-.281,0,0,0,1);es="Linear";ed="In";};["004-offset"]={cf=cfr(0,0,0,.035,-.999,0,.999,.035,0,0,0,1);es="Linear";ed="In";};["002-offset"]={cf=cfr(0,0,0,.035,-.999,0,.999,.035,0,0,0,1);es="Linear";ed="In";};["000-offset.002"]={cf=cfr(0,0,0,.999,.05,.002,-.05,.993,.11,.004,-.11,.994);es="Linear";ed="In";};["000-offset.011"]={cf=cfr(0,0,0,-.007,-.995,.104,1,-.005,.022,-.021,.104,.994);es="Linear";ed="In";};["000-offset.014"]={cf=cfr(0,0,0,.091,-.994,.067,.994,.087,-.063,.056,.072,.996);es="Linear";ed="In";};["000-offset.006"]={cf=cfr(0,0,0,.105,-.932,-.347,.601,-.219,.769,-.793,-.289,.537);es="Linear";ed="In";};["000-offset.003"]={cf=cfr(0,0,0,-.134,-.827,.547,-.009,-.551,-.835,.991,-.117,.066);es="Linear";ed="In";};["000-offset.007"]={cf=cfr(0,0,0,.905,-.425,0,.425,.905,0,0,0,1);es="Linear";ed="In";};["000-offset.004"]={cf=cfr(0,0,0,.21,-.978,0,.978,.21,0,0,0,1);es="Linear";ed="In";};["000-offset.008"]={cf=cfr(0,0,0,.817,-.488,.307,.133,.677,.724,-.561,-.551,.618);es="Linear";ed="In";};["000-offset.005"]={cf=cfr(0,0,0,.8,-.551,-.239,.261,.677,-.688,.54,.488,.686);es="Linear";ed="In";};};{tm=.042;["root"]={cf=cfr(0,2.439,.493,0,0,1,0,1,0,-1,0,0);es="Linear";ed="In";};["000-offset"]={cf=cfr(0,0,0,-.131,.991,0,-.991,-.131,0,0,0,1);es="Linear";ed="In";};["000-offset.009"]={cf=cfr(0,0,0,-.978,-.161,.132,.147,-.983,-.11,.148,-.088,.985);es="Linear";ed="In";};["000-offset.012"]={cf=cfr(0,0,0,-.482,-.876,.006,.875,-.481,.061,-.051,.035,.998);es="Linear";ed="In";};["000-offset.001"]={cf=cfr(0,0,0,.999,-.026,-.035,.029,.995,.099,.032,-.1,.994);es="Linear";ed="In";};["000-offset.010"]={cf=cfr(0,0,0,-.388,.922,0,-.922,-.388,0,0,0,1);es="Linear";ed="In";};["000-offset.013"]={cf=cfr(0,0,0,-.083,.997,0,-.997,-.083,0,0,0,1);es="Linear";ed="In";};["000-offset.002"]={cf=cfr(0,0,0,.989,.003,.146,-.011,.999,.048,-.146,-.049,.988);es="Linear";ed="In";};["000-offset.011"]={cf=cfr(0,0,0,.186,-.977,.103,.982,.189,.022,-.041,.097,.994);es="Linear";ed="In";};["000-offset.014"]={cf=cfr(0,0,0,.3,-.951,.067,.953,.297,-.062,.039,.083,.996);es="Linear";ed="In";};["000-offset.006"]={cf=cfr(0,0,0,.089,-.976,-.201,.267,-.171,.948,-.96,-.138,.245);es="Linear";ed="In";};["000-offset.003"]={cf=cfr(0,0,0,.026,-.871,.491,-.001,-.491,-.871,1,.022,-.013);es="Linear";ed="In";};["000-offset.007"]={cf=cfr(0,0,0,.863,-.506,0,.506,.863,0,0,0,1);es="Linear";ed="In";};["000-offset.004"]={cf=cfr(0,0,0,.047,-.999,0,.999,.047,0,0,0,1);es="Linear";ed="In";};["000-offset.008"]={cf=cfr(0,0,0,.848,-.395,.354,.164,.831,.532,-.504,-.393,.769);es="Linear";ed="In";};["000-offset.005"]={cf=cfr(0,0,0,.81,-.551,-.201,.235,.619,-.749,.537,.56,.631);es="Linear";ed="In";};};{tm=.083;["root"]={cf=cfr(0,2.425,.493,0,0,1,0,1,0,-1,0,0);es="Linear";ed="In";};["000-offset"]={cf=cfr(0,0,0,.016,1,0,-1,.016,0,0,0,1);es="Linear";ed="In";};["000-offset.009"]={cf=cfr(0,0,0,-.989,.047,.14,-.064,-.991,-.114,.133,-.122,.984);es="Linear";ed="In";};["000-offset.012"]={cf=cfr(0,0,0,-.219,-.976,.019,.974,-.218,.061,-.055,.032,.998);es="Linear";ed="In";};["000-offset.001"]={cf=cfr(0,0,0,.952,-.195,-.236,.244,.949,.201,.185,-.249,.951);es="Linear";ed="In";};["000-offset.010"]={cf=cfr(0,0,0,-.441,.898,0,-.898,-.441,0,0,0,1);es="Linear";ed="In";};["000-offset.013"]={cf=cfr(0,0,0,.092,.996,0,-.996,.092,0,0,0,1);es="Linear";ed="In";};["000-offset.002"]={cf=cfr(0,0,0,.964,-.021,.266,.021,1,.005,-.266,0,.964);es="Linear";ed="In";};["000-offset.011"]={cf=cfr(0,0,0,.349,-.931,.106,.935,.353,.023,-.059,.091,.994);es="Linear";ed="In";};["000-offset.014"]={cf=cfr(0,0,0,.474,-.878,.07,.88,.47,-.064,.023,.092,.996);es="Linear";ed="In";};["000-offset.006"]={cf=cfr(0,0,0,-.087,-.967,-.24,-.128,-.228,.965,-.988,.114,-.104);es="Linear";ed="In";};["000-offset.003"]={cf=cfr(0,0,0,.207,-.893,.4,-.024,-.414,-.91,.978,.179,-.107);es="Linear";ed="In";};["000-offset.007"]={cf=cfr(0,0,0,.799,-.602,0,.602,.799,0,0,0,1);es="Linear";ed="In";};["000-offset.004"]={cf=cfr(0,0,0,.207,-.978,0,.978,.207,0,0,0,1);es="Linear";ed="In";};["000-offset.008"]={cf=cfr(0,0,0,.87,-.316,.379,.19,.923,.335,-.455,-.219,.863);es="Linear";ed="In";};["000-offset.005"]={cf=cfr(0,0,0,.823,-.545,-.162,.205,.549,-.81,.531,.633,.564);es="Linear";ed="In";};};{tm=.125;["root"]={cf=cfr(0,2.397,.493,0,0,1,0,1,0,-1,0,0);es="Linear";ed="In";};["000-offset"]={cf=cfr(0,0,0,.111,.994,0,-.994,.111,0,0,0,1);es="Linear";ed="In";};["000-offset.009"]={cf=cfr(0,0,0,-.988,.082,.133,-.098,-.988,-.117,.122,-.129,.984);es="Linear";ed="In";};["000-offset.012"]={cf=cfr(0,0,0,-.106,-.994,.026,.993,-.105,.058,-.055,.032,.998);es="Linear";ed="In";};["000-offset.001"]={cf=cfr(0,0,0,.901,-.27,-.338,.351,.913,.206,.253,-.305,.918);es="Linear";ed="In";};["000-offset.010"]={cf=cfr(0,0,0,-.437,.899,0,-.899,-.437,0,0,0,1);es="Linear";ed="In";};["000-offset.013"]={cf=cfr(0,0,0,.177,.984,0,-.984,.177,0,0,0,1);es="Linear";ed="In";};["000-offset.002"]={cf=cfr(0,0,0,.951,-.026,.31,.031,.999,-.011,-.309,.02,.951);es="Linear";ed="In";};["000-offset.011"]={cf=cfr(0,0,0,.428,-.897,.109,.901,.432,.023,-.068,.088,.994);es="Linear";ed="In";};["000-offset.014"]={cf=cfr(0,0,0,.557,-.827,.072,.83,.554,-.066,.015,.097,.995);es="Linear";ed="In";};["000-offset.006"]={cf=cfr(0,0,0,-.319,-.793,-.519,-.312,-.43,.847,-.895,.432,-.11);es="Linear";ed="In";};["000-offset.003"]={cf=cfr(0,0,0,.379,-.882,.281,-.061,-.327,-.943,.924,.34,-.178);es="Linear";ed="In";};["000-offset.007"]={cf=cfr(0,0,0,.712,-.702,0,.702,.712,0,0,0,1);es="Linear";ed="In";};["000-offset.004"]={cf=cfr(0,0,0,.497,-.868,0,.868,.497,0,0,0,1);es="Linear";ed="In";};["000-offset.008"]={cf=cfr(0,0,0,.878,-.273,.392,.196,.954,.226,-.436,-.122,.891);es="Linear";ed="In";};["000-offset.005"]={cf=cfr(0,0,0,.836,-.533,-.129,.174,.481,-.86,.52,.696,.495);es="Linear";ed="In";};};{tm=.167;["root"]={cf=cfr(0,2.383,.493,0,0,1,0,1,0,-1,0,0);es="Linear";ed="In";};["000-offset"]={cf=cfr(0,0,0,.162,.987,0,-.987,.162,0,0,0,1);es="Linear";ed="In";};["000-offset.009"]={cf=cfr(0,0,0,-.991,-.081,.104,.069,-.991,-.113,.113,-.105,.988);es="Linear";ed="In";};["000-offset.012"]={cf=cfr(0,0,0,-.184,-.983,.025,.982,-.182,.053,-.048,.034,.998);es="Linear";ed="In";};["000-offset.001"]={cf=cfr(0,0,0,.889,-.311,-.335,.384,.906,.179,.248,-.288,.925);es="Linear";ed="In";};["000-offset.010"]={cf=cfr(0,0,0,-.293,.956,0,-.956,-.293,0,0,0,1);es="Linear";ed="In";};["000-offset.013"]={cf=cfr(0,0,0,.153,.988,0,-.988,.153,0,0,0,1);es="Linear";ed="In";};["000-offset.002"]={cf=cfr(0,0,0,.958,-.021,.286,.023,1,-.005,-.285,.012,.958);es="Linear";ed="In";};["000-offset.011"]={cf=cfr(0,0,0,.434,-.894,.11,.898,.439,.023,-.069,.088,.994);es="Linear";ed="In";};["000-offset.014"]={cf=cfr(0,0,0,.558,-.827,.072,.83,.554,-.067,.015,.097,.995);es="Linear";ed="In";};["000-offset.006"]={cf=cfr(0,0,0,-.263,-.579,-.772,-.245,-.734,.634,-.933,.355,.052);es="Linear";ed="In";};["000-offset.003"]={cf=cfr(0,0,0,.521,-.839,.159,-.074,-.229,-.97,.851,.494,-.182);es="Linear";ed="In";};["000-offset.007"]={cf=cfr(0,0,0,.58,-.815,0,.815,.58,0,0,0,1);es="Linear";ed="In";};["000-offset.004"]={cf=cfr(0,0,0,.738,-.675,0,.675,.738,0,0,0,1);es="Linear";ed="In";};["000-offset.008"]={cf=cfr(0,0,0,.876,-.256,.408,.184,.961,.208,-.445,-.107,.889);es="Linear";ed="In";};["000-offset.005"]={cf=cfr(0,0,0,.851,-.513,-.108,.146,.429,-.892,.504,.743,.44);es="Linear";ed="In";};};{tm=.208;["root"]={cf=cfr(0,2.369,.493,0,0,1,0,1,0,-1,0,0);es="Linear";ed="In";};["000-offset"]={cf=cfr(0,0,0,.202,.979,0,-.979,.202,0,0,0,1);es="Linear";ed="In";};["000-offset.009"]={cf=cfr(0,0,0,-.931,-.358,.074,.351,-.932,-.095,.103,-.062,.993);es="Linear";ed="In";};["000-offset.012"]={cf=cfr(0,0,0,-.367,-.93,.023,.93,-.365,.048,-.037,.039,.999);es="Linear";ed="In";};["000-offset.001"]={cf=cfr(0,0,0,.887,-.354,-.296,.406,.903,.138,.219,-.243,.945);es="Linear";ed="In";};["000-offset.010"]={cf=cfr(0,0,0,-.084,.996,0,-.996,-.084,0,0,0,1);es="Linear";ed="In";};["000-offset.013"]={cf=cfr(0,0,0,.062,.998,0,-.998,.062,0,0,0,1);es="Linear";ed="In";};["000-offset.002"]={cf=cfr(0,0,0,.971,-.009,.237,.007,1,.01,-.237,-.008,.971);es="Linear";ed="In";};["000-offset.011"]={cf=cfr(0,0,0,.414,-.904,.109,.908,.419,.023,-.067,.09,.994);es="Linear";ed="In";};["000-offset.014"]={cf=cfr(0,0,0,.515,-.854,.071,.857,.512,-.066,.02,.095,.995);es="Linear";ed="In";};["000-offset.006"]={cf=cfr(0,0,0,-.136,-.485,-.864,-.159,-.85,.502,-.978,.206,.039);es="Linear";ed="In";};["000-offset.003"]={cf=cfr(0,0,0,.618,-.783,.071,-.017,-.104,-.994,.786,.614,-.078);es="Linear";ed="In";};["000-offset.007"]={cf=cfr(0,0,0,.388,-.922,0,.922,.388,0,0,0,1);es="Linear";ed="In";};["000-offset.004"]={cf=cfr(0,0,0,.832,-.555,0,.555,.832,0,0,0,1);es="Linear";ed="In";};["000-offset.008"]={cf=cfr(0,0,0,.871,-.244,.427,.164,.963,.215,-.463,-.117,.878);es="Linear";ed="In";};["000-offset.005"]={cf=cfr(0,0,0,.868,-.487,-.102,.124,.411,-.903,.481,.771,.417);es="Linear";ed="In";};};{tm=.25;["root"]={cf=cfr(0,2.341,.493,0,0,1,0,1,0,-1,0,0);es="Linear";ed="In";};["000-offset"]={cf=cfr(0,0,0,.234,.972,0,-.972,.234,0,0,0,1);es="Linear";ed="In";};["000-offset.009"]={cf=cfr(0,0,0,-.746,-.662,.064,.659,-.749,-.068,.093,-.009,.996);es="Linear";ed="In";};["000-offset.012"]={cf=cfr(0,0,0,-.59,-.807,.022,.807,-.589,.044,-.023,.044,.999);es="Linear";ed="In";};["000-offset.001"]={cf=cfr(0,0,0,.893,-.388,-.227,.416,.905,.09,.17,-.175,.97);es="Linear";ed="In";};["000-offset.010"]={cf=cfr(0,0,0,.107,.994,0,-.994,.107,0,0,0,1);es="Linear";ed="In";};["000-offset.013"]={cf=cfr(0,0,0,-.063,.998,0,-.998,-.063,0,0,0,1);es="Linear";ed="In";};["000-offset.002"]={cf=cfr(0,0,0,.985,.01,.17,-.017,.999,.034,-.17,-.037,.985);es="Linear";ed="In";};["000-offset.011"]={cf=cfr(0,0,0,.374,-.921,.108,.926,.378,.023,-.062,.092,.994);es="Linear";ed="In";};["000-offset.014"]={cf=cfr(0,0,0,.443,-.894,.07,.896,.439,-.065,.027,.091,.995);es="Linear";ed="In";};["000-offset.006"]={cf=cfr(0,0,0,-.107,-.494,-.863,-.25,-.827,.504,-.962,.269,-.035);es="Linear";ed="In";};["000-offset.003"]={cf=cfr(0,0,0,.556,-.831,-.003,.3,.204,-.932,.775,.517,.363);es="Linear";ed="In";};["000-offset.007"]={cf=cfr(0,0,0,.162,-.987,0,.987,.162,0,0,0,1);es="Linear";ed="In";};["000-offset.004"]={cf=cfr(0,0,0,.831,-.556,0,.556,.831,0,0,0,1);es="Linear";ed="In";};["000-offset.008"]={cf=cfr(0,0,0,.861,-.239,.449,.14,.96,.241,-.488,-.145,.861);es="Linear";ed="In";};["000-offset.005"]={cf=cfr(0,0,0,.888,-.447,-.106,.11,.432,-.895,.445,.784,.433);es="Linear";ed="In";};};{tm=.292;["root"]={cf=cfr(0,2.326,.493,0,0,1,0,1,0,-1,0,0);es="Linear";ed="In";};["000-offset"]={cf=cfr(0,0,0,.259,.966,0,-.966,.259,0,0,0,1);es="Linear";ed="In";};["000-offset.009"]={cf=cfr(0,0,0,-.446,-.891,.081,.891,-.451,-.054,.084,.048,.995);es="Linear";ed="In";};["000-offset.012"]={cf=cfr(0,0,0,-.786,-.617,.024,.618,-.785,.045,-.009,.05,.999);es="Linear";ed="In";};["000-offset.001"]={cf=cfr(0,0,0,.904,-.406,-.135,.414,.91,.036,.108,-.089,.99);es="Linear";ed="In";};["000-offset.010"]={cf=cfr(0,0,0,.197,.98,0,-.98,.197,0,0,0,1);es="Linear";ed="In";};["000-offset.013"]={cf=cfr(0,0,0,-.185,.983,0,-.983,-.185,0,0,0,1);es="Linear";ed="In";};["000-offset.002"]={cf=cfr(0,0,0,.995,.038,.092,-.044,.997,.067,-.089,-.071,.993);es="Linear";ed="In";};["000-offset.011"]={cf=cfr(0,0,0,.318,-.942,.107,.946,.322,.023,-.056,.094,.994);es="Linear";ed="In";};["000-offset.014"]={cf=cfr(0,0,0,.353,-.933,.069,.935,.348,-.064,.035,.087,.996);es="Linear";ed="In";};["000-offset.006"]={cf=cfr(0,0,0,-.02,-.598,-.801,-.352,-.746,.566,-.936,.293,-.196);es="Linear";ed="In";};["000-offset.003"]={cf=cfr(0,0,0,.139,-.932,-.333,.56,.352,-.75,.817,-.082,.571);es="Linear";ed="In";};["000-offset.007"]={cf=cfr(0,0,0,-.056,-.998,0,.998,-.056,0,0,0,1);es="Linear";ed="In";};["000-offset.004"]={cf=cfr(0,0,0,.805,-.594,0,.594,.805,0,0,0,1);es="Linear";ed="In";};["000-offset.008"]={cf=cfr(0,0,0,.848,-.24,.473,.113,.953,.281,-.518,-.184,.835);es="Linear";ed="In";};["000-offset.005"]={cf=cfr(0,0,0,.914,-.391,-.109,.1,.477,-.873,.394,.787,.475);es="Linear";ed="In";};};{tm=.333;["root"]={cf=cfr(0,2.312,.493,0,0,1,0,1,0,-1,0,0);es="Linear";ed="In";};["000-offset"]={cf=cfr(0,0,0,.278,.961,0,-.961,.278,0,0,0,1);es="Linear";ed="In";};["000-offset.009"]={cf=cfr(0,0,0,-.11,-.988,.109,.991,-.118,-.065,.077,.101,.992);es="Linear";ed="In";};["000-offset.012"]={cf=cfr(0,0,0,-.912,-.408,.025,.409,-.911,.049,.003,.055,.998);es="Linear";ed="In";};["000-offset.001"]={cf=cfr(0,0,0,.916,-.399,-.032,.398,.917,-.021,.038,.007,.999);es="Linear";ed="In";};["000-offset.010"]={cf=cfr(0,0,0,.111,.994,0,-.994,.111,0,0,0,1);es="Linear";ed="In";};["000-offset.013"]={cf=cfr(0,0,0,-.271,.963,0,-.963,-.271,0,0,0,1);es="Linear";ed="In";};["000-offset.002"]={cf=cfr(0,0,0,.997,.072,.008,-.073,.992,.107,0,-.108,.994);es="Linear";ed="In";};["000-offset.011"]={cf=cfr(0,0,0,.254,-.961,.106,.966,.258,.023,-.049,.097,.994);es="Linear";ed="In";};["000-offset.014"]={cf=cfr(0,0,0,.262,-.963,.069,.964,.258,-.064,.044,.083,.996);es="Linear";ed="In";};["000-offset.006"]={cf=cfr(0,0,0,.14,-.751,-.645,-.422,-.635,.647,-.896,.181,-.406);es="Linear";ed="In";};["000-offset.003"]={cf=cfr(0,0,0,-.151,-.859,-.489,.477,.37,-.797,.866,-.353,.354);es="Linear";ed="In";};["000-offset.007"]={cf=cfr(0,0,0,-.226,-.974,0,.974,-.226,0,0,0,1);es="Linear";ed="In";};["000-offset.004"]={cf=cfr(0,0,0,.755,-.656,0,.656,.755,0,0,0,1);es="Linear";ed="In";};["000-offset.008"]={cf=cfr(0,0,0,.831,-.249,.497,.086,.941,.328,-.55,-.23,.803);es="Linear";ed="In";};["000-offset.005"]={cf=cfr(0,0,0,.939,-.327,-.108,.091,.538,-.838,.332,.777,.535);es="Linear";ed="In";};};{tm=.375;["root"]={cf=cfr(0,2.284,.493,0,0,1,0,1,0,-1,0,0);es="Linear";ed="In";};["000-offset"]={cf=cfr(0,0,0,.291,.957,0,-.957,.291,0,0,0,1);es="Linear";ed="In";};["000-offset.009"]={cf=cfr(0,0,0,.161,-.979,.128,.984,.15,-.095,.073,.142,.987);es="Linear";ed="In";};["000-offset.012"]={cf=cfr(0,0,0,-.968,-.251,.026,.252,-.966,.054,.012,.059,.998);es="Linear";ed="In";};["000-offset.001"]={cf=cfr(0,0,0,.929,-.365,.069,.37,.925,-.082,-.034,.102,.994);es="Linear";ed="In";};["000-offset.010"]={cf=cfr(0,0,0,-.092,.996,0,-.996,-.092,0,0,0,1);es="Linear";ed="In";};["000-offset.013"]={cf=cfr(0,0,0,-.289,.957,0,-.957,-.289,0,0,0,1);es="Linear";ed="In";};["000-offset.002"]={cf=cfr(0,0,0,.991,.112,-.074,-.1,.984,.151,.089,-.142,.986);es="Linear";ed="In";};["000-offset.011"]={cf=cfr(0,0,0,.187,-.977,.105,.981,.191,.022,-.042,.099,.994);es="Linear";ed="In";};["000-offset.014"]={cf=cfr(0,0,0,.189,-.98,.069,.981,.184,-.064,.05,.08,.996);es="Linear";ed="In";};["000-offset.006"]={cf=cfr(0,0,0,.35,-.851,-.392,-.41,-.515,.752,-.842,-.103,-.53);es="Linear";ed="In";};["000-offset.003"]={cf=cfr(0,0,0,-.192,-.913,-.36,.361,.275,-.891,.913,-.301,.276);es="Linear";ed="In";};["000-offset.007"]={cf=cfr(0,0,0,-.316,-.949,0,.949,-.316,0,0,0,1);es="Linear";ed="In";};["000-offset.004"]={cf=cfr(0,0,0,.684,-.73,0,.73,.684,0,0,0,1);es="Linear";ed="In";};["000-offset.008"]={cf=cfr(0,0,0,.812,-.265,.521,.06,.924,.378,-.581,-.276,.766);es="Linear";ed="In";};["000-offset.005"]={cf=cfr(0,0,0,.96,-.261,-.099,.083,.605,-.792,.267,.752,.602);es="Linear";ed="In";};};{tm=.417;["root"]={cf=cfr(0,2.27,.493,0,0,1,0,1,0,-1,0,0);es="Linear";ed="In";};["000-offset"]={cf=cfr(0,0,0,.301,.954,0,-.954,.301,0,0,0,1);es="Linear";ed="In";};["000-offset.009"]={cf=cfr(0,0,0,.299,-.945,.134,.952,.284,-.118,.073,.163,.984);es="Linear";ed="In";};["000-offset.012"]={cf=cfr(0,0,0,-.979,-.203,.026,.204,-.977,.057,.014,.062,.998);es="Linear";ed="In";};["000-offset.001"]={cf=cfr(0,0,0,.939,-.307,.156,.329,.933,-.145,-.101,.187,.977);es="Linear";ed="In";};["000-offset.010"]={cf=cfr(0,0,0,-.282,.959,0,-.959,-.282,0,0,0,1);es="Linear";ed="In";};["000-offset.013"]={cf=cfr(0,0,0,-.176,.984,0,-.984,-.176,0,0,0,1);es="Linear";ed="In";};["000-offset.002"]={cf=cfr(0,0,0,.977,.152,-.148,-.122,.974,.192,.174,-.169,.97);es="Linear";ed="In";};["000-offset.011"]={cf=cfr(0,0,0,.126,-.986,.105,.991,.129,.022,-.036,.101,.994);es="Linear";ed="In";};["000-offset.014"]={cf=cfr(0,0,0,.129,-.989,.07,.99,.124,-.065,.055,.077,.995);es="Linear";ed="In";};["000-offset.006"]={cf=cfr(0,0,0,.555,-.821,-.135,-.298,-.348,.889,-.776,-.454,-.437);es="Linear";ed="In";};["000-offset.003"]={cf=cfr(0,0,0,-.163,-.979,-.12,.232,.08,-.969,.959,-.186,.214);es="Linear";ed="In";};["000-offset.007"]={cf=cfr(0,0,0,-.256,-.967,0,.967,-.256,0,0,0,1);es="Linear";ed="In";};["000-offset.004"]={cf=cfr(0,0,0,.596,-.803,0,.803,.596,0,0,0,1);es="Linear";ed="In";};["000-offset.008"]={cf=cfr(0,0,0,.791,-.286,.541,.037,.904,.425,-.611,-.317,.726);es="Linear";ed="In";};["000-offset.005"]={cf=cfr(0,0,0,.976,-.201,-.085,.074,.67,-.739,.206,.715,.668);es="Linear";ed="In";};};{tm=.458;["root"]={cf=cfr(0,2.256,.493,0,0,1,0,1,0,-1,0,0);es="Linear";ed="In";};["000-offset"]={cf=cfr(0,0,0,.308,.951,0,-.951,.308,0,0,0,1);es="Linear";ed="In";};["000-offset.009"]={cf=cfr(0,0,0,.267,-.954,.133,.96,.253,-.118,.079,.159,.984);es="Linear";ed="In";};["000-offset.012"]={cf=cfr(0,0,0,-.971,-.239,.026,.241,-.969,.059,.011,.063,.998);es="Linear";ed="In";};["000-offset.001"]={cf=cfr(0,0,0,.947,-.234,.218,.279,.938,-.204,-.157,.254,.954);es="Linear";ed="In";};["000-offset.010"]={cf=cfr(0,0,0,-.338,.941,0,-.941,-.338,0,0,0,1);es="Linear";ed="In";};["000-offset.013"]={cf=cfr(0,0,0,.052,.999,0,-.999,.052,0,0,0,1);es="Linear";ed="In";};["000-offset.002"]={cf=cfr(0,0,0,.96,.185,-.211,-.137,.965,.225,.246,-.187,.951);es="Linear";ed="In";};["000-offset.011"]={cf=cfr(0,0,0,.077,-.992,.105,.997,.079,.022,-.03,.103,.994);es="Linear";ed="In";};["000-offset.014"]={cf=cfr(0,0,0,.071,-.995,.07,.996,.066,-.065,.06,.075,.995);es="Linear";ed="In";};["000-offset.006"]={cf=cfr(0,0,0,.702,-.712,.008,-.108,-.096,.99,-.704,-.696,-.144);es="Linear";ed="In";};["000-offset.003"]={cf=cfr(0,0,0,-.085,-.981,.172,.108,-.181,-.978,.991,-.064,.121);es="Linear";ed="In";};["000-offset.007"]={cf=cfr(0,0,0,-.054,-.999,0,.999,-.054,0,0,0,1);es="Linear";ed="In";};["000-offset.004"]={cf=cfr(0,0,0,.501,-.865,0,.865,.501,0,0,0,1);es="Linear";ed="In";};["000-offset.008"]={cf=cfr(0,0,0,.772,-.309,.556,.018,.884,.467,-.636,-.35,.688);es="Linear";ed="In";};["000-offset.005"]={cf=cfr(0,0,0,.986,-.152,-.072,.062,.726,-.685,.156,.671,.725);es="Linear";ed="In";};};{tm=.5;["root"]={cf=cfr(0,2.228,.493,0,0,1,0,1,0,-1,0,0);es="Linear";ed="In";};["000-offset"]={cf=cfr(0,0,0,.314,.949,0,-.949,.314,0,0,0,1);es="Linear";ed="In";};["000-offset.009"]={cf=cfr(0,0,0,.094,-.988,.126,.991,.081,-.102,.091,.135,.987);es="Linear";ed="In";};["000-offset.012"]={cf=cfr(0,0,0,-.953,-.301,.026,.302,-.952,.059,.007,.064,.998);es="Linear";ed="In";};["000-offset.001"]={cf=cfr(0,0,0,.955,-.155,.251,.22,.942,-.252,-.197,.296,.934);es="Linear";ed="In";};["000-offset.010"]={cf=cfr(0,0,0,-.216,.976,0,-.976,-.216,0,0,0,1);es="Linear";ed="In";};["000-offset.013"]={cf=cfr(0,0,0,.291,.957,0,-.957,.291,0,0,0,1);es="Linear";ed="In";};["000-offset.002"]={cf=cfr(0,0,0,.943,.207,-.261,-.143,.959,.245,.301,-.194,.934);es="Linear";ed="In";};["000-offset.011"]={cf=cfr(0,0,0,.036,-.994,.105,.999,.039,.022,-.026,.104,.994);es="Linear";ed="In";};["000-offset.014"]={cf=cfr(0,0,0,.026,-.997,.071,.998,.021,-.066,.064,.073,.995);es="Linear";ed="In";};["000-offset.006"]={cf=cfr(0,0,0,.769,-.638,.032,.104,.174,.979,-.63,-.75,.2);es="Linear";ed="In";};["000-offset.003"]={cf=cfr(0,0,0,.008,-.9,.436,-.011,-.436,-.9,1,.003,-.014);es="Linear";ed="In";};["000-offset.007"]={cf=cfr(0,0,0,.187,-.982,0,.982,.187,0,0,0,1);es="Linear";ed="In";};["000-offset.004"]={cf=cfr(0,0,0,.41,-.912,0,.912,.41,0,0,0,1);es="Linear";ed="In";};["000-offset.008"]={cf=cfr(0,0,0,.756,-.33,.566,.004,.867,.499,-.655,-.374,.656);es="Linear";ed="In";};["000-offset.005"]={cf=cfr(0,0,0,.991,-.116,-.068,.046,.768,-.639,.126,.63,.766);es="Linear";ed="In";};};{tm=.542;["root"]={cf=cfr(0,2.214,.493,0,0,1,0,1,0,-1,0,0);es="Linear";ed="In";};["000-offset"]={cf=cfr(0,0,0,.312,.95,0,-.95,.312,0,0,0,1);es="Linear";ed="In";};["000-offset.009"]={cf=cfr(0,0,0,-.168,-.979,.115,.98,-.179,-.087,.106,.098,.99);es="Linear";ed="In";};["000-offset.012"]={cf=cfr(0,0,0,-.944,-.328,.026,.329,-.943,.058,.005,.063,.998);es="Linear";ed="In";};["000-offset.001"]={cf=cfr(0,0,0,.964,-.082,.251,.154,.948,-.28,-.215,.309,.926);es="Linear";ed="In";};["000-offset.010"]={cf=cfr(0,0,0,.017,1,0,-1,.017,0,0,0,1);es="Linear";ed="In";};["000-offset.013"]={cf=cfr(0,0,0,.442,.897,0,-.897,.442,0,0,0,1);es="Linear";ed="In";};["000-offset.002"]={cf=cfr(0,0,0,.933,.209,-.294,-.139,.96,.244,.333,-.187,.924);es="Linear";ed="In";};["000-offset.011"]={cf=cfr(0,0,0,-.005,-.994,.106,1,-.002,.022,-.022,.106,.994);es="Linear";ed="In";};["000-offset.014"]={cf=cfr(0,0,0,.003,-.997,.072,.998,-.002,-.066,.066,.072,.995);es="Linear";ed="In";};["000-offset.006"]={cf=cfr(0,0,0,.776,-.63,.004,.281,.351,.893,-.564,-.692,.45);es="Linear";ed="In";};["000-offset.003"]={cf=cfr(0,0,0,.076,-.788,.612,-.133,-.616,-.777,.988,-.022,-.152);es="Linear";ed="In";};["000-offset.007"]={cf=cfr(0,0,0,.355,-.935,0,.935,.355,0,0,0,1);es="Linear";ed="In";};["000-offset.004"]={cf=cfr(0,0,0,.336,-.942,0,.942,.336,0,0,0,1);es="Linear";ed="In";};["000-offset.008"]={cf=cfr(0,0,0,.745,-.345,.571,-.002,.855,.519,-.667,-.388,.636);es="Linear";ed="In";};["000-offset.005"]={cf=cfr(0,0,0,.992,-.095,-.082,.025,.793,-.608,.123,.601,.789);es="Linear";ed="In";};};{tm=.583;["root"]={cf=cfr(0,2.185,.493,0,0,1,0,1,0,-1,0,0);es="Linear";ed="In";};["000-offset"]={cf=cfr(0,0,0,.296,.955,0,-.955,.296,0,0,0,1);es="Linear";ed="In";};["000-offset.009"]={cf=cfr(0,0,0,-.443,-.89,.105,.888,-.452,-.084,.122,.056,.991);es="Linear";ed="In";};["000-offset.012"]={cf=cfr(0,0,0,-.958,-.285,.026,.286,-.957,.054,.01,.059,.998);es="Linear";ed="In";};["000-offset.001"]={cf=cfr(0,0,0,.974,-.008,.225,.073,.956,-.283,-.213,.292,.932);es="Linear";ed="In";};["000-offset.010"]={cf=cfr(0,0,0,.283,.959,0,-.959,.283,0,0,0,1);es="Linear";ed="In";};["000-offset.013"]={cf=cfr(0,0,0,.524,.852,0,-.852,.524,0,0,0,1);es="Linear";ed="In";};["000-offset.002"]={cf=cfr(0,0,0,.93,.191,-.314,-.125,.967,.22,.346,-.166,.924);es="Linear";ed="In";};["000-offset.011"]={cf=cfr(0,0,0,-.045,-.993,.107,.999,-.043,.022,-.017,.108,.994);es="Linear";ed="In";};["000-offset.014"]={cf=cfr(0,0,0,-.001,-.997,.072,.998,-.006,-.067,.067,.072,.995);es="Linear";ed="In";};["000-offset.006"]={cf=cfr(0,0,0,.765,-.642,-.037,.406,.438,.802,-.499,-.629,.596);es="Linear";ed="In";};["000-offset.003"]={cf=cfr(0,0,0,.079,-.724,.685,-.252,-.68,-.689,.965,-.118,-.236);es="Linear";ed="In";};["000-offset.007"]={cf=cfr(0,0,0,.455,-.89,0,.89,.455,0,0,0,1);es="Linear";ed="In";};["000-offset.004"]={cf=cfr(0,0,0,.265,-.964,0,.964,.265,0,0,0,1);es="Linear";ed="In";};["000-offset.008"]={cf=cfr(0,0,0,.737,-.356,.574,-.003,.848,.529,-.675,-.392,.625);es="Linear";ed="In";};["000-offset.005"]={cf=cfr(0,0,0,.988,-.086,-.125,-.004,.808,-.589,.152,.582,.799);es="Linear";ed="In";};};{tm=.625;["root"]={cf=cfr(0,2.171,.493,0,0,1,0,1,0,-1,0,0);es="Linear";ed="In";};["000-offset"]={cf=cfr(0,0,0,.272,.962,0,-.962,.272,0,0,0,1);es="Linear";ed="In";};["000-offset.009"]={cf=cfr(0,0,0,-.657,-.747,.104,.741,-.665,-.089,.136,.019,.991);es="Linear";ed="In";};["000-offset.012"]={cf=cfr(0,0,0,-.976,-.216,.028,.217,-.975,.048,.017,.053,.998);es="Linear";ed="In";};["000-offset.001"]={cf=cfr(0,0,0,.98,.076,.182,-.026,.965,-.262,-.196,.252,.948);es="Linear";ed="In";};["000-offset.010"]={cf=cfr(0,0,0,.498,.867,0,-.867,.498,0,0,0,1);es="Linear";ed="In";};["000-offset.013"]={cf=cfr(0,0,0,.603,.798,0,-.798,.603,0,0,0,1);es="Linear";ed="In";};["000-offset.002"]={cf=cfr(0,0,0,.932,.157,-.326,-.103,.979,.178,.347,-.132,.928);es="Linear";ed="In";};["000-offset.011"]={cf=cfr(0,0,0,-.086,-.99,.109,.996,-.084,.022,-.013,.111,.994);es="Linear";ed="In";};["000-offset.014"]={cf=cfr(0,0,0,0,-.997,.072,.998,-.004,-.067,.067,.072,.995);es="Linear";ed="In";};["000-offset.006"]={cf=cfr(0,0,0,.759,-.645,-.083,.493,.487,.721,-.425,-.589,.687);es="Linear";ed="In";};["000-offset.003"]={cf=cfr(0,0,0,-.008,-.715,.699,-.348,-.653,-.672,.937,-.248,-.244);es="Linear";ed="In";};["000-offset.007"]={cf=cfr(0,0,0,.552,-.834,0,.834,.552,0,0,0,1);es="Linear";ed="In";};["000-offset.004"]={cf=cfr(0,0,0,.218,-.976,0,.976,.218,0,0,0,1);es="Linear";ed="In";};["000-offset.008"]={cf=cfr(0,0,0,.73,-.366,.577,.001,.845,.535,-.684,-.39,.617);es="Linear";ed="In";};["000-offset.005"]={cf=cfr(0,0,0,.978,-.083,-.193,-.042,.822,-.567,.206,.563,.8);es="Linear";ed="In";};};{tm=.667;["root"]={cf=cfr(0,2.157,.493,0,0,1,0,1,0,-1,0,0);es="Linear";ed="In";};["000-offset"]={cf=cfr(0,0,0,.244,.97,0,-.97,.244,0,0,0,1);es="Linear";ed="In";};["000-offset.009"]={cf=cfr(0,0,0,-.775,-.622,.11,.615,-.783,-.096,.146,-.007,.989);es="Linear";ed="In";};["000-offset.012"]={cf=cfr(0,0,0,-.981,-.189,.03,.19,-.981,.045,.021,.05,.999);es="Linear";ed="In";};["000-offset.001"]={cf=cfr(0,0,0,.976,.173,.135,-.141,.966,-.217,-.168,.193,.967);es="Linear";ed="In";};["000-offset.010"]={cf=cfr(0,0,0,.605,.796,0,-.796,.605,0,0,0,1);es="Linear";ed="In";};["000-offset.013"]={cf=cfr(0,0,0,.676,.737,0,-.737,.676,0,0,0,1);es="Linear";ed="In";};["000-offset.002"]={cf=cfr(0,0,0,.938,.111,-.329,-.075,.99,.12,.339,-.088,.937);es="Linear";ed="In";};["000-offset.011"]={cf=cfr(0,0,0,-.125,-.986,.111,.992,-.124,.023,-.009,.113,.994);es="Linear";ed="In";};["000-offset.014"]={cf=cfr(0,0,0,.007,-.997,.072,.998,.002,-.067,.066,.073,.995);es="Linear";ed="In";};["000-offset.006"]={cf=cfr(0,0,0,.763,-.632,-.139,.545,.512,.663,-.348,-.582,.735);es="Linear";ed="In";};["000-offset.003"]={cf=cfr(0,0,0,-.178,-.709,.683,-.381,-.59,-.712,.907,-.387,-.165);es="Linear";ed="In";};["000-offset.007"]={cf=cfr(0,0,0,.643,-.766,0,.766,.643,0,0,0,1);es="Linear";ed="In";};["000-offset.004"]={cf=cfr(0,0,0,.266,-.964,0,.964,.266,0,0,0,1);es="Linear";ed="In";};["000-offset.008"]={cf=cfr(0,0,0,.723,-.376,.579,.009,.843,.537,-.691,-.384,.613);es="Linear";ed="In";};["000-offset.005"]={cf=cfr(0,0,0,.957,-.084,-.278,-.085,.835,-.543,.278,.543,.792);es="Linear";ed="In";};};{tm=.708;["root"]={cf=cfr(0,2.129,.493,0,0,1,0,1,0,-1,0,0);es="Linear";ed="In";};["000-offset"]={cf=cfr(0,0,0,.217,.976,0,-.976,.217,0,0,0,1);es="Linear";ed="In";};["000-offset.009"]={cf=cfr(0,0,0,-.83,-.546,.116,.537,-.838,-.102,.153,-.022,.988);es="Linear";ed="In";};["000-offset.012"]={cf=cfr(0,0,0,-.976,-.217,.03,.218,-.975,.046,.019,.051,.998);es="Linear";ed="In";};["000-offset.001"]={cf=cfr(0,0,0,.955,.282,.093,-.267,.952,-.149,-.131,.117,.984);es="Linear";ed="In";};["000-offset.010"]={cf=cfr(0,0,0,.633,.774,0,-.774,.633,0,0,0,1);es="Linear";ed="In";};["000-offset.013"]={cf=cfr(0,0,0,.74,.672,0,-.672,.74,0,0,0,1);es="Linear";ed="In";};["000-offset.002"]={cf=cfr(0,0,0,.946,.056,-.32,-.041,.998,.052,.322,-.036,.946);es="Linear";ed="In";};["000-offset.011"]={cf=cfr(0,0,0,-.164,-.98,.113,.986,-.163,.023,-.004,.115,.993);es="Linear";ed="In";};["000-offset.014"]={cf=cfr(0,0,0,.017,-.997,.072,.998,.012,-.067,.066,.073,.995);es="Linear";ed="In";};["000-offset.006"]={cf=cfr(0,0,0,.775,-.599,-.204,.571,.523,.633,-.272,-.607,.747);es="Linear";ed="In";};["000-offset.003"]={cf=cfr(0,0,0,-.384,-.697,.605,-.294,-.529,-.796,.875,-.484,-.001);es="Linear";ed="In";};["000-offset.007"]={cf=cfr(0,0,0,.723,-.691,0,.691,.723,0,0,0,1);es="Linear";ed="In";};["000-offset.004"]={cf=cfr(0,0,0,.425,-.905,0,.905,.425,0,0,0,1);es="Linear";ed="In";};["000-offset.008"]={cf=cfr(0,0,0,.718,-.386,.58,.019,.843,.538,-.696,-.375,.612);es="Linear";ed="In";};["000-offset.005"]={cf=cfr(0,0,0,.924,-.089,-.371,-.126,.848,-.516,.36,.523,.772);es="Linear";ed="In";};};{tm=.75;["root"]={cf=cfr(0,2.115,.493,0,0,1,0,1,0,-1,0,0);es="Linear";ed="In";};["000-offset"]={cf=cfr(0,0,0,.197,.98,0,-.98,.197,0,0,0,1);es="Linear";ed="In";};["000-offset.009"]={cf=cfr(0,0,0,-.865,-.487,.123,.476,-.873,-.109,.161,-.035,.986);es="Linear";ed="In";};["000-offset.012"]={cf=cfr(0,0,0,-.965,-.261,.03,.263,-.964,.049,.016,.055,.998);es="Linear";ed="In";};["000-offset.001"]={cf=cfr(0,0,0,.915,.399,.068,-.395,.917,-.063,-.088,.031,.996);es="Linear";ed="In";};["000-offset.010"]={cf=cfr(0,0,0,.639,.769,0,-.769,.639,0,0,0,1);es="Linear";ed="In";};["000-offset.013"]={cf=cfr(0,0,0,.794,.608,0,-.608,.794,0,0,0,1);es="Linear";ed="In";};["000-offset.002"]={cf=cfr(0,0,0,.954,-.003,-.299,-.003,1,-.022,.299,.021,.954);es="Linear";ed="In";};["000-offset.011"]={cf=cfr(0,0,0,-.202,-.973,.114,.979,-.201,.024,0,.117,.993);es="Linear";ed="In";};["000-offset.014"]={cf=cfr(0,0,0,.029,-.997,.072,.997,.024,-.067,.065,.074,.995);es="Linear";ed="In";};["000-offset.006"]={cf=cfr(0,0,0,.791,-.548,-.272,.576,.52,.631,-.204,-.656,.727);es="Linear";ed="In";};["000-offset.003"]={cf=cfr(0,0,0,-.535,-.715,.45,-.069,-.494,-.867,.842,-.494,.215);es="Linear";ed="In";};["000-offset.007"]={cf=cfr(0,0,0,.792,-.611,0,.611,.792,0,0,0,1);es="Linear";ed="In";};["000-offset.004"]={cf=cfr(0,0,0,.627,-.779,0,.779,.627,0,0,0,1);es="Linear";ed="In";};["000-offset.008"]={cf=cfr(0,0,0,.714,-.394,.579,.031,.843,.537,-.699,-.365,.614);es="Linear";ed="In";};["000-offset.005"]={cf=cfr(0,0,0,.882,-.097,-.461,-.16,.859,-.487,.443,.503,.742);es="Linear";ed="In";};};{tm=.792;["root"]={cf=cfr(0,2.101,.493,0,0,1,0,1,0,-1,0,0);es="Linear";ed="In";};["000-offset"]={cf=cfr(0,0,0,.185,.983,0,-.983,.185,0,0,0,1);es="Linear";ed="In";};["000-offset.009"]={cf=cfr(0,0,0,-.887,-.444,.13,.431,-.895,-.116,.168,-.046,.985);es="Linear";ed="In";};["000-offset.012"]={cf=cfr(0,0,0,-.948,-.315,.03,.317,-.947,.053,.012,.06,.998);es="Linear";ed="In";};["000-offset.001"]={cf=cfr(0,0,0,.854,.516,.067,-.519,.854,.03,-.041,-.061,.997);es="Linear";ed="In";};["000-offset.010"]={cf=cfr(0,0,0,.625,.781,0,-.781,.625,0,0,0,1);es="Linear";ed="In";};["000-offset.013"]={cf=cfr(0,0,0,.836,.549,0,-.549,.836,0,0,0,1);es="Linear";ed="In";};["000-offset.002"]={cf=cfr(0,0,0,.962,-.062,-.267,.037,.995,-.095,.271,.081,.959);es="Linear";ed="In";};["000-offset.011"]={cf=cfr(0,0,0,-.239,-.964,.116,.971,-.238,.024,.004,.118,.993);es="Linear";ed="In";};["000-offset.014"]={cf=cfr(0,0,0,.042,-.997,.072,.997,.037,-.067,.064,.075,.995);es="Linear";ed="In";};["000-offset.006"]={cf=cfr(0,0,0,.808,-.486,-.333,.569,.501,.652,-.15,-.716,.681);es="Linear";ed="In";};["000-offset.003"]={cf=cfr(0,0,0,-.538,-.8,.265,.238,-.446,-.863,.808,-.402,.43);es="Linear";ed="In";};["000-offset.007"]={cf=cfr(0,0,0,.848,-.531,0,.531,.848,0,0,0,1);es="Linear";ed="In";};["000-offset.004"]={cf=cfr(0,0,0,.809,-.588,0,.588,.809,0,0,0,1);es="Linear";ed="In";};["000-offset.008"]={cf=cfr(0,0,0,.713,-.402,.574,.044,.843,.536,-.7,-.357,.619);es="Linear";ed="In";};["000-offset.005"]={cf=cfr(0,0,0,.834,-.11,-.541,-.186,.867,-.462,.52,.486,.702);es="Linear";ed="In";};};{tm=.833;["root"]={cf=cfr(0,2.073,.493,0,0,1,0,1,0,-1,0,0);es="Linear";ed="In";};["000-offset"]={cf=cfr(0,0,0,.178,.984,0,-.984,.178,0,0,0,1);es="Linear";ed="In";};["000-offset.009"]={cf=cfr(0,0,0,-.901,-.413,.136,.399,-.909,-.122,.174,-.055,.983);es="Linear";ed="In";};["000-offset.012"]={cf=cfr(0,0,0,-.928,-.372,.031,.373,-.926,.057,.007,.065,.998);es="Linear";ed="In";};["000-offset.001"]={cf=cfr(0,0,0,.776,.624,.091,-.631,.767,.121,.006,-.151,.988);es="Linear";ed="In";};["000-offset.010"]={cf=cfr(0,0,0,.593,.805,0,-.805,.593,0,0,0,1);es="Linear";ed="In";};["000-offset.013"]={cf=cfr(0,0,0,.866,.5,0,-.5,.866,0,0,0,1);es="Linear";ed="In";};["000-offset.002"]={cf=cfr(0,0,0,.968,-.115,-.225,.079,.983,-.164,.24,.14,.961);es="Linear";ed="In";};["000-offset.011"]={cf=cfr(0,0,0,-.275,-.954,.116,.961,-.274,.025,.008,.119,.993);es="Linear";ed="In";};["000-offset.014"]={cf=cfr(0,0,0,.054,-.996,.072,.997,.049,-.067,.063,.075,.995);es="Linear";ed="In";};["000-offset.006"]={cf=cfr(0,0,0,.82,-.426,-.382,.561,.462,.687,-.116,-.777,.618);es="Linear";ed="In";};["000-offset.003"]={cf=cfr(0,0,0,-.366,-.921,.13,.517,-.317,-.795,.773,-.224,.593);es="Linear";ed="In";};["000-offset.007"]={cf=cfr(0,0,0,.89,-.455,0,.455,.89,0,0,0,1);es="Linear";ed="In";};["000-offset.004"]={cf=cfr(0,0,0,.927,-.375,0,.375,.927,0,0,0,1);es="Linear";ed="In";};["000-offset.008"]={cf=cfr(0,0,0,.716,-.409,.566,.057,.842,.536,-.696,-.351,.626);es="Linear";ed="In";};["000-offset.005"]={cf=cfr(0,0,0,.786,-.13,-.604,-.2,.872,-.447,.585,.472,.659);es="Linear";ed="In";};};{tm=.875;["root"]={cf=cfr(0,2.059,.493,0,0,1,0,1,0,-1,0,0);es="Linear";ed="In";};["000-offset"]={cf=cfr(0,0,0,.172,.985,0,-.985,.172,0,0,0,1);es="Linear";ed="In";};["000-offset.009"]={cf=cfr(0,0,0,-.91,-.39,.14,.375,-.919,-.126,.177,-.062,.982);es="Linear";ed="In";};["000-offset.012"]={cf=cfr(0,0,0,-.905,-.424,.032,.426,-.903,.061,.003,.068,.998);es="Linear";ed="In";};["000-offset.001"]={cf=cfr(0,0,0,.686,.715,.137,-.726,.659,.197,.051,-.234,.971);es="Linear";ed="In";};["000-offset.010"]={cf=cfr(0,0,0,.545,.839,0,-.839,.545,0,0,0,1);es="Linear";ed="In";};["000-offset.013"]={cf=cfr(0,0,0,.885,.466,0,-.466,.885,0,0,0,1);es="Linear";ed="In";};["000-offset.002"]={cf=cfr(0,0,0,.971,-.162,-.177,.121,.967,-.223,.207,.195,.959);es="Linear";ed="In";};["000-offset.011"]={cf=cfr(0,0,0,-.309,-.944,.116,.951,-.308,.025,.012,.118,.993);es="Linear";ed="In";};["000-offset.014"]={cf=cfr(0,0,0,.065,-.995,.072,.996,.06,-.067,.062,.076,.995);es="Linear";ed="In";};["000-offset.006"]={cf=cfr(0,0,0,.822,-.385,-.421,.56,.406,.722,-.107,-.829,.549);es="Linear";ed="In";};["000-offset.003"]={cf=cfr(0,0,0,-.071,-.995,.071,.673,-.1,-.733,.736,-.004,.677);es="Linear";ed="In";};["000-offset.007"]={cf=cfr(0,0,0,.921,-.389,0,.389,.921,0,0,0,1);es="Linear";ed="In";};["000-offset.004"]={cf=cfr(0,0,0,.979,-.202,0,.202,.979,0,0,0,1);es="Linear";ed="In";};["000-offset.008"]={cf=cfr(0,0,0,.722,-.414,.554,.069,.84,.538,-.688,-.35,.636);es="Linear";ed="In";};["000-offset.005"]={cf=cfr(0,0,0,.748,-.159,-.645,-.203,.87,-.45,.633,.467,.618);es="Linear";ed="In";};};{tm=.917;["RootNode"]={cf=cfr(0,0,0,-1,0,0,0,1,0,0,0,-1);es="Linear";ed="In";};["root"]={cf=cfr(0,2.044,.493,0,0,1,0,1,0,-1,0,0);es="Linear";ed="In";};["000-offset"]={cf=cfr(0,0,0,.164,.987,0,-.987,.164,0,0,0,1);es="Linear";ed="In";};["004-offset.001"]={cf=cfr(0,0,0,-.015,-1,0,1,-.015,0,0,0,1);es="Linear";ed="In";};["006-offset"]={cf=cfr(0,0,0,-.015,-1,0,1,-.015,0,0,0,1);es="Linear";ed="In";};["000-offset.009"]={cf=cfr(0,0,0,-.918,-.37,.141,.354,-.927,-.127,.177,-.067,.982);es="Linear";ed="In";};["000-offset.012"]={cf=cfr(0,0,0,-.884,-.467,.032,.468,-.882,.062,-.001,.07,.998);es="Linear";ed="In";};["000-offset.001"]={cf=cfr(0,0,0,.591,.783,.195,-.801,.543,.251,.091,-.304,.948);es="Linear";ed="In";};["000-offset.010"]={cf=cfr(0,0,0,.481,.877,0,-.877,.481,0,0,0,1);es="Linear";ed="In";};["000-offset.013"]={cf=cfr(0,0,0,.893,.45,0,-.45,.893,0,0,0,1);es="Linear";ed="In";};["004-offset"]={cf=cfr(0,0,0,.035,-.999,0,.999,.035,0,0,0,1);es="Linear";ed="In";};["002-offset"]={cf=cfr(0,0,0,.035,-.999,0,.999,.035,0,0,0,1);es="Linear";ed="In";};["000-offset.002"]={cf=cfr(0,0,0,.972,-.199,-.127,.159,.95,-.27,.174,.242,.954);es="Linear";ed="In";};["000-offset.011"]={cf=cfr(0,0,0,-.341,-.933,.115,.94,-.341,.025,.016,.116,.993);es="Linear";ed="In";};["000-offset.014"]={cf=cfr(0,0,0,.072,-.995,.072,.996,.067,-.067,.061,.076,.995);es="Linear";ed="In";};["000-offset.006"]={cf=cfr(0,0,0,.807,-.376,-.455,.576,.334,.746,-.129,-.864,.486);es="Linear";ed="In";};["000-offset.003"]={cf=cfr(0,0,0,.248,-.968,.044,.674,.14,-.725,.696,.21,.687);es="Linear";ed="In";};["000-offset.007"]={cf=cfr(0,0,0,.942,-.335,0,.335,.942,0,0,0,1);es="Linear";ed="In";};["000-offset.004"]={cf=cfr(0,0,0,.992,-.129,0,.129,.992,0,0,0,1);es="Linear";ed="In";};["000-offset.008"]={cf=cfr(0,0,0,.734,-.418,.535,.081,.836,.543,-.675,-.355,.647);es="Linear";ed="In";};["000-offset.005"]={cf=cfr(0,0,0,.726,-.199,-.658,-.196,.857,-.476,.659,.475,.583);es="Linear";ed="In";};};{tm=1;["RootNode"]={cf=cfr(0,0,0,-1,0,0,0,1,0,0,0,-1);es="Linear";ed="In";};["root"]={cf=cfr(0,2.044,.493,0,0,1,0,1,0,-1,0,0);es="Linear";ed="In";};["000-offset"]={cf=cfr(0,0,0,.164,.987,0,-.987,.164,0,0,0,1);es="Linear";ed="In";};["004-offset.001"]={cf=cfr(0,0,0,-.015,-1,0,1,-.015,0,0,0,1);es="Linear";ed="In";};["006-offset"]={cf=cfr(0,0,0,-.015,-1,0,1,-.015,0,0,0,1);es="Linear";ed="In";};["000-offset.009"]={cf=cfr(0,0,0,-.918,-.37,.141,.354,-.927,-.127,.177,-.067,.982);es="Linear";ed="In";};["000-offset.012"]={cf=cfr(0,0,0,-.884,-.467,.032,.468,-.882,.062,-.001,.07,.998);es="Linear";ed="In";};["000-offset.001"]={cf=cfr(0,0,0,.591,.783,.195,-.801,.543,.251,.091,-.304,.948);es="Linear";ed="In";};["000-offset.010"]={cf=cfr(0,0,0,.481,.877,0,-.877,.481,0,0,0,1);es="Linear";ed="In";};["000-offset.013"]={cf=cfr(0,0,0,.893,.45,0,-.45,.893,0,0,0,1);es="Linear";ed="In";};["004-offset"]={cf=cfr(0,0,0,.035,-.999,0,.999,.035,0,0,0,1);es="Linear";ed="In";};["002-offset"]={cf=cfr(0,0,0,.035,-.999,0,.999,.035,0,0,0,1);es="Linear";ed="In";};["000-offset.002"]={cf=cfr(0,0,0,.972,-.199,-.127,.159,.95,-.27,.174,.242,.954);es="Linear";ed="In";};["000-offset.011"]={cf=cfr(0,0,0,-.341,-.933,.115,.94,-.341,.025,.016,.116,.993);es="Linear";ed="In";};["000-offset.014"]={cf=cfr(0,0,0,.072,-.995,.072,.996,.067,-.067,.061,.076,.995);es="Linear";ed="In";};["000-offset.006"]={cf=cfr(0,0,0,.807,-.376,-.455,.576,.334,.746,-.129,-.864,.486);es="Linear";ed="In";};["000-offset.003"]={cf=cfr(0,0,0,.248,-.968,.044,.674,.14,-.725,.696,.21,.687);es="Linear";ed="In";};["000-offset.007"]={cf=cfr(0,0,0,.942,-.335,0,.335,.942,0,0,0,1);es="Linear";ed="In";};["000-offset.004"]={cf=cfr(0,0,0,.992,-.129,0,.129,.992,0,0,0,1);es="Linear";ed="In";};["000-offset.008"]={cf=cfr(0,0,0,.734,-.418,.535,.081,.836,.543,-.675,-.355,.647);es="Linear";ed="In";};["000-offset.005"]={cf=cfr(0,0,0,.726,-.199,-.658,-.196,.857,-.476,.659,.475,.583);es="Linear";ed="In";};};}