local cfr = CFrame.new

return {{tm=0;["RootNode"]={cf=cfr(0,0,0,-1,0,0,0,1,0,0,0,-1);es="Linear";ed="In";};["root"]={cf=cfr(0,.832,0,0,0,1,0,1,0,-1,0,0);es="Linear";ed="In";};["000-offset"]={cf=cfr(0,0,0,.569,.822,.02,-.818,.563,.118,.086,-.083,.993);es="Linear";ed="In";};["004-offset.001"]={cf=cfr(0,0,0,-.015,-1,0,1,-.015,0,0,0,1);es="Linear";ed="In";};["006-offset"]={cf=cfr(0,0,0,-.015,-1,0,1,-.015,0,0,0,1);es="Linear";ed="In";};["000-offset.009"]={cf=cfr(0,0,0,-.688,.134,.714,-.016,-.985,.17,.726,.106,.68);es="Linear";ed="In";};["000-offset.012"]={cf=cfr(0,0,0,-.515,.208,-.831,.517,-.699,-.495,-.684,-.685,.253);es="Linear";ed="In";};["000-offset.001"]={cf=cfr(0,0,0,.905,.403,-.138,-.404,.915,.028,.138,.031,.99);es="Linear";ed="In";};["000-offset.010"]={cf=cfr(0,0,0,.645,.764,0,-.764,.645,0,0,0,1);es="Linear";ed="In";};["000-offset.013"]={cf=cfr(0,0,0,-.201,.98,0,-.98,-.201,0,0,0,1);es="Linear";ed="In";};["004-offset"]={cf=cfr(0,0,0,.035,-.999,0,.999,.035,0,0,0,1);es="Linear";ed="In";};["002-offset"]={cf=cfr(0,0,0,.035,-.999,0,.999,.035,0,0,0,1);es="Linear";ed="In";};["000-offset.002"]={cf=cfr(0,0,0,.75,-.658,-.068,.656,.753,-.059,.09,0,.996);es="Linear";ed="In";};["000-offset.011"]={cf=cfr(0,0,0,-.099,-.995,-.021,.995,-.099,-.018,.016,-.022,1);es="Linear";ed="In";};["000-offset.014"]={cf=cfr(0,0,0,.27,-.963,.013,.961,.27,.056,-.058,-.003,.998);es="Linear";ed="In";};["000-offset.006"]={cf=cfr(0,0,0,.331,.349,.877,.221,.874,-.432,-.917,.337,.212);es="Linear";ed="In";};["000-offset.003"]={cf=cfr(0,0,0,.413,.481,-.774,.19,.785,.589,.891,-.39,.233);es="Linear";ed="In";};["000-offset.007"]={cf=cfr(0,0,0,.011,-1,0,1,.011,0,0,0,1);es="Linear";ed="In";};["000-offset.004"]={cf=cfr(0,0,0,.001,-1,0,1,.001,0,0,0,1);es="Linear";ed="In";};["000-offset.008"]={cf=cfr(0,0,0,.904,-.374,-.209,.082,-.326,.942,-.42,-.868,-.264);es="Linear";ed="In";};["000-offset.005"]={cf=cfr(0,0,0,.769,-.625,.13,-.029,-.238,-.971,.638,.743,-.201);es="Linear";ed="In";};};{tm=.042;["000-offset"]={cf=cfr(0,0,0,.57,.822,.019,-.818,.565,.107,.077,-.076,.994);es="Linear";ed="In";};["000-offset.009"]={cf=cfr(0,0,0,-.7,.1,.707,.028,-.985,.167,.713,.137,.687);es="Linear";ed="In";};["000-offset.012"]={cf=cfr(0,0,0,-.541,.22,-.812,.464,-.726,-.507,-.701,-.651,.291);es="Linear";ed="In";};["000-offset.001"]={cf=cfr(0,0,0,.908,.405,-.109,-.405,.914,.02,.108,.026,.994);es="Linear";ed="In";};["000-offset.010"]={cf=cfr(0,0,0,.59,.807,0,-.807,.59,0,0,0,1);es="Linear";ed="In";};["000-offset.013"]={cf=cfr(0,0,0,-.094,.996,0,-.996,-.094,0,0,0,1);es="Linear";ed="In";};["000-offset.002"]={cf=cfr(0,0,0,.742,-.658,-.126,.649,.753,-.11,.167,0,.986);es="Linear";ed="In";};["000-offset.011"]={cf=cfr(0,0,0,-.012,-1,-.02,1,-.011,-.018,.017,-.02,1);es="Linear";ed="In";};["000-offset.014"]={cf=cfr(0,0,0,.217,-.976,.013,.974,.218,.056,-.057,0,.998);es="Linear";ed="In";};["000-offset.008"]={cf=cfr(0,0,0,.922,-.327,-.208,.098,-.323,.941,-.375,-.888,-.266);es="Linear";ed="In";};["000-offset.005"]={cf=cfr(0,0,0,.783,-.608,.13,-.024,-.239,-.971,.621,.757,-.202);es="Linear";ed="In";};};{tm=.083;["000-offset"]={cf=cfr(0,0,0,.57,.821,.015,-.819,.568,.081,.057,-.059,.997);es="Linear";ed="In";};["000-offset.009"]={cf=cfr(0,0,0,-.718,.016,.696,.138,-.976,.166,.682,.215,.699);es="Linear";ed="In";};["000-offset.012"]={cf=cfr(0,0,0,-.581,.263,-.77,.336,-.784,-.521,-.741,-.562,.368);es="Linear";ed="In";};["000-offset.001"]={cf=cfr(0,0,0,.913,.407,-.04,-.407,.913,.001,.036,.016,.999);es="Linear";ed="In";};["000-offset.010"]={cf=cfr(0,0,0,.448,.894,0,-.894,.448,0,0,0,1);es="Linear";ed="In";};["000-offset.013"]={cf=cfr(0,0,0,.163,.987,0,-.987,.163,0,0,0,1);es="Linear";ed="In";};["000-offset.002"]={cf=cfr(0,0,0,.747,-.658,-.089,.654,.753,-.077,.117,0,.993);es="Linear";ed="In";};["000-offset.011"]={cf=cfr(0,0,0,.195,-.981,-.019,.981,.196,-.017,.02,-.016,1);es="Linear";ed="In";};["000-offset.014"]={cf=cfr(0,0,0,.09,-.996,.013,.994,.091,.055,-.056,.008,.998);es="Linear";ed="In";};["000-offset.008"]={cf=cfr(0,0,0,.953,-.22,-.208,.133,-.312,.941,-.272,-.924,-.268);es="Linear";ed="In";};["000-offset.005"]={cf=cfr(0,0,0,.815,-.564,.13,-.012,-.241,-.971,.579,.79,-.203);es="Linear";ed="In";};};{tm=.125;["000-offset"]={cf=cfr(0,0,0,.571,.821,.01,-.82,.57,.049,.034,-.036,.999);es="Linear";ed="In";};["000-offset.009"]={cf=cfr(0,0,0,-.714,-.085,.695,.276,-.946,.168,.643,.312,.699);es="Linear";ed="In";};["000-offset.012"]={cf=cfr(0,0,0,-.591,.33,-.736,.185,-.832,-.522,-.785,-.445,.431);es="Linear";ed="In";};["000-offset.001"]={cf=cfr(0,0,0,.912,.408,.044,-.407,.913,-.021,-.049,.002,.999);es="Linear";ed="In";};["000-offset.010"]={cf=cfr(0,0,0,.264,.965,0,-.965,.264,0,0,0,1);es="Linear";ed="In";};["000-offset.013"]={cf=cfr(0,0,0,.454,.891,0,-.891,.454,0,0,0,1);es="Linear";ed="In";};["000-offset.002"]={cf=cfr(0,0,0,.752,-.658,-.041,.657,.753,-.035,.054,0,.999);es="Linear";ed="In";};["000-offset.011"]={cf=cfr(0,0,0,.431,-.902,-.019,.902,.431,-.017,.024,-.01,1);es="Linear";ed="In";};["000-offset.014"]={cf=cfr(0,0,0,-.064,-.998,.013,.997,-.063,.055,-.054,.016,.998);es="Linear";ed="In";};["000-offset.008"]={cf=cfr(0,0,0,.972,-.111,-.208,.168,-.293,.941,-.165,-.95,-.266);es="Linear";ed="In";};["000-offset.005"]={cf=cfr(0,0,0,.85,-.51,.129,.003,-.241,-.971,.526,.826,-.203);es="Linear";ed="In";};};{tm=.167;["000-offset"]={cf=cfr(0,0,0,.571,.821,.003,-.821,.571,.021,.016,-.015,1);es="Linear";ed="In";};["000-offset.009"]={cf=cfr(0,0,0,-.688,-.167,.706,.393,-.904,.17,.61,.395,.688);es="Linear";ed="In";};["000-offset.012"]={cf=cfr(0,0,0,-.569,.393,-.723,.068,-.853,-.517,-.82,-.343,.459);es="Linear";ed="In";};["000-offset.001"]={cf=cfr(0,0,0,.907,.406,.114,-.404,.914,-.038,-.12,-.011,.993);es="Linear";ed="In";};["000-offset.010"]={cf=cfr(0,0,0,.1,.995,0,-.995,.1,0,0,0,1);es="Linear";ed="In";};["000-offset.013"]={cf=cfr(0,0,0,.666,.746,0,-.746,.666,0,0,0,1);es="Linear";ed="In";};["000-offset.002"]={cf=cfr(0,0,0,.752,-.658,.016,.658,.753,.015,-.022,0,1);es="Linear";ed="In";};["000-offset.011"]={cf=cfr(0,0,0,.608,-.794,-.02,.794,.608,-.018,.026,-.005,1);es="Linear";ed="In";};["000-offset.014"]={cf=cfr(0,0,0,-.192,-.981,.013,.98,-.191,.056,-.052,.023,.998);es="Linear";ed="In";};["000-offset.008"]={cf=cfr(0,0,0,.976,-.061,-.209,.184,-.282,.942,-.116,-.957,-.264);es="Linear";ed="In";};["000-offset.005"]={cf=cfr(0,0,0,.877,-.463,.13,.017,-.239,-.971,.48,.854,-.202);es="Linear";ed="In";};};{tm=.208;["000-offset"]={cf=cfr(0,0,0,.571,.821,-.005,-.821,.571,.008,.01,0,1);es="Linear";ed="In";};["000-offset.009"]={cf=cfr(0,0,0,-.672,-.199,.714,.441,-.881,.17,.595,.429,.68);es="Linear";ed="In";};["000-offset.012"]={cf=cfr(0,0,0,-.552,.419,-.721,.023,-.857,-.515,-.833,-.301,.464);es="Linear";ed="In";};["000-offset.001"]={cf=cfr(0,0,0,.903,.405,.145,-.403,.914,-.042,-.149,-.02,.989);es="Linear";ed="In";};["000-offset.010"]={cf=cfr(0,0,0,.031,1,0,-1,.031,0,0,0,1);es="Linear";ed="In";};["000-offset.013"]={cf=cfr(0,0,0,.743,.669,0,-.669,.743,0,0,0,1);es="Linear";ed="In";};["000-offset.002"]={cf=cfr(0,0,0,.748,-.658,.082,.654,.753,.072,-.11,0,.994);es="Linear";ed="In";};["000-offset.011"]={cf=cfr(0,0,0,.675,-.738,-.021,.738,.675,-.018,.028,-.003,1);es="Linear";ed="In";};["000-offset.014"]={cf=cfr(0,0,0,-.244,-.97,.013,.968,-.243,.056,-.051,.026,.998);es="Linear";ed="In";};["000-offset.008"]={cf=cfr(0,0,0,.967,-.149,-.208,.156,-.3,.941,-.202,-.942,-.267);es="Linear";ed="In";};["000-offset.005"]={cf=cfr(0,0,0,.887,-.443,.13,.024,-.238,-.971,.461,.865,-.201);es="Linear";ed="In";};};{tm=.25;["000-offset"]={cf=cfr(0,0,0,.571,.821,-.02,-.82,.571,.02,.028,.005,1);es="Linear";ed="In";};["000-offset.009"]={cf=cfr(0,0,0,-.695,-.152,.703,.372,-.912,.17,.616,.38,.69);es="Linear";ed="In";};["000-offset.012"]={cf=cfr(0,0,0,-.575,.382,-.724,.088,-.851,-.518,-.814,-.361,.455);es="Linear";ed="In";};["000-offset.001"]={cf=cfr(0,0,0,.908,.405,.107,-.405,.914,-.022,-.107,-.023,.994);es="Linear";ed="In";};["000-offset.010"]={cf=cfr(0,0,0,.13,.992,0,-.992,.13,0,0,0,1);es="Linear";ed="In";};["000-offset.013"]={cf=cfr(0,0,0,.631,.776,0,-.776,.631,0,0,0,1);es="Linear";ed="In";};["000-offset.002"]={cf=cfr(0,0,0,.747,-.658,.093,.653,.753,.081,-.124,0,.992);es="Linear";ed="In";};["000-offset.011"]={cf=cfr(0,0,0,.578,-.816,-.02,.816,.578,-.018,.026,-.006,1);es="Linear";ed="In";};["000-offset.014"]={cf=cfr(0,0,0,-.169,-.986,.013,.984,-.168,.055,-.052,.022,.998);es="Linear";ed="In";};["000-offset.008"]={cf=cfr(0,0,0,.929,-.305,-.208,.105,-.322,.941,-.354,-.897,-.267);es="Linear";ed="In";};["000-offset.005"]={cf=cfr(0,0,0,.872,-.471,.13,.015,-.24,-.971,.489,.849,-.202);es="Linear";ed="In";};};{tm=.292;["000-offset"]={cf=cfr(0,0,0,.57,.821,-.041,-.819,.572,.05,.065,.005,.998);es="Linear";ed="In";};["000-offset.009"]={cf=cfr(0,0,0,-.719,-.042,.694,.216,-.962,.167,.66,.27,.701);es="Linear";ed="In";};["000-offset.012"]={cf=cfr(0,0,0,-.592,.3,-.748,.249,-.815,-.523,-.767,-.496,.408);es="Linear";ed="In";};["000-offset.001"]={cf=cfr(0,0,0,.913,.407,.019,-.407,.913,.017,-.011,-.023,1);es="Linear";ed="In";};["000-offset.010"]={cf=cfr(0,0,0,.345,.939,0,-.939,.345,0,0,0,1);es="Linear";ed="In";};["000-offset.013"]={cf=cfr(0,0,0,.333,.943,0,-.943,.333,0,0,0,1);es="Linear";ed="In";};["000-offset.002"]={cf=cfr(0,0,0,.752,-.658,.025,.658,.753,.022,-.033,0,.999);es="Linear";ed="In";};["000-offset.011"]={cf=cfr(0,0,0,.332,-.943,-.019,.943,.332,-.017,.022,-.012,1);es="Linear";ed="In";};["000-offset.014"]={cf=cfr(0,0,0,.002,-1,.013,.999,.003,.054,-.055,.012,.998);es="Linear";ed="In";};["000-offset.008"]={cf=cfr(0,0,0,.904,-.374,-.209,.082,-.326,.942,-.42,-.868,-.264);es="Linear";ed="In";};["000-offset.005"]={cf=cfr(0,0,0,.836,-.533,.129,-.003,-.241,-.971,.549,.811,-.203);es="Linear";ed="In";};};{tm=.333;["000-offset"]={cf=cfr(0,0,0,.568,.821,-.059,-.817,.571,.082,.101,.002,.995);es="Linear";ed="In";};["000-offset.009"]={cf=cfr(0,0,0,-.708,.075,.703,.061,-.984,.166,.704,.161,.692);es="Linear";ed="In";};["000-offset.012"]={cf=cfr(0,0,0,-.557,.231,-.798,.425,-.746,-.513,-.714,-.625,.317);es="Linear";ed="In";};["000-offset.001"]={cf=cfr(0,0,0,.91,.409,-.071,-.406,.912,.055,.088,-.021,.996);es="Linear";ed="In";};["000-offset.010"]={cf=cfr(0,0,0,.548,.836,0,-.836,.548,0,0,0,1);es="Linear";ed="In";};["000-offset.013"]={cf=cfr(0,0,0,-.015,1,0,-1,-.015,0,0,0,1);es="Linear";ed="In";};["000-offset.002"]={cf=cfr(0,0,0,.752,-.658,-.037,.658,.753,-.032,.049,0,.999);es="Linear";ed="In";};["000-offset.011"]={cf=cfr(0,0,0,.053,-.998,-.02,.998,.053,-.017,.018,-.019,1);es="Linear";ed="In";};["000-offset.014"]={cf=cfr(0,0,0,.178,-.984,.013,.982,.179,.055,-.057,.002,.998);es="Linear";ed="In";};["000-offset.005"]={cf=cfr(0,0,0,.794,-.595,.13,-.021,-.24,-.971,.608,.768,-.202);es="Linear";ed="In";};};{tm=.375;["RootNode"]={cf=cfr(0,0,0,-1,0,0,0,1,0,0,0,-1);es="Linear";ed="In";};["root"]={cf=cfr(0,.832,0,0,0,1,0,1,0,-1,0,0);es="Linear";ed="In";};["000-offset"]={cf=cfr(0,0,0,.567,.821,-.068,-.815,.571,.098,.119,0,.993);es="Linear";ed="In";};["004-offset.001"]={cf=cfr(0,0,0,-.015,-1,0,1,-.015,0,0,0,1);es="Linear";ed="In";};["006-offset"]={cf=cfr(0,0,0,-.015,-1,0,1,-.015,0,0,0,1);es="Linear";ed="In";};["000-offset.009"]={cf=cfr(0,0,0,-.688,.133,.713,-.015,-.985,.17,.726,.107,.68);es="Linear";ed="In";};["000-offset.012"]={cf=cfr(0,0,0,-.516,.208,-.831,.516,-.699,-.495,-.684,-.684,.253);es="Linear";ed="In";};["000-offset.001"]={cf=cfr(0,0,0,.904,.41,-.118,-.403,.912,.075,.139,-.02,.99);es="Linear";ed="In";};["000-offset.010"]={cf=cfr(0,0,0,.644,.765,0,-.765,.644,0,0,0,1);es="Linear";ed="In";};["000-offset.013"]={cf=cfr(0,0,0,-.199,.98,0,-.98,-.199,0,0,0,1);es="Linear";ed="In";};["004-offset"]={cf=cfr(0,0,0,.035,-.999,0,.999,.035,0,0,0,1);es="Linear";ed="In";};["002-offset"]={cf=cfr(0,0,0,.035,-.999,0,.999,.035,0,0,0,1);es="Linear";ed="In";};["000-offset.002"]={cf=cfr(0,0,0,.75,-.658,-.067,.656,.753,-.059,.089,0,.996);es="Linear";ed="In";};["000-offset.011"]={cf=cfr(0,0,0,-.097,-.995,-.021,.995,-.097,-.018,.016,-.022,1);es="Linear";ed="In";};["000-offset.014"]={cf=cfr(0,0,0,.269,-.963,.013,.962,.269,.056,-.058,-.003,.998);es="Linear";ed="In";};["000-offset.006"]={cf=cfr(0,0,0,.331,.349,.877,.221,.874,-.432,-.917,.337,.212);es="Linear";ed="In";};["000-offset.003"]={cf=cfr(0,0,0,.413,.481,-.774,.19,.785,.589,.891,-.39,.233);es="Linear";ed="In";};["000-offset.007"]={cf=cfr(0,0,0,.011,-1,0,1,.011,0,0,0,1);es="Linear";ed="In";};["000-offset.004"]={cf=cfr(0,0,0,.001,-1,0,1,.001,0,0,0,1);es="Linear";ed="In";};["000-offset.008"]={cf=cfr(0,0,0,.904,-.374,-.209,.082,-.326,.942,-.42,-.868,-.264);es="Linear";ed="In";};["000-offset.005"]={cf=cfr(0,0,0,.77,-.625,.13,-.029,-.238,-.971,.638,.743,-.201);es="Linear";ed="In";};};}