local cfr = CFrame.new

return {{tm=0;["LeftUpperArm"]={cf=cfr(0,0,0,1,0,0,0,.5,-.866,0,.866,.5);es="Quad";ed="Out";};["Head"]={cf=cfr(0,0,0,.773,-.326,.545,.048,.886,.462,-.633,-.331,.7);es="Sine";ed="In";};["RightUpperArm"]={cf=cfr(0,0,0,.357,-.47,-.807,.908,-.027,.417,-.218,-.882,.417);es="Sine";ed="In";};["LeftUpperLeg"]={cf=cfr(0,0,0,.812,.384,.439,-.147,.863,-.483,-.565,.328,.758);es="Quad";ed="Out";};["RightUpperLeg"]={cf=cfr(0,0,0,.969,-.098,.227,.12,.989,-.086,-.216,.111,.97);es="Sine";ed="In";};["UpperTorso"]={cf=cfr(0,0,-.015,.841,.222,-.493,-.313,.944,-.109,.441,.246,.863);es="Sine";ed="In";};["LeftLowerArm"]={cf=cfr(0,0,0,1,0,0,0,.766,-.643,0,.643,.766);es="Quad";ed="Out";};["LeftFoot"]={cf=cfr(0,0,0,1,0,0,0,1,0,0,0,1);es="Quad";ed="Out";};["LeftLowerLeg"]={cf=cfr(0,0,0,1,0,0,0,.766,.643,0,-.643,.766);es="Quad";ed="Out";};["RightLowerArm"]={cf=cfr(0,0,0,1,0,0,0,0,-1,0,1,0);es="Linear";ed="In";};["LowerTorso"]={cf=cfr(0,-.15,.709,.878,-.06,-.476,0,.992,-.125,.479,.11,.871);es="Sine";ed="In";};["RightFoot"]={cf=cfr(0,0,0,1,0,0,0,1,0,0,0,1);es="Quad";ed="Out";};["RightLowerLeg"]={cf=cfr(0,0,0,1,0,0,0,.94,.342,0,-.342,.94);es="Sine";ed="In";};["LeftHand"]={cf=cfr(0,0,0,1,0,0,0,1,0,0,0,1);es="Quad";ed="Out";};["RightHand"]={cf=cfr(0,0,0,1,0,0,0,1,0,0,0,1);es="Quad";ed="Out";};};{tm=.017;["RightUpperArm"]={cf=cfr(.029,-.037,-.024,.318,-.492,-.81,.922,-.04,.386,-.223,-.869,.441);es="Linear";ed="In";};["Head"]={cf=cfr(-.002,-.003,.008,.8,-.304,.518,.057,.897,.439,-.598,-.322,.734);es="Linear";ed="In";};["LeftUpperArm"]={cf=cfr(.117,.028,-.091,.949,.258,-.181,-.311,.667,-.677,-.054,.699,.714);es="Linear";ed="In";};["UpperTorso"]={cf=cfr(-.002,-.007,-.016,.841,.203,-.502,-.311,.94,-.141,.444,.274,.853);es="Linear";ed="In";};["RightUpperLeg"]={cf=cfr(-.001,.007,0,.97,-.092,.225,.122,.985,-.122,-.21,.146,.967);es="Linear";ed="In";};["LeftUpperLeg"]={cf=cfr(.015,.005,.026,.911,.295,.288,-.114,.852,-.511,-.396,.433,.81);es="Linear";ed="In";};["LeftLowerArm"]={cf=cfr(0,.001,0,1,0,0,0,.787,-.617,0,.617,.787);es="Linear";ed="In";};["LeftFoot"]={cf=cfr(0,0,0,1,0,0,0,1,0,0,0,1);es="Linear";ed="In";};["LeftLowerLeg"]={cf=cfr(0,.001,-.001,1,0,0,0,.787,.617,0,-.617,.787);es="Linear";ed="In";};["LowerTorso"]={cf=cfr(-.002,-.158,.689,.895,-.055,-.443,.005,.993,-.114,.447,.1,.889);es="Linear";ed="In";};["RightFoot"]={cf=cfr(0,0,0,1,0,0,0,1,0,0,0,1);es="Linear";ed="In";};["RightLowerLeg"]={cf=cfr(0,.006,-.004,1,0,0,0,.92,.391,0,-.391,.92);es="Linear";ed="In";};["LeftHand"]={cf=cfr(0,0,0,1,0,0,0,1,0,0,0,1);es="Linear";ed="In";};["RightHand"]={cf=cfr(0,0,0,1,0,0,0,1,0,0,0,1);es="Linear";ed="In";};};{tm=.033;["RightUpperArm"]={cf=cfr(.116,-.139,-.093,.203,-.551,-.809,.952,-.082,.295,-.229,-.83,.508);es="Linear";ed="In";};["Head"]={cf=cfr(-.006,-.009,.025,.868,-.246,.432,.077,.925,.372,-.491,-.289,.822);es="Linear";ed="In";};["LeftUpperArm"]={cf=cfr(.176,.015,-.145,.823,.501,-.266,-.567,.704,-.428,-.027,.503,.864);es="Linear";ed="In";};["UpperTorso"]={cf=cfr(-.008,-.022,-.018,.839,.147,-.525,-.306,.924,-.231,.451,.354,.82);es="Linear";ed="In";};["RightUpperLeg"]={cf=cfr(-.003,.024,-.001,.973,-.077,.216,.126,.966,-.225,-.191,.246,.95);es="Linear";ed="In";};["LeftUpperLeg"]={cf=cfr(.02,.007,.04,.969,.198,.146,-.09,.837,-.539,-.229,.509,.829);es="Linear";ed="In";};["LeftLowerArm"]={cf=cfr(0,.001,.001,1,0,0,0,.805,-.593,0,.593,.805);es="Linear";ed="In";};["LeftFoot"]={cf=cfr(0,0,0,1,0,0,0,1,0,0,0,1);es="Linear";ed="In";};["LeftLowerLeg"]={cf=cfr(0,.001,-.001,1,0,0,0,.805,.593,0,-.593,.805);es="Linear";ed="In";};["LowerTorso"]={cf=cfr(-.005,-.181,.629,.937,-.044,-.348,.017,.997,-.08,.35,.07,.934);es="Linear";ed="In";};["RightFoot"]={cf=cfr(0,0,0,1,0,0,0,1,0,0,0,1);es="Linear";ed="In";};["RightLowerLeg"]={cf=cfr(0,.018,-.014,1,0,0,0,.851,.526,0,-.526,.851);es="Linear";ed="In";};["LeftHand"]={cf=cfr(0,0,0,1,0,0,0,1,0,0,0,1);es="Linear";ed="In";};["RightHand"]={cf=cfr(0,0,0,1,0,0,0,1,0,0,0,1);es="Linear";ed="In";};};{tm=.05;["RightUpperArm"]={cf=cfr(.255,-.283,-.206,.028,-.625,-.78,.975,-.156,.16,-.222,-.765,.605);es="Linear";ed="In";};["Head"]={cf=cfr(-.005,-.011,.036,.945,-.166,.283,.089,.96,.265,-.315,-.225,.922);es="Linear";ed="In";};["LeftUpperArm"]={cf=cfr(.187,-.012,-.163,.664,.698,-.27,-.746,.643,-.174,.052,.317,.947);es="Linear";ed="In";};["UpperTorso"]={cf=cfr(-.013,-.029,-.014,.835,.059,-.547,-.299,.883,-.361,.462,.465,.755);es="Linear";ed="In";};["RightUpperLeg"]={cf=cfr(-.007,.04,-.005,.978,-.056,.2,.129,.919,-.374,-.163,.391,.906);es="Linear";ed="In";};["LeftUpperLeg"]={cf=cfr(.019,.007,.045,.994,.103,.021,-.073,.821,-.566,-.076,.561,.824);es="Linear";ed="In";};["LeftLowerArm"]={cf=cfr(0,.001,.001,1,0,0,0,.82,-.572,0,.572,.82);es="Linear";ed="In";};["LeftFoot"]={cf=cfr(0,0,0,1,0,0,0,1,0,0,0,1);es="Linear";ed="In";};["LeftLowerLeg"]={cf=cfr(0,.001,-.001,1,0,0,0,.82,.572,0,-.572,.82);es="Linear";ed="In";};["LowerTorso"]={cf=cfr(-.01,-.215,.541,.98,-.033,-.198,.028,.999,-.029,.198,.023,.98);es="Linear";ed="In";};["RightFoot"]={cf=cfr(0,0,0,1,0,0,0,1,0,0,0,1);es="Linear";ed="In";};["RightLowerLeg"]={cf=cfr(0,.019,-.017,1,0,0,0,.711,.703,0,-.703,.711);es="Linear";ed="In";};["LeftHand"]={cf=cfr(0,0,0,1,0,0,0,1,0,0,0,1);es="Linear";ed="In";};["RightHand"]={cf=cfr(0,0,0,1,0,0,0,1,0,0,0,1);es="Linear";ed="In";};};{tm=.067;["LeftLowerArm"]={cf=cfr(0,.001,.001,1,0,0,0,.833,-.553,0,.553,.833);es="Linear";ed="In";};["LeftFoot"]={cf=cfr(0,0,0,1,0,0,0,1,0,0,0,1);es="Linear";ed="In";};["LeftLowerLeg"]={cf=cfr(0,.001,-.001,1,0,0,0,.833,.553,0,-.553,.833);es="Linear";ed="In";};["RightFoot"]={cf=cfr(0,0,0,1,0,0,0,1,0,0,0,1);es="Linear";ed="In";};["LeftHand"]={cf=cfr(0,0,0,1,0,0,0,1,0,0,0,1);es="Linear";ed="In";};["RightHand"]={cf=cfr(0,0,0,1,0,0,0,1,0,0,0,1);es="Linear";ed="In";};["LeftUpperArm"]={cf=cfr(.167,-.032,-.152,.502,.837,-.219,-.851,.523,.051,.157,.161,.974);es="Linear";ed="In";};["Head"]={cf=cfr(.011,-.002,.029,.993,-.087,.084,.075,.988,.135,-.094,-.128,.987);es="Quad";ed="Out";};["RightUpperArm"]={cf=cfr(.431,-.436,-.353,-.178,-.686,-.706,.966,-.258,.007,-.187,-.681,.708);es="Quad";ed="Out";};["LeftUpperLeg"]={cf=cfr(.015,.006,.042,.996,.015,-.086,-.063,.805,-.59,.06,.593,.803);es="Linear";ed="In";};["RightUpperLeg"]={cf=cfr(-.013,.044,-.015,.984,-.035,.177,.127,.834,-.537,-.129,.551,.825);es="Quad";ed="Out";};["UpperTorso"]={cf=cfr(-.017,-.013,.005,.829,-.047,-.557,-.294,.811,-.505,.475,.583,.659);es="Quad";ed="Out";};["RightLowerLeg"]={cf=cfr(0,0,0,1,0,0,0,.5,.866,0,-.866,.5);es="Quad";ed="Out";};["LowerTorso"]={cf=cfr(-.012,-.253,.437,.999,-.029,-.014,.03,.999,.034,.013,-.034,.999);es="Quad";ed="Out";};["RightLowerArm"]={cf=cfr(0,0,0,1,0,0,0,.174,-.985,0,.985,.174);es="Quad";ed="Out";};};{tm=.083;["LeftLowerArm"]={cf=cfr(0,.001,0,1,0,0,0,.843,-.537,0,.537,.843);es="Linear";ed="In";};["LeftFoot"]={cf=cfr(0,0,0,1,0,0,0,1,0,0,0,1);es="Linear";ed="In";};["LeftLowerLeg"]={cf=cfr(0,.001,-.001,1,0,0,0,.843,.537,0,-.537,.843);es="Linear";ed="In";};["RightFoot"]={cf=cfr(0,0,0,1,0,0,0,1,0,0,0,1);es="Linear";ed="In";};["LeftUpperArm"]={cf=cfr(.131,-.041,-.124,.358,.923,-.14,-.895,.382,.23,.266,.043,.963);es="Linear";ed="In";};["RightUpperArm"]={cf=cfr(.281,-.604,-.358,-.159,-.897,-.412,.984,-.176,.005,-.077,-.404,.911);es="Linear";ed="In";};["Head"]={cf=cfr(.011,-.002,.036,.978,-.037,-.205,.068,.988,.142,.198,-.152,.968);es="Linear";ed="In";};["LeftUpperLeg"]={cf=cfr(.011,.005,.035,.983,-.062,-.173,-.057,.79,-.61,.174,.61,.773);es="Linear";ed="In";};["UpperTorso"]={cf=cfr(-.072,-.043,-.018,.952,.031,-.305,-.157,.904,-.398,.263,.427,.865);es="Linear";ed="In";};["RightUpperLeg"]={cf=cfr(-.045,.138,-.037,.995,.079,-.067,-.089,.983,-.162,.053,.167,.985);es="Linear";ed="In";};["LeftHand"]={cf=cfr(0,0,0,1,0,0,0,1,0,0,0,1);es="Linear";ed="In";};["RightHand"]={cf=cfr(0,0,0,1,0,0,0,1,0,0,0,1);es="Linear";ed="In";};["RightLowerLeg"]={cf=cfr(0,0,0,1,0,0,0,.5,.866,0,-.866,.5);es="Linear";ed="In";};["LowerTorso"]={cf=cfr(-.012,-.201,.207,.978,-.039,.206,.017,.994,.107,-.209,-.101,.973);es="Linear";ed="In";};["RightLowerArm"]={cf=cfr(0,.031,.036,1,0,0,0,.521,-.854,0,.854,.521);es="Linear";ed="In";};};{tm=.1;["LeftLowerArm"]={cf=cfr(0,.001,0,1,0,0,0,.852,-.524,0,.524,.852);es="Linear";ed="In";};["LeftFoot"]={cf=cfr(0,0,0,1,0,0,0,1,0,0,0,1);es="Linear";ed="In";};["LeftLowerLeg"]={cf=cfr(0,.001,-.001,1,0,0,0,.852,.524,0,-.524,.852);es="Linear";ed="In";};["RightFoot"]={cf=cfr(0,0,0,1,0,0,0,1,0,0,0,1);es="Linear";ed="In";};["LeftUpperArm"]={cf=cfr(.09,-.038,-.088,.241,.969,-.053,-.9,.244,.362,.364,-.04,.931);es="Linear";ed="In";};["RightUpperArm"]={cf=cfr(.181,-.739,-.334,-.114,-.985,-.131,.993,-.113,-.019,.004,-.132,.991);es="Linear";ed="In";};["Head"]={cf=cfr(.007,-.001,.032,.903,.007,-.43,.063,.987,.149,.425,-.161,.891);es="Linear";ed="In";};["LeftUpperLeg"]={cf=cfr(.007,.003,.025,.962,-.126,-.241,-.055,.777,-.627,.266,.616,.741);es="Linear";ed="In";};["UpperTorso"]={cf=cfr(-.079,-.047,-.015,.996,.054,-.072,-.071,.959,-.273,.054,.277,.959);es="Linear";ed="In";};["RightUpperLeg"]={cf=cfr(-.039,.143,-.054,.947,.237,-.215,-.195,.961,.198,.254,-.145,.956);es="Linear";ed="In";};["LeftHand"]={cf=cfr(0,0,0,1,0,0,0,1,0,0,0,1);es="Linear";ed="In";};["RightHand"]={cf=cfr(0,0,0,1,0,0,0,1,0,0,0,1);es="Linear";ed="In";};["RightLowerLeg"]={cf=cfr(0,0,0,1,0,0,0,.5,.866,0,-.866,.5);es="Linear";ed="In";};["LowerTorso"]={cf=cfr(-.01,-.156,.019,.924,-.058,.378,-.005,.986,.164,-.382,-.153,.911);es="Linear";ed="In";};["RightLowerArm"]={cf=cfr(0,.04,.038,1,0,0,0,.753,-.658,0,.658,.753);es="Linear";ed="In";};};{tm=.117;["LeftLowerArm"]={cf=cfr(0,0,0,1,0,0,0,.858,-.514,0,.514,.858);es="Linear";ed="In";};["LeftFoot"]={cf=cfr(0,0,0,1,0,0,0,1,0,0,0,1);es="Linear";ed="In";};["LeftLowerLeg"]={cf=cfr(0,0,0,1,0,0,0,.858,.514,0,-.514,.858);es="Linear";ed="In";};["RightFoot"]={cf=cfr(0,0,0,1,0,0,0,1,0,0,0,1);es="Linear";ed="In";};["LeftUpperArm"]={cf=cfr(.053,-.027,-.053,.155,.988,.025,-.883,.127,.452,.443,-.092,.892);es="Linear";ed="In";};["RightUpperArm"]={cf=cfr(.12,-.845,-.303,-.064,-.993,.095,.996,-.069,-.049,.055,.092,.994);es="Linear";ed="In";};["Head"]={cf=cfr(.004,-.001,.022,.808,.043,-.587,.061,.986,.155,.586,-.161,.794);es="Linear";ed="In";};["LeftUpperLeg"]={cf=cfr(.004,.002,.015,.94,-.176,-.291,-.055,.767,-.64,.336,.617,.711);es="Linear";ed="In";};["UpperTorso"]={cf=cfr(-.058,-.036,-.007,.992,.045,.114,-.026,.987,-.159,-.12,.155,.981);es="Linear";ed="In";};["RightUpperLeg"]={cf=cfr(-.023,.101,-.049,.88,.382,-.281,-.221,.855,.47,.42,-.352,.837);es="Linear";ed="In";};["LeftHand"]={cf=cfr(0,0,0,1,0,0,0,1,0,0,0,1);es="Linear";ed="In";};["RightHand"]={cf=cfr(0,0,0,1,0,0,0,1,0,0,0,1);es="Linear";ed="In";};["RightLowerLeg"]={cf=cfr(0,0,0,1,0,0,0,.5,.866,0,-.866,.5);es="Linear";ed="In";};["LowerTorso"]={cf=cfr(-.006,-.122,-.128,.861,-.079,.502,-.029,.978,.204,-.508,-.191,.84);es="Linear";ed="In";};["RightLowerArm"]={cf=cfr(0,.033,.026,1,0,0,0,.887,-.462,0,.462,.887);es="Linear";ed="In";};};{tm=.133;["LeftLowerArm"]={cf=cfr(0,0,0,1,0,0,0,.863,-.506,0,.506,.863);es="Linear";ed="In";};["LeftFoot"]={cf=cfr(0,0,0,1,0,0,0,1,0,0,0,1);es="Linear";ed="In";};["LeftLowerLeg"]={cf=cfr(0,0,0,1,0,0,0,.863,.506,0,-.506,.863);es="Linear";ed="In";};["RightFoot"]={cf=cfr(0,0,0,1,0,0,0,1,0,0,0,1);es="Linear";ed="In";};["LeftUpperArm"]={cf=cfr(.024,-.014,-.025,.096,.992,.086,-.861,.039,.507,.5,-.123,.857);es="Linear";ed="In";};["RightUpperArm"]={cf=cfr(.088,-.921,-.277,-.022,-.967,.253,.996,-.042,-.077,.085,.251,.964);es="Linear";ed="In";};["Head"]={cf=cfr(.001,0,.011,.723,.067,-.688,.06,.985,.159,.688,-.156,.708);es="Linear";ed="In";};["LeftUpperLeg"]={cf=cfr(.002,.001,.007,.921,-.212,-.326,-.055,.759,-.649,.385,.615,.688);es="Linear";ed="In";};["UpperTorso"]={cf=cfr(-.03,-.019,-.002,.97,.024,.243,-.007,.997,-.072,-.244,.068,.967);es="Linear";ed="In";};["RightUpperLeg"]={cf=cfr(-.009,.051,-.028,.82,.489,-.297,-.206,.738,.643,.533,-.466,.706);es="Linear";ed="In";};["LeftHand"]={cf=cfr(0,0,0,1,0,0,0,1,0,0,0,1);es="Linear";ed="In";};["RightHand"]={cf=cfr(0,0,0,1,0,0,0,1,0,0,0,1);es="Linear";ed="In";};["RightLowerLeg"]={cf=cfr(0,0,0,1,0,0,0,.5,.866,0,-.866,.5);es="Linear";ed="In";};["LowerTorso"]={cf=cfr(-.003,-.097,-.234,.806,-.097,.584,-.05,.972,.23,-.59,-.215,.778);es="Linear";ed="In";};["RightLowerArm"]={cf=cfr(0,.018,.013,1,0,0,0,.952,-.305,0,.305,.952);es="Linear";ed="In";};};{tm=.15;["LeftLowerArm"]={cf=cfr(0,0,0,1,0,0,0,.865,-.502,0,.502,.865);es="Linear";ed="In";};["LeftFoot"]={cf=cfr(0,0,0,1,0,0,0,1,0,0,0,1);es="Linear";ed="In";};["LeftLowerLeg"]={cf=cfr(0,0,0,1,0,0,0,.865,.502,0,-.502,.865);es="Linear";ed="In";};["RightFoot"]={cf=cfr(0,0,0,1,0,0,0,1,0,0,0,1);es="Linear";ed="In";};["LeftUpperArm"]={cf=cfr(.006,-.004,-.006,.063,.99,.125,-.843,-.014,.537,.534,-.139,.834);es="Linear";ed="In";};["RightUpperArm"]={cf=cfr(.074,-.967,-.26,.006,-.939,.345,.995,-.029,-.095,.099,.344,.934);es="Linear";ed="In";};["Head"]={cf=cfr(0,0,.003,.666,.082,-.742,.059,.985,.162,.744,-.152,.651);es="Linear";ed="In";};["LeftUpperLeg"]={cf=cfr(0,0,.002,.909,-.233,-.346,-.056,.755,-.654,.414,.613,.673);es="Linear";ed="In";};["UpperTorso"]={cf=cfr(-.008,-.005,0,.948,.007,.318,-.001,1,-.018,-.318,.017,.948);es="Linear";ed="In";};["RightUpperLeg"]={cf=cfr(-.002,.013,-.008,.781,.551,-.294,-.185,.653,.734,.597,-.519,.612);es="Linear";ed="In";};["LeftHand"]={cf=cfr(0,0,0,1,0,0,0,1,0,0,0,1);es="Linear";ed="In";};["RightHand"]={cf=cfr(0,0,0,1,0,0,0,1,0,0,0,1);es="Linear";ed="In";};["RightLowerLeg"]={cf=cfr(0,0,0,1,0,0,0,.5,.866,0,-.866,.5);es="Linear";ed="In";};["LowerTorso"]={cf=cfr(-.001,-.081,-.298,.769,-.109,.63,-.064,.967,.245,-.637,-.228,.737);es="Linear";ed="In";};["RightLowerArm"]={cf=cfr(0,.005,.003,1,0,0,0,.978,-.207,0,.207,.978);es="Linear";ed="In";};};{tm=.167;["LeftUpperArm"]={cf=cfr(0,0,0,.052,.989,.138,-.837,-.032,.547,.545,-.143,.826);es="Linear";ed="In";};["Head"]={cf=cfr(0,0,0,.645,.087,-.759,.059,.985,.163,.762,-.15,.63);es="Linear";ed="In";};["RightUpperArm"]={cf=cfr(.07,-.982,-.254,.015,-.927,.374,.995,-.025,-.101,.103,.374,.922);es="Linear";ed="In";};["LeftUpperLeg"]={cf=cfr(0,0,0,.904,-.24,-.353,-.056,.753,-.656,.423,.613,.668);es="Linear";ed="In";};["RightUpperLeg"]={cf=cfr(0,0,0,.767,.572,-.291,-.176,.623,.762,.617,-.533,.579);es="Linear";ed="In";};["UpperTorso"]={cf=cfr(0,0,0,.94,0,.342,0,1,0,-.342,0,.94);es="Linear";ed="In";};["LeftLowerArm"]={cf=cfr(0,0,0,1,0,0,0,.866,-.5,0,.5,.866);es="Linear";ed="In";};["LeftFoot"]={cf=cfr(0,0,0,1,0,0,0,1,0,0,0,1);es="Linear";ed="In";};["LeftLowerLeg"]={cf=cfr(0,0,0,1,0,0,0,.866,.5,0,-.5,.866);es="Linear";ed="In";};["RightLowerArm"]={cf=cfr(0,0,0,1,0,0,0,.985,-.174,0,.174,.985);es="Linear";ed="In";};["LowerTorso"]={cf=cfr(0,-.076,-.319,.756,-.113,.645,-.068,.966,.25,-.652,-.233,.722);es="Linear";ed="In";};["RightFoot"]={cf=cfr(0,0,0,1,0,0,0,1,0,0,0,1);es="Linear";ed="In";};["RightLowerLeg"]={cf=cfr(0,0,0,1,0,0,0,.5,.866,0,-.866,.5);es="Linear";ed="In";};["LeftHand"]={cf=cfr(0,0,0,1,0,0,0,1,0,0,0,1);es="Linear";ed="In";};["RightHand"]={cf=cfr(0,0,0,1,0,0,0,1,0,0,0,1);es="Linear";ed="In";};};}