local cfr = CFrame.new

return {{tm=0;["LeftUpperArm"]={cf=cfr(0,0,0,.052,.989,.138,-.837,-.032,.547,.545,-.143,.826);es="Linear";ed="In";};["Head"]={cf=cfr(0,0,0,.645,.087,-.759,.059,.985,.163,.762,-.15,.63);es="Linear";ed="In";};["RightUpperArm"]={cf=cfr(.07,-.982,-.254,-.273,-.893,.357,.95,-.192,.245,-.15,.406,.901);es="Linear";ed="In";};["LeftUpperLeg"]={cf=cfr(0,0,0,.904,-.24,-.353,-.056,.753,-.656,.423,.613,.668);es="Linear";ed="In";};["RightUpperLeg"]={cf=cfr(0,0,0,.767,.572,-.291,-.176,.623,.762,.617,-.533,.579);es="Linear";ed="In";};["UpperTorso"]={cf=cfr(0,0,0,.94,0,.342,0,1,0,-.342,0,.94);es="Linear";ed="In";};["LeftLowerArm"]={cf=cfr(0,0,0,1,0,0,0,.866,-.5,0,.5,.866);es="Linear";ed="In";};["LeftFoot"]={cf=cfr(0,0,0,1,0,0,0,1,0,0,0,1);es="Linear";ed="In";};["LeftLowerLeg"]={cf=cfr(0,0,0,1,0,0,0,.866,.5,0,-.5,.866);es="Linear";ed="In";};["RightLowerArm"]={cf=cfr(0,0,0,1,0,0,0,.985,-.174,0,.174,.985);es="Linear";ed="In";};["LowerTorso"]={cf=cfr(0,-.076,-.319,.756,-.113,.645,-.068,.966,.25,-.652,-.233,.722);es="Linear";ed="In";};["RightFoot"]={cf=cfr(0,0,0,1,0,0,0,1,0,0,0,1);es="Linear";ed="In";};["RightLowerLeg"]={cf=cfr(0,0,0,1,0,0,0,.5,.866,0,-.866,.5);es="Linear";ed="In";};["LeftHand"]={cf=cfr(0,0,0,1,0,0,0,1,0,0,0,1);es="Linear";ed="In";};["RightHand"]={cf=cfr(0,0,0,1,0,0,0,1,0,0,0,1);es="Linear";ed="In";};};{tm=.133;["Head"]={cf=cfr(.01,-.002,.007,.676,-.096,-.731,.084,.995,-.054,.732,-.025,.68);es="Quad";ed="InOut";};["LeftUpperArm"]={cf=cfr(0,0,0,.052,.95,.307,-.837,-.127,.533,.545,-.285,.789);es="Quad";ed="InOut";};["RightUpperArm"]={cf=cfr(.236,-.812,-.326,-.76,-.299,.577,.645,-.459,.611,.082,.837,.542);es="Linear";ed="In";};["LeftUpperLeg"]={cf=cfr(.073,-.073,-.098,.855,-.518,-.005,.101,.176,-.979,.508,.837,.203);es="Quad";ed="InOut";};["RightUpperLeg"]={cf=cfr(0,0,0,.759,-.078,-.646,-.18,.929,-.323,.625,.362,.692);es="Quad";ed="InOut";};["UpperTorso"]={cf=cfr(0,0,0,.892,.216,.397,-.299,.94,.161,-.339,-.263,.903);es="Quad";ed="InOut";};["LeftLowerArm"]={cf=cfr(0,0,0,1,0,0,0,.342,-.94,0,.94,.342);es="Quad";ed="InOut";};["LeftLowerLeg"]={cf=cfr(0,0,0,1,0,0,0,.766,.643,0,-.643,.766);es="Quad";ed="InOut";};["RightLowerLeg"]={cf=cfr(0,0,0,1,0,0,0,.342,.94,0,-.94,.342);es="Quad";ed="InOut";};["LowerTorso"]={cf=cfr(0,-.552,-.062,.756,-.113,.645,-.18,.911,.371,-.63,-.397,.668);es="Quad";ed="InOut";};["RightLowerArm"]={cf=cfr(0,0,0,1,0,0,0,.643,-.766,0,.766,.643);es="Quad";ed="InOut";};};{tm=.15;["UpperTorso"]={cf=cfr(0,0,0,.894,.214,.394,-.297,.941,.162,-.336,-.262,.905);es="Linear";ed="In";};["RightUpperLeg"]={cf=cfr(-.001,.001,0,.759,-.082,-.646,-.178,.928,-.327,.626,.363,.69);es="Linear";ed="In";};["LeftUpperLeg"]={cf=cfr(.074,-.072,-.093,.861,-.508,-.002,.104,.181,-.978,.497,.842,.209);es="Linear";ed="In";};["LeftLowerArm"]={cf=cfr(0,0,0,1,0,0,0,.346,-.938,0,.938,.346);es="Linear";ed="In";};["LeftLowerLeg"]={cf=cfr(0,0,0,1,0,0,0,.766,.643,0,-.643,.766);es="Linear";ed="In";};["LeftUpperArm"]={cf=cfr(.004,-.004,-.002,.062,.951,.301,-.839,-.114,.532,.541,-.286,.791);es="Linear";ed="In";};["Head"]={cf=cfr(.01,-.002,.007,.681,-.096,-.726,.083,.995,-.053,.727,-.024,.686);es="Linear";ed="In";};["RightLowerLeg"]={cf=cfr(0,0,0,1,0,0,0,.346,.938,0,-.938,.346);es="Linear";ed="In";};["LowerTorso"]={cf=cfr(0,-.551,-.063,.76,-.111,.641,-.178,.912,.369,-.626,-.394,.673);es="Linear";ed="In";};["RightLowerArm"]={cf=cfr(0,0,0,1,0,0,0,.642,-.767,0,.767,.642);es="Linear";ed="In";};};{tm=.167;["UpperTorso"]={cf=cfr(-.001,-.001,-.001,.899,.209,.384,-.289,.943,.164,-.328,-.258,.909);es="Linear";ed="In";};["RightUpperLeg"]={cf=cfr(-.004,.002,.001,.757,-.095,-.646,-.172,.925,-.338,.63,.367,.684);es="Linear";ed="In";};["LeftUpperLeg"]={cf=cfr(.075,-.07,-.078,.878,-.478,.006,.113,.196,-.974,.465,.856,.226);es="Linear";ed="In";};["LeftLowerArm"]={cf=cfr(0,0,.001,1,0,0,0,.357,-.934,0,.934,.357);es="Linear";ed="In";};["LeftLowerLeg"]={cf=cfr(0,0,0,1,0,0,0,.766,.643,0,-.643,.766);es="Linear";ed="In";};["LeftUpperArm"]={cf=cfr(.017,-.015,-.006,.091,.954,.284,-.844,-.078,.531,.529,-.288,.798);es="Linear";ed="In";};["Head"]={cf=cfr(.011,-.002,.006,.697,-.094,-.711,.082,.995,-.051,.712,-.023,.701);es="Linear";ed="In";};["RightLowerLeg"]={cf=cfr(0,.001,-.002,1,0,0,0,.359,.933,0,-.933,.359);es="Linear";ed="In";};["LowerTorso"]={cf=cfr(-.001,-.547,-.068,.772,-.105,.627,-.17,.917,.362,-.613,-.386,.69);es="Linear";ed="In";};["RightLowerArm"]={cf=cfr(0,0,0,1,0,0,0,.64,-.768,0,.768,.64);es="Linear";ed="In";};};{tm=.183;["UpperTorso"]={cf=cfr(-.002,-.002,-.003,.908,.2,.367,-.276,.947,.167,-.314,-.253,.915);es="Linear";ed="In";};["RightUpperLeg"]={cf=cfr(-.009,.004,.003,.754,-.117,-.646,-.163,.92,-.357,.636,.374,.675);es="Linear";ed="In";};["LeftUpperLeg"]={cf=cfr(.079,-.065,-.055,.904,-.427,.02,.126,.222,-.967,.408,.877,.254);es="Linear";ed="In";};["LeftLowerArm"]={cf=cfr(0,.001,.002,1,0,0,0,.375,-.927,0,.927,.375);es="Linear";ed="In";};["LeftLowerLeg"]={cf=cfr(0,0,0,1,0,0,0,.766,.643,0,-.643,.766);es="Linear";ed="In";};["LeftUpperArm"]={cf=cfr(.038,-.031,-.013,.141,.956,.256,-.85,-.016,.527,.508,-.292,.811);es="Linear";ed="In";};["Head"]={cf=cfr(.011,-.002,.004,.723,-.09,-.685,.079,.996,-.047,.686,-.02,.727);es="Linear";ed="In";};["RightLowerLeg"]={cf=cfr(0,.002,-.004,1,0,0,0,.381,.925,0,-.925,.381);es="Linear";ed="In";};["LowerTorso"]={cf=cfr(-.002,-.539,-.075,.791,-.094,.604,-.157,.924,.349,-.591,-.371,.716);es="Linear";ed="In";};["RightLowerArm"]={cf=cfr(0,0,0,1,0,0,0,.637,-.771,0,.771,.637);es="Linear";ed="In";};};{tm=.2;["UpperTorso"]={cf=cfr(-.003,-.004,-.004,.92,.188,.343,-.258,.951,.171,-.294,-.246,.924);es="Linear";ed="In";};["RightUpperLeg"]={cf=cfr(-.016,.007,.004,.75,-.147,-.645,-.15,.912,-.383,.644,.384,.661);es="Linear";ed="In";};["LeftUpperLeg"]={cf=cfr(.084,-.059,-.026,.934,-.353,.043,.142,.258,-.956,.327,.899,.292);es="Linear";ed="In";};["LeftLowerArm"]={cf=cfr(0,.002,.003,1,0,0,0,.4,-.917,0,.917,.4);es="Linear";ed="In";};["LeftLowerLeg"]={cf=cfr(0,0,0,1,0,0,0,.766,.643,0,-.643,.766);es="Linear";ed="In";};["LeftUpperArm"]={cf=cfr(.064,-.05,-.022,.211,.953,.217,-.853,.071,.518,.478,-.294,.827);es="Linear";ed="In";};["Head"]={cf=cfr(.011,-.002,.002,.758,-.084,-.647,.075,.996,-.042,.648,-.017,.761);es="Linear";ed="In";};["RightLowerLeg"]={cf=cfr(0,.004,-.006,1,0,0,0,.411,.912,0,-.912,.411);es="Linear";ed="In";};["LowerTorso"]={cf=cfr(-.004,-.529,-.084,.817,-.08,.571,-.14,.933,.331,-.559,-.35,.752);es="Linear";ed="In";};["RightLowerArm"]={cf=cfr(0,0,0,1,0,0,0,.633,-.774,0,.774,.633);es="Linear";ed="In";};};{tm=.217;["UpperTorso"]={cf=cfr(-.004,-.006,-.006,.934,.172,.313,-.235,.956,.175,-.269,-.237,.934);es="Linear";ed="In";};["RightUpperLeg"]={cf=cfr(-.025,.01,.006,.743,-.186,-.642,-.134,.9,-.416,.655,.395,.644);es="Linear";ed="In";};["LeftUpperLeg"]={cf=cfr(.092,-.05,.007,.963,-.257,.077,.157,.307,-.939,.218,.917,.336);es="Linear";ed="In";};["LeftLowerArm"]={cf=cfr(0,.003,.004,1,0,0,0,.431,-.902,0,.902,.431);es="Linear";ed="In";};["LeftLowerLeg"]={cf=cfr(0,0,0,1,0,0,0,.766,.643,0,-.643,.766);es="Linear";ed="In";};["LeftUpperArm"]={cf=cfr(.093,-.068,-.031,.3,.939,.168,-.846,.181,.501,.44,-.293,.849);es="Linear";ed="In";};["Head"]={cf=cfr(.01,-.002,0,.799,-.077,-.596,.07,.997,-.036,.597,-.013,.802);es="Linear";ed="In";};["RightLowerLeg"]={cf=cfr(0,.006,-.009,1,0,0,0,.449,.894,0,-.894,.449);es="Linear";ed="In";};["LowerTorso"]={cf=cfr(-.006,-.516,-.097,.849,-.064,.525,-.118,.945,.306,-.516,-.322,.794);es="Linear";ed="In";};["RightLowerArm"]={cf=cfr(0,0,0,1,0,0,0,.628,-.778,0,.778,.628);es="Linear";ed="In";};};{tm=.233;["UpperTorso"]={cf=cfr(-.005,-.007,-.008,.95,.152,.274,-.206,.962,.179,-.237,-.226,.945);es="Linear";ed="In";};["RightUpperLeg"]={cf=cfr(-.036,.013,.008,.734,-.234,-.637,-.114,.883,-.455,.669,.407,.622);es="Linear";ed="In";};["LeftUpperLeg"]={cf=cfr(.103,-.039,.037,.983,-.137,.124,.167,.366,-.915,.08,.92,.383);es="Linear";ed="In";};["LeftLowerArm"]={cf=cfr(0,.003,.005,1,0,0,0,.469,-.883,0,.883,.469);es="Linear";ed="In";};["LeftLowerLeg"]={cf=cfr(0,0,0,1,0,0,0,.766,.643,0,-.643,.766);es="Linear";ed="In";};["LeftUpperArm"]={cf=cfr(.119,-.082,-.04,.408,.906,.112,-.824,.313,.473,.393,-.285,.874);es="Linear";ed="In";};["Head"]={cf=cfr(.01,-.002,-.003,.845,-.068,-.53,.062,.998,-.029,.531,-.008,.848);es="Linear";ed="In";};["RightLowerLeg"]={cf=cfr(0,.007,-.011,1,0,0,0,.494,.869,0,-.869,.494);es="Linear";ed="In";};["LowerTorso"]={cf=cfr(-.008,-.499,-.114,.883,-.046,.467,-.095,.957,.273,-.459,-.285,.841);es="Linear";ed="In";};["RightLowerArm"]={cf=cfr(0,0,0,1,0,0,0,.621,-.784,0,.784,.621);es="Linear";ed="In";};};{tm=.25;["UpperTorso"]={cf=cfr(-.006,-.008,-.009,.965,.127,.229,-.171,.968,.182,-.198,-.215,.956);es="Linear";ed="In";};["RightUpperLeg"]={cf=cfr(-.048,.014,.009,.722,-.289,-.628,-.092,.86,-.502,.685,.42,.595);es="Linear";ed="In";};["LeftUpperLeg"]={cf=cfr(.115,-.027,.06,.982,.003,.187,.167,.436,-.884,-.084,.9,.428);es="Linear";ed="In";};["LeftLowerArm"]={cf=cfr(0,.004,.006,1,0,0,0,.513,-.858,0,.858,.513);es="Linear";ed="In";};["LeftLowerLeg"]={cf=cfr(0,0,0,1,0,0,0,.766,.643,0,-.643,.766);es="Linear";ed="In";};["RightLowerLeg"]={cf=cfr(0,.009,-.013,1,0,0,0,.546,.838,0,-.838,.546);es="Linear";ed="In";};["LowerTorso"]={cf=cfr(-.009,-.479,-.134,.919,-.028,.394,-.069,.97,.231,-.388,-.24,.89);es="Linear";ed="In";};["RightLowerArm"]={cf=cfr(0,0,0,1,0,0,0,.613,-.79,0,.79,.613);es="Linear";ed="In";};["Head"]={cf=cfr(.008,-.002,-.005,.893,-.057,-.447,.053,.998,-.022,.448,-.004,.894);es="Linear";ed="In";};["LeftUpperArm"]={cf=cfr(.137,-.09,-.044,.53,.847,.05,-.777,.461,.429,.34,-.266,.902);es="Linear";ed="In";};["RightUpperArm"]={cf=cfr(-.35,-.523,.293,.179,-.346,.921,.648,.746,.155,-.741,.569,.357);es="Quad";ed="InOut";};};{tm=.267;["UpperTorso"]={cf=cfr(-.005,-.008,-.009,.979,.099,.177,-.132,.974,.184,-.154,-.203,.967);es="Linear";ed="In";};["RightUpperLeg"]={cf=cfr(-.061,.014,.009,.707,-.35,-.615,-.069,.831,-.552,.704,.432,.564);es="Linear";ed="In";};["LeftUpperLeg"]={cf=cfr(.125,-.014,.071,.952,.153,.264,.153,.511,-.846,-.264,.846,.464);es="Linear";ed="In";};["LeftLowerArm"]={cf=cfr(0,.004,.006,1,0,0,0,.561,-.828,0,.828,.561);es="Linear";ed="In";};["LeftLowerLeg"]={cf=cfr(0,0,0,1,0,0,0,.766,.643,0,-.643,.766);es="Linear";ed="In";};["LeftUpperArm"]={cf=cfr(.138,-.089,-.042,.655,.756,-.009,-.701,.612,.368,.283,-.234,.93);es="Linear";ed="In";};["Head"]={cf=cfr(.007,-.002,-.006,.936,-.044,-.35,.042,.999,-.015,.351,-.001,.936);es="Linear";ed="In";};["RightUpperArm"]={cf=cfr(-.356,-.506,.299,.217,-.359,.908,.635,.758,.148,-.741,.545,.392);es="Linear";ed="In";};["RightLowerLeg"]={cf=cfr(0,.009,-.012,1,0,0,0,.601,.799,0,-.799,.601);es="Linear";ed="In";};["LowerTorso"]={cf=cfr(-.009,-.456,-.156,.951,-.013,.308,-.045,.982,.182,-.305,-.187,.934);es="Linear";ed="In";};["RightLowerArm"]={cf=cfr(0,0,0,1,0,0,0,.604,-.797,0,.797,.604);es="Linear";ed="In";};};{tm=.283;["UpperTorso"]={cf=cfr(-.004,-.007,-.008,.989,.074,.13,-.097,.978,.183,-.114,-.194,.974);es="Linear";ed="In";};["RightUpperLeg"]={cf=cfr(-.073,.012,.008,.692,-.403,-.599,-.049,.802,-.595,.72,.441,.536);es="Linear";ed="In";};["LeftUpperLeg"]={cf=cfr(.129,-.005,.066,.9,.277,.337,.127,.574,-.809,-.418,.771,.481);es="Linear";ed="In";};["LeftLowerArm"]={cf=cfr(0,.004,.005,1,0,0,0,.602,-.799,0,.799,.602);es="Linear";ed="In";};["LeftLowerLeg"]={cf=cfr(0,0,0,1,0,0,0,.766,.643,0,-.643,.766);es="Linear";ed="In";};["LeftUpperArm"]={cf=cfr(.122,-.083,-.033,.754,.654,-.053,-.612,.73,.303,.237,-.197,.951);es="Linear";ed="In";};["Head"]={cf=cfr(.005,-.002,-.006,.965,-.033,-.26,.031,.999,-.009,.26,.001,.966);es="Linear";ed="In";};["RightUpperArm"]={cf=cfr(-.37,-.454,.309,.329,-.39,.86,.597,.792,.131,-.732,.47,.493);es="Linear";ed="In";};["RightLowerLeg"]={cf=cfr(0,.008,-.011,1,0,0,0,.648,.762,0,-.762,.648);es="Linear";ed="In";};["LowerTorso"]={cf=cfr(-.008,-.435,-.177,.974,-.004,.228,-.028,.99,.136,-.227,-.138,.964);es="Linear";ed="In";};["RightLowerArm"]={cf=cfr(0,0,0,1,0,0,0,.596,-.803,0,.803,.596);es="Linear";ed="In";};};{tm=.3;["UpperTorso"]={cf=cfr(-.003,-.006,-.006,.995,.051,.09,-.067,.981,.182,-.079,-.187,.979);es="Linear";ed="In";};["RightUpperLeg"]={cf=cfr(-.082,.01,.006,.678,-.446,-.584,-.033,.775,-.631,.734,.447,.511);es="Linear";ed="In";};["LeftUpperLeg"]={cf=cfr(.127,0,.054,.837,.372,.401,.096,.621,-.778,-.538,.69,.484);es="Linear";ed="In";};["LeftLowerArm"]={cf=cfr(0,.003,.004,1,0,0,0,.635,-.772,0,.772,.635);es="Linear";ed="In";};["LeftLowerLeg"]={cf=cfr(0,0,0,1,0,0,0,.766,.643,0,-.643,.766);es="Linear";ed="In";};["LeftUpperArm"]={cf=cfr(.095,-.077,-.019,.827,.556,-.082,-.524,.816,.244,.203,-.159,.966);es="Linear";ed="In";};["Head"]={cf=cfr(.003,-.001,-.005,.983,-.023,-.182,.022,1,-.006,.182,.002,.983);es="Linear";ed="In";};["RightUpperArm"]={cf=cfr(-.375,-.365,.301,.507,-.419,.753,.524,.844,.117,-.684,.336,.647);es="Linear";ed="In";};["RightLowerLeg"]={cf=cfr(0,.007,-.008,1,0,0,0,.686,.727,0,-.727,.686);es="Linear";ed="In";};["LowerTorso"]={cf=cfr(-.006,-.416,-.195,.987,.001,.159,-.016,.995,.095,-.159,-.096,.983);es="Linear";ed="In";};["RightLowerArm"]={cf=cfr(0,0,0,1,0,0,0,.589,-.808,0,.808,.589);es="Linear";ed="In";};};{tm=.317;["UpperTorso"]={cf=cfr(-.002,-.004,-.005,.998,.033,.058,-.043,.983,.179,-.051,-.182,.982);es="Linear";ed="In";};["RightUpperLeg"]={cf=cfr(-.089,.007,.005,.666,-.481,-.57,-.02,.752,-.659,.746,.45,.491);es="Linear";ed="In";};["LeftUpperLeg"]={cf=cfr(.121,.002,.038,.775,.441,.452,.066,.656,-.752,-.628,.612,.48);es="Linear";ed="In";};["LeftLowerArm"]={cf=cfr(0,.002,.003,1,0,0,0,.662,-.75,0,.75,.662);es="Linear";ed="In";};["LeftLowerLeg"]={cf=cfr(0,0,0,1,0,0,0,.766,.643,0,-.643,.766);es="Linear";ed="In";};["LeftUpperArm"]={cf=cfr(.064,-.072,-.004,.878,.468,-.1,-.445,.875,.192,.178,-.124,.976);es="Linear";ed="In";};["Head"]={cf=cfr(.002,-.001,-.003,.993,-.015,-.117,.014,1,-.003,.117,.001,.993);es="Linear";ed="In";};["RightUpperArm"]={cf=cfr(-.337,-.24,.243,.723,-.408,.557,.413,.902,.125,-.553,.139,.821);es="Linear";ed="In";};["RightLowerLeg"]={cf=cfr(0,.005,-.006,1,0,0,0,.716,.698,0,-.698,.716);es="Linear";ed="In";};["LowerTorso"]={cf=cfr(-.004,-.401,-.209,.995,.002,.102,-.009,.998,.061,-.102,-.062,.993);es="Linear";ed="In";};["RightLowerArm"]={cf=cfr(0,0,0,1,0,0,0,.584,-.812,0,.812,.584);es="Linear";ed="In";};};{tm=.333;["UpperTorso"]={cf=cfr(-.001,-.003,-.003,.999,.019,.033,-.024,.984,.177,-.029,-.178,.984);es="Linear";ed="In";};["RightUpperLeg"]={cf=cfr(-.094,.004,.003,.656,-.508,-.558,-.011,.733,-.68,.755,.453,.475);es="Linear";ed="In";};["LeftUpperLeg"]={cf=cfr(.114,.002,.023,.72,.489,.492,.039,.68,-.732,-.692,.546,.471);es="Linear";ed="In";};["LeftLowerArm"]={cf=cfr(0,.001,.002,1,0,0,0,.682,-.731,0,.731,.682);es="Linear";ed="In";};["LeftLowerLeg"]={cf=cfr(0,0,0,1,0,0,0,.766,.643,0,-.643,.766);es="Linear";ed="In";};["LeftUpperArm"]={cf=cfr(.033,-.069,.01,.911,.396,-.111,-.379,.913,.15,.16,-.095,.982);es="Linear";ed="In";};["Head"]={cf=cfr(.001,-.001,-.002,.998,-.008,-.066,.008,1,-.002,.066,.001,.998);es="Linear";ed="In";};["RightUpperArm"]={cf=cfr(-.236,-.123,.146,.884,-.339,.322,.299,.94,.166,-.359,-.05,.932);es="Linear";ed="In";};["RightLowerLeg"]={cf=cfr(0,.003,-.004,1,0,0,0,.738,.674,0,-.674,.738);es="Linear";ed="In";};["LowerTorso"]={cf=cfr(-.003,-.389,-.22,.998,.002,.058,-.004,.999,.035,-.057,-.035,.998);es="Linear";ed="In";};["RightLowerArm"]={cf=cfr(0,0,0,1,0,0,0,.579,-.815,0,.815,.579);es="Linear";ed="In";};};{tm=.35;["UpperTorso"]={cf=cfr(-.001,-.001,-.001,1,.008,.014,-.011,.984,.175,-.013,-.175,.984);es="Linear";ed="In";};["RightUpperLeg"]={cf=cfr(-.097,.002,.001,.649,-.527,-.549,-.005,.719,-.695,.761,.454,.464);es="Linear";ed="In";};["LeftUpperLeg"]={cf=cfr(.107,.001,.011,.678,.519,.52,.018,.696,-.718,-.735,.496,.463);es="Linear";ed="In";};["LeftLowerArm"]={cf=cfr(0,.001,.001,1,0,0,0,.696,-.718,0,.718,.696);es="Linear";ed="In";};["LeftLowerLeg"]={cf=cfr(0,0,0,1,0,0,0,.766,.643,0,-.643,.766);es="Linear";ed="In";};["LeftUpperArm"]={cf=cfr(.009,-.068,.021,.932,.343,-.116,-.33,.936,.12,.15,-.073,.986);es="Linear";ed="In";};["Head"]={cf=cfr(.001,0,-.001,1,-.004,-.029,.004,1,-.001,.029,.001,1);es="Linear";ed="In";};["RightUpperArm"]={cf=cfr(-.119,-.05,.066,.956,-.256,.143,.223,.951,.212,-.191,-.171,.967);es="Linear";ed="In";};["RightLowerLeg"]={cf=cfr(0,.001,-.002,1,0,0,0,.754,.657,0,-.657,.754);es="Linear";ed="In";};["LowerTorso"]={cf=cfr(-.001,-.38,-.229,1,.001,.026,-.002,1,.015,-.026,-.015,1);es="Linear";ed="In";};["RightLowerArm"]={cf=cfr(0,0,0,1,0,0,0,.576,-.817,0,.817,.576);es="Linear";ed="In";};};{tm=.367;["UpperTorso"]={cf=cfr(0,0,0,1,.002,.004,-.003,.985,.174,-.003,-.174,.985);es="Linear";ed="In";};["RightUpperLeg"]={cf=cfr(-.099,0,0,.644,-.538,-.544,-.001,.71,-.704,.765,.454,.457);es="Linear";ed="In";};["LeftUpperLeg"]={cf=cfr(.102,0,.003,.652,.536,.536,.004,.704,-.71,-.758,.465,.457);es="Linear";ed="In";};["LeftLowerArm"]={cf=cfr(0,0,0,1,0,0,0,.704,-.71,0,.71,.704);es="Linear";ed="In";};["LeftLowerLeg"]={cf=cfr(0,0,0,1,0,0,0,.766,.643,0,-.643,.766);es="Linear";ed="In";};["LeftUpperArm"]={cf=cfr(-.007,-.067,.028,.943,.311,-.118,-.3,.949,.101,.144,-.06,.988);es="Linear";ed="In";};["Head"]={cf=cfr(0,0,0,1,-.001,-.007,.001,1,0,.007,0,1);es="Linear";ed="In";};["RightUpperArm"]={cf=cfr(-.032,-.012,.016,.98,-.196,.036,.181,.952,.247,-.082,-.235,.968);es="Linear";ed="In";};["RightLowerLeg"]={cf=cfr(0,0,0,1,0,0,0,.763,.646,0,-.646,.763);es="Linear";ed="In";};["LowerTorso"]={cf=cfr(0,-.375,-.233,1,0,.006,0,1,.004,-.006,-.004,1);es="Linear";ed="In";};["RightLowerArm"]={cf=cfr(0,0,0,1,0,0,0,.574,-.819,0,.819,.574);es="Linear";ed="In";};};{tm=.383;["Head"]={cf=cfr(0,0,0,1,0,0,0,1,0,0,0,1);es="Linear";ed="In";};["LeftUpperArm"]={cf=cfr(-.012,-.067,.031,.947,.3,-.119,-.29,.952,.095,.142,-.056,.988);es="Linear";ed="In";};["RightUpperArm"]={cf=cfr(0,0,0,.985,-.174,0,.168,.951,.259,-.045,-.255,.966);es="Linear";ed="In";};["LeftUpperLeg"]={cf=cfr(.1,0,0,.643,.542,.542,0,.707,-.707,-.766,.455,.455);es="Linear";ed="In";};["RightUpperLeg"]={cf=cfr(-.1,0,0,.643,-.542,-.542,0,.707,-.707,.766,.455,.455);es="Linear";ed="In";};["UpperTorso"]={cf=cfr(0,0,0,1,0,0,0,.985,.174,0,-.174,.985);es="Linear";ed="In";};["LeftLowerArm"]={cf=cfr(0,0,0,1,0,0,0,.707,-.707,0,.707,.707);es="Linear";ed="In";};["LeftLowerLeg"]={cf=cfr(0,0,0,1,0,0,0,.766,.643,0,-.643,.766);es="Linear";ed="In";};["RightLowerLeg"]={cf=cfr(0,0,0,1,0,0,0,.766,.643,0,-.643,.766);es="Linear";ed="In";};["LowerTorso"]={cf=cfr(0,-.373,-.235,1,0,0,0,1,0,0,0,1);es="Linear";ed="In";};["RightLowerArm"]={cf=cfr(0,0,0,1,0,0,0,.574,-.819,0,.819,.574);es="Linear";ed="In";};};}