local cfr = CFrame.new

return {{tm=0;["RootNode"]={cf=cfr(0,0,0,-1,0,0,0,1,0,0,0,-1);es="Linear";ed="In";};["root"]={cf=cfr(0,2.665,0,0,0,1,0,1,0,-1,0,0);es="Linear";ed="In";};["000-offset"]={cf=cfr(0,0,0,-.838,.545,0,-.538,-.828,-.159,-.087,-.134,.987);es="Linear";ed="In";};["004-offset.001"]={cf=cfr(0,0,0,-.015,-1,0,1,-.015,0,0,0,1);es="Linear";ed="In";};["006-offset"]={cf=cfr(0,0,0,-.015,-1,0,1,-.015,0,0,0,1);es="Linear";ed="In";};["000-offset.009"]={cf=cfr(0,0,0,-.126,-.989,-.074,.99,-.12,-.079,.069,-.083,.994);es="Linear";ed="In";};["000-offset.012"]={cf=cfr(0,0,0,.928,-.367,.062,.354,.922,.155,-.114,-.122,.986);es="Linear";ed="In";};["000-offset.001"]={cf=cfr(0,0,0,.913,.407,0,-.407,.913,0,0,0,1);es="Linear";ed="In";};["000-offset.010"]={cf=cfr(0,0,0,.971,.238,0,-.238,.971,0,0,0,1);es="Linear";ed="In";};["000-offset.013"]={cf=cfr(0,0,0,.903,.429,0,-.429,.903,0,0,0,1);es="Linear";ed="In";};["004-offset"]={cf=cfr(0,0,0,.592,.643,.486,.806,-.487,-.337,.02,.591,-.806);es="Linear";ed="In";};["002-offset"]={cf=cfr(0,0,0,.596,.509,-.621,.791,-.505,.345,-.138,-.697,-.703);es="Linear";ed="In";};["000-offset.002"]={cf=cfr(0,0,0,.401,-.916,0,.916,.401,0,0,0,1);es="Linear";ed="In";};["000-offset.011"]={cf=cfr(0,0,0,.993,-.12,-.021,.119,.993,-.018,.023,.016,1);es="Linear";ed="In";};["000-offset.014"]={cf=cfr(0,0,0,.879,-.477,.013,.476,.878,.056,-.038,-.043,.998);es="Linear";ed="In";};["000-offset.006"]={cf=cfr(0,0,0,-.446,-.001,-.895,-.873,-.221,.435,-.198,.975,.098);es="Linear";ed="In";};["000-offset.003"]={cf=cfr(0,0,0,-.47,.012,.883,-.762,-.509,-.399,.445,-.861,.248);es="Linear";ed="In";};["000-offset.007"]={cf=cfr(0,0,0,1,-.02,0,.02,1,0,0,0,1);es="Linear";ed="In";};["000-offset.004"]={cf=cfr(0,0,0,.986,-.169,0,.169,.986,0,0,0,1);es="Linear";ed="In";};["000-offset.008"]={cf=cfr(0,0,0,.934,-.338,.118,.214,.264,-.941,.287,.903,.319);es="Linear";ed="In";};["000-offset.005"]={cf=cfr(0,0,0,.956,-.245,-.159,.247,.384,.89,-.156,-.89,.428);es="Linear";ed="In";};};{tm=.042;["000-offset"]={cf=cfr(0,0,0,-.838,.545,0,-.539,-.829,-.153,-.083,-.128,.988);es="Linear";ed="In";};["004-offset.001"]={cf=cfr(0,0,0,.015,-1,0,1,.015,0,0,0,1);es="Linear";ed="In";};["000-offset.009"]={cf=cfr(0,0,0,-.126,-.989,-.073,.99,-.12,-.079,.069,-.082,.994);es="Linear";ed="In";};["000-offset.012"]={cf=cfr(0,0,0,.916,-.398,.057,.385,.909,.157,-.114,-.122,.986);es="Linear";ed="In";};["000-offset.001"]={cf=cfr(0,0,0,.913,.407,.004,-.407,.913,.006,-.002,-.007,1);es="Linear";ed="In";};["000-offset.010"]={cf=cfr(0,0,0,.972,.235,0,-.235,.972,0,0,0,1);es="Linear";ed="In";};["000-offset.013"]={cf=cfr(0,0,0,.887,.461,0,-.461,.887,0,0,0,1);es="Linear";ed="In";};["000-offset.002"]={cf=cfr(0,0,0,.4,-.916,.002,.916,.4,.012,-.012,-.003,1);es="Linear";ed="In";};["000-offset.011"]={cf=cfr(0,0,0,.979,-.203,-.02,.203,.979,-.018,.023,.014,1);es="Linear";ed="In";};["000-offset.014"]={cf=cfr(0,0,0,.88,-.475,.013,.474,.879,.056,-.038,-.043,.998);es="Linear";ed="In";};["000-offset.006"]={cf=cfr(0,0,0,-.473,-.001,-.881,-.859,-.221,.461,-.195,.975,.104);es="Linear";ed="In";};["000-offset.003"]={cf=cfr(0,0,0,-.472,.012,.882,-.763,-.507,-.401,.442,-.862,.249);es="Linear";ed="In";};["000-offset.007"]={cf=cfr(0,0,0,1,-.023,0,.023,1,0,0,0,1);es="Linear";ed="In";};["000-offset.004"]={cf=cfr(0,0,0,.986,-.166,0,.166,.986,0,0,0,1);es="Linear";ed="In";};["000-offset.008"]={cf=cfr(0,0,0,.921,-.372,.118,.224,.257,-.94,.319,.892,.32);es="Linear";ed="In";};["000-offset.005"]={cf=cfr(0,0,0,.959,-.233,-.16,.242,.387,.89,-.146,-.892,.428);es="Linear";ed="In";};};{tm=.083;["000-offset"]={cf=cfr(0,0,0,-.839,.544,0,-.539,-.831,-.135,-.074,-.113,.991);es="Linear";ed="In";};["004-offset.001"]={cf=cfr(0,0,0,.099,-.995,0,.995,.099,0,0,0,1);es="Linear";ed="In";};["000-offset.009"]={cf=cfr(0,0,0,-.126,-.99,-.069,.99,-.12,-.079,.069,-.078,.995);es="Linear";ed="In";};["000-offset.012"]={cf=cfr(0,0,0,.876,-.48,.041,.468,.868,.163,-.114,-.123,.986);es="Linear";ed="In";};["000-offset.001"]={cf=cfr(0,0,0,.913,.407,.013,-.407,.913,.016,-.005,-.019,1);es="Linear";ed="In";};["000-offset.010"]={cf=cfr(0,0,0,.974,.227,0,-.227,.974,0,0,0,1);es="Linear";ed="In";};["000-offset.013"]={cf=cfr(0,0,0,.841,.541,0,-.541,.841,0,0,0,1);es="Linear";ed="In";};["000-offset.002"]={cf=cfr(0,0,0,.4,-.916,.006,.916,.4,.039,-.039,-.01,.999);es="Linear";ed="In";};["000-offset.011"]={cf=cfr(0,0,0,.92,-.39,-.02,.39,.921,-.018,.025,.009,1);es="Linear";ed="In";};["000-offset.014"]={cf=cfr(0,0,0,.882,-.47,.013,.469,.882,.056,-.038,-.044,.998);es="Linear";ed="In";};["000-offset.006"]={cf=cfr(0,0,0,-.499,-.001,-.867,-.845,-.221,.487,-.192,.975,.109);es="Linear";ed="In";};["000-offset.003"]={cf=cfr(0,0,0,-.475,.015,.88,-.765,-.501,-.404,.435,-.865,.25);es="Linear";ed="In";};["000-offset.007"]={cf=cfr(0,0,0,.999,-.032,0,.032,.999,0,0,0,1);es="Linear";ed="In";};["000-offset.004"]={cf=cfr(0,0,0,.987,-.159,0,.159,.987,0,0,0,1);es="Linear";ed="In";};["000-offset.008"]={cf=cfr(0,0,0,.888,-.444,.118,.245,.239,-.94,.389,.864,.321);es="Linear";ed="In";};["000-offset.005"]={cf=cfr(0,0,0,.966,-.205,-.16,.231,.395,.889,-.119,-.896,.428);es="Linear";ed="In";};};{tm=.125;["000-offset"]={cf=cfr(0,0,0,-.84,.543,0,-.539,-.835,-.109,-.059,-.091,.994);es="Linear";ed="In";};["004-offset.001"]={cf=cfr(0,0,0,.222,-.975,0,.975,.222,0,0,0,1);es="Linear";ed="In";};["000-offset.009"]={cf=cfr(0,0,0,-.126,-.99,-.063,.99,-.121,-.078,.069,-.072,.995);es="Linear";ed="In";};["000-offset.012"]={cf=cfr(0,0,0,.803,-.595,.017,.585,.794,.168,-.114,-.125,.986);es="Linear";ed="In";};["000-offset.001"]={cf=cfr(0,0,0,.913,.407,.017,-.407,.913,.021,-.007,-.026,1);es="Linear";ed="In";};["000-offset.010"]={cf=cfr(0,0,0,.976,.216,0,-.216,.976,0,0,0,1);es="Linear";ed="In";};["000-offset.013"]={cf=cfr(0,0,0,.767,.642,0,-.642,.767,0,0,0,1);es="Linear";ed="In";};["000-offset.002"]={cf=cfr(0,0,0,.4,-.917,.01,.914,.399,.067,-.065,-.017,.998);es="Linear";ed="In";};["000-offset.011"]={cf=cfr(0,0,0,.813,-.583,-.02,.582,.813,-.018,.027,.003,1);es="Linear";ed="In";};["000-offset.014"]={cf=cfr(0,0,0,.886,-.463,.013,.462,.885,.057,-.038,-.044,.998);es="Linear";ed="In";};["000-offset.006"]={cf=cfr(0,0,0,-.525,-.001,-.851,-.83,-.221,.512,-.189,.975,.115);es="Linear";ed="In";};["000-offset.003"]={cf=cfr(0,0,0,-.479,.021,.878,-.769,-.491,-.408,.423,-.871,.251);es="Linear";ed="In";};["000-offset.007"]={cf=cfr(0,0,0,.999,-.043,0,.043,.999,0,0,0,1);es="Linear";ed="In";};["000-offset.004"]={cf=cfr(0,0,0,.989,-.15,0,.15,.989,0,0,0,1);es="Linear";ed="In";};["000-offset.008"]={cf=cfr(0,0,0,.851,-.512,.118,.262,.218,-.94,.456,.831,.32);es="Linear";ed="In";};["000-offset.005"]={cf=cfr(0,0,0,.973,-.168,-.159,.215,.404,.889,-.085,-.899,.429);es="Linear";ed="In";};};{tm=.167;["000-offset"]={cf=cfr(0,0,0,-.841,.542,0,-.54,-.838,-.076,-.041,-.064,.997);es="Linear";ed="In";};["004-offset.001"]={cf=cfr(0,0,0,.369,-.929,0,.929,.369,0,0,0,1);es="Linear";ed="In";};["000-offset.009"]={cf=cfr(0,0,0,-.126,-.99,-.056,.99,-.121,-.077,.069,-.065,.995);es="Linear";ed="In";};["000-offset.012"]={cf=cfr(0,0,0,.692,-.722,-.013,.713,.68,.171,-.114,-.128,.985);es="Linear";ed="In";};["000-offset.001"]={cf=cfr(0,0,0,.913,.407,.017,-.407,.913,.021,-.007,-.026,1);es="Linear";ed="In";};["000-offset.010"]={cf=cfr(0,0,0,.979,.204,0,-.204,.979,0,0,0,1);es="Linear";ed="In";};["000-offset.013"]={cf=cfr(0,0,0,.672,.741,0,-.741,.672,0,0,0,1);es="Linear";ed="In";};["000-offset.002"]={cf=cfr(0,0,0,.399,-.917,.012,.914,.399,.079,-.077,-.02,.997);es="Linear";ed="In";};["000-offset.011"]={cf=cfr(0,0,0,.711,-.703,-.02,.703,.711,-.019,.028,-.001,1);es="Linear";ed="In";};["000-offset.014"]={cf=cfr(0,0,0,.89,-.455,.013,.453,.889,.057,-.037,-.044,.998);es="Linear";ed="In";};["000-offset.006"]={cf=cfr(0,0,0,-.52,.014,-.854,-.833,-.232,.503,-.191,.973,.132);es="Linear";ed="In";};["000-offset.003"]={cf=cfr(0,0,0,-.483,.027,.875,-.774,-.479,-.413,.408,-.877,.253);es="Linear";ed="In";};["000-offset.007"]={cf=cfr(0,0,0,.998,-.056,0,.056,.998,0,0,0,1);es="Linear";ed="In";};["000-offset.004"]={cf=cfr(0,0,0,.99,-.14,0,.14,.99,0,0,0,1);es="Linear";ed="In";};["000-offset.008"]={cf=cfr(0,0,0,.832,-.542,.118,.269,.208,-.941,.485,.814,.319);es="Linear";ed="In";};["000-offset.005"]={cf=cfr(0,0,0,.979,-.13,-.159,.2,.412,.889,-.05,-.902,.429);es="Linear";ed="In";};};{tm=.208;["000-offset"]={cf=cfr(0,0,0,-.841,.541,0,-.54,-.841,-.039,-.021,-.033,.999);es="Linear";ed="In";};["004-offset.001"]={cf=cfr(0,0,0,.523,-.852,0,.852,.523,0,0,0,1);es="Linear";ed="In";};["000-offset.009"]={cf=cfr(0,0,0,-.126,-.991,-.048,.99,-.122,-.076,.069,-.057,.996);es="Linear";ed="In";};["000-offset.012"]={cf=cfr(0,0,0,.544,-.837,-.048,.831,.531,.166,-.114,-.13,.985);es="Linear";ed="In";};["000-offset.001"]={cf=cfr(0,0,0,.913,.407,.016,-.407,.913,.02,-.006,-.024,1);es="Linear";ed="In";};["000-offset.010"]={cf=cfr(0,0,0,.981,.193,0,-.193,.981,0,0,0,1);es="Linear";ed="In";};["000-offset.013"]={cf=cfr(0,0,0,.573,.819,0,-.819,.573,0,0,0,1);es="Linear";ed="In";};["000-offset.002"]={cf=cfr(0,0,0,.399,-.917,.012,.914,.399,.076,-.075,-.02,.997);es="Linear";ed="In";};["000-offset.011"]={cf=cfr(0,0,0,.665,-.746,-.02,.746,.666,-.019,.028,-.003,1);es="Linear";ed="In";};["000-offset.014"]={cf=cfr(0,0,0,.894,-.447,.013,.446,.893,.057,-.037,-.045,.998);es="Linear";ed="In";};["000-offset.006"]={cf=cfr(0,0,0,-.511,.034,-.859,-.838,-.245,.488,-.194,.969,.154);es="Linear";ed="In";};["000-offset.003"]={cf=cfr(0,0,0,-.489,.035,.871,-.78,-.465,-.419,.391,-.885,.255);es="Linear";ed="In";};["000-offset.007"]={cf=cfr(0,0,0,.998,-.067,0,.067,.998,0,0,0,1);es="Linear";ed="In";};["000-offset.004"]={cf=cfr(0,0,0,.991,-.132,0,.132,.991,0,0,0,1);es="Linear";ed="In";};["000-offset.008"]={cf=cfr(0,0,0,.836,-.536,.118,.267,.21,-.94,.479,.818,.319);es="Linear";ed="In";};["000-offset.005"]={cf=cfr(0,0,0,.982,-.101,-.159,.187,.417,.89,-.023,-.903,.428);es="Linear";ed="In";};};{tm=.25;["000-offset"]={cf=cfr(0,0,0,-.841,.54,0,-.54,-.841,-.001,0,-.001,1);es="Linear";ed="In";};["004-offset.001"]={cf=cfr(0,0,0,.666,-.746,0,.746,.666,0,0,0,1);es="Linear";ed="In";};["000-offset.009"]={cf=cfr(0,0,0,-.126,-.991,-.04,.99,-.122,-.075,.069,-.049,.996);es="Linear";ed="In";};["000-offset.012"]={cf=cfr(0,0,0,.371,-.925,-.082,.922,.356,.155,-.114,-.133,.985);es="Linear";ed="In";};["000-offset.001"]={cf=cfr(0,0,0,.913,.407,.014,-.407,.913,.018,-.006,-.022,1);es="Linear";ed="In";};["000-offset.010"]={cf=cfr(0,0,0,.983,.184,0,-.184,.983,0,0,0,1);es="Linear";ed="In";};["000-offset.013"]={cf=cfr(0,0,0,.495,.869,0,-.869,.495,0,0,0,1);es="Linear";ed="In";};["000-offset.002"]={cf=cfr(0,0,0,.4,-.917,.011,.914,.399,.07,-.068,-.018,.998);es="Linear";ed="In";};["000-offset.011"]={cf=cfr(0,0,0,.668,-.743,-.02,.743,.669,-.019,.027,-.002,1);es="Linear";ed="In";};["000-offset.014"]={cf=cfr(0,0,0,.897,-.441,.013,.44,.896,.057,-.037,-.045,.998);es="Linear";ed="In";};["000-offset.006"]={cf=cfr(0,0,0,-.498,.057,-.865,-.844,-.259,.469,-.197,.964,.177);es="Linear";ed="In";};["000-offset.003"]={cf=cfr(0,0,0,-.496,.044,.867,-.785,-.45,-.426,.371,-.892,.257);es="Linear";ed="In";};["000-offset.007"]={cf=cfr(0,0,0,.997,-.076,0,.076,.997,0,0,0,1);es="Linear";ed="In";};["000-offset.004"]={cf=cfr(0,0,0,.992,-.127,0,.127,.992,0,0,0,1);es="Linear";ed="In";};["000-offset.008"]={cf=cfr(0,0,0,.848,-.517,.118,.263,.216,-.94,.461,.828,.319);es="Linear";ed="In";};["000-offset.005"]={cf=cfr(0,0,0,.983,-.089,-.159,.182,.419,.889,-.013,-.903,.429);es="Linear";ed="In";};};{tm=.292;["000-offset"]={cf=cfr(0,0,0,-.841,.541,0,-.54,-.841,.036,.019,.03,.999);es="Linear";ed="In";};["004-offset.001"]={cf=cfr(0,0,0,.784,-.621,0,.621,.784,0,0,0,1);es="Linear";ed="In";};["000-offset.009"]={cf=cfr(0,0,0,-.126,-.992,-.032,.99,-.123,-.074,.069,-.041,.997);es="Linear";ed="In";};["000-offset.012"]={cf=cfr(0,0,0,.19,-.975,-.112,.975,.174,.137,-.114,-.135,.984);es="Linear";ed="In";};["000-offset.001"]={cf=cfr(0,0,0,.913,.407,.012,-.407,.913,.015,-.005,-.019,1);es="Linear";ed="In";};["000-offset.010"]={cf=cfr(0,0,0,.984,.179,0,-.179,.984,0,0,0,1);es="Linear";ed="In";};["000-offset.013"]={cf=cfr(0,0,0,.464,.886,0,-.886,.464,0,0,0,1);es="Linear";ed="In";};["000-offset.002"]={cf=cfr(0,0,0,.4,-.917,.009,.915,.4,.059,-.058,-.015,.998);es="Linear";ed="In";};["000-offset.011"]={cf=cfr(0,0,0,.718,-.696,-.019,.696,.718,-.018,.026,-.001,1);es="Linear";ed="In";};["000-offset.014"]={cf=cfr(0,0,0,.899,-.438,.013,.436,.898,.057,-.037,-.045,.998);es="Linear";ed="In";};["000-offset.006"]={cf=cfr(0,0,0,-.483,.081,-.872,-.852,-.273,.447,-.201,.959,.201);es="Linear";ed="In";};["000-offset.003"]={cf=cfr(0,0,0,-.502,.053,.863,-.79,-.433,-.433,.351,-.9,.259);es="Linear";ed="In";};["000-offset.007"]={cf=cfr(0,0,0,.997,-.079,0,.079,.997,0,0,0,1);es="Linear";ed="In";};["000-offset.004"]={cf=cfr(0,0,0,.992,-.127,0,.127,.992,0,0,0,1);es="Linear";ed="In";};["000-offset.008"]={cf=cfr(0,0,0,.864,-.49,.118,.256,.225,-.94,.434,.842,.32);es="Linear";ed="In";};["000-offset.005"]={cf=cfr(0,0,0,.982,-.1,-.159,.187,.418,.889,-.023,-.903,.429);es="Linear";ed="In";};};{tm=.333;["000-offset"]={cf=cfr(0,0,0,-.841,.541,0,-.54,-.839,.069,.037,.058,.998);es="Linear";ed="In";};["004-offset.001"]={cf=cfr(0,0,0,.87,-.493,0,.493,.87,0,0,0,1);es="Linear";ed="In";};["000-offset.009"]={cf=cfr(0,0,0,-.126,-.992,-.025,.99,-.123,-.073,.069,-.034,.997);es="Linear";ed="In";};["000-offset.012"]={cf=cfr(0,0,0,.021,-.99,-.136,.993,.005,.116,-.114,-.138,.984);es="Linear";ed="In";};["000-offset.001"]={cf=cfr(0,0,0,.913,.407,.01,-.407,.913,.012,-.004,-.015,1);es="Linear";ed="In";};["000-offset.010"]={cf=cfr(0,0,0,.984,.18,0,-.18,.984,0,0,0,1);es="Linear";ed="In";};["000-offset.013"]={cf=cfr(0,0,0,.544,.839,0,-.839,.544,0,0,0,1);es="Linear";ed="In";};["000-offset.002"]={cf=cfr(0,0,0,.4,-.916,.007,.915,.4,.046,-.045,-.012,.999);es="Linear";ed="In";};["000-offset.011"]={cf=cfr(0,0,0,.813,-.581,-.019,.581,.814,-.017,.025,.003,1);es="Linear";ed="In";};["000-offset.014"]={cf=cfr(0,0,0,.899,-.439,.013,.437,.898,.057,-.037,-.045,.998);es="Linear";ed="In";};["000-offset.006"]={cf=cfr(0,0,0,-.467,.105,-.878,-.86,-.285,.423,-.205,.953,.224);es="Linear";ed="In";};["000-offset.003"]={cf=cfr(0,0,0,-.509,.062,.859,-.795,-.417,-.441,.33,-.907,.261);es="Linear";ed="In";};["000-offset.007"]={cf=cfr(0,0,0,.997,-.078,0,.078,.997,0,0,0,1);es="Linear";ed="In";};["000-offset.004"]={cf=cfr(0,0,0,.99,-.141,0,.141,.99,0,0,0,1);es="Linear";ed="In";};["000-offset.008"]={cf=cfr(0,0,0,.883,-.455,.118,.247,.235,-.94,.4,.859,.32);es="Linear";ed="In";};["000-offset.005"]={cf=cfr(0,0,0,.979,-.129,-.159,.199,.412,.889,-.049,-.902,.429);es="Linear";ed="In";};};{tm=.375;["000-offset"]={cf=cfr(0,0,0,-.84,.542,0,-.54,-.836,.095,.052,.08,.995);es="Linear";ed="In";};["004-offset.001"]={cf=cfr(0,0,0,.925,-.381,0,.381,.925,0,0,0,1);es="Linear";ed="In";};["000-offset.009"]={cf=cfr(0,0,0,-.126,-.992,-.02,.99,-.124,-.072,.069,-.029,.997);es="Linear";ed="In";};["000-offset.012"]={cf=cfr(0,0,0,-.116,-.981,-.153,.987,-.132,.096,-.114,-.14,.984);es="Linear";ed="In";};["000-offset.001"]={cf=cfr(0,0,0,.913,.407,.007,-.407,.913,.009,-.003,-.011,1);es="Linear";ed="In";};["000-offset.010"]={cf=cfr(0,0,0,.982,.189,0,-.189,.982,0,0,0,1);es="Linear";ed="In";};["000-offset.013"]={cf=cfr(0,0,0,.707,.708,0,-.708,.707,0,0,0,1);es="Linear";ed="In";};["000-offset.002"]={cf=cfr(0,0,0,.4,-.916,.005,.916,.4,.032,-.031,-.008,.999);es="Linear";ed="In";};["000-offset.011"]={cf=cfr(0,0,0,.915,-.404,-.019,.404,.915,-.017,.024,.008,1);es="Linear";ed="In";};["000-offset.014"]={cf=cfr(0,0,0,.896,-.445,.013,.443,.895,.057,-.037,-.045,.998);es="Linear";ed="In";};["000-offset.006"]={cf=cfr(0,0,0,-.451,.128,-.883,-.867,-.295,.401,-.209,.947,.244);es="Linear";ed="In";};["000-offset.003"]={cf=cfr(0,0,0,-.514,.071,.855,-.799,-.401,-.447,.311,-.913,.263);es="Linear";ed="In";};["000-offset.007"]={cf=cfr(0,0,0,.997,-.077,0,.077,.997,0,0,0,1);es="Linear";ed="In";};["000-offset.004"]={cf=cfr(0,0,0,.986,-.167,0,.167,.986,0,0,0,1);es="Linear";ed="In";};["000-offset.008"]={cf=cfr(0,0,0,.901,-.416,.118,.237,.245,-.94,.362,.875,.32);es="Linear";ed="In";};["000-offset.005"]={cf=cfr(0,0,0,.973,-.167,-.159,.215,.404,.889,-.084,-.899,.429);es="Linear";ed="In";};};{tm=.417;["000-offset"]={cf=cfr(0,0,0,-.84,.543,0,-.539,-.834,.113,.062,.095,.994);es="Linear";ed="In";};["004-offset.001"]={cf=cfr(0,0,0,.953,-.302,0,.302,.953,0,0,0,1);es="Linear";ed="In";};["000-offset.009"]={cf=cfr(0,0,0,-.126,-.992,-.016,.99,-.124,-.072,.069,-.025,.997);es="Linear";ed="In";};["000-offset.012"]={cf=cfr(0,0,0,-.207,-.965,-.162,.972,-.222,.081,-.114,-.141,.983);es="Linear";ed="In";};["000-offset.001"]={cf=cfr(0,0,0,.913,.407,.004,-.407,.913,.005,-.001,-.006,1);es="Linear";ed="In";};["000-offset.010"]={cf=cfr(0,0,0,.978,.208,0,-.208,.978,0,0,0,1);es="Linear";ed="In";};["000-offset.013"]={cf=cfr(0,0,0,.844,.537,0,-.537,.844,0,0,0,1);es="Linear";ed="In";};["000-offset.002"]={cf=cfr(0,0,0,.4,-.916,.003,.916,.4,.016,-.016,-.004,1);es="Linear";ed="In";};["000-offset.011"]={cf=cfr(0,0,0,.974,-.224,-.02,.224,.975,-.018,.023,.013,1);es="Linear";ed="In";};["000-offset.014"]={cf=cfr(0,0,0,.889,-.457,.013,.456,.888,.057,-.038,-.044,.998);es="Linear";ed="In";};["000-offset.006"]={cf=cfr(0,0,0,-.438,.146,-.887,-.874,-.302,.381,-.212,.942,.26);es="Linear";ed="In";};["000-offset.003"]={cf=cfr(0,0,0,-.519,.08,.851,-.803,-.386,-.454,.292,-.919,.265);es="Linear";ed="In";};["000-offset.007"]={cf=cfr(0,0,0,.997,-.074,0,.074,.997,0,0,0,1);es="Linear";ed="In";};["000-offset.004"]={cf=cfr(0,0,0,.981,-.194,0,.194,.981,0,0,0,1);es="Linear";ed="In";};["000-offset.008"]={cf=cfr(0,0,0,.919,-.376,.118,.225,.255,-.94,.324,.891,.319);es="Linear";ed="In";};["000-offset.005"]={cf=cfr(0,0,0,.965,-.208,-.159,.232,.393,.89,-.122,-.896,.428);es="Linear";ed="In";};};{tm=.458;["000-offset"]={cf=cfr(0,0,0,-.84,.543,0,-.539,-.834,.12,.065,.1,.993);es="Linear";ed="In";};["004-offset.001"]={cf=cfr(0,0,0,.962,-.273,0,.273,.962,0,0,0,1);es="Linear";ed="In";};["000-offset.009"]={cf=cfr(0,0,0,-.126,-.992,-.014,.99,-.124,-.072,.069,-.023,.997);es="Linear";ed="In";};["000-offset.012"]={cf=cfr(0,0,0,-.24,-.957,-.165,.964,-.254,.075,-.114,-.141,.983);es="Linear";ed="In";};["000-offset.001"]={cf=cfr(0,0,0,.913,.407,0,-.407,.913,0,0,0,1);es="Linear";ed="In";};["000-offset.010"]={cf=cfr(0,0,0,.971,.238,0,-.238,.971,0,0,0,1);es="Linear";ed="In";};["000-offset.013"]={cf=cfr(0,0,0,.903,.429,0,-.429,.903,0,0,0,1);es="Linear";ed="In";};["000-offset.002"]={cf=cfr(0,0,0,.401,-.916,0,.916,.401,0,0,0,1);es="Linear";ed="In";};["000-offset.011"]={cf=cfr(0,0,0,.993,-.12,-.021,.119,.993,-.018,.023,.016,1);es="Linear";ed="In";};["000-offset.014"]={cf=cfr(0,0,0,.879,-.477,.013,.476,.878,.056,-.038,-.043,.998);es="Linear";ed="In";};["000-offset.006"]={cf=cfr(0,0,0,-.426,.159,-.89,-.879,-.306,.366,-.215,.939,.27);es="Linear";ed="In";};["000-offset.003"]={cf=cfr(0,0,0,-.523,.088,.848,-.806,-.374,-.459,.277,-.923,.266);es="Linear";ed="In";};["000-offset.007"]={cf=cfr(0,0,0,.998,-.07,0,.07,.998,0,0,0,1);es="Linear";ed="In";};["000-offset.004"]={cf=cfr(0,0,0,.978,-.208,0,.208,.978,0,0,0,1);es="Linear";ed="In";};["000-offset.008"]={cf=cfr(0,0,0,.934,-.338,.118,.214,.264,-.941,.287,.903,.319);es="Linear";ed="In";};["000-offset.005"]={cf=cfr(0,0,0,.956,-.245,-.159,.247,.384,.89,-.156,-.89,.428);es="Linear";ed="In";};};{tm=.5;["000-offset"]={cf=cfr(0,0,0,-.84,.543,0,-.539,-.834,.114,.062,.096,.993);es="Linear";ed="In";};["004-offset.001"]={cf=cfr(0,0,0,.955,-.297,0,.297,.955,0,0,0,1);es="Linear";ed="In";};["000-offset.009"]={cf=cfr(0,0,0,-.126,-.992,-.016,.99,-.124,-.072,.069,-.024,.997);es="Linear";ed="In";};["000-offset.012"]={cf=cfr(0,0,0,-.212,-.964,-.163,.971,-.227,.08,-.114,-.141,.983);es="Linear";ed="In";};["000-offset.001"]={cf=cfr(0,0,0,.913,.407,-.008,-.407,.913,-.01,.003,.012,1);es="Linear";ed="In";};["000-offset.010"]={cf=cfr(0,0,0,.956,.293,0,-.293,.956,0,0,0,1);es="Linear";ed="In";};["000-offset.013"]={cf=cfr(0,0,0,.917,.398,0,-.398,.917,0,0,0,1);es="Linear";ed="In";};["000-offset.002"]={cf=cfr(0,0,0,.4,-.916,-.004,.916,.4,-.023,.022,.006,1);es="Linear";ed="In";};["000-offset.011"]={cf=cfr(0,0,0,.996,-.086,-.021,.085,.996,-.019,.022,.017,1);es="Linear";ed="In";};["000-offset.014"]={cf=cfr(0,0,0,.852,-.524,.013,.522,.851,.056,-.04,-.041,.998);es="Linear";ed="In";};["000-offset.006"]={cf=cfr(0,0,0,-.42,.164,-.893,-.882,-.307,.358,-.216,.937,.273);es="Linear";ed="In";};["000-offset.003"]={cf=cfr(0,0,0,-.527,.093,.845,-.808,-.364,-.463,.264,-.927,.267);es="Linear";ed="In";};["000-offset.007"]={cf=cfr(0,0,0,.998,-.065,0,.065,.998,0,0,0,1);es="Linear";ed="In";};["000-offset.004"]={cf=cfr(0,0,0,.977,-.213,0,.213,.977,0,0,0,1);es="Linear";ed="In";};["000-offset.008"]={cf=cfr(0,0,0,.949,-.291,.118,.201,.274,-.94,.242,.916,.319);es="Linear";ed="In";};["000-offset.005"]={cf=cfr(0,0,0,.945,-.285,-.16,.263,.374,.889,-.194,-.883,.428);es="Linear";ed="In";};};{tm=.542;["000-offset"]={cf=cfr(0,0,0,-.84,.542,0,-.54,-.836,.099,.054,.083,.995);es="Linear";ed="In";};["004-offset.001"]={cf=cfr(0,0,0,.931,-.365,0,.365,.931,0,0,0,1);es="Linear";ed="In";};["000-offset.009"]={cf=cfr(0,0,0,-.126,-.992,-.019,.99,-.124,-.072,.069,-.028,.997);es="Linear";ed="In";};["000-offset.012"]={cf=cfr(0,0,0,-.135,-.979,-.155,.984,-.15,.093,-.114,-.14,.984);es="Linear";ed="In";};["000-offset.001"]={cf=cfr(0,0,0,.913,.407,-.019,-.407,.913,-.023,.008,.029,1);es="Linear";ed="In";};["000-offset.010"]={cf=cfr(0,0,0,.925,.38,0,-.38,.925,0,0,0,1);es="Linear";ed="In";};["000-offset.013"]={cf=cfr(0,0,0,.926,.378,0,-.378,.926,0,0,0,1);es="Linear";ed="In";};["000-offset.002"]={cf=cfr(0,0,0,.4,-.916,-.008,.915,.4,-.052,.051,.013,.999);es="Linear";ed="In";};["000-offset.011"]={cf=cfr(0,0,0,.998,-.063,-.021,.063,.998,-.019,.022,.017,1);es="Linear";ed="In";};["000-offset.014"]={cf=cfr(0,0,0,.801,-.599,.013,.598,.8,.055,-.043,-.037,.998);es="Linear";ed="In";};["000-offset.006"]={cf=cfr(0,0,0,-.42,.159,-.893,-.881,-.306,.36,-.216,.939,.268);es="Linear";ed="In";};["000-offset.003"]={cf=cfr(0,0,0,-.529,.097,.843,-.809,-.358,-.467,.256,-.929,.268);es="Linear";ed="In";};["000-offset.007"]={cf=cfr(0,0,0,.998,-.06,0,.06,.998,0,0,0,1);es="Linear";ed="In";};["000-offset.004"]={cf=cfr(0,0,0,.977,-.215,0,.215,.977,0,0,0,1);es="Linear";ed="In";};["000-offset.008"]={cf=cfr(0,0,0,.965,-.235,.118,.184,.286,-.94,.187,.929,.319);es="Linear";ed="In";};["000-offset.005"]={cf=cfr(0,0,0,.929,-.334,-.16,.283,.36,.889,-.24,-.871,.429);es="Linear";ed="In";};};{tm=.583;["000-offset"]={cf=cfr(0,0,0,-.841,.542,0,-.54,-.838,.076,.042,.064,.997);es="Linear";ed="In";};["004-offset.001"]={cf=cfr(0,0,0,.887,-.463,0,.463,.887,0,0,0,1);es="Linear";ed="In";};["000-offset.009"]={cf=cfr(0,0,0,-.126,-.992,-.024,.99,-.124,-.073,.069,-.033,.997);es="Linear";ed="In";};["000-offset.012"]={cf=cfr(0,0,0,-.017,-.99,-.141,.993,-.033,.111,-.114,-.138,.984);es="Linear";ed="In";};["000-offset.001"]={cf=cfr(0,0,0,.913,.406,-.024,-.407,.913,-.03,.01,.037,.999);es="Linear";ed="In";};["000-offset.010"]={cf=cfr(0,0,0,.877,.481,0,-.481,.877,0,0,0,1);es="Linear";ed="In";};["000-offset.013"]={cf=cfr(0,0,0,.93,.367,0,-.367,.93,0,0,0,1);es="Linear";ed="In";};["000-offset.002"]={cf=cfr(0,0,0,.399,-.917,-.012,.914,.399,-.078,.076,.02,.997);es="Linear";ed="In";};["000-offset.011"]={cf=cfr(0,0,0,.998,-.051,-.021,.051,.999,-.019,.022,.018,1);es="Linear";ed="In";};["000-offset.014"]={cf=cfr(0,0,0,.731,-.682,.013,.681,.73,.055,-.047,-.032,.998);es="Linear";ed="In";};["000-offset.006"]={cf=cfr(0,0,0,-.42,.148,-.895,-.882,-.3,.364,-.215,.942,.257);es="Linear";ed="In";};["000-offset.003"]={cf=cfr(0,0,0,-.528,.099,.843,-.81,-.355,-.466,.253,-.929,.268);es="Linear";ed="In";};["000-offset.007"]={cf=cfr(0,0,0,.998,-.055,0,.055,.998,0,0,0,1);es="Linear";ed="In";};["000-offset.004"]={cf=cfr(0,0,0,.976,-.217,0,.217,.976,0,0,0,1);es="Linear";ed="In";};["000-offset.008"]={cf=cfr(0,0,0,.975,-.186,.118,.17,.294,-.94,.14,.937,.319);es="Linear";ed="In";};["000-offset.005"]={cf=cfr(0,0,0,.911,-.381,-.16,.3,.345,.889,-.284,-.858,.429);es="Linear";ed="In";};};{tm=.625;["000-offset"]={cf=cfr(0,0,0,-.841,.541,0,-.54,-.84,.047,.026,.04,.999);es="Linear";ed="In";};["004-offset.001"]={cf=cfr(0,0,0,.816,-.578,0,.578,.816,0,0,0,1);es="Linear";ed="In";};["000-offset.009"]={cf=cfr(0,0,0,-.126,-.992,-.03,.99,-.123,-.074,.069,-.039,.997);es="Linear";ed="In";};["000-offset.012"]={cf=cfr(0,0,0,.131,-.984,-.121,.985,.115,.13,-.114,-.136,.984);es="Linear";ed="In";};["000-offset.001"]={cf=cfr(0,0,0,.913,.406,-.023,-.407,.913,-.029,.009,.036,.999);es="Linear";ed="In";};["000-offset.010"]={cf=cfr(0,0,0,.813,.583,0,-.583,.813,0,0,0,1);es="Linear";ed="In";};["000-offset.013"]={cf=cfr(0,0,0,.932,.363,0,-.363,.932,0,0,0,1);es="Linear";ed="In";};["000-offset.002"]={cf=cfr(0,0,0,.399,-.917,-.014,.913,.399,-.089,.087,.023,.996);es="Linear";ed="In";};["000-offset.011"]={cf=cfr(0,0,0,.999,-.048,-.021,.047,.999,-.019,.022,.018,1);es="Linear";ed="In";};["000-offset.014"]={cf=cfr(0,0,0,.655,-.755,.013,.754,.655,.056,-.051,-.027,.998);es="Linear";ed="In";};["000-offset.006"]={cf=cfr(0,0,0,-.421,.133,-.897,-.882,-.293,.37,-.213,.947,.24);es="Linear";ed="In";};["000-offset.003"]={cf=cfr(0,0,0,-.526,.096,.845,-.81,-.361,-.463,.26,-.928,.267);es="Linear";ed="In";};["000-offset.007"]={cf=cfr(0,0,0,.999,-.05,0,.05,.999,0,0,0,1);es="Linear";ed="In";};["000-offset.004"]={cf=cfr(0,0,0,.976,-.217,0,.217,.976,0,0,0,1);es="Linear";ed="In";};["000-offset.008"]={cf=cfr(0,0,0,.979,-.166,.117,.164,.299,-.94,.121,.94,.32);es="Linear";ed="In";};["000-offset.005"]={cf=cfr(0,0,0,.895,-.416,-.159,.313,.333,.89,-.317,-.846,.428);es="Linear";ed="In";};};{tm=.667;["000-offset"]={cf=cfr(0,0,0,-.841,.54,0,-.54,-.841,.015,.008,.012,1);es="Linear";ed="In";};["004-offset.001"]={cf=cfr(0,0,0,.719,-.695,0,.695,.719,0,0,0,1);es="Linear";ed="In";};["000-offset.009"]={cf=cfr(0,0,0,-.126,-.991,-.037,.99,-.123,-.075,.069,-.046,.997);es="Linear";ed="In";};["000-offset.012"]={cf=cfr(0,0,0,.295,-.951,-.095,.949,.28,.148,-.114,-.134,.984);es="Linear";ed="In";};["000-offset.001"]={cf=cfr(0,0,0,.913,.406,-.021,-.407,.913,-.026,.009,.032,.999);es="Linear";ed="In";};["000-offset.010"]={cf=cfr(0,0,0,.74,.672,0,-.672,.74,0,0,0,1);es="Linear";ed="In";};["000-offset.013"]={cf=cfr(0,0,0,.931,.366,0,-.366,.931,0,0,0,1);es="Linear";ed="In";};["000-offset.002"]={cf=cfr(0,0,0,.399,-.917,-.013,.913,.399,-.085,.083,.022,.996);es="Linear";ed="In";};["000-offset.011"]={cf=cfr(0,0,0,.998,-.051,-.021,.05,.999,-.019,.022,.018,1);es="Linear";ed="In";};["000-offset.014"]={cf=cfr(0,0,0,.592,-.806,.013,.804,.591,.056,-.053,-.023,.998);es="Linear";ed="In";};["000-offset.006"]={cf=cfr(0,0,0,-.421,.114,-.9,-.882,-.283,.377,-.211,.952,.22);es="Linear";ed="In";};["000-offset.003"]={cf=cfr(0,0,0,-.522,.087,.849,-.806,-.375,-.457,.278,-.923,.266);es="Linear";ed="In";};["000-offset.007"]={cf=cfr(0,0,0,.999,-.044,0,.044,.999,0,0,0,1);es="Linear";ed="In";};["000-offset.004"]={cf=cfr(0,0,0,.976,-.217,0,.217,.976,0,0,0,1);es="Linear";ed="In";};["000-offset.008"]={cf=cfr(0,0,0,.978,-.174,.117,.166,.299,-.94,.128,.938,.321);es="Linear";ed="In";};["000-offset.005"]={cf=cfr(0,0,0,.889,-.429,-.16,.318,.326,.89,-.33,-.842,.426);es="Linear";ed="In";};};{tm=.708;["000-offset"]={cf=cfr(0,0,0,-.841,.54,0,-.54,-.841,-.02,-.011,-.017,1);es="Linear";ed="In";};["004-offset.001"]={cf=cfr(0,0,0,.597,-.802,0,.802,.597,0,0,0,1);es="Linear";ed="In";};["000-offset.009"]={cf=cfr(0,0,0,-.126,-.991,-.044,.99,-.122,-.076,.069,-.053,.996);es="Linear";ed="In";};["000-offset.012"]={cf=cfr(0,0,0,.46,-.886,-.065,.881,.446,.161,-.114,-.131,.985);es="Linear";ed="In";};["000-offset.001"]={cf=cfr(0,0,0,.913,.407,-.018,-.407,.913,-.022,.007,.028,1);es="Linear";ed="In";};["000-offset.010"]={cf=cfr(0,0,0,.67,.742,0,-.742,.67,0,0,0,1);es="Linear";ed="In";};["000-offset.013"]={cf=cfr(0,0,0,.928,.374,0,-.374,.928,0,0,0,1);es="Linear";ed="In";};["000-offset.002"]={cf=cfr(0,0,0,.399,-.917,-.012,.914,.399,-.075,.073,.019,.997);es="Linear";ed="In";};["000-offset.011"]={cf=cfr(0,0,0,.998,-.059,-.021,.059,.998,-.019,.022,.017,1);es="Linear";ed="In";};["000-offset.014"]={cf=cfr(0,0,0,.534,-.846,.013,.844,.533,.057,-.055,-.019,.998);es="Linear";ed="In";};["000-offset.006"]={cf=cfr(0,0,0,-.425,.092,-.9,-.881,-.272,.388,-.209,.958,.197);es="Linear";ed="In";};["000-offset.003"]={cf=cfr(0,0,0,-.516,.074,.853,-.801,-.396,-.45,.304,-.915,.264);es="Linear";ed="In";};["000-offset.007"]={cf=cfr(0,0,0,.999,-.039,0,.039,.999,0,0,0,1);es="Linear";ed="In";};["000-offset.004"]={cf=cfr(0,0,0,.976,-.216,0,.216,.976,0,0,0,1);es="Linear";ed="In";};["000-offset.008"]={cf=cfr(0,0,0,.974,-.193,.118,.172,.295,-.94,.147,.936,.32);es="Linear";ed="In";};["000-offset.005"]={cf=cfr(0,0,0,.893,-.42,-.159,.315,.331,.89,-.321,-.845,.428);es="Linear";ed="In";};};{tm=.75;["000-offset"]={cf=cfr(0,0,0,-.841,.541,0,-.54,-.84,-.055,-.03,-.046,.999);es="Linear";ed="In";};["004-offset.001"]={cf=cfr(0,0,0,.459,-.888,0,.888,.459,0,0,0,1);es="Linear";ed="In";};["000-offset.009"]={cf=cfr(0,0,0,-.126,-.991,-.052,.99,-.122,-.076,.069,-.061,.996);es="Linear";ed="In";};["000-offset.012"]={cf=cfr(0,0,0,.61,-.792,-.033,.784,.597,.169,-.114,-.129,.985);es="Linear";ed="In";};["000-offset.001"]={cf=cfr(0,0,0,.913,.407,-.014,-.407,.913,-.017,.006,.022,1);es="Linear";ed="In";};["000-offset.010"]={cf=cfr(0,0,0,.618,.786,0,-.786,.618,0,0,0,1);es="Linear";ed="In";};["000-offset.013"]={cf=cfr(0,0,0,.923,.384,0,-.384,.923,0,0,0,1);es="Linear";ed="In";};["000-offset.002"]={cf=cfr(0,0,0,.4,-.917,-.009,.915,.4,-.061,.059,.016,.998);es="Linear";ed="In";};["000-offset.011"]={cf=cfr(0,0,0,.997,-.07,-.021,.07,.997,-.019,.022,.017,1);es="Linear";ed="In";};["000-offset.014"]={cf=cfr(0,0,0,.476,-.879,.013,.878,.476,.057,-.056,-.016,.998);es="Linear";ed="In";};["000-offset.006"]={cf=cfr(0,0,0,-.43,.07,-.9,-.879,-.26,.399,-.207,.963,.173);es="Linear";ed="In";};["000-offset.003"]={cf=cfr(0,0,0,-.507,.06,.86,-.794,-.42,-.439,.335,-.905,.261);es="Linear";ed="In";};["000-offset.007"]={cf=cfr(0,0,0,.999,-.034,0,.034,.999,0,0,0,1);es="Linear";ed="In";};["000-offset.004"]={cf=cfr(0,0,0,.977,-.215,0,.215,.977,0,0,0,1);es="Linear";ed="In";};["000-offset.008"]={cf=cfr(0,0,0,.968,-.221,.118,.181,.289,-.94,.174,.931,.32);es="Linear";ed="In";};["000-offset.005"]={cf=cfr(0,0,0,.905,-.394,-.16,.305,.341,.889,-.296,-.853,.429);es="Linear";ed="In";};};{tm=.792;["000-offset"]={cf=cfr(0,0,0,-.84,.542,0,-.54,-.837,-.087,-.047,-.073,.996);es="Linear";ed="In";};["004-offset.001"]={cf=cfr(0,0,0,.319,-.948,0,.948,.319,0,0,0,1);es="Linear";ed="In";};["000-offset.009"]={cf=cfr(0,0,0,-.126,-.99,-.059,.99,-.121,-.077,.069,-.068,.995);es="Linear";ed="In";};["000-offset.012"]={cf=cfr(0,0,0,.733,-.68,-.003,.67,.722,.17,-.114,-.127,.985);es="Linear";ed="In";};["000-offset.001"]={cf=cfr(0,0,0,.913,.407,-.01,-.407,.913,-.012,.004,.015,1);es="Linear";ed="In";};["000-offset.010"]={cf=cfr(0,0,0,.598,.802,0,-.802,.598,0,0,0,1);es="Linear";ed="In";};["000-offset.013"]={cf=cfr(0,0,0,.918,.396,0,-.396,.918,0,0,0,1);es="Linear";ed="In";};["000-offset.002"]={cf=cfr(0,0,0,.4,-.916,-.007,.915,.4,-.044,.043,.011,.999);es="Linear";ed="In";};["000-offset.011"]={cf=cfr(0,0,0,.996,-.084,-.021,.083,.996,-.019,.022,.017,1);es="Linear";ed="In";};["000-offset.014"]={cf=cfr(0,0,0,.446,-.895,.013,.893,.446,.056,-.056,-.014,.998);es="Linear";ed="In";};["000-offset.006"]={cf=cfr(0,0,0,-.435,.048,-.899,-.877,-.249,.41,-.204,.967,.15);es="Linear";ed="In";};["000-offset.003"]={cf=cfr(0,0,0,-.497,.046,.866,-.786,-.446,-.428,.367,-.894,.258);es="Linear";ed="In";};["000-offset.007"]={cf=cfr(0,0,0,1,-.029,0,.029,1,0,0,0,1);es="Linear";ed="In";};["000-offset.004"]={cf=cfr(0,0,0,.977,-.213,0,.213,.977,0,0,0,1);es="Linear";ed="In";};["000-offset.008"]={cf=cfr(0,0,0,.96,-.253,.118,.19,.283,-.94,.205,.925,.32);es="Linear";ed="In";};["000-offset.005"]={cf=cfr(0,0,0,.92,-.359,-.16,.292,.353,.889,-.263,-.864,.43);es="Linear";ed="In";};};{tm=.833;["000-offset"]={cf=cfr(0,0,0,-.84,.543,0,-.539,-.834,-.116,-.063,-.097,.993);es="Linear";ed="In";};["004-offset.001"]={cf=cfr(0,0,0,.188,-.982,0,.982,.188,0,0,0,1);es="Linear";ed="In";};["000-offset.009"]={cf=cfr(0,0,0,-.126,-.99,-.065,.99,-.12,-.078,.069,-.074,.995);es="Linear";ed="In";};["000-offset.012"]={cf=cfr(0,0,0,.825,-.565,.024,.554,.816,.167,-.114,-.125,.986);es="Linear";ed="In";};["000-offset.001"]={cf=cfr(0,0,0,.913,.407,-.006,-.407,.913,-.008,.002,.01,1);es="Linear";ed="In";};["000-offset.010"]={cf=cfr(0,0,0,.681,.733,0,-.733,.681,0,0,0,1);es="Linear";ed="In";};["000-offset.013"]={cf=cfr(0,0,0,.913,.408,0,-.408,.913,0,0,0,1);es="Linear";ed="In";};["000-offset.002"]={cf=cfr(0,0,0,.4,-.916,-.004,.916,.4,-.028,.028,.007,1);es="Linear";ed="In";};["000-offset.011"]={cf=cfr(0,0,0,.995,-.097,-.021,.097,.995,-.018,.023,.016,1);es="Linear";ed="In";};["000-offset.014"]={cf=cfr(0,0,0,.469,-.883,.013,.882,.469,.055,-.055,-.015,.998);es="Linear";ed="In";};["000-offset.006"]={cf=cfr(0,0,0,-.439,.029,-.898,-.876,-.238,.42,-.202,.971,.13);es="Linear";ed="In";};["000-offset.003"]={cf=cfr(0,0,0,-.487,.032,.873,-.778,-.47,-.417,.397,-.882,.254);es="Linear";ed="In";};["000-offset.007"]={cf=cfr(0,0,0,1,-.025,0,.025,1,0,0,0,1);es="Linear";ed="In";};["000-offset.004"]={cf=cfr(0,0,0,.977,-.211,0,.211,.977,0,0,0,1);es="Linear";ed="In";};["000-offset.008"]={cf=cfr(0,0,0,.951,-.285,.118,.199,.276,-.94,.235,.918,.32);es="Linear";ed="In";};["000-offset.005"]={cf=cfr(0,0,0,.934,-.32,-.16,.277,.365,.889,-.226,-.874,.43);es="Linear";ed="In";};};{tm=.875;["000-offset"]={cf=cfr(0,0,0,-.839,.544,0,-.539,-.831,-.139,-.076,-.116,.99);es="Linear";ed="In";};["004-offset.001"]={cf=cfr(0,0,0,.081,-.997,0,.997,.081,0,0,0,1);es="Linear";ed="In";};["000-offset.009"]={cf=cfr(0,0,0,-.126,-.99,-.069,.99,-.12,-.079,.069,-.079,.994);es="Linear";ed="In";};["000-offset.012"]={cf=cfr(0,0,0,.885,-.464,.044,.452,.877,.162,-.114,-.123,.986);es="Linear";ed="In";};["000-offset.001"]={cf=cfr(0,0,0,.913,.407,-.003,-.407,.913,-.004,.001,.005,1);es="Linear";ed="In";};["000-offset.010"]={cf=cfr(0,0,0,.834,.552,0,-.552,.834,0,0,0,1);es="Linear";ed="In";};["000-offset.013"]={cf=cfr(0,0,0,.908,.419,0,-.419,.908,0,0,0,1);es="Linear";ed="In";};["000-offset.002"]={cf=cfr(0,0,0,.4,-.916,-.002,.916,.4,-.014,.014,.004,1);es="Linear";ed="In";};["000-offset.011"]={cf=cfr(0,0,0,.994,-.108,-.021,.108,.994,-.018,.023,.016,1);es="Linear";ed="In";};["000-offset.014"]={cf=cfr(0,0,0,.62,-.784,.012,.783,.62,.053,-.049,-.023,.999);es="Linear";ed="In";};["000-offset.006"]={cf=cfr(0,0,0,-.442,.013,-.897,-.874,-.229,.428,-.2,.973,.113);es="Linear";ed="In";};["000-offset.003"]={cf=cfr(0,0,0,-.479,.021,.878,-.77,-.49,-.408,.421,-.871,.251);es="Linear";ed="In";};["000-offset.007"]={cf=cfr(0,0,0,1,-.023,0,.023,1,0,0,0,1);es="Linear";ed="In";};["000-offset.004"]={cf=cfr(0,0,0,.978,-.21,0,.21,.978,0,0,0,1);es="Linear";ed="In";};["000-offset.008"]={cf=cfr(0,0,0,.943,-.312,.118,.207,.27,-.94,.262,.911,.319);es="Linear";ed="In";};["000-offset.005"]={cf=cfr(0,0,0,.946,-.283,-.16,.262,.375,.889,-.191,-.883,.429);es="Linear";ed="In";};};{tm=.917;["000-offset"]={cf=cfr(0,0,0,-.838,.545,0,-.539,-.828,-.154,-.084,-.129,.988);es="Linear";ed="In";};["004-offset.001"]={cf=cfr(0,0,0,.01,-1,0,1,.01,0,0,0,1);es="Linear";ed="In";};["000-offset.009"]={cf=cfr(0,0,0,-.126,-.989,-.073,.99,-.12,-.079,.069,-.082,.994);es="Linear";ed="In";};["000-offset.012"]={cf=cfr(0,0,0,.918,-.393,.058,.38,.911,.157,-.114,-.122,.986);es="Linear";ed="In";};["000-offset.001"]={cf=cfr(0,0,0,.913,.407,-.001,-.407,.913,-.001,0,.001,1);es="Linear";ed="In";};["000-offset.010"]={cf=cfr(0,0,0,.94,.341,0,-.341,.94,0,0,0,1);es="Linear";ed="In";};["000-offset.013"]={cf=cfr(0,0,0,.905,.426,0,-.426,.905,0,0,0,1);es="Linear";ed="In";};["000-offset.002"]={cf=cfr(0,0,0,.4,-.916,-.001,.916,.4,-.004,.004,.001,1);es="Linear";ed="In";};["000-offset.011"]={cf=cfr(0,0,0,.993,-.117,-.021,.116,.993,-.018,.023,.016,1);es="Linear";ed="In";};["000-offset.014"]={cf=cfr(0,0,0,.805,-.593,.012,.592,.804,.054,-.042,-.037,.998);es="Linear";ed="In";};["000-offset.006"]={cf=cfr(0,0,0,-.445,.003,-.895,-.873,-.223,.433,-.199,.975,.102);es="Linear";ed="In";};["000-offset.003"]={cf=cfr(0,0,0,-.473,.014,.881,-.765,-.504,-.402,.438,-.864,.249);es="Linear";ed="In";};["000-offset.007"]={cf=cfr(0,0,0,1,-.021,0,.021,1,0,0,0,1);es="Linear";ed="In";};["000-offset.004"]={cf=cfr(0,0,0,.978,-.209,0,.209,.978,0,0,0,1);es="Linear";ed="In";};["000-offset.008"]={cf=cfr(0,0,0,.936,-.331,.118,.212,.266,-.94,.28,.905,.319);es="Linear";ed="In";};["000-offset.005"]={cf=cfr(0,0,0,.954,-.255,-.159,.251,.382,.89,-.166,-.888,.428);es="Linear";ed="In";};};{tm=.958;["RootNode"]={cf=cfr(0,0,0,-1,0,0,0,1,0,0,0,-1);es="Linear";ed="In";};["root"]={cf=cfr(0,2.665,0,0,0,1,0,1,0,-1,0,0);es="Linear";ed="In";};["000-offset"]={cf=cfr(0,0,0,-.838,.545,0,-.538,-.828,-.159,-.087,-.134,.987);es="Linear";ed="In";};["004-offset.001"]={cf=cfr(0,0,0,-.015,-1,0,1,-.015,0,0,0,1);es="Linear";ed="In";};["006-offset"]={cf=cfr(0,0,0,-.015,-1,0,1,-.015,0,0,0,1);es="Linear";ed="In";};["000-offset.009"]={cf=cfr(0,0,0,-.126,-.989,-.074,.99,-.12,-.079,.069,-.083,.994);es="Linear";ed="In";};["000-offset.012"]={cf=cfr(0,0,0,.928,-.367,.062,.354,.922,.155,-.114,-.122,.986);es="Linear";ed="In";};["000-offset.001"]={cf=cfr(0,0,0,.913,.407,0,-.407,.913,0,0,0,1);es="Linear";ed="In";};["000-offset.010"]={cf=cfr(0,0,0,.971,.238,0,-.238,.971,0,0,0,1);es="Linear";ed="In";};["000-offset.013"]={cf=cfr(0,0,0,.903,.429,0,-.429,.903,0,0,0,1);es="Linear";ed="In";};["004-offset"]={cf=cfr(0,0,0,.592,.643,.486,.806,-.487,-.337,.02,.591,-.806);es="Linear";ed="In";};["002-offset"]={cf=cfr(0,0,0,.596,.509,-.621,.791,-.505,.345,-.138,-.697,-.703);es="Linear";ed="In";};["000-offset.002"]={cf=cfr(0,0,0,.401,-.916,0,.916,.401,0,0,0,1);es="Linear";ed="In";};["000-offset.011"]={cf=cfr(0,0,0,.993,-.12,-.021,.119,.993,-.018,.023,.016,1);es="Linear";ed="In";};["000-offset.014"]={cf=cfr(0,0,0,.879,-.477,.013,.476,.878,.056,-.038,-.043,.998);es="Linear";ed="In";};["000-offset.006"]={cf=cfr(0,0,0,-.446,-.001,-.895,-.873,-.221,.435,-.198,.975,.098);es="Linear";ed="In";};["000-offset.003"]={cf=cfr(0,0,0,-.47,.012,.883,-.762,-.509,-.399,.445,-.861,.248);es="Linear";ed="In";};["000-offset.007"]={cf=cfr(0,0,0,1,-.02,0,.02,1,0,0,0,1);es="Linear";ed="In";};["000-offset.004"]={cf=cfr(0,0,0,.978,-.208,0,.208,.978,0,0,0,1);es="Linear";ed="In";};["000-offset.008"]={cf=cfr(0,0,0,.934,-.338,.118,.214,.264,-.941,.287,.903,.319);es="Linear";ed="In";};["000-offset.005"]={cf=cfr(0,0,0,.956,-.245,-.159,.247,.384,.89,-.156,-.89,.428);es="Linear";ed="In";};};}