local cfr = CFrame.new

return {{tm=.033;["LeftUpperArm"]={cf=cfr(0,0,0,.318,.915,.248,-.916,.365,-.17,-.246,-.173,.954);es="Sine";ed="InOut";};["Head"]={cf=cfr(0,0,0,.992,-.092,-.086,.011,.746,-.666,.125,.66,.741);es="Sine";ed="InOut";};["RightUpperArm"]={cf=cfr(0,0,0,.859,-.494,-.132,.24,.618,-.749,.452,.612,.649);es="Sine";ed="InOut";};["LeftUpperLeg"]={cf=cfr(0,0,0,.946,.315,-.074,-.289,.72,-.631,-.146,.618,.773);es="Quart";ed="InOut";};["RightUpperLeg"]={cf=cfr(0,0,0,.956,-.29,-.052,.291,.957,.005,.049,-.02,.999);es="Quart";ed="InOut";};["UpperTorso"]={cf=cfr(0,-.001,-.015,.943,-.002,.333,.105,.951,-.291,-.316,.31,.897);es="Sine";ed="InOut";};["LeftLowerArm"]={cf=cfr(0,0,0,1,0,0,0,.866,-.5,0,.5,.866);es="Sine";ed="InOut";};["LeftFoot"]={cf=cfr(0,0,0,1,0,0,0,1,0,0,0,1);es="Quart";ed="InOut";};["LeftLowerLeg"]={cf=cfr(0,0,0,1,0,0,0,.643,.766,0,-.766,.643);es="Quart";ed="InOut";};["RightLowerArm"]={cf=cfr(0,0,0,1,0,0,0,.766,-.643,0,.643,.766);es="Sine";ed="InOut";};["LowerTorso"]={cf=cfr(0,-2.665,-.041,.984,-.003,-.179,.179,.031,.983,.003,-1,.031);es="Sine";ed="InOut";};["RightFoot"]={cf=cfr(0,0,0,1,0,0,0,1,0,0,0,1);es="Quart";ed="InOut";};["RightLowerLeg"]={cf=cfr(0,0,0,1,0,0,0,.766,.643,0,-.643,.766);es="Quart";ed="InOut";};["LeftHand"]={cf=cfr(0,0,0,1,0,0,0,1,0,0,0,1);es="Sine";ed="InOut";};["RightHand"]={cf=cfr(0,0,0,1,0,0,0,1,0,0,0,1);es="Sine";ed="InOut";};};{tm=.05;["RightUpperArm"]={cf=cfr(-.004,.002,-.004,.853,-.505,-.13,.254,.621,-.741,.455,.599,.658);es="Linear";ed="In";};["Head"]={cf=cfr(0,0,0,.993,-.088,-.083,.011,.746,-.666,.121,.66,.741);es="Linear";ed="In";};["LeftUpperArm"]={cf=cfr(.003,0,-.005,.329,.913,.242,-.909,.376,-.18,-.255,-.161,.953);es="Linear";ed="In";};["UpperTorso"]={cf=cfr(0,-.001,-.015,.947,-.002,.322,.101,.951,-.293,-.306,.31,.9);es="Linear";ed="In";};["RightUpperLeg"]={cf=cfr(0,.001,0,.955,-.29,-.052,.291,.957,0,.049,-.015,.999);es="Linear";ed="In";};["LeftUpperLeg"]={cf=cfr(0,.001,0,.946,.315,-.073,-.289,.723,-.627,-.145,.615,.775);es="Linear";ed="In";};["LeftLowerArm"]={cf=cfr(0,0,0,1,0,0,0,.865,-.503,0,.503,.865);es="Linear";ed="In";};["LeftFoot"]={cf=cfr(0,0,0,1,0,0,0,1,0,0,0,1);es="Linear";ed="In";};["LeftLowerLeg"]={cf=cfr(0,0,0,1,0,0,0,.644,.765,0,-.765,.644);es="Linear";ed="In";};["RightLowerArm"]={cf=cfr(0,0,0,1,0,0,0,.768,-.641,0,.641,.768);es="Linear";ed="In";};["LowerTorso"]={cf=cfr(0,-2.665,-.041,.985,-.003,-.173,.173,.031,.984,.003,-1,.031);es="Linear";ed="In";};["RightFoot"]={cf=cfr(0,0,0,1,0,0,0,1,0,0,0,1);es="Linear";ed="In";};["RightLowerLeg"]={cf=cfr(0,0,0,1,0,0,0,.765,.644,0,-.644,.765);es="Linear";ed="In";};["LeftHand"]={cf=cfr(0,0,0,1,0,0,0,1,0,0,0,1);es="Linear";ed="In";};["RightHand"]={cf=cfr(0,0,0,1,0,0,0,1,0,0,0,1);es="Linear";ed="In";};};{tm=.067;["RightUpperArm"]={cf=cfr(-.014,.006,-.015,.835,-.536,-.125,.296,.629,-.718,.463,.563,.684);es="Linear";ed="In";};["Head"]={cf=cfr(0,0,-.001,.994,-.079,-.074,.01,.746,-.666,.108,.662,.742);es="Linear";ed="In";};["LeftUpperArm"]={cf=cfr(.013,0,-.017,.361,.905,.226,-.889,.407,-.211,-.283,-.125,.951);es="Linear";ed="In";};["UpperTorso"]={cf=cfr(0,-.001,-.015,.957,-.002,.29,.091,.951,-.296,-.275,.31,.91);es="Linear";ed="In";};["RightUpperLeg"]={cf=cfr(-.002,.01,.003,.954,-.296,-.041,.294,.954,-.064,.058,.049,.997);es="Linear";ed="In";};["LeftUpperLeg"]={cf=cfr(.002,.01,.005,.947,.316,-.061,-.292,.763,-.577,-.136,.564,.814);es="Linear";ed="In";};["LeftLowerArm"]={cf=cfr(0,0,0,1,0,0,0,.86,-.51,0,.51,.86);es="Linear";ed="In";};["LeftFoot"]={cf=cfr(0,0,0,1,0,0,0,1,0,0,0,1);es="Linear";ed="In";};["LeftLowerLeg"]={cf=cfr(0,0,0,1,0,0,0,.656,.755,0,-.755,.656);es="Linear";ed="In";};["RightLowerArm"]={cf=cfr(0,0,0,1,0,0,0,.774,-.634,0,.634,.774);es="Linear";ed="In";};["LowerTorso"]={cf=cfr(0,-2.665,-.041,.988,-.002,-.155,.155,.031,.987,.002,-1,.031);es="Linear";ed="In";};["RightFoot"]={cf=cfr(0,0,0,1,0,0,0,1,0,0,0,1);es="Linear";ed="In";};["RightLowerLeg"]={cf=cfr(0,0,0,1,0,0,0,.755,.656,0,-.656,.755);es="Linear";ed="In";};["LeftHand"]={cf=cfr(0,0,0,1,0,0,0,1,0,0,0,1);es="Linear";ed="In";};["RightHand"]={cf=cfr(0,0,0,1,0,0,0,1,0,0,0,1);es="Linear";ed="In";};};{tm=.083;["RightUpperArm"]={cf=cfr(-.028,.011,-.03,.803,-.584,-.119,.363,.637,-.68,.473,.503,.724);es="Linear";ed="In";};["Head"]={cf=cfr(0,0,-.003,.996,-.065,-.061,.008,.746,-.666,.089,.663,.743);es="Linear";ed="In";};["LeftUpperArm"]={cf=cfr(.026,.001,-.034,.411,.889,.202,-.852,.454,-.26,-.323,-.065,.944);es="Linear";ed="In";};["UpperTorso"]={cf=cfr(0,-.001,-.015,.971,-.001,.238,.075,.951,-.3,-.226,.31,.924);es="Linear";ed="In";};["RightUpperLeg"]={cf=cfr(-.006,.028,.01,.95,-.314,.008,.298,.894,-.334,.097,.319,.943);es="Linear";ed="In";};["LeftUpperLeg"]={cf=cfr(.006,.028,.01,.95,.314,-.008,-.298,.894,-.334,-.097,.319,.943);es="Linear";ed="In";};["LeftLowerArm"]={cf=cfr(0,.001,0,1,0,0,0,.853,-.522,0,.522,.853);es="Linear";ed="In";};["LeftFoot"]={cf=cfr(0,0,0,1,0,0,0,1,0,0,0,1);es="Linear";ed="In";};["LeftLowerLeg"]={cf=cfr(0,.001,-.001,1,0,0,0,.707,.707,0,-.707,.707);es="Linear";ed="In";};["RightLowerArm"]={cf=cfr(0,0,0,1,0,0,0,.782,-.623,0,.623,.782);es="Linear";ed="In";};["LowerTorso"]={cf=cfr(0,-2.665,-.041,.992,-.002,-.127,.127,.031,.991,.002,-1,.031);es="Linear";ed="In";};["RightFoot"]={cf=cfr(0,0,0,1,0,0,0,1,0,0,0,1);es="Linear";ed="In";};["RightLowerLeg"]={cf=cfr(0,.001,-.001,1,0,0,0,.707,.707,0,-.707,.707);es="Linear";ed="In";};["LeftHand"]={cf=cfr(0,0,0,1,0,0,0,1,0,0,0,1);es="Linear";ed="In";};["RightHand"]={cf=cfr(0,0,0,1,0,0,0,1,0,0,0,1);es="Linear";ed="In";};};{tm=.1;["RightUpperArm"]={cf=cfr(-.042,.015,-.046,.757,-.643,-.116,.447,.639,-.626,.476,.422,.771);es="Linear";ed="In";};["Head"]={cf=cfr(0,0,-.004,.998,-.046,-.043,.006,.746,-.666,.063,.664,.745);es="Linear";ed="In";};["LeftUpperArm"]={cf=cfr(.039,.004,-.051,.476,.862,.175,-.798,.508,-.326,-.37,.015,.929);es="Linear";ed="In";};["UpperTorso"]={cf=cfr(0,-.001,-.014,.986,-.001,.169,.053,.951,-.305,-.161,.309,.937);es="Linear";ed="In";};["RightUpperLeg"]={cf=cfr(-.002,.01,.004,.947,-.316,.061,.292,.763,-.577,.136,.564,.814);es="Linear";ed="In";};["LeftUpperLeg"]={cf=cfr(.002,.01,.003,.954,.296,.041,-.294,.954,-.064,-.058,.049,.997);es="Linear";ed="In";};["LeftLowerArm"]={cf=cfr(0,.001,.001,1,0,0,0,.843,-.537,0,.537,.843);es="Linear";ed="In";};["LeftFoot"]={cf=cfr(0,0,0,1,0,0,0,1,0,0,0,1);es="Linear";ed="In";};["LeftLowerLeg"]={cf=cfr(0,0,0,1,0,0,0,.755,.656,0,-.656,.755);es="Linear";ed="In";};["RightLowerArm"]={cf=cfr(0,.001,.001,1,0,0,0,.793,-.609,0,.609,.793);es="Linear";ed="In";};["LowerTorso"]={cf=cfr(0,-2.665,-.041,.996,-.001,-.09,.09,.031,.995,.001,-1,.031);es="Linear";ed="In";};["RightFoot"]={cf=cfr(0,0,0,1,0,0,0,1,0,0,0,1);es="Linear";ed="In";};["RightLowerLeg"]={cf=cfr(0,.001,-.001,1,0,0,0,.656,.755,0,-.755,.656);es="Linear";ed="In";};["LeftHand"]={cf=cfr(0,0,0,1,0,0,0,1,0,0,0,1);es="Linear";ed="In";};["RightHand"]={cf=cfr(0,0,0,1,0,0,0,1,0,0,0,1);es="Linear";ed="In";};};{tm=.117;["RightUpperArm"]={cf=cfr(-.052,.015,-.059,.697,-.707,-.119,.542,.628,-.558,.469,.325,.821);es="Linear";ed="In";};["Head"]={cf=cfr(0,0,-.005,.999,-.024,-.022,.003,.746,-.666,.032,.665,.746);es="Linear";ed="In";};["LeftUpperArm"]={cf=cfr(.05,.009,-.062,.55,.821,.15,-.725,.559,-.401,-.414,.112,.904);es="Linear";ed="In";};["UpperTorso"]={cf=cfr(0,-.001,-.014,.996,0,.088,.028,.951,-.308,-.083,.309,.947);es="Linear";ed="In";};["RightUpperLeg"]={cf=cfr(0,.001,0,.946,-.315,.073,.289,.723,-.627,.145,.615,.775);es="Linear";ed="In";};["LeftUpperLeg"]={cf=cfr(0,.001,0,.955,.29,.052,-.291,.957,0,-.049,-.015,.999);es="Linear";ed="In";};["LeftLowerArm"]={cf=cfr(0,.001,.001,1,0,0,0,.832,-.555,0,.555,.832);es="Linear";ed="In";};["LeftFoot"]={cf=cfr(0,0,0,1,0,0,0,1,0,0,0,1);es="Linear";ed="In";};["LeftLowerLeg"]={cf=cfr(0,0,0,1,0,0,0,.765,.644,0,-.644,.765);es="Linear";ed="In";};["RightLowerArm"]={cf=cfr(0,.001,.001,1,0,0,0,.806,-.592,0,.592,.806);es="Linear";ed="In";};["LowerTorso"]={cf=cfr(0,-2.665,-.041,.999,-.001,-.047,.047,.031,.998,.001,-1,.031);es="Linear";ed="In";};["RightFoot"]={cf=cfr(0,0,0,1,0,0,0,1,0,0,0,1);es="Linear";ed="In";};["RightLowerLeg"]={cf=cfr(0,0,0,1,0,0,0,.644,.765,0,-.765,.644);es="Linear";ed="In";};["LeftHand"]={cf=cfr(0,0,0,1,0,0,0,1,0,0,0,1);es="Linear";ed="In";};["RightHand"]={cf=cfr(0,0,0,1,0,0,0,1,0,0,0,1);es="Linear";ed="In";};};{tm=.133;["RightUpperArm"]={cf=cfr(-.055,.013,-.065,.626,-.769,-.13,.638,.601,-.481,.448,.218,.867);es="Linear";ed="In";};["Head"]={cf=cfr(0,0,-.005,1,0,0,0,.746,-.666,0,.666,.746);es="Linear";ed="In";};["LeftUpperArm"]={cf=cfr(.055,.013,-.065,.626,.769,.13,-.638,.601,-.481,-.448,.218,.867);es="Linear";ed="In";};["LeftLowerArm"]={cf=cfr(0,.001,.001,1,0,0,0,.819,-.574,0,.574,.819);es="Linear";ed="In";};["RightLowerArm"]={cf=cfr(0,.001,.001,1,0,0,0,.819,-.574,0,.574,.819);es="Linear";ed="In";};["LowerTorso"]={cf=cfr(0,-2.665,-.041,1,0,0,0,.031,1,0,-1,.031);es="Linear";ed="In";};["LeftHand"]={cf=cfr(0,0,0,1,0,0,0,1,0,0,0,1);es="Linear";ed="In";};["RightHand"]={cf=cfr(0,0,0,1,0,0,0,1,0,0,0,1);es="Linear";ed="In";};["RightFoot"]={cf=cfr(0,0,0,1,0,0,0,1,0,0,0,1);es="Quart";ed="InOut";};["RightLowerLeg"]={cf=cfr(0,0,0,1,0,0,0,.643,.766,0,-.766,.643);es="Quart";ed="InOut";};["UpperTorso"]={cf=cfr(0,-.001,-.014,1,0,0,0,.951,-.309,0,.309,.951);es="Linear";ed="In";};["LeftUpperLeg"]={cf=cfr(0,0,0,.956,.29,.052,-.291,.957,.005,-.049,-.02,.999);es="Quart";ed="InOut";};["RightUpperLeg"]={cf=cfr(0,0,0,.946,-.315,.074,.289,.72,-.631,.146,.618,.773);es="Quart";ed="InOut";};["LeftFoot"]={cf=cfr(0,0,0,1,0,0,0,1,0,0,0,1);es="Quart";ed="InOut";};["LeftLowerLeg"]={cf=cfr(0,0,0,1,0,0,0,.766,.643,0,-.643,.766);es="Quart";ed="InOut";};};{tm=.15;["RightUpperArm"]={cf=cfr(-.05,.009,-.062,.55,-.821,-.15,.725,.559,-.401,.414,.112,.904);es="Linear";ed="In";};["Head"]={cf=cfr(0,0,-.005,.999,.024,.022,-.003,.746,-.666,-.032,.665,.746);es="Linear";ed="In";};["LeftUpperArm"]={cf=cfr(.052,.015,-.059,.697,.707,.119,-.542,.628,-.558,-.469,.325,.821);es="Linear";ed="In";};["UpperTorso"]={cf=cfr(0,-.001,-.014,.996,0,-.088,-.028,.951,-.308,.083,.309,.947);es="Linear";ed="In";};["RightUpperLeg"]={cf=cfr(0,0,0,.946,-.315,.074,.289,.72,-.631,.146,.618,.773);es="Linear";ed="In";};["LeftUpperLeg"]={cf=cfr(0,0,0,.956,.29,.052,-.291,.957,.004,-.049,-.019,.999);es="Linear";ed="In";};["LeftLowerArm"]={cf=cfr(0,.001,.001,1,0,0,0,.806,-.592,0,.592,.806);es="Linear";ed="In";};["RightLowerArm"]={cf=cfr(0,.001,.001,1,0,0,0,.832,-.555,0,.555,.832);es="Linear";ed="In";};["LowerTorso"]={cf=cfr(0,-2.665,-.041,.999,.001,.047,-.047,.031,.998,-.001,-1,.031);es="Linear";ed="In";};["LeftHand"]={cf=cfr(0,0,0,1,0,0,0,1,0,0,0,1);es="Linear";ed="In";};["RightHand"]={cf=cfr(0,0,0,1,0,0,0,1,0,0,0,1);es="Linear";ed="In";};["RightFoot"]={cf=cfr(0,0,0,1,0,0,0,1,0,0,0,1);es="Linear";ed="In";};["RightLowerLeg"]={cf=cfr(0,0,0,1,0,0,0,.643,.766,0,-.766,.643);es="Linear";ed="In";};["LeftFoot"]={cf=cfr(0,0,0,1,0,0,0,1,0,0,0,1);es="Linear";ed="In";};["LeftLowerLeg"]={cf=cfr(0,0,0,1,0,0,0,.766,.643,0,-.643,.766);es="Linear";ed="In";};};{tm=.167;["RightUpperArm"]={cf=cfr(-.039,.004,-.051,.476,-.862,-.175,.798,.508,-.326,.37,.015,.929);es="Linear";ed="In";};["Head"]={cf=cfr(0,0,-.004,.998,.046,.043,-.006,.746,-.666,-.063,.664,.745);es="Linear";ed="In";};["LeftUpperArm"]={cf=cfr(.042,.015,-.046,.757,.643,.116,-.447,.639,-.626,-.476,.422,.771);es="Linear";ed="In";};["UpperTorso"]={cf=cfr(0,-.001,-.014,.986,.001,-.169,-.053,.951,-.305,.161,.309,.937);es="Linear";ed="In";};["RightUpperLeg"]={cf=cfr(0,0,0,.946,-.315,.073,.289,.721,-.63,.145,.617,.773);es="Linear";ed="In";};["LeftUpperLeg"]={cf=cfr(0,0,0,.956,.29,.052,-.291,.957,.003,-.049,-.018,.999);es="Linear";ed="In";};["LeftLowerArm"]={cf=cfr(0,.001,.001,1,0,0,0,.793,-.609,0,.609,.793);es="Linear";ed="In";};["RightLowerArm"]={cf=cfr(0,.001,0,1,0,0,0,.843,-.537,0,.537,.843);es="Linear";ed="In";};["LowerTorso"]={cf=cfr(0,-2.665,-.041,.996,.001,.09,-.09,.031,.995,-.001,-1,.031);es="Linear";ed="In";};["LeftHand"]={cf=cfr(0,0,0,1,0,0,0,1,0,0,0,1);es="Linear";ed="In";};["RightHand"]={cf=cfr(0,0,0,1,0,0,0,1,0,0,0,1);es="Linear";ed="In";};["RightFoot"]={cf=cfr(0,0,0,1,0,0,0,1,0,0,0,1);es="Linear";ed="In";};["RightLowerLeg"]={cf=cfr(0,0,0,1,0,0,0,.643,.766,0,-.766,.643);es="Linear";ed="In";};["LeftFoot"]={cf=cfr(0,0,0,1,0,0,0,1,0,0,0,1);es="Linear";ed="In";};["LeftLowerLeg"]={cf=cfr(0,0,0,1,0,0,0,.766,.643,0,-.643,.766);es="Linear";ed="In";};};{tm=.183;["RightUpperArm"]={cf=cfr(-.026,.001,-.034,.411,-.889,-.202,.852,.454,-.26,.323,-.065,.944);es="Linear";ed="In";};["Head"]={cf=cfr(0,0,-.003,.996,.065,.061,-.008,.746,-.666,-.089,.663,.743);es="Linear";ed="In";};["LeftUpperArm"]={cf=cfr(.028,.011,-.03,.803,.584,.119,-.363,.637,-.68,-.473,.503,.724);es="Linear";ed="In";};["UpperTorso"]={cf=cfr(0,-.001,-.015,.971,.001,-.238,-.075,.951,-.3,.226,.31,.924);es="Linear";ed="In";};["RightUpperLeg"]={cf=cfr(0,.001,0,.946,-.315,.073,.289,.724,-.626,.145,.614,.776);es="Linear";ed="In";};["LeftUpperLeg"]={cf=cfr(0,.001,0,.955,.291,.051,-.291,.957,-.001,-.049,-.014,.999);es="Linear";ed="In";};["LeftLowerArm"]={cf=cfr(.001,.001,0,1,0,0,0,.782,-.623,0,.623,.782);es="Linear";ed="In";};["RightLowerArm"]={cf=cfr(.001,0,0,1,0,0,0,.853,-.522,0,.522,.853);es="Linear";ed="In";};["LowerTorso"]={cf=cfr(0,-2.665,-.041,.992,.002,.127,-.127,.031,.991,-.002,-1,.031);es="Linear";ed="In";};["LeftHand"]={cf=cfr(.001,0,0,1,0,0,0,1,0,0,0,1);es="Linear";ed="In";};["RightHand"]={cf=cfr(.001,0,0,1,0,0,0,1,0,0,0,1);es="Linear";ed="In";};["RightFoot"]={cf=cfr(0,0,0,1,0,0,0,1,0,0,0,1);es="Linear";ed="In";};["RightLowerLeg"]={cf=cfr(0,0,0,1,0,0,0,.644,.765,0,-.765,.644);es="Linear";ed="In";};["LeftFoot"]={cf=cfr(0,0,0,1,0,0,0,1,0,0,0,1);es="Linear";ed="In";};["LeftLowerLeg"]={cf=cfr(0,0,0,1,0,0,0,.765,.644,0,-.644,.765);es="Linear";ed="In";};};{tm=.2;["RightUpperArm"]={cf=cfr(-.013,0,-.017,.361,-.905,-.226,.889,.407,-.211,.283,-.125,.951);es="Linear";ed="In";};["Head"]={cf=cfr(0,0,-.001,.994,.079,.074,-.01,.746,-.666,-.108,.662,.742);es="Linear";ed="In";};["LeftUpperArm"]={cf=cfr(.014,.006,-.015,.835,.536,.125,-.296,.629,-.718,-.463,.563,.684);es="Linear";ed="In";};["UpperTorso"]={cf=cfr(0,-.001,-.015,.957,.002,-.29,-.091,.951,-.296,.275,.31,.91);es="Linear";ed="In";};["RightUpperLeg"]={cf=cfr(-.001,.003,.001,.946,-.315,.07,.29,.731,-.618,.143,.605,.783);es="Linear";ed="In";};["LeftUpperLeg"]={cf=cfr(.001,.003,.001,.955,.292,.05,-.291,.957,-.012,-.051,-.003,.999);es="Linear";ed="In";};["LeftLowerArm"]={cf=cfr(.001,0,0,1,0,0,0,.774,-.634,0,.634,.774);es="Linear";ed="In";};["RightLowerArm"]={cf=cfr(.001,0,0,1,0,0,0,.86,-.51,0,.51,.86);es="Linear";ed="In";};["LowerTorso"]={cf=cfr(0,-2.665,-.041,.988,.002,.155,-.155,.031,.987,-.002,-1,.031);es="Linear";ed="In";};["LeftHand"]={cf=cfr(.001,0,0,1,0,0,0,1,0,0,0,1);es="Linear";ed="In";};["RightHand"]={cf=cfr(.001,0,0,1,0,0,0,1,0,0,0,1);es="Linear";ed="In";};["RightFoot"]={cf=cfr(0,0,0,1,0,0,0,1,0,0,0,1);es="Linear";ed="In";};["RightLowerLeg"]={cf=cfr(0,0,0,1,0,0,0,.646,.763,0,-.763,.646);es="Linear";ed="In";};["LeftFoot"]={cf=cfr(0,0,0,1,0,0,0,1,0,0,0,1);es="Linear";ed="In";};["LeftLowerLeg"]={cf=cfr(0,0,0,1,0,0,0,.763,.646,0,-.646,.763);es="Linear";ed="In";};};{tm=.217;["RightUpperArm"]={cf=cfr(-.003,0,-.005,.329,-.913,-.242,.909,.376,-.18,.255,-.161,.953);es="Linear";ed="In";};["Head"]={cf=cfr(0,0,0,.993,.088,.083,-.011,.746,-.666,-.121,.66,.741);es="Linear";ed="In";};["LeftUpperArm"]={cf=cfr(.004,.002,-.004,.853,.505,.13,-.254,.621,-.741,-.455,.599,.658);es="Linear";ed="In";};["UpperTorso"]={cf=cfr(0,-.001,-.015,.947,.002,-.322,-.101,.951,-.293,.306,.31,.9);es="Linear";ed="In";};["RightUpperLeg"]={cf=cfr(-.001,.006,.003,.946,-.316,.066,.291,.746,-.598,.14,.586,.798);es="Linear";ed="In";};["LeftUpperLeg"]={cf=cfr(.001,.007,.002,.955,.294,.046,-.292,.956,-.037,-.054,.022,.998);es="Linear";ed="In";};["LeftLowerArm"]={cf=cfr(.001,0,0,1,0,0,0,.768,-.641,0,.641,.768);es="Linear";ed="In";};["RightLowerArm"]={cf=cfr(.001,0,0,1,0,0,0,.865,-.503,0,.503,.865);es="Linear";ed="In";};["LowerTorso"]={cf=cfr(0,-2.665,-.041,.985,.003,.173,-.173,.031,.984,-.003,-1,.031);es="Linear";ed="In";};["LeftHand"]={cf=cfr(.001,0,0,1,0,0,0,1,0,0,0,1);es="Linear";ed="In";};["RightHand"]={cf=cfr(.001,0,0,1,0,0,0,1,0,0,0,1);es="Linear";ed="In";};["RightFoot"]={cf=cfr(0,0,0,1,0,0,0,1,0,0,0,1);es="Linear";ed="In";};["RightLowerLeg"]={cf=cfr(0,0,0,1,0,0,0,.651,.759,0,-.759,.651);es="Linear";ed="In";};["LeftFoot"]={cf=cfr(0,0,0,1,0,0,0,1,0,0,0,1);es="Linear";ed="In";};["LeftLowerLeg"]={cf=cfr(0,0,0,1,0,0,0,.759,.651,0,-.651,.759);es="Linear";ed="In";};};{tm=.233;["RightFoot"]={cf=cfr(0,0,0,1,0,0,0,1,0,0,0,1);es="Linear";ed="In";};["RightLowerLeg"]={cf=cfr(0,.001,-.001,1,0,0,0,.659,.752,0,-.752,.659);es="Linear";ed="In";};["LeftFoot"]={cf=cfr(0,0,0,1,0,0,0,1,0,0,0,1);es="Linear";ed="In";};["LeftLowerLeg"]={cf=cfr(0,0,0,1,0,0,0,.752,.659,0,-.659,.752);es="Linear";ed="In";};["Head"]={cf=cfr(0,0,0,.992,.092,.086,-.011,.746,-.666,-.125,.66,.741);es="Sine";ed="InOut";};["LeftUpperArm"]={cf=cfr(0,0,0,.859,.494,.132,-.24,.618,-.749,-.452,.612,.649);es="Sine";ed="InOut";};["RightUpperArm"]={cf=cfr(0,0,0,.318,-.915,-.248,.916,.365,-.17,.246,-.173,.954);es="Sine";ed="InOut";};["LeftUpperLeg"]={cf=cfr(.002,.013,.003,.954,.298,.038,-.294,.952,-.081,-.06,.066,.996);es="Linear";ed="In";};["RightUpperLeg"]={cf=cfr(-.002,.012,.005,.947,-.317,.057,.293,.773,-.563,.134,.55,.825);es="Linear";ed="In";};["UpperTorso"]={cf=cfr(0,-.001,-.015,.943,.002,-.333,-.105,.951,-.291,.316,.31,.897);es="Sine";ed="InOut";};["LeftLowerArm"]={cf=cfr(.001,0,0,1,0,0,0,.766,-.643,0,.643,.766);es="Sine";ed="InOut";};["RightLowerArm"]={cf=cfr(.001,0,0,1,0,0,0,.866,-.5,0,.5,.866);es="Sine";ed="InOut";};["LowerTorso"]={cf=cfr(0,-2.665,-.041,.984,.003,.179,-.179,.031,.983,-.003,-1,.031);es="Sine";ed="InOut";};["LeftHand"]={cf=cfr(.001,0,0,1,0,0,0,1,0,0,0,1);es="Sine";ed="InOut";};["RightHand"]={cf=cfr(.001,0,0,1,0,0,0,1,0,0,0,1);es="Sine";ed="InOut";};};{tm=.25;["RightFoot"]={cf=cfr(0,0,0,1,0,0,0,1,0,0,0,1);es="Linear";ed="In";};["RightLowerLeg"]={cf=cfr(0,.001,-.001,1,0,0,0,.673,.74,0,-.74,.673);es="Linear";ed="In";};["RightUpperLeg"]={cf=cfr(-.004,.019,.008,.947,-.317,.044,.295,.813,-.502,.124,.488,.864);es="Linear";ed="In";};["LeftUpperLeg"]={cf=cfr(.004,.02,.006,.952,.303,.025,-.296,.943,-.154,-.071,.139,.988);es="Linear";ed="In";};["UpperTorso"]={cf=cfr(0,-.001,-.015,.947,.002,-.32,-.101,.951,-.293,.304,.31,.901);es="Linear";ed="In";};["LeftFoot"]={cf=cfr(0,0,0,1,0,0,0,1,0,0,0,1);es="Linear";ed="In";};["LeftLowerLeg"]={cf=cfr(0,.001,-.001,1,0,0,0,.74,.673,0,-.673,.74);es="Linear";ed="In";};["RightUpperArm"]={cf=cfr(-.004,0,-.006,.331,-.912,-.241,.908,.378,-.182,.257,-.159,.953);es="Linear";ed="In";};["LeftUpperArm"]={cf=cfr(.005,.002,-.005,.852,.507,.13,-.257,.622,-.74,-.456,.597,.66);es="Linear";ed="In";};["Head"]={cf=cfr(0,0,0,.993,.088,.082,-.011,.746,-.666,-.12,.661,.741);es="Linear";ed="In";};["LeftLowerArm"]={cf=cfr(.001,0,0,1,0,0,0,.768,-.64,0,.64,.768);es="Linear";ed="In";};["RightLowerArm"]={cf=cfr(.001,0,0,1,0,0,0,.864,-.503,0,.503,.864);es="Linear";ed="In";};["LowerTorso"]={cf=cfr(0,-2.665,-.041,.985,.003,.172,-.172,.031,.985,-.003,-1,.031);es="Linear";ed="In";};["LeftHand"]={cf=cfr(.001,0,0,1,0,0,0,1,0,0,0,1);es="Linear";ed="In";};["RightHand"]={cf=cfr(.001,0,0,1,0,0,0,1,0,0,0,1);es="Linear";ed="In";};};{tm=.267;["RightFoot"]={cf=cfr(0,0,0,1,0,0,0,1,0,0,0,1);es="Linear";ed="In";};["RightLowerLeg"]={cf=cfr(0,.001,-.001,1,0,0,0,.694,.72,0,-.72,.694);es="Linear";ed="In";};["RightUpperLeg"]={cf=cfr(-.005,.027,.01,.949,-.316,.022,.298,.866,-.403,.108,.388,.915);es="Linear";ed="In";};["LeftUpperLeg"]={cf=cfr(.005,.027,.009,.951,.31,.005,-.298,.918,-.263,-.087,.248,.965);es="Linear";ed="In";};["UpperTorso"]={cf=cfr(0,-.001,-.015,.959,.002,-.282,-.089,.951,-.297,.268,.31,.912);es="Linear";ed="In";};["LeftFoot"]={cf=cfr(0,0,0,1,0,0,0,1,0,0,0,1);es="Linear";ed="In";};["LeftLowerLeg"]={cf=cfr(0,.001,-.001,1,0,0,0,.72,.694,0,-.694,.72);es="Linear";ed="In";};["RightUpperArm"]={cf=cfr(-.015,0,-.02,.369,-.903,-.222,.883,.415,-.218,.289,-.116,.95);es="Linear";ed="In";};["LeftUpperArm"]={cf=cfr(.017,.007,-.017,.83,.543,.124,-.307,.631,-.713,-.465,.554,.691);es="Linear";ed="In";};["Head"]={cf=cfr(0,0,-.002,.994,.077,.072,-.009,.746,-.666,-.105,.662,.742);es="Linear";ed="In";};["LeftLowerArm"]={cf=cfr(.001,0,0,1,0,0,0,.775,-.632,0,.632,.775);es="Linear";ed="In";};["RightLowerArm"]={cf=cfr(.001,0,0,1,0,0,0,.859,-.512,0,.512,.859);es="Linear";ed="In";};["LowerTorso"]={cf=cfr(0,-2.665,-.041,.989,.002,.151,-.151,.031,.988,-.002,-1,.031);es="Linear";ed="In";};["LeftHand"]={cf=cfr(.001,0,0,1,0,0,0,1,0,0,0,1);es="Linear";ed="In";};["RightHand"]={cf=cfr(.001,0,0,1,0,0,0,1,0,0,0,1);es="Linear";ed="In";};};{tm=.283;["RightFoot"]={cf=cfr(0,0,0,1,0,0,0,1,0,0,0,1);es="Linear";ed="In";};["RightLowerLeg"]={cf=cfr(0,.001,-.001,1,0,0,0,.72,.694,0,-.694,.72);es="Linear";ed="In";};["RightUpperLeg"]={cf=cfr(-.005,.027,.009,.951,-.31,-.005,.298,.918,-.263,.087,.248,.965);es="Linear";ed="In";};["LeftUpperLeg"]={cf=cfr(.005,.027,.01,.949,.316,-.022,-.298,.866,-.403,-.108,.388,.915);es="Linear";ed="In";};["UpperTorso"]={cf=cfr(0,-.001,-.014,.975,.001,-.221,-.069,.951,-.302,.21,.31,.928);es="Linear";ed="In";};["LeftFoot"]={cf=cfr(0,0,0,1,0,0,0,1,0,0,0,1);es="Linear";ed="In";};["LeftLowerLeg"]={cf=cfr(0,.001,-.001,1,0,0,0,.694,.72,0,-.72,.694);es="Linear";ed="In";};["RightUpperArm"]={cf=cfr(-.029,.002,-.039,.428,-.882,-.195,.839,.468,-.277,.336,-.045,.941);es="Linear";ed="In";};["LeftUpperArm"]={cf=cfr(.032,.012,-.035,.792,.599,.117,-.384,.639,-.667,-.474,.483,.736);es="Linear";ed="In";};["Head"]={cf=cfr(0,0,-.003,.997,.06,.056,-.007,.746,-.666,-.082,.663,.744);es="Linear";ed="In";};["LeftLowerArm"]={cf=cfr(.001,.001,0,1,0,0,0,.785,-.619,0,.619,.785);es="Linear";ed="In";};["RightLowerArm"]={cf=cfr(.001,0,0,1,0,0,0,.851,-.526,0,.526,.851);es="Linear";ed="In";};["LowerTorso"]={cf=cfr(0,-2.665,-.041,.993,.002,.117,-.117,.031,.993,-.002,-1,.031);es="Linear";ed="In";};["LeftHand"]={cf=cfr(.001,0,0,1,0,0,0,1,0,0,0,1);es="Linear";ed="In";};["RightHand"]={cf=cfr(.001,0,0,1,0,0,0,1,0,0,0,1);es="Linear";ed="In";};};{tm=.3;["RightFoot"]={cf=cfr(0,0,0,1,0,0,0,1,0,0,0,1);es="Linear";ed="In";};["RightLowerLeg"]={cf=cfr(0,.001,-.001,1,0,0,0,.74,.673,0,-.673,.74);es="Linear";ed="In";};["RightUpperLeg"]={cf=cfr(-.004,.02,.006,.952,-.303,-.025,.296,.943,-.154,.071,.139,.988);es="Linear";ed="In";};["LeftUpperLeg"]={cf=cfr(.004,.019,.009,.947,.317,-.044,-.295,.813,-.502,-.124,.488,.864);es="Linear";ed="In";};["UpperTorso"]={cf=cfr(0,-.001,-.014,.99,.001,-.141,-.044,.951,-.306,.134,.309,.941);es="Linear";ed="In";};["LeftFoot"]={cf=cfr(0,0,0,1,0,0,0,1,0,0,0,1);es="Linear";ed="In";};["LeftLowerLeg"]={cf=cfr(0,.001,-.001,1,0,0,0,.673,.74,0,-.74,.673);es="Linear";ed="In";};["RightUpperArm"]={cf=cfr(-.044,.006,-.056,.503,-.848,-.166,.773,.527,-.352,.386,.049,.921);es="Linear";ed="In";};["LeftUpperArm"]={cf=cfr(.046,.015,-.052,.737,.666,.116,-.481,.637,-.603,-.475,.388,.79);es="Linear";ed="In";};["Head"]={cf=cfr(0,0,-.004,.999,.038,.036,-.005,.746,-.666,-.052,.665,.745);es="Linear";ed="In";};["LeftLowerArm"]={cf=cfr(0,.001,.001,1,0,0,0,.798,-.603,0,.603,.798);es="Linear";ed="In";};["RightLowerArm"]={cf=cfr(0,.001,.001,1,0,0,0,.839,-.544,0,.544,.839);es="Linear";ed="In";};["LowerTorso"]={cf=cfr(0,-2.665,-.041,.997,.001,.075,-.075,.031,.997,-.001,-1,.031);es="Linear";ed="In";};["LeftHand"]={cf=cfr(0,0,0,1,0,0,0,1,0,0,0,1);es="Linear";ed="In";};["RightHand"]={cf=cfr(0,0,0,1,0,0,0,1,0,0,0,1);es="Linear";ed="In";};};{tm=.317;["RightFoot"]={cf=cfr(0,0,0,1,0,0,0,1,0,0,0,1);es="Linear";ed="In";};["RightLowerLeg"]={cf=cfr(0,.001,-.001,1,0,0,0,.752,.659,0,-.659,.752);es="Linear";ed="In";};["RightUpperLeg"]={cf=cfr(-.002,.013,.003,.954,-.298,-.038,.294,.952,-.081,.06,.066,.996);es="Linear";ed="In";};["LeftUpperLeg"]={cf=cfr(.002,.012,.006,.947,.317,-.057,-.293,.773,-.563,-.134,.55,.825);es="Linear";ed="In";};["UpperTorso"]={cf=cfr(0,-.001,-.014,.999,0,-.048,-.015,.951,-.309,.046,.309,.95);es="Linear";ed="In";};["LeftFoot"]={cf=cfr(0,0,0,1,0,0,0,1,0,0,0,1);es="Linear";ed="In";};["LeftLowerLeg"]={cf=cfr(0,0,-.001,1,0,0,0,.659,.752,0,-.752,.659);es="Linear";ed="In";};["RightUpperArm"]={cf=cfr(-.053,.011,-.065,.585,-.799,-.14,.687,.58,-.438,.431,.16,.888);es="Linear";ed="In";};["LeftUpperArm"]={cf=cfr(.054,.014,-.063,.666,.736,.123,-.586,.618,-.524,-.462,.277,.843);es="Linear";ed="In";};["Head"]={cf=cfr(0,0,-.005,1,.013,.012,-.002,.746,-.666,-.018,.666,.746);es="Linear";ed="In";};["LeftLowerArm"]={cf=cfr(0,.001,.001,1,0,0,0,.812,-.584,0,.584,.812);es="Linear";ed="In";};["RightLowerArm"]={cf=cfr(0,.001,.001,1,0,0,0,.826,-.563,0,.563,.826);es="Linear";ed="In";};["LowerTorso"]={cf=cfr(0,-2.665,-.041,1,0,.026,-.026,.031,.999,0,-1,.031);es="Linear";ed="In";};["LeftHand"]={cf=cfr(0,0,0,1,0,0,0,1,0,0,0,1);es="Linear";ed="In";};["RightHand"]={cf=cfr(0,0,0,1,0,0,0,1,0,0,0,1);es="Linear";ed="In";};};{tm=.333;["RightFoot"]={cf=cfr(0,0,0,1,0,0,0,1,0,0,0,1);es="Linear";ed="In";};["RightLowerLeg"]={cf=cfr(0,0,0,1,0,0,0,.759,.651,0,-.651,.759);es="Linear";ed="In";};["RightUpperLeg"]={cf=cfr(-.001,.007,.002,.955,-.294,-.046,.292,.956,-.037,.054,.022,.998);es="Linear";ed="In";};["LeftUpperLeg"]={cf=cfr(.001,.006,.003,.946,.316,-.066,-.291,.746,-.598,-.14,.586,.798);es="Linear";ed="In";};["UpperTorso"]={cf=cfr(0,-.001,-.014,.999,0,.048,.015,.951,-.309,-.046,.309,.95);es="Linear";ed="In";};["LeftFoot"]={cf=cfr(0,0,0,1,0,0,0,1,0,0,0,1);es="Linear";ed="In";};["LeftLowerLeg"]={cf=cfr(0,0,0,1,0,0,0,.651,.759,0,-.759,.651);es="Linear";ed="In";};["RightUpperArm"]={cf=cfr(-.054,.014,-.063,.666,-.736,-.123,.586,.618,-.524,.462,.277,.843);es="Linear";ed="In";};["LeftUpperArm"]={cf=cfr(.053,.011,-.065,.585,.799,.14,-.687,.58,-.438,-.431,.16,.888);es="Linear";ed="In";};["Head"]={cf=cfr(0,0,-.005,1,-.013,-.012,.002,.746,-.666,.018,.666,.746);es="Linear";ed="In";};["LeftLowerArm"]={cf=cfr(0,.001,.001,1,0,0,0,.826,-.563,0,.563,.826);es="Linear";ed="In";};["RightLowerArm"]={cf=cfr(0,.001,.001,1,0,0,0,.812,-.584,0,.584,.812);es="Linear";ed="In";};["LowerTorso"]={cf=cfr(0,-2.665,-.041,1,0,-.026,.026,.031,.999,0,-1,.031);es="Linear";ed="In";};["LeftHand"]={cf=cfr(0,0,0,1,0,0,0,1,0,0,0,1);es="Linear";ed="In";};["RightHand"]={cf=cfr(0,0,0,1,0,0,0,1,0,0,0,1);es="Linear";ed="In";};};{tm=.35;["RightFoot"]={cf=cfr(0,0,0,1,0,0,0,1,0,0,0,1);es="Linear";ed="In";};["RightLowerLeg"]={cf=cfr(0,0,0,1,0,0,0,.763,.646,0,-.646,.763);es="Linear";ed="In";};["RightUpperLeg"]={cf=cfr(-.001,.003,.001,.955,-.292,-.05,.291,.957,-.012,.051,-.003,.999);es="Linear";ed="In";};["LeftUpperLeg"]={cf=cfr(.001,.003,.001,.946,.315,-.07,-.29,.731,-.618,-.143,.605,.783);es="Linear";ed="In";};["UpperTorso"]={cf=cfr(0,-.001,-.014,.99,-.001,.141,.044,.951,-.306,-.134,.309,.941);es="Linear";ed="In";};["LeftFoot"]={cf=cfr(0,0,0,1,0,0,0,1,0,0,0,1);es="Linear";ed="In";};["LeftLowerLeg"]={cf=cfr(0,0,0,1,0,0,0,.646,.763,0,-.763,.646);es="Linear";ed="In";};["RightUpperArm"]={cf=cfr(-.046,.015,-.052,.737,-.666,-.116,.481,.637,-.603,.475,.388,.79);es="Linear";ed="In";};["LeftUpperArm"]={cf=cfr(.044,.006,-.056,.503,.848,.166,-.773,.527,-.352,-.386,.049,.921);es="Linear";ed="In";};["Head"]={cf=cfr(0,0,-.004,.999,-.038,-.036,.005,.746,-.666,.052,.665,.745);es="Linear";ed="In";};["LeftLowerArm"]={cf=cfr(0,.001,.001,1,0,0,0,.839,-.544,0,.544,.839);es="Linear";ed="In";};["RightLowerArm"]={cf=cfr(0,.001,.001,1,0,0,0,.798,-.603,0,.603,.798);es="Linear";ed="In";};["LowerTorso"]={cf=cfr(0,-2.665,-.041,.997,-.001,-.075,.075,.031,.997,.001,-1,.031);es="Linear";ed="In";};["LeftHand"]={cf=cfr(0,0,0,1,0,0,0,1,0,0,0,1);es="Linear";ed="In";};["RightHand"]={cf=cfr(0,0,0,1,0,0,0,1,0,0,0,1);es="Linear";ed="In";};};{tm=.367;["RightFoot"]={cf=cfr(0,0,0,1,0,0,0,1,0,0,0,1);es="Linear";ed="In";};["RightLowerLeg"]={cf=cfr(0,0,0,1,0,0,0,.765,.644,0,-.644,.765);es="Linear";ed="In";};["RightUpperLeg"]={cf=cfr(0,.001,0,.955,-.291,-.051,.291,.957,-.001,.049,-.014,.999);es="Linear";ed="In";};["LeftUpperLeg"]={cf=cfr(0,.001,0,.946,.315,-.073,-.289,.724,-.626,-.145,.614,.776);es="Linear";ed="In";};["UpperTorso"]={cf=cfr(0,-.001,-.014,.975,-.001,.221,.069,.951,-.302,-.21,.31,.928);es="Linear";ed="In";};["LeftFoot"]={cf=cfr(0,0,0,1,0,0,0,1,0,0,0,1);es="Linear";ed="In";};["LeftLowerLeg"]={cf=cfr(0,0,0,1,0,0,0,.644,.765,0,-.765,.644);es="Linear";ed="In";};["RightUpperArm"]={cf=cfr(-.032,.012,-.035,.792,-.599,-.117,.384,.639,-.667,.474,.483,.736);es="Linear";ed="In";};["LeftUpperArm"]={cf=cfr(.029,.002,-.039,.428,.882,.195,-.839,.468,-.277,-.336,-.045,.941);es="Linear";ed="In";};["Head"]={cf=cfr(0,0,-.003,.997,-.06,-.056,.007,.746,-.666,.082,.663,.744);es="Linear";ed="In";};["LeftLowerArm"]={cf=cfr(0,.001,0,1,0,0,0,.851,-.526,0,.526,.851);es="Linear";ed="In";};["RightLowerArm"]={cf=cfr(0,.001,0,1,0,0,0,.785,-.619,0,.619,.785);es="Linear";ed="In";};["LowerTorso"]={cf=cfr(0,-2.665,-.041,.993,-.002,-.117,.117,.031,.993,.002,-1,.031);es="Linear";ed="In";};["LeftHand"]={cf=cfr(0,0,0,1,0,0,0,1,0,0,0,1);es="Linear";ed="In";};["RightHand"]={cf=cfr(0,0,0,1,0,0,0,1,0,0,0,1);es="Linear";ed="In";};};{tm=.383;["RightFoot"]={cf=cfr(0,0,0,1,0,0,0,1,0,0,0,1);es="Linear";ed="In";};["RightLowerLeg"]={cf=cfr(0,0,0,1,0,0,0,.766,.643,0,-.643,.766);es="Linear";ed="In";};["RightUpperLeg"]={cf=cfr(0,0,0,.956,-.29,-.052,.291,.957,.003,.049,-.018,.999);es="Linear";ed="In";};["LeftUpperLeg"]={cf=cfr(0,0,0,.946,.315,-.073,-.289,.721,-.63,-.145,.617,.773);es="Linear";ed="In";};["UpperTorso"]={cf=cfr(0,-.001,-.015,.959,-.002,.282,.089,.951,-.297,-.268,.31,.912);es="Linear";ed="In";};["LeftFoot"]={cf=cfr(0,0,0,1,0,0,0,1,0,0,0,1);es="Linear";ed="In";};["LeftLowerLeg"]={cf=cfr(0,0,0,1,0,0,0,.643,.766,0,-.766,.643);es="Linear";ed="In";};["RightUpperArm"]={cf=cfr(-.017,.007,-.017,.83,-.543,-.124,.307,.631,-.713,.465,.554,.691);es="Linear";ed="In";};["LeftUpperArm"]={cf=cfr(.015,0,-.02,.369,.903,.222,-.883,.415,-.218,-.289,-.116,.95);es="Linear";ed="In";};["Head"]={cf=cfr(0,0,-.002,.994,-.077,-.072,.009,.746,-.666,.105,.662,.742);es="Linear";ed="In";};["LeftLowerArm"]={cf=cfr(0,0,0,1,0,0,0,.859,-.512,0,.512,.859);es="Linear";ed="In";};["RightLowerArm"]={cf=cfr(0,0,0,1,0,0,0,.775,-.632,0,.632,.775);es="Linear";ed="In";};["LowerTorso"]={cf=cfr(0,-2.665,-.041,.989,-.002,-.151,.151,.031,.988,.002,-1,.031);es="Linear";ed="In";};["LeftHand"]={cf=cfr(0,0,0,1,0,0,0,1,0,0,0,1);es="Linear";ed="In";};["RightHand"]={cf=cfr(0,0,0,1,0,0,0,1,0,0,0,1);es="Linear";ed="In";};};{tm=.4;["RightFoot"]={cf=cfr(0,0,0,1,0,0,0,1,0,0,0,1);es="Linear";ed="In";};["RightLowerLeg"]={cf=cfr(0,0,0,1,0,0,0,.766,.643,0,-.643,.766);es="Linear";ed="In";};["RightUpperLeg"]={cf=cfr(0,0,0,.956,-.29,-.052,.291,.957,.004,.049,-.019,.999);es="Linear";ed="In";};["LeftUpperLeg"]={cf=cfr(0,0,0,.946,.315,-.074,-.289,.72,-.631,-.146,.618,.773);es="Linear";ed="In";};["UpperTorso"]={cf=cfr(0,-.001,-.015,.947,-.002,.32,.101,.951,-.293,-.304,.31,.901);es="Linear";ed="In";};["LeftFoot"]={cf=cfr(0,0,0,1,0,0,0,1,0,0,0,1);es="Linear";ed="In";};["LeftLowerLeg"]={cf=cfr(0,0,0,1,0,0,0,.643,.766,0,-.766,.643);es="Linear";ed="In";};["RightUpperArm"]={cf=cfr(-.005,.002,-.005,.852,-.507,-.13,.257,.622,-.74,.456,.597,.66);es="Linear";ed="In";};["LeftUpperArm"]={cf=cfr(.004,0,-.006,.331,.912,.241,-.908,.378,-.182,-.257,-.159,.953);es="Linear";ed="In";};["Head"]={cf=cfr(0,0,0,.993,-.088,-.082,.011,.746,-.666,.12,.661,.741);es="Linear";ed="In";};["LeftLowerArm"]={cf=cfr(0,0,0,1,0,0,0,.864,-.503,0,.503,.864);es="Linear";ed="In";};["RightLowerArm"]={cf=cfr(0,0,0,1,0,0,0,.768,-.64,0,.64,.768);es="Linear";ed="In";};["LowerTorso"]={cf=cfr(0,-2.665,-.041,.985,-.003,-.172,.172,.031,.985,.003,-1,.031);es="Linear";ed="In";};["LeftHand"]={cf=cfr(0,0,0,1,0,0,0,1,0,0,0,1);es="Linear";ed="In";};["RightHand"]={cf=cfr(0,0,0,1,0,0,0,1,0,0,0,1);es="Linear";ed="In";};};{tm=.417;["LeftUpperArm"]={cf=cfr(0,0,0,.318,.915,.248,-.916,.365,-.17,-.246,-.173,.954);es="Linear";ed="In";};["Head"]={cf=cfr(0,0,0,.992,-.092,-.086,.011,.746,-.666,.125,.66,.741);es="Linear";ed="In";};["RightUpperArm"]={cf=cfr(0,0,0,.859,-.494,-.132,.24,.618,-.749,.452,.612,.649);es="Linear";ed="In";};["LeftUpperLeg"]={cf=cfr(0,0,0,.946,.315,-.074,-.289,.72,-.631,-.146,.618,.773);es="Linear";ed="In";};["RightUpperLeg"]={cf=cfr(0,0,0,.956,-.29,-.052,.291,.957,.005,.049,-.02,.999);es="Linear";ed="In";};["UpperTorso"]={cf=cfr(0,-.001,-.015,.943,-.002,.333,.105,.951,-.291,-.316,.31,.897);es="Linear";ed="In";};["LeftLowerArm"]={cf=cfr(0,0,0,1,0,0,0,.866,-.5,0,.5,.866);es="Linear";ed="In";};["LeftFoot"]={cf=cfr(0,0,0,1,0,0,0,1,0,0,0,1);es="Linear";ed="In";};["LeftLowerLeg"]={cf=cfr(0,0,0,1,0,0,0,.643,.766,0,-.766,.643);es="Linear";ed="In";};["RightLowerArm"]={cf=cfr(0,0,0,1,0,0,0,.766,-.643,0,.643,.766);es="Linear";ed="In";};["LowerTorso"]={cf=cfr(0,-2.665,-.041,.984,-.003,-.179,.179,.031,.983,.003,-1,.031);es="Linear";ed="In";};["RightFoot"]={cf=cfr(0,0,0,1,0,0,0,1,0,0,0,1);es="Linear";ed="In";};["RightLowerLeg"]={cf=cfr(0,0,0,1,0,0,0,.766,.643,0,-.643,.766);es="Linear";ed="In";};["LeftHand"]={cf=cfr(0,0,0,1,0,0,0,1,0,0,0,1);es="Linear";ed="In";};["RightHand"]={cf=cfr(0,0,0,1,0,0,0,1,0,0,0,1);es="Linear";ed="In";};};{tm=9999.0;["LeftUpperArm"]={cf=cfr(0,0,0,.318,.915,.248,-.916,.365,-.17,-.246,-.173,.954);es="Linear";ed="In";};["Head"]={cf=cfr(0,0,0,.992,-.092,-.086,.011,.746,-.666,.125,.66,.741);es="Linear";ed="In";};["RightUpperArm"]={cf=cfr(0,0,0,.859,-.494,-.132,.24,.618,-.749,.452,.612,.649);es="Linear";ed="In";};["LeftUpperLeg"]={cf=cfr(0,0,0,.946,.315,-.074,-.289,.72,-.631,-.146,.618,.773);es="Linear";ed="In";};["RightUpperLeg"]={cf=cfr(0,0,0,.956,-.29,-.052,.291,.957,.005,.049,-.02,.999);es="Linear";ed="In";};["UpperTorso"]={cf=cfr(0,-.001,-.015,.943,-.002,.333,.105,.951,-.291,-.316,.31,.897);es="Linear";ed="In";};["LeftLowerArm"]={cf=cfr(0,0,0,1,0,0,0,.866,-.5,0,.5,.866);es="Linear";ed="In";};["LeftFoot"]={cf=cfr(0,0,0,1,0,0,0,1,0,0,0,1);es="Linear";ed="In";};["LeftLowerLeg"]={cf=cfr(0,0,0,1,0,0,0,.643,.766,0,-.766,.643);es="Linear";ed="In";};["RightLowerArm"]={cf=cfr(0,0,0,1,0,0,0,.766,-.643,0,.643,.766);es="Linear";ed="In";};["LowerTorso"]={cf=cfr(0,-2.665,-.041,.984,-.003,-.179,.179,.031,.983,.003,-1,.031);es="Linear";ed="In";};["RightFoot"]={cf=cfr(0,0,0,1,0,0,0,1,0,0,0,1);es="Linear";ed="In";};["RightLowerLeg"]={cf=cfr(0,0,0,1,0,0,0,.766,.643,0,-.643,.766);es="Linear";ed="In";};["LeftHand"]={cf=cfr(0,0,0,1,0,0,0,1,0,0,0,1);es="Linear";ed="In";};["RightHand"]={cf=cfr(0,0,0,1,0,0,0,1,0,0,0,1);es="Linear";ed="In";};};}