local cfr = CFrame.new

return {{tm=0;["Head"]={cf=cfr(0,0,0,1,0,0,0,.586,.81,0,-.81,.586);es="Linear";ed="In";};["LeftUpperArm"]={cf=cfr(0,0,0,.501,-.106,-.859,-.347,.885,-.312,.793,.454,.407);es="Linear";ed="In";};["RightUpperArm"]={cf=cfr(0,0,0,.501,.106,.859,.347,.885,-.312,-.793,.454,.407);es="Linear";ed="In";};["LeftUpperLeg"]={cf=cfr(0,0,0,1,0,0,0,.052,-.999,0,.999,.052);es="Linear";ed="In";};["RightUpperLeg"]={cf=cfr(0,0,0,1,0,0,0,.052,-.999,0,.999,.052);es="Linear";ed="In";};["UpperTorso"]={cf=cfr(0,0,-.015,1,0,0,0,.915,.403,0,-.403,.915);es="Linear";ed="In";};["LeftFoot"]={cf=cfr(0,0,0,1,0,0,0,1,0,0,0,1);es="Linear";ed="In";};["LeftLowerLeg"]={cf=cfr(0,0,0,1,0,0,0,-.515,.857,0,-.857,-.515);es="Linear";ed="In";};["RightHand"]={cf=cfr(0,0,0,1,0,0,0,1,0,0,0,1);es="Linear";ed="In";};["LeftHand"]={cf=cfr(0,0,0,1,0,0,0,1,0,0,0,1);es="Linear";ed="In";};["RightFoot"]={cf=cfr(0,0,0,1,0,0,0,1,0,0,0,1);es="Linear";ed="In";};["RightLowerLeg"]={cf=cfr(0,0,0,1,0,0,0,-.515,.857,0,-.857,-.515);es="Linear";ed="In";};["LeftLowerArm"]={cf=cfr(0,0,0,1,0,0,0,.707,-.707,0,.707,.707);es="Linear";ed="In";};["LowerTorso"]={cf=cfr(0,-.635,-.01,1,0,0,0,1,-.031,0,.031,1);es="Linear";ed="In";};["RightLowerArm"]={cf=cfr(.001,0,0,1,0,0,0,.707,-.707,0,.707,.707);es="Linear";ed="In";};};{tm=.133;["LowerTorso"]={cf=cfr(0,-.635,-.01,1,0,0,0,-.257,.966,0,-.966,-.257);es="Sine";ed="Out";};};{tm=.15;["LowerTorso"]={cf=cfr(0,-.549,.022,1,0,0,0,-.637,.771,0,-.771,-.637);es="Linear";ed="In";};};{tm=.167;["LowerTorso"]={cf=cfr(0,-.492,.02,1,0,0,0,-.895,.446,0,-.446,-.895);es="Linear";ed="In";};};{tm=.183;["LowerTorso"]={cf=cfr(0,-.473,.002,1,0,0,0,-.998,.07,0,-.07,-.998);es="Linear";ed="In";};};{tm=.2;["LowerTorso"]={cf=cfr(0,-.486,-.018,1,0,0,0,-.96,-.281,0,.281,-.96);es="Linear";ed="In";};};{tm=.217;["LowerTorso"]={cf=cfr(0,-.521,-.028,1,0,0,0,-.831,-.557,0,.557,-.831);es="Linear";ed="In";};};{tm=.233;["LowerTorso"]={cf=cfr(0,-.563,-.028,1,0,0,0,-.668,-.744,0,.744,-.668);es="Linear";ed="In";};};{tm=.25;["LowerTorso"]={cf=cfr(0,-.601,-.021,1,0,0,0,-.522,-.853,0,.853,-.522);es="Linear";ed="In";};};{tm=.267;["LowerTorso"]={cf=cfr(0,-.626,-.013,1,0,0,0,-.424,-.906,0,.906,-.424);es="Linear";ed="In";};};{tm=.283;["LowerTorso"]={cf=cfr(0,-.635,-.01,1,0,0,0,-.389,-.921,0,.921,-.389);es="Linear";ed="In";};};{tm=.383;["LowerTorso"]={cf=cfr(0,-.635,-.01,1,0,0,0,1,-.031,0,.031,1);es="Linear";ed="In";};};}