local cfr = CFrame.new

return {{tm=0;["Head"]={cf=cfr(0,0,0,1,0,0,0,.643,-.766,0,.766,.643);es="Linear";ed="In";};["LeftUpperArm"]={cf=cfr(0,0,0,.174,.985,0,-.985,.174,0,0,0,1);es="Linear";ed="In";};["RightUpperArm"]={cf=cfr(0,0,0,.174,-.985,0,.985,.174,0,0,0,1);es="Linear";ed="In";};["LeftUpperLeg"]={cf=cfr(0,0,0,.94,.342,0,-.342,.94,0,0,0,1);es="Linear";ed="In";};["RightUpperLeg"]={cf=cfr(0,0,0,.94,-.342,0,.342,.94,0,0,0,1);es="Linear";ed="In";};["UpperTorso"]={cf=cfr(0,0,0,1,0,0,0,.681,-.732,0,.732,.681);es="Linear";ed="In";};["LeftLowerLeg"]={cf=cfr(0,0,0,1,0,0,0,.766,.643,0,-.643,.766);es="Linear";ed="In";};["RightLowerLeg"]={cf=cfr(0,0,0,1,0,0,0,.766,.643,0,-.643,.766);es="Linear";ed="In";};["LeftLowerArm"]={cf=cfr(0,0,0,1,0,0,0,.866,-.5,0,.5,.866);es="Linear";ed="In";};["LowerTorso"]={cf=cfr(0,-.296,0,1,0,0,0,.643,.766,0,-.766,.643);es="Linear";ed="In";};["RightLowerArm"]={cf=cfr(0,0,0,1,0,0,0,.766,-.643,0,.643,.766);es="Linear";ed="In";};};{tm=.05;["Head"]={cf=cfr(0,0,0,1,0,0,0,.5,-.866,0,.866,.5);es="Linear";ed="In";};["LeftUpperArm"]={cf=cfr(0,0,0,.174,.97,.171,-.985,.171,.03,0,-.174,.985);es="Linear";ed="In";};["RightUpperArm"]={cf=cfr(0,0,0,.174,-.97,-.171,.985,.171,.03,0,-.174,.985);es="Linear";ed="In";};["LeftUpperLeg"]={cf=cfr(0,0,0,.94,.342,0,-.342,.94,0,0,0,1);es="Linear";ed="In";};["RightUpperLeg"]={cf=cfr(0,0,0,.94,-.337,-.059,.342,.925,.163,0,-.174,.985);es="Linear";ed="In";};["UpperTorso"]={cf=cfr(0,0,0,1,0,0,0,.574,-.819,0,.819,.574);es="Quad";ed="Out";};["LowerTorso"]={cf=cfr(0,-.6,0,1,0,0,0,.259,.966,0,-.966,.259);es="Quad";ed="Out";};};{tm=.067;["UpperTorso"]={cf=cfr(0,-.06,-.039,1,0,0,0,.726,-.688,0,.688,.726);es="Linear";ed="In";};["LowerTorso"]={cf=cfr(0,-.852,0,1,0,0,0,.276,.961,0,-.961,.276);es="Linear";ed="In";};};{tm=.083;["UpperTorso"]={cf=cfr(0,-.09,-.051,1,0,0,0,.836,-.549,0,.549,.836);es="Linear";ed="In";};["LowerTorso"]={cf=cfr(0,-1.074,0,1,0,0,0,.292,.956,0,-.956,.292);es="Linear";ed="In";};};{tm=.1;["UpperTorso"]={cf=cfr(0,-.096,-.048,1,0,0,0,.91,-.414,0,.414,.91);es="Linear";ed="In";};["LowerTorso"]={cf=cfr(0,-1.267,0,1,0,0,0,.305,.952,0,-.952,.305);es="Linear";ed="In";};};{tm=.117;["UpperTorso"]={cf=cfr(0,-.085,-.038,1,0,0,0,.956,-.292,0,.292,.956);es="Linear";ed="In";};["LowerTorso"]={cf=cfr(0,-1.43,0,1,0,0,0,.317,.949,0,-.949,.317);es="Linear";ed="In";};};{tm=.133;["UpperTorso"]={cf=cfr(0,-.064,-.026,1,0,0,0,.982,-.188,0,.188,.982);es="Linear";ed="In";};["LowerTorso"]={cf=cfr(0,-1.563,0,1,0,0,0,.326,.945,0,-.945,.326);es="Linear";ed="In";};};{tm=.15;["UpperTorso"]={cf=cfr(0,-.04,-.015,1,0,0,0,.994,-.106,0,.106,.994);es="Linear";ed="In";};["LowerTorso"]={cf=cfr(0,-1.667,0,1,0,0,0,.333,.943,0,-.943,.333);es="Linear";ed="In";};};{tm=.167;["UpperTorso"]={cf=cfr(0,-.019,-.007,1,0,0,0,.999,-.047,0,.047,.999);es="Linear";ed="In";};["LowerTorso"]={cf=cfr(0,-1.741,0,1,0,0,0,.338,.941,0,-.941,.338);es="Linear";ed="In";};};{tm=.183;["UpperTorso"]={cf=cfr(0,-.005,-.002,1,0,0,0,1,-.012,0,.012,1);es="Linear";ed="In";};["LowerTorso"]={cf=cfr(0,-1.785,0,1,0,0,0,.341,.94,0,-.94,.341);es="Linear";ed="In";};};{tm=.2;["Head"]={cf=cfr(0,0,0,1,0,0,0,.766,-.643,0,.643,.766);es="Linear";ed="In";};["LeftUpperArm"]={cf=cfr(0,0,0,.133,.332,.934,-.985,.15,.087,-.112,-.931,.347);es="Linear";ed="In";};["RightUpperArm"]={cf=cfr(0,0,0,.133,-.332,-.934,.985,.15,.087,.112,-.931,.347);es="Linear";ed="In";};["LeftUpperLeg"]={cf=cfr(0,0,0,.94,.262,.22,-.342,.72,.604,0,-.643,.766);es="Linear";ed="In";};["RightUpperLeg"]={cf=cfr(0,0,0,.94,-.22,-.262,.342,.604,.72,0,-.766,.643);es="Linear";ed="In";};["UpperTorso"]={cf=cfr(0,0,0,1,0,0,0,1,0,0,0,1);es="Quad";ed="Out";};["RightLowerLeg"]={cf=cfr(0,0,0,1,0,0,0,.956,.292,0,-.292,.956);es="Linear";ed="In";};["LeftLowerArm"]={cf=cfr(0,0,0,1,0,0,0,.643,-.766,0,.766,.643);es="Linear";ed="In";};["LowerTorso"]={cf=cfr(0,-1.8,0,1,0,0,0,.342,.94,0,-.94,.342);es="Quad";ed="Out";};["RightLowerArm"]={cf=cfr(0,0,0,1,0,0,0,.5,-.866,0,.866,.5);es="Linear";ed="In";};};{tm=.217;["UpperTorso"]={cf=cfr(0,-.05,.017,1,0,0,0,.983,.183,0,-.183,.983);es="Linear";ed="In";};["LowerTorso"]={cf=cfr(0,-1.284,0,1,0,0,0,.323,.946,0,-.946,.323);es="Linear";ed="In";};};{tm=.233;["UpperTorso"]={cf=cfr(0,-.067,.026,1,0,0,0,.942,.337,0,-.337,.942);es="Linear";ed="In";};["LowerTorso"]={cf=cfr(0,-.838,0,1,0,0,0,.306,.952,0,-.952,.306);es="Linear";ed="In";};};{tm=.25;["UpperTorso"]={cf=cfr(0,-.063,.028,1,0,0,0,.888,.461,0,-.461,.888);es="Linear";ed="In";};["LowerTorso"]={cf=cfr(0,-.459,0,1,0,0,0,.292,.957,0,-.957,.292);es="Linear";ed="In";};};{tm=.267;["UpperTorso"]={cf=cfr(0,-.049,.024,1,0,0,0,.831,.556,0,-.556,.831);es="Linear";ed="In";};["LowerTorso"]={cf=cfr(0,-.15,0,1,0,0,0,.28,.96,0,-.96,.28);es="Linear";ed="In";};};{tm=.283;["UpperTorso"]={cf=cfr(0,-.031,.017,1,0,0,0,.781,.625,0,-.625,.781);es="Linear";ed="In";};["LowerTorso"]={cf=cfr(0,.091,0,1,0,0,0,.271,.963,0,-.963,.271);es="Linear";ed="In";};};{tm=.3;["UpperTorso"]={cf=cfr(0,-.015,.008,1,0,0,0,.741,.672,0,-.672,.741);es="Linear";ed="In";};["LowerTorso"]={cf=cfr(0,.262,0,1,0,0,0,.264,.965,0,-.965,.264);es="Linear";ed="In";};};{tm=.317;["UpperTorso"]={cf=cfr(0,-.004,.002,1,0,0,0,.716,.698,0,-.698,.716);es="Linear";ed="In";};["LowerTorso"]={cf=cfr(0,.366,0,1,0,0,0,.26,.966,0,-.966,.26);es="Linear";ed="In";};};{tm=.333;["LeftUpperArm"]={cf=cfr(0,0,0,.174,.754,-.633,-.97,.019,-.243,-.171,.656,.735);es="Linear";ed="In";};["RightUpperArm"]={cf=cfr(0,0,0,.174,-.633,.754,.97,-.023,-.243,.171,.774,.61);es="Linear";ed="In";};["LeftUpperLeg"]={cf=cfr(0,0,0,.94,.22,-.262,-.342,.604,-.72,0,.766,.643);es="Linear";ed="In";};["RightUpperLeg"]={cf=cfr(0,0,0,.94,-.22,.262,.342,.604,-.72,0,.766,.643);es="Linear";ed="In";};["UpperTorso"]={cf=cfr(0,0,0,1,0,0,0,.707,.707,0,-.707,.707);es="Linear";ed="In";};["RightLowerLeg"]={cf=cfr(0,0,0,1,0,0,0,.94,.342,0,-.342,.94);es="Linear";ed="In";};["LeftLowerLeg"]={cf=cfr(0,0,0,1,0,0,0,.94,.342,0,-.342,.94);es="Linear";ed="In";};["LowerTorso"]={cf=cfr(0,.4,0,1,0,0,0,.259,.966,0,-.966,.259);es="Quad";ed="In";};["LeftLowerArm"]={cf=cfr(0,0,0,1,0,0,0,.985,-.174,0,.174,.985);es="Linear";ed="In";};["RightLowerArm"]={cf=cfr(0,0,0,1,0,0,0,.985,-.174,0,.174,.985);es="Linear";ed="In";};};{tm=.35;["LowerTorso"]={cf=cfr(0,.378,0,1,0,0,0,.256,.967,0,-.967,.256);es="Linear";ed="In";};};{tm=.367;["LowerTorso"]={cf=cfr(0,.312,0,1,0,0,0,.249,.969,0,-.969,.249);es="Linear";ed="In";};};{tm=.383;["LowerTorso"]={cf=cfr(0,.202,.001,1,0,0,0,.236,.972,0,-.972,.236);es="Linear";ed="In";};};{tm=.4;["LowerTorso"]={cf=cfr(0,.048,.001,1,0,0,0,.218,.976,0,-.976,.218);es="Linear";ed="In";};};{tm=.417;["LowerTorso"]={cf=cfr(0,-.15,.002,1,0,0,0,.195,.981,0,-.981,.195);es="Linear";ed="In";};["LeftUpperArm"]={cf=cfr(0,0,0,.105,.933,-.343,-.97,.019,-.243,-.22,.359,.907);es="Linear";ed="In";};["RightUpperArm"]={cf=cfr(0,0,0,.105,-.859,.5,.97,-.023,-.243,.22,.511,.831);es="Linear";ed="In";};["LeftUpperLeg"]={cf=cfr(0,0,0,.94,.337,-.059,-.342,.925,-.163,0,.174,.985);es="Linear";ed="In";};["RightUpperLeg"]={cf=cfr(0,0,0,.94,-.337,.059,.342,.925,-.163,0,.174,.985);es="Linear";ed="In";};["UpperTorso"]={cf=cfr(0,0,0,1,0,0,0,1,0,0,0,1);es="Linear";ed="In";};};{tm=.433;["LowerTorso"]={cf=cfr(0,-.392,.002,1,0,0,0,.167,.986,0,-.986,.167);es="Linear";ed="In";};};{tm=.45;["LowerTorso"]={cf=cfr(0,-.678,.002,1,0,0,0,.133,.991,0,-.991,.133);es="Linear";ed="In";};};{tm=.467;["LowerTorso"]={cf=cfr(0,-1.008,.002,1,0,0,0,.094,.996,0,-.996,.094);es="Linear";ed="In";};};{tm=.483;["LowerTorso"]={cf=cfr(0,-1.382,.001,1,0,0,0,.05,.999,0,-.999,.05);es="Linear";ed="In";};};{tm=.5;["LeftUpperArm"]={cf=cfr(0,0,0,.105,.764,.637,-.97,.22,-.105,-.22,-.606,.764);es="Linear";ed="In";};["RightUpperArm"]={cf=cfr(0,0,0,.105,-.764,-.637,.97,.22,-.105,.22,-.606,.764);es="Linear";ed="In";};["LeftUpperLeg"]={cf=cfr(0,0,0,.94,.196,.28,-.342,.539,.77,0,-.819,.574);es="Linear";ed="In";};["RightUpperLeg"]={cf=cfr(0,0,0,.94,-.196,-.28,.342,.539,.77,0,-.819,.574);es="Linear";ed="In";};["UpperTorso"]={cf=cfr(0,0,0,1,0,0,0,.866,-.5,0,.5,.866);es="Quad";ed="Out";};["LowerTorso"]={cf=cfr(0,-1.8,0,1,0,0,0,0,1,0,-1,0);es="Quad";ed="Out";};};{tm=.517;["UpperTorso"]={cf=cfr(0,-.029,-.009,1,0,0,0,.944,-.329,0,.329,.944);es="Linear";ed="In";};["LowerTorso"]={cf=cfr(0,-1.589,.001,1,0,0,0,.063,.998,0,-.998,.063);es="Linear";ed="In";};};{tm=.533;["UpperTorso"]={cf=cfr(0,-.029,-.007,1,0,0,0,.982,-.187,0,.187,.982);es="Linear";ed="In";};["LowerTorso"]={cf=cfr(0,-1.426,.001,1,0,0,0,.111,.994,0,-.994,.111);es="Linear";ed="In";};};{tm=.55;["UpperTorso"]={cf=cfr(0,-.017,-.004,1,0,0,0,.996,-.084,0,.084,.996);es="Linear";ed="In";};["LowerTorso"]={cf=cfr(0,-1.309,0,1,0,0,0,.146,.989,0,-.989,.146);es="Linear";ed="In";};};{tm=.567;["UpperTorso"]={cf=cfr(0,-.005,-.001,1,0,0,0,1,-.021,0,.021,1);es="Linear";ed="In";};["LowerTorso"]={cf=cfr(0,-1.238,0,1,0,0,0,.167,.986,0,-.986,.167);es="Linear";ed="In";};};{tm=.583;["LowerTorso"]={cf=cfr(0,-1.215,0,1,0,0,0,.174,.985,0,-.985,.174);es="Linear";ed="In";};["LeftUpperArm"]={cf=cfr(0,0,0,.105,.99,-.09,-.97,.082,-.23,-.22,.112,.969);es="Linear";ed="In";};["RightUpperArm"]={cf=cfr(0,0,0,.105,-.99,.09,.97,.082,-.23,.22,.112,.969);es="Linear";ed="In";};["LeftUpperLeg"]={cf=cfr(0,0,0,.94,.321,.117,-.342,.883,.321,0,-.342,.94);es="Linear";ed="In";};["RightUpperLeg"]={cf=cfr(0,0,0,.94,.03,-.341,.342,-.082,.936,0,-.996,-.087);es="Linear";ed="In";};["UpperTorso"]={cf=cfr(0,0,0,1,0,0,0,1,0,0,0,1);es="Linear";ed="In";};["LeftLowerLeg"]={cf=cfr(0,0,0,1,0,0,0,.5,.866,0,-.866,.5);es="Linear";ed="In";};["RightLowerLeg"]={cf=cfr(0,0,0,1,0,0,0,.342,.94,0,-.94,.342);es="Quad";ed="In";};};{tm=.6;["RightLowerLeg"]={cf=cfr(0,0,0,1,0,0,0,.342,.94,0,-.94,.342);es="Linear";ed="In";};};{tm=.617;["RightLowerLeg"]={cf=cfr(0,0,0,1,0,0,0,.344,.939,0,-.939,.344);es="Linear";ed="In";};};{tm=.633;["RightLowerLeg"]={cf=cfr(0,0,-.001,1,0,0,0,.346,.938,0,-.938,.346);es="Linear";ed="In";};};{tm=.65;["RightLowerLeg"]={cf=cfr(0,.001,-.001,1,0,0,0,.349,.937,0,-.937,.349);es="Linear";ed="In";};};{tm=.667;["RightLowerLeg"]={cf=cfr(0,.001,-.002,1,0,0,0,.353,.936,0,-.936,.353);es="Linear";ed="In";};};{tm=.683;["RightLowerLeg"]={cf=cfr(0,.002,-.003,1,0,0,0,.358,.934,0,-.934,.358);es="Linear";ed="In";};};{tm=.7;["RightLowerLeg"]={cf=cfr(0,.003,-.003,1,0,0,0,.364,.932,0,-.932,.364);es="Linear";ed="In";};["Head"]={cf=cfr(0,0,0,1,0,0,0,.996,.087,0,-.087,.996);es="Linear";ed="In";};["LeftUpperArm"]={cf=cfr(0,0,0,.105,.99,-.09,-.97,.082,-.23,-.22,.112,.969);es="Linear";ed="In";};["RightUpperArm"]={cf=cfr(0,0,0,.105,-.99,.09,.97,.082,-.23,.22,.112,.969);es="Linear";ed="In";};["LeftUpperLeg"]={cf=cfr(0,0,0,.985,.173,-.015,-.174,.981,-.086,0,.087,.996);es="Linear";ed="In";};["RightUpperLeg"]={cf=cfr(0,0,0,.707,-.354,-.612,.707,.354,.612,0,-.866,.5);es="Linear";ed="In";};["UpperTorso"]={cf=cfr(0,0,0,1,0,0,0,1,0,0,0,1);es="Linear";ed="In";};["LeftLowerLeg"]={cf=cfr(0,0,0,.174,.981,.086,-.981,.165,.102,.086,-.102,.991);es="Linear";ed="In";};["LeftLowerArm"]={cf=cfr(0,0,0,.451,-.883,.133,.864,.469,.183,-.224,.033,.974);es="Linear";ed="In";};["LowerTorso"]={cf=cfr(0,-1.8,0,1,0,0,0,0,1,0,-1,0);es="Linear";ed="In";};["RightLowerArm"]={cf=cfr(0,0,0,.956,-.203,-.212,.28,.42,.863,-.086,-.885,.458);es="Linear";ed="In";};};{tm=.717;["RightLowerLeg"]={cf=cfr(0,.003,-.005,1,0,0,0,.37,.929,0,-.929,.37);es="Linear";ed="In";};};{tm=.733;["RightLowerLeg"]={cf=cfr(0,.004,-.006,1,0,0,0,.378,.926,0,-.926,.378);es="Linear";ed="In";};};{tm=.75;["RightLowerLeg"]={cf=cfr(0,.005,-.007,1,0,0,0,.386,.923,0,-.923,.386);es="Linear";ed="In";};};{tm=.767;["RightLowerLeg"]={cf=cfr(0,.006,-.008,1,0,0,0,.395,.919,0,-.919,.395);es="Linear";ed="In";};};{tm=.783;["RightLowerLeg"]={cf=cfr(0,.007,-.01,1,0,0,0,.405,.914,0,-.914,.405);es="Linear";ed="In";};["Head"]={cf=cfr(0,0,0,1,0,0,0,.966,-.259,0,.259,.966);es="Linear";ed="In";};["LeftUpperArm"]={cf=cfr(0,0,0,.082,.963,.255,-.964,.141,-.225,-.252,-.228,.94);es="Linear";ed="In";};["RightUpperArm"]={cf=cfr(0,0,0,.082,-.963,-.255,.964,.141,-.225,.252,-.228,.94);es="Linear";ed="In";};["LeftUpperLeg"]={cf=cfr(0,0,0,.985,.173,-.015,-.171,.981,.088,.03,-.085,.996);es="Linear";ed="In";};["RightUpperLeg"]={cf=cfr(0,0,0,.707,-.354,-.612,.707,.354,.612,0,-.866,.5);es="Linear";ed="In";};["UpperTorso"]={cf=cfr(0,0,0,1,0,0,0,.985,.174,0,-.174,.985);es="Linear";ed="In";};["LeftLowerLeg"]={cf=cfr(0,0,0,.174,.981,.086,-.981,.165,.102,.086,-.102,.991);es="Linear";ed="In";};["LeftLowerArm"]={cf=cfr(0,0,0,.451,-.883,.133,.864,.469,.183,-.224,.033,.974);es="Linear";ed="In";};["LowerTorso"]={cf=cfr(0,-1.863,0,1,0,0,0,0,1,0,-1,0);es="Linear";ed="In";};["RightLowerArm"]={cf=cfr(0,0,0,.956,-.203,-.212,.28,.42,.863,-.086,-.885,.458);es="Linear";ed="In";};};{tm=.8;["RightLowerLeg"]={cf=cfr(0,.009,-.011,1,0,0,0,.416,.909,0,-.909,.416);es="Linear";ed="In";};};{tm=.817;["RightLowerLeg"]={cf=cfr(0,.01,-.013,1,0,0,0,.427,.904,0,-.904,.427);es="Linear";ed="In";};};{tm=.833;["RightLowerLeg"]={cf=cfr(0,.011,-.014,1,0,0,0,.44,.898,0,-.898,.44);es="Linear";ed="In";};};{tm=.85;["RightLowerLeg"]={cf=cfr(0,.013,-.016,1,0,0,0,.453,.892,0,-.892,.453);es="Linear";ed="In";};};{tm=.867;["RightLowerLeg"]={cf=cfr(0,.014,-.017,1,0,0,0,.467,.884,0,-.884,.467);es="Linear";ed="In";};};{tm=.883;["RightLowerLeg"]={cf=cfr(0,.016,-.019,1,0,0,0,.481,.877,0,-.877,.481);es="Linear";ed="In";};["Head"]={cf=cfr(0,0,0,1,0,0,0,.996,.087,0,-.087,.996);es="Quad";ed="In";};["LeftUpperArm"]={cf=cfr(0,0,0,.105,.99,-.09,-.97,.082,-.23,-.22,.112,.969);es="Quad";ed="In";};["RightUpperArm"]={cf=cfr(0,0,0,.105,-.99,.09,.97,.082,-.23,.22,.112,.969);es="Quad";ed="In";};["LeftUpperLeg"]={cf=cfr(0,0,0,.985,.173,-.015,-.174,.981,-.086,0,.087,.996);es="Quad";ed="In";};["RightUpperLeg"]={cf=cfr(0,0,0,.707,-.354,-.612,.707,.354,.612,0,-.866,.5);es="Quad";ed="In";};["UpperTorso"]={cf=cfr(0,0,0,1,0,0,0,1,0,0,0,1);es="Quad";ed="In";};["LeftLowerLeg"]={cf=cfr(0,0,0,.174,.981,.086,-.981,.165,.102,.086,-.102,.991);es="Quad";ed="In";};["LeftLowerArm"]={cf=cfr(0,0,0,.451,-.883,.133,.864,.469,.183,-.224,.033,.974);es="Quad";ed="In";};["LowerTorso"]={cf=cfr(0,-1.8,0,1,0,0,0,0,1,0,-1,0);es="Quad";ed="In";};["RightLowerArm"]={cf=cfr(0,0,0,.956,-.203,-.212,.28,.42,.863,-.086,-.885,.458);es="Quad";ed="In";};};{tm=.9;["RightLowerLeg"]={cf=cfr(0,.017,-.021,1,0,0,0,.496,.868,0,-.868,.496);es="Linear";ed="In";};["RightUpperArm"]={cf=cfr(-.001,-.001,0,.107,-.99,.09,.97,.084,-.23,.22,.112,.969);es="Linear";ed="In";};["LeftUpperArm"]={cf=cfr(.003,0,.001,.11,.99,-.09,-.969,.086,-.23,-.22,.113,.969);es="Linear";ed="In";};["Head"]={cf=cfr(0,0,0,1,0,0,0,.996,.089,0,-.089,.996);es="Linear";ed="In";};["UpperTorso"]={cf=cfr(0,0,0,1,0,0,0,1,-.001,0,.001,1);es="Linear";ed="In";};["RightUpperLeg"]={cf=cfr(0,.001,0,.708,-.354,-.611,.707,.356,.612,.001,-.865,.502);es="Linear";ed="In";};["LeftUpperLeg"]={cf=cfr(0,0,0,.985,.173,-.015,-.174,.981,-.087,0,.088,.996);es="Linear";ed="In";};["LeftLowerLeg"]={cf=cfr(.001,.001,0,.176,.981,.087,-.981,.167,.103,.087,-.103,.991);es="Linear";ed="In";};["LeftLowerArm"]={cf=cfr(0,.001,0,.454,-.881,.135,.863,.472,.18,-.222,.035,.974);es="Linear";ed="In";};["LowerTorso"]={cf=cfr(0,-1.799,0,1,0,0,0,0,1,0,-1,0);es="Linear";ed="In";};["RightLowerArm"]={cf=cfr(0,.001,0,.956,-.203,-.211,.28,.423,.862,-.086,-.883,.461);es="Linear";ed="In";};};{tm=.917;["RightLowerLeg"]={cf=cfr(0,.019,-.022,1,0,0,0,.512,.859,0,-.859,.512);es="Linear";ed="In";};["RightUpperArm"]={cf=cfr(-.005,-.003,-.001,.114,-.989,.09,.969,.091,-.231,.22,.114,.969);es="Linear";ed="In";};["LeftUpperArm"]={cf=cfr(.01,-.001,.006,.125,.988,-.09,-.967,.101,-.232,-.22,.116,.969);es="Linear";ed="In";};["Head"]={cf=cfr(0,-.002,.001,1,0,0,0,.996,.093,0,-.093,.996);es="Linear";ed="In";};["UpperTorso"]={cf=cfr(0,-.001,0,1,0,0,0,1,-.004,0,.004,1);es="Linear";ed="In";};["RightUpperLeg"]={cf=cfr(-.002,.002,-.002,.709,-.356,-.608,.705,.362,.61,.003,-.862,.507);es="Linear";ed="In";};["LeftUpperLeg"]={cf=cfr(0,0,0,.985,.173,-.016,-.174,.981,-.089,0,.09,.996);es="Linear";ed="In";};["LeftLowerLeg"]={cf=cfr(.002,.002,0,.182,.979,.089,-.979,.172,.106,.089,-.106,.99);es="Linear";ed="In";};["LeftLowerArm"]={cf=cfr(-.001,.003,0,.463,-.875,.14,.86,.482,.169,-.215,.042,.976);es="Linear";ed="In";};["LowerTorso"]={cf=cfr(0,-1.798,0,1,0,0,0,0,1,0,-1,0);es="Linear";ed="In";};["RightLowerArm"]={cf=cfr(-.001,.003,-.002,.956,-.204,-.21,.28,.431,.858,-.084,-.879,.47);es="Linear";ed="In";};};{tm=.933;["RightLowerLeg"]={cf=cfr(0,.02,-.023,1,0,0,0,.529,.849,0,-.849,.529);es="Linear";ed="In";};["RightUpperArm"]={cf=cfr(-.011,-.008,-.003,.126,-.988,.09,.967,.102,-.232,.22,.117,.969);es="Linear";ed="In";};["LeftUpperArm"]={cf=cfr(.023,-.002,.013,.15,.985,-.09,-.964,.125,-.235,-.22,.122,.968);es="Linear";ed="In";};["Head"]={cf=cfr(0,-.004,.002,1,0,0,0,.995,.1,0,-.1,.995);es="Linear";ed="In";};["UpperTorso"]={cf=cfr(0,-.003,-.001,1,0,0,0,1,-.01,0,.01,1);es="Linear";ed="In";};["RightUpperLeg"]={cf=cfr(-.004,.005,-.004,.712,-.359,-.603,.702,.372,.607,.006,-.856,.517);es="Linear";ed="In";};["LeftUpperLeg"]={cf=cfr(0,.001,0,.985,.173,-.016,-.174,.98,-.093,0,.095,.996);es="Linear";ed="In";};["LeftLowerLeg"]={cf=cfr(.005,.005,0,.193,.977,.092,-.977,.182,.112,.092,-.112,.989);es="Linear";ed="In";};["LeftLowerArm"]={cf=cfr(-.003,.007,-.001,.479,-.866,.147,.854,.498,.152,-.205,.053,.977);es="Linear";ed="In";};["LowerTorso"]={cf=cfr(0,-1.795,0,1,0,0,0,0,1,0,-1,0);es="Linear";ed="In";};["RightLowerArm"]={cf=cfr(-.001,.007,-.003,.957,-.204,-.207,.279,.446,.851,-.081,-.872,.483);es="Linear";ed="In";};};{tm=.95;["RightLowerLeg"]={cf=cfr(0,.022,-.025,1,0,0,0,.546,.838,0,-.838,.546);es="Linear";ed="In";};["RightUpperArm"]={cf=cfr(-.019,-.014,-.005,.142,-.986,.09,.965,.118,-.234,.22,.12,.968);es="Linear";ed="In";};["LeftUpperArm"]={cf=cfr(.04,-.003,.023,.185,.979,-.09,-.958,.159,-.238,-.219,.131,.967);es="Linear";ed="In";};["Head"]={cf=cfr(0,-.008,.003,1,0,0,0,.994,.109,0,-.109,.994);es="Linear";ed="In";};["UpperTorso"]={cf=cfr(0,-.006,-.001,1,0,0,0,1,-.018,0,.018,1);es="Linear";ed="In";};["RightUpperLeg"]={cf=cfr(-.007,.009,-.007,.716,-.363,-.596,.698,.386,.603,.011,-.848,.529);es="Linear";ed="In";};["LeftUpperLeg"]={cf=cfr(0,.002,0,.985,.173,-.017,-.174,.98,-.099,0,.101,.995);es="Linear";ed="In";};["LeftLowerLeg"]={cf=cfr(.008,.008,0,.207,.973,.097,-.973,.195,.12,.097,-.12,.988);es="Linear";ed="In";};["LeftLowerArm"]={cf=cfr(-.005,.013,-.001,.5,-.852,.157,.845,.52,.127,-.19,.069,.979);es="Linear";ed="In";};["LowerTorso"]={cf=cfr(0,-1.791,0,1,0,0,0,0,1,0,-1,0);es="Linear";ed="In";};["RightLowerArm"]={cf=cfr(-.002,.012,-.006,.957,-.205,-.203,.278,.465,.84,-.078,-.861,.502);es="Linear";ed="In";};};{tm=.967;["RightLowerLeg"]={cf=cfr(0,.023,-.026,1,0,0,0,.564,.826,0,-.826,.564);es="Linear";ed="In";};["RightUpperArm"]={cf=cfr(-.029,-.021,-.007,.163,-.983,.09,.962,.138,-.236,.219,.125,.968);es="Linear";ed="In";};["LeftUpperArm"]={cf=cfr(.061,-.002,.037,.23,.969,-.09,-.949,.202,-.243,-.217,.142,.966);es="Linear";ed="In";};["Head"]={cf=cfr(0,-.012,.005,1,0,0,0,.993,.122,0,-.122,.993);es="Linear";ed="In";};["UpperTorso"]={cf=cfr(0,-.009,-.002,1,0,0,0,1,-.028,0,.028,1);es="Linear";ed="In";};["RightUpperLeg"]={cf=cfr(-.011,.014,-.01,.721,-.368,-.587,.693,.404,.598,.017,-.838,.546);es="Linear";ed="In";};["LeftUpperLeg"]={cf=cfr(0,.003,.001,.985,.173,-.019,-.174,.979,-.106,0,.108,.994);es="Linear";ed="In";};["LeftLowerLeg"]={cf=cfr(.012,.013,-.001,.226,.969,.104,-.969,.212,.13,.104,-.13,.986);es="Linear";ed="In";};["LeftLowerArm"]={cf=cfr(-.008,.02,-.002,.528,-.832,.169,.832,.547,.095,-.171,.091,.981);es="Linear";ed="In";};["LowerTorso"]={cf=cfr(0,-1.786,0,1,0,0,0,0,1,0,-1,0);es="Linear";ed="In";};["RightLowerArm"]={cf=cfr(-.003,.019,-.009,.958,-.206,-.198,.276,.49,.827,-.073,-.847,.527);es="Linear";ed="In";};};{tm=.983;["RightLowerLeg"]={cf=cfr(0,.024,-.027,1,0,0,0,.582,.813,0,-.813,.582);es="Linear";ed="In";};["RightUpperArm"]={cf=cfr(-.042,-.03,-.01,.188,-.978,.09,.957,.162,-.239,.219,.132,.967);es="Linear";ed="In";};["LeftUpperArm"]={cf=cfr(.085,-.001,.054,.284,.955,-.09,-.935,.254,-.249,-.215,.155,.964);es="Linear";ed="In";};["Head"]={cf=cfr(0,-.017,.007,1,0,0,0,.991,.137,0,-.137,.991);es="Linear";ed="In";};["UpperTorso"]={cf=cfr(0,-.012,-.003,1,0,0,0,.999,-.04,0,.04,.999);es="Linear";ed="In";};["RightUpperLeg"]={cf=cfr(-.015,.02,-.014,.727,-.373,-.576,.686,.425,.59,.025,-.825,.565);es="Linear";ed="In";};["LeftUpperLeg"]={cf=cfr(.001,.004,.001,.985,.172,-.02,-.174,.978,-.115,0,.117,.993);es="Linear";ed="In";};["LeftLowerLeg"]={cf=cfr(.017,.018,-.001,.249,.962,.111,-.962,.233,.142,.111,-.142,.984);es="Linear";ed="In";};["LeftLowerArm"]={cf=cfr(-.011,.027,-.002,.561,-.807,.182,.814,.578,.055,-.15,.118,.982);es="Linear";ed="In";};["LowerTorso"]={cf=cfr(0,-1.78,0,1,0,0,0,0,1,0,-1,0);es="Linear";ed="In";};["RightLowerArm"]={cf=cfr(-.005,.027,-.012,.959,-.207,-.192,.274,.52,.809,-.067,-.829,.556);es="Linear";ed="In";};};{tm=1;["RightLowerLeg"]={cf=cfr(0,.026,-.028,1,0,0,0,.6,.8,0,-.8,.6);es="Linear";ed="In";};["RightUpperArm"]={cf=cfr(-.056,-.039,-.013,.218,-.972,.09,.951,.191,-.242,.218,.139,.966);es="Linear";ed="In";};["LeftUpperArm"]={cf=cfr(.111,.003,.074,.346,.934,-.089,-.914,.314,-.256,-.211,.17,.963);es="Linear";ed="In";};["Head"]={cf=cfr(0,-.022,.009,1,0,0,0,.988,.155,0,-.155,.988);es="Linear";ed="In";};["UpperTorso"]={cf=cfr(0,-.016,-.004,1,0,0,0,.999,-.055,0,.055,.999);es="Linear";ed="In";};["RightUpperLeg"]={cf=cfr(-.02,.026,-.018,.734,-.379,-.563,.678,.451,.581,.033,-.808,.588);es="Linear";ed="In";};["LeftUpperLeg"]={cf=cfr(.001,.005,.001,.985,.172,-.022,-.174,.977,-.126,0,.128,.992);es="Linear";ed="In";};["LeftLowerLeg"]={cf=cfr(.023,.025,-.001,.276,.954,.119,-.954,.257,.157,.119,-.157,.98);es="Linear";ed="In";};["LeftLowerArm"]={cf=cfr(-.013,.035,-.002,.6,-.776,.196,.79,.612,.007,-.125,.151,.981);es="Linear";ed="In";};["LowerTorso"]={cf=cfr(0,-1.773,0,1,0,0,0,0,1,0,-1,0);es="Linear";ed="In";};["RightLowerArm"]={cf=cfr(-.006,.036,-.016,.961,-.208,-.185,.271,.555,.787,-.061,-.806,.589);es="Linear";ed="In";};};{tm=1.017;["RightLowerLeg"]={cf=cfr(0,.027,-.029,1,0,0,0,.62,.785,0,-.785,.62);es="Linear";ed="In";};["RightUpperArm"]={cf=cfr(-.072,-.05,-.017,.252,-.963,.09,.943,.224,-.246,.216,.147,.965);es="Linear";ed="In";};["LeftUpperArm"]={cf=cfr(.137,.01,.098,.416,.905,-.087,-.886,.382,-.264,-.206,.187,.961);es="Linear";ed="In";};["Head"]={cf=cfr(0,-.028,.012,1,0,0,0,.984,.176,0,-.176,.984);es="Linear";ed="In";};["UpperTorso"]={cf=cfr(0,-.021,-.005,1,0,0,0,.997,-.071,0,.071,.997);es="Linear";ed="In";};["RightUpperLeg"]={cf=cfr(-.026,.034,-.023,.743,-.386,-.547,.668,.479,.569,.043,-.788,.614);es="Linear";ed="In";};["LeftUpperLeg"]={cf=cfr(.001,.006,.002,.985,.172,-.024,-.174,.975,-.138,0,.14,.99);es="Linear";ed="In";};["LeftLowerLeg"]={cf=cfr(.028,.032,-.002,.307,.943,.128,-.943,.284,.175,.128,-.175,.976);es="Linear";ed="In";};["LeftLowerArm"]={cf=cfr(-.015,.044,-.002,.643,-.737,.208,.76,.648,-.049,-.098,.19,.977);es="Linear";ed="In";};["LowerTorso"]={cf=cfr(0,-1.765,0,1,0,0,0,0,1,0,-1,0);es="Linear";ed="In";};["RightLowerArm"]={cf=cfr(-.008,.047,-.019,.962,-.208,-.177,.268,.593,.759,-.053,-.778,.626);es="Linear";ed="In";};};{tm=1.033;["RightLowerLeg"]={cf=cfr(0,.028,-.03,1,0,0,0,.639,.769,0,-.769,.639);es="Linear";ed="In";};["RightUpperArm"]={cf=cfr(-.088,-.061,-.021,.291,-.953,.09,.932,.261,-.25,.215,.156,.964);es="Linear";ed="In";};["LeftUpperArm"]={cf=cfr(.162,.02,.127,.493,.866,-.084,-.847,.456,-.273,-.198,.206,.958);es="Linear";ed="In";};["Head"]={cf=cfr(0,-.035,.015,1,0,0,0,.98,.199,0,-.199,.98);es="Linear";ed="In";};["UpperTorso"]={cf=cfr(0,-.025,-.007,1,0,0,0,.996,-.09,0,.09,.996);es="Linear";ed="In";};["RightUpperLeg"]={cf=cfr(-.032,.042,-.028,.753,-.393,-.529,.656,.511,.555,.053,-.765,.642);es="Linear";ed="In";};["LeftUpperLeg"]={cf=cfr(.001,.007,.002,.985,.172,-.027,-.174,.973,-.152,0,.155,.988);es="Linear";ed="In";};["LeftLowerLeg"]={cf=cfr(.034,.039,-.003,.342,.929,.138,-.929,.314,.194,.138,-.194,.971);es="Linear";ed="In";};["LeftLowerArm"]={cf=cfr(-.017,.052,-.001,.69,-.69,.218,.72,.684,-.113,-.071,.235,.969);es="Linear";ed="In";};["LowerTorso"]={cf=cfr(0,-1.755,0,1,0,0,0,0,1,0,-1,0);es="Linear";ed="In";};["RightLowerArm"]={cf=cfr(-.01,.058,-.023,.964,-.208,-.167,.263,.635,.726,-.045,-.744,.667);es="Linear";ed="In";};};{tm=1.05;["RightLowerLeg"]={cf=cfr(0,.029,-.03,1,0,0,0,.659,.752,0,-.752,.659);es="Linear";ed="In";};["RightUpperArm"]={cf=cfr(-.106,-.073,-.025,.333,-.939,.089,.919,.302,-.255,.212,.167,.963);es="Linear";ed="In";};["LeftUpperArm"]={cf=cfr(.183,.034,.159,.575,.815,-.08,-.797,.534,-.282,-.187,.226,.956);es="Linear";ed="In";};["Head"]={cf=cfr(0,-.041,.019,1,0,0,0,.974,.225,0,-.225,.974);es="Linear";ed="In";};["UpperTorso"]={cf=cfr(0,-.03,-.008,1,0,0,0,.994,-.111,0,.111,.994);es="Linear";ed="In";};["RightUpperLeg"]={cf=cfr(-.038,.051,-.032,.763,-.399,-.508,.643,.546,.537,.063,-.737,.673);es="Linear";ed="In";};["LeftUpperLeg"]={cf=cfr(.002,.009,.003,.985,.171,-.03,-.174,.97,-.168,0,.17,.985);es="Linear";ed="In";};["LeftLowerLeg"]={cf=cfr(.04,.048,-.004,.381,.913,.147,-.913,.346,.217,.147,-.217,.965);es="Linear";ed="In";};["LeftLowerArm"]={cf=cfr(-.018,.059,0,.74,-.634,.224,.671,.718,-.185,-.043,.287,.957);es="Linear";ed="In";};["LowerTorso"]={cf=cfr(0,-1.745,0,1,0,0,0,0,1,0,-1,0);es="Linear";ed="In";};["RightLowerArm"]={cf=cfr(-.012,.07,-.026,.966,-.208,-.157,.258,.68,.686,-.036,-.703,.71);es="Linear";ed="In";};};{tm=1.067;["RightLowerLeg"]={cf=cfr(0,.03,-.03,1,0,0,0,.679,.734,0,-.734,.679);es="Linear";ed="In";};["RightUpperArm"]={cf=cfr(-.124,-.085,-.03,.379,-.921,.088,.902,.346,-.26,.209,.178,.962);es="Linear";ed="In";};["LeftUpperArm"]={cf=cfr(.198,.052,.196,.658,.749,-.075,-.733,.615,-.292,-.173,.247,.953);es="Linear";ed="In";};["Head"]={cf=cfr(0,-.048,.022,1,0,0,0,.967,.253,0,-.253,.967);es="Linear";ed="In";};["UpperTorso"]={cf=cfr(0,-.035,-.01,1,0,0,0,.991,-.135,0,.135,.991);es="Linear";ed="In";};["RightUpperLeg"]={cf=cfr(-.044,.06,-.036,.775,-.405,-.485,.627,.583,.516,.074,-.704,.706);es="Linear";ed="In";};["LeftUpperLeg"]={cf=cfr(.002,.01,.003,.985,.171,-.033,-.174,.967,-.185,0,.188,.982);es="Linear";ed="In";};["LeftLowerLeg"]={cf=cfr(.046,.056,-.005,.423,.892,.157,-.892,.381,.242,.157,-.242,.957);es="Linear";ed="In";};["LeftLowerArm"]={cf=cfr(-.017,.064,.002,.791,-.569,.224,.611,.747,-.263,-.018,.345,.938);es="Linear";ed="In";};["LowerTorso"]={cf=cfr(0,-1.733,0,1,0,0,0,0,1,0,-1,0);es="Linear";ed="In";};["RightLowerArm"]={cf=cfr(-.013,.082,-.028,.968,-.206,-.145,.251,.727,.639,-.026,-.655,.755);es="Linear";ed="In";};};{tm=1.083;["RightLowerLeg"]={cf=cfr(0,.03,-.03,1,0,0,0,.699,.715,0,-.715,.699);es="Linear";ed="In";};["RightUpperArm"]={cf=cfr(-.141,-.097,-.034,.428,-.899,.087,.88,.394,-.265,.205,.19,.96);es="Linear";ed="In";};["LeftUpperArm"]={cf=cfr(.205,.075,.237,.741,.668,-.068,-.653,.694,-.303,-.155,.268,.951);es="Linear";ed="In";};["Head"]={cf=cfr(0,-.054,.026,1,0,0,0,.959,.284,0,-.284,.959);es="Linear";ed="In";};["UpperTorso"]={cf=cfr(0,-.039,-.012,1,0,0,0,.987,-.16,0,.16,.987);es="Linear";ed="In";};["RightUpperLeg"]={cf=cfr(-.05,.069,-.04,.788,-.41,-.459,.61,.622,.491,.085,-.667,.74);es="Linear";ed="In";};["LeftUpperLeg"]={cf=cfr(.002,.011,.004,.985,.17,-.036,-.174,.964,-.203,0,.206,.978);es="Linear";ed="In";};["LeftLowerLeg"]={cf=cfr(.051,.065,-.007,.468,.868,.166,-.868,.417,.27,.166,-.27,.948);es="Linear";ed="In";};["LeftLowerArm"]={cf=cfr(-.016,.066,.003,.842,-.494,.216,.539,.767,-.347,.005,.409,.913);es="Linear";ed="In";};["LowerTorso"]={cf=cfr(0,-1.721,0,1,0,0,0,0,1,0,-1,0);es="Linear";ed="In";};["RightLowerArm"]={cf=cfr(-.015,.094,-.029,.97,-.204,-.133,.243,.774,.585,-.017,-.599,.8);es="Linear";ed="In";};};{tm=1.1;["RightLowerLeg"]={cf=cfr(0,.03,-.03,1,0,0,0,.719,.695,0,-.695,.719);es="Linear";ed="In";};["RightUpperArm"]={cf=cfr(-.158,-.109,-.039,.481,-.873,.085,.854,.444,-.271,.199,.203,.959);es="Linear";ed="In";};["LeftUpperArm"]={cf=cfr(.199,.1,.281,.82,.569,-.058,-.556,.77,-.313,-.133,.289,.948);es="Linear";ed="In";};["Head"]={cf=cfr(0,-.06,.029,1,0,0,0,.948,.318,0,-.318,.948);es="Linear";ed="In";};["UpperTorso"]={cf=cfr(0,-.044,-.013,1,0,0,0,.982,-.188,0,.188,.982);es="Linear";ed="In";};["RightUpperLeg"]={cf=cfr(-.055,.078,-.042,.802,-.414,-.431,.59,.663,.461,.095,-.624,.776);es="Linear";ed="In";};["LeftUpperLeg"]={cf=cfr(.002,.013,.004,.985,.169,-.039,-.174,.959,-.223,0,.227,.974);es="Linear";ed="In";};["LeftLowerLeg"]={cf=cfr(.056,.073,-.009,.516,.839,.174,-.839,.454,.301,.174,-.301,.938);es="Linear";ed="In";};["LeftLowerArm"]={cf=cfr(-.013,.064,.005,.89,-.409,.199,.455,.778,-.434,.023,.478,.878);es="Linear";ed="In";};["LowerTorso"]={cf=cfr(0,-1.707,0,1,0,0,0,0,1,0,-1,0);es="Linear";ed="In";};["RightLowerArm"]={cf=cfr(-.016,.106,-.03,.972,-.2,-.119,.233,.821,.521,-.007,-.535,.845);es="Linear";ed="In";};};{tm=1.117;["RightLowerLeg"]={cf=cfr(0,.03,-.029,1,0,0,0,.74,.673,0,-.673,.74);es="Linear";ed="In";};["RightUpperArm"]={cf=cfr(-.173,-.12,-.043,.535,-.841,.082,.823,.496,-.278,.193,.216,.957);es="Linear";ed="In";};["LeftUpperArm"]={cf=cfr(.179,.127,.33,.891,.452,-.047,-.442,.837,-.322,-.106,.308,.945);es="Linear";ed="In";};["Head"]={cf=cfr(0,-.065,.033,1,0,0,0,.936,.353,0,-.353,.936);es="Linear";ed="In";};["UpperTorso"]={cf=cfr(0,-.048,-.015,1,0,0,0,.976,-.217,0,.217,.976);es="Linear";ed="In";};["RightUpperLeg"]={cf=cfr(-.06,.087,-.044,.817,-.415,-.4,.567,.705,.427,.105,-.575,.811);es="Linear";ed="In";};["LeftUpperLeg"]={cf=cfr(.002,.014,.005,.985,.168,-.043,-.174,.954,-.245,0,.249,.969);es="Linear";ed="In";};["LeftLowerLeg"]={cf=cfr(.059,.081,-.011,.567,.804,.18,-.804,.492,.334,.18,-.334,.925);es="Linear";ed="In";};["LeftLowerArm"]={cf=cfr(-.01,.058,.006,.933,-.316,.171,.357,.773,-.524,.033,.55,.835);es="Linear";ed="In";};["LowerTorso"]={cf=cfr(0,-1.692,0,1,0,0,0,0,1,0,-1,0);es="Linear";ed="In";};["RightLowerArm"]={cf=cfr(-.017,.117,-.029,.975,-.195,-.105,.222,.865,.449,.003,-.461,.887);es="Linear";ed="In";};};{tm=1.133;["RightLowerLeg"]={cf=cfr(0,.03,-.028,1,0,0,0,.76,.65,0,-.65,.76);es="Linear";ed="In";};["RightUpperArm"]={cf=cfr(-.187,-.131,-.048,.591,-.803,.079,.785,.55,-.284,.185,.23,.955);es="Linear";ed="In";};["LeftUpperArm"]={cf=cfr(.141,.154,.382,.948,.317,-.033,-.31,.891,-.331,-.075,.324,.943);es="Linear";ed="In";};["Head"]={cf=cfr(0,-.069,.036,1,0,0,0,.921,.391,0,-.391,.921);es="Linear";ed="In";};["UpperTorso"]={cf=cfr(0,-.051,-.017,1,0,0,0,.969,-.249,0,.249,.969);es="Linear";ed="In";};["RightUpperLeg"]={cf=cfr(-.064,.094,-.045,.833,-.415,-.367,.542,.746,.387,.113,-.521,.846);es="Linear";ed="In";};["LeftUpperLeg"]={cf=cfr(.003,.015,.005,.985,.167,-.047,-.174,.948,-.268,0,.272,.962);es="Linear";ed="In";};["LeftLowerLeg"]={cf=cfr(.062,.088,-.013,.619,.764,.185,-.764,.529,.37,.185,-.37,.911);es="Linear";ed="In";};["LeftLowerArm"]={cf=cfr(-.006,.046,.006,.968,-.215,.129,.248,.752,-.611,.034,.624,.781);es="Linear";ed="In";};["LowerTorso"]={cf=cfr(0,-1.676,0,1,0,0,0,0,1,0,-1,0);es="Linear";ed="In";};["RightLowerArm"]={cf=cfr(-.018,.126,-.027,.978,-.189,-.091,.209,.906,.368,.013,-.379,.925);es="Linear";ed="In";};};{tm=1.15;["RightLowerLeg"]={cf=cfr(0,.029,-.027,1,0,0,0,.78,.626,0,-.626,.78);es="Linear";ed="In";};["RightUpperArm"]={cf=cfr(-.197,-.142,-.052,.648,-.758,.076,.741,.605,-.291,.175,.245,.954);es="Linear";ed="In";};["LeftUpperArm"]={cf=cfr(.082,.176,.437,.986,.166,-.018,-.162,.927,-.337,-.039,.336,.941);es="Linear";ed="In";};["Head"]={cf=cfr(0,-.072,.039,1,0,0,0,.903,.43,0,-.43,.903);es="Linear";ed="In";};["UpperTorso"]={cf=cfr(0,-.053,-.018,1,0,0,0,.959,-.282,0,.282,.959);es="Linear";ed="In";};["RightUpperLeg"]={cf=cfr(-.067,.101,-.044,.849,-.412,-.331,.514,.787,.341,.12,-.46,.88);es="Linear";ed="In";};["LeftUpperLeg"]={cf=cfr(.003,.015,.005,.985,.166,-.052,-.174,.94,-.293,0,.297,.955);es="Linear";ed="In";};["LeftLowerLeg"]={cf=cfr(.063,.093,-.015,.672,.717,.187,-.717,.565,.407,.187,-.407,.894);es="Linear";ed="In";};["LeftLowerArm"]={cf=cfr(-.002,.027,.005,.991,-.108,.072,.128,.709,-.694,.024,.697,.717);es="Linear";ed="In";};["LowerTorso"]={cf=cfr(0,-1.659,0,1,0,0,0,0,1,0,-1,0);es="Linear";ed="In";};["RightLowerArm"]={cf=cfr(-.019,.133,-.024,.981,-.18,-.076,.194,.941,.278,.021,-.287,.958);es="Linear";ed="In";};};{tm=1.167;["RightLowerLeg"]={cf=cfr(0,.028,-.026,1,0,0,0,.8,.6,0,-.6,.8);es="Linear";ed="In";};["UpperTorso"]={cf=cfr(0,-.054,-.019,1,0,0,0,.948,-.317,0,.317,.948);es="Linear";ed="In";};["RightUpperLeg"]={cf=cfr(-.069,.105,-.042,.866,-.405,-.293,.484,.826,.289,.125,-.392,.911);es="Linear";ed="In";};["LeftUpperLeg"]={cf=cfr(.003,.016,.006,.985,.164,-.056,-.174,.932,-.319,0,.323,.946);es="Linear";ed="In";};["LeftLowerLeg"]={cf=cfr(.062,.097,-.017,.724,.664,.186,-.664,.599,.447,.186,-.447,.875);es="Linear";ed="In";};["LowerTorso"]={cf=cfr(0,-1.64,0,1,0,0,0,0,1,0,-1,0);es="Linear";ed="In";};["RightLowerArm"]={cf=cfr(-.019,.138,-.02,.984,-.169,-.061,.177,.968,.178,.029,-.186,.982);es="Linear";ed="In";};["Head"]={cf=cfr(0,-.073,.041,1,0,0,0,.882,.471,0,-.471,.882);es="Linear";ed="In";};["RightUpperArm"]={cf=cfr(-.203,-.152,-.057,.705,-.705,.071,.69,.66,-.298,.163,.259,.952);es="Linear";ed="In";};["LeftUpperArm"]={cf=cfr(0,.191,.493,1,0,0,0,.94,-.342,0,.342,.94);es="Linear";ed="In";};["LeftLowerArm"]={cf=cfr(0,0,0,1,0,0,0,.643,-.766,0,.766,.643);es="Linear";ed="In";};};{tm=1.183;["RightLowerLeg"]={cf=cfr(0,.027,-.024,1,0,0,0,.82,.573,0,-.573,.82);es="Linear";ed="In";};["RightUpperArm"]={cf=cfr(-.205,-.163,-.061,.761,-.645,.066,.631,.713,-.305,.15,.273,.95);es="Linear";ed="In";};["Head"]={cf=cfr(0,-.073,.042,1,0,0,0,.858,.514,0,-.514,.858);es="Linear";ed="In";};["UpperTorso"]={cf=cfr(0,-.054,-.02,1,0,0,0,.935,-.354,0,.354,.935);es="Linear";ed="In";};["RightUpperLeg"]={cf=cfr(-.068,.107,-.039,.883,-.394,-.253,.451,.862,.231,.127,-.319,.939);es="Linear";ed="In";};["LeftUpperLeg"]={cf=cfr(.003,.016,.006,.985,.163,-.061,-.174,.922,-.346,0,.351,.936);es="Linear";ed="In";};["LeftLowerLeg"]={cf=cfr(.06,.099,-.019,.776,.604,.181,-.604,.63,.488,.181,-.488,.854);es="Linear";ed="In";};["LowerTorso"]={cf=cfr(0,-1.621,0,1,0,0,0,0,1,0,-1,0);es="Linear";ed="In";};["RightLowerArm"]={cf=cfr(-.018,.139,-.015,.987,-.156,-.047,.159,.985,.07,.035,-.077,.996);es="Linear";ed="In";};};{tm=1.2;["RightLowerLeg"]={cf=cfr(0,.025,-.021,1,0,0,0,.839,.544,0,-.544,.839);es="Linear";ed="In";};["RightUpperArm"]={cf=cfr(-.2,-.173,-.065,.814,-.577,.059,.565,.764,-.312,.135,.287,.948);es="Linear";ed="In";};["Head"]={cf=cfr(0,-.07,.043,1,0,0,0,.83,.557,0,-.557,.83);es="Linear";ed="In";};["UpperTorso"]={cf=cfr(0,-.053,-.02,1,0,0,0,.92,-.392,0,.392,.92);es="Linear";ed="In";};["RightUpperLeg"]={cf=cfr(-.066,.106,-.035,.901,-.379,-.212,.416,.894,.167,.127,-.238,.963);es="Linear";ed="In";};["LeftUpperLeg"]={cf=cfr(.003,.015,.006,.985,.161,-.066,-.174,.911,-.374,0,.38,.925);es="Linear";ed="In";};["LeftLowerLeg"]={cf=cfr(.056,.098,-.021,.826,.537,.172,-.537,.656,.531,.172,-.531,.83);es="Linear";ed="In";};["LowerTorso"]={cf=cfr(0,-1.601,0,1,0,0,0,0,1,0,-1,0);es="Linear";ed="In";};["RightLowerArm"]={cf=cfr(-.017,.137,-.009,.99,-.14,-.033,.139,.989,-.045,.039,.04,.998);es="Linear";ed="In";};};{tm=1.217;["RightLowerLeg"]={cf=cfr(0,.022,-.019,1,0,0,0,.858,.514,0,-.514,.858);es="Linear";ed="In";};["RightUpperArm"]={cf=cfr(-.189,-.184,-.07,.864,-.501,.052,.49,.812,-.318,.117,.301,.947);es="Linear";ed="In";};["Head"]={cf=cfr(0,-.066,.042,1,0,0,0,.799,.602,0,-.602,.799);es="Linear";ed="In";};["UpperTorso"]={cf=cfr(0,-.05,-.02,1,0,0,0,.902,-.432,0,.432,.902);es="Linear";ed="In";};["RightUpperLeg"]={cf=cfr(-.062,.102,-.029,.918,-.359,-.17,.378,.921,.096,.122,-.152,.981);es="Linear";ed="In";};["LeftUpperLeg"]={cf=cfr(.003,.015,.006,.985,.158,-.071,-.174,.898,-.404,0,.41,.912);es="Linear";ed="In";};["LeftLowerLeg"]={cf=cfr(.05,.093,-.021,.872,.462,.158,-.462,.676,.574,.158,-.574,.804);es="Linear";ed="In";};["LowerTorso"]={cf=cfr(0,-1.579,0,1,0,0,0,0,1,0,-1,0);es="Linear";ed="In";};["RightLowerArm"]={cf=cfr(-.015,.129,-.003,.992,-.122,-.021,.117,.979,-.166,.041,.163,.986);es="Linear";ed="In";};};{tm=1.233;["RightLowerLeg"]={cf=cfr(0,.019,-.016,1,0,0,0,.876,.483,0,-.483,.876);es="Linear";ed="In";};["RightUpperArm"]={cf=cfr(-.171,-.196,-.075,.908,-.416,.043,.407,.854,-.325,.098,.313,.945);es="Linear";ed="In";};["Head"]={cf=cfr(0,-.058,.039,1,0,0,0,.763,.647,0,-.647,.763);es="Linear";ed="In";};["UpperTorso"]={cf=cfr(0,-.044,-.019,1,0,0,0,.881,-.473,0,.473,.881);es="Linear";ed="In";};["RightUpperLeg"]={cf=cfr(-.055,.093,-.023,.934,-.334,-.128,.339,.941,.019,.114,-.061,.992);es="Linear";ed="In";};["LeftUpperLeg"]={cf=cfr(.002,.013,.005,.985,.156,-.077,-.174,.884,-.434,0,.441,.898);es="Linear";ed="In";};["LeftLowerLeg"]={cf=cfr(.042,.085,-.021,.914,.381,.139,-.381,.689,.616,.139,-.616,.775);es="Linear";ed="In";};["LowerTorso"]={cf=cfr(0,-1.557,0,1,0,0,0,0,1,0,-1,0);es="Linear";ed="In";};["RightLowerArm"]={cf=cfr(-.013,.116,.003,.995,-.101,-.011,.094,.952,-.291,.04,.289,.957);es="Linear";ed="In";};};{tm=1.25;["RightLowerLeg"]={cf=cfr(0,.015,-.012,1,0,0,0,.893,.45,0,-.45,.893);es="Linear";ed="In";};["RightUpperArm"]={cf=cfr(-.143,-.21,-.08,.946,-.323,.034,.316,.89,-.33,.076,.323,.943);es="Linear";ed="In";};["Head"]={cf=cfr(0,-.048,.033,1,0,0,0,.723,.691,0,-.691,.723);es="Linear";ed="In";};["UpperTorso"]={cf=cfr(0,-.037,-.016,1,0,0,0,.857,-.515,0,.515,.857);es="Linear";ed="In";};["RightUpperLeg"]={cf=cfr(-.045,.079,-.016,.949,-.302,-.086,.298,.953,-.064,.101,.035,.994);es="Linear";ed="In";};["LeftUpperLeg"]={cf=cfr(.002,.011,.005,.985,.153,-.082,-.174,.868,-.466,0,.473,.881);es="Linear";ed="In";};["LeftLowerLeg"]={cf=cfr(.033,.072,-.019,.949,.294,.114,-.294,.694,.658,.114,-.658,.745);es="Linear";ed="In";};["LowerTorso"]={cf=cfr(0,-1.533,0,1,0,0,0,0,1,0,-1,0);es="Linear";ed="In";};["RightLowerArm"]={cf=cfr(-.01,.097,.007,.997,-.079,-.003,.07,.906,-.417,.036,.416,.909);es="Linear";ed="In";};};{tm=1.267;["RightLowerLeg"]={cf=cfr(0,.011,-.009,1,0,0,0,.91,.415,0,-.415,.91);es="Linear";ed="In";};["RightUpperArm"]={cf=cfr(-.106,-.228,-.086,.975,-.222,.024,.217,.917,-.335,.053,.332,.942);es="Linear";ed="In";};["Head"]={cf=cfr(0,-.035,.026,1,0,0,0,.678,.735,0,-.735,.678);es="Linear";ed="In";};["UpperTorso"]={cf=cfr(0,-.027,-.013,1,0,0,0,.83,-.557,0,.557,.83);es="Linear";ed="In";};["RightUpperLeg"]={cf=cfr(-.033,.059,-.01,.963,-.265,-.045,.255,.955,-.152,.083,.135,.987);es="Linear";ed="In";};["LeftUpperLeg"]={cf=cfr(.001,.008,.004,.985,.15,-.088,-.174,.849,-.498,0,.506,.863);es="Linear";ed="In";};["LeftLowerLeg"]={cf=cfr(.022,.054,-.015,.976,.2,.083,-.2,.688,.697,.083,-.697,.712);es="Linear";ed="In";};["LowerTorso"]={cf=cfr(0,-1.508,0,1,0,0,0,0,1,0,-1,0);es="Linear";ed="In";};["RightLowerArm"]={cf=cfr(-.007,.072,.009,.999,-.054,.002,.046,.84,-.541,.028,.54,.841);es="Linear";ed="In";};};{tm=1.283;["RightLowerLeg"]={cf=cfr(0,.006,-.005,1,0,0,0,.925,.379,0,-.379,.925);es="Linear";ed="In";};["RightUpperArm"]={cf=cfr(-.059,-.25,-.093,.993,-.114,.012,.111,.934,-.339,.027,.338,.941);es="Linear";ed="In";};["Head"]={cf=cfr(0,-.019,.015,1,0,0,0,.628,.778,0,-.778,.628);es="Linear";ed="In";};["UpperTorso"]={cf=cfr(0,-.015,-.007,1,0,0,0,.8,-.6,0,.6,.8);es="Linear";ed="In";};["RightUpperLeg"]={cf=cfr(-.018,.033,-.004,.975,-.221,-.006,.213,.946,-.244,.059,.237,.97);es="Linear";ed="In";};["LeftUpperLeg"]={cf=cfr(.001,.004,.002,.985,.146,-.094,-.174,.829,-.531,0,.539,.842);es="Linear";ed="In";};["LeftLowerLeg"]={cf=cfr(.011,.03,-.009,.994,.102,.045,-.102,.672,.734,.045,-.734,.678);es="Linear";ed="In";};["LowerTorso"]={cf=cfr(0,-1.482,0,1,0,0,0,0,1,0,-1,0);es="Linear";ed="In";};["RightLowerArm"]={cf=cfr(-.004,.039,.007,1,-.027,.003,.023,.752,-.659,.016,.658,.753);es="Linear";ed="In";};};{tm=1.3;["Head"]={cf=cfr(0,0,0,1,0,0,0,.574,.819,0,-.819,.574);es="Linear";ed="In";};["RightUpperArm"]={cf=cfr(0,-.278,-.101,1,0,0,0,.94,-.342,0,.342,.94);es="Linear";ed="In";};["LeftUpperLeg"]={cf=cfr(0,0,0,.985,.142,-.1,-.174,.807,-.565,0,.574,.819);es="Sine";ed="In";};["RightUpperLeg"]={cf=cfr(0,0,0,.985,-.171,.03,.171,.925,-.339,.03,.339,.94);es="Sine";ed="In";};["UpperTorso"]={cf=cfr(0,0,0,1,0,0,0,.766,-.643,0,.643,.766);es="Sine";ed="In";};["LeftLowerLeg