local cfr = CFrame.new

return {{tm=0;["Head"]={cf=cfr(0,0,0,1,0,0,0,.643,-.766,0,.766,.643);es="Linear";ed="In";};["LeftUpperArm"]={cf=cfr(0,0,0,.174,.985,0,-.985,.174,0,0,0,1);es="Linear";ed="In";};["RightUpperArm"]={cf=cfr(0,0,0,.174,-.985,0,.985,.174,0,0,0,1);es="Linear";ed="In";};["LeftUpperLeg"]={cf=cfr(0,0,0,.94,.342,0,-.342,.94,0,0,0,1);es="Linear";ed="In";};["RightUpperLeg"]={cf=cfr(0,0,0,.94,-.342,0,.342,.94,0,0,0,1);es="Linear";ed="In";};["UpperTorso"]={cf=cfr(0,0,0,1,0,0,0,.681,-.732,0,.732,.681);es="Linear";ed="In";};["LeftLowerLeg"]={cf=cfr(0,0,0,1,0,0,0,.766,.643,0,-.643,.766);es="Linear";ed="In";};["RightLowerLeg"]={cf=cfr(0,0,0,1,0,0,0,.766,.643,0,-.643,.766);es="Linear";ed="In";};["LeftLowerArm"]={cf=cfr(0,0,0,1,0,0,0,.866,-.5,0,.5,.866);es="Linear";ed="In";};["LowerTorso"]={cf=cfr(0,-.296,0,1,0,0,0,.643,.766,0,-.766,.643);es="Linear";ed="In";};["RightLowerArm"]={cf=cfr(0,0,0,1,0,0,0,.766,-.643,0,.643,.766);es="Linear";ed="In";};};{tm=.05;["Head"]={cf=cfr(0,0,0,1,0,0,0,.5,-.866,0,.866,.5);es="Linear";ed="In";};["LeftUpperArm"]={cf=cfr(0,0,0,.174,.97,.171,-.985,.171,.03,0,-.174,.985);es="Linear";ed="In";};["RightUpperArm"]={cf=cfr(0,0,0,.174,-.97,-.171,.985,.171,.03,0,-.174,.985);es="Linear";ed="In";};["LeftUpperLeg"]={cf=cfr(0,0,0,.94,.342,0,-.342,.94,0,0,0,1);es="Linear";ed="In";};["RightUpperLeg"]={cf=cfr(0,0,0,.94,-.337,-.059,.342,.925,.163,0,-.174,.985);es="Linear";ed="In";};["UpperTorso"]={cf=cfr(0,0,0,1,0,0,0,.574,-.819,0,.819,.574);es="Quad";ed="Out";};["LowerTorso"]={cf=cfr(0,-.6,0,1,0,0,0,.259,.966,0,-.966,.259);es="Quad";ed="Out";};};{tm=.067;["UpperTorso"]={cf=cfr(0,-.119,-.055,1,0,0,0,.774,-.633,0,.633,.774);es="Linear";ed="In";};["LowerTorso"]={cf=cfr(0,-.852,0,1,0,0,0,.276,.961,0,-.961,.276);es="Linear";ed="In";};};{tm=.083;["UpperTorso"]={cf=cfr(0,-.178,-.065,1,0,0,0,.904,-.428,0,.428,.904);es="Linear";ed="In";};["LowerTorso"]={cf=cfr(0,-1.074,0,1,0,0,0,.292,.956,0,-.956,.292);es="Linear";ed="In";};};{tm=.1;["UpperTorso"]={cf=cfr(0,-.188,-.054,1,0,0,0,.973,-.231,0,.231,.973);es="Linear";ed="In";};["LowerTorso"]={cf=cfr(0,-1.267,0,1,0,0,0,.305,.952,0,-.952,.305);es="Linear";ed="In";};};{tm=.117;["UpperTorso"]={cf=cfr(0,-.165,-.037,1,0,0,0,.998,-.055,0,.055,.998);es="Linear";ed="In";};["LowerTorso"]={cf=cfr(0,-1.43,0,1,0,0,0,.317,.949,0,-.949,.317);es="Linear";ed="In";};};{tm=.133;["UpperTorso"]={cf=cfr(0,-.123,-.021,1,0,0,0,.996,.09,0,-.09,.996);es="Linear";ed="In";};["LowerTorso"]={cf=cfr(0,-1.563,0,1,0,0,0,.326,.945,0,-.945,.326);es="Linear";ed="In";};};{tm=.15;["UpperTorso"]={cf=cfr(0,-.077,-.01,1,0,0,0,.979,.202,0,-.202,.979);es="Linear";ed="In";};["LowerTorso"]={cf=cfr(0,-1.667,0,1,0,0,0,.333,.943,0,-.943,.333);es="Linear";ed="In";};};{tm=.167;["UpperTorso"]={cf=cfr(0,-.037,-.004,1,0,0,0,.96,.281,0,-.281,.96);es="Linear";ed="In";};["LowerTorso"]={cf=cfr(0,-1.741,0,1,0,0,0,.338,.941,0,-.941,.338);es="Linear";ed="In";};};{tm=.183;["UpperTorso"]={cf=cfr(0,-.01,-.001,1,0,0,0,.945,.327,0,-.327,.945);es="Linear";ed="In";};["LowerTorso"]={cf=cfr(0,-1.785,0,1,0,0,0,.341,.94,0,-.94,.341);es="Linear";ed="In";};};{tm=.2;["Head"]={cf=cfr(0,0,0,1,0,0,0,1,0,0,0,1);es="Linear";ed="In";};["LeftUpperArm"]={cf=cfr(0,0,0,.133,.332,.934,-.985,.15,.087,-.112,-.931,.347);es="Linear";ed="In";};["RightUpperArm"]={cf=cfr(0,0,0,.133,-.332,-.934,.985,.15,.087,.112,-.931,.347);es="Linear";ed="In";};["LeftUpperLeg"]={cf=cfr(0,0,0,.94,.262,.22,-.342,.72,.604,0,-.643,.766);es="Linear";ed="In";};["RightUpperLeg"]={cf=cfr(0,0,0,.94,-.22,-.262,.342,.604,.72,0,-.766,.643);es="Linear";ed="In";};["UpperTorso"]={cf=cfr(0,0,0,1,0,0,0,.94,.342,0,-.342,.94);es="Quad";ed="Out";};["RightLowerLeg"]={cf=cfr(0,0,0,1,0,0,0,.956,.292,0,-.292,.956);es="Linear";ed="In";};["LeftLowerArm"]={cf=cfr(0,0,0,1,0,0,0,.643,-.766,0,.766,.643);es="Linear";ed="In";};["LowerTorso"]={cf=cfr(0,-1.8,0,1,0,0,0,.342,.94,0,-.94,.342);es="Quad";ed="Out";};["RightLowerArm"]={cf=cfr(0,0,0,1,0,0,0,.5,-.866,0,.866,.5);es="Linear";ed="In";};};{tm=.217;["UpperTorso"]={cf=cfr(0,-.001,0,1,0,0,0,.946,.323,0,-.323,.946);es="Linear";ed="In";};["LowerTorso"]={cf=cfr(0,-1.445,.004,1,0,0,0,.244,.97,0,-.97,.244);es="Linear";ed="In";};};{tm=.233;["UpperTorso"]={cf=cfr(0,-.001,0,1,0,0,0,.952,.306,0,-.306,.952);es="Linear";ed="In";};["LowerTorso"]={cf=cfr(0,-1.138,.006,1,0,0,0,.158,.988,0,-.988,.158);es="Linear";ed="In";};};{tm=.25;["UpperTorso"]={cf=cfr(0,-.001,0,1,0,0,0,.957,.292,0,-.292,.957);es="Linear";ed="In";};["LowerTorso"]={cf=cfr(0,-.877,.005,1,0,0,0,.083,.997,0,-.997,.083);es="Linear";ed="In";};};{tm=.267;["UpperTorso"]={cf=cfr(0,-.001,0,1,0,0,0,.96,.28,0,-.28,.96);es="Linear";ed="In";};["LowerTorso"]={cf=cfr(0,-.663,.004,1,0,0,0,.022,1,0,-1,.022);es="Linear";ed="In";};};{tm=.283;["UpperTorso"]={cf=cfr(0,0,0,1,0,0,0,.963,.271,0,-.271,.963);es="Linear";ed="In";};["LowerTorso"]={cf=cfr(0,-.497,.003,1,0,0,0,-.026,1,0,-1,-.026);es="Linear";ed="In";};};{tm=.3;["UpperTorso"]={cf=cfr(0,0,0,1,0,0,0,.965,.264,0,-.264,.965);es="Linear";ed="In";};["LowerTorso"]={cf=cfr(0,-.379,.001,1,0,0,0,-.06,.998,0,-.998,-.06);es="Linear";ed="In";};};{tm=.317;["UpperTorso"]={cf=cfr(0,0,0,1,0,0,0,.966,.26,0,-.26,.966);es="Linear";ed="In";};["LowerTorso"]={cf=cfr(0,-.308,0,1,0,0,0,-.08,.997,0,-.997,-.08);es="Linear";ed="In";};};{tm=.333;["Head"]={cf=cfr(-.034,-.205,-.005,.987,.038,.154,.111,.528,-.842,-.113,.849,.517);es="Linear";ed="In";};["LeftUpperArm"]={cf=cfr(0,0,0,.174,.754,-.633,-.97,.019,-.243,-.171,.656,.735);es="Linear";ed="In";};["RightUpperArm"]={cf=cfr(0,0,0,.174,-.633,.754,.97,-.023,-.243,.171,.774,.61);es="Linear";ed="In";};["LeftUpperLeg"]={cf=cfr(0,0,0,.94,.117,-.321,-.342,.321,-.883,0,.94,.342);es="Linear";ed="In";};["RightUpperLeg"]={cf=cfr(0,0,0,.94,-.117,.321,.342,.321,-.883,0,.94,.342);es="Linear";ed="In";};["UpperTorso"]={cf=cfr(0,0,0,1,0,0,0,.966,.259,0,-.259,.966);es="Linear";ed="In";};["LeftLowerLeg"]={cf=cfr(0,0,0,1,0,0,0,.94,.342,0,-.342,.94);es="Linear";ed="In";};["RightLowerLeg"]={cf=cfr(0,0,0,1,0,0,0,.94,.342,0,-.342,.94);es="Linear";ed="In";};["LeftLowerArm"]={cf=cfr(0,0,0,1,0,0,0,.985,-.174,0,.174,.985);es="Linear";ed="In";};["LowerTorso"]={cf=cfr(0,-.284,0,1,0,0,0,-.087,.996,0,-.996,-.087);es="Quad";ed="In";};["RightLowerArm"]={cf=cfr(0,0,0,1,0,0,0,.985,-.174,0,.174,.985);es="Sine";ed="In";};};{tm=.35;["LowerTorso"]={cf=cfr(0,-.299,0,1,0,0,0,-.086,.996,0,-.996,-.086);es="Linear";ed="In";};["RightLowerArm"]={cf=cfr(0,0,0,1,0,0,0,.985,-.174,0,.174,.985);es="Linear";ed="In";};};{tm=.367;["LowerTorso"]={cf=cfr(0,-.345,0,1,0,0,0,-.084,.996,0,-.996,-.084);es="Linear";ed="In";};["RightLowerArm"]={cf=cfr(0,0,0,1,0,0,0,.985,-.174,0,.174,.985);es="Linear";ed="In";};};{tm=.383;["LowerTorso"]={cf=cfr(0,-.42,0,1,0,0,0,-.079,.997,0,-.997,-.079);es="Linear";ed="In";};["RightLowerArm"]={cf=cfr(0,0,0,1,0,0,0,.984,-.175,0,.175,.984);es="Linear";ed="In";};};{tm=.4;["LowerTorso"]={cf=cfr(0,-.527,0,1,0,0,0,-.073,.997,0,-.997,-.073);es="Linear";ed="In";};["RightLowerArm"]={cf=cfr(0,0,0,1,0,0,0,.984,-.177,0,.177,.984);es="Linear";ed="In";};};{tm=.417;["LowerTorso"]={cf=cfr(0,-.663,0,1,0,0,0,-.065,.998,0,-.998,-.065);es="Linear";ed="In";};["RightLowerArm"]={cf=cfr(0,0,0,1,0,0,0,.984,-.178,0,.178,.984);es="Linear";ed="In";};["LeftUpperArm"]={cf=cfr(0,0,0,.105,.933,-.343,-.97,.019,-.243,-.22,.359,.907);es="Linear";ed="In";};["RightUpperArm"]={cf=cfr(0,0,0,.105,-.859,.5,.97,-.023,-.243,.22,.511,.831);es="Linear";ed="In";};["UpperTorso"]={cf=cfr(0,0,0,1,0,0,0,1,0,0,0,1);es="Linear";ed="In";};};{tm=.433;["LowerTorso"]={cf=cfr(0,-.83,0,1,0,0,0,-.056,.998,0,-.998,-.056);es="Linear";ed="In";};["RightLowerArm"]={cf=cfr(0,0,0,1,0,0,0,.984,-.181,0,.181,.984);es="Linear";ed="In";};};{tm=.45;["LowerTorso"]={cf=cfr(0,-1.027,0,1,0,0,0,-.044,.999,0,-.999,-.044);es="Linear";ed="In";};["RightLowerArm"]={cf=cfr(0,0,0,1,0,0,0,.983,-.183,0,.183,.983);es="Linear";ed="In";};};{tm=.467;["LowerTorso"]={cf=cfr(0,-1.254,0,1,0,0,0,-.031,1,0,-1,-.031);es="Linear";ed="In";};["RightLowerArm"]={cf=cfr(0,0,0,1,0,0,0,.983,-.186,0,.186,.983);es="Linear";ed="In";};};{tm=.483;["LowerTorso"]={cf=cfr(0,-1.512,0,1,0,0,0,-.017,1,0,-1,-.017);es="Linear";ed="In";};["RightLowerArm"]={cf=cfr(0,0,0,1,0,0,0,.982,-.189,0,.189,.982);es="Linear";ed="In";};};{tm=.5;["RightLowerArm"]={cf=cfr(0,0,0,1,0,0,0,.981,-.193,0,.193,.981);es="Linear";ed="In";};["Head"]={cf=cfr(0,0,0,1,0,0,0,.866,-.5,0,.5,.866);es="Quad";ed="In";};["LeftUpperArm"]={cf=cfr(0,0,0,.105,.76,-.642,-.97,-.065,-.235,-.22,.647,.73);es="Linear";ed="In";};["RightUpperArm"]={cf=cfr(0,0,0,.105,-.637,.764,.97,-.105,-.22,.22,.764,.606);es="Sine";ed="In";};["LeftUpperLeg"]={cf=cfr(0,0,0,.88,.453,-.143,-.462,.745,-.482,-.112,.49,.864);es="Quad";ed="Out";};["RightUpperLeg"]={cf=cfr(0,0,0,.94,-.321,.117,.342,.883,-.321,0,.342,.94);es="Quad";ed="Out";};["UpperTorso"]={cf=cfr(0,0,0,1,0,0,0,.866,-.5,0,.5,.866);es="Quad";ed="In";};["RightLowerLeg"]={cf=cfr(0,0,0,1,0,0,0,.866,.5,0,-.5,.866);es="Quad";ed="Out";};["LowerTorso"]={cf=cfr(0,-1.8,0,1,0,0,0,0,1,0,-1,0);es="Quad";ed="In";};["LeftLowerLeg"]={cf=cfr(0,.01,-.008,1,0,0,0,.628,.778,0,-.778,.628);es="Quad";ed="Out";};};{tm=.517;["RightLowerArm"]={cf=cfr(0,.001,0,1,0,0,0,.98,-.197,0,.197,.98);es="Linear";ed="In";};["RightUpperArm"]={cf=cfr(-.002,-.001,-.001,.108,-.636,.764,.97,-.102,-.222,.22,.765,.606);es="Linear";ed="In";};["Head"]={cf=cfr(0,-.001,0,1,0,0,0,.869,-.495,0,.495,.869);es="Linear";ed="In";};["UpperTorso"]={cf=cfr(0,-.001,0,1,0,0,0,.87,-.494,0,.494,.87);es="Linear";ed="In";};["RightUpperLeg"]={cf=cfr(0,.001,0,.949,-.298,.103,.315,.891,-.325,.005,.341,.94);es="Linear";ed="In";};["LeftUpperLeg"]={cf=cfr(.001,.003,.001,.903,.406,-.139,-.418,.761,-.496,-.096,.506,.857);es="Linear";ed="In";};["RightLowerLeg"]={cf=cfr(0,.001,0,1,0,0,0,.88,.476,0,-.476,.88);es="Linear";ed="In";};["LowerTorso"]={cf=cfr(0,-1.793,0,1,0,0,0,0,1,0,-1,0);es="Linear";ed="In";};["LeftLowerLeg"]={cf=cfr(0,.009,-.007,1,0,0,0,.631,.776,0,-.776,.631);es="Linear";ed="In";};};{tm=.533;["RightLowerArm"]={cf=cfr(0,.001,0,1,0,0,0,.98,-.201,0,.201,.98);es="Linear";ed="In";};["RightUpperArm"]={cf=cfr(-.006,-.003,-.003,.118,-.635,.763,.969,-.096,-.229,.219,.766,.604);es="Linear";ed="In";};["Head"]={cf=cfr(0,-.002,-.001,1,0,0,0,.877,-.481,0,.481,.877);es="Linear";ed="In";};["UpperTorso"]={cf=cfr(0,-.004,-.002,1,0,0,0,.88,-.475,0,.475,.88);es="Linear";ed="In";};["RightUpperLeg"]={cf=cfr(0,.001,0,.957,-.276,.091,.291,.899,-.329,.009,.341,.94);es="Linear";ed="In";};["LeftUpperLeg"]={cf=cfr(.002,.005,.002,.923,.361,-.133,-.377,.774,-.509,-.081,.52,.85);es="Linear";ed="In";};["RightLowerLeg"]={cf=cfr(0,.001,-.001,1,0,0,0,.891,.453,0,-.453,.891);es="Linear";ed="In";};["LowerTorso"]={cf=cfr(0,-1.772,0,1,0,0,0,0,1,0,-1,0);es="Linear";ed="In";};["LeftLowerLeg"]={cf=cfr(0,.007,-.005,1,0,0,0,.633,.774,0,-.774,.633);es="Linear";ed="In";};};{tm=.55;["RightLowerArm"]={cf=cfr(0,.001,0,1,0,0,0,.979,-.205,0,.205,.979);es="Linear";ed="In";};["RightUpperArm"]={cf=cfr(-.014,-.007,-.007,.134,-.633,.762,.967,-.085,-.241,.217,.769,.601);es="Linear";ed="In";};["Head"]={cf=cfr(0,-.004,-.002,1,0,0,0,.889,-.458,0,.458,.889);es="Linear";ed="In";};["UpperTorso"]={cf=cfr(0,-.008,-.003,1,0,0,0,.896,-.443,0,.443,.896);es="Linear";ed="In";};["RightUpperLeg"]={cf=cfr(0,.002,0,.963,-.257,.079,.268,.905,-.331,.013,.34,.94);es="Linear";ed="In";};["LeftUpperLeg"]={cf=cfr(.002,.006,.002,.938,.321,-.128,-.339,.784,-.52,-.066,.532,.844);es="Linear";ed="In";};["RightLowerLeg"]={cf=cfr(0,.002,-.001,1,0,0,0,.902,.432,0,-.432,.902);es="Linear";ed="In";};["LowerTorso"]={cf=cfr(0,-1.737,0,1,0,0,0,0,1,0,-1,0);es="Linear";ed="In";};["LeftLowerLeg"]={cf=cfr(0,.006,-.004,1,0,0,0,.635,.773,0,-.773,.635);es="Linear";ed="In";};};{tm=.567;["RightLowerArm"]={cf=cfr(0,.001,0,1,0,0,0,.978,-.21,0,.21,.978);es="Linear";ed="In";};["RightUpperArm"]={cf=cfr(-.025,-.013,-.013,.157,-.63,.76,.964,-.069,-.257,.215,.773,.597);es="Linear";ed="In";};["Head"]={cf=cfr(0,-.006,-.003,1,0,0,0,.906,-.424,0,.424,.906);es="Linear";ed="In";};["UpperTorso"]={cf=cfr(0,-.012,-.005,1,0,0,0,.917,-.398,0,.398,.917);es="Linear";ed="In";};["RightUpperLeg"]={cf=cfr(0,.002,0,.969,-.239,.069,.248,.91,-.333,.017,.34,.94);es="Linear";ed="In";};["LeftUpperLeg"]={cf=cfr(.002,.006,.002,.951,.284,-.123,-.305,.791,-.53,-.053,.541,.839);es="Linear";ed="In";};["RightLowerLeg"]={cf=cfr(0,.002,-.001,1,0,0,0,.91,.414,0,-.414,.91);es="Linear";ed="In";};["LowerTorso"]={cf=cfr(0,-1.687,0,1,0,0,0,0,1,0,-1,0);es="Linear";ed="In";};["LeftLowerLeg"]={cf=cfr(0,.005,-.003,1,0,0,0,.636,.771,0,-.771,.636);es="Linear";ed="In";};};{tm=.583;["RightLowerArm"]={cf=cfr(0,.001,0,1,0,0,0,.977,-.215,0,.215,.977);es="Linear";ed="In";};["RightUpperArm"]={cf=cfr(-.038,-.019,-.02,.186,-.626,.757,.96,-.05,-.277,.211,.778,.591);es="Linear";ed="In";};["Head"]={cf=cfr(0,-.007,-.003,1,0,0,0,.925,-.38,0,.38,.925);es="Linear";ed="In";};["UpperTorso"]={cf=cfr(0,-.014,-.005,1,0,0,0,.941,-.339,0,.339,.941);es="Linear";ed="In";};["RightUpperLeg"]={cf=cfr(0,.002,0,.973,-.223,.06,.23,.914,-.335,.02,.34,.94);es="Linear";ed="In";};["LeftUpperLeg"]={cf=cfr(.002,.006,.002,.961,.251,-.118,-.274,.797,-.539,-.041,.55,.834);es="Linear";ed="In";};["RightLowerLeg"]={cf=cfr(0,.001,-.001,1,0,0,0,.918,.397,0,-.397,.918);es="Linear";ed="In";};["LowerTorso"]={cf=cfr(0,-1.624,0,1,0,0,0,0,1,0,-1,0);es="Linear";ed="In";};["LeftLowerLeg"]={cf=cfr(0,.004,-.003,1,0,0,0,.638,.77,0,-.77,.638);es="Linear";ed="In";};};{tm=.6;["RightLowerArm"]={cf=cfr(0,.001,0,1,0,0,0,.975,-.221,0,.221,.975);es="Linear";ed="In";};["RightUpperArm"]={cf=cfr(-.054,-.027,-.029,.221,-.62,.753,.953,-.026,-.302,.207,.784,.585);es="Linear";ed="In";};["Head"]={cf=cfr(0,-.006,-.002,1,0,0,0,.946,-.325,0,.325,.946);es="Linear";ed="In";};["UpperTorso"]={cf=cfr(0,-.011,-.004,1,0,0,0,.965,-.264,0,.264,.965);es="Linear";ed="In";};["RightUpperLeg"]={cf=cfr(0,.001,0,.976,-.209,.052,.214,.917,-.336,.023,.34,.94);es="Linear";ed="In";};["LeftUpperLeg"]={cf=cfr(.001,.005,.002,.968,.222,-.113,-.248,.8,-.546,-.031,.557,.83);es="Linear";ed="In";};["RightLowerLeg"]={cf=cfr(0,.001,-.001,1,0,0,0,.924,.383,0,-.383,.924);es="Linear";ed="In";};["LowerTorso"]={cf=cfr(0,-1.547,0,1,0,0,0,0,1,0,-1,0);es="Linear";ed="In";};["LeftLowerLeg"]={cf=cfr(0,.003,-.002,1,0,0,0,.639,.769,0,-.769,.639);es="Linear";ed="In";};};{tm=.617;["RightLowerArm"]={cf=cfr(0,.001,0,1,0,0,0,.974,-.227,0,.227,.974);es="Linear";ed="In";};["RightLowerLeg"]={cf=cfr(0,.001,0,1,0,0,0,.929,.37,0,-.37,.929);es="Linear";ed="In";};["LeftLowerLeg"]={cf=cfr(0,.002,-.001,1,0,0,0,.64,.768,0,-.768,.64);es="Linear";ed="In";};["LowerTorso"]={cf=cfr(0,-1.455,0,1,0,0,0,0,1,0,-1,0);es="Sine";ed="In";};["LeftUpperLeg"]={cf=cfr(.001,.004,.001,.974,.198,-.109,-.225,.803,-.552,-.021,.562,.827);es="Linear";ed="In";};["RightUpperLeg"]={cf=cfr(0,.001,0,.979,-.198,.045,.201,.92,-.337,.025,.34,.94);es="Linear";ed="In";};["UpperTorso"]={cf=cfr(0,0,0,1,0,0,0,.985,-.174,0,.174,.985);es="Sine";ed="In";};["RightUpperArm"]={cf=cfr(-.072,-.034,-.039,.262,-.611,.747,.944,.001,-.33,.201,.791,.577);es="Linear";ed="In";};["Head"]={cf=cfr(0,0,0,1,0,0,0,.966,-.259,0,.259,.966);es="Linear";ed="In";};};{tm=.633;["RightLowerArm"]={cf=cfr(0,.001,0,1,0,0,0,.973,-.233,0,.233,.973);es="Linear";ed="In";};["RightUpperArm"]={cf=cfr(-.091,-.042,-.05,.308,-.6,.738,.931,.032,-.363,.194,.799,.569);es="Linear";ed="In";};["RightUpperLeg"]={cf=cfr(0,.001,0,.981,-.188,.04,.19,.922,-.338,.027,.339,.94);es="Linear";ed="In";};["LeftUpperLeg"]={cf=cfr(.001,.002,.001,.978,.178,-.106,-.207,.805,-.556,-.014,.566,.824);es="Linear";ed="In";};["UpperTorso"]={cf=cfr(0,-.006,.002,1,0,0,0,.986,-.166,0,.166,.986);es="Linear";ed="In";};["RightLowerLeg"]={cf=cfr(0,.001,0,1,0,0,0,.933,.36,0,-.36,.933);es="Linear";ed="In";};["LeftLowerLeg"]={cf=cfr(0,.001,-.001,1,0,0,0,.641,.767,0,-.767,.641);es="Linear";ed="In";};["LowerTorso"]={cf=cfr(0,-1.456,.001,1,0,0,0,.009,1,0,-1,.009);es="Linear";ed="In";};};{tm=.65;["RightLowerArm"]={cf=cfr(0,.001,0,1,0,0,0,.971,-.239,0,.239,.971);es="Linear";ed="In";};["RightUpperArm"]={cf=cfr(-.111,-.049,-.062,.358,-.587,.726,.915,.066,-.398,.186,.807,.56);es="Linear";ed="In";};["RightUpperLeg"]={cf=cfr(0,0,0,.983,-.181,.036,.182,.923,-.339,.028,.339,.94);es="Linear";ed="In";};["LeftUpperLeg"]={cf=cfr(0,.001,.001,.981,.162,-.103,-.192,.806,-.56,-.008,.57,.822);es="Linear";ed="In";};["UpperTorso"]={cf=cfr(0,-.022,.009,1,0,0,0,.99,-.142,0,.142,.99);es="Linear";ed="In";};["RightLowerLeg"]={cf=cfr(0,0,0,1,0,0,0,.936,.352,0,-.352,.936);es="Linear";ed="In";};["LeftLowerLeg"]={cf=cfr(0,.001,0,1,0,0,0,.642,.767,0,-.767,.642);es="Linear";ed="In";};["LowerTorso"]={cf=cfr(0,-1.457,.003,1,0,0,0,.037,.999,0,-.999,.037);es="Linear";ed="In";};};{tm=.667;["RightLowerArm"]={cf=cfr(0,.001,0,1,0,0,0,.969,-.245,0,.245,.969);es="Linear";ed="In";};["RightUpperArm"]={cf=cfr(-.131,-.055,-.075,.413,-.569,.711,.894,.102,-.437,.176,.816,.551);es="Linear";ed="In";};["RightUpperLeg"]={cf=cfr(0,0,0,.984,-.175,.033,.176,.924,-.339,.029,.339,.94);es="Linear";ed="In";};["LeftUpperLeg"]={cf=cfr(0,.001,0,.983,.151,-.101,-.182,.806,-.563,-.003,.572,.82);es="Linear";ed="In";};["UpperTorso"]={cf=cfr(0,-.047,.02,1,0,0,0,.995,-.102,0,.102,.995);es="Linear";ed="In";};["RightLowerLeg"]={cf=cfr(0,0,0,1,0,0,0,.938,.347,0,-.347,.938);es="Linear";ed="In";};["LeftLowerLeg"]={cf=cfr(0,0,0,1,0,0,0,.642,.766,0,-.766,.642);es="Linear";ed="In";};["LowerTorso"]={cf=cfr(0,-1.46,.006,1,0,0,0,.083,.997,0,-.997,.083);es="Linear";ed="In";};};{tm=.683;["RightLowerArm"]={cf=cfr(0,.001,0,1,0,0,0,.968,-.252,0,.252,.968);es="Linear";ed="In";};["RightUpperArm"]={cf=cfr(-.15,-.06,-.089,.47,-.548,.692,.867,.14,-.478,.164,.825,.541);es="Linear";ed="In";};["RightUpperLeg"]={cf=cfr(0,0,0,.985,-.172,.031,.172,.925,-.339,.03,.339,.94);es="Linear";ed="In";};["LeftUpperLeg"]={cf=cfr(0,0,0,.984,.144,-.1,-.176,.807,-.564,-.001,.573,.819);es="Linear";ed="In";};["UpperTorso"]={cf=cfr(0,-.081,.036,1,0,0,0,.999,-.047,0,.047,.999);es="Linear";ed="In";};["RightLowerLeg"]={cf=cfr(0,0,0,1,0,0,0,.939,.343,0,-.343,.939);es="Linear";ed="In";};["LeftLowerLeg"]={cf=cfr(0,0,0,1,0,0,0,.643,.766,0,-.766,.643);es="Linear";ed="In";};["LowerTorso"]={cf=cfr(0,-1.464,.009,1,0,0,0,.146,.989,0,-.989,.146);es="Linear";ed="In";};};{tm=.7;["RightLowerArm"]={cf=cfr(0,.001,0,1,0,0,0,.966,-.259,0,.259,.966);es="Linear";ed="In";};["RightUpperArm"]={cf=cfr(-.169,-.064,-.103,.53,-.522,.669,.835,.18,-.52,.151,.834,.531);es="Linear";ed="In";};["LowerTorso"]={cf=cfr(0,-1.468,.011,1,0,0,0,.225,.974,0,-.974,.225);es="Linear";ed="In";};["UpperTorso"]={cf=cfr(0,-.118,.057,1,0,0,0,1,.024,0,-.024,1);es="Linear";ed="In";};["RightUpperLeg"]={cf=cfr(0,0,0,.985,-.171,.03,.171,.925,-.339,.03,.339,.94);es="Sine";ed="Out";};["LeftUpperLeg"]={cf=cfr(0,0,0,.985,.142,-.1,-.174,.807,-.565,0,.574,.819);es="Linear";ed="In";};["LeftLowerLeg"]={cf=cfr(0,0,0,1,0,0,0,.643,.766,0,-.766,.643);es="Linear";ed="In";};["RightLowerLeg"]={cf=cfr(0,0,0,1,0,0,0,.94,.342,0,-.342,.94);es="Sine";ed="Out";};};{tm=.717;["RightLowerArm"]={cf=cfr(0,.001,0,1,0,0,0,.964,-.266,0,.266,.964);es="Linear";ed="In";};["RightUpperArm"]={cf=cfr(-.185,-.066,-.118,.59,-.491,.641,.796,.22,-.564,.136,.843,.521);es="Linear";ed="In";};["LowerTorso"]={cf=cfr(0,-1.473,.012,1,0,0,0,.318,.948,0,-.948,.318);es="Linear";ed="In";};["UpperTorso"]={cf=cfr(0,-.157,.081,1,0,0,0,.994,.108,0,-.108,.994);es="Linear";ed="In";};["RightUpperLeg"]={cf=cfr(-.003,.001,.005,.982,-.187,-.007,.172,.916,-.362,.074,.354,.932);es="Linear";ed="In";};["RightLowerLeg"]={cf=cfr(0,.001,-.001,1,0,0,0,.933,.359,0,-.359,.933);es="Linear";ed="In";};};{tm=.733;["RightLowerArm"]={cf=cfr(0,.001,0,1,0,0,0,.962,-.273,0,.273,.962);es="Linear";ed="In";};["RightUpperArm"]={cf=cfr(-.199,-.066,-.134,.651,-.455,.607,.75,.261,-.608,.119,.851,.511);es="Linear";ed="In";};["LowerTorso"]={cf=cfr(0,-1.478,.011,1,0,0,0,.422,.907,0,-.907,.422);es="Linear";ed="In";};["UpperTorso"]={cf=cfr(0,-.194,.108,1,0,0,0,.979,.205,0,-.205,.979);es="Linear";ed="In";};["RightUpperLeg"]={cf=cfr(-.007,.002,.009,.978,-.203,-.043,.171,.907,-.384,.117,.369,.922);es="Linear";ed="In";};["RightLowerLeg"]={cf=cfr(0,.002,-.001,1,0,0,0,.927,.375,0,-.375,.927);es="Linear";ed="In";};};{tm=.75;["RightLowerArm"]={cf=cfr(0,.001,0,1,0,0,0,.96,-.28,0,.28,.96);es="Linear";ed="In";};["RightUpperArm"]={cf=cfr(-.209,-.065,-.151,.71,-.415,.569,.697,.3,-.651,.1,.859,.502);es="Linear";ed="In";};["LowerTorso"]={cf=cfr(0,-1.481,.006,1,0,0,0,.533,.846,0,-.846,.533);es="Linear";ed="In";};["UpperTorso"]={cf=cfr(0,-.225,.136,1,0,0,0,.95,.312,0,-.312,.95);es="Linear";ed="In";};["RightUpperLeg"]={cf=cfr(-.011,.003,.013,.972,-.219,-.078,.17,.898,-.406,.16,.382,.91);es="Linear";ed="In";};["RightLowerLeg"]={cf=cfr(0,.003,-.002,1,0,0,0,.92,.391,0,-.391,.92);es="Linear";ed="In";};};{tm=.767;["RightLowerArm"]={cf=cfr(0,.001,0,1,0,0,0,.958,-.288,0,.288,.958);es="Linear";ed="In";};["RightUpperArm"]={cf=cfr(-.214,-.061,-.168,.767,-.369,.525,.637,.337,-.693,.079,.866,.494);es="Linear";ed="In";};["LowerTorso"]={cf=cfr(0,-1.483,-.003,1,0,0,0,.646,.764,0,-.764,.646);es="Linear";ed="In";};["UpperTorso"]={cf=cfr(0,-.246,.163,1,0,0,0,.905,.425,0,-.425,.905);es="Linear";ed="In";};["RightUpperLeg"]={cf=cfr(-.015,.004,.016,.965,-.236,-.113,.167,.888,-.428,.202,.394,.897);es="Linear";ed="In";};["RightLowerLeg"]={cf=cfr(0,.004,-.002,1,0,0,0,.913,.407,0,-.407,.913);es="Linear";ed="In";};};{tm=.783;["RightLowerArm"]={cf=cfr(0,.001,0,1,0,0,0,.955,-.295,0,.295,.955);es="Linear";ed="In";};["RightUpperArm"]={cf=cfr(-.214,-.057,-.186,.82,-.318,.476,.57,.372,-.733,.056,.872,.487);es="Linear";ed="In";};["LowerTorso"]={cf=cfr(0,-1.482,-.016,1,0,0,0,.753,.658,0,-.658,.753);es="Linear";ed="In";};["UpperTorso"]={cf=cfr(0,-.254,.186,1,0,0,0,.841,.54,0,-.54,.841);es="Linear";ed="In";};["RightUpperLeg"]={cf=cfr(-.02,.004,.019,.956,-.254,-.147,.164,.878,-.449,.243,.405,.881);es="Linear";ed="In";};["RightLowerLeg"]={cf=cfr(0,.005,-.002,1,0,0,0,.906,.423,0,-.423,.906);es="Linear";ed="In";};};{tm=.8;["RightLowerArm"]={cf=cfr(0,.001,0,1,0,0,0,.953,-.303,0,.303,.953);es="Linear";ed="In";};["RightUpperArm"]={cf=cfr(-.209,-.052,-.204,.868,-.263,.422,.496,.403,-.769,.032,.876,.481);es="Linear";ed="In";};["LowerTorso"]={cf=cfr(0,-1.476,-.035,1,0,0,0,.849,.528,0,-.528,.849);es="Linear";ed="In";};["UpperTorso"]={cf=cfr(0,-.247,.2,1,0,0,0,.757,.654,0,-.654,.757);es="Linear";ed="In";};["RightUpperLeg"]={cf=cfr(-.024,.004,.021,.946,-.271,-.18,.159,.868,-.47,.283,.415,.864);es="Linear";ed="In";};["RightLowerLeg"]={cf=cfr(0,.005,-.003,1,0,0,0,.899,.438,0,-.438,.899);es="Linear";ed="In";};};{tm=.817;["RightLowerArm"]={cf=cfr(0,.001,0,1,0,0,0,.951,-.311,0,.311,.951);es="Linear";ed="In";};["RightUpperArm"]={cf=cfr(-.197,-.046,-.224,.909,-.204,.363,.416,.43,-.801,.007,.879,.476);es="Linear";ed="In";};["LowerTorso"]={cf=cfr(0,-1.463,-.058,1,0,0,0,.927,.376,0,-.376,.927);es="Linear";ed="In";};["UpperTorso"]={cf=cfr(0,-.224,.201,1,0,0,0,.652,.759,0,-.759,.652);es="Linear";ed="In";};["RightUpperLeg"]={cf=cfr(-.029,.005,.023,.934,-.288,-.211,.154,.858,-.489,.323,.424,.846);es="Linear";ed="In";};["RightLowerLeg"]={cf=cfr(0,.005,-.003,1,0,0,0,.891,.453,0,-.453,.891);es="Linear";ed="In";};};{tm=.833;["RightLowerArm"]={cf=cfr(0,.001,0,1,0,0,0,.948,-.318,0,.318,.948);es="Linear";ed="In";};["RightUpperArm"]={cf=cfr(-.178,-.04,-.244,.943,-.141,.3,.331,.452,-.828,-.019,.881,.473);es="Linear";ed="In";};["LowerTorso"]={cf=cfr(0,-1.444,-.085,1,0,0,0,.978,.207,0,-.207,.978);es="Linear";ed="In";};["UpperTorso"]={cf=cfr(0,-.185,.185,1,0,0,0,.527,.85,0,-.85,.527);es="Linear";ed="In";};["RightUpperLeg"]={cf=cfr(-.034,.005,.024,.921,-.306,-.241,.148,.848,-.509,.36,.433,.826);es="Linear";ed="In";};["RightLowerLeg"]={cf=cfr(0,.006,-.003,1,0,0,0,.884,.468,0,-.468,.884);es="Linear";ed="In";};};{tm=.85;["RightLowerArm"]={cf=cfr(0,0,0,1,0,0,0,.945,-.326,0,.326,.945);es="Linear";ed="In";};["RightUpperArm"]={cf=cfr(-.153,-.035,-.266,.969,-.076,.234,.242,.468,-.85,-.045,.88,.472);es="Linear";ed="In";};["LowerTorso"]={cf=cfr(0,-1.416,-.115,1,0,0,0,1,.025,0,-.025,1);es="Linear";ed="In";};["UpperTorso"]={cf=cfr(0,-.133,.148,1,0,0,0,.385,.923,0,-.923,.385);es="Linear";ed="In";};["RightUpperLeg"]={cf=cfr(-.038,.005,.025,.907,-.323,-.27,.142,.838,-.527,.397,.44,.806);es="Linear";ed="In";};["RightLowerLeg"]={cf=cfr(0,.006,-.003,1,0,0,0,.876,.482,0,-.482,.876);es="Linear";ed="In";};};{tm=.867;["RightLowerArm"]={cf=cfr(0,0,0,1,0,0,0,.943,-.334,0,.334,.943);es="Linear";ed="In";};["RightUpperArm"]={cf=cfr(-.121,-.032,-.288,.986,-.009,.166,.15,.479,-.865,-.072,.878,.473);es="Linear";ed="In";};["LowerTorso"]={cf=cfr(0,-1.379,-.145,1,0,0,0,.987,-.16,0,.16,.987);es="Linear";ed="In";};["UpperTorso"]={cf=cfr(0,-.07,.087,1,0,0,0,.23,.973,0,-.973,.23);es="Linear";ed="In";};["RightUpperLeg"]={cf=cfr(-.043,.004,.025,.892,-.34,-.298,.134,.828,-.544,.432,.446,.784);es="Linear";ed="In";};["RightLowerLeg"]={cf=cfr(0,.006,-.003,1,0,0,0,.869,.496,0,-.496,.869);es="Linear";ed="In";};};{tm=.883;["RightLowerLeg"]={cf=cfr(0,.006,-.003,1,0,0,0,.861,.509,0,-.509,.861);es="Linear";ed="In";};["RightUpperArm"]={cf=cfr(-.082,-.031,-.312,.994,.059,.097,.056,.482,-.874,-.098,.874,.476);es="Sine";ed="Out";};["LeftUpperArm"]={cf=cfr(.042,-.27,-.019,.931,-.065,-.359,-.269,.545,-.794,.247,.836,.49);es="Linear";ed="In";};["RightUpperLeg"]={cf=cfr(-.048,.004,.025,.876,-.357,-.323,.126,.818,-.561,.465,.451,.762);es="Linear";ed="In";};["LeftUpperLeg"]={cf=cfr(0,0,0,1,0,0,0,.94,.34,0,-.34,.94);es="Sine";ed="Out";};["UpperTorso"]={cf=cfr(0,0,0,1,0,0,0,.068,.998,0,-.998,.068);es="Quad";ed="Out";};["LeftLowerArm"]={cf=cfr(0,0,0,1,0,0,0,.98,-.199,0,.199,.98);es="Linear";ed="In";};["LowerTorso"]={cf=cfr(0,-1.334,-.174,1,0,0,0,.94,-.342,0,.342,.94);es="Quad";ed="Out";};["LeftLowerLeg"]={cf=cfr(0,0,0,1,0,0,0,-.122,.993,0,-.993,-.122);es="Sine";ed="Out";};["RightLowerArm"]={cf=cfr(0,0,0,1,0,0,0,.94,-.342,0,.342,.94);es="Sine";ed="Out";};};{tm=.9;["RightLowerLeg"]={cf=cfr(0,.006,-.003,1,0,0,0,.853,.521,0,-.521,.853);es="Linear";ed="In";};["RightUpperLeg"]={cf=cfr(-.052,.004,.025,.86,-.373,-.347,.118,.809,-.577,.496,.455,.74);es="Linear";ed="In";};["UpperTorso"]={cf=cfr(0,-.037,.061,1,0,0,0,.196,.981,0,-.981,.196);es="Linear";ed="In";};["LeftUpperLeg"]={cf=cfr(-.004,.022,.008,.997,.019,.07,-.036,.965,.26,-.062,-.262,.963);es="Linear";ed="In";};["RightUpperArm"]={cf=cfr(-.078,-.002,-.274,.994,.038,.101,.062,.571,-.819,-.089,.82,.565);es="Linear";ed="In";};["LowerTorso"]={cf=cfr(0,-1.242,-.157,1,0,0,0,.951,-.31,0,.31,.951);es="Linear";ed="In";};["LeftLowerLeg"]={cf=cfr(0,.004,-.015,1,0,0,0,-.044,.999,0,-.999,-.044);es="Linear";ed="In";};["RightLowerArm"]={cf=cfr(0,.003,.002,1,0,0,0,.922,-.386,0,.386,.922);es="Linear";ed="In";};};{tm=.917;["RightLowerLeg"]={cf=cfr(0,.006,-.003,1,0,0,0,.846,.533,0,-.533,.846);es="Linear";ed="In";};["RightUpperLeg"]={cf=cfr(-.057,.004,.024,.843,-.389,-.37,.109,.799,-.591,.526,.458,.717);es="Linear";ed="In";};["UpperTorso"]={cf=cfr(0,-.07,.104,1,0,0,0,.315,.949,0,-.949,.315);es="Linear";ed="In";};["LeftUpperLeg"]={cf=cfr(-.006,.04,.016,.99,.043,.137,-.066,.982,.176,-.127,-.183,.975);es="Linear";ed="In";};["RightUpperArm"]={cf=cfr(-.073,.024,-.24,.994,.017,.104,.068,.652,-.755,-.081,.758,.647);es="Linear";ed="In";};["LowerTorso"]={cf=cfr(0,-1.154,-.141,1,0,0,0,.96,-.279,0,.279,.96);es="Linear";ed="In";};["LeftLowerLeg"]={cf=cfr(0,.007,-.028,1,0,0,0,.033,.999,0,-.999,.033);es="Linear";ed="In";};["RightLowerArm"]={cf=cfr(0,.006,.004,1,0,0,0,.903,-.43,0,.43,.903);es="Linear";ed="In";};};{tm=.933;["RightLowerLeg"]={cf=cfr(0,.005,-.003,1,0,0,0,.838,.545,0,-.545,.838);es="Linear";ed="In";};["RightUpperLeg"]={cf=cfr(-.061,.003,.023,.827,-.405,-.391,.101,.79,-.605,.554,.461,.694);es="Linear";ed="In";};["UpperTorso"]={cf=cfr(0,-.096,.132,1,0,0,0,.423,.906,0,-.906,.423);es="Linear";ed="In";};["LeftUpperLeg"]={cf=cfr(-.004,.053,.024,.977,.071,.2,-.091,.992,.09,-.192,-.106,.976);es="Linear";ed="In";};["RightUpperArm"]={cf=cfr(-.069,.045,-.211,.995,-.004,.104,.074,.725,-.684,-.073,.688,.722);es="Linear";ed="In";};["LowerTorso"]={cf=cfr(0,-1.07,-.126,1,0,0,0,.968,-.25,0,.25,.968);es="Linear";ed="In";};["LeftLowerLeg"]={cf=cfr(0,.011,-.038,1,0,0,0,.11,.994,0,-.994,.11);es="Linear";ed="In";};["RightLowerArm"]={cf=cfr(0,.008,.006,1,0,0,0,.882,-.472,0,.472,.882);es="Linear";ed="In";};};{tm=.95;["RightLowerLeg"]={cf=cfr(0,.005,-.003,1,0,0,0,.831,.556,0,-.556,.831);es="Linear";ed="In";};["RightUpperLeg"]={cf=cfr(-.065,.003,.022,.81,-.42,-.41,.092,.781,-.618,.58,.463,.671);es="Linear";ed="In";};["UpperTorso"]={cf=cfr(0,-.117,.147,1,0,0,0,.519,.855,0,-.855,.519);es="Linear";ed="In";};["LeftUpperLeg"]={cf=cfr(-.001,.063,.032,.96,.104,.259,-.109,.994,.004,-.257,-.032,.966);es="Linear";ed="In";};["RightUpperArm"]={cf=cfr(-.064,.062,-.184,.994,-.024,.102,.082,.79,-.608,-.066,.613,.788);es="Linear";ed="In";};["LowerTorso"]={cf=cfr(0,-.991,-.112,1,0,0,0,.975,-.222,0,.222,.975);es="Linear";ed="In";};["LeftLowerLeg"]={cf=cfr(0,.014,-.045,1,0,0,0,.184,.983,0,-.983,.184);es="Linear";ed="In";};["RightLowerArm"]={cf=cfr(0,.01,.007,1,0,0,0,.859,-.512,0,.512,.859);es="Linear";ed="In";};};{tm=.967;["RightLowerLeg"]={cf=cfr(0,.005,-.003,1,0,0,0,.824,.566,0,-.566,.824);es="Linear";ed="In";};["RightUpperLeg"]={cf=cfr(-.069,.003,.021,.793,-.434,-.428,.083,.773,-.629,.604,.464,.648);es="Linear";ed="In";};["UpperTorso"]={cf=cfr(0,-.13,.153,1,0,0,0,.604,.797,0,-.797,.604);es="Linear";ed="In";};["LeftUpperLeg"]={cf=cfr(.005,.07,.038,.94,.141,.312,-.121,.989,-.081,-.32,.038,.947);es="Linear";ed="In";};["RightUpperArm"]={cf=cfr(-.06,.074,-.161,.994,-.044,.099,.09,.845,-.527,-.06,.533,.844);es="Linear";ed="In";};["LowerTorso"]={cf=cfr(0,-.917,-.099,1,0,0,0,.981,-.195,0,.195,.981);es="Linear";ed="In";};["LeftLowerLeg"]={cf=cfr(0,.017,-.049,1,0,0,0,.256,.967,0,-.967,.256);es="Linear";ed="In";};["RightLowerArm"]={cf=cfr(0,.011,.008,1,0,0,0,.835,-.55,0,.55,.835);es="Linear";ed="In";};};{tm=.983;["RightLowerLeg"]={cf=cfr(0,.004,-.003,1,0,0,0,.817,.576,0,-.576,.817);es="Linear";ed="In";};["RightUpperLeg"]={cf=cfr(-.073,.002,.019,.776,-.447,-.444,.074,.765,-.64,.626,.464,.626);es="Linear";ed="In";};["UpperTorso"]={cf=cfr(0,-.137,.151,1,0,0,0,.678,.735,0,-.735,.678);es="Linear";ed="In";};["LeftUpperLeg"]={cf=cfr(.012,.073,.042,.916,.179,.359,-.127,.978,-.163,-.381,.104,.919);es="Linear";ed="In";};["RightUpperArm"]={cf=cfr(-.055,.082,-.14,.994,-.063,.093,.098,.89,-.444,-.055,.451,.891);es="Linear";ed="In";};["LowerTorso"]={cf=cfr(0,-.847,-.086,1,0,0,0,.985,-.17,0,.17,.985);es="Linear";ed="In";};["LeftLowerLeg"]={cf=cfr(0,.019,-.051,1,0,0,0,.324,.946,0,-.946,.324);es="Linear";ed="In";};["RightLowerArm"]={cf=cfr(0,.011,.009,1,0,0,0,.81,-.586,0,.586,.81);es="Linear";ed="In";};};{tm=1;["RightLowerLeg"]={cf=cfr(0,.004,-.002,1,0,0,0,.811,.585,0,-.585,.811);es="Linear";ed="In";};["RightUpperLeg"]={cf=cfr(-.077,.002,.017,.76,-.46,-.459,.065,.757,-.65,.647,.464,.605);es="Linear";ed="In";};["UpperTorso"]={cf=cfr(0,-.138,.143,1,0,0,0,.741,.671,0,-.671,.741);es="Linear";ed="In";};["LeftUpperLeg"]={cf=cfr(.02,.072,.045,.89,.219,.4,-.128,.962,-.241,-.438,.163,.884);es="Linear";ed="In";};["RightUpperArm"]={cf=cfr(-.05,.085,-.122,.993,-.08,.086,.106,.926,-.361,-.051,.368,.928);es="Linear";ed="In";};["LowerTorso"]={cf=cfr(0,-.783,-.074,1,0,0,0,.989,-.147,0,.147,.989);es="Linear";ed="In";};["LeftLowerLeg"]={cf=cfr(0,.021,-.051,1,0,0,0,.387,.922,0,-.922,.387);es="Linear";ed="In";};["RightLowerArm"]={cf=cfr(0,.011,.009,1,0,0,0,.785,-.62,0,.62,.785);es="Linear";ed="In";};};{tm=1.017;["RightLowerLeg"]={cf=cfr(0,.003,-.002,1,0,0,0,.805,.594,0,-.594,.805);es="Linear";ed="In";};["RightUpperLeg"]={cf=cfr(-.08,.002,.015,.744,-.472,-.473,.056,.75,-.659,.665,.464,.585);es="Linear";ed="In";};["UpperTorso"]={cf=cfr(0,-.134,.132,1,0,0,0,.794,.607,0,-.607,.794);es="Linear";ed="In";};["LeftUpperLeg"]={cf=cfr(.029,.07,.045,.862,.259,.435,-.124,.941,-.314,-.491,.217,.844);es="Linear";ed="In";};["RightUpperArm"]={cf=cfr(-.045,.085,-.105,.992,-.096,.078,.114,.953,-.279,-.048,.286,.957);es="Linear";ed="In";};["LowerTorso"]={cf=cfr(0,-.722,-.063,1,0,0,0,.992,-.125,0,.125,.992);es="Linear";ed="In";};["LeftLowerLeg"]={cf=cfr(0,.021,-.049,1,0,0,0,.446,.895,0,-.895,.446);es="Linear";ed="In";};["RightLowerArm"]={cf=cfr(0,.011,.009,1,0,0,0,.76,-.65,0,.65,.76);es="Linear";ed="In";};};{tm=1.033;["RightLowerLeg"]={cf=cfr(0,.003,-.002,1,0,0,0,.799,.601,0,-.601,.799);es="Linear";ed="In";};["RightUpperLeg"]={cf=cfr(-.083,.002,.013,.73,-.483,-.485,.048,.743,-.667,.682,.464,.565);es="Linear";ed="In";};["UpperTorso"]={cf=cfr(0,-.126,.117,1,0,0,0,.838,.545,0,-.545,.838);es="Linear";ed="In";};["LeftUpperLeg"]={cf=cfr(.038,.065,.045,.834,.299,.464,-.117,.917,-.381,-.539,.264,.8);es="Linear";ed="In";};["RightUpperArm"]={cf=cfr(-.04,.081,-.09,.992,-.11,.07,.122,.972,-.2,-.046,.207,.977);es="Linear";ed="In";};["LowerTorso"]={cf=cfr(0,-.667,-.053,1,0,0,0,.994,-.105,0,.105,.994);es="Linear";ed="In";};["LeftLowerLeg"]={cf=cfr(0,.021,-.046,1,0,0,0,.5,.866,0,-.866,.5);es="Linear";ed="In";};["RightLowerArm"]={cf=cfr(0,.01,.008,1,0,0,0,.735,-.678,0,.678,.735);es="Linear";ed="In";};};{tm=1.05;["RightLowerLeg"]={cf=cfr(0,.003,-.002,1,0,0,0,.793,.609,0,-.609,.793);es="Linear";ed="In";};["RightUpperLeg"]={cf=cfr(-.086,.001,.011,.716,-.493,-.495,.041,.737,-.675,.697,.463,.547);es="Linear";ed="In";};["UpperTorso"]={cf=cfr(0,-.114,.101,1,0,0,0,.874,.485,0,-.485,.874);es="Linear";ed="In";};["LeftUpperLeg"]={cf=cfr(.048,.058,.042,.806,.337,.487,-.106,.891,-.442,-.583,.305,.753);es="Linear";ed="In";};["RightUpperArm"]={cf=cfr(-.034,.075,-.076,.991,-.123,.06,.129,.984,-.125,-.044,.131,.99);es="Linear";ed="In";};["LowerTorso"]={cf=cfr(0,-.616,-.044,1,0,0,0,.996,-.087,0,.087,.996);es="Linear";ed="In";};["LeftLowerLeg"]={cf=cfr(0,.02,-.041,1,0,0,0,.549,.836,0,-.836,.549);es="Linear";ed="In";};["RightLowerArm"]={cf=cfr(0,.009,.008,1,0,0,0,.71,-.704,0,.704,.71);es="Linear";ed="In";};};{tm=1.067;["RightLowerLeg"]={cf=cfr(0,.002,-.001,1,0,0,0,.788,.615,0,-.615,.788);es="Linear";ed="In";};["RightUpperLeg"]={cf=cfr(-.089,.001,.01,.702,-.502,-.505,.033,.731,-.681,.711,.462,.531);es="Linear";ed="In";};["UpperTorso"]={cf=cfr(0,-.1,.085,1,0,0,0,.903,.429,0,-.429,.903);es="Linear";ed="In";};["LeftUpperLeg"]={cf=cfr(.057,.051,.038,.778,.374,.505,-.093,.863,-.496,-.621,.34,.706);es="Linear";ed="In";};["RightUpperArm"]={cf=cfr(-.029,.067,-.063,.99,-.134,.051,.136,.989,-.054,-.043,.061,.997);es="Linear";ed="In";};["LowerTorso"]={cf=cfr(0,-.57,-.036,1,0,0,0,.998,-.071,0,.071,.998);es="Linear";ed="In";};["LeftLowerLeg"]={cf=cfr(0,.018,-.036,1,0,0,0,.593,.805,0,-.805,.593);es="Linear";ed="In";};["RightLowerArm"]={cf=cfr(0,.008,.007,1,0,0,0,.687,-.727,0,.727,.687);es="Linear";ed="In";};};{tm=1.083;["RightLowerLeg"]={cf=cfr(0,.002,-.001,1,0,0,0,.784,.621,0,-.621,.784);es="Linear";ed="In";};["RightUpperLeg"]={cf=cfr(-.091,.001,.008,.69,-.51,-.513,.027,.726,-.687,.723,.461,.515);es="Linear";ed="In";};["UpperTorso"]={cf=cfr(0,-.084,.069,1,0,0,0,.926,.377,0,-.377,.926);es="Linear";ed="In";};["LeftUpperLeg"]={cf=cfr(.065,.042,.033,.752,.407,.518,-.078,.836,-.544,-.654,.369,.66);es="Linear";ed="In";};["RightUpperArm"]={cf=cfr(-.024,.057,-.051,.989,-.143,.042,.143,.99,.01,-.043,-.004,.999);es="Linear";ed="In";};["LowerTorso"]={cf=cfr(0,-.529,-.028,1,0,0,0,.998,-.056,0,.056,.998);es="Linear";ed="In";};["LeftLowerLeg"]={cf=cfr(0,.016,-.03,1,0,0,0,.631,.776,0,-.776,.631);es="Linear";ed="In";};["RightLowerArm"]={cf=cfr(0,.007,.006,1,0,0,0,.665,-.747,0,.747,.665);es="Linear";ed="In";};};{tm=1.1;["RightLowerLeg"]={cf=cfr(0,.001,-.001,1,0,0,0,.78,.626,0,-.626,.78);es="Linear";ed="In";};["RightUpperLeg"]={cf=cfr(-.093,.001,.006,.68,-.518,-.52,.021,.722,-.692,.733,.459,.501);es="Linear";ed="In";};["UpperTorso"]={cf=cfr(0,-.068,.054,1,0,0,0,.944,.331,0,-.331,.944);es="Linear";ed="In";};["LeftUpperLeg"]={cf=cfr(.073,.034,.028,.728,.438,.527,-.063,.809,-.584,-.683,.392,.617);es="Linear";ed="In";};["RightUpperArm"]={cf=cfr(-.019,.047,-.04,.988,-.151,.033,.148,.987,.068,-.043,-.062,.997);es="Linear";ed="In";};["LowerTorso"]={cf=cfr(0,-.492,-.022,1,0,0,0,.999,-.043,0,.043,.999);es="Linear";ed="In";};["LeftLowerLeg"]={cf=cfr(0,.013,-.024,1,0,0,0,.664,.748,0,-.748,.664);es="Linear";ed="In";};["RightLowerArm"]={cf=cfr(0,.005,.005,1,0,0,0,.645,-.764,0,.764,.645);es="Linear";ed="In";};};{tm=1.117;["RightLowerLeg"]={cf=cfr(0,.001,-.001,1,0,0,0,.776,.63,0,-.63,.776);es="Linear";ed="In";};["RightUpperLeg"]={cf=cfr(-.095,0,.005,.67,-.524,-.526,.015,.718,-.696,.742,.458,.489);es="Linear";ed="In";};["UpperTorso"]={cf=cfr(0,-.053,.04,1,0,0,0,.957,.29,0,-.29,.957);es="Linear";ed="In";};["LeftUpperLeg"]={cf=cfr(.08,.026,.022,.706,.465,.534,-.049,.784,-.619,-.706,.411,.577);es="Linear";ed="In";};["RightUpperArm"]={cf=cfr(-.014,.036,-.03,.987,-.157,.025,.154,.981,.118,-.043,-.113,.993);es="Linear";ed="In";};["LowerTorso"]={cf=cfr(0,-.461,-.016,1,0,0,0,1,-.031,0,.031,1);es="Linear";ed="In";};["LeftLowerLeg"]={cf=cfr(0,.01,-.019,1,0,0,0,.692,.722,0,-.722,.692);es="Linear";ed="In";};["RightLowerArm"]={cf=cfr(0,.004,.004,1,0,0,0,.627,-.779,0,.779,.627);es="Linear";ed="In";};};{tm=1.133;["RightLowerLeg"]={cf=cfr(0,.001,0,1,0,0,0,.773,.634,0,-.634,.773);es="Linear";ed="In";};["RightUpperLeg"]={cf=cfr(-.097,0,.003,.662,-.529,-.531,.011,.715,-.699,.75,.457,.479);es="Linear";ed="In";};["UpperTorso"]={cf=cfr(0,-.038,.028,1,0,0,0,.967,.255,0,-.255,.967);es="Linear";ed="In";};["LeftUpperLeg"]={cf=cfr(.086,.019,.016,.687,.488,.538,-.035,.762,-.647,-.725,.426,.541);es="Linear";ed="In";};["RightUpperArm"]={cf=cfr(-.01,.026,-.021,.987,-.163,.018,.158,.974,.161,-.043,-.156,.987);es="Linear";ed="In";};["LowerTorso"]={cf=cfr(0,-.434,-.011,1,0,0,0,1,-.022,0,.022,1);es="Linear";ed="In";};["LeftLowerLeg"]={cf=cfr(0,.008,-.013,1,0,0,0,.715,.699,0,-.699,.715);es="Linear";ed="In";};["RightLowerArm"]={cf=cfr(0,.003,.003,1,0,0,0,.611,-.792,0,.792,.611);es="Linear";ed="In";};};{tm=1.15;["RightLowerLeg"]={cf=cfr(0,0,0,1,0,0,0,.771,.637,0,-.637,.771);es="Linear";ed="In";};["RightUpperLeg"]={cf=cfr(-.098,0,.002,.655,-.534,-.535,.007,.712,-.702,.756,.456,.47);es="Linear";ed="In";};["UpperTorso"]={cf=cfr(0,-.025,.018,1,0,0,0,.974,.226,0,-.226,.974);es="Linear";ed="In";};["LeftUpperLeg"]={cf=cfr(.091,.012,.011,.672,.507,.54,-.023,.743,-.669,-.741,.437,.511);es="Linear";ed="In";};["RightUpperArm"]={cf=cfr(-.007,.017,-.014,.986,-.167,.011,.161,.967,.196,-.044,-.192,.981);es="Linear";ed="In";};["LowerTorso"]={cf=cfr(0,-.412,-.007,1,0,0,0,1,-.014,0,.014,1);es="Linear";ed="In";};["LeftLowerLeg"]={cf=cfr(0,.005,-.009,1,0,0,0,.734,.679,0,-.679,.734);es="Linear";ed="In";};["RightLowerArm"]={cf=cfr(0,.002,.002,1,0,0,0,.598,-.802,0,.802,.598);es="Linear";ed="In";};};{tm=1.167;["RightLowerLeg"]={cf=cfr(0,0,0,1,0,0,0,.769,.64,0,-.64,.769);es="Linear";ed="In";};["RightUpperLeg"]={cf=cfr(-.099,0,.001,.65,-.537,-.538,.004,.71,-.704,.76,.456,.463);es="Linear";ed="In";};["UpperTorso"]={cf=cfr(0,-.014,.01,1,0,0,0,.979,.203,0,-.203,.979);es="Linear";ed="In";};["LeftUpperLeg"]={cf=cfr(.095,.007,.006,.659,.522,.541,-.013,.727,-.686,-.752,.445,.486);es="Linear";ed="In";};["RightUpperArm"]={cf=cfr(-.004,.01,-.008,.985,-.17,.006,.164,.961,.224,-.044,-.219,.975);es="Linear";ed="In";};["LowerTorso"]={cf=cfr(0,-.395,-.004,1,0,0,0,1,-.008,0,.008,1);es="Linear";ed="In";};["LeftLowerLeg"]={cf=cfr(0,.003,-.005,1,0,0,0,.748,.664,0,-.664,.748);es="Linear";ed="In";};["RightLowerArm"]={cf=cfr(0,.001,.001,1,0,0,0,.587,-.809,0,.809,.587);es="Linear";ed="In";};};{tm=1.183;["RightLowerLeg"]={cf=cfr(0,0,0,1,0,0,0,.767,.641,0,-.641,.767);es="Linear";ed="In";};["RightUpperLeg"]={cf=cfr(-.099,0,.001,.646,-.54,-.54,.002,.708,-.706,.763,.455,.458);es="Linear";ed="In";};["UpperTorso"]={cf=cfr(0,-.007,.005,1,0,0,0,.982,.187,0,-.187,.982);es="Linear";ed="In";};["LeftUpperLeg"]={cf=cfr(.098,.003,.003,.65,.533,.542,-.006,.716,-.698,-.76,.45,.469);es="Linear";ed="In";};["RightUpperArm"]={cf=cfr(-.002,.005,-.004,.985,-.172,.003,.166,.956,.243,-.045,-.239,.97);es="Linear";ed="In";};["LowerTorso"]={cf=cfr(0,-.383,-.002,1,0,0,0,1,-.003,0,.003,1);es="Linear";ed="In";};["LeftLowerLeg"]={cf=cfr(0,.001,-.002,1