local cfr = CFrame.new

return {{tm=0;["Head"]={cf=cfr(0,0,0,1,0,0,0,.586,.81,0,-.81,.586);es="Linear";ed="In";};["LeftUpperArm"]={cf=cfr(0,0,0,.501,-.106,-.859,-.347,.885,-.312,.793,.454,.407);es="Linear";ed="In";};["RightUpperArm"]={cf=cfr(0,0,0,.501,.106,.859,.347,.885,-.312,-.793,.454,.407);es="Linear";ed="In";};["LeftUpperLeg"]={cf=cfr(0,0,0,1,0,0,0,.052,-.999,0,.999,.052);es="Linear";ed="In";};["RightUpperLeg"]={cf=cfr(0,0,0,1,0,0,0,.052,-.999,0,.999,.052);es="Linear";ed="In";};["UpperTorso"]={cf=cfr(0,0,-.015,1,0,0,0,.915,.403,0,-.403,.915);es="Linear";ed="In";};["LeftFoot"]={cf=cfr(0,0,0,1,0,0,0,1,0,0,0,1);es="Linear";ed="In";};["LeftLowerLeg"]={cf=cfr(0,0,0,1,0,0,0,-.515,.857,0,-.857,-.515);es="Linear";ed="In";};["RightLowerArm"]={cf=cfr(.001,0,0,1,0,0,0,.707,-.707,0,.707,.707);es="Linear";ed="In";};["LeftHand"]={cf=cfr(0,0,0,1,0,0,0,1,0,0,0,1);es="Linear";ed="In";};["LowerTorso"]={cf=cfr(0,-.635,-.01,1,0,0,0,1,-.031,0,.031,1);es="Linear";ed="In";};["RightFoot"]={cf=cfr(0,0,0,1,0,0,0,1,0,0,0,1);es="Linear";ed="In";};["RightLowerLeg"]={cf=cfr(0,0,0,1,0,0,0,-.515,.857,0,-.857,-.515);es="Linear";ed="In";};["LeftLowerArm"]={cf=cfr(0,0,0,1,0,0,0,.707,-.707,0,.707,.707);es="Linear";ed="In";};["RightHand"]={cf=cfr(0,0,0,1,0,0,0,1,0,0,0,1);es="Linear";ed="In";};};{tm=.133;["LowerTorso"]={cf=cfr(0,-.635,-.01,1,0,0,0,-.257,.966,0,-.966,-.257);es="Linear";ed="Out";};};{tm=.283;["LowerTorso"]={cf=cfr(0,-.635,-.01,1,0,0,0,-.389,-.921,0,.921,-.389);es="Linear";ed="In";};};{tm=.383;["Head"]={cf=cfr(0,0,0,1,0,0,0,.586,.81,0,-.81,.586);es="Linear";ed="In";};["LeftUpperArm"]={cf=cfr(0,0,0,.501,-.106,-.859,-.347,.885,-.312,.793,.454,.407);es="Sine";ed="Out";};["RightUpperArm"]={cf=cfr(0,0,0,.501,.106,.859,.347,.885,-.312,-.793,.454,.407);es="Sine";ed="Out";};["LeftUpperLeg"]={cf=cfr(0,0,0,1,0,0,0,.052,-.999,0,.999,.052);es="Linear";ed="In";};["RightUpperLeg"]={cf=cfr(0,0,0,1,0,0,0,.052,-.999,0,.999,.052);es="Linear";ed="In";};["UpperTorso"]={cf=cfr(0,0,-.015,1,0,0,0,.915,.403,0,-.403,.915);es="Linear";ed="Out";};["LeftFoot"]={cf=cfr(0,0,0,1,0,0,0,1,0,0,0,1);es="Linear";ed="In";};["LeftLowerLeg"]={cf=cfr(0,0,0,1,0,0,0,-.515,.857,0,-.857,-.515);es="Linear";ed="In";};["RightLowerArm"]={cf=cfr(.001,0,0,1,0,0,0,.707,-.707,0,.707,.707);es="Linear";ed="In";};["LeftHand"]={cf=cfr(0,0,0,1,0,0,0,1,0,0,0,1);es="Linear";ed="In";};["LowerTorso"]={cf=cfr(0,-.635,-.01,1,0,0,0,1,-.031,0,.031,1);es="Linear";ed="Out";};["RightFoot"]={cf=cfr(0,0,0,1,0,0,0,1,0,0,0,1);es="Linear";ed="In";};["RightLowerLeg"]={cf=cfr(0,0,0,1,0,0,0,-.515,.857,0,-.857,-.515);es="Linear";ed="In";};["LeftLowerArm"]={cf=cfr(0,0,0,1,0,0,0,.707,-.707,0,.707,.707);es="Linear";ed="In";};["RightHand"]={cf=cfr(0,0,0,1,0,0,0,1,0,0,0,1);es="Linear";ed="In";};};{tm=.4;["RightUpperArm"]={cf=cfr(-.076,.06,.036,.578,-.023,.816,.337,.917,-.213,-.743,.397,.538);es="Linear";ed="In";};["LeftUpperArm"]={cf=cfr(.076,.06,.036,.578,.023,-.816,-.337,.917,-.213,.743,.397,.538);es="Linear";ed="In";};};{tm=.417;["RightUpperArm"]={cf=cfr(-.144,.107,.057,.647,-.145,.748,.336,.935,-.11,-.684,.323,.654);es="Linear";ed="In";};["LeftUpperArm"]={cf=cfr(.144,.107,.057,.647,.145,-.748,-.336,.935,-.11,.684,.323,.654);es="Linear";ed="In";};};{tm=.433;["RightUpperArm"]={cf=cfr(-.201,.14,.064,.707,-.254,.66,.345,.939,-.008,-.618,.233,.751);es="Linear";ed="In";};["LeftUpperArm"]={cf=cfr(.201,.14,.064,.707,.254,-.66,-.345,.939,-.008,.618,.233,.751);es="Linear";ed="In";};};{tm=.45;["RightUpperArm"]={cf=cfr(-.244,.16,.061,.755,-.349,.555,.362,.928,.091,-.546,.132,.827);es="Linear";ed="In";};["LeftUpperArm"]={cf=cfr(.244,.16,.061,.755,.349,-.555,-.362,.928,.09,.546,.132,.827);es="Linear";ed="In";};};{tm=.467;["RightUpperArm"]={cf=cfr(-.272,.169,.051,.792,-.426,.438,.386,.904,.182,-.474,.025,.88);es="Linear";ed="In";};["LeftUpperArm"]={cf=cfr(.272,.169,.051,.792,.426,-.438,-.386,.904,.182,.474,.025,.88);es="Linear";ed="In";};};{tm=.483;["RightUpperArm"]={cf=cfr(-.284,.167,.037,.816,-.485,.315,.416,.87,.263,-.402,-.084,.912);es="Linear";ed="In";};["LeftUpperArm"]={cf=cfr(.284,.167,.037,.816,.485,-.315,-.416,.87,.263,.402,-.084,.912);es="Linear";ed="In";};};{tm=.5;["RightUpperArm"]={cf=cfr(-.283,.158,.022,.829,-.527,.19,.45,.828,.334,-.333,-.191,.923);es="Linear";ed="In";};["LeftUpperArm"]={cf=cfr(.283,.158,.022,.829,.527,-.19,-.45,.828,.334,.333,-.191,.923);es="Linear";ed="In";};};{tm=.517;["RightLowerLeg"]={cf=cfr(0,0,0,1,0,0,0,-.358,.934,0,-.934,-.358);es="Linear";ed="Out";};["UpperTorso"]={cf=cfr(0,0,0,1,0,0,0,.985,-.174,0,.174,.985);es="Sine";ed="InOut";};["LeftLowerArm"]={cf=cfr(0,0,0,1,0,0,0,.819,-.574,0,.574,.819);es="Linear";ed="In";};["LowerTorso"]={cf=cfr(0,-2.193,.081,1,0,0,0,-.172,.985,0,-.985,-.172);es="Quad";ed="Out";};["LeftLowerLeg"]={cf=cfr(0,0,0,1,0,0,0,-.358,.934,0,-.934,-.358);es="Linear";ed="Out";};["LeftUpperArm"]={cf=cfr(.269,.142,.008,.831,.551,-.068,-.486,.781,.392,.27,-.293,.917);es="Linear";ed="In";};["RightUpperArm"]={cf=cfr(-.269,.142,.008,.831,-.551,.068,.486,.781,.392,-.27,-.293,.917);es="Linear";ed="In";};["Head"]={cf=cfr(0,0,0,1,0,0,0,.9,-.437,0,.437,.9);es="Linear";ed="Out";};["RightLowerArm"]={cf=cfr(.001,0,0,1,0,0,0,.819,-.574,0,.574,.819);es="Linear";ed="In";};};{tm=.533;["RightUpperArm"]={cf=cfr(-.245,.123,-.003,.826,-.562,-.047,.522,.731,.439,-.213,-.387,.897);es="Linear";ed="In";};["LeftUpperArm"]={cf=cfr(.245,.123,-.003,.826,.562,.047,-.522,.731,.439,.213,-.387,.897);es="Linear";ed="In";};["LowerTorso"]={cf=cfr(0,-2.254,.074,1,0,0,0,-.134,.991,0,-.991,-.134);es="Linear";ed="In";};["UpperTorso"]={cf=cfr(0,0,0,1,0,0,0,.985,-.173,0,.173,.985);es="Linear";ed="In";};["RightUpperLeg"]={cf=cfr(0,0,0,.985,-.087,.15,.16,.792,-.59,-.068,.605,.794);es="Sine";ed="InOut";};["LeftUpperLeg"]={cf=cfr(0,0,0,.985,.087,-.15,-.16,.792,-.59,.068,.605,.793);es="Sine";ed="InOut";};};{tm=.55;["RightUpperArm"]={cf=cfr(-.213,.102,-.011,.814,-.561,-.152,.558,.681,.475,-.163,-.471,.867);es="Linear";ed="In";};["LeftUpperArm"]={cf=cfr(.213,.102,-.011,.814,.561,.152,-.558,.681,.475,.163,-.471,.867);es="Linear";ed="In";};["UpperTorso"]={cf=cfr(0,0,0,1,0,0,0,.985,-.173,0,.173,.985);es="Linear";ed="In";};["LeftUpperLeg"]={cf=cfr(.001,.004,.001,.984,.095,-.149,-.164,.801,-.576,.065,.592,.804);es="Linear";ed="In";};["RightUpperLeg"]={cf=cfr(-.001,.004,.001,.984,-.095,.149,.165,.801,-.576,-.065,.592,.804);es="Linear";ed="In";};["LowerTorso"]={cf=cfr(0,-2.312,.067,1,0,0,0,-.098,.995,0,-.995,-.098);es="Linear";ed="In";};};{tm=.567;["RightUpperArm"]={cf=cfr(-.176,.081,-.015,.798,-.551,-.245,.591,.633,.501,-.121,-.545,.83);es="Linear";ed="In";};["LeftUpperArm"]={cf=cfr(.176,.081,-.015,.798,.551,.245,-.591,.633,.501,.121,-.545,.83);es="Linear";ed="In";};["UpperTorso"]={cf=cfr(0,-.001,0,1,0,0,0,.985,-.171,0,.171,.985);es="Linear";ed="In";};["LeftUpperLeg"]={cf=cfr(.004,.016,.005,.982,.118,-.145,-.178,.825,-.536,.056,.552,.832);es="Linear";ed="In";};["RightUpperLeg"]={cf=cfr(-.004,.016,.005,.982,-.119,.145,.179,.825,-.536,-.056,.552,.832);es="Linear";ed="In";};["LowerTorso"]={cf=cfr(0,-2.368,.06,1,0,0,0,-.064,.998,0,-.998,-.064);es="Linear";ed="In";};};{tm=.583;["RightUpperArm"]={cf=cfr(-.138,.061,-.016,.78,-.535,-.326,.62,.588,.519,-.086,-.607,.79);es="Linear";ed="In";};["LeftUpperArm"]={cf=cfr(.138,.061,-.016,.78,.535,.326,-.62,.588,.519,.086,-.607,.79);es="Linear";ed="In";};["UpperTorso"]={cf=cfr(0,-.001,0,1,0,0,0,.985,-.17,0,.17,.985);es="Linear";ed="In";};["LeftUpperLeg"]={cf=cfr(.009,.032,.009,.979,.155,-.135,-.201,.86,-.47,.043,.487,.872);es="Linear";ed="In";};["RightUpperLeg"]={cf=cfr(-.009,.032,.009,.979,-.155,.135,.201,.86,-.47,-.043,.487,.872);es="Linear";ed="In";};["LowerTorso"]={cf=cfr(0,-2.421,.053,1,0,0,0,-.031,1,0,-1,-.031);es="Linear";ed="In";};};{tm=.6;["RightUpperArm"]={cf=cfr(-.101,.043,-.014,.761,-.516,-.393,.646,.549,.53,-.058,-.658,.751);es="Linear";ed="In";};["LeftUpperArm"]={cf=cfr(.101,.043,-.014,.761,.516,.393,-.646,.549,.53,.058,-.658,.751);es="Linear";ed="In";};["UpperTorso"]={cf=cfr(0,-.002,0,1,0,0,0,.986,-.168,0,.168,.986);es="Linear";ed="In";};["LeftUpperLeg"]={cf=cfr(.014,.049,.011,.972,.202,-.118,-.232,.896,-.379,.029,.396,.918);es="Linear";ed="In";};["RightUpperLeg"]={cf=cfr(-.014,.049,.011,.972,-.202,.118,.232,.896,-.379,-.029,.396,.918);es="Linear";ed="In";};["LowerTorso"]={cf=cfr(0,-2.47,.046,1,0,0,0,0,1,0,-1,0);es="Linear";ed="In";};};{tm=.617;["RightUpperArm"]={cf=cfr(-.067,.028,-.011,.743,-.497,-.448,.668,.515,.537,-.036,-.698,.715);es="Linear";ed="In";};["LeftUpperArm"]={cf=cfr(.067,.028,-.011,.743,.497,.448,-.668,.515,.537,.036,-.698,.715);es="Linear";ed="In";};["UpperTorso"]={cf=cfr(0,-.002,0,1,0,0,0,.986,-.165,0,.165,.986);es="Linear";ed="In";};["LeftUpperLeg"]={cf=cfr(.018,.061,.012,.963,.253,-.093,-.269,.924,-.27,.018,.285,.958);es="Linear";ed="In";};["RightUpperLeg"]={cf=cfr(-.018,.061,.012,.963,-.253,.093,.269,.924,-.27,-.018,.285,.958);es="Linear";ed="In";};["LowerTorso"]={cf=cfr(0,-2.517,.04,1,0,0,0,.029,1,0,-1,.029);es="Linear";ed="In";};};{tm=.633;["RightUpperArm"]={cf=cfr(-.039,.016,-.007,.728,-.48,-.489,.685,.489,.54,-.021,-.728,.685);es="Linear";ed="In";};["LeftUpperArm"]={cf=cfr(.039,.016,-.007,.728,.48,.489,-.685,.489,.54,.02,-.728,.685);es="Linear";ed="In";};["UpperTorso"]={cf=cfr(0,-.003,0,1,0,0,0,.987,-.162,0,.162,.987);es="Linear";ed="In";};["LeftUpperLeg"]={cf=cfr(.021,.066,.01,.951,.304,-.059,-.31,.939,-.15,.01,.161,.987);es="Linear";ed="In";};["RightUpperLeg"]={cf=cfr(-.021,.066,.01,.951,-.304,.059,.31,.939,-.15,-.01,.161,.987);es="Linear";ed="In";};["LowerTorso"]={cf=cfr(0,-2.561,.033,1,0,0,0,.056,.998,0,-.998,.056);es="Linear";ed="In";};};{tm=.65;["RightUpperArm"]={cf=cfr(-.018,.007,-.003,.717,-.467,-.518,.697,.47,.542,-.01,-.749,.662);es="Linear";ed="In";};["LeftUpperArm"]={cf=cfr(.018,.007,-.003,.717,.467,.518,-.697,.47,.541,.01,-.749,.662);es="Linear";ed="In";};["UpperTorso"]={cf=cfr(0,-.004,0,1,0,0,0,.987,-.158,0,.158,.987);es="Linear";ed="In";};["LeftUpperLeg"]={cf=cfr(.021,.063,.006,.937,.35,-.019,-.35,.936,-.03,.008,.035,.999);es="Linear";ed="In";};["RightUpperLeg"]={cf=cfr(-.021,.063,.006,.937,-.35,.019,.351,.936,-.03,-.008,.035,.999);es="Linear";ed="In";};["LowerTorso"]={cf=cfr(0,-2.603,.027,1,0,0,0,.082,.997,0,-.997,.082);es="Linear";ed="In";};};{tm=.667;["RightUpperArm"]={cf=cfr(-.004,.002,-.001,.71,-.458,-.535,.705,.458,.542,-.003,-.762,.648);es="Linear";ed="In";};["LeftUpperArm"]={cf=cfr(.004,.002,-.001,.71,.459,.535,-.705,.458,.542,.003,-.762,.648);es="Linear";ed="In";};["UpperTorso"]={cf=cfr(0,-.005,0,1,0,0,0,.988,-.154,0,.154,.988);es="Linear";ed="In";};["LeftUpperLeg"]={cf=cfr(.019,.052,.002,.922,.387,.023,-.388,.918,.082,.011,-.084,.996);es="Linear";ed="In";};["RightUpperLeg"]={cf=cfr(-.019,.052,.002,.922,-.387,-.023,.388,.918,.082,-.011,-.084,.996);es="Linear";ed="In";};["LowerTorso"]={cf=cfr(0,-2.641,.021,1,0,0,0,.106,.994,0,-.994,.106);es="Linear";ed="In";};};{tm=.683;["UpperTorso"]={cf=cfr(0,-.006,0,1,0,0,0,.989,-.149,0,.149,.989);es="Linear";ed="In";};["LeftUpperLeg"]={cf=cfr(.014,.037,0,.908,.414,.062,-.419,.891,.175,.017,-.185,.983);es="Linear";ed="In";};["RightUpperLeg"]={cf=cfr(-.014,.037,0,.908,-.414,-.062,.419,.891,.175,-.017,-.185,.983);es="Linear";ed="In";};["LowerTorso"]={cf=cfr(0,-2.676,.016,1,0,0,0,.128,.992,0,-.992,.128);es="Linear";ed="In";};["LeftUpperArm"]={cf=cfr(0,0,0,.707,.456,.541,-.707,.454,.542,.001,-.766,.643);es="Sine";ed="InOut";};["Head"]={cf=cfr(0,0,0,1,0,0,0,.696,-.718,0,.718,.696);es="Sine";ed="InOut";};["RightUpperArm"]={cf=cfr(0,0,0,.707,-.456,-.541,.707,.454,.542,-.001,-.766,.643);es="Sine";ed="InOut";};["RightLowerLeg"]={cf=cfr(0,0,0,1,0,0,0,.985,.174,0,-.174,.985);es="Sine";ed="InOut";};["LeftLowerLeg"]={cf=cfr(0,0,0,1,0,0,0,.985,.174,0,-.174,.985);es="Sine";ed="InOut";};};{tm=.7;["UpperTorso"]={cf=cfr(0,-.007,0,1,0,0,0,.99,-.144,0,.144,.99);es="Linear";ed="In";};["LeftUpperLeg"]={cf=cfr(.009,.022,-.001,.897,.432,.094,-.441,.863,.244,.024,-.261,.965);es="Linear";ed="In";};["RightUpperLeg"]={cf=cfr(-.009,.022,-.001,.897,-.432,-.094,.442,.863,.244,-.024,-.261,.965);es="Linear";ed="In";};["LowerTorso"]={cf=cfr(0,-2.709,.011,1,0,0,0,.148,.989,0,-.989,.148);es="Linear";ed="In";};["RightUpperArm"]={cf=cfr(0,0,0,.707,-.456,-.541,.707,.454,.542,-.001,-.765,.643);es="Linear";ed="In";};["Head"]={cf=cfr(0,0,0,1,0,0,0,.696,-.718,0,.718,.696);es="Linear";ed="In";};["LeftUpperArm"]={cf=cfr(0,0,0,.707,.456,.541,-.707,.454,.542,.001,-.765,.644);es="Linear";ed="In";};["RightLowerLeg"]={cf=cfr(0,0,0,1,0,0,0,.985,.174,0,-.174,.985);es="Linear";ed="In";};["LeftLowerLeg"]={cf=cfr(0,0,0,1,0,0,0,.985,.174,0,-.174,.985);es="Linear";ed="In";};};{tm=.717;["UpperTorso"]={cf=cfr(0,-.008,0,1,0,0,0,.99,-.139,0,.139,.99);es="Linear";ed="In";};["LeftUpperLeg"]={cf=cfr(.005,.01,-.002,.89,.442,.115,-.455,.843,.287,.029,-.308,.951);es="Linear";ed="In";};["RightUpperLeg"]={cf=cfr(-.005,.01,-.002,.89,-.442,-.115,.455,.843,.287,-.029,-.308,.951);es="Linear";ed="In";};["LowerTorso"]={cf=cfr(0,-2.739,.006,1,0,0,0,.166,.986,0,-.986,.166);es="Linear";ed="In";};["RightUpperArm"]={cf=cfr(0,0,0,.707,-.456,-.54,.707,.455,.541,-.001,-.765,.644);es="Linear";ed="In";};["Head"]={cf=cfr(0,0,0,1,0,0,0,.695,-.719,0,.719,.695);es="Linear";ed="In";};["LeftUpperArm"]={cf=cfr(0,0,0,.707,.456,.54,-.707,.455,.541,.001,-.765,.644);es="Linear";ed="In";};["RightLowerLeg"]={cf=cfr(0,0,0,1,0,0,0,.985,.174,0,-.174,.985);es="Linear";ed="In";};["LeftLowerLeg"]={cf=cfr(0,0,0,1,0,0,0,.985,.174,0,-.174,.985);es="Linear";ed="In";};};{tm=.733;["LowerTorso"]={cf=cfr(0,-2.766,.002,1,0,0,0,.183,.983,0,-.983,.183);es="Linear";ed="In";};["RightUpperArm"]={cf=cfr(0,0,0,.707,-.457,-.539,.707,.456,.541,-.001,-.764,.645);es="Linear";ed="In";};["Head"]={cf=cfr(0,0,-.001,1,0,0,0,.694,-.72,0,.72,.694);es="Linear";ed="In";};["LeftUpperArm"]={cf=cfr(0,0,0,.707,.457,.539,-.707,.456,.541,.001,-.764,.646);es="Linear";ed="In";};["RightLowerLeg"]={cf=cfr(0,0,0,1,0,0,0,.985,.174,0,-.174,.985);es="Linear";ed="In";};["LeftLowerLeg"]={cf=cfr(0,0,0,1,0,0,0,.985,.174,0,-.174,.985);es="Linear";ed="In";};["UpperTorso"]={cf=cfr(0,-.009,0,1,0,0,0,.991,-.133,0,.133,.991);es="Linear";ed="In";};["RightUpperLeg"]={cf=cfr(-.003,.006,-.002,.887,-.445,-.123,.46,.835,.301,-.031,-.323,.946);es="Sine";ed="InOut";};["LeftUpperLeg"]={cf=cfr(.003,.006,-.002,.887,.445,.123,-.46,.835,.301,.031,-.323,.946);es="Sine";ed="InOut";};};{tm=.75;["UpperTorso"]={cf=cfr(0,-.011,0,1,0,0,0,.992,-.127,0,.127,.992);es="Linear";ed="In";};["LeftUpperLeg"]={cf=cfr(.003,.006,-.002,.886,.446,.123,-.462,.834,.302,.032,-.325,.945);es="Linear";ed="In";};["RightUpperLeg"]={cf=cfr(-.003,.006,-.002,.886,-.446,-.123,.462,.834,.302,-.032,-.325,.945);es="Linear";ed="In";};["LowerTorso"]={cf=cfr(0,-2.79,-.002,1,0,0,0,.197,.98,0,-.98,.197);es="Linear";ed="In";};["RightUpperArm"]={cf=cfr(0,0,0,.707,-.458,-.538,.707,.457,.54,-.001,-.762,.647);es="Linear";ed="In";};["Head"]={cf=cfr(0,-.001,-.001,1,0,0,0,.692,-.722,0,.722,.692);es="Linear";ed="In";};["LeftUpperArm"]={cf=cfr(0,0,0,.707,.459,.538,-.707,.457,.54,.001,-.762,.647);es="Linear";ed="In";};["RightLowerLeg"]={cf=cfr(0,0,0,1,0,0,0,.985,.174,0,-.174,.985);es="Linear";ed="In";};["LeftLowerLeg"]={cf=cfr(0,0,0,1,0,0,0,.985,.174,0,-.174,.985);es="Linear";ed="In";};};{tm=.767;["UpperTorso"]={cf=cfr(0,-.012,0,1,0,0,0,.993,-.12,0,.12,.993);es="Linear";ed="In";};["LeftUpperLeg"]={cf=cfr(.003,.007,-.002,.884,.45,.126,-.466,.83,.304,.033,-.328,.944);es="Linear";ed="In";};["RightUpperLeg"]={cf=cfr(-.003,.007,-.002,.884,-.45,-.126,.466,.83,.304,-.033,-.328,.944);es="Linear";ed="In";};["LowerTorso"]={cf=cfr(0,-2.811,-.006,1,0,0,0,.21,.978,0,-.978,.21);es="Linear";ed="In";};["RightUpperArm"]={cf=cfr(-.001,.001,-.001,.707,-.46,-.537,.707,.459,.538,-.001,-.76,.65);es="Linear";ed="In";};["Head"]={cf=cfr(0,-.001,-.002,1,0,0,0,.69,-.724,0,.724,.69);es="Linear";ed="In";};["LeftUpperArm"]={cf=cfr(.001,.001,-.001,.707,.46,.537,-.707,.459,.538,.001,-.76,.65);es="Linear";ed="In";};["RightLowerLeg"]={cf=cfr(0,0,0,1,0,0,0,.985,.174,0,-.174,.985);es="Linear";ed="In";};["LeftLowerLeg"]={cf=cfr(0,0,0,1,0,0,0,.985,.174,0,-.174,.985);es="Linear";ed="In";};};{tm=.783;["UpperTorso"]={cf=cfr(0,-.013,0,1,0,0,0,.994,-.113,0,.113,.994);es="Linear";ed="In";};["LeftUpperLeg"]={cf=cfr(.004,.007,-.002,.88,.457,.13,-.474,.825,.309,.034,-.333,.942);es="Linear";ed="In";};["RightUpperLeg"]={cf=cfr(-.004,.007,-.002,.88,-.457,-.13,.474,.825,.309,-.034,-.333,.942);es="Linear";ed="In";};["LowerTorso"]={cf=cfr(0,-2.83,-.009,1,0,0,0,.222,.975,0,-.975,.222);es="Linear";ed="In";};["RightUpperArm"]={cf=cfr(-.001,.001,-.001,.707,-.462,-.535,.707,.461,.537,-.001,-.758,.652);es="Linear";ed="In";};["Head"]={cf=cfr(0,-.002,-.002,1,0,0,0,.687,-.726,0,.726,.687);es="Linear";ed="In";};["LeftUpperArm"]={cf=cfr(.001,.001,-.001,.707,.462,.535,-.707,.461,.537,.001,-.758,.652);es="Linear";ed="In";};["RightLowerLeg"]={cf=cfr(0,0,0,1,0,0,0,.985,.174,0,-.174,.985);es="Linear";ed="In";};["LeftLowerLeg"]={cf=cfr(0,0,0,1,0,0,0,.985,.174,0,-.174,.985);es="Linear";ed="In";};};{tm=.8;["UpperTorso"]={cf=cfr(0,-.015,0,1,0,0,0,.994,-.106,0,.106,.994);es="Linear";ed="In";};["LeftUpperLeg"]={cf=cfr(.004,.007,-.002,.874,.466,.136,-.484,.816,.314,.036,-.34,.94);es="Linear";ed="In";};["RightUpperLeg"]={cf=cfr(-.004,.007,-.002,.874,-.466,-.136,.484,.816,.314,-.036,-.34,.94);es="Linear";ed="In";};["LowerTorso"]={cf=cfr(0,-2.845,-.012,1,0,0,0,.231,.973,0,-.973,.231);es="Linear";ed="In";};["RightUpperArm"]={cf=cfr(-.001,.001,-.001,.707,-.464,-.533,.707,.463,.535,-.001,-.755,.656);es="Linear";ed="In";};["Head"]={cf=cfr(0,-.002,-.003,1,0,0,0,.684,-.729,0,.729,.684);es="Linear";ed="In";};["LeftUpperArm"]={cf=cfr(.001,.001,-.001,.707,.464,.533,-.707,.463,.535,.001,-.755,.656);es="Linear";ed="In";};["RightLowerLeg"]={cf=cfr(0,0,0,1,0,0,0,.985,.174,0,-.174,.985);es="Linear";ed="In";};["LeftLowerLeg"]={cf=cfr(0,0,0,1,0,0,0,.985,.174,0,-.174,.985);es="Linear";ed="In";};};{tm=.817;["UpperTorso"]={cf=cfr(0,-.016,0,1,0,0,0,.995,-.098,0,.098,.995);es="Linear";ed="In";};["LeftUpperLeg"]={cf=cfr(.004,.007,-.002,.867,.478,.143,-.497,.806,.321,.038,-.349,.936);es="Linear";ed="In";};["RightUpperLeg"]={cf=cfr(-.004,.007,-.002,.867,-.478,-.143,.497,.806,.321,-.038,-.349,.936);es="Linear";ed="In";};["LowerTorso"]={cf=cfr(0,-2.858,-.014,1,0,0,0,.239,.971,0,-.971,.239);es="Linear";ed="In";};["RightUpperArm"]={cf=cfr(-.001,.001,-.002,.707,-.467,-.531,.707,.465,.532,-.001,-.752,.659);es="Linear";ed="In";};["Head"]={cf=cfr(0,-.003,-.004,1,0,0,0,.681,-.733,0,.733,.681);es="Linear";ed="In";};["LeftUpperArm"]={cf=cfr(.001,.001,-.002,.707,.467,.531,-.707,.466,.532,.001,-.752,.659);es="Linear";ed="In";};["RightLowerLeg"]={cf=cfr(0,0,0,1,0,0,0,.985,.174,0,-.174,.985);es="Linear";ed="In";};["LeftLowerLeg"]={cf=cfr(0,0,0,1,0,0,0,.985,.174,0,-.174,.985);es="Linear";ed="In";};};{tm=.833;["UpperTorso"]={cf=cfr(0,-.018,0,1,0,0,0,.996,-.089,0,.089,.996);es="Linear";ed="In";};["LeftUpperLeg"]={cf=cfr(.004,.007,-.002,.858,.49,.151,-.511,.794,.328,.041,-.359,.932);es="Linear";ed="In";};["RightUpperLeg"]={cf=cfr(-.004,.007,-.002,.858,-.49,-.151,.511,.794,.329,-.041,-.359,.932);es="Linear";ed="In";};["LowerTorso"]={cf=cfr(0,-2.868,-.016,1,0,0,0,.245,.97,0,-.97,.245);es="Linear";ed="In";};["RightUpperArm"]={cf=cfr(-.002,.002,-.002,.707,-.47,-.528,.707,.468,.53,-.001,-.748,.663);es="Linear";ed="In";};["Head"]={cf=cfr(0,-.003,-.005,1,0,0,0,.677,-.736,0,.736,.677);es="Linear";ed="In";};["LeftUpperArm"]={cf=cfr(.002,.002,-.002,.707,.47,.528,-.707,.468,.53,.001,-.748,.664);es="Linear";ed="In";};["RightLowerLeg"]={cf=cfr(0,0,0,1,0,0,0,.985,.174,0,-.174,.985);es="Linear";ed="In";};["LeftLowerLeg"]={cf=cfr(0,0,0,1,0,0,0,.985,.174,0,-.174,.985);es="Linear";ed="In";};};{tm=.85;["UpperTorso"]={cf=cfr(0,-.019,.001,1,0,0,0,.997,-.081,0,.081,.997);es="Linear";ed="In";};["LeftUpperLeg"]={cf=cfr(.004,.007,-.002,.849,.504,.16,-.527,.781,.337,.044,-.37,.928);es="Linear";ed="In";};["RightUpperLeg"]={cf=cfr(-.004,.007,-.002,.849,-.504,-.16,.527,.781,.337,-.044,-.37,.928);es="Linear";ed="In";};["LowerTorso"]={cf=cfr(0,-2.875,-.017,1,0,0,0,.249,.968,0,-.968,.249);es="Linear";ed="In";};["RightUpperArm"]={cf=cfr(-.002,.002,-.002,.707,-.473,-.526,.707,.472,.527,-.001,-.744,.668);es="Linear";ed="In";};["Head"]={cf=cfr(0,-.004,-.006,1,0,0,0,.672,-.741,0,.741,.672);es="Linear";ed="In";};["LeftUpperArm"]={cf=cfr(.002,.002,-.002,.707,.473,.525,-.707,.472,.527,.001,-.744,.668);es="Linear";ed="In";};["RightLowerLeg"]={cf=cfr(0,0,0,1,0,0,0,.985,.174,0,-.174,.985);es="Linear";ed="In";};["LeftLowerLeg"]={cf=cfr(0,0,0,1,0,0,0,.985,.174,0,-.174,.985);es="Linear";ed="In";};};{tm=.867;["UpperTorso"]={cf=cfr(0,-.021,.001,1,0,0,0,.997,-.072,0,.072,.997);es="Linear";ed="In";};["LeftUpperLeg"]={cf=cfr(.004,.007,-.002,.838,.518,.17,-.543,.766,.345,.048,-.381,.923);es="Linear";ed="In";};["RightUpperLeg"]={cf=cfr(-.004,.007,-.002,.838,-.518,-.17,.543,.766,.345,-.048,-.381,.923);es="Linear";ed="In";};["LowerTorso"]={cf=cfr(0,-2.879,-.018,1,0,0,0,.252,.968,0,-.968,.252);es="Linear";ed="In";};["RightUpperArm"]={cf=cfr(-.002,.002,-.003,.707,-.477,-.522,.707,.475,.524,-.001,-.74,.673);es="Linear";ed="In";};["Head"]={cf=cfr(0,-.005,-.007,1,0,0,0,.667,-.745,0,.745,.667);es="Linear";ed="In";};["LeftUpperArm"]={cf=cfr(.002,.002,-.003,.707,.477,.522,-.707,.475,.524,.001,-.74,.673);es="Linear";ed="In";};["RightLowerLeg"]={cf=cfr(0,0,0,1,0,0,0,.985,.174,0,-.174,.985);es="Linear";ed="In";};["LeftLowerLeg"]={cf=cfr(0,0,0,1,0,0,0,.985,.174,0,-.174,.985);es="Linear";ed="In";};};{tm=.883;["UpperTorso"]={cf=cfr(0,-.022,.001,1,0,0,0,.998,-.063,0,.063,.998);es="Linear";ed="In";};["LeftUpperLeg"]={cf=cfr(.004,.006,-.002,.828,.532,.18,-.559,.75,.353,.052,-.393,.918);es="Linear";ed="In";};["RightUpperLeg"]={cf=cfr(-.004,.006,-.002,.828,-.532,-.18,.559,.75,.353,-.052,-.393,.918);es="Linear";ed="In";};["RightUpperArm"]={cf=cfr(-.003,.003,-.003,.707,-.48,-.519,.707,.479,.52,-.001,-.735,.678);es="Linear";ed="In";};["Head"]={cf=cfr(0,-.005,-.008,1,0,0,0,.662,-.75,0,.75,.662);es="Linear";ed="In";};["LeftUpperArm"]={cf=cfr(.003,.003,-.003,.707,.48,.519,-.707,.479,.52,.001,-.735,.678);es="Linear";ed="In";};["RightLowerLeg"]={cf=cfr(0,0,0,1,0,0,0,.985,.174,0,-.174,.985);es="Linear";ed="In";};["LeftLowerLeg"]={cf=cfr(0,0,0,1,0,0,0,.985,.174,0,-.174,.985);es="Linear";ed="In";};["LowerTorso"]={cf=cfr(0,-2.881,-.018,1,0,0,0,.253,.968,0,-.968,.253);es="Sine";ed="InOut";};};{tm=.9;["UpperTorso"]={cf=cfr(0,-.023,.001,1,0,0,0,.999,-.053,0,.053,.999);es="Linear";ed="In";};["LeftUpperLeg"]={cf=cfr(.004,.005,-.002,.817,.545,.19,-.574,.735,.361,.057,-.404,.913);es="Linear";ed="In";};["RightUpperLeg"]={cf=cfr(-.004,.005,-.002,.817,-.545,-.19,.574,.735,.361,-.057,-.404,.913);es="Linear";ed="In";};["RightUpperArm"]={cf=cfr(-.003,.003,-.004,.707,-.484,-.515,.707,.483,.516,-.001,-.729,.684);es="Linear";ed="In";};["Head"]={cf=cfr(0,-.006,-.01,1,0,0,0,.656,-.755,0,.755,.656);es="Linear";ed="In";};["LeftUpperArm"]={cf=cfr(.003,.003,-.004,.707,.485,.515,-.707,.483,.516,.001,-.729,.684);es="Linear";ed="In";};["RightLowerLeg"]={cf=cfr(0,0,0,1,0,0,0,.985,.174,0,-.174,.985);es="Linear";ed="In";};["LeftLowerLeg"]={cf=cfr(0,0,0,1,0,0,0,.985,.174,0,-.174,.985);es="Linear";ed="In";};["LowerTorso"]={cf=cfr(0,-2.88,-.018,1,0,0,0,.253,.968,0,-.968,.253);es="Linear";ed="In";};};{tm=.917;["UpperTorso"]={cf=cfr(0,-.024,.001,1,0,0,0,.999,-.044,0,.044,.999);es="Linear";ed="In";};["LeftUpperLeg"]={cf=cfr(.003,.005,-.002,.806,.557,.2,-.589,.72,.368,.061,-.414,.908);es="Linear";ed="In";};["RightUpperLeg"]={cf=cfr(-.003,.005,-.002,.806,-.557,-.2,.589,.72,.368,-.061,-.414,.908);es="Linear";ed="In";};["RightUpperArm"]={cf=cfr(-.004,.004,-.004,.707,-.489,-.511,.707,.487,.512,-.001,-.724,.69);es="Linear";ed="In";};["Head"]={cf=cfr(0,-.007,-.011,1,0,0,0,.649,-.761,0,.761,.649);es="Linear";ed="In";};["LeftUpperArm"]={cf=cfr(.004,.004,-.004,.707,.489,.511,-.707,.487,.512,.001,-.724,.69);es="Linear";ed="In";};["RightLowerLeg"]={cf=cfr(0,0,0,1,0,0,0,.985,.174,0,-.174,.985);es="Linear";ed="In";};["LeftLowerLeg"]={cf=cfr(0,0,0,1,0,0,0,.985,.174,0,-.174,.985);es="Linear";ed="In";};["LowerTorso"]={cf=cfr(0,-2.878,-.018,1,0,0,0,.253,.967,0,-.967,.253);es="Linear";ed="In";};};{tm=.933;["UpperTorso"]={cf=cfr(0,-.026,.001,1,0,0,0,.999,-.034,0,.034,.999);es="Linear";ed="In";};["LeftUpperLeg"]={cf=cfr(.002,.004,-.001,.796,.568,.209,-.602,.706,.374,.065,-.424,.904);es="Linear";ed="In";};["RightUpperLeg"]={cf=cfr(-.002,.004,-.001,.796,-.568,-.209,.602,.706,.374,-.065,-.424,.904);es="Linear";ed="In";};["RightUpperArm"]={cf=cfr(-.004,.004,-.005,.707,-.493,-.507,.707,.492,.508,-.001,-.717,.697);es="Linear";ed="In";};["Head"]={cf=cfr(0,-.008,-.012,1,0,0,0,.643,-.766,0,.766,.643);es="Linear";ed="In";};["LeftUpperArm"]={cf=cfr(.004,.004,-.005,.707,.493,.507,-.707,.492,.508,.001,-.717,.697);es="Linear";ed="In";};["RightLowerLeg"]={cf=cfr(0,0,0,1,0,0,0,.985,.174,0,-.174,.985);es="Linear";ed="In";};["LeftLowerLeg"]={cf=cfr(0,0,0,1,0,0,0,.985,.174,0,-.174,.985);es="Linear";ed="In";};["LowerTorso"]={cf=cfr(0,-2.874,-.017,1,0,0,0,.253,.967,0,-.967,.253);es="Linear";ed="In";};};{tm=.95;["UpperTorso"]={cf=cfr(0,-.027,.001,1,0,0,0,1,-.023,0,.023,1);es="Linear";ed="In";};["LeftUpperLeg"]={cf=cfr(.002,.003,-.001,.787,.577,.217,-.613,.693,.379,.069,-.432,.899);es="Linear";ed="In";};["RightUpperLeg"]={cf=cfr(-.002,.003,-.001,.787,-.577,-.217,.613,.693,.379,-.069,-.432,.899);es="Linear";ed="In";};["RightUpperArm"]={cf=cfr(-.005,.005,-.005,.707,-.498,-.502,.707,.497,.503,-.001,-.711,.703);es="Linear";ed="In";};["Head"]={cf=cfr(0,-.009,-.014,1,0,0,0,.635,-.772,0,.772,.635);es="Linear";ed="In";};["LeftUpperArm"]={cf=cfr(.005,.005,-.005,.707,.498,.502,-.707,.497,.503,.001,-.711,.703);es="Linear";ed="In";};["RightLowerLeg"]={cf=cfr(0,0,0,1,0,0,0,.985,.174,0,-.174,.985);es="Linear";ed="In";};["LeftLowerLeg"]={cf=cfr(0,0,0,1,0,0,0,.985,.174,0,-.174,.985);es="Linear";ed="In";};["LowerTorso"]={cf=cfr(0,-2.869,-.017,1,0,0,0,.254,.967,0,-.967,.254);es="Linear";ed="In";};};{tm=.967;["UpperTorso"]={cf=cfr(0,-.028,.002,1,0,0,0,1,-.013,0,.013,1);es="Linear";ed="In";};["LeftUpperLeg"]={cf=cfr(.001,.002,-.001,.78,.585,.223,-.622,.683,.384,.072,-.438,.896);es="Linear";ed="In";};["RightUpperLeg"]={cf=cfr(-.001,.002,-.001,.78,-.585,-.223,.622,.683,.384,-.072,-.438,.896);es="Linear";ed="In";};["RightUpperArm"]={cf=cfr(-.005,.005,-.006,.707,-.503,-.497,.707,.502,.498,-.001,-.704,.71);es="Linear";ed="In";};["Head"]={cf=cfr(0,-.009,-.015,1,0,0,0,.628,-.778,0,.778,.628);es="Linear";ed="In";};["LeftUpperArm"]={cf=cfr(.005,.005,-.006,.707,.503,.497,-.707,.502,.498,.001,-.704,.71);es="Linear";ed="In";};["RightLowerLeg"]={cf=cfr(0,0,0,1,0,0,0,.985,.174,0,-.174,.985);es="Linear";ed="In";};["LeftLowerLeg"]={cf=cfr(0,0,0,1,0,0,0,.985,.174,0,-.174,.985);es="Linear";ed="In";};["LowerTorso"]={cf=cfr(0,-2.862,-.016,1,0,0,0,.255,.967,0,-.967,.255);es="Linear";ed="In";};};{tm=.983;["UpperTorso"]={cf=cfr(0,-.029,.002,1,0,0,0,1,-.002,0,.002,1);es="Linear";ed="In";};["LeftUpperLeg"]={cf=cfr(.001,.001,0,.774,.59,.228,-.628,.675,.387,.074,-.443,.894);es="Linear";ed="In";};["RightUpperLeg"]={cf=cfr(-.001,.001,0,.774,-.59,-.228,.628,.675,.387,-.074,-.443,.894);es="Linear";ed="In";};["RightUpperArm"]={cf=cfr(-.006,.006,-.006,.707,-.508,-.492,.707,.507,.493,-.001,-.697,.717);es="Linear";ed="In";};["Head"]={cf=cfr(0,-.01,-.016,1,0,0,0,.62,-.785,0,.785,.62);es="Linear";ed="In";};["LeftUpperArm"]={cf=cfr(.006,.006,-.006,.707,.508,.492,-.707,.507,.493,.001,-.696,.718);es="Linear";ed="In";};["RightLowerLeg"]={cf=cfr(0,0,0,1,0,0,0,.985,.174,0,-.174,.985);es="Linear";ed="In";};["LeftLowerLeg"]={cf=cfr(0,0,0,1,0,0,0,.985,.174,0,-.174,.985);es="Linear";ed="In";};["LowerTorso"]={cf=cfr(0,-2.854,-.015,1,0,0,0,.256,.967,0,-.967,.256);es="Linear";ed="In";};};{tm=1;["UpperTorso"]={cf=cfr(0,-.03,.002,1,0,0,0,1,.009,0,-.009,1);es="Linear";ed="In";};["LeftUpperLeg"]={cf=cfr(0,.001,0,.771,.593,.231,-.632,.67,.388,.076,-.446,.892);es="Linear";ed="In";};["RightUpperLeg"]={cf=cfr(0,.001,0,.771,-.593,-.231,.632,.67,.388,-.076,-.446,.892);es="Linear";ed="In";};["RightUpperArm"]={cf=cfr(-.006,.006,-.007,.707,-.513,-.486,.707,.512,.488,-.001,-.689,.725);es="Linear";ed="In";};["Head"]={cf=cfr(0,-.011,-.018,1,0,0,0,.611,-.791,0,.791,.611);es="Linear";ed="In";};["LeftUpperArm"]={cf=cfr(.006,.006,-.007,.707,.513,.486,-.707,.512,.488,.001,-.689,.725);es="Linear";ed="In";};["RightLowerLeg"]={cf=cfr(0,0,0,1,0,0,0,.985,.174,0,-.174,.985);es="Linear";ed="In";};["LeftLowerLeg"]={cf=cfr(0,0,0,1,0,0,0,.985,.174,0,-.174,.985);es="Linear";ed="In";};["LowerTorso"]={cf=cfr(0,-2.844,-.013,1,0,0,0,.257,.966,0,-.966,.257);es="Linear";ed="In";};};{tm=1.017;["RightUpperArm"]={cf=cfr(-.007,.006,-.007,.707,-.519,-.481,.707,.517,.482,-.001,-.681,.732);es="Linear";ed="In";};["Head"]={cf=cfr(0,-.012,-.019,1,0,0,0,.602,-.798,0,.798,.602);es="Linear";ed="In";};["LeftUpperArm"]={cf=cfr(.007,.006,-.007,.707,.519,.481,-.707,.517,.482,.001,-.681,.733);es="Linear";ed="In";};["RightLowerLeg"]={cf=cfr(0,0,0,1,0,0,0,.985,.174,0,-.174,.985);es="Linear";ed="In";};["LeftLowerLeg"]={cf=cfr(0,0,0,1,0,0,0,.985,.174,0,-.174,.985);es="Linear";ed="In";};["LowerTorso"]={cf=cfr(0,-2.833,-.012,1,0,0,0,.258,.966,0,-.966,.258);es="Linear";ed="In";};["UpperTorso"]={cf=cfr(0,-.03,.002,1,0,0,0,1,.02,0,-.02,1);es="Linear";ed="In";};["RightUpperLeg"]={cf=cfr(0,.001,0,.77,-.595,-.232,.634,.669,.389,-.076,-.447,.891);es="Sine";ed="InOut";};["LeftUpperLeg"]={cf=cfr(0,.001,0,.77,.595,.232,-.634,.669,.389,.076,-.447,.891);es="Sine";ed="InOut";};};{tm=1.033;["UpperTorso"]={cf=cfr(0,-.031,.002,1,0,0,0,1,.031,0,-.031,1);es="Linear";ed="In";};["LeftUpperLeg"]={cf=cfr(0,.001,0,.77,.594,.232,-.633,.669,.389,.076,-.446,.892);es="Linear";ed="In";};["RightUpperLeg"]={cf=cfr(0,.001,0,.77,-.594,-.232,.633,.669,.389,-.076,-.447,.892);es="Linear";ed="In";};["RightUpperArm"]={cf=cfr(-.007,.007,-.007,.707,-.524,-.475,.707,.523,.476,-.001,-.672,.74);es="Linear";ed="In";};["Head"]={cf=cfr(0,-.012,-.02,1,0,0,0,.593,-.805,0,.805,.593);es="Linear";ed="In";};["LeftUpperArm"]={cf=cfr(.007,.007,-.007,.707,.524,.475,-.707,.523,.476,.001,-.672,.74);es="Linear";ed="In";};["RightLowerLeg"]={cf=cfr(0,0,0,1,0,0,0,.985,.174,0,-.174,.985);es="Linear";ed="In";};["LeftLowerLeg"]={cf=cfr(0,0,0,1,0,0,0,.985,.174,0,-.174,.985);es="Linear";ed="In";};["LowerTorso"]={cf=cfr(0,-2.821,-.01,1,0,0,0,.26,.966,0,-.966,.26);es="Linear";ed="In";};};{tm=1.05;["UpperTorso"]={cf=cfr(0,-.032,.002,1,0,0,0,.999,.042,0,-.042,.999);es="Linear";ed="In";};["LeftUpperLeg"]={cf=cfr(0,.001,0,.772,.592,.231,-.632,.671,.389,.075,-.446,.892);es="Linear";ed="In";};["RightUpperLeg"]={cf=cfr(0,.001,0,.772,-.592,-.231,.632,.671,.389,-.075,-.446,.892);es="Linear";ed="In";};["RightUpperArm"]={cf=cfr(-.007,.007,-.008,.707,-.53,-.468,.707,.528,.47,-.001,-.664,.748);es="Linear";ed="In";};["Head"]={cf=cfr(0,-.013,-.021,1,0,0,0,.584,-.812,0,.812,.584);es="Linear";ed="In";};["LeftUpperArm"]={cf=cfr(.007,.007,-.008,.707,.53,.468,-.707,.528,.47,.001,-.664,.748);es="Linear";ed="In";};["RightLowerLeg"]={cf=cfr(0,0,0,1,0,0,0,.985,.174,0,-.174,.985);es="Linear";ed="In";};["LeftLowerLeg"]={cf=cfr(0,0,0,1,0,0,0,.985,.174,0,-.174,.985);es="Linear";ed="In";};["LowerTorso"]={cf=cfr(0,-2.807,-.009,1,0,0,0,.261,.965,0,-.965,.261);es="Linear";ed="In";};};{tm=1.067;["UpperTorso"]={cf=cfr(0,-.032,.002,1,0,0,0,.999,.053,0,-.053,.999);es="Linear";ed="In";};["LeftUpperLeg"]={cf=cfr(.001,.001,-.001,.774,.59,.23,-.629,.673,.389,.074,-.446,.892);es="Linear";ed="In";};["RightUpperLeg"]={cf=cfr(-.001,.001,-.001,.774,-.59,-.23,.629,.673,.389,-.074,-.446,.892);es="Linear";ed="In";};["RightUpperArm"]={cf=cfr(-.008,.008,-.008,.707,-.535,-.462,.707,.534,.464,-.001,-.655,.756);es="Linear";ed="In";};["Head"]={cf=cfr(0,-.013,-.022,1,0,0,0,.574,-.819,0,.819,.574);es="Linear";ed="In";};["LeftUpperArm"]={cf=cfr(.008,.008,-.008,.707,.535,.462,-.707,.534,.464,.001,-.654,.756);es="Linear";ed="In";};["RightLowerLeg"]={cf=cfr(0,0,0,1,0,0,0,.985,.174,0,-.174,.985);es="Linear";ed="In";};["LeftLowerLeg"]={cf=cfr(0,0,0,1,0,0,0,.985,.174,0,-.174,.985);es="Linear";ed="In";};["LowerTorso"]={cf=cfr(0,-2.793,-.007,1,0,0,0,.263,.965,0,-.965,.263);es="Linear";ed="In";};};{tm=1.083;["UpperTorso"]={cf=cfr(0,-.032,.003,1,0,0,0,.998,.064,0,-.064,.998);es="Linear";ed="In";};["LeftUpperLeg"]={cf=cfr(.001,.002,-.001,.777,.586,.229,-.625,.677,.388,.073,-.445,.893);es="Linear";ed="In";};["RightUpperLeg"]={cf=cfr(-.001,.002,-.001,.777,-.586,-.229,.625,.677,.388,-.073,-.445,.893);es="Linear";ed="In";};["RightUpperArm"]={cf=cfr(-.008,.008,-.008,.707,-.541,-.455,.707,.54,.457,-.001,-.645,.764);es="Linear";ed="In";};["Head"]={cf=cfr(0,-.014,-.023,1,0,0,0,.564,-.826,0,.826,.564);es="Linear";ed="In";};["LeftUpperArm"]={cf=cfr(.008,.008,-.008,.707,.541,.455,-.707,.54,.457,.001,-.645,.764);es="Linear";ed="In";};["RightLowerLeg"]={cf=cfr(0,0,0,1,0,0,0,.985,.174,0,-.174,.985);es="Linear";ed="In";};["LeftLowerLeg"]={cf=cfr(0,0,0,1,0,0,0,.985,.174,0,-.174,.985);es="Linear";ed="In";};["LowerTorso"]={cf=cfr(0,-2.777,-.005,1,0,0,0,.265,.964,0,-.964,.265);es="Linear";ed="In";};};{tm=1.1;["UpperTorso"]={cf=cfr(0,-.033,.003,1,0,0,0,.997,.076,0,-.076,.997);es="Linear";ed="In";};["LeftUpperLeg"]={cf=cfr(.001,.002,-.001,.781,.582,.228,-.621,.681,.388,.071,-.444,.893);es="Linear";ed="In";};["RightUpperLeg"]={cf=cfr(-.001,.002,-.001,.781,-.582,-.228,.621,.681,.388,-.071,-.444,.893);es="Linear";ed="In";};["RightUpperArm"]={cf=cfr(-.008,.008,-.009,.707,-.547,-.449,.707,.545,.45,-.001,-.636,.772);es="Linear";ed="In";};["Head"]={cf=cfr(0,-.014,-.024,1,0,0,0,.553,-.833,0,.833,.553);es="Linear";ed="In";};["LeftUpperArm"]={cf=cfr(.008,.008,-.009,.707,.547,.449,-.707,.545,.45,.001,-.635,.772);es="Linear";ed="In";};["RightLowerLeg"]={cf=cfr(0,0,0,1,0,0,0,.985,.174,0,-.174,.985);es="Linear";ed="In";};["LeftLowerLeg"]={cf=cfr(0,0,0,1,0,0,0,.985,.174,0,-.174,.985);es="Linear";ed="In";};["LowerTorso"]={cf=cfr(0,-2.76,-.002,1,0,0,0,.267,.964,0,-.964,.267);es="Linear";ed="In";};};{tm=1.117;["UpperTorso"]={cf=cfr(0,-.033,.003,1,0,0,0,.996,.087,0,-.087,.996);es="Linear";ed="In";};["LeftUpperLeg"]={cf=cfr(.002,.003,-.001,.786,.576,.226,-.615,.687,.387,.068,-.443,.894);es="Linear";ed="In";};["RightUpperLeg"]={cf=cfr(-.002,.003,-.001,.786,-.576,-.226,.615,.687,.387,-.068,-.443,.894);es="Linear";ed="In";};["RightUpperArm"]={cf=cfr(-.009,.009,-.009,.707,-.552,-.442,.707,.551,.443,-.001,-.626,.78);es="Linear";ed="In";};["Head"]={cf=cfr(0,-.015,-.025,1,0,0,0,.543,-.84,0,.84,.543);es="Linear";ed="In";};["LeftUpperArm"]={cf=cfr(.009,.009,-.009,.707,.552,.442,-.707,.551,.443,.001,-.626,.78);es="Linear";ed="In";};["RightLowerLeg"]={cf=cfr(0,0,0,1,0,0,0,.985,.174,0,-.174,.985);es="Linear";ed="In";};["LeftLowerLeg"]={cf=cfr(0,0,0,1,0,0,0,.985,.174,0,-.174,.985);es="Linear";ed="In";};["LowerTorso"]={cf=cfr(0,-2.742,0,1,0,0,0,.269,.963,0,-.963,.269);es="Linear";ed="In";};};{tm=1.133;["UpperTorso"]={cf=cfr(0,-.033,.003,1,0,0,0,.995,.099,0,-.099,.995);es="Linear";ed="In";};["LeftUpperLeg"]={cf=cfr(.002,.004,-.002,.791,.569,.223,-.608,.693,.387,.065,-.442,.895);es="Linear";ed="In";};["RightUpperLeg"]={cf=cfr(-.002,.004,-.002,.791,-.569,-.223,.608,.693,.387,-.065,-.442,.895);es="Linear";ed="In";};["RightUpperArm"]={cf=cfr(-.009,.009,-.009,.707,-.558,-.434,.707,.557,.436,-.001,-.616,.788);es="Linear";ed="In";};["Head"]={cf=cfr(0,-.015,-.025,1,0,0,0,.532,-.847,0,.847,.532);es="Linear";ed="In";};["LeftUpperArm"]={cf=cfr(.009,.009,-.009,.707,.558,.434,-.707,.557,.436,.001,-.615,.788);es="Linear";ed="In";};["RightLowerLeg"]={cf=cfr(0,0,0,1,0,0,0,.985,.174,0,-.174,.985);es="Linear";ed="In";};["LeftLowerLeg"]={cf=cfr(0,0,0,1,0,0,0,.985,.174,0,-.174,.985);es="Linear";ed="In";};["LowerTorso"]={cf=cfr(0,-2.723,.003,1,0,0,0,.272,.962,0,-.962,.272);es="Linear";ed="In";};};{tm=1.15;["UpperTorso"]={cf=cfr(0,-.032,.003,1,0,0,0,.994,.11,0,-.11,.994);es="Linear";ed="In";};["LeftUpperLeg"]={cf=cfr(.003,.005,-.002,.797,.562,.221,-.6,.7,.386,.062,-.44,.896);es="Linear";ed="In";};["RightUpperLeg"]={cf=cfr(-.003,.005,-.002,.797,-.562,-.221,.6,.7,.386,-.062,-.44,.896);es="Linear";ed="In";};["RightUpperArm"]={cf=cfr(-.009,.009,-.009,.707,-.564,-.427,.707,.562,.429,-.001,-.605,.796);es="Linear";ed="In";};["Head"]={cf=cfr(0,-.015,-.026,1,0,0,0,.521,-.854,0,.854,.521);es="Linear";ed="In";};["LeftUpperArm"]={cf=cfr(.009,.009,-.009,.707,.564,.427,-.707,.562,.429,.001,-.605,.796);es="Linear";ed="In";};["RightLowerLeg"]={cf=cfr(0,0,0,1,0,0,0,.985,.174,0,-.174,.985);es="Linear";ed="In";};["LeftLowerLeg"]={cf=cfr(0,0,0,1,0,0,0,.985,.174,0,-.174,.985);es="Linear";ed="In";};["LowerTorso"]={cf=cfr(0,-2.703,.005,1,0,0,0,.274,.962,0,-.962,.274);es="Linear";ed="In";};};{tm=1.167;["UpperTorso"]={cf=cfr(0,-.032,.003,1,0,0,0,.993,.121,0,-.121,.993);es="Linear";ed="In";};["LeftUpperLeg"]={cf=cfr(.004,.006,-.002,.804,.553,.218,-.592,.708,.385,.059,-.439,.897);es="Linear";ed="In";};["RightUpperLeg"]={cf=cfr(-.004,.006,-.002,.804,-.553,-.218,.592,.708,.385,-.059,-.439,.897);es="Linear";ed="In";};["RightUpperArm"]={cf=cfr(-.009,.009,-.009,.707,-.569,-.42,.707,.568,.421,-.001,-.595,.804);es="Linear";ed="In";};["Head"]={cf=cfr(0,-.015,-.026,1,0,0,0,.509,-.861,0,.861,.509);es="Linear";ed="In";};["LeftUpperArm"]={cf=cfr(.009,.009,-.009,.707,.569,.42,-.707,.568,.421,.001,-.595,.804);es="Linear";ed="In";};["RightLowerLeg"]={cf=cfr(0,0,0,1,0,0,0,.985,.174,0,-.174,.985);es="Linear";ed="In";};["LeftLowerLeg"]={cf=cfr(0,0,0,1,0,0,0,.985,.174,0,-.174,.985);es="Linear";ed="In";};["LowerTorso"]={cf=cfr(0,-2.682,.008,1,0,0,0,.276,.961,0,-.961,.276);es="Linear";ed="In";};};{tm=1.183;["UpperTorso"]={cf=cfr(0,-.032,.003,1,0,0,0,.991,.132,0,-.132,.991);es="Linear";ed="In";};["LeftUpperLeg"]={cf=cfr(.004,.007,-.003,.811,.544,.215,-.582,.717,.384,.055,-.437,.898);es="Linear";ed="In";};["RightUpperLeg"]={cf=cfr(-.004,.007,-.003,.811,-.544,-.215,.582,.717,.384,-.055,-.437,.898);es="Linear";ed="In";};["RightUpperArm"]={cf=cfr(-.009,.009,-.009,.707,-.575,-.412,.707,.573,.414,-.001,-.584,.812);es="Linear";ed="In";};["Head"]={cf=cfr(0,-.015,-.027,1,0,0,0,.498,-.867,0,.867,.498);es="Linear";ed="In";};["LeftUpperArm"]={cf=cfr(.009,.009,-.009,.707,.575,.412,-.707,.573,.414,.001,-.584,.812);es="Linear";ed="In";};["RightLowerLeg"]={cf=cfr(0,0,0,1,0,0,0,.985,.174,0,-.174,.985);es="Linear";ed="In";};["LeftLowerLeg"]={cf=cfr(0,0,0,1,0,0,0,.985,.174,0,-.174,.985);es="Linear";ed="In";};["LowerTorso"]={cf=cfr(0,-2.661,.011,1,0,0,0,.279,.96,0,-.96,.279);es="Linear";ed="In";};};{tm=1.2;["UpperTorso"]={cf=cfr(0,-.031,.003,1,0,0,0,.99,.143,0,-.143,.99);es="Linear";ed="In";};["LeftUpperLeg"]={cf=cfr(.005,.008,-.003,.819,.533,.211,-.571,.726,.383,.051,-.434,.899);es="Linear";ed="In";};["RightUpperLeg"]={cf=cfr(-.005,.008,-.003,.819,-.533,-.211,.571,.726,.383,-.051,-.434,.899);es="Linear";ed="In";};["RightUpperArm"]={cf=cfr(-.009,.009,-.009,.707,-.58,-.404,.707,.579,.406,-.001,-.573,.819);es="Linear";ed="In";};["Head"]={cf=cfr(0,-.015,-.027,1,0,0,0,.486,-.874,0,.874,.486);es="Linear";ed="In";};["LeftUpperArm"]={cf=cfr(.009,.009,-.009,.707,.58,.404,-.707,.579,.406,.001,-.573,.82);es="Linear";ed="In";};["RightLowerLeg"]={cf=cfr(0,0,0,1,0,0,0,.985,.174,0,-.174,.985);es="Linear";ed="In";};["LeftLowerLeg"]={cf=cfr(0,0,0,1,0,0,0,.985,.174,0,-.174,.985);es="Linear";ed="In";};["LowerTorso"]={cf=cfr(0,-2.639,.013,1,0,0,0,.282,.96,0,-.96,.282);es="Linear";ed="In";};};{tm=1.217;["UpperTorso"]={cf=cfr(0,-.03,.003,1,0,0,0,.988,.154,0,-.154,.988);es="Linear";ed="In";};["LeftUpperLeg"]={cf=cfr(.005,.009,-.003,.827,.522,.208,-.56,.736,.382,.046,-.432,.901);es="Linear";ed="In";};["RightUpperLeg"]={cf=cfr(-.005,.009,-.003,.827,-.522,-.208,.56,.735,.382,-.046,-.432,.901);es="Linear";ed="In";};["RightUpperArm"]={cf=cfr(-.009,.009,-.009,.707,-.585,-.397,.707,.584,.398,-.001,-.562,.827);es="Linear";ed="In";};["Head"]={cf=cfr(0,-.015,-.027,1,0,0,0,.475,-.88,0,.88,.475);es="Linear";ed="In";};["LeftUpperArm"]={cf=cfr(.009,.009,-.009,.707,.585,.397,-.707,.584,.398,.001,-.562,.827);es="Linear";ed="In";};["RightLowerLeg"]={cf=cfr(0,0,0,1,0,0,0,.985,.174,0,-.174,.985);es="Linear";ed="In";};["LeftLowerLeg"]={cf=cfr(0,