local cfr = CFrame.new

return {{tm=0;["HumanoidRootPart"]={cf=cfr(0,0,0,1,0,0,0,1,0,0,0,1);es="Linear";ed="In";};["LowerTorso"]={cf=cfr(0,.084,.001,-.391,.137,.91,.428,.902,.048,-.815,.409,-.411);es="Linear";ed="In";};["RightUpperLeg"]={cf=cfr(0,0,0,.959,.078,-.273,-.252,.678,-.69,.131,.731,.67);es="Linear";ed="In";};["LeftUpperLeg"]={cf=cfr(0,0,0,.94,-.172,-.296,.191,.981,.038,.284,-.092,.955);es="Linear";ed="In";};["UpperTorso"]={cf=cfr(0,0,-.015,.965,-.14,.221,-.12,.515,.849,-.232,-.846,.48);es="Linear";ed="In";};["RightLowerLeg"]={cf=cfr(0,0,0,.998,-.048,-.031,.007,-.43,.903,-.057,-.901,-.429);es="Linear";ed="In";};["LeftLowerLeg"]={cf=cfr(0,0,0,1,.006,-.003,-.003,.865,.501,.006,-.501,.865);es="Linear";ed="In";};["RightUpperArm"]={cf=cfr(0,0,0,.934,-.27,.234,.353,.8,-.486,-.056,.536,.842);es="Linear";ed="In";};["LeftUpperArm"]={cf=cfr(0,0,0,.537,.114,.836,-.647,.691,.322,-.541,-.714,.445);es="Linear";ed="In";};["Head"]={cf=cfr(0,0,0,.693,.389,.607,.114,.773,-.625,-.712,.502,.491);es="Linear";ed="In";};["RightFoot"]={cf=cfr(0,0,0,1,.014,.022,-.006,.937,-.35,-.026,.35,.937);es="Linear";ed="In";};["LeftFoot"]={cf=cfr(0,0,0,1,-.008,-.008,.007,.981,-.192,.01,.192,.981);es="Linear";ed="In";};["RightLowerArm"]={cf=cfr(0,0,0,.881,-.274,-.385,.243,.961,-.129,.406,.02,.914);es="Linear";ed="In";};["LeftLowerArm"]={cf=cfr(0,0,0,.92,-.114,-.375,.286,.849,.444,.268,-.515,.814);es="Linear";ed="In";};["RightHand"]={cf=cfr(0,0,0,1,0,0,0,.863,-.506,0,.506,.863);es="Linear";ed="In";};["LeftHand"]={cf=cfr(0,0,0,.902,-.226,-.368,-.001,.851,-.525,.432,.474,.767);es="Linear";ed="In";};};{tm=.042;["HumanoidRootPart"]={cf=cfr(0,0,0,1,0,0,0,1,0,0,0,1);es="Linear";ed="In";};["LowerTorso"]={cf=cfr(0,.084,.001,-.496,.156,.854,.451,.887,.101,-.741,.436,-.51);es="Linear";ed="In";};["RightUpperLeg"]={cf=cfr(0,0,0,.977,.14,-.158,-.211,.594,-.776,-.015,.792,.61);es="Linear";ed="In";};["LeftUpperLeg"]={cf=cfr(0,0,0,.939,-.133,-.318,.207,.955,.213,.275,-.266,.924);es="Linear";ed="In";};["UpperTorso"]={cf=cfr(0,0,-.015,.962,-.159,.22,-.135,.425,.895,-.236,-.891,.388);es="Linear";ed="In";};["RightLowerLeg"]={cf=cfr(0,0,0,.998,-.048,-.032,.006,-.472,.882,-.058,-.88,-.471);es="Linear";ed="In";};["LeftLowerLeg"]={cf=cfr(0,0,0,1,.004,-.003,-.003,.926,.377,.004,-.377,.926);es="Linear";ed="In";};["RightUpperArm"]={cf=cfr(0,0,0,.934,-.329,.138,.356,.834,-.422,.024,.444,.896);es="Linear";ed="In";};["LeftUpperArm"]={cf=cfr(0,0,0,.566,.083,.82,-.566,.762,.314,-.599,-.642,.479);es="Linear";ed="In";};["Head"]={cf=cfr(0,0,0,.842,.209,.498,-.026,.936,-.35,-.54,.281,.794);es="Linear";ed="In";};["RightFoot"]={cf=cfr(0,0,0,1,.014,.024,-.006,.954,-.301,-.027,.301,.953);es="Linear";ed="In";};["LeftFoot"]={cf=cfr(0,0,0,1,-.007,-.009,.005,.979,-.202,.01,.202,.979);es="Linear";ed="In";};["RightLowerArm"]={cf=cfr(0,0,0,.906,-.146,-.397,.185,.981,.061,.381,-.129,.916);es="Linear";ed="In";};["LeftLowerArm"]={cf=cfr(0,0,0,.93,-.129,-.345,.283,.85,.445,.235,-.511,.827);es="Linear";ed="In";};["RightHand"]={cf=cfr(0,0,0,1,0,0,0,.866,-.499,0,.499,.866);es="Linear";ed="In";};["LeftHand"]={cf=cfr(0,0,0,.904,-.223,-.364,.003,.855,-.519,.427,.468,.774);es="Linear";ed="In";};};{tm=.083;["HumanoidRootPart"]={cf=cfr(0,0,0,1,0,0,0,1,0,0,0,1);es="Linear";ed="In";};["LowerTorso"]={cf=cfr(0,.084,.001,-.602,.17,.781,.474,.862,.178,-.643,.477,-.599);es="Linear";ed="In";};["RightUpperLeg"]={cf=cfr(0,0,0,.981,.19,-.037,-.136,.538,-.832,-.138,.821,.554);es="Linear";ed="In";};["LeftUpperLeg"]={cf=cfr(0,0,0,.943,-.089,-.322,.208,.911,.357,.261,-.403,.877);es="Linear";ed="In";};["UpperTorso"]={cf=cfr(0,0,-.015,.96,-.175,.22,-.15,.346,.926,-.238,-.922,.306);es="Linear";ed="In";};["RightLowerLeg"]={cf=cfr(0,0,0,.998,-.048,-.031,.007,-.43,.903,-.057,-.901,-.429);es="Linear";ed="In";};["LeftLowerLeg"]={cf=cfr(0,0,0,1,.003,-.002,-.002,.966,.257,.003,-.257,.966);es="Linear";ed="In";};["RightUpperArm"]={cf=cfr(0,0,0,.916,-.396,.068,.393,.845,-.362,.085,.358,.93);es="Linear";ed="In";};["LeftUpperArm"]={cf=cfr(0,0,0,.614,.071,.786,-.465,.837,.288,-.638,-.543,.547);es="Linear";ed="In";};["Head"]={cf=cfr(0,0,0,.938,.028,.344,-.04,.999,.027,-.343,-.039,.938);es="Linear";ed="In";};["RightFoot"]={cf=cfr(0,0,0,1,.014,.025,-.007,.964,-.264,-.027,.264,.964);es="Linear";ed="In";};["LeftFoot"]={cf=cfr(0,0,0,1,-.007,-.009,.005,.978,-.206,.01,.206,.978);es="Linear";ed="In";};["RightLowerArm"]={cf=cfr(0,0,0,.922,-.05,-.383,.144,.965,.219,.359,-.257,.897);es="Linear";ed="In";};["LeftLowerArm"]={cf=cfr(0,0,0,.945,-.152,-.29,.273,.853,.445,.18,-.5,.847);es="Linear";ed="In";};["RightHand"]={cf=cfr(0,0,0,1,0,0,0,.868,-.497,0,.497,.868);es="Linear";ed="In";};["LeftHand"]={cf=cfr(0,0,0,.905,-.222,-.362,.004,.857,-.516,.425,.466,.776);es="Linear";ed="In";};};{tm=.125;["HumanoidRootPart"]={cf=cfr(0,0,0,1,0,0,0,1,0,0,0,1);es="Linear";ed="In";};["LowerTorso"]={cf=cfr(0,.084,.001,-.766,.167,.621,.466,.809,.357,-.443,.563,-.698);es="Linear";ed="In";};["RightUpperLeg"]={cf=cfr(0,0,0,.977,.211,.03,-.104,.595,-.797,-.186,.776,.603);es="Linear";ed="In";};["LeftUpperLeg"]={cf=cfr(0,0,0,.975,-.007,-.22,.098,.909,.404,.197,-.416,.888);es="Linear";ed="In";};["UpperTorso"]={cf=cfr(0,0,-.015,.957,-.184,.224,-.163,.3,.94,-.24,-.936,.257);es="Linear";ed="In";};["RightLowerLeg"]={cf=cfr(0,0,0,.999,-.048,-.023,.013,-.202,.979,-.052,-.978,-.201);es="Linear";ed="In";};["LeftLowerLeg"]={cf=cfr(0,0,0,1,.003,-.002,-.002,.979,.206,.003,-.206,.979);es="Linear";ed="In";};["RightUpperArm"]={cf=cfr(0,0,0,.888,-.459,.026,.443,.84,-.313,.122,.289,.95);es="Linear";ed="In";};["LeftUpperArm"]={cf=cfr(0,0,0,.771,.141,.622,-.262,.959,.108,-.581,-.246,.776);es="Linear";ed="In";};["Head"]={cf=cfr(0,0,0,.981,.016,.193,-.044,.989,.142,-.189,-.148,.971);es="Linear";ed="In";};["RightFoot"]={cf=cfr(0,0,0,1,.014,.025,-.008,.968,-.251,-.027,.251,.968);es="Linear";ed="In";};["LeftFoot"]={cf=cfr(0,0,0,1,-.007,-.009,.005,.979,-.206,.01,.205,.979);es="Linear";ed="In";};["RightLowerArm"]={cf=cfr(0,0,0,.932,0,-.363,.119,.945,.304,.343,-.326,.881);es="Linear";ed="In";};["LeftLowerArm"]={cf=cfr(0,0,0,.98,-.182,-.076,.197,.887,.417,-.008,-.424,.906);es="Linear";ed="In";};["RightHand"]={cf=cfr(0,0,0,1,0,0,0,.864,-.503,0,.503,.864);es="Linear";ed="In";};["LeftHand"]={cf=cfr(0,0,0,.904,-.224,-.365,.002,.854,-.52,.429,.469,.772);es="Linear";ed="In";};};{tm=.167;["HumanoidRootPart"]={cf=cfr(0,0,0,1,0,0,0,1,0,0,0,1);es="Linear";ed="In";};["LowerTorso"]={cf=cfr(0,.084,.001,-.925,.14,.353,.35,.675,.65,-.147,.725,-.673);es="Linear";ed="In";};["RightUpperLeg"]={cf=cfr(0,0,0,.979,.2,.038,-.123,.728,-.675,-.163,.656,.737);es="Linear";ed="In";};["LeftUpperLeg"]={cf=cfr(0,0,0,.995,.098,-.029,-.085,.95,.3,.057,-.296,.954);es="Linear";ed="In";};["UpperTorso"]={cf=cfr(0,0,-.015,.956,-.184,.228,-.165,.303,.939,-.241,-.935,.259);es="Linear";ed="In";};["RightLowerLeg"]={cf=cfr(0,0,0,.999,-.045,-.013,.018,.109,.994,-.043,-.993,.109);es="Linear";ed="In";};["LeftLowerLeg"]={cf=cfr(0,0,0,1,.003,-.002,-.002,.973,.231,.003,-.231,.973);es="Linear";ed="In";};["RightUpperArm"]={cf=cfr(0,0,0,.862,-.507,.006,.488,.828,-.276,.135,.241,.961);es="Linear";ed="In";};["LeftUpperArm"]={cf=cfr(0,0,0,.907,.301,.295,-.226,.938,-.262,-.355,.171,.919);es="Linear";ed="In";};["Head"]={cf=cfr(0,0,0,.997,.06,.052,-.068,.98,.187,-.04,-.19,.981);es="Linear";ed="In";};["RightFoot"]={cf=cfr(0,0,0,1,.014,.025,-.007,.966,-.258,-.027,.257,.966);es="Linear";ed="In";};["LeftFoot"]={cf=cfr(0,0,0,1,-.007,-.009,.005,.979,-.205,.01,.205,.979);es="Linear";ed="In";};["RightLowerArm"]={cf=cfr(0,0,0,.937,.011,-.35,.105,.945,.311,.334,-.328,.884);es="Linear";ed="In";};["LeftLowerArm"]={cf=cfr(0,0,0,.972,-.063,.226,-.019,.939,.343,-.234,-.338,.912);es="Linear";ed="In";};["RightHand"]={cf=cfr(0,0,0,1,0,0,0,.861,-.509,0,.509,.861);es="Linear";ed="In";};["LeftHand"]={cf=cfr(0,0,0,.902,-.226,-.368,0,.852,-.524,.432,.473,.768);es="Linear";ed="In";};};{tm=.208;["HumanoidRootPart"]={cf=cfr(0,0,0,1,0,0,0,1,0,0,0,1);es="Linear";ed="In";};["LowerTorso"]={cf=cfr(0,.084,.001,-.986,.098,.132,.16,.387,.908,.038,.917,-.397);es="Linear";ed="In";};["RightUpperLeg"]={cf=cfr(0,0,0,.983,.18,.038,-.125,.804,-.582,-.135,.567,.812);es="Linear";ed="In";};["LeftUpperLeg"]={cf=cfr(0,0,0,.985,.154,.083,-.165,.974,.155,-.057,-.167,.984);es="Linear";ed="In";};["UpperTorso"]={cf=cfr(0,0,-.015,.96,-.175,.22,-.15,.346,.926,-.238,-.922,.306);es="Linear";ed="In";};["RightLowerLeg"]={cf=cfr(0,0,0,.999,-.041,-.007,.02,.338,.941,-.036,-.94,.339);es="Linear";ed="In";};["LeftLowerLeg"]={cf=cfr(0,0,0,1,.003,-.002,-.002,.966,.257,.003,-.257,.966);es="Linear";ed="In";};["RightUpperArm"]={cf=cfr(0,0,0,.847,-.531,.001,.514,.82,-.252,.133,.214,.968);es="Linear";ed="In";};["LeftUpperArm"]={cf=cfr(0,0,0,.908,.411,.087,-.34,.841,-.421,-.246,.353,.903);es="Linear";ed="In";};["Head"]={cf=cfr(0,0,0,.996,.088,-.025,-.081,.974,.211,.043,-.208,.977);es="Linear";ed="In";};["RightFoot"]={cf=cfr(0,0,0,1,.014,.025,-.007,.964,-.264,-.027,.264,.964);es="Linear";ed="In";};["LeftFoot"]={cf=cfr(0,0,0,1,-.007,-.009,.005,.979,-.204,.01,.204,.979);es="Linear";ed="In";};["RightLowerArm"]={cf=cfr(0,0,0,.939,.002,-.343,.098,.957,.274,.329,-.291,.899);es="Linear";ed="In";};["LeftLowerArm"]={cf=cfr(0,0,0,.937,.055,.345,-.166,.939,.3,-.308,-.338,.889);es="Linear";ed="In";};["RightHand"]={cf=cfr(0,0,0,1,0,0,0,.868,-.497,0,.497,.868);es="Linear";ed="In";};["LeftHand"]={cf=cfr(0,0,0,.905,-.222,-.362,.004,.857,-.516,.425,.466,.776);es="Linear";ed="In";};};{tm=.25;["HumanoidRootPart"]={cf=cfr(0,0,0,1,0,0,0,1,0,0,0,1);es="Linear";ed="In";};["LowerTorso"]={cf=cfr(0,.084,.001,-.999,.032,.036,.033,-.103,.994,.036,.994,.101);es="Linear";ed="In";};["RightUpperLeg"]={cf=cfr(0,0,0,.986,.161,.041,-.11,.819,-.563,-.124,.551,.825);es="Linear";ed="In";};["LeftUpperLeg"]={cf=cfr(0,0,0,.983,.158,.093,-.165,.984,.067,-.081,-.081,.993);es="Linear";ed="In";};["UpperTorso"]={cf=cfr(0,0,-.015,.966,-.16,.203,-.122,.411,.903,-.228,-.897,.378);es="Linear";ed="In";};["RightLowerLeg"]={cf=cfr(0,0,0,.999,-.037,-.004,.021,.474,.88,-.031,-.879,.475);es="Linear";ed="In";};["LeftLowerLeg"]={cf=cfr(0,0,0,1,.003,-.002,-.002,.967,.253,.003,-.253,.967);es="Linear";ed="In";};["RightUpperArm"]={cf=cfr(0,0,0,.842,-.539,.001,.524,.819,-.232,.124,.196,.973);es="Linear";ed="In";};["LeftUpperArm"]={cf=cfr(0,0,0,.906,.422,.042,-.367,.829,-.421,-.213,.366,.906);es="Linear";ed="In";};["Head"]={cf=cfr(0,0,0,.995,.085,-.046,-.072,.969,.235,.065,-.231,.971);es="Linear";ed="In";};["RightFoot"]={cf=cfr(0,0,0,1,.013,.025,-.006,.965,-.264,-.027,.264,.964);es="Linear";ed="In";};["LeftFoot"]={cf=cfr(0,0,0,1,-.006,-.009,.004,.979,-.203,.01,.203,.979);es="Linear";ed="In";};["RightLowerArm"]={cf=cfr(0,0,0,.941,-.014,-.337,.094,.971,.22,.324,-.239,.915);es="Linear";ed="In";};["LeftLowerArm"]={cf=cfr(0,0,0,.932,.088,.352,-.183,.951,.248,-.313,-.295,.903);es="Linear";ed="In";};["RightHand"]={cf=cfr(0,0,0,1,0,0,0,.884,-.468,0,.468,.884);es="Linear";ed="In";};["LeftHand"]={cf=cfr(0,0,0,.914,-.213,-.347,.014,.868,-.497,.407,.449,.796);es="Linear";ed="In";};};{tm=.292;["HumanoidRootPart"]={cf=cfr(0,0,0,1,0,0,0,1,0,0,0,1);es="Linear";ed="In";};["LowerTorso"]={cf=cfr(0,.084,.001,-.999,-.052,-.004,.031,-.647,.762,-.042,.761,.648);es="Linear";ed="In";};["RightUpperLeg"]={cf=cfr(0,0,0,.989,.141,.045,-.093,.83,-.55,-.115,.54,.834);es="Linear";ed="In";};["LeftUpperLeg"]={cf=cfr(0,0,0,.984,.153,.089,-.152,.988,-.017,-.09,.003,.996);es="Linear";ed="In";};["UpperTorso"]={cf=cfr(0,0,-.015,.973,-.143,.182,-.091,.487,.869,-.213,-.862,.46);es="Linear";ed="In";};["RightLowerLeg"]={cf=cfr(0,0,0,.999,-.033,-.001,.021,.598,.801,-.026,-.801,.599);es="Linear";ed="In";};["LeftLowerLeg"]={cf=cfr(0,0,0,1,.003,-.002,-.002,.97,.244,.003,-.243,.97);es="Linear";ed="In";};["RightUpperArm"]={cf=cfr(0,0,0,.84,-.542,.004,.53,.821,-.213,.112,.181,.977);es="Linear";ed="In";};["LeftUpperArm"]={cf=cfr(0,0,0,.903,.43,.003,-.39,.823,-.413,-.18,.372,.911);es="Linear";ed="In";};["Head"]={cf=cfr(0,0,0,.995,.079,-.057,-.062,.964,.258,.076,-.254,.964);es="Linear";ed="In";};["RightFoot"]={cf=cfr(0,0,0,1,.011,.025,-.004,.965,-.264,-.027,.264,.964);es="Linear";ed="In";};["LeftFoot"]={cf=cfr(0,0,0,1,-.005,-.009,.003,.979,-.202,.01,.202,.979);es="Linear";ed="In";};["RightLowerArm"]={cf=cfr(0,0,0,.943,-.034,-.331,.09,.984,.156,.32,-.177,.931);es="Linear";ed="In";};["LeftLowerArm"]={cf=cfr(0,0,0,.928,.119,.352,-.195,.962,.19,-.317,-.245,.916);es="Linear";ed="In";};["RightHand"]={cf=cfr(0,0,0,1,0,0,0,.9,-.435,0,.435,.9);es="Linear";ed="In";};["LeftHand"]={cf=cfr(0,0,0,.922,-.202,-.329,.023,.88,-.475,.386,.43,.816);es="Linear";ed="In";};};{tm=.333;["HumanoidRootPart"]={cf=cfr(0,0,0,1,0,0,0,1,0,0,0,1);es="Linear";ed="In";};["LowerTorso"]={cf=cfr(0,.084,.001,-.992,-.126,-.014,.119,-.965,.234,-.043,.231,.972);es="Linear";ed="In";};["RightUpperLeg"]={cf=cfr(0,0,0,.992,.12,.047,-.076,.837,-.542,-.104,.534,.839);es="Linear";ed="In";};["LeftUpperLeg"]={cf=cfr(0,0,0,.987,.142,.073,-.134,.986,-.098,-.086,.087,.992);es="Linear";ed="In";};["UpperTorso"]={cf=cfr(0,0,-.015,.979,-.125,.159,-.061,.566,.822,-.193,-.815,.547);es="Linear";ed="In";};["RightLowerLeg"]={cf=cfr(0,0,0,1,-.029,.001,.02,.706,.708,-.022,-.708,.706);es="Linear";ed="In";};["LeftLowerLeg"]={cf=cfr(0,0,0,1,.003,-.002,-.002,.973,.23,.003,-.23,.973);es="Linear";ed="In";};["RightUpperArm"]={cf=cfr(0,0,0,.842,-.539,.008,.53,.826,-.192,.097,.166,.981);es="Linear";ed="In";};["LeftUpperArm"]={cf=cfr(0,0,0,.9,.434,-.031,-.409,.821,-.398,-.147,.371,.917);es="Linear";ed="In";};["Head"]={cf=cfr(0,0,0,.996,.071,-.061,-.052,.959,.28,.078,-.276,.958);es="Linear";ed="In";};["RightFoot"]={cf=cfr(0,0,0,1,.008,.025,-.001,.965,-.264,-.026,.264,.964);es="Linear";ed="In";};["LeftFoot"]={cf=cfr(0,0,0,1,-.004,-.009,.002,.98,-.201,.01,.201,.98);es="Linear";ed="In";};["RightLowerArm"]={cf=cfr(0,0,0,.945,-.055,-.322,.086,.993,.083,.315,-.106,.943);es="Linear";ed="In";};["LeftLowerArm"]={cf=cfr(0,0,0,.926,.148,.347,-.203,.971,.126,-.318,-.187,.929);es="Linear";ed="In";};["RightHand"]={cf=cfr(0,0,0,1,0,0,0,.917,-.399,0,.399,.917);es="Linear";ed="In";};["LeftHand"]={cf=cfr(0,0,0,.932,-.19,-.31,.032,.892,-.45,.362,.409,.838);es="Linear";ed="In";};};{tm=.375;["HumanoidRootPart"]={cf=cfr(0,0,0,1,0,0,0,1,0,0,0,1);es="Linear";ed="In";};["LowerTorso"]={cf=cfr(0,.084,.001,-.986,-.163,-.02,.16,-.925,-.345,.038,-.343,.938);es="Linear";ed="In";};["RightUpperLeg"]={cf=cfr(0,0,0,.994,.098,.048,-.057,.839,-.542,-.093,.536,.839);es="Linear";ed="In";};["LeftUpperLeg"]={cf=cfr(0,0,0,.991,.125,.049,-.115,.977,-.179,-.07,.171,.983);es="Linear";ed="In";};["UpperTorso"]={cf=cfr(0,0,-.015,.985,-.105,.134,-.035,.644,.764,-.167,-.757,.631);es="Linear";ed="In";};["RightLowerLeg"]={cf=cfr(0,0,0,1,-.025,.003,.018,.796,.606,-.018,-.605,.796);es="Linear";ed="In";};["LeftLowerLeg"]={cf=cfr(0,0,0,1,.003,-.002,-.002,.976,.216,.003,-.216,.976);es="Linear";ed="In";};["RightUpperArm"]={cf=cfr(0,0,0,.847,-.532,.013,.526,.833,-.172,.081,.153,.985);es="Linear";ed="In";};["LeftUpperArm"]={cf=cfr(0,0,0,.898,.435,-.061,-.424,.823,-.377,-.113,.364,.924);es="Linear";ed="In";};["Head"]={cf=cfr(0,0,0,.996,.062,-.057,-.042,.953,.3,.073,-.296,.952);es="Linear";ed="In";};["RightFoot"]={cf=cfr(0,0,0,1,.005,.025,.002,.965,-.264,-.025,.264,.964);es="Linear";ed="In";};["LeftFoot"]={cf=cfr(0,0,0,1,-.003,-.009,.001,.98,-.198,.009,.198,.98);es="Linear";ed="In";};["RightLowerArm"]={cf=cfr(0,0,0,.947,-.077,-.311,.082,.997,.003,.31,-.028,.95);es="Linear";ed="In";};["LeftLowerArm"]={cf=cfr(0,0,0,.925,.176,.336,-.207,.977,.057,-.318,-.123,.94);es="Linear";ed="In";};["RightHand"]={cf=cfr(0,0,0,1,0,0,0,.933,-.359,0,.359,.933);es="Linear";ed="In";};["LeftHand"]={cf=cfr(0,0,0,.941,-.177,-.289,.04,.905,-.423,.337,.386,.859);es="Linear";ed="In";};};{tm=.417;["HumanoidRootPart"]={cf=cfr(0,0,0,1,0,0,0,1,0,0,0,1);es="Linear";ed="In";};["LowerTorso"]={cf=cfr(0,.084,.001,-.987,-.16,-.028,.119,-.595,-.795,.11,-.787,.606);es="Linear";ed="In";};["RightUpperLeg"]={cf=cfr(0,0,0,.996,.075,.048,-.038,.84,-.541,-.081,.537,.84);es="Linear";ed="In";};["LeftUpperLeg"]={cf=cfr(0,0,0,.994,.105,.02,-.097,.961,-.258,-.046,.255,.966);es="Linear";ed="In";};["UpperTorso"]={cf=cfr(0,-.001,-.015,.99,-.085,.109,-.015,.718,.696,-.138,-.691,.71);es="Linear";ed="In";};["RightLowerLeg"]={cf=cfr(0,0,0,1,-.021,.004,.016,.867,.499,-.014,-.499,.867);es="Linear";ed="In";};["LeftLowerLeg"]={cf=cfr(0,0,0,1,.003,-.002,-.002,.979,.204,.003,-.204,.979);es="Linear";ed="In";};["RightUpperArm"]={cf=cfr(0,0,0,.854,-.52,.019,.517,.842,-.152,.063,.14,.988);es="Linear";ed="In";};["LeftUpperArm"]={cf=cfr(0,0,0,.897,.433,-.088,-.435,.829,-.351,-.079,.353,.932);es="Linear";ed="In";};["Head"]={cf=cfr(0,0,0,.997,.052,-.049,-.034,.948,.317,.063,-.314,.947);es="Linear";ed="In";};["RightFoot"]={cf=cfr(0,0,0,1,.002,.025,.005,.965,-.264,-.024,.264,.964);es="Linear";ed="In";};["LeftFoot"]={cf=cfr(0,0,0,1,-.001,-.009,0,.981,-.196,.009,.196,.981);es="Linear";ed="In";};["RightLowerArm"]={cf=cfr(0,0,0,.95,-.1,-.297,.079,.993,-.083,.303,.055,.951);es="Linear";ed="In";};["LeftLowerArm"]={cf=cfr(0,0,0,.925,.201,.321,-.207,.978,-.015,-.317,-.052,.947);es="Linear";ed="In";};["RightHand"]={cf=cfr(0,0,0,1,0,0,0,.949,-.317,0,.317,.949);es="Linear";ed="In";};["LeftHand"]={cf=cfr(0,0,0,.95,-.164,-.267,.047,.918,-.395,.31,.362,.879);es="Linear";ed="In";};};{tm=.458;["HumanoidRootPart"]={cf=cfr(0,0,0,1,0,0,0,1,0,0,0,1);es="Linear";ed="In";};["LowerTorso"]={cf=cfr(0,.084,.001,-.99,-.137,-.027,.035,-.056,-.998,.135,-.989,.06);es="Linear";ed="In";};["RightUpperLeg"]={cf=cfr(0,0,0,.998,.051,.046,-.018,.837,-.546,-.066,.544,.836);es="Linear";ed="In";};["LeftUpperLeg"]={cf=cfr(0,0,0,.996,.084,-.011,-.083,.937,-.339,-.018,.338,.941);es="Linear";ed="In";};["UpperTorso"]={cf=cfr(0,-.001,-.015,.994,-.066,.084,-.001,.782,.623,-.107,-.619,.778);es="Linear";ed="In";};["RightLowerLeg"]={cf=cfr(0,0,0,1,-.017,.004,.014,.919,.393,-.011,-.393,.92);es="Linear";ed="In";};["LeftLowerLeg"]={cf=cfr(0,0,0,1,.003,-.002,-.002,.981,.196,.003,-.196,.981);es="Linear";ed="In";};["RightUpperArm"]={cf=cfr(0,0,0,.863,-.505,.027,.504,.854,-.133,.044,.128,.991);es="Linear";ed="In";};["LeftUpperArm"]={cf=cfr(0,0,0,.896,.429,-.112,-.441,.838,-.322,-.044,.338,.94);es="Linear";ed="In";};["Head"]={cf=cfr(0,0,0,.998,.041,-.038,-.026,.944,.329,.049,-.328,.944);es="Linear";ed="In";};["RightFoot"]={cf=cfr(0,0,0,1,0,.025,.006,.965,-.264,-.024,.264,.964);es="Linear";ed="In";};["LeftFoot"]={cf=cfr(0,0,0,1,0,-.009,-.001,.981,-.194,.009,.194,.981);es="Linear";ed="In";};["RightLowerArm"]={cf=cfr(0,0,0,.952,-.122,-.281,.076,.982,-.172,.297,.142,.944);es="Linear";ed="In";};["LeftLowerArm"]={cf=cfr(0,0,0,.927,.224,.302,-.205,.974,-.091,-.315,.023,.949);es="Linear";ed="In";};["RightHand"]={cf=cfr(0,0,0,1,0,0,0,.962,-.272,0,.272,.962);es="Linear";ed="In";};["LeftHand"]={cf=cfr(0,0,0,.958,-.15,-.244,.052,.93,-.365,.282,.337,.899);es="Linear";ed="In";};};{tm=.5;["HumanoidRootPart"]={cf=cfr(0,0,0,1,0,0,0,1,0,0,0,1);es="Linear";ed="In";};["LowerTorso"]={cf=cfr(0,.084,.001,-.995,-.101,-.021,-.032,.5,-.865,.098,-.86,-.501);es="Linear";ed="In";};["RightUpperLeg"]={cf=cfr(0,0,0,.999,.026,.042,.002,.831,-.556,-.049,.555,.83);es="Linear";ed="In";};["LeftUpperLeg"]={cf=cfr(0,0,0,.997,.064,-.041,-.075,.905,-.419,.01,.421,.907);es="Linear";ed="In";};["UpperTorso"]={cf=cfr(0,0,-.015,.997,-.047,.06,.006,.836,.549,-.075,-.547,.834);es="Linear";ed="In";};["RightLowerLeg"]={cf=cfr(0,0,0,1,-.014,.004,.012,.956,.293,-.008,-.293,.956);es="Linear";ed="In";};["LeftLowerLeg"]={cf=cfr(0,0,0,1,.003,-.002,-.002,.981,.194,.003,-.194,.981);es="Linear";ed="In";};["RightUpperArm"]={cf=cfr(0,0,0,.873,-.486,.037,.487,.866,-.114,.024,.117,.993);es="Linear";ed="In";};["LeftUpperArm"]={cf=cfr(0,0,0,.897,.422,-.133,-.442,.849,-.29,-.01,.319,.948);es="Linear";ed="In";};["Head"]={cf=cfr(0,0,0,.999,.03,-.026,-.019,.941,.337,.034,-.336,.941);es="Linear";ed="In";};["RightFoot"]={cf=cfr(0,0,0,1,0,.025,.007,.965,-.264,-.024,.264,.964);es="Linear";ed="In";};["LeftFoot"]={cf=cfr(0,0,0,1,0,-.009,-.001,.981,-.194,.009,.194,.981);es="Linear";ed="In";};["RightLowerArm"]={cf=cfr(0,0,0,.954,-.144,-.262,.074,.962,-.262,.29,.231,.929);es="Linear";ed="In";};["LeftLowerArm"]={cf=cfr(0,0,0,.929,.243,.28,-.202,.965,-.169,-.311,.101,.945);es="Linear";ed="In";};["RightHand"]={cf=cfr(0,0,0,1,0,0,0,.974,-.227,0,.227,.974);es="Linear";ed="In";};["LeftHand"]={cf=cfr(0,0,0,.966,-.135,-.22,.056,.941,-.334,.252,.311,.916);es="Linear";ed="In";};};{tm=.542;["HumanoidRootPart"]={cf=cfr(0,0,0,1,0,0,0,1,0,0,0,1);es="Linear";ed="In";};["LowerTorso"]={cf=cfr(0,.084,.001,-.998,-.061,-.013,-.048,.876,-.479,.041,-.478,-.877);es="Linear";ed="In";};["RightUpperLeg"]={cf=cfr(0,0,0,.999,-.001,.036,.021,.822,-.568,-.029,.569,.822);es="Linear";ed="In";};["LeftUpperLeg"]={cf=cfr(0,0,0,.997,.045,-.066,-.072,.863,-.499,.034,.502,.864);es="Linear";ed="In";};["UpperTorso"]={cf=cfr(0,0,-.015,.999,-.029,.037,.007,.878,.479,-.046,-.479,.877);es="Linear";ed="In";};["RightLowerLeg"]={cf=cfr(0,0,0,1,-.011,.004,.01,.979,.203,-.006,-.203,.979);es="Linear";ed="In";};["LeftLowerLeg"]={cf=cfr(0,0,0,1,.003,-.002,-.002,.979,.202,.003,-.202,.979);es="Linear";ed="In";};["RightUpperArm"]={cf=cfr(0,0,0,.884,-.465,.048,.467,.879,-.097,.002,.108,.994);es="Linear";ed="In";};["LeftUpperArm"]={cf=cfr(0,0,0,.898,.414,-.152,-.44,.861,-.256,.025,.297,.955);es="Linear";ed="In";};["Head"]={cf=cfr(0,0,0,1,.019,-.014,-.013,.941,.338,.02,-.338,.941);es="Linear";ed="In";};["RightFoot"]={cf=cfr(0,0,0,1,.002,.025,.005,.965,-.264,-.024,.264,.964);es="Linear";ed="In";};["LeftFoot"]={cf=cfr(0,0,0,1,-.001,-.009,-.001,.981,-.195,.009,.195,.981);es="Linear";ed="In";};["RightLowerArm"]={cf=cfr(0,0,0,.957,-.165,-.24,.073,.933,-.352,.282,.319,.905);es="Linear";ed="In";};["LeftLowerArm"]={cf=cfr(0,0,0,.932,.26,.255,-.197,.949,-.247,-.306,.18,.935);es="Linear";ed="In";};["RightHand"]={cf=cfr(0,0,0,1,0,0,0,.984,-.18,0,.18,.984);es="Linear";ed="In";};["LeftHand"]={cf=cfr(0,0,0,.973,-.12,-.196,.057,.951,-.303,.223,.284,.933);es="Linear";ed="In";};};{tm=.583;["HumanoidRootPart"]={cf=cfr(0,0,0,1,0,0,0,1,0,0,0,1);es="Linear";ed="In";};["LowerTorso"]={cf=cfr(0,.084,.001,-1,-.025,-.005,-.025,.999,-.025,.005,-.024,-1);es="Linear";ed="In";};["RightUpperLeg"]={cf=cfr(0,0,0,.999,-.028,.027,.039,.811,-.584,-.006,.585,.811);es="Linear";ed="In";};["LeftUpperLeg"]={cf=cfr(0,0,0,.996,.031,-.083,-.074,.813,-.578,.05,.582,.812);es="Linear";ed="In";};["UpperTorso"]={cf=cfr(0,0,-.015,1,-.013,.017,.005,.907,.42,-.021,-.42,.907);es="Linear";ed="In";};["RightLowerLeg"]={cf=cfr(0,0,0,1,-.008,.003,.008,.992,.126,-.004,-.126,.992);es="Linear";ed="In";};["LeftLowerLeg"]={cf=cfr(0,0,0,1,.003,-.002,-.002,.975,.223,.003,-.223,.975);es="Linear";ed="In";};["RightUpperArm"]={cf=cfr(0,0,0,.895,-.441,.062,.445,.892,-.081,-.02,.1,.995);es="Linear";ed="In";};["LeftUpperArm"]={cf=cfr(0,0,0,.9,.403,-.168,-.433,.874,-.221,.058,.272,.961);es="Linear";ed="In";};["Head"]={cf=cfr(0,0,0,1,.009,-.005,-.007,.943,.333,.008,-.333,.943);es="Linear";ed="In";};["RightFoot"]={cf=cfr(0,0,0,1,.006,.025,0,.965,-.264,-.026,.264,.964);es="Linear";ed="In";};["LeftFoot"]={cf=cfr(0,0,0,1,-.003,-.009,.001,.98,-.199,.009,.199,.98);es="Linear";ed="In";};["RightLowerArm"]={cf=cfr(0,0,0,.959,-.185,-.217,.073,.896,-.438,.275,.404,.872);es="Linear";ed="In";};["LeftLowerArm"]={cf=cfr(0,0,0,.935,.272,.228,-.191,.927,-.324,-.299,.26,.918);es="Linear";ed="In";};["RightHand"]={cf=cfr(0,0,0,1,0,0,0,.991,-.134,0,.134,.991);es="Linear";ed="In";};["LeftHand"]={cf=cfr(0,0,0,.979,-.106,-.172,.056,.961,-.272,.194,.257,.947);es="Linear";ed="In";};};{tm=.625;["HumanoidRootPart"]={cf=cfr(0,0,0,1,0,0,0,1,0,0,0,1);es="Linear";ed="In";};["LowerTorso"]={cf=cfr(0,.084,.001,-1,0,0,0,.939,.343,0,.343,-.939);es="Linear";ed="In";};["RightUpperLeg"]={cf=cfr(0,0,0,.998,-.057,.016,.055,.796,-.602,.021,.602,.798);es="Linear";ed="In";};["LeftUpperLeg"]={cf=cfr(0,0,0,.996,.023,-.089,-.076,.751,-.655,.052,.659,.75);es="Linear";ed="In";};["UpperTorso"]={cf=cfr(0,0,-.015,1,0,0,0,.927,.376,0,-.376,.927);es="Linear";ed="In";};["RightLowerLeg"]={cf=cfr(0,0,0,1,-.007,.003,.006,.998,.066,-.003,-.066,.998);es="Linear";ed="In";};["LeftLowerLeg"]={cf=cfr(0,0,0,1,.003,-.002,-.002,.966,.257,.003,-.257,.966);es="Linear";ed="In";};["RightUpperArm"]={cf=cfr(0,0,0,.906,-.416,.079,.421,.905,-.068,-.043,.094,.995);es="Linear";ed="In";};["LeftUpperArm"]={cf=cfr(0,0,0,.902,.392,-.183,-.423,.887,-.186,.089,.245,.965);es="Linear";ed="In";};["Head"]={cf=cfr(0,0,0,1,0,0,0,.948,.319,0,-.319,.948);es="Linear";ed="In";};["RightFoot"]={cf=cfr(0,0,0,1,.014,.025,-.007,.965,-.264,-.027,.264,.964);es="Linear";ed="In";};["LeftFoot"]={cf=cfr(0,0,0,1,-.007,-.009,.005,.978,-.206,.01,.206,.978);es="Linear";ed="In";};["RightLowerArm"]={cf=cfr(0,0,0,.96,-.202,-.192,.075,.851,-.52,.268,.485,.832);es="Linear";ed="In";};["LeftLowerArm"]={cf=cfr(0,0,0,.939,.281,.2,-.185,.899,-.398,-.291,.337,.895);es="Linear";ed="In";};["RightHand"]={cf=cfr(0,0,0,1,0,0,0,.996,-.088,0,.088,.996);es="Linear";ed="In";};["LeftHand"]={cf=cfr(0,0,0,.985,-.091,-.148,.053,.969,-.242,.165,.231,.959);es="Linear";ed="In";};};}