local cfr = CFrame.new

return {{tm=0;["RootNode"]={cf=cfr(0,0,0,-1,0,0,0,1,0,0,0,-1);es="Linear";ed="In";};["root"]={cf=cfr(0,2.397,0,0,0,1,0,1,0,-1,0,0);es="Linear";ed="In";};["000-offset"]={cf=cfr(0,0,0,-.015,1,0,-1,-.015,0,0,0,1);es="Linear";ed="In";};["004-offset.001"]={cf=cfr(0,0,0,-.015,-1,0,1,-.015,0,0,0,1);es="Linear";ed="In";};["006-offset"]={cf=cfr(0,0,0,-.015,-1,0,1,-.015,0,0,0,1);es="Linear";ed="In";};["000-offset.009"]={cf=cfr(0,0,0,-.829,.316,.462,-.276,-.949,.152,.486,-.001,.874);es="Linear";ed="In";};["000-offset.012"]={cf=cfr(0,0,0,-.274,-.897,-.348,.948,-.312,.058,-.161,-.315,.936);es="Linear";ed="In";};["000-offset.001"]={cf=cfr(0,0,0,1,-.01,.016,.006,.972,.237,-.018,-.237,.971);es="Linear";ed="In";};["000-offset.010"]={cf=cfr(0,0,0,-.298,.955,0,-.955,-.298,0,0,0,1);es="Linear";ed="In";};["000-offset.013"]={cf=cfr(0,0,0,.856,.517,0,-.517,.856,0,0,0,1);es="Linear";ed="In";};["004-offset"]={cf=cfr(0,0,0,.035,-.999,0,.999,.035,0,0,0,1);es="Linear";ed="In";};["002-offset"]={cf=cfr(0,0,0,.035,-.999,0,.999,.035,0,0,0,1);es="Linear";ed="In";};["000-offset.002"]={cf=cfr(0,0,0,.786,.617,-.047,-.61,.76,-.224,-.103,.205,.973);es="Linear";ed="In";};["000-offset.011"]={cf=cfr(0,0,0,.711,-.703,0,.703,.711,0,0,0,1);es="Linear";ed="In";};["000-offset.014"]={cf=cfr(0,0,0,.784,-.62,-.005,.62,.784,-.019,.016,.012,1);es="Linear";ed="In";};["000-offset.006"]={cf=cfr(0,0,0,-.089,-.36,-.929,-.322,-.872,.369,-.943,.332,-.038);es="Linear";ed="In";};["000-offset.003"]={cf=cfr(0,0,0,-.263,-.915,.306,.034,-.325,-.945,.964,-.238,.117);es="Linear";ed="In";};["000-offset.007"]={cf=cfr(0,0,0,.937,-.35,0,.35,.937,0,0,0,1);es="Linear";ed="In";};["000-offset.004"]={cf=cfr(0,0,0,.623,-.782,0,.782,.623,0,0,0,1);es="Linear";ed="In";};["000-offset.008"]={cf=cfr(0,0,0,.966,-.26,0,.26,.966,0,0,0,1);es="Linear";ed="In";};["000-offset.005"]={cf=cfr(0,0,0,.888,-.438,-.143,.432,.899,-.07,.159,0,.987);es="Linear";ed="In";};};{tm=.042;["RootNode"]={cf=cfr(0,0,0,-1,0,0,0,1,0,0,0,-1);es="Linear";ed="In";};["root"]={cf=cfr(0,2.397,0,0,0,1,0,1,0,-1,0,0);es="Linear";ed="In";};["000-offset"]={cf=cfr(0,0,0,-.015,1,0,-1,-.015,0,0,0,1);es="Linear";ed="In";};["004-offset.001"]={cf=cfr(0,0,0,-.015,-1,0,1,-.015,0,0,0,1);es="Linear";ed="In";};["006-offset"]={cf=cfr(0,0,0,-.015,-1,0,1,-.015,0,0,0,1);es="Linear";ed="In";};["000-offset.009"]={cf=cfr(0,0,0,-.829,.316,.462,-.276,-.949,.152,.486,-.001,.874);es="Linear";ed="In";};["000-offset.012"]={cf=cfr(0,0,0,-.274,-.897,-.348,.948,-.312,.058,-.161,-.315,.936);es="Linear";ed="In";};["000-offset.001"]={cf=cfr(0,0,0,1,-.01,.016,.006,.972,.237,-.018,-.237,.971);es="Linear";ed="In";};["000-offset.010"]={cf=cfr(0,0,0,-.298,.955,0,-.955,-.298,0,0,0,1);es="Linear";ed="In";};["000-offset.013"]={cf=cfr(0,0,0,.856,.517,0,-.517,.856,0,0,0,1);es="Linear";ed="In";};["004-offset"]={cf=cfr(0,0,0,.035,-.999,0,.999,.035,0,0,0,1);es="Linear";ed="In";};["002-offset"]={cf=cfr(0,0,0,.035,-.999,0,.999,.035,0,0,0,1);es="Linear";ed="In";};["000-offset.002"]={cf=cfr(0,0,0,.786,.617,-.047,-.61,.76,-.224,-.103,.205,.973);es="Linear";ed="In";};["000-offset.011"]={cf=cfr(0,0,0,.711,-.703,0,.703,.711,0,0,0,1);es="Linear";ed="In";};["000-offset.014"]={cf=cfr(0,0,0,.784,-.62,-.005,.62,.784,-.019,.016,.012,1);es="Linear";ed="In";};["000-offset.006"]={cf=cfr(0,0,0,-.089,-.36,-.929,-.322,-.872,.369,-.943,.332,-.038);es="Linear";ed="In";};["000-offset.003"]={cf=cfr(0,0,0,-.263,-.915,.306,.034,-.325,-.945,.964,-.238,.117);es="Linear";ed="In";};["000-offset.007"]={cf=cfr(0,0,0,.937,-.35,0,.35,.937,0,0,0,1);es="Linear";ed="In";};["000-offset.004"]={cf=cfr(0,0,0,.623,-.782,0,.782,.623,0,0,0,1);es="Linear";ed="In";};["000-offset.008"]={cf=cfr(0,0,0,.966,-.26,0,.26,.966,0,0,0,1);es="Linear";ed="In";};["000-offset.005"]={cf=cfr(0,0,0,.888,-.438,-.143,.432,.899,-.07,.159,0,.987);es="Linear";ed="In";};};}