local cfr = CFrame.new

return {{tm=0;["RootNode"]={cf=cfr(0,0,0,-1,0,0,0,1,0,0,0,-1);es="Linear";ed="In";};["root"]={cf=cfr(0,2.397,0,0,0,1,0,1,0,-1,0,0);es="Linear";ed="In";};["000-offset"]={cf=cfr(0,0,0,-.015,1,0,-1,-.015,0,0,0,1);es="Linear";ed="In";};["004-offset.001"]={cf=cfr(0,0,0,-.015,-1,0,1,-.015,0,0,0,1);es="Linear";ed="In";};["006-offset"]={cf=cfr(0,0,0,-.015,-1,0,1,-.015,0,0,0,1);es="Linear";ed="In";};["000-offset.009"]={cf=cfr(0,0,0,-.829,.316,.462,-.276,-.949,.152,.486,-.001,.874);es="Linear";ed="In";};["000-offset.012"]={cf=cfr(0,0,0,-.274,-.897,-.348,.948,-.312,.058,-.161,-.315,.936);es="Linear";ed="In";};["000-offset.001"]={cf=cfr(0,0,0,1,-.01,.016,.006,.972,.237,-.018,-.237,.971);es="Linear";ed="In";};["000-offset.010"]={cf=cfr(0,0,0,-.298,.955,0,-.955,-.298,0,0,0,1);es="Linear";ed="In";};["000-offset.013"]={cf=cfr(0,0,0,.856,.517,0,-.517,.856,0,0,0,1);es="Linear";ed="In";};["004-offset"]={cf=cfr(0,0,0,.035,-.999,0,.999,.035,0,0,0,1);es="Linear";ed="In";};["002-offset"]={cf=cfr(0,0,0,.035,-.999,0,.999,.035,0,0,0,1);es="Linear";ed="In";};["000-offset.002"]={cf=cfr(0,0,0,.786,.617,-.047,-.61,.76,-.224,-.103,.205,.973);es="Linear";ed="In";};["000-offset.011"]={cf=cfr(0,0,0,.711,-.703,0,.703,.711,0,0,0,1);es="Linear";ed="In";};["000-offset.014"]={cf=cfr(0,0,0,.784,-.62,-.005,.62,.784,-.019,.016,.012,1);es="Linear";ed="In";};["000-offset.006"]={cf=cfr(0,0,0,-.089,-.36,-.929,-.322,-.872,.369,-.943,.332,-.038);es="Linear";ed="In";};["000-offset.003"]={cf=cfr(0,0,0,-.263,-.915,.306,.034,-.325,-.945,.964,-.238,.117);es="Linear";ed="In";};["000-offset.007"]={cf=cfr(0,0,0,.937,-.35,0,.35,.937,0,0,0,1);es="Linear";ed="In";};["000-offset.004"]={cf=cfr(0,0,0,.623,-.782,0,.782,.623,0,0,0,1);es="Linear";ed="In";};["000-offset.008"]={cf=cfr(0,0,0,.966,-.26,0,.26,.966,0,0,0,1);es="Linear";ed="In";};["000-offset.005"]={cf=cfr(0,0,0,.888,-.438,-.143,.432,.899,-.07,.159,0,.987);es="Linear";ed="In";};};{tm=.042;["000-offset.009"]={cf=cfr(0,0,0,-.826,.322,.462,-.283,-.947,.154,.487,-.004,.874);es="Linear";ed="In";};["000-offset.012"]={cf=cfr(0,0,0,-.243,-.905,-.349,.958,-.281,.06,-.152,-.32,.935);es="Linear";ed="In";};["000-offset.001"]={cf=cfr(0,0,0,1,-.001,.014,-.002,.972,.233,-.014,-.233,.972);es="Linear";ed="In";};["000-offset.013"]={cf=cfr(0,0,0,.871,.492,0,-.492,.871,0,0,0,1);es="Linear";ed="In";};["000-offset.002"]={cf=cfr(0,0,0,.798,.601,-.04,-.594,.773,-.223,-.103,.201,.974);es="Linear";ed="In";};["000-offset.011"]={cf=cfr(0,0,0,.705,-.709,-.001,.709,.705,0,.001,0,1);es="Linear";ed="In";};["000-offset.014"]={cf=cfr(0,0,0,.801,-.599,-.004,.599,.801,-.022,.016,.016,1);es="Linear";ed="In";};["000-offset.003"]={cf=cfr(0,0,0,-.275,-.917,.291,.015,-.306,-.952,.961,-.257,.098);es="Linear";ed="In";};["000-offset.006"]={cf=cfr(0,0,0,-.07,-.395,-.916,-.337,-.855,.395,-.939,.337,-.073);es="Linear";ed="In";};["000-offset.004"]={cf=cfr(0,0,0,.619,-.785,0,.785,.619,0,0,0,1);es="Linear";ed="In";};["000-offset.007"]={cf=cfr(0,0,0,.932,-.364,0,.364,.932,0,0,0,1);es="Linear";ed="In";};};{tm=.083;["000-offset.009"]={cf=cfr(0,0,0,-.821,.337,.462,-.298,-.942,.157,.488,-.009,.873);es="Linear";ed="In";};["000-offset.012"]={cf=cfr(0,0,0,-.169,-.921,-.351,.977,-.204,.065,-.131,-.332,.934);es="Linear";ed="In";};["000-offset.001"]={cf=cfr(0,0,0,1,.024,.006,-.025,.974,.224,0,-.224,.975);es="Linear";ed="In";};["000-offset.013"]={cf=cfr(0,0,0,.902,.432,0,-.432,.902,0,0,0,1);es="Linear";ed="In";};["000-offset.002"]={cf=cfr(0,0,0,.831,.557,-.02,-.547,.809,-.217,-.105,.191,.976);es="Linear";ed="In";};["000-offset.011"]={cf=cfr(0,0,0,.685,-.728,-.003,.728,.685,0,.002,-.002,1);es="Linear";ed="In";};["000-offset.014"]={cf=cfr(0,0,0,.836,-.549,-.002,.549,.836,-.03,.018,.024,1);es="Linear";ed="In";};["000-offset.003"]={cf=cfr(0,0,0,-.297,-.921,.252,-.045,-.25,-.967,.954,-.299,.033);es="Linear";ed="In";};["000-offset.006"]={cf=cfr(0,0,0,-.01,-.492,-.871,-.373,-.806,.46,-.928,.329,-.176);es="Linear";ed="In";};["000-offset.004"]={cf=cfr(0,0,0,.607,-.794,0,.794,.607,0,0,0,1);es="Linear";ed="In";};["000-offset.007"]={cf=cfr(0,0,0,.916,-.4,0,.4,.916,0,0,0,1);es="Linear";ed="In";};};{tm=.125;["000-offset.009"]={cf=cfr(0,0,0,-.814,.351,.462,-.312,-.936,.16,.489,-.014,.872);es="Linear";ed="In";};["000-offset.012"]={cf=cfr(0,0,0,-.077,-.931,-.356,.991,-.11,.074,-.108,-.347,.932);es="Linear";ed="In";};["000-offset.001"]={cf=cfr(0,0,0,.998,.062,-.006,-.059,.976,.211,.019,-.21,.977);es="Linear";ed="In";};["000-offset.013"]={cf=cfr(0,0,0,.932,.363,0,-.363,.932,0,0,0,1);es="Linear";ed="In";};["000-offset.002"]={cf=cfr(0,0,0,.873,.487,.009,-.475,.856,-.205,-.108,.175,.979);es="Linear";ed="In";};["000-offset.011"]={cf=cfr(0,0,0,.651,-.759,-.004,.759,.651,-.001,.003,-.003,1);es="Linear";ed="In";};["000-offset.014"]={cf=cfr(0,0,0,.87,-.494,-.001,.493,.869,-.037,.019,.032,.999);es="Linear";ed="In";};["000-offset.003"]={cf=cfr(0,0,0,-.304,-.932,.199,-.151,-.159,-.976,.941,-.327,-.092);es="Linear";ed="In";};["000-offset.006"]={cf=cfr(0,0,0,.099,-.627,-.773,-.404,-.735,.545,-.91,.258,-.326);es="Linear";ed="In";};["000-offset.004"]={cf=cfr(0,0,0,.59,-.808,0,.808,.59,0,0,0,1);es="Linear";ed="In";};["000-offset.007"]={cf=cfr(0,0,0,.891,-.454,0,.454,.891,0,0,0,1);es="Linear";ed="In";};};{tm=.167;["000-offset.009"]={cf=cfr(0,0,0,-.812,.357,.462,-.319,-.934,.162,.489,-.016,.872);es="Linear";ed="In";};["000-offset.012"]={cf=cfr(0,0,0,.005,-.932,-.362,.996,-.028,.087,-.091,-.361,.928);es="Linear";ed="In";};["000-offset.001"]={cf=cfr(0,0,0,.994,.109,-.023,-.102,.975,.196,.044,-.193,.98);es="Linear";ed="In";};["000-offset.013"]={cf=cfr(0,0,0,.949,.315,0,-.315,.949,0,0,0,1);es="Linear";ed="In";};["000-offset.002"]={cf=cfr(0,0,0,.917,.397,.041,-.383,.905,-.186,-.111,.155,.982);es="Linear";ed="In";};["000-offset.011"]={cf=cfr(0,0,0,.6,-.8,-.005,.8,.6,-.001,.004,-.003,1);es="Linear";ed="In";};["000-offset.014"]={cf=cfr(0,0,0,.888,-.46,-.001,.459,.887,-.04,.02,.035,.999);es="Linear";ed="In";};["000-offset.003"]={cf=cfr(0,0,0,-.256,-.958,.127,-.29,-.049,-.956,.922,-.281,-.266);es="Linear";ed="In";};["000-offset.006"]={cf=cfr(0,0,0,.252,-.753,-.607,-.392,-.653,.648,-.885,.075,-.46);es="Linear";ed="In";};["000-offset.004"]={cf=cfr(0,0,0,.567,-.824,0,.824,.567,0,0,0,1);es="Linear";ed="In";};["000-offset.007"]={cf=cfr(0,0,0,.854,-.52,0,.52,.854,0,0,0,1);es="Linear";ed="In";};};{tm=.208;["000-offset.009"]={cf=cfr(0,0,0,-.815,.348,.462,-.31,-.937,.16,.489,-.013,.872);es="Linear";ed="In";};["000-offset.012"]={cf=cfr(0,0,0,.048,-.93,-.365,.995,.012,.102,-.09,-.368,.926);es="Linear";ed="In";};["000-offset.001"]={cf=cfr(0,0,0,.986,.161,-.044,-.151,.972,.182,.072,-.173,.982);es="Linear";ed="In";};["000-offset.013"]={cf=cfr(0,0,0,.948,.319,0,-.319,.948,0,0,0,1);es="Linear";ed="In";};["000-offset.002"]={cf=cfr(0,0,0,.954,.293,.072,-.279,.947,-.158,-.114,.131,.985);es="Linear";ed="In";};["000-offset.011"]={cf=cfr(0,0,0,.529,-.848,-.004,.848,.529,-.001,.003,-.003,1);es="Linear";ed="In";};["000-offset.014"]={cf=cfr(0,0,0,.88,-.475,-.002,.475,.879,-.036,.019,.031,.999);es="Linear";ed="In";};["000-offset.003"]={cf=cfr(0,0,0,-.121,-.993,.013,-.423,.04,-.905,.898,-.115,-.425);es="Linear";ed="In";};["000-offset.006"]={cf=cfr(0,0,0,.419,-.814,-.402,-.306,-.544,.782,-.855,-.205,-.477);es="Linear";ed="In";};["000-offset.004"]={cf=cfr(0,0,0,.54,-.842,0,.842,.54,0,0,0,1);es="Linear";ed="In";};["000-offset.007"]={cf=cfr(0,0,0,.807,-.59,0,.59,.807,0,0,0,1);es="Linear";ed="In";};};{tm=.25;["000-offset"]={cf=cfr(0,0,0,-.015,1,0,-1,-.015,0,0,0,1);es="Linear";ed="In";};["004-offset.001"]={cf=cfr(0,0,0,-.015,-1,0,1,-.015,0,0,0,1);es="Linear";ed="In";};["000-offset.009"]={cf=cfr(0,0,0,-.829,.316,.462,-.276,-.949,.152,.486,-.001,.874);es="Linear";ed="In";};["000-offset.012"]={cf=cfr(0,0,0,.024,-.931,-.364,.993,-.019,.115,-.114,-.364,.924);es="Linear";ed="In";};["000-offset.001"]={cf=cfr(0,0,0,.974,.215,-.067,-.201,.965,.169,.101,-.151,.983);es="Linear";ed="In";};["000-offset.010"]={cf=cfr(0,0,0,-.298,.955,0,-.955,-.298,0,0,0,1);es="Linear";ed="In";};["000-offset.013"]={cf=cfr(0,0,0,.916,.402,0,-.402,.916,0,0,0,1);es="Linear";ed="In";};["000-offset.002"]={cf=cfr(0,0,0,.978,.183,.097,-.17,.978,-.124,-.118,.105,.987);es="Linear";ed="In";};["000-offset.011"]={cf=cfr(0,0,0,.436,-.9,0,.9,.436,0,0,0,1);es="Linear";ed="In";};["000-offset.014"]={cf=cfr(0,0,0,.826,-.564,-.005,.564,.826,-.019,.015,.013,1);es="Linear";ed="In";};["000-offset.003"]={cf=cfr(0,0,0,.093,-.984,-.15,-.486,.087,-.87,.869,.154,-.47);es="Linear";ed="In";};["000-offset.006"]={cf=cfr(0,0,0,.553,-.8,-.231,-.14,-.362,.922,-.821,-.478,-.312);es="Linear";ed="In";};["000-offset.004"]={cf=cfr(0,0,0,.511,-.859,0,.859,.511,0,0,0,1);es="Linear";ed="In";};["000-offset.007"]={cf=cfr(0,0,0,.752,-.659,0,.659,.752,0,0,0,1);es="Linear";ed="In";};};{tm=.292;["000-offset"]={cf=cfr(0,0,0,-.075,.997,0,-.997,-.075,0,0,0,1);es="Linear";ed="In";};["004-offset.001"]={cf=cfr(0,0,0,-.012,-1,0,1,-.012,0,0,0,1);es="Linear";ed="In";};["000-offset.009"]={cf=cfr(0,0,0,-.857,.233,.46,-.192,-.972,.135,.479,.028,.877);es="Linear";ed="In";};["000-offset.012"]={cf=cfr(0,0,0,-.124,-.922,-.366,.975,-.183,.129,-.186,-.341,.921);es="Linear";ed="In";};["000-offset.001"]={cf=cfr(0,0,0,.959,.267,-.092,-.251,.955,.159,.131,-.13,.983);es="Linear";ed="In";};["000-offset.010"]={cf=cfr(0,0,0,-.292,.956,0,-.956,-.292,0,0,0,1);es="Linear";ed="In";};["000-offset.013"]={cf=cfr(0,0,0,.783,.623,0,-.623,.783,0,0,0,1);es="Linear";ed="In";};["000-offset.002"]={cf=cfr(0,0,0,.99,.078,.115,-.068,.994,-.086,-.121,.078,.99);es="Linear";ed="In";};["000-offset.011"]={cf=cfr(0,0,0,.287,-.958,.012,.958,.288,.006,-.009,.01,1);es="Linear";ed="In";};["000-offset.014"]={cf=cfr(0,0,0,.637,-.77,-.028,.77,.637,.016,.006,-.031,.999);es="Linear";ed="In";};["000-offset.003"]={cf=cfr(0,0,0,.335,-.893,-.3,-.432,.137,-.891,.837,.429,-.34);es="Linear";ed="In";};["000-offset.006"]={cf=cfr(0,0,0,.613,-.779,-.133,.076,-.109,.991,-.787,-.617,-.008);es="Linear";ed="In";};["000-offset.004"]={cf=cfr(0,0,0,.482,-.876,0,.876,.482,0,0,0,1);es="Linear";ed="In";};["000-offset.007"]={cf=cfr(0,0,0,.691,-.723,0,.723,.691,0,0,0,1);es="Linear";ed="In";};};{tm=.333;["000-offset"]={cf=cfr(0,0,0,-.14,.99,0,-.99,-.14,0,0,0,1);es="Linear";ed="In";};["004-offset.001"]={cf=cfr(0,0,0,-.005,-1,0,1,-.005,0,0,0,1);es="Linear";ed="In";};["000-offset.009"]={cf=cfr(0,0,0,-.882,.099,.46,-.053,-.992,.111,.468,.073,.881);es="Linear";ed="In";};["000-offset.012"]={cf=cfr(0,0,0,-.365,-.842,-.397,.881,-.451,.145,-.301,-.297,.906);es="Linear";ed="In";};["000-offset.001"]={cf=cfr(0,0,0,.942,.315,-.117,-.296,.943,.153,.159,-.109,.981);es="Linear";ed="In";};["000-offset.010"]={cf=cfr(0,0,0,-.282,.959,0,-.959,-.282,0,0,0,1);es="Linear";ed="In";};["000-offset.013"]={cf=cfr(0,0,0,.462,.887,0,-.887,.462,0,0,0,1);es="Linear";ed="In";};["000-offset.002"]={cf=cfr(0,0,0,.992,-.011,.124,.017,.999,-.049,-.123,.051,.991);es="Linear";ed="In";};["000-offset.011"]={cf=cfr(0,0,0,.072,-.997,.028,.997,.073,.023,-.025,.026,.999);es="Linear";ed="In";};["000-offset.014"]={cf=cfr(0,0,0,.242,-.966,-.096,.97,.24,.033,-.009,-.102,.995);es="Linear";ed="In";};["000-offset.003"]={cf=cfr(0,0,0,.532,-.766,-.361,-.267,.253,-.93,.804,.591,-.07);es="Linear";ed="In";};["000-offset.006"]={cf=cfr(0,0,0,.588,-.806,-.066,.29,.133,.948,-.755,-.576,.312);es="Linear";ed="In";};["000-offset.004"]={cf=cfr(0,0,0,.453,-.891,0,.891,.453,0,0,0,1);es="Linear";ed="In";};["000-offset.007"]={cf=cfr(0,0,0,.629,-.777,0,.777,.629,0,0,0,1);es="Linear";ed="In";};};{tm=.375;["root"]={cf=cfr(0,2.397,0,0,0,1,0,1,0,-1,0,0);es="Linear";ed="In";};["000-offset"]={cf=cfr(0,0,0,-.192,.981,0,-.981,-.192,0,0,0,1);es="Linear";ed="In";};["004-offset.001"]={cf=cfr(0,0,0,-.004,-1,0,1,-.004,0,0,0,1);es="Linear";ed="In";};["000-offset.009"]={cf=cfr(0,0,0,-.884,-.051,.465,.103,-.991,.087,.456,.125,.881);es="Linear";ed="In";};["000-offset.012"]={cf=cfr(0,0,0,-.581,-.666,-.469,.695,-.705,.141,-.425,-.244,.872);es="Linear";ed="In";};["000-offset.001"]={cf=cfr(0,0,0,.924,.356,-.14,-.335,.93,.15,.183,-.091,.979);es="Linear";ed="In";};["000-offset.010"]={cf=cfr(0,0,0,-.279,.96,0,-.96,-.279,0,0,0,1);es="Linear";ed="In";};["000-offset.013"]={cf=cfr(0,0,0,.013,1,0,-1,.013,0,0,0,1);es="Linear";ed="In";};["000-offset.002"]={cf=cfr(0,0,0,.989,-.074,.126,.077,.997,-.015,-.125,.025,.992);es="Linear";ed="In";};["000-offset.011"]={cf=cfr(0,0,0,-.162,-.986,.032,.986,-.161,.045,-.039,.039,.998);es="Linear";ed="In";};["000-offset.014"]={cf=cfr(0,0,0,-.248,-.952,-.178,.968,-.248,-.021,-.024,-.177,.984);es="Linear";ed="In";};["000-offset.003"]={cf=cfr(0,0,0,.635,-.692,-.345,-.045,.413,-.91,.772,.593,.231);es="Linear";ed="In";};["000-offset.006"]={cf=cfr(0,0,0,.508,-.861,.018,.455,.286,.843,-.732,-.42,.537);es="Linear";ed="In";};["000-offset.004"]={cf=cfr(0,0,0,.428,-.904,0,.904,.428,0,0,0,1);es="Linear";ed="In";};["000-offset.007"]={cf=cfr(0,0,0,.573,-.82,0,.82,.573,0,0,0,1);es="Linear";ed="In";};};{tm=.417;["root"]={cf=cfr(0,1.692,0,0,0,1,0,1,0,-1,0,0);es="Linear";ed="In";};["000-offset"]={cf=cfr(0,0,0,-.214,.977,0,-.977,-.214,0,0,0,1);es="Linear";ed="In";};["004-offset.001"]={cf=cfr(0,0,0,-.015,-1,0,1,-.015,0,0,0,1);es="Linear";ed="In";};["000-offset.009"]={cf=cfr(0,0,0,-.863,-.178,.473,.236,-.969,.067,.447,.17,.878);es="Linear";ed="In";};["000-offset.012"]={cf=cfr(0,0,0,-.696,-.46,-.551,.489,-.866,.105,-.525,-.196,.828);es="Linear";ed="In";};["000-offset.001"]={cf=cfr(0,0,0,.908,.387,-.158,-.366,.919,.149,.203,-.077,.976);es="Linear";ed="In";};["000-offset.010"]={cf=cfr(0,0,0,-.295,.956,0,-.956,-.295,0,0,0,1);es="Linear";ed="In";};["000-offset.013"]={cf=cfr(0,0,0,-.382,.924,0,-.924,-.382,0,0,0,1);es="Linear";ed="In";};["000-offset.002"]={cf=cfr(0,0,0,.987,-.102,.125,.102,.995,.012,-.125,.001,.992);es="Linear";ed="In";};["000-offset.011"]={cf=cfr(0,0,0,-.364,-.931,.02,.93,-.363,.057,-.045,.04,.998);es="Linear";ed="In";};["000-offset.014"]={cf=cfr(0,0,0,-.625,-.753,-.208,.78,-.614,-.121,-.037,-.238,.971);es="Linear";ed="In";};["000-offset.003"]={cf=cfr(0,0,0,.647,-.69,-.324,.163,.54,-.825,.744,.482,.463);es="Linear";ed="In";};["000-offset.006"]={cf=cfr(0,0,0,.422,-.9,.105,.551,.347,.759,-.72,-.263,.643);es="Linear";ed="In";};["000-offset.004"]={cf=cfr(0,0,0,.407,-.914,0,.914,.407,0,0,0,1);es="Linear";ed="In";};["000-offset.007"]={cf=cfr(0,0,0,.528,-.85,0,.85,.528,0,0,0,1);es="Linear";ed="In";};};{tm=.458;["root"]={cf=cfr(0,1.509,0,0,0,1,0,1,0,-1,0,0);es="Linear";ed="In";};["000-offset"]={cf=cfr(0,0,0,-.21,.978,0,-.978,-.21,0,0,0,1);es="Linear";ed="In";};["004-offset.001"]={cf=cfr(0,0,0,-.115,-.993,0,.993,-.115,0,0,0,1);es="Linear";ed="In";};["000-offset.009"]={cf=cfr(0,0,0,-.85,-.202,.487,.266,-.962,.065,.455,.185,.871);es="Linear";ed="In";};["000-offset.012"]={cf=cfr(0,0,0,-.725,-.388,-.57,.411,-.907,.094,-.553,-.166,.816);es="Linear";ed="In";};["000-offset.001"]={cf=cfr(0,0,0,.901,.4,-.167,-.377,.914,.152,.213,-.074,.974);es="Linear";ed="In";};["000-offset.010"]={cf=cfr(0,0,0,-.437,.899,0,-.899,-.437,0,0,0,1);es="Linear";ed="In";};["000-offset.013"]={cf=cfr(0,0,0,-.504,.864,0,-.864,-.504,0,0,0,1);es="Linear";ed="In";};["000-offset.002"]={cf=cfr(0,0,0,.99,.074,.122,-.077,.997,.02,-.12,-.03,.992);es="Linear";ed="In";};["000-offset.011"]={cf=cfr(0,0,0,-.449,-.893,-.039,.894,-.449,-.017,-.002,-.042,.999);es="Linear";ed="In";};["000-offset.014"]={cf=cfr(0,0,0,-.7,-.691,-.182,.713,-.687,-.137,-.03,-.225,.974);es="Linear";ed="In";};["000-offset.003"]={cf=cfr(0,0,0,.641,-.696,-.324,.236,.58,-.78,.731,.423,.536);es="Linear";ed="In";};["000-offset.006"]={cf=cfr(0,0,0,.354,-.92,.17,.599,.362,.714,-.719,-.151,.679);es="Linear";ed="In";};["000-offset.004"]={cf=cfr(0,0,0,.401,-.916,0,.916,.401,0,0,0,1);es="Linear";ed="In";};["000-offset.007"]={cf=cfr(0,0,0,.49,-.872,0,.872,.49,0,0,0,1);es="Linear";ed="In";};};{tm=.5;["root"]={cf=cfr(0,1.65,0,0,0,1,0,1,0,-1,0,0);es="Linear";ed="In";};["000-offset"]={cf=cfr(0,0,0,-.201,.98,0,-.98,-.201,0,0,0,1);es="Linear";ed="In";};["004-offset.001"]={cf=cfr(0,0,0,-.015,-1,0,1,-.015,0,0,0,1);es="Linear";ed="In";};["000-offset.009"]={cf=cfr(0,0,0,-.845,-.178,.505,.247,-.966,.073,.474,.187,.86);es="Linear";ed="In";};["000-offset.012"]={cf=cfr(0,0,0,-.734,-.383,-.561,.397,-.912,.103,-.551,-.147,.822);es="Linear";ed="In";};["000-offset.001"]={cf=cfr(0,0,0,.905,.393,-.166,-.369,.916,.155,.213,-.079,.974);es="Linear";ed="In";};["000-offset.010"]={cf=cfr(0,0,0,-.262,.965,0,-.965,-.262,0,0,0,1);es="Linear";ed="In";};["000-offset.013"]={cf=cfr(0,0,0,-.315,.949,0,-.949,-.315,0,0,0,1);es="Linear";ed="In";};["000-offset.002"]={cf=cfr(0,0,0,.909,.398,.125,-.403,.915,.015,-.108,-.064,.992);es="Linear";ed="In";};["000-offset.011"]={cf=cfr(0,0,0,-.322,-.947,0,.947,-.322,0,0,0,1);es="Linear";ed="In";};["000-offset.014"]={cf=cfr(0,0,0,-.52,-.835,-.181,.854,-.515,-.078,-.028,-.195,.98);es="Linear";ed="In";};["000-offset.003"]={cf=cfr(0,0,0,.654,-.683,-.325,.188,.562,-.806,.733,.466,.496);es="Linear";ed="In";};["000-offset.006"]={cf=cfr(0,0,0,.293,-.93,.223,.623,.362,.693,-.725,-.064,.686);es="Linear";ed="In";};["000-offset.004"]={cf=cfr(0,0,0,.408,-.913,0,.913,.408,0,0,0,1);es="Linear";ed="In";};["000-offset.007"]={cf=cfr(0,0,0,.452,-.892,0,.892,.452,0,0,0,1);es="Linear";ed="In";};};{tm=.542;["root"]={cf=cfr(0,1.819,0,0,0,1,0,1,0,-1,0,0);es="Linear";ed="In";};["000-offset"]={cf=cfr(0,0,0,-.187,.982,0,-.982,-.187,0,0,0,1);es="Linear";ed="In";};["000-offset.009"]={cf=cfr(0,0,0,-.781,-.325,.532,.434,-.896,.09,.448,.302,.842);es="Linear";ed="In";};["000-offset.012"]={cf=cfr(0,0,0,-.719,-.425,-.551,.445,-.889,.105,-.534,-.169,.828);es="Linear";ed="In";};["000-offset.001"]={cf=cfr(0,0,0,.912,.378,-.158,-.356,.922,.149,.202,-.079,.976);es="Linear";ed="In";};["000-offset.010"]={cf=cfr(0,0,0,-.204,.979,0,-.979,-.204,0,0,0,1);es="Linear";ed="In";};["000-offset.013"]={cf=cfr(0,0,0,-.171,.985,0,-.985,-.171,0,0,0,1);es="Linear";ed="In";};["000-offset.002"]={cf=cfr(0,0,0,.821,.557,.125,-.563,.826,.012,-.097,-.08,.992);es="Linear";ed="In";};["000-offset.011"]={cf=cfr(0,0,0,-.428,-.903,-.033,.902,-.429,.054,-.063,-.007,.998);es="Linear";ed="In";};["000-offset.014"]={cf=cfr(0,0,0,-.407,-.896,-.178,.914,-.398,-.084,.005,-.197,.98);es="Linear";ed="In";};["000-offset.003"]={cf=cfr(0,0,0,.647,-.69,-.324,.163,.54,-.825,.744,.482,.463);es="Linear";ed="In";};["000-offset.006"]={cf=cfr(0,0,0,.244,-.935,.258,.631,.355,.69,-.737,-.006,.676);es="Linear";ed="In";};["000-offset.004"]={cf=cfr(0,0,0,.407,-.914,0,.914,.407,0,0,0,1);es="Linear";ed="In";};["000-offset.007"]={cf=cfr(0,0,0,.415,-.91,0,.91,.415,0,0,0,1);es="Linear";ed="In";};};{tm=.583;["root"]={cf=cfr(0,1.903,0,0,0,1,0,1,0,-1,0,0);es="Linear";ed="In";};["000-offset"]={cf=cfr(0,0,0,-.169,.986,0,-.986,-.169,0,0,0,1);es="Linear";ed="In";};["000-offset.009"]={cf=cfr(0,0,0,-.722,-.371,.585,.52,-.848,.104,.457,.379,.805);es="Linear";ed="In";};["000-offset.012"]={cf=cfr(0,0,0,-.695,-.457,-.556,.499,-.863,.086,-.519,-.218,.827);es="Linear";ed="In";};["000-offset.001"]={cf=cfr(0,0,0,.921,.361,-.146,-.344,.93,.133,.184,-.072,.98);es="Linear";ed="In";};["000-offset.010"]={cf=cfr(0,0,0,-.102,.995,0,-.995,-.102,0,0,0,1);es="Linear";ed="In";};["000-offset.013"]={cf=cfr(0,0,0,-.056,.998,0,-.998,-.056,0,0,0,1);es="Linear";ed="In";};["000-offset.002"]={cf=cfr(0,0,0,.832,.543,.115,-.548,.836,.018,-.086,-.078,.993);es="Linear";ed="In";};["000-offset.011"]={cf=cfr(0,0,0,-.396,-.918,-.031,.916,-.397,.056,-.063,-.007,.998);es="Linear";ed="In";};["000-offset.014"]={cf=cfr(0,0,0,-.339,-.927,-.162,.941,-.333,-.068,.009,-.176,.984);es="Linear";ed="In";};["000-offset.003"]={cf=cfr(0,0,0,.616,-.72,-.318,.205,.536,-.819,.76,.44,.478);es="Linear";ed="In";};["000-offset.006"]={cf=cfr(0,0,0,.207,-.938,.277,.625,.345,.7,-.752,.028,.658);es="Linear";ed="In";};["000-offset.004"]={cf=cfr(0,0,0,.393,-.92,0,.92,.393,0,0,0,1);es="Linear";ed="In";};["000-offset.007"]={cf=cfr(0,0,0,.379,-.925,0,.925,.379,0,0,0,1);es="Linear";ed="In";};};{tm=.625;["root"]={cf=cfr(0,1.988,0,0,0,1,0,1,0,-1,0,0);es="Linear";ed="In";};["000-offset"]={cf=cfr(0,0,0,-.149,.989,0,-.989,-.149,0,0,0,1);es="Linear";ed="In";};["000-offset.009"]={cf=cfr(0,0,0,-.656,-.396,.642,.589,-.801,.107,.472,.448,.759);es="Linear";ed="In";};["000-offset.012"]={cf=cfr(0,0,0,-.665,-.487,-.567,.553,-.831,.065,-.503,-.27,.821);es="Linear";ed="In";};["000-offset.001"]={cf=cfr(0,0,0,.931,.341,-.131,-.328,.938,.115,.162,-.064,.985);es="Linear";ed="In";};["000-offset.010"]={cf=cfr(0,0,0,.008,1,0,-1,.008,0,0,0,1);es="Linear";ed="In";};["000-offset.013"]={cf=cfr(0,0,0,.057,.998,0,-.998,.057,0,0,0,1);es="Linear";ed="In";};["000-offset.002"]={cf=cfr(0,0,0,.86,.5,.1,-.505,.863,.025,-.074,-.072,.995);es="Linear";ed="In";};["000-offset.011"]={cf=cfr(0,0,0,-.349,-.937,-.025,.935,-.35,.051,-.057,-.006,.998);es="Linear";ed="In";};["000-offset.014"]={cf=cfr(0,0,0,-.276,-.951,-.142,.961,-.271,-.052,.011,-.151,.988);es="Linear";ed="In";};["000-offset.003"]={cf=cfr(0,0,0,.574,-.757,-.314,.251,.527,-.812,.78,.387,.492);es="Linear";ed="In";};["000-offset.006"]={cf=cfr(0,0,0,.181,-.943,.281,.611,.332,.719,-.771,.041,.635);es="Linear";ed="In";};["000-offset.004"]={cf=cfr(0,0,0,.376,-.927,0,.927,.376,0,0,0,1);es="Linear";ed="In";};["000-offset.007"]={cf=cfr(0,0,0,.345,-.939,0,.939,.345,0,0,0,1);es="Linear";ed="In";};};{tm=.667;["root"]={cf=cfr(0,2.059,0,0,0,1,0,1,0,-1,0,0);es="Linear";ed="In";};["000-offset"]={cf=cfr(0,0,0,-.127,.992,0,-.992,-.127,0,0,0,1);es="Linear";ed="In";};["000-offset.009"]={cf=cfr(0,0,0,-.588,-.407,.699,.645,-.757,.101,.488,.51,.708);es="Linear";ed="In";};["000-offset.012"]={cf=cfr(0,0,0,-.631,-.512,-.582,.604,-.796,.045,-.487,-.323,.812);es="Linear";ed="In";};["000-offset.001"]={cf=cfr(0,0,0,.941,.319,-.112,-.309,.946,.094,.136,-.054,.989);es="Linear";ed="In";};["000-offset.010"]={cf=cfr(0,0,0,.119,.993,0,-.993,.119,0,0,0,1);es="Linear";ed="In";};["000-offset.013"]={cf=cfr(0,0,0,.168,.986,0,-.986,.168,0,0,0,1);es="Linear";ed="In";};["000-offset.002"]={cf=cfr(0,0,0,.897,.434,.083,-.437,.899,.03,-.062,-.063,.996);es="Linear";ed="In";};["000-offset.011"]={cf=cfr(0,0,0,-.293,-.956,-.018,.955,-.294,.043,-.047,-.005,.999);es="Linear";ed="In";};["000-offset.014"]={cf=cfr(0,0,0,-.214,-.969,-.12,.977,-.211,-.037,.011,-.125,.992);es="Linear";ed="In";};["000-offset.003"]={cf=cfr(0,0,0,.522,-.794,-.312,.295,.512,-.807,.8,.328,.501);es="Linear";ed="In";};["000-offset.006"]={cf=cfr(0,0,0,.164,-.948,.273,.59,.316,.743,-.791,.039,.611);es="Linear";ed="In";};["000-offset.004"]={cf=cfr(0,0,0,.356,-.934,0,.934,.356,0,0,0,1);es="Linear";ed="In";};["000-offset.007"]={cf=cfr(0,0,0,.313,-.95,0,.95,.313,0,0,0,1);es="Linear";ed="In";};};{tm=.708;["root"]={cf=cfr(0,2.115,0,0,0,1,0,1,0,-1,0,0);es="Linear";ed="In";};["000-offset"]={cf=cfr(0,0,0,-.104,.995,0,-.995,-.104,0,0,0,1);es="Linear";ed="In";};["000-offset.009"]={cf=cfr(0,0,0,-.52,-.41,.75,.692,-.717,.088,.501,.564,.656);es="Linear";ed="In";};["000-offset.012"]={cf=cfr(0,0,0,-.596,-.534,-.601,.65,-.759,.029,-.471,-.373,.799);es="Linear";ed="In";};["000-offset.001"]={cf=cfr(0,0,0,.951,.296,-.091,-.29,.954,.074,.109,-.043,.993);es="Linear";ed="In";};["000-offset.010"]={cf=cfr(0,0,0,.226,.974,0,-.974,.226,0,0,0,1);es="Linear";ed="In";};["000-offset.013"]={cf=cfr(0,0,0,.272,.962,0,-.962,.272,0,0,0,1);es="Linear";ed="In";};["000-offset.002"]={cf=cfr(0,0,0,.935,.349,.064,-.352,.936,.032,-.049,-.052,.997);es="Linear";ed="In";};["000-offset.011"]={cf=cfr(0,0,0,-.236,-.972,-.012,.971,-.236,.034,-.035,-.003,.999);es="Linear";ed="In";};["000-offset.014"]={cf=cfr(0,0,0,-.153,-.983,-.097,.988,-.151,-.025,.01,-.1,.995);es="Linear";ed="In";};["000-offset.003"]={cf=cfr(0,0,0,.463,-.829,-.314,.333,.491,-.805,.821,.268,.504);es="Linear";ed="In";};["000-offset.006"]={cf=cfr(0,0,0,.156,-.953,.26,.564,.302,.768,-.811,.027,.585);es="Linear";ed="In";};["000-offset.004"]={cf=cfr(0,0,0,.335,-.942,0,.942,.335,0,0,0,1);es="Linear";ed="In";};["000-offset.007"]={cf=cfr(0,0,0,.283,-.959,0,.959,.283,0,0,0,1);es="Linear";ed="In";};};{tm=.75;["root"]={cf=cfr(0,2.171,0,0,0,1,0,1,0,-1,0,0);es="Linear";ed="In";};["000-offset"]={cf=cfr(0,0,0,-.081,.997,0,-.997,-.081,0,0,0,1);es="Linear";ed="In";};["000-offset.009"]={cf=cfr(0,0,0,-.453,-.409,.792,.733,-.677,.069,.508,.612,.606);es="Linear";ed="In";};["000-offset.012"]={cf=cfr(0,0,0,-.561,-.55,-.619,.69,-.724,.018,-.458,-.417,.785);es="Linear";ed="In";};["000-offset.001"]={cf=cfr(0,0,0,.959,.273,-.07,-.27,.961,.054,.082,-.033,.996);es="Linear";ed="In";};["000-offset.010"]={cf=cfr(0,0,0,.323,.946,0,-.946,.323,0,0,0,1);es="Linear";ed="In";};["000-offset.013"]={cf=cfr(0,0,0,.369,.929,0,-.929,.369,0,0,0,1);es="Linear";ed="In";};["000-offset.002"]={cf=cfr(0,0,0,.966,.253,.045,-.254,.967,.03,-.036,-.04,.999);es="Linear";ed="In";};["000-offset.011"]={cf=cfr(0,0,0,-.184,-.983,-.007,.983,-.184,.026,-.026,-.002,1);es="Linear";ed="In";};["000-offset.014"]={cf=cfr(0,0,0,-.089,-.993,-.077,.996,-.087,-.018,.011,-.078,.997);es="Linear";ed="In";};["000-offset.003"]={cf=cfr(0,0,0,.402,-.859,-.318,.362,.468,-.806,.841,.209,.499);es="Linear";ed="In";};["000-offset.006"]={cf=cfr(0,0,0,.149,-.961,.235,.539,.278,.795,-.829,.008,.559);es="Linear";ed="In";};["000-offset.004"]={cf=cfr(0,0,0,.315,-.949,0,.949,.315,0,0,0,1);es="Linear";ed="In";};["000-offset.007"]={cf=cfr(0,0,0,.257,-.966,0,.966,.257,0,0,0,1);es="Linear";ed="In";};};{tm=.792;["root"]={cf=cfr(0,2.242,0,0,0,1,0,1,0,-1,0,0);es="Linear";ed="In";};["000-offset"]={cf=cfr(0,0,0,-.061,.998,0,-.998,-.061,0,0,0,1);es="Linear";ed="In";};["000-offset.009"]={cf=cfr(0,0,0,-.381,-.411,.828,.776,-.629,.045,.503,.66,.558);es="Linear";ed="In";};["000-offset.012"]={cf=cfr(0,0,0,-.526,-.562,-.638,.724,-.689,.01,-.445,-.457,.77);es="Linear";ed="In";};["000-offset.001"]={cf=cfr(0,0,0,.966,.252,-.049,-.251,.967,.036,.056,-.023,.998);es="Linear";ed="In";};["000-offset.010"]={cf=cfr(0,0,0,.421,.907,0,-.907,.421,0,0,0,1);es="Linear";ed="In";};["000-offset.013"]={cf=cfr(0,0,0,.47,.883,0,-.883,.47,0,0,0,1);es="Linear";ed="In";};["000-offset.002"]={cf=cfr(0,0,0,.988,.154,.029,-.154,.988,.024,-.025,-.028,.999);es="Linear";ed="In";};["000-offset.011"]={cf=cfr(0,0,0,-.132,-.991,-.004,.991,-.132,.018,-.018,-.002,1);es="Linear";ed="In";};["000-offset.014"]={cf=cfr(0,0,0,-.012,-.998,-.057,1,-.011,-.013,.013,-.057,.998);es="Linear";ed="In";};["000-offset.003"]={cf=cfr(0,0,0,.343,-.882,-.322,.38,.444,-.812,.859,.156,.487);es="Linear";ed="In";};["000-offset.006"]={cf=cfr(0,0,0,.147,-.966,.211,.512,.257,.819,-.846,-.012,.533);es="Linear";ed="In";};["000-offset.004"]={cf=cfr(0,0,0,.295,-.956,0,.956,.295,0,0,0,1);es="Linear";ed="In";};["000-offset.007"]={cf=cfr(0,0,0,.235,-.972,0,.972,.235,0,0,0,1);es="Linear";ed="In";};};{tm=.833;["root"]={cf=cfr(0,2.298,0,0,0,1,0,1,0,-1,0,0);es="Linear";ed="In";};["000-offset"]={cf=cfr(0,0,0,-.042,.999,0,-.999,-.042,0,0,0,1);es="Linear";ed="In";};["000-offset.009"]={cf=cfr(0,0,0,-.307,-.41,.859,.817,-.576,.017,.488,.707,.512);es="Linear";ed="In";};["000-offset.012"]={cf=cfr(0,0,0,-.49,-.571,-.658,.757,-.654,.004,-.433,-.496,.753);es="Linear";ed="In";};["000-offset.001"]={cf=cfr(0,0,0,.972,.234,-.03,-.234,.972,.021,.034,-.014,.999);es="Linear";ed="In";};["000-offset.010"]={cf=cfr(0,0,0,.515,.857,0,-.857,.515,0,0,0,1);es="Linear";ed="In";};["000-offset.013"]={cf=cfr(0,0,0,.571,.821,0,-.821,.571,0,0,0,1);es="Linear";ed="In";};["000-offset.002"]={cf=cfr(0,0,0,.998,.06,.016,-.061,.998,.016,-.015,-.017,1);es="Linear";ed="In";};["000-offset.011"]={cf=cfr(0,0,0,-.078,-.997,-.002,.997,-.078,.01,-.01,-.001,1);es="Linear";ed="In";};["000-offset.014"]={cf=cfr(0,0,0,.075,-.996,-.037,.997,.075,-.012,.015,-.036,.999);es="Linear";ed="In";};["000-offset.003"]={cf=cfr(0,0,0,.292,-.899,-.325,.389,.422,-.819,.874,.113,.473);es="Linear";ed="In";};["000-offset.006"]={cf=cfr(0,0,0,.147,-.971,.188,.489,.237,.84,-.86,-.031,.509);es="Linear";ed="In";};["000-offset.004"]={cf=cfr(0,0,0,.277,-.961,0,.961,.277,0,0,0,1);es="Linear";ed="In";};["000-offset.007"]={cf=cfr(0,0,0,.217,-.976,0,.976,.217,0,0,0,1);es="Linear";ed="In";};};{tm=.875;["root"]={cf=cfr(0,2.341,0,0,0,1,0,1,0,-1,0,0);es="Linear";ed="In";};["000-offset"]={cf=cfr(0,0,0,-.028,1,0,-1,-.028,0,0,0,1);es="Linear";ed="In";};["000-offset.009"]={cf=cfr(0,0,0,-.247,-.406,.88,.846,-.534,-.008,.473,.742,.475);es="Linear";ed="In";};["000-offset.012"]={cf=cfr(0,0,0,-.457,-.576,-.677,.783,-.622,.001,-.422,-.53,.736);es="Linear";ed="In";};["000-offset.001"]={cf=cfr(0,0,0,.975,.22,-.014,-.22,.975,.01,.016,-.006,1);es="Linear";ed="In";};["000-offset.010"]={cf=cfr(0,0,0,.584,.812,0,-.812,.584,0,0,0,1);es="Linear";ed="In";};["000-offset.013"]={cf=cfr(0,0,0,.657,.754,0,-.754,.657,0,0,0,1);es="Linear";ed="In";};["000-offset.002"]={cf=cfr(0,0,0,1,-.017,.007,.017,1,.008,-.007,-.008,1);es="Linear";ed="In";};["000-offset.011"]={cf=cfr(0,0,0,-.036,-.999,0,.999,-.036,.003,-.003,0,1);es="Linear";ed="In";};["000-offset.014"]={cf=cfr(0,0,0,.156,-.987,-.021,.988,.157,-.014,.017,-.018,1);es="Linear";ed="In";};["000-offset.003"]={cf=cfr(0,0,0,.252,-.911,-.327,.391,.405,-.827,.885,.081,.458);es="Linear";ed="In";};["000-offset.006"]={cf=cfr(0,0,0,.147,-.975,.169,.469,.219,.856,-.871,-.047,.489);es="Linear";ed="In";};["000-offset.004"]={cf=cfr(0,0,0,.263,-.965,0,.965,.263,0,0,0,1);es="Linear";ed="In";};["000-offset.007"]={cf=cfr(0,0,0,.203,-.979,0,.979,.203,0,0,0,1);es="Linear";ed="In";};};{tm=.917;["root"]={cf=cfr(0,2.383,0,0,0,1,0,1,0,-1,0,0);es="Linear";ed="In";};["000-offset"]={cf=cfr(0,0,0,-.019,1,0,-1,-.019,0,0,0,1);es="Linear";ed="In";};["000-offset.009"]={cf=cfr(0,0,0,-.223,-.403,.888,.856,-.516,-.019,.466,.756,.46);es="Linear";ed="In";};["000-offset.012"]={cf=cfr(0,0,0,-.434,-.579,-.691,.8,-.6,0,-.414,-.553,.723);es="Linear";ed="In";};["000-offset.001"]={cf=cfr(0,0,0,.978,.211,-.004,-.211,.978,.002,.004,-.002,1);es="Linear";ed="In";};["000-offset.010"]={cf=cfr(0,0,0,.611,.792,0,-.792,.611,0,0,0,1);es="Linear";ed="In";};["000-offset.013"]={cf=cfr(0,0,0,.715,.699,0,-.699,.715,0,0,0,1);es="Linear";ed="In";};["000-offset.002"]={cf=cfr(0,0,0,.998,-.069,.002,.069,.998,.002,-.002,-.002,1);es="Linear";ed="In";};["000-offset.011"]={cf=cfr(0,0,0,-.018,-1,0,1,-.018,0,0,0,1);es="Linear";ed="In";};["000-offset.014"]={cf=cfr(0,0,0,.216,-.976,-.009,.976,.216,-.018,.019,-.005,1);es="Linear";ed="In";};["000-offset.003"]={cf=cfr(0,0,0,.226,-.917,-.327,.391,.393,-.832,.892,.061,.448);es="Linear";ed="In";};["000-offset.006"]={cf=cfr(0,0,0,.148,-.977,.155,.456,.206,.866,-.878,-.058,.476);es="Linear";ed="In";};["000-offset.004"]={cf=cfr(0,0,0,.254,-.967,0,.967,.254,0,0,0,1);es="Linear";ed="In";};["000-offset.007"]={cf=cfr(0,0,0,.195,-.981,0,.981,.195,0,0,0,1);es="Linear";ed="In";};};{tm=.958;["RootNode"]={cf=cfr(0,0,0,-1,0,0,0,1,0,0,0,-1);es="Linear";ed="In";};["root"]={cf=cfr(0,2.397,0,0,0,1,0,1,0,-1,0,0);es="Linear";ed="In";};["000-offset"]={cf=cfr(0,0,0,-.015,1,0,-1,-.015,0,0,0,1);es="Linear";ed="In";};["004-offset.001"]={cf=cfr(0,0,0,-.015,-1,0,1,-.015,0,0,0,1);es="Linear";ed="In";};["006-offset"]={cf=cfr(0,0,0,-.015,-1,0,1,-.015,0,0,0,1);es="Linear";ed="In";};["000-offset.009"]={cf=cfr(0,0,0,-.223,-.403,.888,.856,-.516,-.019,.466,.756,.46);es="Linear";ed="In";};["000-offset.012"]={cf=cfr(0,0,0,-.424,-.579,-.696,.807,-.591,0,-.411,-.561,.718);es="Linear";ed="In";};["000-offset.001"]={cf=cfr(0,0,0,.978,.207,0,-.207,.978,0,0,0,1);es="Linear";ed="In";};["000-offset.010"]={cf=cfr(0,0,0,.611,.792,0,-.792,.611,0,0,0,1);es="Linear";ed="In";};["000-offset.013"]={cf=cfr(0,0,0,.736,.677,0,-.677,.736,0,0,0,1);es="Linear";ed="In";};["004-offset"]={cf=cfr(0,0,0,.035,-.999,0,.999,.035,0,0,0,1);es="Linear";ed="In";};["002-offset"]={cf=cfr(0,0,0,.035,-.999,0,.999,.035,0,0,0,1);es="Linear";ed="In";};["000-offset.002"]={cf=cfr(0,0,0,.996,-.089,0,.089,.996,0,0,0,1);es="Linear";ed="In";};["000-offset.011"]={cf=cfr(0,0,0,-.018,-1,0,1,-.018,0,0,0,1);es="Linear";ed="In";};["000-offset.014"]={cf=cfr(0,0,0,.239,-.971,-.005,.971,.239,-.019,.02,0,1);es="Linear";ed="In";};["000-offset.006"]={cf=cfr(0,0,0,.149,-.977,.15,.451,.202,.869,-.88,-.062,.471);es="Linear";ed="In";};["000-offset.003"]={cf=cfr(0,0,0,.217,-.919,-.328,.39,.39,-.834,.895,.053,.443);es="Linear";ed="In";};["000-offset.007"]={cf=cfr(0,0,0,.192,-.981,0,.981,.192,0,0,0,1);es="Linear";ed="In";};["000-offset.004"]={cf=cfr(0,0,0,.25,-.968,0,.968,.25,0,0,0,1);es="Linear";ed="In";};["000-offset.008"]={cf=cfr(0,0,0,.966,-.26,0,.26,.966,0,0,0,1);es="Linear";ed="In";};["000-offset.005"]={cf=cfr(0,0,0,.888,-.438,-.143,.432,.899,-.07,.159,0,.987);es="Linear";ed="In";};};}