local cfr = CFrame.new

return {{tm=0;["RootNode"]={cf=cfr(0,0,0,-1,0,0,0,1,0,0,0,-1);es="Linear";ed="In";};["root"]={cf=cfr(.677,2.665,2.679,0,0,1,0,1,0,-1,0,0);es="Linear";ed="In";};["000-offset"]={cf=cfr(0,0,0,-.494,.841,.222,-.869,-.465,-.169,-.039,-.276,.96);es="Linear";ed="In";};["004-offset.001"]={cf=cfr(0,0,0,-.015,-1,0,1,-.015,0,0,0,1);es="Linear";ed="In";};["006-offset"]={cf=cfr(0,0,0,-.015,-1,0,1,-.015,0,0,0,1);es="Linear";ed="In";};["000-offset.009"]={cf=cfr(0,0,0,-.759,-.647,.073,.609,-.745,-.272,.23,-.162,.96);es="Linear";ed="In";};["000-offset.012"]={cf=cfr(0,0,0,-.59,-.66,-.465,.796,-.571,-.199,-.134,-.488,.863);es="Linear";ed="In";};["000-offset.001"]={cf=cfr(0,0,0,.967,-.254,-.017,.249,.928,.277,-.055,-.272,.961);es="Linear";ed="In";};["000-offset.010"]={cf=cfr(0,0,0,.219,.976,0,-.976,.219,0,0,0,1);es="Linear";ed="In";};["000-offset.013"]={cf=cfr(0,0,0,.196,.981,0,-.981,.196,0,0,0,1);es="Linear";ed="In";};["004-offset"]={cf=cfr(0,0,0,.035,-.999,0,.999,.035,0,0,0,1);es="Linear";ed="In";};["002-offset"]={cf=cfr(0,0,0,.035,-.999,0,.999,.035,0,0,0,1);es="Linear";ed="In";};["000-offset.002"]={cf=cfr(0,0,0,.828,-.189,.527,.503,-.163,-.849,.246,.968,-.039);es="Linear";ed="In";};["000-offset.011"]={cf=cfr(0,0,0,.784,-.621,-.021,.621,.784,-.018,.028,.001,1);es="Linear";ed="In";};["000-offset.014"]={cf=cfr(0,0,0,.27,-.963,.013,.961,.27,.056,-.058,-.003,.998);es="Linear";ed="In";};["000-offset.006"]={cf=cfr(0,0,0,-.979,.072,-.192,-.175,-.785,.594,-.108,.615,.781);es="Linear";ed="In";};["000-offset.003"]={cf=cfr(0,0,0,-.996,.043,-.082,.043,-.573,-.818,-.082,-.818,.569);es="Linear";ed="In";};["000-offset.007"]={cf=cfr(0,0,0,.878,-.479,0,.479,.878,0,0,0,1);es="Linear";ed="In";};["000-offset.004"]={cf=cfr(0,0,0,.873,-.488,0,.488,.873,0,0,0,1);es="Linear";ed="In";};["000-offset.008"]={cf=cfr(0,0,0,.925,-.379,.014,.35,.866,.357,-.147,-.326,.934);es="Linear";ed="In";};["000-offset.005"]={cf=cfr(0,0,0,.932,-.351,.092,.238,.4,-.885,.274,.847,.456);es="Linear";ed="In";};};{tm=.046;["root"]={cf=cfr(.592,2.665,2.496,0,0,1,0,1,0,-1,0,0);es="Linear";ed="In";};["000-offset"]={cf=cfr(0,0,0,-.44,.871,.219,-.897,-.411,-.167,-.055,-.27,.961);es="Linear";ed="In";};["000-offset.009"]={cf=cfr(0,0,0,-.817,-.574,.055,.553,-.806,-.212,.166,-.143,.976);es="Linear";ed="In";};["000-offset.012"]={cf=cfr(0,0,0,-.666,-.593,-.453,.723,-.663,-.193,-.186,-.456,.871);es="Linear";ed="In";};["000-offset.010"]={cf=cfr(0,0,0,.182,.983,0,-.983,.182,0,0,0,1);es="Linear";ed="In";};["000-offset.013"]={cf=cfr(0,0,0,.197,.98,0,-.98,.197,0,0,0,1);es="Linear";ed="In";};["000-offset.002"]={cf=cfr(0,0,0,.849,-.222,.479,.452,-.164,-.877,.273,.961,-.039);es="Linear";ed="In";};["000-offset.011"]={cf=cfr(0,0,0,.731,-.682,.023,.681,.728,-.073,.033,.069,.997);es="Linear";ed="In";};["000-offset.014"]={cf=cfr(0,0,0,.299,-.954,-.034,.953,.297,.061,-.048,-.051,.998);es="Linear";ed="In";};["000-offset.006"]={cf=cfr(0,0,0,-.977,.048,-.207,-.169,-.767,.619,-.129,.64,.758);es="Linear";ed="In";};["000-offset.003"]={cf=cfr(0,0,0,-.995,.022,-.102,.071,-.572,-.817,-.076,-.82,.568);es="Linear";ed="In";};["000-offset.007"]={cf=cfr(0,0,0,.853,-.522,0,.522,.853,0,0,0,1);es="Linear";ed="In";};["000-offset.004"]={cf=cfr(0,0,0,.837,-.547,0,.547,.837,0,0,0,1);es="Linear";ed="In";};["000-offset.008"]={cf=cfr(0,0,0,.955,-.293,.036,.252,.874,.415,-.153,-.388,.909);es="Linear";ed="In";};["000-offset.005"]={cf=cfr(0,0,0,.933,-.354,.07,.219,.401,-.89,.287,.845,.451);es="Linear";ed="In";};};{tm=.092;["root"]={cf=cfr(.395,2.665,2.101,0,0,1,0,1,0,-1,0,0);es="Linear";ed="In";};["000-offset"]={cf=cfr(0,0,0,-.312,.925,.216,-.946,-.28,-.165,-.092,-.256,.962);es="Linear";ed="In";};["000-offset.009"]={cf=cfr(0,0,0,-.916,-.4,-.021,.4,-.912,-.093,.018,-.094,.995);es="Linear";ed="In";};["000-offset.012"]={cf=cfr(0,0,0,-.794,-.409,-.449,.529,-.829,-.18,-.299,-.381,.875);es="Linear";ed="In";};["000-offset.010"]={cf=cfr(0,0,0,.101,.995,0,-.995,.101,0,0,0,1);es="Linear";ed="In";};["000-offset.013"]={cf=cfr(0,0,0,.197,.98,0,-.98,.197,0,0,0,1);es="Linear";ed="In";};["000-offset.002"]={cf=cfr(0,0,0,.882,-.297,.365,.333,-.155,-.93,.333,.942,-.038);es="Linear";ed="In";};["000-offset.011"]={cf=cfr(0,0,0,.599,-.786,.152,.8,.577,-.165,.043,.22,.975);es="Linear";ed="In";};["000-offset.014"]={cf=cfr(0,0,0,.365,-.92,-.14,.931,.357,.083,-.026,-.16,.987);es="Linear";ed="In";};["000-offset.006"]={cf=cfr(0,0,0,-.972,-.008,-.233,-.156,-.723,.674,-.174,.691,.701);es="Linear";ed="In";};["000-offset.003"]={cf=cfr(0,0,0,-.989,-.026,-.148,.137,-.566,-.813,-.062,-.824,.563);es="Linear";ed="In";};["000-offset.007"]={cf=cfr(0,0,0,.791,-.612,0,.612,.791,0,0,0,1);es="Linear";ed="In";};["000-offset.004"]={cf=cfr(0,0,0,.744,-.669,0,.669,.744,0,0,0,1);es="Linear";ed="In";};["000-offset.008"]={cf=cfr(0,0,0,.986,-.108,.128,.024,.847,.531,-.166,-.521,.837);es="Linear";ed="In";};["000-offset.005"]={cf=cfr(0,0,0,.932,-.361,.022,.177,.404,-.898,.316,.841,.44);es="Linear";ed="In";};};{tm=.138;["root"]={cf=cfr(.183,2.665,1.678,0,0,1,0,1,0,-1,0,0);es="Linear";ed="In";};["000-offset"]={cf=cfr(0,0,0,-.169,.961,.218,-.977,-.134,-.166,-.131,-.241,.962);es="Linear";ed="In";};["000-offset.009"]={cf=cfr(0,0,0,-.967,-.208,-.146,.212,-.977,-.009,-.141,-.039,.989);es="Linear";ed="In";};["000-offset.012"]={cf=cfr(0,0,0,-.859,-.184,-.478,.301,-.936,-.182,-.414,-.3,.859);es="Linear";ed="In";};["000-offset.010"]={cf=cfr(0,0,0,.018,1,0,-1,.018,0,0,0,1);es="Linear";ed="In";};["000-offset.013"]={cf=cfr(0,0,0,.203,.979,0,-.979,.203,0,0,0,1);es="Linear";ed="In";};["000-offset.002"]={cf=cfr(0,0,0,.896,-.375,.236,.203,-.127,-.971,.395,.918,-.037);es="Linear";ed="In";};["000-offset.011"]={cf=cfr(0,0,0,.443,-.838,.317,.895,.395,-.208,.049,.376,.925);es="Linear";ed="In";};["000-offset.014"]={cf=cfr(0,0,0,.434,-.867,-.246,.901,.416,.122,-.003,-.275,.962);es="Linear";ed="In";};["000-offset.006"]={cf=cfr(0,0,0,-.965,-.068,-.253,-.144,-.669,.729,-.219,.74,.636);es="Linear";ed="In";};["000-offset.003"]={cf=cfr(0,0,0,-.977,-.079,-.199,.208,-.553,-.807,-.046,-.83,.556);es="Linear";ed="In";};["000-offset.007"]={cf=cfr(0,0,0,.717,-.697,0,.697,.717,0,0,0,1);es="Linear";ed="In";};["000-offset.004"]={cf=cfr(0,0,0,.626,-.78,0,.78,.626,0,0,0,1);es="Linear";ed="In";};["000-offset.008"]={cf=cfr(0,0,0,.959,.052,.28,-.22,.759,.612,-.18,-.649,.739);es="Linear";ed="In";};["000-offset.005"]={cf=cfr(0,0,0,.929,-.37,-.031,.133,.408,-.903,.346,.835,.428);es="Linear";ed="In";};};{tm=.183;["root"]={cf=cfr(.056,2.665,1.41,0,0,1,0,1,0,-1,0,0);es="Linear";ed="In";};["000-offset"]={cf=cfr(0,0,0,-.08,.972,.221,-.985,-.043,-.169,-.155,-.232,.96);es="Linear";ed="In";};["000-offset.009"]={cf=cfr(0,0,0,-.967,-.094,-.235,.093,-.996,.016,-.236,-.006,.972);es="Linear";ed="In";};["000-offset.012"]={cf=cfr(0,0,0,-.862,-.052,-.505,.174,-.965,-.197,-.477,-.257,.84);es="Linear";ed="In";};["000-offset.010"]={cf=cfr(0,0,0,-.019,1,0,-1,-.019,0,0,0,1);es="Linear";ed="In";};["000-offset.013"]={cf=cfr(0,0,0,.214,.977,0,-.977,.214,0,0,0,1);es="Linear";ed="In";};["000-offset.002"]={cf=cfr(0,0,0,.895,-.418,.156,.125,-.099,-.987,.428,.903,-.037);es="Linear";ed="In";};["000-offset.011"]={cf=cfr(0,0,0,.357,-.833,.422,.933,.298,-.203,.044,.466,.884);es="Linear";ed="In";};["000-offset.014"]={cf=cfr(0,0,0,.474,-.825,-.307,.881,.449,.153,.011,-.343,.939);es="Linear";ed="In";};["000-offset.006"]={cf=cfr(0,0,0,-.961,-.097,-.26,-.142,-.633,.761,-.239,.768,.594);es="Linear";ed="In";};["000-offset.003"]={cf=cfr(0,0,0,-.966,-.114,-.232,.256,-.535,-.805,-.033,-.837,.546);es="Linear";ed="In";};["000-offset.007"]={cf=cfr(0,0,0,.675,-.738,0,.738,.675,0,0,0,1);es="Linear";ed="In";};["000-offset.004"]={cf=cfr(0,0,0,.55,-.835,0,.835,.55,0,0,0,1);es="Linear";ed="In";};["000-offset.008"]={cf=cfr(0,0,0,.912,.124,.39,-.363,.685,.632,-.189,-.718,.67);es="Linear";ed="In";};["000-offset.005"]={cf=cfr(0,0,0,.925,-.375,-.062,.106,.412,-.905,.365,.831,.42);es="Linear";ed="In";};};{tm=.229;["root"]={cf=cfr(.014,2.665,1.325,0,0,1,0,1,0,-1,0,0);es="Linear";ed="In";};["000-offset"]={cf=cfr(0,0,0,-.052,.973,.223,-.985,-.013,-.17,-.162,-.229,.96);es="Linear";ed="In";};["000-offset.009"]={cf=cfr(0,0,0,-.962,-.058,-.265,.055,-.998,.019,-.266,.004,.964);es="Linear";ed="In";};["000-offset.012"]={cf=cfr(0,0,0,-.858,-.034,-.512,.159,-.966,-.203,-.488,-.256,.835);es="Linear";ed="In";};["000-offset.010"]={cf=cfr(0,0,0,-.006,1,0,-1,-.006,0,0,0,1);es="Linear";ed="In";};["000-offset.013"]={cf=cfr(0,0,0,.234,.972,0,-.972,.234,0,0,0,1);es="Linear";ed="In";};["000-offset.002"]={cf=cfr(0,0,0,.896,-.425,.13,.101,-.089,-.991,.433,.901,-.036);es="Linear";ed="In";};["000-offset.011"]={cf=cfr(0,0,0,.362,-.815,.452,.932,.304,-.198,.024,.493,.87);es="Linear";ed="In";};["000-offset.014"]={cf=cfr(0,0,0,.486,-.811,-.325,.874,.458,.164,.016,-.364,.931);es="Linear";ed="In";};["000-offset.006"]={cf=cfr(0,0,0,-.961,-.089,-.263,-.153,-.619,.77,-.231,.78,.581);es="Linear";ed="In";};["000-offset.003"]={cf=cfr(0,0,0,-.96,-.132,-.248,.281,-.516,-.809,-.021,-.846,.532);es="Linear";ed="In";};["000-offset.007"]={cf=cfr(0,0,0,.676,-.737,0,.737,.676,0,0,0,1);es="Linear";ed="In";};["000-offset.004"]={cf=cfr(0,0,0,.533,-.846,0,.846,.533,0,0,0,1);es="Linear";ed="In";};["000-offset.008"]={cf=cfr(0,0,0,.893,.142,.427,-.407,.659,.633,-.192,-.739,.646);es="Linear";ed="In";};["000-offset.005"]={cf=cfr(0,0,0,.924,-.377,-.073,.097,.413,-.905,.371,.829,.418);es="Linear";ed="In";};};{tm=.275;["root"]={cf=cfr(0,2.665,1.297,0,0,1,0,1,0,-1,0,0);es="Linear";ed="In";};["000-offset"]={cf=cfr(0,0,0,-.041,.974,.224,-.985,-.002,-.17,-.165,-.227,.96);es="Linear";ed="In";};["000-offset.009"]={cf=cfr(0,0,0,-.96,-.045,-.277,.041,-.999,.02,-.278,.008,.961);es="Linear";ed="In";};["000-offset.012"]={cf=cfr(0,0,0,-.856,-.053,-.513,.182,-.962,-.204,-.483,-.268,.834);es="Linear";ed="In";};["000-offset.010"]={cf=cfr(0,0,0,.028,1,0,-1,.028,0,0,0,1);es="Linear";ed="In";};["000-offset.013"]={cf=cfr(0,0,0,.261,.965,0,-.965,.261,0,0,0,1);es="Linear";ed="In";};["000-offset.002"]={cf=cfr(0,0,0,.899,-.422,.119,.092,-.084,-.992,.429,.903,-.036);es="Linear";ed="In";};["000-offset.011"]={cf=cfr(0,0,0,.4,-.792,.461,.916,.349,-.197,-.005,.502,.865);es="Linear";ed="In";};["000-offset.014"]={cf=cfr(0,0,0,.491,-.805,-.332,.871,.462,.169,.017,-.372,.928);es="Linear";ed="In";};["000-offset.006"]={cf=cfr(0,0,0,-.962,-.066,-.264,-.17,-.61,.774,-.212,.789,.576);es="Linear";ed="In";};["000-offset.003"]={cf=cfr(0,0,0,-.954,-.148,-.262,.3,-.493,-.817,-.008,-.858,.514);es="Linear";ed="In";};["000-offset.007"]={cf=cfr(0,0,0,.693,-.721,0,.721,.693,0,0,0,1);es="Linear";ed="In";};["000-offset.004"]={cf=cfr(0,0,0,.537,-.843,0,.843,.537,0,0,0,1);es="Linear";ed="In";};["000-offset.008"]={cf=cfr(0,0,0,.885,.148,.442,-.424,.649,.632,-.193,-.747,.637);es="Linear";ed="In";};["000-offset.005"]={cf=cfr(0,0,0,.923,-.377,-.076,.094,.413,-.906,.373,.829,.417);es="Linear";ed="In";};};{tm=.321;["root"]={cf=cfr(0,2.665,1.297,0,0,1,0,1,0,-1,0,0);es="Linear";ed="In";};["000-offset"]={cf=cfr(0,0,0,-.042,.974,.224,-.985,-.003,-.17,-.165,-.228,.96);es="Linear";ed="In";};["000-offset.009"]={cf=cfr(0,0,0,-.96,-.046,-.276,.042,-.999,.02,-.276,.008,.961);es="Linear";ed="In";};["000-offset.012"]={cf=cfr(0,0,0,-.854,-.098,-.511,.23,-.952,-.202,-.467,-.29,.835);es="Linear";ed="In";};["000-offset.010"]={cf=cfr(0,0,0,.075,.997,0,-.997,.075,0,0,0,1);es="Linear";ed="In";};["000-offset.013"]={cf=cfr(0,0,0,.291,.957,0,-.957,.291,0,0,0,1);es="Linear";ed="In";};["000-offset.002"]={cf=cfr(0,0,0,.904,-.411,.121,.095,-.084,-.992,.418,.908,-.037);es="Linear";ed="In";};["000-offset.011"]={cf=cfr(0,0,0,.459,-.762,.457,.888,.415,-.2,-.038,.498,.867);es="Linear";ed="In";};["000-offset.014"]={cf=cfr(0,0,0,.49,-.806,-.331,.871,.461,.168,.017,-.37,.929);es="Linear";ed="In";};["000-offset.006"]={cf=cfr(0,0,0,-.964,-.034,-.264,-.19,-.605,.773,-.186,.795,.577);es="Linear";ed="In";};["000-offset.003"]={cf=cfr(0,0,0,-.949,-.16,-.273,.316,-.467,-.826,.004,-.869,.494);es="Linear";ed="In";};["000-offset.007"]={cf=cfr(0,0,0,.72,-.694,0,.694,.72,0,0,0,1);es="Linear";ed="In";};["000-offset.004"]={cf=cfr(0,0,0,.555,-.832,0,.832,.555,0,0,0,1);es="Linear";ed="In";};["000-offset.008"]={cf=cfr(0,0,0,.886,.147,.44,-.422,.65,.632,-.193,-.746,.638);es="Linear";ed="In";};["000-offset.005"]={cf=cfr(0,0,0,.923,-.377,-.076,.094,.414,-.906,.373,.829,.417);es="Linear";ed="In";};};{tm=.367;["root"]={cf=cfr(.014,2.665,1.325,0,0,1,0,1,0,-1,0,0);es="Linear";ed="In";};["000-offset"]={cf=cfr(0,0,0,-.051,.973,.223,-.985,-.013,-.17,-.162,-.228,.96);es="Linear";ed="In";};["000-offset.009"]={cf=cfr(0,0,0,-.962,-.058,-.266,.054,-.998,.019,-.267,.004,.964);es="Linear";ed="In";};["000-offset.012"]={cf=cfr(0,0,0,-.847,-.154,-.508,.29,-.936,-.2,-.445,-.317,.838);es="Linear";ed="In";};["000-offset.010"]={cf=cfr(0,0,0,.126,.992,0,-.992,.126,0,0,0,1);es="Linear";ed="In";};["000-offset.013"]={cf=cfr(0,0,0,.32,.947,0,-.947,.32,0,0,0,1);es="Linear";ed="In";};["000-offset.002"]={cf=cfr(0,0,0,.909,-.396,.129,.104,-.086,-.991,.403,.914,-.037);es="Linear";ed="In";};["000-offset.011"]={cf=cfr(0,0,0,.522,-.726,.447,.85,.487,-.202,-.071,.485,.871);es="Linear";ed="In";};["000-offset.014"]={cf=cfr(0,0,0,.486,-.811,-.325,.874,.458,.164,.016,-.363,.932);es="Linear";ed="In";};["000-offset.006"]={cf=cfr(0,0,0,-.965,.001,-.264,-.211,-.602,.77,-.158,.798,.581);es="Linear";ed="In";};["000-offset.003"]={cf=cfr(0,0,0,-.945,-.169,-.281,.328,-.443,-.834,.016,-.88,.474);es="Linear";ed="In";};["000-offset.007"]={cf=cfr(0,0,0,.749,-.662,0,.662,.749,0,0,0,1);es="Linear";ed="In";};["000-offset.004"]={cf=cfr(0,0,0,.579,-.816,0,.816,.579,0,0,0,1);es="Linear";ed="In";};["000-offset.008"]={cf=cfr(0,0,0,.893,.142,.428,-.408,.658,.633,-.192,-.739,.646);es="Linear";ed="In";};["000-offset.005"]={cf=cfr(0,0,0,.923,-.377,-.073,.097,.413,-.906,.371,.829,.418);es="Linear";ed="In";};};{tm=.412;["root"]={cf=cfr(.028,2.665,1.368,0,0,1,0,1,0,-1,0,0);es="Linear";ed="In";};["000-offset"]={cf=cfr(0,0,0,-.063,.973,.222,-.985,-.025,-.169,-.159,-.23,.96);es="Linear";ed="In";};["000-offset.009"]={cf=cfr(0,0,0,-.965,-.073,-.253,.071,-.997,.018,-.254,0,.967);es="Linear";ed="In";};["000-offset.012"]={cf=cfr(0,0,0,-.837,-.21,-.506,.349,-.916,-.198,-.422,-.342,.84);es="Linear";ed="In";};["000-offset.010"]={cf=cfr(0,0,0,.172,.985,0,-.985,.172,0,0,0,1);es="Linear";ed="In";};["000-offset.013"]={cf=cfr(0,0,0,.345,.939,0,-.939,.345,0,0,0,1);es="Linear";ed="In";};["000-offset.002"]={cf=cfr(0,0,0,.914,-.381,.141,.115,-.089,-.989,.389,.92,-.037);es="Linear";ed="In";};["000-offset.011"]={cf=cfr(0,0,0,.579,-.689,.435,.809,.551,-.203,-.1,.47,.877);es="Linear";ed="In";};["000-offset.014"]={cf=cfr(0,0,0,.481,-.818,-.316,.877,.454,.159,.013,-.354,.935);es="Linear";ed="In";};["000-offset.006"]={cf=cfr(0,0,0,-.964,.034,-.263,-.23,-.601,.766,-.132,.799,.587);es="Linear";ed="In";};["000-offset.003"]={cf=cfr(0,0,0,-.942,-.175,-.288,.336,-.422,-.842,.026,-.889,.457);es="Linear";ed="In";};["000-offset.007"]={cf=cfr(0,0,0,.776,-.631,0,.631,.776,0,0,0,1);es="Linear";ed="In";};["000-offset.004"]={cf=cfr(0,0,0,.603,-.798,0,.798,.603,0,0,0,1);es="Linear";ed="In";};["000-offset.008"]={cf=cfr(0,0,0,.901,.135,.412,-.389,.67,.633,-.191,-.73,.656);es="Linear";ed="In";};["000-offset.005"]={cf=cfr(0,0,0,.924,-.376,-.068,.101,.412,-.905,.369,.83,.419);es="Linear";ed="In";};};{tm=.458;["RootNode"]={cf=cfr(0,0,0,-1,0,0,0,1,0,0,0,-1);es="Linear";ed="In";};["root"]={cf=cfr(.056,2.665,1.396,0,0,1,0,1,0,-1,0,0);es="Linear";ed="In";};["000-offset"]={cf=cfr(0,0,0,-.074,.972,.222,-.985,-.037,-.169,-.156,-.231,.96);es="Linear";ed="In";};["004-offset.001"]={cf=cfr(0,0,0,-.015,-1,0,1,-.015,0,0,0,1);es="Linear";ed="In";};["006-offset"]={cf=cfr(0,0,0,-.015,-1,0,1,-.015,0,0,0,1);es="Linear";ed="In";};["000-offset.009"]={cf=cfr(0,0,0,-.967,-.086,-.242,.085,-.996,.017,-.242,-.004,.97);es="Linear";ed="In";};["000-offset.012"]={cf=cfr(0,0,0,-.826,-.252,-.505,.394,-.898,-.197,-.404,-.362,.84);es="Linear";ed="In";};["000-offset.001"]={cf=cfr(0,0,0,.967,-.254,-.017,.249,.928,.277,-.055,-.272,.961);es="Linear";ed="In";};["000-offset.010"]={cf=cfr(0,0,0,.206,.979,0,-.979,.206,0,0,0,1);es="Linear";ed="In";};["000-offset.013"]={cf=cfr(0,0,0,.362,.932,0,-.932,.362,0,0,0,1);es="Linear";ed="In";};["004-offset"]={cf=cfr(0,0,0,.035,-.999,0,.999,.035,0,0,0,1);es="Linear";ed="In";};["002-offset"]={cf=cfr(0,0,0,.035,-.999,0,.999,.035,0,0,0,1);es="Linear";ed="In";};["000-offset.002"]={cf=cfr(0,0,0,.917,-.369,.15,.125,-.091,-.988,.378,.925,-.037);es="Linear";ed="In";};["000-offset.011"]={cf=cfr(0,0,0,.619,-.659,.427,.776,.597,-.203,-.12,.457,.881);es="Linear";ed="In";};["000-offset.014"]={cf=cfr(0,0,0,.476,-.824,-.309,.88,.45,.155,.012,-.345,.938);es="Linear";ed="In";};["000-offset.006"]={cf=cfr(0,0,0,-.964,.058,-.261,-.243,-.599,.763,-.113,.798,.591);es="Linear";ed="In";};["000-offset.003"]={cf=cfr(0,0,0,-.94,-.178,-.29,.339,-.408,-.848,.033,-.895,.444);es="Linear";ed="In";};["000-offset.007"]={cf=cfr(0,0,0,.795,-.607,0,.607,.795,0,0,0,1);es="Linear";ed="In";};["000-offset.004"]={cf=cfr(0,0,0,.622,-.783,0,.783,.622,0,0,0,1);es="Linear";ed="In";};["000-offset.008"]={cf=cfr(0,0,0,.908,.128,.398,-.372,.68,.632,-.19,-.722,.665);es="Linear";ed="In";};["000-offset.005"]={cf=cfr(0,0,0,.925,-.375,-.064,.104,.412,-.905,.366,.83,.42);es="Linear";ed="In";};};}