local cfr = CFrame.new

return {{tm=0;["RootNode"]={cf=cfr(0,0,0,-1,0,0,0,1,0,0,0,-1);es="Linear";ed="In";};["root"]={cf=cfr(-.846,4.117,2.82,0,0,1,0,1,0,-1,0,0);es="Linear";ed="In";};["000-offset"]={cf=cfr(0,0,0,-.541,.841,.012,-.734,-.465,-.494,-.41,-.276,.869);es="Linear";ed="In";};["004-offset.001"]={cf=cfr(0,0,0,-.015,-1,0,1,-.015,0,0,0,1);es="Linear";ed="In";};["006-offset"]={cf=cfr(0,0,0,-.015,-1,0,1,-.015,0,0,0,1);es="Linear";ed="In";};["000-offset.009"]={cf=cfr(0,0,0,-.607,-.632,.483,.209,-.713,-.67,.767,-.305,.564);es="Linear";ed="In";};["000-offset.012"]={cf=cfr(0,0,0,-.667,-.66,-.345,.745,-.571,-.345,.031,-.487,.873);es="Linear";ed="In";};["000-offset.001"]={cf=cfr(0,0,0,.926,-.368,-.082,.377,.892,.252,-.02,-.264,.964);es="Linear";ed="In";};["000-offset.010"]={cf=cfr(0,0,0,.219,.976,0,-.976,.219,0,0,0,1);es="Linear";ed="In";};["000-offset.013"]={cf=cfr(0,0,0,.196,.981,0,-.981,.196,0,0,0,1);es="Linear";ed="In";};["004-offset"]={cf=cfr(0,0,0,.035,-.999,0,.999,.035,0,0,0,1);es="Linear";ed="In";};["002-offset"]={cf=cfr(0,0,0,.035,-.999,0,.999,.035,0,0,0,1);es="Linear";ed="In";};["000-offset.002"]={cf=cfr(0,0,0,.828,-.189,.527,.503,-.163,-.849,.246,.968,-.039);es="Linear";ed="In";};["000-offset.011"]={cf=cfr(0,0,0,.784,-.621,-.021,.621,.784,-.018,.028,.001,1);es="Linear";ed="In";};["000-offset.014"]={cf=cfr(0,0,0,.27,-.963,.013,.961,.27,.056,-.058,-.003,.998);es="Linear";ed="In";};["000-offset.006"]={cf=cfr(0,0,0,-.979,.072,-.192,-.175,-.785,.594,-.108,.615,.781);es="Linear";ed="In";};["000-offset.003"]={cf=cfr(0,0,0,-.996,.043,-.082,.043,-.573,-.818,-.082,-.818,.569);es="Linear";ed="In";};["000-offset.007"]={cf=cfr(0,0,0,.878,-.479,0,.479,.878,0,0,0,1);es="Linear";ed="In";};["000-offset.004"]={cf=cfr(0,0,0,.873,-.488,0,.488,.873,0,0,0,1);es="Linear";ed="In";};["000-offset.008"]={cf=cfr(0,0,0,.925,-.379,.014,.35,.866,.357,-.147,-.326,.934);es="Linear";ed="In";};["000-offset.005"]={cf=cfr(0,0,0,.932,-.351,.092,.238,.4,-.885,.274,.847,.456);es="Linear";ed="In";};};{tm=.042;["root"]={cf=cfr(-.832,4.103,2.806,0,0,1,0,1,0,-1,0,0);es="Linear";ed="In";};["000-offset"]={cf=cfr(0,0,0,-.538,.843,.015,-.738,-.463,-.492,-.408,-.276,.87);es="Linear";ed="In";};["000-offset.009"]={cf=cfr(0,0,0,-.607,-.635,.478,.217,-.711,-.669,.764,-.302,.569);es="Linear";ed="In";};["000-offset.012"]={cf=cfr(0,0,0,-.691,-.639,-.338,.723,-.603,-.337,.011,-.477,.879);es="Linear";ed="In";};["000-offset.013"]={cf=cfr(0,0,0,.188,.982,0,-.982,.188,0,0,0,1);es="Linear";ed="In";};["000-offset.002"]={cf=cfr(0,0,0,.83,-.191,.525,.5,-.162,-.85,.247,.968,-.039);es="Linear";ed="In";};["000-offset.011"]={cf=cfr(0,0,0,.772,-.636,-.021,.635,.772,-.022,.03,.004,1);es="Linear";ed="In";};["000-offset.014"]={cf=cfr(0,0,0,.271,-.962,.011,.961,.271,.057,-.057,-.005,.998);es="Linear";ed="In";};["000-offset.006"]={cf=cfr(0,0,0,-.978,.074,-.194,-.177,-.783,.596,-.108,.617,.779);es="Linear";ed="In";};["000-offset.003"]={cf=cfr(0,0,0,-.996,.041,-.083,.045,-.573,-.819,-.081,-.819,.568);es="Linear";ed="In";};["000-offset.007"]={cf=cfr(0,0,0,.877,-.48,0,.48,.877,0,0,0,1);es="Linear";ed="In";};["000-offset.004"]={cf=cfr(0,0,0,.871,-.491,0,.491,.871,0,0,0,1);es="Linear";ed="In";};["000-offset.008"]={cf=cfr(0,0,0,.927,-.374,.015,.344,.867,.36,-.147,-.329,.933);es="Linear";ed="In";};["000-offset.005"]={cf=cfr(0,0,0,.932,-.351,.091,.237,.4,-.886,.274,.847,.456);es="Linear";ed="In";};};{tm=.083;["root"]={cf=cfr(-.818,4.075,2.778,0,0,1,0,1,0,-1,0,0);es="Linear";ed="In";};["000-offset"]={cf=cfr(0,0,0,-.53,.848,.023,-.746,-.454,-.487,-.402,-.275,.873);es="Linear";ed="In";};["000-offset.009"]={cf=cfr(0,0,0,-.608,-.644,.463,.241,-.706,-.666,.756,-.293,.585);es="Linear";ed="In";};["000-offset.012"]={cf=cfr(0,0,0,-.752,-.574,-.324,.658,-.685,-.312,-.043,-.448,.893);es="Linear";ed="In";};["000-offset.013"]={cf=cfr(0,0,0,.167,.986,0,-.986,.167,0,0,0,1);es="Linear";ed="In";};["000-offset.002"]={cf=cfr(0,0,0,.834,-.195,.517,.492,-.162,-.855,.25,.967,-.039);es="Linear";ed="In";};["000-offset.011"]={cf=cfr(0,0,0,.738,-.674,-.018,.674,.738,-.034,.037,.013,.999);es="Linear";ed="In";};["000-offset.014"]={cf=cfr(0,0,0,.276,-.961,.004,.96,.275,.057,-.056,-.012,.998);es="Linear";ed="In";};["000-offset.006"]={cf=cfr(0,0,0,-.978,.074,-.196,-.179,-.78,.6,-.108,.622,.776);es="Linear";ed="In";};["000-offset.003"]={cf=cfr(0,0,0,-.996,.035,-.087,.052,-.57,-.82,-.078,-.821,.565);es="Linear";ed="In";};["000-offset.007"]={cf=cfr(0,0,0,.876,-.483,0,.483,.876,0,0,0,1);es="Linear";ed="In";};["000-offset.004"]={cf=cfr(0,0,0,.867,-.498,0,.498,.867,0,0,0,1);es="Linear";ed="In";};["000-offset.008"]={cf=cfr(0,0,0,.933,-.36,.018,.328,.869,.37,-.148,-.339,.929);es="Linear";ed="In";};["000-offset.005"]={cf=cfr(0,0,0,.932,-.351,.087,.234,.4,-.886,.276,.847,.455);es="Linear";ed="In";};};{tm=.125;["root"]={cf=cfr(-.775,4.018,2.721,0,0,1,0,1,0,-1,0,0);es="Linear";ed="In";};["000-offset"]={cf=cfr(0,0,0,-.517,.855,.035,-.76,-.44,-.478,-.393,-.274,.878);es="Linear";ed="In";};["000-offset.009"]={cf=cfr(0,0,0,-.61,-.657,.443,.276,-.7,-.658,.742,-.279,.609);es="Linear";ed="In";};["000-offset.012"]={cf=cfr(0,0,0,-.826,-.466,-.318,.55,-.789,-.275,-.123,-.402,.907);es="Linear";ed="In";};["000-offset.013"]={cf=cfr(0,0,0,.137,.991,0,-.991,.137,0,0,0,1);es="Linear";ed="In";};["000-offset.002"]={cf=cfr(0,0,0,.84,-.201,.504,.479,-.162,-.863,.255,.966,-.039);es="Linear";ed="In";};["000-offset.011"]={cf=cfr(0,0,0,.685,-.729,-.012,.727,.684,-.051,.046,.026,.999);es="Linear";ed="In";};["000-offset.014"]={cf=cfr(0,0,0,.282,-.959,-.007,.958,.282,.058,-.054,-.023,.998);es="Linear";ed="In";};["000-offset.006"]={cf=cfr(0,0,0,-.978,.074,-.197,-.181,-.774,.607,-.108,.629,.77);es="Linear";ed="In";};["000-offset.003"]={cf=cfr(0,0,0,-.995,.025,-.094,.063,-.565,-.822,-.074,-.824,.561);es="Linear";ed="In";};["000-offset.007"]={cf=cfr(0,0,0,.873,-.488,0,.488,.873,0,0,0,1);es="Linear";ed="In";};["000-offset.004"]={cf=cfr(0,0,0,.86,-.51,0,.51,.86,0,0,0,1);es="Linear";ed="In";};["000-offset.008"]={cf=cfr(0,0,0,.941,-.337,.023,.303,.872,.385,-.15,-.356,.923);es="Linear";ed="In";};["000-offset.005"]={cf=cfr(0,0,0,.932,-.352,.082,.229,.4,-.887,.28,.846,.454);es="Linear";ed="In";};};{tm=.167;["root"]={cf=cfr(-.733,3.948,2.651,0,0,1,0,1,0,-1,0,0);es="Linear";ed="In";};["000-offset"]={cf=cfr(0,0,0,-.5,.865,.051,-.777,-.422,-.466,-.382,-.272,.883);es="Linear";ed="In";};["000-offset.009"]={cf=cfr(0,0,0,-.612,-.671,.418,.321,-.694,-.644,.723,-.26,.64);es="Linear";ed="In";};["000-offset.012"]={cf=cfr(0,0,0,-.888,-.318,-.333,.404,-.884,-.234,-.22,-.342,.914);es="Linear";ed="In";};["000-offset.013"]={cf=cfr(0,0,0,.099,.995,0,-.995,.099,0,0,0,1);es="Linear";ed="In";};["000-offset.002"]={cf=cfr(0,0,0,.847,-.21,.488,.462,-.161,-.872,.261,.964,-.039);es="Linear";ed="In";};["000-offset.011"]={cf=cfr(0,0,0,.614,-.789,-.001,.787,.613,-.071,.057,.043,.997);es="Linear";ed="In";};["000-offset.014"]={cf=cfr(0,0,0,.291,-.956,-.021,.955,.29,.06,-.051,-.038,.998);es="Linear";ed="In";};["000-offset.006"]={cf=cfr(0,0,0,-.977,.073,-.2,-.183,-.766,.616,-.108,.639,.762);es="Linear";ed="In";};["000-offset.003"]={cf=cfr(0,0,0,-.995,.013,-.103,.078,-.559,-.825,-.068,-.829,.555);es="Linear";ed="In";};["000-offset.007"]={cf=cfr(0,0,0,.87,-.493,0,.493,.87,0,0,0,1);es="Linear";ed="In";};["000-offset.004"]={cf=cfr(0,0,0,.851,-.526,0,.526,.851,0,0,0,1);es="Linear";ed="In";};["000-offset.008"]={cf=cfr(0,0,0,.951,-.308,.031,.27,.874,.405,-.152,-.377,.914);es="Linear";ed="In";};["000-offset.005"]={cf=cfr(0,0,0,.933,-.353,.074,.222,.401,-.889,.284,.845,.452);es="Linear";ed="In";};};{tm=.208;["root"]={cf=cfr(-.691,3.863,2.58,0,0,1,0,1,0,-1,0,0);es="Linear";ed="In";};["000-offset"]={cf=cfr(0,0,0,-.478,.876,.069,-.798,-.4,-.451,-.368,-.27,.89);es="Linear";ed="In";};["000-offset.009"]={cf=cfr(0,0,0,-.614,-.684,.393,.37,-.69,-.622,.697,-.237,.677);es="Linear";ed="In";};["000-offset.012"]={cf=cfr(0,0,0,-.916,-.147,-.374,.235,-.95,-.203,-.325,-.274,.905);es="Linear";ed="In";};["000-offset.013"]={cf=cfr(0,0,0,.06,.998,0,-.998,.06,0,0,0,1);es="Linear";ed="In";};["000-offset.002"]={cf=cfr(0,0,0,.856,-.22,.468,.442,-.159,-.883,.269,.962,-.039);es="Linear";ed="In";};["000-offset.011"]={cf=cfr(0,0,0,.531,-.847,.018,.845,.528,-.092,.068,.064,.996);es="Linear";ed="In";};["000-offset.014"]={cf=cfr(0,0,0,.301,-.953,-.038,.952,.299,.062,-.047,-.055,.997);es="Linear";ed="In";};["000-offset.006"]={cf=cfr(0,0,0,-.976,.074,-.203,-.188,-.756,.627,-.108,.65,.752);es="Linear";ed="In";};["000-offset.003"]={cf=cfr(0,0,0,-.994,-.001,-.113,.095,-.552,-.828,-.062,-.834,.548);es="Linear";ed="In";};["000-offset.007"]={cf=cfr(0,0,0,.866,-.5,0,.5,.866,0,0,0,1);es="Linear";ed="In";};["000-offset.004"]={cf=cfr(0,0,0,.839,-.544,0,.544,.839,0,0,0,1);es="Linear";ed="In";};["000-offset.008"]={cf=cfr(0,0,0,.961,-.273,.043,.229,.874,.428,-.154,-.402,.903);es="Linear";ed="In";};["000-offset.005"]={cf=cfr(0,0,0,.933,-.355,.065,.215,.401,-.891,.29,.845,.45);es="Linear";ed="In";};};{tm=.25;["root"]={cf=cfr(-.634,3.779,2.482,0,0,1,0,1,0,-1,0,0);es="Linear";ed="In";};["000-offset"]={cf=cfr(0,0,0,-.452,.888,.088,-.82,-.374,-.433,-.352,-.268,.897);es="Linear";ed="In";};["000-offset.009"]={cf=cfr(0,0,0,-.617,-.695,.369,.422,-.689,-.59,.664,-.209,.718);es="Linear";ed="In";};["000-offset.012"]={cf=cfr(0,0,0,-.901,.025,-.433,.067,-.978,-.196,-.428,-.205,.88);es="Linear";ed="In";};["000-offset.013"]={cf=cfr(0,0,0,.02,1,0,-1,.02,0,0,0,1);es="Linear";ed="In";};["000-offset.002"]={cf=cfr(0,0,0,.865,-.232,.445,.418,-.157,-.895,.277,.96,-.039);es="Linear";ed="In";};["000-offset.011"]={cf=cfr(0,0,0,.442,-.896,.043,.894,.435,-.109,.079,.087,.993);es="Linear";ed="In";};["000-offset.014"]={cf=cfr(0,0,0,.313,-.948,-.056,.949,.309,.064,-.044,-.073,.996);es="Linear";ed="In";};["000-offset.006"]={cf=cfr(0,0,0,-.975,.074,-.207,-.192,-.745,.639,-.107,.663,.741);es="Linear";ed="In";};["000-offset.003"]={cf=cfr(0,0,0,-.992,-.017,-.126,.115,-.543,-.832,-.054,-.84,.54);es="Linear";ed="In";};["000-offset.007"]={cf=cfr(0,0,0,.861,-.508,0,.508,.861,0,0,0,1);es="Linear";ed="In";};["000-offset.004"]={cf=cfr(0,0,0,.826,-.564,0,.564,.826,0,0,0,1);es="Linear";ed="In";};["000-offset.008"]={cf=cfr(0,0,0,.971,-.234,.058,.183,.872,.454,-.157,-.43,.889);es="Linear";ed="In";};["000-offset.005"]={cf=cfr(0,0,0,.933,-.356,.055,.206,.402,-.892,.296,.844,.448);es="Linear";ed="In";};};{tm=.292;["root"]={cf=cfr(-.564,3.666,2.383,0,0,1,0,1,0,-1,0,0);es="Linear";ed="In";};["000-offset"]={cf=cfr(0,0,0,-.422,.9,.108,-.843,-.346,-.412,-.334,-.265,.905);es="Linear";ed="In";};["000-offset.009"]={cf=cfr(0,0,0,-.624,-.7,.348,.471,-.692,-.548,.624,-.178,.761);es="Linear";ed="In";};["000-offset.012"]={cf=cfr(0,0,0,-.85,.179,-.496,-.079,-.973,-.215,-.521,-.144,.841);es="Linear";ed="In";};["000-offset.013"]={cf=cfr(0,0,0,-.014,1,0,-1,-.014,0,0,0,1);es="Linear";ed="In";};["000-offset.002"]={cf=cfr(0,0,0,.874,-.244,.419,.392,-.154,-.907,.286,.957,-.039);es="Linear";ed="In";};["000-offset.011"]={cf=cfr(0,0,0,.354,-.932,.074,.931,.344,-.12,.087,.111,.99);es="Linear";ed="In";};["000-offset.014"]={cf=cfr(0,0,0,.325,-.943,-.075,.945,.32,.068,-.04,-.093,.995);es="Linear";ed="In";};["000-offset.006"]={cf=cfr(0,0,0,-.974,.074,-.212,-.198,-.733,.651,-.107,.677,.728);es="Linear";ed="In";};["000-offset.003"]={cf=cfr(0,0,0,-.99,-.034,-.14,.136,-.532,-.835,-.046,-.846,.532);es="Linear";ed="In";};["000-offset.007"]={cf=cfr(0,0,0,.856,-.517,0,.517,.856,0,0,0,1);es="Linear";ed="In";};["000-offset.004"]={cf=cfr(0,0,0,.81,-.586,0,.586,.81,0,0,0,1);es="Linear";ed="In";};["000-offset.008"]={cf=cfr(0,0,0,.978,-.192,.078,.131,.867,.481,-.16,-.46,.873);es="Linear";ed="In";};["000-offset.005"]={cf=cfr(0,0,0,.933,-.358,.044,.197,.402,-.894,.302,.843,.445);es="Linear";ed="In";};};{tm=.333;["root"]={cf=cfr(-.493,3.567,2.284,0,0,1,0,1,0,-1,0,0);es="Linear";ed="In";};["000-offset"]={cf=cfr(0,0,0,-.389,.912,.128,-.866,-.315,-.389,-.315,-.262,.912);es="Linear";ed="In";};["000-offset.009"]={cf=cfr(0,0,0,-.636,-.697,.33,.513,-.702,-.494,.576,-.145,.804);es="Linear";ed="In";};["000-offset.012"]={cf=cfr(0,0,0,-.78,.299,-.55,-.186,-.95,-.252,-.597,-.095,.796);es="Linear";ed="In";};["000-offset.013"]={cf=cfr(0,0,0,-.041,.999,0,-.999,-.041,0,0,0,1);es="Linear";ed="In";};["000-offset.002"]={cf=cfr(0,0,0,.883,-.258,.392,.364,-.15,-.919,.296,.954,-.039);es="Linear";ed="In";};["000-offset.011"]={cf=cfr(0,0,0,.277,-.955,.106,.957,.263,-.126,.092,.137,.986);es="Linear";ed="In";};["000-offset.014"]={cf=cfr(0,0,0,.337,-.937,-.094,.941,.331,.072,-.036,-.113,.993);es="Linear";ed="In";};["000-offset.006"]={cf=cfr(0,0,0,-.973,.074,-.217,-.203,-.719,.665,-.107,.691,.715);es="Linear";ed="In";};["000-offset.003"]={cf=cfr(0,0,0,-.987,-.052,-.155,.159,-.521,-.839,-.037,-.852,.522);es="Linear";ed="In";};["000-offset.007"]={cf=cfr(0,0,0,.851,-.526,0,.526,.851,0,0,0,1);es="Linear";ed="In";};["000-offset.004"]={cf=cfr(0,0,0,.793,-.609,0,.609,.793,0,0,0,1);es="Linear";ed="In";};["000-offset.008"]={cf=cfr(0,0,0,.984,-.148,.103,.076,.858,.508,-.163,-.491,.855);es="Linear";ed="In";};["000-offset.005"]={cf=cfr(0,0,0,.933,-.36,.033,.187,.403,-.896,.309,.842,.443);es="Linear";ed="In";};};{tm=.375;["root"]={cf=cfr(-.423,3.44,2.171,0,0,1,0,1,0,-1,0,0);es="Linear";ed="In";};["000-offset"]={cf=cfr(0,0,0,-.354,.924,.147,-.888,-.282,-.364,-.295,-.259,.92);es="Linear";ed="In";};["000-offset.009"]={cf=cfr(0,0,0,-.659,-.683,.313,.543,-.721,-.43,.52,-.113,.847);es="Linear";ed="In";};["000-offset.012"]={cf=cfr(0,0,0,-.716,.38,-.586,-.25,-.923,-.292,-.652,-.062,.756);es="Linear";ed="In";};["000-offset.013"]={cf=cfr(0,0,0,-.055,.998,0,-.998,-.055,0,0,0,1);es="Linear";ed="In";};["000-offset.002"]={cf=cfr(0,0,0,.891,-.272,.363,.335,-.145,-.931,.306,.951,-.038);es="Linear";ed="In";};["000-offset.011"]={cf=cfr(0,0,0,.22,-.966,.139,.971,.203,-.125,.093,.162,.982);es="Linear";ed="In";};["000-offset.014"]={cf=cfr(0,0,0,.349,-.93,-.114,.937,.342,.076,-.032,-.133,.991);es="Linear";ed="In";};["000-offset.006"]={cf=cfr(0,0,0,-.972,.074,-.222,-.209,-.705,.678,-.107,.706,.7);es="Linear";ed="In";};["000-offset.003"]={cf=cfr(0,0,0,-.983,-.07,-.171,.183,-.508,-.842,-.028,-.859,.512);es="Linear";ed="In";};["000-offset.007"]={cf=cfr(0,0,0,.845,-.535,0,.535,.845,0,0,0,1);es="Linear";ed="In";};["000-offset.004"]={cf=cfr(0,0,0,.774,-.633,0,.633,.774,0,0,0,1);es="Linear";ed="In";};["000-offset.008"]={cf=cfr(0,0,0,.986,-.105,.131,.019,.846,.533,-.167,-.523,.836);es="Linear";ed="In";};["000-offset.005"]={cf=cfr(0,0,0,.932,-.361,.021,.176,.404,-.898,.316,.84,.44);es="Linear";ed="In";};};{tm=.417;["root"]={cf=cfr(-.352,3.328,2.059,0,0,1,0,1,0,-1,0,0);es="Linear";ed="In";};["000-offset"]={cf=cfr(0,0,0,-.316,.934,.164,-.908,-.248,-.338,-.275,-.256,.927);es="Linear";ed="In";};["000-offset.009"]={cf=cfr(0,0,0,-.697,-.654,.295,.555,-.752,-.357,.455,-.085,.887);es="Linear";ed="In";};["000-offset.012"]={cf=cfr(0,0,0,-.677,.418,-.606,-.276,-.907,-.318,-.682,-.048,.729);es="Linear";ed="In";};["000-offset.013"]={cf=cfr(0,0,0,-.055,.999,0,-.999,-.055,0,0,0,1);es="Linear";ed="In";};["000-offset.002"]={cf=cfr(0,0,0,.899,-.286,.333,.305,-.14,-.942,.316,.948,-.038);es="Linear";ed="In";};["000-offset.011"]={cf=cfr(0,0,0,.192,-.967,.168,.977,.173,-.121,.088,.188,.978);es="Linear";ed="In";};["000-offset.014"]={cf=cfr(0,0,0,.36,-.924,-.131,.933,.352,.081,-.028,-.152,.988);es="Linear";ed="In";};["000-offset.006"]={cf=cfr(0,0,0,-.971,.073,-.228,-.214,-.69,.691,-.107,.72,.686);es="Linear";ed="In";};["000-offset.003"]={cf=cfr(0,0,0,-.978,-.088,-.188,.207,-.494,-.844,-.019,-.865,.502);es="Linear";ed="In";};["000-offset.007"]={cf=cfr(0,0,0,.839,-.544,0,.544,.839,0,0,0,1);es="Linear";ed="In";};["000-offset.004"]={cf=cfr(0,0,0,.755,-.656,0,.656,.755,0,0,0,1);es="Linear";ed="In";};["000-offset.008"]={cf=cfr(0,0,0,.985,-.063,.162,-.039,.83,.557,-.17,-.555,.815);es="Linear";ed="In";};["000-offset.005"]={cf=cfr(0,0,0,.932,-.363,.008,.166,.405,-.899,.323,.839,.437);es="Linear";ed="In";};};{tm=.458;["root"]={cf=cfr(-.282,3.215,1.946,0,0,1,0,1,0,-1,0,0);es="Linear";ed="In";};["000-offset"]={cf=cfr(0,0,0,-.278,.944,.179,-.926,-.214,-.311,-.255,-.252,.934);es="Linear";ed="In";};["000-offset.009"]={cf=cfr(0,0,0,-.786,-.564,.253,.511,-.824,-.246,.347,-.064,.936);es="Linear";ed="In";};["000-offset.012"]={cf=cfr(0,0,0,-.677,.411,-.611,-.265,-.91,-.319,-.687,-.054,.725);es="Linear";ed="In";};["000-offset.013"]={cf=cfr(0,0,0,-.032,.999,0,-.999,-.032,0,0,0,1);es="Linear";ed="In";};["000-offset.002"]={cf=cfr(0,0,0,.904,-.3,.304,.275,-.133,-.952,.326,.945,-.038);es="Linear";ed="In";};["000-offset.011"]={cf=cfr(0,0,0,.2,-.959,.199,.977,.18,-.114,.074,.217,.973);es="Linear";ed="In";};["000-offset.014"]={cf=cfr(0,0,0,.373,-.916,-.151,.928,.363,.086,-.024,-.173,.985);es="Linear";ed="In";};["000-offset.006"]={cf=cfr(0,0,0,-.97,.073,-.233,-.22,-.675,.704,-.106,.734,.671);es="Linear";ed="In";};["000-offset.003"]={cf=cfr(0,0,0,-.973,-.105,-.205,.23,-.48,-.846,-.009,-.871,.491);es="Linear";ed="In";};["000-offset.007"]={cf=cfr(0,0,0,.833,-.553,0,.553,.833,0,0,0,1);es="Linear";ed="In";};["000-offset.004"]={cf=cfr(0,0,0,.735,-.678,0,.678,.735,0,0,0,1);es="Linear";ed="In";};["000-offset.008"]={cf=cfr(0,0,0,.98,-.024,.196,-.095,.811,.577,-.173,-.585,.793);es="Linear";ed="In";};["000-offset.005"]={cf=cfr(0,0,0,.931,-.365,-.004,.156,.406,-.901,.331,.838,.434);es="Linear";ed="In";};};{tm=.5;["root"]={cf=cfr(-.211,3.102,1.847,0,0,1,0,1,0,-1,0,0);es="Linear";ed="In";};["000-offset"]={cf=cfr(0,0,0,-.241,.952,.191,-.942,-.181,-.284,-.235,-.248,.94);es="Linear";ed="In";};["000-offset.009"]={cf=cfr(0,0,0,-.91,-.388,.149,.374,-.921,-.114,.181,-.048,.982);es="Linear";ed="In";};["000-offset.012"]={cf=cfr(0,0,0,-.708,.363,-.606,-.221,-.929,-.298,-.671,-.077,.737);es="Linear";ed="In";};["000-offset.013"]={cf=cfr(0,0,0,.011,1,0,-1,.011,0,0,0,1);es="Linear";ed="In";};["000-offset.002"]={cf=cfr(0,0,0,.909,-.313,.275,.247,-.127,-.961,.335,.941,-.038);es="Linear";ed="In";};["000-offset.011"]={cf=cfr(0,0,0,.241,-.942,.234,.969,.221,-.108,.05,.253,.966);es="Linear";ed="In";};["000-offset.014"]={cf=cfr(0,0,0,.388,-.905,-.175,.922,.377,.094,-.019,-.198,.98);es="Linear";ed="In";};["000-offset.006"]={cf=cfr(0,0,0,-.968,.072,-.238,-.225,-.661,.716,-.106,.747,.656);es="Linear";ed="In";};["000-offset.003"]={cf=cfr(0,0,0,-.968,-.121,-.222,.252,-.466,-.848,-.001,-.876,.481);es="Linear";ed="In";};["000-offset.007"]={cf=cfr(0,0,0,.827,-.562,0,.562,.827,0,0,0,1);es="Linear";ed="In";};["000-offset.004"]={cf=cfr(0,0,0,.716,-.698,0,.698,.716,0,0,0,1);es="Linear";ed="In";};["000-offset.008"]={cf=cfr(0,0,0,.973,.011,.231,-.15,.79,.595,-.176,-.613,.77);es="Linear";ed="In";};["000-offset.005"]={cf=cfr(0,0,0,.93,-.367,-.015,.146,.407,-.902,.338,.837,.432);es="Linear";ed="In";};};{tm=.542;["root"]={cf=cfr(-.141,3.003,1.748,0,0,1,0,1,0,-1,0,0);es="Linear";ed="In";};["000-offset"]={cf=cfr(0,0,0,-.204,.958,.201,-.955,-.15,-.258,-.217,-.244,.945);es="Linear";ed="In";};["000-offset.009"]={cf=cfr(0,0,0,-.986,-.167,-.014,.168,-.985,-.033,-.009,-.035,.999);es="Linear";ed="In";};["000-offset.012"]={cf=cfr(0,0,0,-.755,.282,-.591,-.147,-.952,-.267,-.639,-.115,.761);es="Linear";ed="In";};["000-offset.013"]={cf=cfr(0,0,0,.07,.998,0,-.998,.07,0,0,0,1);es="Linear";ed="In";};["000-offset.002"]={cf=cfr(0,0,0,.913,-.325,.247,.22,-.12,-.968,.344,.938,-.038);es="Linear";ed="In";};["000-offset.011"]={cf=cfr(0,0,0,.304,-.913,.273,.953,.285,-.107,.02,.292,.956);es="Linear";ed="In";};["000-offset.014"]={cf=cfr(0,0,0,.404,-.892,-.201,.915,.391,.103,-.013,-.226,.974);es="Linear";ed="In";};["000-offset.006"]={cf=cfr(0,0,0,-.967,.071,-.244,-.231,-.647,.727,-.106,.759,.642);es="Linear";ed="In";};["000-offset.003"]={cf=cfr(0,0,0,-.962,-.136,-.238,.273,-.452,-.849,.008,-.882,.472);es="Linear";ed="In";};["000-offset.007"]={cf=cfr(0,0,0,.821,-.57,0,.57,.821,0,0,0,1);es="Linear";ed="In";};["000-offset.004"]={cf=cfr(0,0,0,.697,-.717,0,.717,.697,0,0,0,1);es="Linear";ed="In";};["000-offset.008"]={cf=cfr(0,0,0,.963,.041,.266,-.201,.768,.608,-.179,-.639,.748);es="Linear";ed="In";};["000-offset.005"]={cf=cfr(0,0,0,.929,-.369,-.026,.136,.408,-.903,.344,.835,.429);es="Linear";ed="In";};};{tm=.583;["root"]={cf=cfr(-.085,2.905,1.65,0,0,1,0,1,0,-1,0,0);es="Linear";ed="In";};["000-offset"]={cf=cfr(0,0,0,-.17,.963,.209,-.965,-.12,-.234,-.2,-.241,.95);es="Linear";ed="In";};["000-offset.009"]={cf=cfr(0,0,0,-.983,.036,-.179,-.031,-.999,-.03,-.18,-.024,.983);es="Linear";ed="In";};["000-offset.012"]={cf=cfr(0,0,0,-.803,.176,-.57,-.045,-.971,-.236,-.594,-.164,.787);es="Linear";ed="In";};["000-offset.013"]={cf=cfr(0,0,0,.137,.991,0,-.991,.137,0,0,0,1);es="Linear";ed="In";};["000-offset.002"]={cf=cfr(0,0,0,.915,-.336,.222,.195,-.113,-.974,.352,.935,-.038);es="Linear";ed="In";};["000-offset.011"]={cf=cfr(0,0,0,.379,-.871,.312,.925,.361,-.115,-.013,.332,.943);es="Linear";ed="In";};["000-offset.014"]={cf=cfr(0,0,0,.421,-.878,-.227,.907,.406,.113,-.007,-.254,.967);es="Linear";ed="In";};["000-offset.006"]={cf=cfr(0,0,0,-.966,.07,-.248,-.235,-.634,.737,-.106,.77,.629);es="Linear";ed="In";};["000-offset.003"]={cf=cfr(0,0,0,-.956,-.148,-.252,.292,-.439,-.85,.015,-.886,.463);es="Linear";ed="In";};["000-offset.007"]={cf=cfr(0,0,0,.816,-.578,0,.578,.816,0,0,0,1);es="Linear";ed="In";};["000-offset.004"]={cf=cfr(0,0,0,.679,-.734,0,.734,.679,0,0,0,1);es="Linear";ed="In";};["000-offset.008"]={cf=cfr(0,0,0,.952,.067,.299,-.247,.747,.618,-.182,-.662,.727);es="Linear";ed="In";};["000-offset.005"]={cf=cfr(0,0,0,.928,-.371,-.036,.128,.409,-.904,.35,.834,.427);es="Linear";ed="In";};};{tm=.625;["root"]={cf=cfr(-.028,2.834,1.565,0,0,1,0,1,0,-1,0,0);es="Linear";ed="In";};["000-offset"]={cf=cfr(0,0,0,-.14,.967,.214,-.973,-.094,-.212,-.185,-.238,.954);es="Linear";ed="In";};["000-offset.009"]={cf=cfr(0,0,0,-.944,.157,-.289,-.146,-.987,-.06,-.295,-.015,.955);es="Linear";ed="In";};["000-offset.012"]={cf=cfr(0,0,0,-.837,.054,-.545,.076,-.974,-.212,-.543,-.219,.811);es="Linear";ed="In";};["000-offset.013"]={cf=cfr(0,0,0,.205,.979,0,-.979,.205,0,0,0,1);es="Linear";ed="In";};["000-offset.002"]={cf=cfr(0,0,0,.917,-.345,.2,.173,-.106,-.979,.359,.932,-.038);es="Linear";ed="In";};["000-offset.011"]={cf=cfr(0,0,0,.456,-.818,.349,.889,.44,-.131,-.047,.37,.928);es="Linear";ed="In";};["000-offset.014"]={cf=cfr(0,0,0,.437,-.863,-.252,.899,.419,.124,-.002,-.281,.96);es="Linear";ed="In";};["000-offset.006"]={cf=cfr(0,0,0,-.965,.069,-.252,-.239,-.622,.745,-.106,.78,.617);es="Linear";ed="In";};["000-offset.003"]={cf=cfr(0,0,0,-.951,-.159,-.266,.309,-.427,-.85,.022,-.89,.455);es="Linear";ed="In";};["000-offset.007"]={cf=cfr(0,0,0,.812,-.584,0,.584,.812,0,0,0,1);es="Linear";ed="In";};["000-offset.004"]={cf=cfr(0,0,0,.663,-.749,0,.749,.663,0,0,0,1);es="Linear";ed="In";};["000-offset.008"]={cf=cfr(0,0,0,.94,.088,.33,-.287,.727,.624,-.184,-.681,.708);es="Linear";ed="In";};["000-offset.005"]={cf=cfr(0,0,0,.927,-.372,-.045,.12,.41,-.904,.355,.833,.425);es="Linear";ed="In";};};{tm=.667;["root"]={cf=cfr(0,2.764,1.509,0,0,1,0,1,0,-1,0,0);es="Linear";ed="In";};["000-offset"]={cf=cfr(0,0,0,-.115,.969,.218,-.978,-.072,-.194,-.173,-.235,.957);es="Linear";ed="In";};["000-offset.009"]={cf=cfr(0,0,0,-.934,.153,-.324,-.142,-.988,-.057,-.328,-.008,.944);es="Linear";ed="In";};["000-offset.012"]={cf=cfr(0,0,0,-.849,-.067,-.525,.2,-.959,-.2,-.49,-.274,.827);es="Linear";ed="In";};["000-offset.013"]={cf=cfr(0,0,0,.268,.963,0,-.963,.268,0,0,0,1);es="Linear";ed="In";};["000-offset.002"]={cf=cfr(0,0,0,.918,-.353,.181,.155,-.101,-.983,.365,.93,-.037);es="Linear";ed="In";};["000-offset.011"]={cf=cfr(0,0,0,.527,-.76,.381,.846,.51,-.153,-.078,.403,.912);es="Linear";ed="In";};["000-offset.014"]={cf=cfr(0,0,0,.452,-.849,-.274,.892,.431,.135,.003,-.305,.952);es="Linear";ed="In";};["000-offset.006"]={cf=cfr(0,0,0,-.964,.068,-.255,-.242,-.613,.752,-.105,.787,.607);es="Linear";ed="In";};["000-offset.003"]={cf=cfr(0,0,0,-.946,-.168,-.277,.323,-.417,-.85,.028,-.893,.449);es="Linear";ed="In";};["000-offset.007"]={cf=cfr(0,0,0,.808,-.59,0,.59,.808,0,0,0,1);es="Linear";ed="In";};["000-offset.004"]={cf=cfr(0,0,0,.649,-.761,0,.761,.649,0,0,0,1);es="Linear";ed="In";};["000-offset.008"]={cf=cfr(0,0,0,.929,.104,.355,-.32,.709,.628,-.186,-.697,.692);es="Linear";ed="In";};["000-offset.005"]={cf=cfr(0,0,0,.926,-.373,-.053,.114,.41,-.905,.359,.832,.423);es="Linear";ed="In";};};{tm=.708;["root"]={cf=cfr(.028,2.707,1.452,0,0,1,0,1,0,-1,0,0);es="Linear";ed="In";};["000-offset"]={cf=cfr(0,0,0,-.095,.971,.22,-.982,-.056,-.181,-.163,-.233,.959);es="Linear";ed="In";};["000-offset.009"]={cf=cfr(0,0,0,-.951,.064,-.303,-.059,-.998,-.024,-.304,-.005,.953);es="Linear";ed="In";};["000-offset.012"]={cf=cfr(0,0,0,-.842,-.171,-.512,.308,-.931,-.196,-.443,-.323,.836);es="Linear";ed="In";};["000-offset.013"]={cf=cfr(0,0,0,.32,.947,0,-.947,.32,0,0,0,1);es="Linear";ed="In";};["000-offset.002"]={cf=cfr(0,0,0,.918,-.359,.167,.142,-.096,-.985,.37,.928,-.037);es="Linear";ed="In";};["000-offset.011"]={cf=cfr(0,0,0,.583,-.705,.404,.806,.566,-.177,-.104,.429,.897);es="Linear";ed="In";};["000-offset.014"]={cf=cfr(0,0,0,.463,-.837,-.291,.886,.44,.144,.007,-.324,.946);es="Linear";ed="In";};["000-offset.006"]={cf=cfr(0,0,0,-.964,.067,-.258,-.245,-.605,.757,-.105,.793,.6);es="Linear";ed="In";};["000-offset.003"]={cf=cfr(0,0,0,-.942,-.175,-.285,.333,-.409,-.849,.032,-.896,.444);es="Linear";ed="In";};["000-offset.007"]={cf=cfr(0,0,0,.805,-.594,0,.594,.805,0,0,0,1);es="Linear";ed="In";};["000-offset.004"]={cf=cfr(0,0,0,.639,-.77,0,.77,.639,0,0,0,1);es="Linear";ed="In";};["000-offset.008"]={cf=cfr(0,0,0,.92,.115,.375,-.344,.696,.631,-.188,-.709,.68);es="Linear";ed="In";};["000-offset.005"]={cf=cfr(0,0,0,.926,-.374,-.058,.109,.411,-.905,.363,.831,.422);es="Linear";ed="In";};};{tm=.75;["root"]={cf=cfr(.042,2.679,1.424,0,0,1,0,1,0,-1,0,0);es="Linear";ed="In";};["000-offset"]={cf=cfr(0,0,0,-.083,.972,.221,-.984,-.045,-.172,-.157,-.232,.96);es="Linear";ed="In";};["000-offset.009"]={cf=cfr(0,0,0,-.965,-.042,-.261,.042,-.999,.006,-.261,-.005,.965);es="Linear";ed="In";};["000-offset.012"]={cf=cfr(0,0,0,-.828,-.242,-.506,.384,-.902,-.196,-.409,-.357,.84);es="Linear";ed="In";};["000-offset.013"]={cf=cfr(0,0,0,.356,.935,0,-.935,.356,0,0,0,1);es="Linear";ed="In";};["000-offset.002"]={cf=cfr(0,0,0,.918,-.363,.158,.133,-.093,-.987,.373,.927,-.037);es="Linear";ed="In";};["000-offset.011"]={cf=cfr(0,0,0,.621,-.663,.418,.775,.601,-.196,-.122,.445,.887);es="Linear";ed="In";};["000-offset.014"]={cf=cfr(0,0,0,.471,-.829,-.302,.882,.446,.15,.01,-.337,.941);es="Linear";ed="In";};["000-offset.006"]={cf=cfr(0,0,0,-.963,.067,-.26,-.247,-.601,.761,-.105,.797,.595);es="Linear";ed="In";};["000-offset.003"]={cf=cfr(0,0,0,-.94,-.179,-.291,.34,-.404,-.849,.034,-.897,.441);es="Linear";ed="In";};["000-offset.007"]={cf=cfr(0,0,0,.803,-.596,0,.596,.803,0,0,0,1);es="Linear";ed="In";};["000-offset.004"]={cf=cfr(0,0,0,.632,-.775,0,.775,.632,0,0,0,1);es="Linear";ed="In";};["000-offset.008"]={cf=cfr(0,0,0,.914,.122,.388,-.36,.687,.632,-.189,-.717,.672);es="Linear";ed="In";};["000-offset.005"]={cf=cfr(0,0,0,.925,-.375,-.062,.106,.412,-.905,.365,.831,.421);es="Linear";ed="In";};};{tm=.792;["RootNode"]={cf=cfr(0,0,0,-1,0,0,0,1,0,0,0,-1);es="Linear";ed="In";};["root"]={cf=cfr(.056,2.665,1.41,0,0,1,0,1,0,-1,0,0);es="Linear";ed="In";};["000-offset"]={cf=cfr(0,0,0,-.079,.972,.221,-.985,-.041,-.169,-.155,-.231,.96);es="Linear";ed="In";};["004-offset.001"]={cf=cfr(0,0,0,-.015,-1,0,1,-.015,0,0,0,1);es="Linear";ed="In";};["006-offset"]={cf=cfr(0,0,0,-.015,-1,0,1,-.015,0,0,0,1);es="Linear";ed="In";};["000-offset.009"]={cf=cfr(0,0,0,-.967,-.092,-.237,.091,-.996,.016,-.237,-.006,.971);es="Linear";ed="In";};["000-offset.012"]={cf=cfr(0,0,0,-.821,-.268,-.505,.412,-.89,-.197,-.397,-.369,.84);es="Linear";ed="In";};["000-offset.001"]={cf=cfr(0,0,0,.926,-.368,-.082,.377,.892,.252,-.02,-.264,.964);es="Linear";ed="In";};["000-offset.010"]={cf=cfr(0,0,0,.219,.976,0,-.976,.219,0,0,0,1);es="Linear";ed="In";};["000-offset.013"]={cf=cfr(0,0,0,.369,.93,0,-.93,.369,0,0,0,1);es="Linear";ed="In";};["004-offset"]={cf=cfr(0,0,0,.035,-.999,0,.999,.035,0,0,0,1);es="Linear";ed="In";};["002-offset"]={cf=cfr(0,0,0,.035,-.999,0,.999,.035,0,0,0,1);es="Linear";ed="In";};["000-offset.002"]={cf=cfr(0,0,0,.918,-.364,.155,.13,-.092,-.987,.374,.927,-.037);es="Linear";ed="In";};["000-offset.011"]={cf=cfr(0,0,0,.634,-.647,.423,.763,.614,-.203,-.128,.451,.883);es="Linear";ed="In";};["000-offset.014"]={cf=cfr(0,0,0,.473,-.826,-.306,.881,.448,.153,.011,-.342,.94);es="Linear";ed="In";};["000-offset.006"]={cf=cfr(0,0,0,-.963,.067,-.261,-.248,-.599,.762,-.105,.798,.593);es="Linear";ed="In";};["000-offset.003"]={cf=cfr(0,0,0,-.939,-.18,-.293,.342,-.402,-.849,.035,-.897,.44);es="Linear";ed="In";};["000-offset.007"]={cf=cfr(0,0,0,.802,-.597,0,.597,.802,0,0,0,1);es="Linear";ed="In";};["000-offset.004"]={cf=cfr(0,0,0,.629,-.777,0,.777,.629,0,0,0,1);es="Linear";ed="In";};["000-offset.008"]={cf=cfr(0,0,0,.911,.125,.392,-.365,.684,.632,-.189,-.719,.669);es="Linear";ed="In";};["000-offset.005"]={cf=cfr(0,0,0,.925,-.375,-.063,.105,.412,-.905,.365,.831,.42);es="Linear";ed="In";};};}