local cfr = CFrame.new

return {{tm=0;["LeftUpperArm"]={cf=cfr(0,0,0,.976,.174,-.134,-.203,.948,-.247,.084,.268,.96);es="Linear";ed="In";};["Head"]={cf=cfr(0,0,0,.985,-.163,-.061,.172,.861,.48,-.025,-.483,.875);es="Linear";ed="In";};["RightUpperArm"]={cf=cfr(0,0,0,.989,-.134,.056,.078,.814,.576,-.123,-.566,.815);es="Linear";ed="In";};["LeftUpperLeg"]={cf=cfr(0,0,0,.979,.089,.184,-.091,.996,.002,-.183,-.019,.983);es="Linear";ed="In";};["RightUpperLeg"]={cf=cfr(.003,-.014,-.057,.971,.003,.241,.241,-.005,-.971,-.002,1,-.006);es="Linear";ed="In";};["UpperTorso"]={cf=cfr(0,0,0,1,-.011,-.003,.011,.953,.302,0,-.302,.953);es="Linear";ed="In";};["LeftLowerArm"]={cf=cfr(0,0,0,1,0,0,0,.825,-.565,0,.565,.825);es="Linear";ed="In";};["LeftFoot"]={cf=cfr(0,0,0,1,0,0,0,1,0,0,0,1);es="Linear";ed="In";};["LeftLowerLeg"]={cf=cfr(0,0,0,1,0,0,0,.932,.362,0,-.362,.932);es="Linear";ed="In";};["RightLowerArm"]={cf=cfr(0,0,0,.991,-.111,-.075,-.02,.434,-.901,.133,.894,.428);es="Linear";ed="In";};["LowerTorso"]={cf=cfr(0,-.407,0,.999,.006,.039,0,.99,-.141,-.039,.141,.989);es="Sine";ed="Out";};["RightFoot"]={cf=cfr(0,0,0,1,0,0,0,1,0,0,0,1);es="Linear";ed="In";};["RightLowerLeg"]={cf=cfr(0,0,0,1,0,0,0,.085,.996,0,-.996,.085);es="Linear";ed="In";};["LeftHand"]={cf=cfr(0,0,0,1,0,0,0,1,0,0,0,1);es="Linear";ed="In";};["RightHand"]={cf=cfr(0,0,0,1,0,0,0,1,0,0,0,1);es="Linear";ed="In";};};{tm=.017;["LowerTorso"]={cf=cfr(0,.25,0,.999,.005,.032,0,.99,-.142,-.033,.142,.989);es="Linear";ed="In";};};{tm=.033;["LowerTorso"]={cf=cfr(0,.887,0,1,.004,.026,0,.99,-.143,-.026,.143,.989);es="Linear";ed="In";};["RightLowerLeg"]={cf=cfr(0,.039,-.062,1,0,0,0,-.434,.901,0,-.901,-.434);es="Sine";ed="Out";};["RightUpperLeg"]={cf=cfr(.016,.086,-.224,.982,-.061,.177,.179,.024,-.984,.056,.998,.034);es="Sine";ed="Out";};};{tm=.05;["LowerTorso"]={cf=cfr(0,1.484,0,1,.003,.019,0,.99,-.144,-.02,.144,.989);es="Linear";ed="In";};["RightLowerLeg"]={cf=cfr(0,.098,-.189,1,0,0,0,.445,.895,0,-.895,.445);es="Linear";ed="In";};["RightUpperLeg"]={cf=cfr(.02,.107,-.261,.99,-.038,.135,.109,-.396,-.912,.089,.917,-.388);es="Linear";ed="In";};};{tm=.067;["LowerTorso"]={cf=cfr(0,2.025,0,1,.002,.014,0,.99,-.144,-.014,.144,.989);es="Linear";ed="In";};["RightLowerLeg"]={cf=cfr(0,.057,-.071,1,0,0,0,.903,.429,0,-.429,.903);es="Linear";ed="In";};["RightUpperLeg"]={cf=cfr(.017,.144,-.343,.994,-.034,.1,.053,-.662,-.748,.092,.749,-.657);es="Linear";ed="In";};["UpperTorso"]={cf=cfr(.009,-.055,-.022,.979,-.055,-.196,-.048,.872,-.486,.197,.486,.852);es="Linear";ed="In";};["Head"]={cf=cfr(.001,-.006,.001,.964,-.049,.261,-.157,.686,.71,-.213,-.726,.654);es="Linear";ed="In";};};{tm=.083;["LowerTorso"]={cf=cfr(0,2.491,0,1,.001,.009,0,.989,-.145,-.009,.145,.989);es="Linear";ed="In";};["RightLowerLeg"]={cf=cfr(0,0,0,1,0,0,0,.98,.198,0,-.198,.98);es="Linear";ed="In";};["RightUpperLeg"]={cf=cfr(.014,.165,-.383,.996,-.036,.088,.032,-.744,-.667,.089,.667,-.74);es="Linear";ed="In";};};{tm=.1;["LowerTorso"]={cf=cfr(0,2.869,0,1,.001,.005,0,.989,-.146,-.005,.146,.989);es="Linear";ed="In";};};{tm=.117;["LowerTorso"]={cf=cfr(0,3.148,0,1,0,.002,0,.989,-.146,-.002,.146,.989);es="Linear";ed="In";};};{tm=.133;["LowerTorso"]={cf=cfr(0,3.319,0,1,0,.001,0,.989,-.146,-.001,.146,.989);es="Linear";ed="In";};};{tm=.15;["Head"]={cf=cfr(0,0,0,.948,-.314,.056,.197,.713,.674,-.251,-.627,.737);es="Linear";ed="In";};["LeftUpperArm"]={cf=cfr(0,0,0,.435,.83,-.349,-.898,.425,-.111,.057,.362,.93);es="Linear";ed="In";};["RightUpperArm"]={cf=cfr(0,0,0,.98,-.191,-.052,.181,.757,.628,-.08,-.625,.776);es="Linear";ed="In";};["LeftUpperLeg"]={cf=cfr(0,0,0,.972,-.071,.222,-.023,.919,.394,-.232,-.388,.892);es="Linear";ed="In";};["RightUpperLeg"]={cf=cfr(0,.293,-.649,.989,-.147,.02,-.129,-.917,-.377,.074,.37,-.926);es="Linear";ed="In";};["UpperTorso"]={cf=cfr(.009,-.055,-.022,.988,-.071,-.136,-.022,.812,-.584,.152,.58,.801);es="Linear";ed="In";};["LeftLowerArm"]={cf=cfr(0,0,0,1,0,0,0,.548,-.836,0,.836,.548);es="Linear";ed="In";};["LeftLowerLeg"]={cf=cfr(0,0,0,1,0,0,0,.968,.251,0,-.251,.968);es="Linear";ed="In";};["RightLowerLeg"]={cf=cfr(0,0,0,1,0,0,0,.974,.227,0,-.227,.974);es="Linear";ed="In";};["LowerTorso"]={cf=cfr(0,3.376,0,1,0,0,0,.989,-.146,0,.146,.989);es="Sine";ed="In";};["RightLowerArm"]={cf=cfr(0,0,0,1,0,0,0,.968,-.252,0,.252,.968);es="Linear";ed="In";};};{tm=.167;["LowerTorso"]={cf=cfr(0,3.37,0,1,0,0,0,.989,-.148,0,.148,.989);es="Linear";ed="In";};};{tm=.183;["LowerTorso"]={cf=cfr(0,3.354,0,1,0,0,0,.988,-.154,0,.154,.988);es="Linear";ed="In";};};{tm=.2;["LowerTorso"]={cf=cfr(0,3.327,0,1,0,0,0,.987,-.163,0,.163,.987);es="Linear";ed="In";};["RightUpperLeg"]={cf=cfr(0,.308,-.547,.975,-.221,.039,-.153,-.784,-.602,.163,.58,-.798);es="Linear";ed="In";};["LeftUpperArm"]={cf=cfr(0,0,0,.387,.847,-.365,-.91,.288,-.297,-.147,.447,.882);es="Linear";ed="In";};};{tm=.217;["LowerTorso"]={cf=cfr(0,3.29,0,1,0,0,0,.984,-.176,0,.176,.984);es="Linear";ed="In";};["Head"]={cf=cfr(0,-.017,.012,.992,-.125,.008,.108,.886,.45,-.064,-.446,.893);es="Linear";ed="In";};};{tm=.233;["LowerTorso"]={cf=cfr(0,3.245,0,1,0,0,0,.982,-.191,0,.191,.982);es="Linear";ed="In";};["LeftUpperLeg"]={cf=cfr(0,0,0,.939,.296,.174,-.245,.933,-.264,-.24,.205,.949);es="Sine";ed="InOut";};["LeftLowerLeg"]={cf=cfr(0,0,0,1,0,0,0,.726,.688,0,-.688,.726);es="Sine";ed="InOut";};};{tm=.25;["LowerTorso"]={cf=cfr(0,3.193,0,1,0,0,0,.978,-.209,0,.209,.978);es="Linear";ed="In";};["LeftLowerLeg"]={cf=cfr(0,.001,-.001,1,0,0,0,.719,.695,0,-.695,.719);es="Linear";ed="In";};["RightLowerLeg"]={cf=cfr(0,0,0,1,0,0,0,.948,.317,0,-.317,.948);es="Linear";ed="In";};["LeftUpperLeg"]={cf=cfr(0,.003,.002,.937,.3,.179,-.245,.93,-.274,-.249,.213,.945);es="Linear";ed="In";};["RightUpperLeg"]={cf=cfr(0,.247,-.466,.971,-.239,-.031,-.163,-.555,-.816,.178,.797,-.578);es="Linear";ed="In";};};{tm=.267;["LowerTorso"]={cf=cfr(0,3.135,0,1,0,0,0,.974,-.229,0,.229,.974);es="Linear";ed="In";};["LeftUpperLeg"]={cf=cfr(-.001,.011,.007,.93,.313,.193,-.246,.92,-.305,-.273,.236,.932);es="Linear";ed="In";};["LeftLowerLeg"]={cf=cfr(0,.003,-.005,1,0,0,0,.7,.714,0,-.714,.7);es="Linear";ed="In";};};{tm=.283;["LowerTorso"]={cf=cfr(0,3.073,0,1,0,0,0,.968,-.249,0,.249,.968);es="Linear";ed="In";};["LeftUpperLeg"]={cf=cfr(-.003,.023,.014,.918,.334,.215,-.246,.902,-.354,-.313,.272,.91);es="Linear";ed="In";};["LeftLowerLeg"]={cf=cfr(0,.006,-.011,1,0,0,0,.667,.745,0,-.745,.667);es="Linear";ed="In";};};{tm=.3;["LeftLowerLeg"]={cf=cfr(0,.01,-.017,1,0,0,0,.621,.783,0,-.783,.621);es="Linear";ed="In";};["Head"]={cf=cfr(0,0,0,.995,.093,-.028,-.076,.923,.378,.061,-.374,.926);es="Linear";ed="In";};["LeftUpperArm"]={cf=cfr(0,0,0,.523,.816,-.247,-.6,.147,-.786,-.605,.56,.567);es="Sine";ed="Out";};["RightUpperArm"]={cf=cfr(0,0,0,.98,-.169,-.102,.181,.558,.81,-.08,-.812,.578);es="Sine";ed="Out";};["LeftUpperLeg"]={cf=cfr(-.004,.037,.022,.899,.364,.242,-.242,.876,-.418,-.364,.317,.876);es="Linear";ed="In";};["RightUpperLeg"]={cf=cfr(0,.106,-.278,.938,-.347,-.022,-.104,-.22,-.97,.332,.912,-.243);es="Linear";ed="In";};["UpperTorso"]={cf=cfr(0,0,0,.991,-.112,.075,.116,.992,-.056,-.068,.064,.996);es="Linear";ed="In";};["LeftLowerArm"]={cf=cfr(0,0,0,1,0,0,0,.66,-.751,0,.751,.66);es="Sine";ed="Out";};["RightLowerLeg"]={cf=cfr(0,0,0,1,0,0,0,.986,.169,0,-.169,.986);es="Linear";ed="In";};["LowerTorso"]={cf=cfr(0,3.01,0,1,0,0,0,.963,-.271,0,.271,.963);es="Linear";ed="In";};["RightLowerArm"]={cf=cfr(0,0,0,1,0,0,0,.646,-.763,0,.763,.646);es="Sine";ed="Out";};};{tm=.317;["LeftUpperLeg"]={cf=cfr(-.004,.052,.03,.875,.4,.271,-.232,.84,-.491,-.425,.367,.828);es="Linear";ed="In";};["LeftLowerLeg"]={cf=cfr(0,.012,-.023,1,0,0,0,.564,.826,0,-.826,.564);es="Linear";ed="In";};["RightUpperArm"]={cf=cfr(-.052,.016,.027,.943,-.297,-.15,.306,.596,.742,-.131,-.746,.653);es="Linear";ed="In";};["LeftUpperArm"]={cf=cfr(.002,-.002,-.016,.473,.852,-.223,-.672,.186,-.717,-.57,.489,.66);es="Linear";ed="In";};["LeftLowerArm"]={cf=cfr(0,0,0,1,0,0,0,.643,-.766,0,.766,.643);es="Linear";ed="In";};["RightLowerArm"]={cf=cfr(0,.001,.002,1,0,0,0,.616,-.788,0,.788,.616);es="Linear";ed="In";};};{tm=.333;["LeftUpperLeg"]={cf=cfr(-.004,.065,.036,.845,.443,.299,-.215,.794,-.569,-.489,.417,.766);es="Linear";ed="In";};["LeftLowerLeg"]={cf=cfr(0,.014,-.027,1,0,0,0,.497,.868,0,-.868,.497);es="Linear";ed="In";};["RightUpperArm"]={cf=cfr(-.09,.022,.05,.888,-.421,-.184,.428,.613,.664,-.166,-.668,.725);es="Linear";ed="In";};["LeftUpperArm"]={cf=cfr(.003,-.004,-.028,.425,.885,-.192,-.737,.215,-.641,-.525,.414,.744);es="Linear";ed="In";};["LeftLowerArm"]={cf=cfr(0,.001,.001,1,0,0,0,.626,-.78,0,.78,.626);es="Linear";ed="In";};["RightLowerArm"]={cf=cfr(0,.002,.003,1,0,0,0,.584,-.812,0,.812,.584);es="Linear";ed="In";};};{tm=.35;["LeftUpperLeg"]={cf=cfr(-.003,.077,.039,.811,.489,.322,-.19,.74,-.646,-.553,.463,.692);es="Linear";ed="In";};["LeftLowerLeg"]={cf=cfr(0,.013,-.029,1,0,0,0,.422,.907,0,-.907,.422);es="Linear";ed="In";};["RightUpperArm"]={cf=cfr(-.115,.022,.068,.819,-.536,-.202,.542,.609,.579,-.187,-.584,.79);es="Linear";ed="In";};["LeftUpperArm"]={cf=cfr(.003,-.006,-.036,.379,.912,-.156,-.795,.236,-.559,-.473,.336,.815);es="Linear";ed="In";};["LeftLowerArm"]={cf=cfr(0,.001,.001,1,0,0,0,.61,-.793,0,.793,.61);es="Linear";ed="In";};["RightLowerArm"]={cf=cfr(0,.002,.004,1,0,0,0,.553,-.833,0,.833,.553);es="Linear";ed="In";};};{tm=.367;["LeftUpperLeg"]={cf=cfr(-.002,.086,.038,.774,.535,.338,-.158,.68,-.716,-.613,.501,.611);es="Linear";ed="In";};["LeftLowerLeg"]={cf=cfr(0,.012,-.028,1,0,0,0,.345,.939,0,-.939,.345);es="Linear";ed="In";};["RightUpperArm"]={cf=cfr(-.127,.018,.079,.74,-.64,-.206,.644,.586,.491,-.193,-.496,.846);es="Linear";ed="In";};["LeftUpperArm"]={cf=cfr(.003,-.008,-.039,.338,.934,-.115,-.845,.247,-.475,-.415,.258,.873);es="Linear";ed="In";};["LeftLowerArm"]={cf=cfr(0,.001,.001,1,0,0,0,.593,-.805,0,.805,.593);es="Linear";ed="In";};["RightLowerArm"]={cf=cfr(0,.002,.004,1,0,0,0,.522,-.853,0,.853,.522);es="Linear";ed="In";};};{tm=.383;["LeftLowerLeg"]={cf=cfr(0,.01,-.024,1,0,0,0,.269,.963,0,-.963,.269);es="Linear";ed="In";};["LeftLowerArm"]={cf=cfr(0,.001,.001,1,0,0,0,.578,-.816,0,.816,.578);es="Linear";ed="In";};["RightLowerArm"]={cf=cfr(0,.002,.004,1,0,0,0,.492,-.871,0,.871,.492);es="Linear";ed="In";};["LowerTorso"]={cf=cfr(0,2.104,0,1,0,0,0,1,0,0,0,1);es="Sine";ed="Out";};["LeftUpperLeg"]={cf=cfr(-.001,.092,.033,.737,.579,.348,-.122,.62,-.775,-.665,.529,.527);es="Linear";ed="In";};["UpperTorso"]={cf=cfr(0,0,0,1,0,0,0,.971,-.241,0,.241,.971);es="Linear";ed="In";};["LeftUpperArm"]={cf=cfr(.002,-.009,-.04,.301,.951,-.073,-.886,.251,-.391,-.353,.182,.918);es="Linear";ed="In";};["RightUpperArm"]={cf=cfr(-.127,.011,.083,.655,-.73,-.197,.732,.548,.404,-.187,-.409,.893);es="Linear";ed="In";};["Head"]={cf=cfr(0,0,0,.992,.129,.007,-.125,.937,.326,.036,-.324,.945);es="Linear";ed="In";};};{tm=.4;["LeftLowerLeg"]={cf=cfr(0,.007,-.018,1,0,0,0,.2,.98,0,-.98,.2);es="Linear";ed="In";};["RightUpperArm"]={cf=cfr(-.118,.005,.081,.568,-.803,-.178,.805,.498,.322,-.17,-.327,.93);es="Linear";ed="In";};["LeftUpperArm"]={cf=cfr(.001,-.01,-.037,.27,.962,-.03,-.918,.248,-.31,-.291,.111,.95);es="Linear";ed="In";};["LeftLowerArm"]={cf=cfr(0,.001,.001,1,0,0,0,.563,-.827,0,.827,.563);es="Linear";ed="In";};["RightLowerArm"]={cf=cfr(0,.002,.004,1,0,0,0,.464,-.886,0,.886,.464);es="Linear";ed="In";};["LowerTorso"]={cf=cfr(0,1.687,0,1,0,0,0,1,0,0,0,1);es="Linear";ed="In";};["RightLowerLeg"]={cf=cfr(0,0,0,1,0,0,0,.798,.602,0,-.602,.798);es="Linear";ed="In";};["LeftUpperLeg"]={cf=cfr(0,.097,.025,.702,.619,.351,-.085,.563,-.822,-.707,.548,.448);es="Linear";ed="In";};["RightUpperLeg"]={cf=cfr(0,0,0,.942,-.189,.278,.216,-.293,-.931,.258,.937,-.235);es="Linear";ed="In";};};{tm=.417;["LeftUpperLeg"]={cf=cfr(0,.099,.016,.673,.651,.351,-.051,.513,-.857,-.738,.559,.379);es="Linear";ed="In";};["LeftLowerLeg"]={cf=cfr(0,.004,-.012,1,0,0,0,.141,.99,0,-.99,.141);es="Linear";ed="In";};["RightUpperArm"]={cf=cfr(-.103,0,.073,.484,-.862,-.152,.863,.441,.247,-.146,-.251,.957);es="Linear";ed="In";};["LeftUpperArm"]={cf=cfr(0,-.01,-.032,.244,.97,.012,-.942,.24,-.235,-.231,.046,.972);es="Linear";ed="In";};["LeftLowerArm"]={cf=cfr(0,.001,.001,1,0,0,0,.549,-.836,0,.836,.549);es="Linear";ed="In";};["RightLowerArm"]={cf=cfr(0,.002,.004,1,0,0,0,.437,-.899,0,.899,.437);es="Linear";ed="In";};["LowerTorso"]={cf=cfr(0,1.31,0,1,0,0,0,1,0,0,0,1);es="Linear";ed="In";};};{tm=.433;["LeftUpperLeg"]={cf=cfr(0,.101,.008,.65,.675,.348,-.024,.476,-.879,-.759,.564,.325);es="Linear";ed="In";};["LeftLowerLeg"]={cf=cfr(0,.002,-.006,1,0,0,0,.096,.995,0,-.995,.096);es="Linear";ed="In";};["RightUpperArm"]={cf=cfr(-.084,-.004,.062,.406,-.906,-.122,.906,.382,.181,-.117,-.184,.976);es="Linear";ed="In";};["LeftUpperArm"]={cf=cfr(0,-.009,-.027,.222,.974,.051,-.959,.228,-.167,-.174,-.012,.985);es="Linear";ed="In";};["LeftLowerArm"]={cf=cfr(0,.001,.001,1,0,0,0,.537,-.844,0,.844,.537);es="Linear";ed="In";};["RightLowerArm"]={cf=cfr(0,.002,.003,1,0,0,0,.413,-.911,0,.911,.413);es="Linear";ed="In";};["LowerTorso"]={cf=cfr(0,1.012,0,1,0,0,0,1,0,0,0,1);es="Linear";ed="In";};};{tm=.45;["LeftUpperLeg"]={cf=cfr(0,.102,.002,.636,.69,.345,-.006,.452,-.892,-.771,.566,.292);es="Linear";ed="In";};["LeftLowerLeg"]={cf=cfr(0,0,-.001,1,0,0,0,.069,.998,0,-.998,.069);es="Linear";ed="In";};["RightUpperArm"]={cf=cfr(-.063,-.005,.048,.338,-.937,-.09,.937,.326,.124,-.087,-.127,.988);es="Linear";ed="In";};["LeftUpperArm"]={cf=cfr(0,-.007,-.02,.206,.975,.086,-.971,.214,-.108,-.124,-.061,.99);es="Linear";ed="In";};["LeftLowerArm"]={cf=cfr(0,0,.001,1,0,0,0,.526,-.851,0,.851,.526);es="Linear";ed="In";};["RightLowerArm"]={cf=cfr(0,.001,.002,1,0,0,0,.392,-.92,0,.92,.392);es="Linear";ed="In";};["LowerTorso"]={cf=cfr(0,.82,0,1,0,0,0,1,0,0,0,1);es="Linear";ed="In";};};{tm=.467;["LeftLowerArm"]={cf=cfr(0,0,0,1,0,0,0,.517,-.856,0,.856,.517);es="Linear";ed="In";};["RightLowerArm"]={cf=cfr(0,.001,.002,1,0,0,0,.375,-.927,0,.927,.375);es="Linear";ed="In";};["RightLowerLeg"]={cf=cfr(0,0,0,1,0,0,0,.854,.52,0,-.52,.854);es="Linear";ed="In";};["LeftUpperLeg"]={cf=cfr(0,.102,0,.631,.695,.344,0,.444,-.896,-.775,.566,.28);es="Linear";ed="In";};["RightUpperLeg"]={cf=cfr(0,0,0,.963,-.265,-.052,-.021,.121,-.992,.269,.957,.111);es="Linear";ed="In";};["UpperTorso"]={cf=cfr(0,0,0,1,.021,0,-.021,.991,-.129,-.003,.129,.992);es="Linear";ed="In";};["LowerTorso"]={cf=cfr(0,.754,0,1,0,0,0,1,0,0,0,1);es="Linear";ed="In";};["LeftUpperArm"]={cf=cfr(0,-.005,-.014,.193,.974,.116,-.978,.201,-.059,-.08,-.102,.992);es="Linear";ed="In";};["RightUpperArm"]={cf=cfr(-.042,-.005,.033,.279,-.958,-.061,.958,.274,.079,-.059,-.08,.995);es="Linear";ed="In";};["Head"]={cf=cfr(0,0,0,1,0,0,0,.771,.637,0,-.637,.771);es="Linear";ed="In";};["LeftLowerLeg"]={cf=cfr(0,0,0,1,0,0,0,.059,.998,0,-.998,.059);es="Linear";ed="In";};};{tm=.483;["RightUpperArm"]={cf=cfr(-.025,-.003,.02,.233,-.972,-.036,.972,.232,.044,-.034,-.045,.998);es="Linear";ed="In";};["LeftUpperArm"]={cf=cfr(0,-.003,-.008,.184,.973,.139,-.982,.189,-.02,-.046,-.133,.99);es="Linear";ed="In";};["LeftLowerArm"]={cf=cfr(0,0,0,1,0,0,0,.51,-.86,0,.86,.51);es="Linear";ed="In";};["RightLowerArm"]={cf=cfr(0,0,.001,1,0,0,0,.361,-.933,0,.933,.361);es="Linear";ed="In";};};{tm=.5;["RightUpperArm"]={cf=cfr(-.011,-.002,.009,.2,-.98,-.016,.98,.2,.019,-.016,-.02,1);es="Linear";ed="In";};["LeftUpperArm"]={cf=cfr(0,-.001,-.004,.178,.971,.157,-.984,.179,.008,-.021,-.156,.988);es="Linear";ed="In";};["LeftLowerArm"]={cf=cfr(0,0,0,1,0,0,0,.504,-.864,0,.864,.504);es="Linear";ed="In";};["RightLowerArm"]={cf=cfr(0,0,0,1,0,0,0,.35,-.937,0,.937,.35);es="Linear";ed="In";};};{tm=.517;["RightUpperArm"]={cf=cfr(-.003,0,.002,.18,-.984,-.004,.984,.18,.005,-.004,-.005,1);es="Linear";ed="In";};["LeftUpperArm"]={cf=cfr(0,0,-.001,.175,.97,.167,-.985,.173,.025,-.005,-.169,.986);es="Linear";ed="In";};["LeftLowerArm"]={cf=cfr(0,0,0,1,0,0,0,.501,-.865,0,.865,.501);es="Linear";ed="In";};["RightLowerArm"]={cf=cfr(0,0,0,1,0,0,0,.344,-.939,0,.939,.344);es="Linear";ed="In";};};{tm=.533;["Head"]={cf=cfr(0,0,0,1,0,0,0,.94,.342,0,-.342,.94);es="Linear";ed="In";};["LeftUpperArm"]={cf=cfr(0,0,0,.174,.97,.171,-.985,.171,.03,0,-.174,.985);es="Linear";ed="In";};["RightUpperArm"]={cf=cfr(0,0,0,.174,-.985,0,.985,.174,0,0,0,1);es="Linear";ed="In";};["LeftUpperLeg"]={cf=cfr(0,0,0,.84,.535,-.09,-.362,.429,-.828,-.404,.728,.554);es="Linear";ed="In";};["RightUpperLeg"]={cf=cfr(0,0,0,.979,-.133,-.154,.104,.977,-.184,.175,.164,.971);es="Linear";ed="In";};["UpperTorso"]={cf=cfr(0,0,0,1,0,0,0,.643,.766,0,-.766,.643);es="Linear";ed="In";};["LeftLowerArm"]={cf=cfr(0,0,0,1,0,0,0,.5,-.866,0,.866,.5);es="Linear";ed="In";};["LeftLowerLeg"]={cf=cfr(0,0,0,1,0,0,0,-.174,.985,0,-.985,-.174);es="Linear";ed="In";};["RightLowerLeg"]={cf=cfr(0,0,0,1,0,0,0,.866,.5,0,-.5,.866);es="Linear";ed="In";};["LowerTorso"]={cf=cfr(0,-.514,.083,1,0,0,0,.866,-.5,0,.5,.866);es="Linear";ed="In";};["RightLowerArm"]={cf=cfr(0,0,0,1,0,0,0,.342,-.94,0,.94,.342);es="Linear";ed="In";};};{tm=.617;["Head"]={cf=cfr(0,0,0,1,0,0,0,.342,-.94,0,.94,.342);es="Linear";ed="In";};["LeftUpperArm"]={cf=cfr(0,0,0,.94,.171,.296,-.342,.47,.814,0,-.866,.5);es="Linear";ed="In";};["RightUpperArm"]={cf=cfr(-.02,.114,.423,.985,-.059,.163,.174,.337,-.925,0,.94,.342);es="Linear";ed="In";};["LeftUpperLeg"]={cf=cfr(0,0,0,.775,.626,.09,-.344,.537,-.771,-.531,.566,.631);es="Linear";ed="In";};["RightUpperLeg"]={cf=cfr(-.004,.1,-.037,.979,-.19,.072,.104,.161,-.981,.175,.968,.178);es="Linear";ed="In";};["UpperTorso"]={cf=cfr(0,0,0,1,0,0,0,0,1,0,-1,0);es="Linear";ed="In";};["LeftLowerArm"]={cf=cfr(0,0,0,1,0,0,0,.5,-.866,0,.866,.5);es="Linear";ed="In";};["LeftLowerLeg"]={cf=cfr(0,0,0,1,0,0,0,-.5,.866,0,-.866,-.5);es="Linear";ed="In";};["RightLowerLeg"]={cf=cfr(0,0,0,1,0,0,0,.174,.985,0,-.985,.174);es="Linear";ed="In";};["LowerTorso"]={cf=cfr(0,-.986,.083,1,0,0,0,.985,.174,0,-.174,.985);es="Linear";ed="In";};["RightLowerArm"]={cf=cfr(0,0,0,1,0,0,0,.766,-.643,0,.643,.766);es="Linear";ed="In";};};{tm=.717;["Head"]={cf=cfr(0,0,0,1,0,0,0,.766,-.643,0,.643,.766);es="Quad";ed="Out";};["LeftUpperArm"]={cf=cfr(0,0,0,.866,.321,.383,-.5,.557,.663,0,-.766,.643);es="Quad";ed="Out";};["RightUpperArm"]={cf=cfr(0,0,-.235,.985,-.03,.171,.174,.171,-.97,0,.985,.174);es="Quad";ed="Out";};["LeftUpperLeg"]={cf=cfr(0,0,0,.775,.626,.09,-.344,.537,-.771,-.531,.566,.631);es="Quad";ed="Out";};["RightUpperLeg"]={cf=cfr(-.004,.1,-.037,.979,-.19,.072,.104,.161,-.981,.175,.968,.178);es="Quad";ed="Out";};["UpperTorso"]={cf=cfr(0,0,0,1,0,0,0,.174,.985,0,-.985,.174);es="Quad";ed="Out";};["LeftLowerArm"]={cf=cfr(0,0,0,1,0,0,0,.342,-.94,0,.94,.342);es="Quad";ed="Out";};["LeftLowerLeg"]={cf=cfr(0,0,0,1,0,0,0,-.5,.866,0,-.866,-.5);es="Quad";ed="Out";};["RightLowerLeg"]={cf=cfr(0,0,0,1,0,0,0,.174,.985,0,-.985,.174);es="Quad";ed="Out";};["LowerTorso"]={cf=cfr(0,-.986,.083,1,0,0,0,1,0,0,0,1);es="Quad";ed="Out";};["RightLowerArm"]={cf=cfr(0,0,0,1,0,0,0,.94,-.342,0,.342,.94);es="Quad";ed="Out";};};{tm=.733;["RightUpperArm"]={cf=cfr(-.005,.036,-.172,.984,-.056,.168,.177,.333,-.926,-.004,.941,.337);es="Linear";ed="In";};["LeftUpperArm"]={cf=cfr(.012,.005,-.01,.879,.339,.334,-.476,.619,.625,.005,-.709,.705);es="Linear";ed="In";};["Head"]={cf=cfr(0,-.018,-.009,1,0,0,0,.81,-.586,0,.586,.81);es="Linear";ed="In";};["UpperTorso"]={cf=cfr(0,-.037,.052,1,0,0,0,.295,.955,0,-.955,.295);es="Linear";ed="In";};["RightUpperLeg"]={cf=cfr(-.027,.091,-.019,.968,-.251,.017,.074,.219,-.973,.241,.943,.231);es="Linear";ed="In";};["LeftUpperLeg"]={cf=cfr(.013,0,-.001,.771,.622,.139,-.308,.555,-.773,-.558,.553,.619);es="Linear";ed="In";};["LeftLowerArm"]={cf=cfr(0,.001,.002,1,0,0,0,.384,-.923,0,.923,.384);es="Linear";ed="In";};["LeftLowerLeg"]={cf=cfr(0,-.001,-.039,1,0,0,0,-.371,.928,0,-.928,-.371);es="Linear";ed="In";};["RightLowerLeg"]={cf=cfr(0,.004,-.009,1,0,0,0,.244,.97,0,-.97,.244);es="Linear";ed="In";};["LowerTorso"]={cf=cfr(0,-.923,.05,1,0,0,0,1,0,0,0,1);es="Linear";ed="In";};["RightLowerArm"]={cf=cfr(0,.004,.003,1,0,0,0,.916,-.4,0,.4,.916);es="Linear";ed="In";};};{tm=.75;["RightUpperArm"]={cf=cfr(-.009,.067,-.123,.984,-.079,.161,.179,.477,-.861,-.009,.875,.483);es="Linear";ed="In";};["LeftUpperArm"]={cf=cfr(.02,.008,-.016,.891,.352,.286,-.453,.673,.584,.013,-.65,.76);es="Linear";ed="In";};["Head"]={cf=cfr(0,-.032,-.014,1,0,0,0,.848,-.53,0,.53,.848);es="Linear";ed="In";};["UpperTorso"]={cf=cfr(0,-.068,.087,1,0,0,0,.406,.914,0,-.914,.406);es="Linear";ed="In";};["RightUpperLeg"]={cf=cfr(-.046,.083,-.006,.952,-.305,-.039,.049,.275,-.96,.303,.912,.277);es="Linear";ed="In";};["LeftUpperLeg"]={cf=cfr(.024,.001,-.002,.765,.617,.185,-.274,.572,-.773,-.583,.541,.606);es="Linear";ed="In";};["LeftLowerArm"]={cf=cfr(0,.002,.004,1,0,0,0,.422,-.906,0,.906,.422);es="Linear";ed="In";};["LeftLowerLeg"]={cf=cfr(0,.002,-.068,1,0,0,0,-.243,.97,0,-.97,-.243);es="Linear";ed="In";};["RightLowerLeg"]={cf=cfr(0,.008,-.016,1,0,0,0,.309,.951,0,-.951,.309);es="Linear";ed="In";};["LowerTorso"]={cf=cfr(0,-.864,.02,1,0,0,0,1,0,0,0,1);es="Linear";ed="In";};["RightLowerArm"]={cf=cfr(0,.008,.005,1,0,0,0,.891,-.454,0,.454,.891);es="Linear";ed="In";};};{tm=.767;["RightUpperArm"]={cf=cfr(-.012,.091,-.087,.984,-.099,.151,.18,.601,-.778,-.013,.793,.61);es="Linear";ed="In";};["LeftUpperArm"]={cf=cfr(.026,.009,-.019,.902,.36,.24,-.432,.722,.541,.021,-.591,.806);es="Linear";ed="In";};["Head"]={cf=cfr(0,-.041,-.017,1,0,0,0,.88,-.475,0,.475,.88);es="Linear";ed="In";};["UpperTorso"]={cf=cfr(0,-.092,.109,1,0,0,0,.505,.863,0,-.863,.505);es="Linear";ed="In";};["RightUpperLeg"]={cf=cfr(-.062,.075,.003,.932,-.351,-.093,.029,.328,-.944,.362,.877,.316);es="Linear";ed="In";};["LeftUpperLeg"]={cf=cfr(.034,.001,-.002,.758,.611,.229,-.242,.588,-.772,-.606,.53,.593);es="Linear";ed="In";};["LeftLowerArm"]={cf=cfr(0,.003,.005,1,0,0,0,.458,-.889,0,.889,.458);es="Linear";ed="In";};["LeftLowerLeg"]={cf=cfr(0,.007,-.087,1,0,0,0,-.117,.993,0,-.993,-.117);es="Linear";ed="In";};["RightLowerLeg"]={cf=cfr(0,.01,-.02,1,0,0,0,.369,.93,0,-.93,.369);es="Linear";ed="In";};["LowerTorso"]={cf=cfr(0,-.808,-.009,1,0,0,0,1,0,0,0,1);es="Linear";ed="In";};["RightLowerArm"]={cf=cfr(0,.01,.007,1,0,0,0,.864,-.503,0,.503,.864);es="Linear";ed="In";};};{tm=.783;["RightUpperArm"]={cf=cfr(-.015,.108,-.061,.983,-.117,.138,.181,.706,-.685,-.017,.698,.716);es="Linear";ed="In";};["LeftUpperArm"]={cf=cfr(.029,.008,-.019,.91,.364,.196,-.412,.764,.496,.031,-.533,.846);es="Linear";ed="In";};["Head"]={cf=cfr(0,-.047,-.019,1,0,0,0,.907,-.422,0,.422,.907);es="Linear";ed="In";};["UpperTorso"]={cf=cfr(0,-.109,.121,1,0,0,0,.593,.805,0,-.805,.593);es="Linear";ed="In";};["RightUpperLeg"]={cf=cfr(-.075,.068,.01,.909,-.391,-.146,.014,.378,-.926,.417,.839,.349);es="Linear";ed="In";};["LeftUpperLeg"]={cf=cfr(.044,.001,-.003,.749,.606,.269,-.212,.603,-.769,-.628,.519,.58);es="Linear";ed="In";};["LeftLowerArm"]={cf=cfr(0,.004,.006,1,0,0,0,.491,-.871,0,.871,.491);es="Linear";ed="In";};["LeftLowerLeg"]={cf=cfr(0,.012,-.099,1,0,0,0,.002,1,0,-1,.002);es="Linear";ed="In";};["RightLowerLeg"]={cf=cfr(0,.012,-.023,1,0,0,0,.424,.906,0,-.906,.424);es="Linear";ed="In";};["LowerTorso"]={cf=cfr(0,-.755,-.037,1,0,0,0,1,0,0,0,1);es="Linear";ed="In";};["RightLowerArm"]={cf=cfr(0,.011,.008,1,0,0,0,.837,-.547,0,.547,.837);es="Linear";ed="In";};};{tm=.8;["RightUpperArm"]={cf=cfr(-.016,.118,-.042,.983,-.132,.125,.181,.791,-.585,-.022,.597,.802);es="Linear";ed="In";};["LeftUpperArm"]={cf=cfr(.03,.005,-.017,.918,.365,.155,-.394,.8,.452,.042,-.476,.879);es="Linear";ed="In";};["Head"]={cf=cfr(0,-.05,-.019,1,0,0,0,.929,-.37,0,.37,.929);es="Linear";ed="In";};["UpperTorso"]={cf=cfr(0,-.12,.124,1,0,0,0,.669,.743,0,-.743,.669);es="Linear";ed="In";};["RightUpperLeg"]={cf=cfr(-.085,.061,.014,.884,-.424,-.197,.002,.424,-.906,.467,.8,.376);es="Linear";ed="In";};["LeftUpperLeg"]={cf=cfr(.052,.001,-.003,.74,.599,.306,-.184,.617,-.765,-.648,.51,.566);es="Linear";ed="In";};["LeftLowerArm"]={cf=cfr(0,.004,.006,1,0,0,0,.521,-.853,0,.853,.521);es="Linear";ed="In";};["LeftLowerLeg"]={cf=cfr(0,.016,-.104,1,0,0,0,.114,.993,0,-.993,.114);es="Linear";ed="In";};["RightLowerLeg"]={cf=cfr(0,.013,-.024,1,0,0,0,.474,.881,0,-.881,.474);es="Linear";ed="In";};["LowerTorso"]={cf=cfr(0,-.706,-.062,1,0,0,0,1,0,0,0,1);es="Linear";ed="In";};["RightLowerArm"]={cf=cfr(0,.011,.009,1,0,0,0,.809,-.588,0,.588,.809);es="Linear";ed="In";};};{tm=.817;["RightUpperArm"]={cf=cfr(-.017,.122,-.029,.983,-.144,.111,.18,.857,-.482,-.025,.494,.869);es="Linear";ed="In";};["LeftUpperArm"]={cf=cfr(.029,.001,-.014,.924,.364,.116,-.378,.831,.408,.052,-.421,.905);es="Linear";ed="In";};["Head"]={cf=cfr(0,-.051,-.018,1,0,0,0,.947,-.321,0,.321,.947);es="Linear";ed="In";};["UpperTorso"]={cf=cfr(0,-.124,.121,1,0,0,0,.734,.679,0,-.679,.734);es="Linear";ed="In";};["RightUpperLeg"]={cf=cfr(-.093,.055,.016,.858,-.452,-.244,-.006,.467,-.884,.513,.76,.398);es="Linear";ed="In";};["LeftUpperLeg"]={cf=cfr(.059,.001,-.003,.73,.593,.34,-.158,.63,-.761,-.665,.501,.553);es="Linear";ed="In";};["LeftLowerArm"]={cf=cfr(0,.004,.006,1,0,0,0,.549,-.836,0,.836,.549);es="Linear";ed="In";};["LeftLowerLeg"]={cf=cfr(0,.02,-.104,1,0,0,0,.217,.976,0,-.976,.217);es="Linear";ed="In";};["RightLowerLeg"]={cf=cfr(0,.014,-.024,1,0,0,0,.519,.855,0,-.855,.519);es="Linear";ed="In";};["LowerTorso"]={cf=cfr(0,-.66,-.086,1,0,0,0,1,0,0,0,1);es="Linear";ed="In";};["RightLowerArm"]={cf=cfr(0,.011,.009,1,0,0,0,.781,-.624,0,.624,.781);es="Linear";ed="In";};};{tm=.833;["RightUpperArm"]={cf=cfr(-.017,.12,-.021,.983,-.154,.096,.179,.907,-.38,-.029,.391,.92);es="Linear";ed="In";};["LeftUpperArm"]={cf=cfr(.027,-.004,-.01,.929,.36,.08,-.364,.857,.366,.063,-.369,.927);es="Linear";ed="In";};["Head"]={cf=cfr(0,-.049,-.017,1,0,0,0,.961,-.275,0,.275,.961);es="Linear";ed="In";};["UpperTorso"]={cf=cfr(0,-.122,.113,1,0,0,0,.789,.615,0,-.615,.789);es="Linear";ed="In";};["RightUpperLeg"]={cf=cfr(-.098,.048,.016,.832,-.474,-.289,-.012,.505,-.863,.555,.721,.415);es="Linear";ed="In";};["LeftUpperLeg"]={cf=cfr(.066,.001,-.003,.72,.587,.371,-.134,.642,-.755,-.681,.494,.54);es="Linear";ed="In";};["LeftLowerArm"]={cf=cfr(0,.004,.006,1,0,0,0,.574,-.819,0,.819,.574);es="Linear";ed="In";};["LeftLowerLeg"]={cf=cfr(0,.022,-.099,1,0,0,0,.31,.951,0,-.951,.31);es="Linear";ed="In";};["RightLowerLeg"]={cf=cfr(0,.014,-.022,1,0,0,0,.56,.829,0,-.829,.56);es="Linear";ed="In";};["LowerTorso"]={cf=cfr(0,-.618,-.108,1,0,0,0,1,0,0,0,1);es="Linear";ed="In";};["RightLowerArm"]={cf=cfr(0,.011,.009,1,0,0,0,.754,-.657,0,.657,.754);es="Linear";ed="In";};};{tm=.85;["RightUpperArm"]={cf=cfr(-.016,.114,-.015,.983,-.161,.082,.178,.943,-.282,-.032,.292,.956);es="Linear";ed="In";};["LeftUpperArm"]={cf=cfr(.024,-.011,-.005,.934,.355,.047,-.35,.878,.326,.074,-.321,.944);es="Linear";ed="In";};["Head"]={cf=cfr(0,-.046,-.015,1,0,0,0,.973,-.232,0,.232,.973);es="Linear";ed="In";};["UpperTorso"]={cf=cfr(0,-.116,.102,1,0,0,0,.834,.551,0,-.551,.834);es="Linear";ed="In";};["RightUpperLeg"]={cf=cfr(-.102,.042,.016,.806,-.492,-.33,-.015,.54,-.841,.592,.683,.428);es="Linear";ed="In";};["LeftUpperLeg"]={cf=cfr(.072,.001,-.003,.709,.581,.4,-.112,.652,-.75,-.696,.487,.528);es="Linear";ed="In";};["LeftLowerArm"]={cf=cfr(0,.004,.005,1,0,0,0,.597,-.803,0,.803,.597);es="Linear";ed="In";};["LeftLowerLeg"]={cf=cfr(0,.024,-.092,1,0,0,0,.394,.919,0,-.919,.394);es="Linear";ed="In";};["RightLowerLeg"]={cf=cfr(0,.013,-.021,1,0,0,0,.596,.803,0,-.803,.596);es="Linear";ed="In";};["LowerTorso"]={cf=cfr(0,-.578,-.128,1,0,0,0,1,0,0,0,1);es="Linear";ed="In";};["RightLowerArm"]={cf=cfr(0,.01,.008,1,0,0,0,.728,-.685,0,.685,.728);es="Linear";ed="In";};};{tm=.867;["RightUpperArm"]={cf=cfr(-.015,.104,-.011,.984,-.167,.069,.177,.966,-.19,-.034,.199,.979);es="Linear";ed="In";};["LeftUpperArm"]={cf=cfr(.02,-.018,0,.937,.349,.017,-.339,.896,.288,.085,-.275,.958);es="Linear";ed="In";};["Head"]={cf=cfr(0,-.042,-.013,1,0,0,0,.981,-.192,0,.192,.981);es="Linear";ed="In";};["UpperTorso"]={cf=cfr(0,-.107,.089,1,0,0,0,.871,.491,0,-.491,.871);es="Linear";ed="In";};["RightUpperLeg"]={cf=cfr(-.105,.036,.015,.78,-.506,-.367,-.016,.571,-.821,.625,.646,.438);es="Linear";ed="In";};["LeftUpperLeg"]={cf=cfr(.077,.001,-.002,.699,.575,.425,-.092,.662,-.744,-.709,.481,.516);es="Linear";ed="In";};["LeftLowerArm"]={cf=cfr(0,.003,.005,1,0,0,0,.617,-.787,0,.787,.617);es="Linear";ed="In";};["LeftLowerLeg"]={cf=cfr(0,.023,-.082,1,0,0,0,.467,.884,0,-.884,.467);es="Linear";ed="In";};["RightLowerLeg"]={cf=cfr(0,.012,-.018,1,0,0,0,.628,.778,0,-.778,.628);es="Linear";ed="In";};["LowerTorso"]={cf=cfr(0,-.543,-.147,1,0,0,0,1,0,0,0,1);es="Linear";ed="In";};["RightLowerArm"]={cf=cfr(0,.009,.007,1,0,0,0,.703,-.711,0,.711,.703);es="Linear";ed="In";};};{tm=.883;["RightUpperArm"]={cf=cfr(-.013,.092,-.009,.984,-.17,.056,.176,.979,-.105,-.037,.113,.993);es="Linear";ed="In";};["LeftUpperArm"]={cf=cfr(.015,-.025,.005,.94,.342,-.009,-.329,.91,.252,.095,-.234,.968);es="Linear";ed="In";};["Head"]={cf=cfr(0,-.036,-.011,1,0,0,0,.988,-.156,0,.156,.988);es="Linear";ed="In";};["UpperTorso"]={cf=cfr(0,-.094,.075,1,0,0,0,.901,.434,0,-.434,.901);es="Linear";ed="In";};["RightUpperLeg"]={cf=cfr(-.106,.03,.013,.756,-.517,-.401,-.016,.599,-.801,.654,.612,.445);es="Linear";ed="In";};["LeftUpperLeg"]={cf=cfr(.082,.001,-.002,.69,.569,.448,-.074,.671,-.738,-.72,.476,.505);es="Linear";ed="In";};["LeftLowerArm"]={cf=cfr(0,.003,.004,1,0,0,0,.635,-.773,0,.773,.635);es="Linear";ed="In";};["LeftLowerLeg"]={cf=cfr(0,.022,-.07,1,0,0,0,.531,.848,0,-.848,.531);es="Linear";ed="In";};["RightLowerLeg"]={cf=cfr(0,.011,-.016,1,0,0,0,.656,.754,0,-.754,.656);es="Linear";ed="In";};["LowerTorso"]={cf=cfr(0,-.511,-.164,1,0,0,0,1,0,0,0,1);es="Linear";ed="In";};["RightLowerArm"]={cf=cfr(0,.008,.007,1,0,0,0,.68,-.733,0,.733,.68);es="Linear";ed="In";};};{tm=.9;["RightUpperArm"]={cf=cfr(-.011,.078,-.007,.984,-.173,.044,.174,.984,-.028,-.039,.035,.999);es="Linear";ed="In";};["LeftUpperArm"]={cf=cfr(.011,-.032,.01,.942,.335,-.033,-.32,.921,.22,.104,-.197,.975);es="Linear";ed="In";};["Head"]={cf=cfr(0,-.03,-.009,1,0,0,0,.992,-.123,0,.123,.992);es="Linear";ed="In";};["UpperTorso"]={cf=cfr(0,-.08,.061,1,0,0,0,.924,.381,0,-.381,.924);es="Linear";ed="In";};["RightUpperLeg"]={cf=cfr(-.106,.024,.011,.734,-.525,-.431,-.014,.623,-.782,.679,.58,.449);es="Linear";ed="In";};["LeftUpperLeg"]={cf=cfr(.086,.001,-.002,.681,.564,.468,-.058,.679,-.732,-.73,.471,.495);es="Linear";ed="In";};["LeftLowerArm"]={cf=cfr(0,.002,.004,1,0,0,0,.65,-.76,0,.76,.65);es="Linear";ed="In";};["LeftLowerLeg"]={cf=cfr(0,.02,-.058,1,0,0,0,.585,.811,0,-.811,.585);es="Linear";ed="In";};["RightLowerLeg"]={cf=cfr(0,.009,-.013,1,0,0,0,.681,.732,0,-.732,.681);es="Linear";ed="In";};["LowerTorso"]={cf=cfr(0,-.482,-.179,1,0,0,0,1,0,0,0,1);es="Linear";ed="In";};["RightLowerArm"]={cf=cfr(0,.006,.006,1,0,0,0,.659,-.752,0,.752,.659);es="Linear";ed="In";};};{tm=.917;["RightUpperArm"]={cf=cfr(-.009,.063,-.006,.984,-.174,.034,.173,.984,.04,-.04,-.033,.999);es="Linear";ed="In";};["LeftUpperArm"]={cf=cfr(.006,-.039,.015,.943,.328,-.053,-.312,.93,.192,.112,-.164,.98);es="Linear";ed="In";};["Head"]={cf=cfr(0,-.025,-.007,1,0,0,0,.996,-.095,0,.095,.996);es="Linear";ed="In";};["UpperTorso"]={cf=cfr(0,-.065,.048,1,0,0,0,.943,.334,0,-.334,.943);es="Linear";ed="In";};["RightUpperLeg"]={cf=cfr(-.106,.019,.009,.713,-.531,-.457,-.012,.643,-.765,.701,.552,.452);es="Linear";ed="In";};["LeftUpperLeg"]={cf=cfr(.089,.001,-.001,.672,.559,.486,-.045,.685,-.727,-.739,.467,.486);es="Linear";ed="In";};["LeftLowerArm"]={cf=cfr(0,.002,.003,1,0,0,0,.664,-.748,0,.748,.664);es="Linear";ed="In";};["LeftLowerLeg"]={cf=cfr(0,.017,-.047,1,0,0,0,.631,.776,0,-.776,.631);es="Linear";ed="In";};["RightLowerLeg"]={cf=cfr(0,.007,-.011,1,0,0,0,.702,.712,0,-.712,.702);es="Linear";ed="In";};["LowerTorso"]={cf=cfr(0,-.456,-.192,1,0,0,0,1,0,0,0,1);es="Linear";ed="In";};["RightLowerArm"]={cf=cfr(0,.005,.004,1,0,0,0,.639,-.769,0,.769,.639);es="Linear";ed="In";};};{tm=.933;["RightUpperArm"]={cf=cfr(-.007,.048,-.004,.984,-.175,.025,.172,.98,.099,-.042,-.093,.995);es="Linear";ed="In";};["LeftUpperArm"]={cf=cfr(.002,-.046,.019,.944,.321,-.071,-.306,.937,.166,.12,-.135,.984);es="Linear";ed="In";};["Head"]={cf=cfr(0,-.019,-.005,1,0,0,0,.998,-.07,0,.07,.998);es="Linear";ed="In";};["UpperTorso"]={cf=cfr(0,-.05,.036,1,0,0,0,.956,.292,0,-.292,.956);es="Linear";ed="In";};["RightUpperLeg"]={cf=cfr(-.105,.014,.007,.695,-.535,-.48,-.01,.661,-.75,.719,.526,.454);es="Linear";ed="In";};["LeftUpperLeg"]={cf=cfr(.092,.001,-.001,.665,.554,.501,-.033,.691,-.722,-.746,.464,.478);es="Linear";ed="In";};["LeftLowerArm"]={cf=cfr(0,.002,.002,1,0,0,0,.676,-.737,0,.737,.676);es="Linear";ed="In";};["LeftLowerLeg"]={cf=cfr(0,.013,-.035,1,0,0,0,.669,.743,0,-.743,.669);es="Linear";ed="In";};["RightLowerLeg"]={cf=cfr(0,.006,-.008,1,0,0,0,.719,.695,0,-.695,.719);es="Linear";ed="In";};["LowerTorso"]={cf=cfr(0,-.434,-.203,1,0,0,0,1,0,0,0,1);es="Linear";ed="In";};["RightLowerArm"]={cf=cfr(0,.004,.003,1,0,0,0,.622,-.783,0,.783,.622);es="Linear";ed="In";};};{tm=.95;["RightUpperArm"]={cf=cfr(-.005,.035,-.003,.984,-.175,.017,.17,.974,.148,-.043,-.143,.989);es="Linear";ed="In";};["LeftUpperArm"]={cf=cfr(-.002,-.052,.022,.945,.315,-.086,-.301,.943,.145,.126,-.111,.986);es="Linear";ed="In";};["Head"]={cf=cfr(0,-.014,-.003,1,0,0,0,.999,-.048,0,.048,.999);es="Linear";ed="In";};["UpperTorso"]={cf=cfr(0,-.036,.025,1,0,0,0,.967,.256,0,-.256,.967);es="Linear";ed="In";};["RightUpperLeg"]={cf=cfr(-.104,.01,.005,.68,-.538,-.499,-.007,.675,-.737,.734,.505,.455);es="Linear";ed="In";};["LeftUpperLeg"]={cf=cfr(.095,0,-.001,.658,.551,.513,-.023,.696,-.718,-.752,.461,.471);es="Linear";ed="In";};["LeftLowerArm"]={cf=cfr(0,.001,.002,1,0,0,0,.685,-.728,0,.728,.685);es="Linear";ed="In";};["LeftLowerLeg"]={cf=cfr(0,.01,-.025,1,0,0,0,.7,.714,0,-.714,.7);es="Linear";ed="In";};["RightLowerLeg"]={cf=cfr(0,.004,-.006,1,0,0,0,.734,.679,0,-.679,.734);es="Linear";ed="In";};["LowerTorso"]={cf=cfr(0,-.415,-.213,1,0,0,0,1,0,0,0,1);es="Linear";ed="In";};["RightLowerArm"]={cf=cfr(0,.003,.002,1,0,0,0,.608,-.794,0,.794,.608);es="Linear";ed="In";};};{tm=.967;["RightUpperArm"]={cf=cfr(-.003,.023,-.002,.985,-.175,.011,.17,.967,.188,-.044,-.183,.982);es="Linear";ed="In";};["LeftUpperArm"]={cf=cfr(-.006,-.057,.025,.946,.31,-.098,-.297,.946,.127,.132,-.091,.987);es="Linear";ed="In";};["Head"]={cf=cfr(0,-.009,-.002,1,0,0,0,1,-.031,0,.031,1);es="Linear";ed="In";};["UpperTorso"]={cf=cfr(0,-.024,.016,1,0,0,0,.974,.227,0,-.227,.974);es="Linear";ed="In";};["RightUpperLeg"]={cf=cfr(-.103,.006,.003,.666,-.54,-.515,-.005,.687,-.727,.746,.487,.455);es="Linear";ed="In";};["LeftUpperLeg"]={cf=cfr(.097,0,-.001,.653,.547,.524,-.014,.7,-.714,-.757,.458,.465);es="Linear";ed="In";};["LeftLowerArm"]={cf=cfr(0,.001,.001,1,0,0,0,.693,-.721,0,.721,.693);es="Linear";ed="In";};["LeftLowerLeg"]={cf=cfr(0,.007,-.016,1,0,0,0,.725,.689,0,-.689,.725);es="Linear";ed="In";};["RightLowerLeg"]={cf=cfr(0,.003,-.004,1,0,0,0,.746,.666,0,-.666,.746);es="Linear";ed="In";};["LowerTorso"]={cf=cfr(0,-.4,-.221,1,0,0,0,1,0,0,0,1);es="Linear";ed="In";};["RightLowerArm"]={cf=cfr(0,.002,.002,1,0,0,0,.596,-.803,0,.803,.596);es="Linear";ed="In";};};{tm=.983;["RightUpperArm"]={cf=cfr(-.002,.013,-.001,.985,-.174,.006,.169,.961,.219,-.044,-.215,.976);es="Linear";ed="In";};["LeftUpperArm"]={cf=cfr(-.008,-.062,.028,.946,.305,-.107,-.294,.949,.113,.136,-.076,.988);es="Linear";ed="In";};["Head"]={cf=cfr(0,-.005,-.001,1,0,0,0,1,-.017,0,.017,1);es="Linear";ed="In";};["UpperTorso"]={cf=cfr(0,-.014,.009,1,0,0,0,.979,.204,0,-.204,.979);es="Linear";ed="In";};["RightUpperLeg"]={cf=cfr(-.102,.004,.002,.656,-.541,-.526,-.003,.696,-.718,.755,.473,.455);es="Linear";ed="In";};["LeftUpperLeg"]={cf=cfr(.098,0,0,.648,.545,.532,-.008,.703,-.711,-.761,.457,.46);es="Linear";ed="In";};["LeftLowerArm"]={cf=cfr(0,0,.001,1,0,0,0,.699,-.715,0,.715,.699);es="Linear";ed="In";};["LeftLowerLeg"]={cf=cfr(0,.004,-.009,1,0,0,0,.743,.669,0,-.669,.743);es="Linear";ed="In";};["RightLowerLeg"]={cf=cfr(0,.002,-.002,1,0,0,0,.755,.656,0,-.656,.755);es="Linear";ed="In";};["LowerTorso"]={cf=cfr(0,-.388,-.227,1,0,0,0,1,0,0,0,1);es="Linear";ed="In";};["RightLowerArm"]={cf=cfr(0,.001,.001,1,0,0,0,.586,-.81,0,.81,.586);es="Linear";ed="In";};};{tm=1;["RightUpperArm"]={cf=cfr(-.001,.006,-.001,.985,-.174,.003,.168,.956,.241,-.045,-.237,.97);es="Linear";ed="In";};["LeftUpperArm"]={cf=cfr(-.011,-.065,.03,.946,.302,-.113,-.291,.951,.103,.139,-.065,.988);es="Linear";ed="In";};["Head"]={cf=cfr(0,-.002,-.001,1,0,0,0,1,-.008,0,.008,1);es="Linear";ed="In";};["UpperTorso"]={cf=cfr(0,-.006,.004,1,0,0,0,.982,.187,0,-.187,.982);es="Linear";ed="In";};["RightUpperLeg"]={cf=cfr(-.101,.002,.001,.649,-.541,-.535,-.001,.702,-.712,.761,.463,.455);es="Linear";ed="In";};["LeftUpperLeg"]={cf=cfr(.099,0,0,.645,.543,.537,-.004,.705,-.709,-.764,.455,.457);es="Linear";ed="In";};["LeftLowerArm"]={cf=cfr(0,0,0,1,0,0,0,.704,-.711,0,.711,.704);es="Linear";ed="In";};["LeftLowerLeg"]={cf=cfr(0,.002,-.004,1,0,0,0,.756,.655,0,-.655,.756);es="Linear";ed="In";};["RightLowerLeg"]={cf=cfr(0,.001,-.001,1,0,0,0,.761,.649,0,-.649,.761);es="Linear";ed="In";};["LowerTorso"]={cf=cfr(0,-.38,-.231,1,0,0,0,1,0,0,0,1);es="Linear";ed="In";};["RightLowerArm"]={cf=cfr(0,0,0,1,0,0,0,.579,-.815,0,.815,.579);es="Linear";ed="In";};};{tm=1.017;["RightUpperArm"]={cf=cfr(0,.002,0,.985,-.174,.001,.168,.952,.254,-.045,-.25,.967);es="Linear";ed="In";};["LeftUpperArm"]={cf=cfr(-.012,-.067,.031,.947,.3,-.117,-.29,.952,.097,.141,-.058,.988);es="Linear";ed="In";};["Head"]={cf=cfr(0,-.001,0,1,0,0,0,1,-.002,0,.002,1);es="Linear";ed="In";};["UpperTorso"]={cf=cfr(0,-.002,.001,1,0,0,0,.984,.177,0,-.177,.984);es="Linear";ed="In";};["RightUpperLeg"]={cf=cfr(-.1,0,0,.644,-.542,-.54,0,.706,-.708,.765,.457,.455);es="Linear";ed="In";};["LeftUpperLeg"]={cf=cfr(.1,0,0,.643,.542,.541,-.001,.707,-.708,-.766,.455,.455);es="Linear";ed="In";};["LeftLowerArm"]={cf=cfr(0,0,0,1,0,0,0,.706,-.708,0,.708,.706);es="Linear";ed="In";};["LeftLowerLeg"]={cf=cfr(0,0,-.001,1,0,0,0,.764,.646,0,-.646,.764);es="Linear";ed="In";};["RightLowerLeg"]={cf=cfr(0,0,0,1,0,0,0,.765,.644,0,-.644,.765);es="Linear";ed="In";};["LowerTorso"]={cf=cfr(0,-.375,-.234,1,0,0,0,1,0,0,0,1);es="Linear";ed="In";};["RightLowerArm"]={cf=cfr(0,0,0,1,0,0,0,.575,-.818,0,.818,.575);es="Linear";ed="In";};};{tm=1.033;["Head"]={cf=cfr(0,0,0,1,0,0,0,1,0,0,0,1);es="Linear";ed="In";};["LeftUpperArm"]={cf=cfr(-.012,-.067,.031,.947,.3,-.119,-.29,.952,.095,.142,-.056,.988);es="Linear";ed="In";};["RightUpperArm"]={cf=cfr(0,0,0,.985,-.174,0,.168,.951,.259,-.045,-.255,.966);es="Linear";ed="In";};["LeftUpperLeg"]={cf=cfr(.1,0,0,.643,.542,.542,0,.707,-.707,-.766,.455,.455);es="Linear";ed="In";};["RightUpperLeg"]={cf=cfr(-.1,0,0,.643,-.542,-.542,0,.707,-.707,.766,.455,.455);es="Linear";ed="In";};["UpperTorso"]={cf=cfr(0,0,0,1,0,0,0,.985,.174,0,-.174,.985);es="Linear";ed="In";};["LeftLowerArm"]={cf=cfr(0,0,0,1,0,0,0,.707,-.707,0,.707,.707);es="Linear";ed="In";};["LeftLowerLeg"]={cf=cfr(0,0,0,1,0,0,0,.766,.643,0,-.643,.766);es="Linear";ed="In";};["RightLowerLeg"]={cf=cfr(0,0,0,1,0,0,0,.766,.643,0,-.643,.766);es="Linear";ed="In";};["LowerTorso"]={cf=cfr(0,-.373,-.235,1,0,0,0,1,0,0,0,1);es="Linear";ed="In";};["RightLowerArm"]={cf=cfr(0,0,0,1,0,0,0,.574,-.819,0,.819,.574);es="Linear";ed="In";};};}