local cfr = CFrame.new

return {{tm=0;["LeftUpperArm"]={cf=cfr(0,0,0,.77,.635,-.054,-.636,.772,.004,.044,.031,.999);es="Sine";ed="InOut";};["Head"]={cf=cfr(0,0,0,1,0,0,0,.776,.631,0,-.631,.776);es="Sine";ed="InOut";};["RightUpperArm"]={cf=cfr(0,0,0,.77,-.635,.054,.636,.772,.004,-.044,.031,.999);es="Sine";ed="InOut";};["LeftUpperLeg"]={cf=cfr(0,0,0,.866,.329,-.376,-.333,-.181,-.925,-.373,.927,-.047);es="Sine";ed="InOut";};["RightUpperLeg"]={cf=cfr(0,0,0,.866,-.33,.376,.333,-.181,-.925,.373,.927,-.047);es="Sine";ed="InOut";};["UpperTorso"]={cf=cfr(0,0,-.015,1,0,0,0,.722,.692,0,-.692,.722);es="Sine";ed="InOut";};["LeftLowerArm"]={cf=cfr(0,0,0,1,0,0,0,.707,-.707,0,.707,.707);es="Linear";ed="In";};["LeftFoot"]={cf=cfr(0,0,0,1,0,0,0,1,0,0,0,1);es="Linear";ed="In";};["LeftLowerLeg"]={cf=cfr(0,0,0,1,0,0,0,.407,.914,0,-.914,.407);es="Sine";ed="InOut";};["RightLowerArm"]={cf=cfr(.001,0,0,1,0,0,0,.707,-.707,0,.707,.707);es="Linear";ed="In";};["LowerTorso"]={cf=cfr(0,-2.435,-.01,1,0,0,0,.746,-.666,0,.666,.746);es="Quad";ed="Out";};["RightFoot"]={cf=cfr(0,0,0,1,0,0,0,1,0,0,0,1);es="Linear";ed="In";};["RightLowerLeg"]={cf=cfr(0,0,0,1,0,0,0,.407,.914,0,-.914,.407);es="Sine";ed="InOut";};["LeftHand"]={cf=cfr(0,0,0,1,0,0,0,1,0,0,0,1);es="Linear";ed="In";};["RightHand"]={cf=cfr(0,0,0,1,0,0,0,1,0,0,0,1);es="Linear";ed="In";};};{tm=.017;["RightUpperArm"]={cf=cfr(0,0,0,.772,-.633,.054,.634,.773,.004,-.044,.031,.999);es="Linear";ed="In";};["Head"]={cf=cfr(0,-.001,.001,1,0,0,0,.78,.626,0,-.626,.78);es="Linear";ed="In";};["LeftUpperArm"]={cf=cfr(0,0,0,.772,.633,-.054,-.634,.773,.004,.044,.031,.999);es="Linear";ed="In";};["UpperTorso"]={cf=cfr(0,0,-.014,1,0,0,0,.724,.69,0,-.69,.724);es="Linear";ed="In";};["RightUpperLeg"]={cf=cfr(0,0,0,.866,-.331,.375,.333,-.178,-.926,.373,.927,-.044);es="Linear";ed="In";};["LeftUpperLeg"]={cf=cfr(0,0,0,.866,.331,-.375,-.333,-.178,-.926,-.373,.927,-.044);es="Linear";ed="In";};["LeftLowerLeg"]={cf=cfr(0,0,0,1,0,0,0,.409,.912,0,-.912,.409);es="Linear";ed="In";};["LowerTorso"]={cf=cfr(0,-2.371,-.01,1,0,0,0,.746,-.666,0,.666,.746);es="Linear";ed="In";};["RightLowerLeg"]={cf=cfr(0,0,0,1,0,0,0,.409,.912,0,-.912,.409);es="Linear";ed="In";};};{tm=.033;["RightUpperArm"]={cf=cfr(-.001,0,0,.778,-.626,.054,.627,.779,.004,-.045,.03,.999);es="Linear";ed="In";};["Head"]={cf=cfr(0,-.003,.002,1,0,0,0,.79,.612,0,-.612,.79);es="Linear";ed="In";};["LeftUpperArm"]={cf=cfr(.001,0,0,.778,.626,-.054,-.627,.779,.004,.045,.03,.999);es="Linear";ed="In";};["UpperTorso"]={cf=cfr(0,-.001,-.014,1,0,0,0,.73,.684,0,-.684,.73);es="Linear";ed="In";};["RightUpperLeg"]={cf=cfr(0,0,0,.866,-.334,.372,.333,-.17,-.927,.373,.927,-.036);es="Linear";ed="In";};["LeftUpperLeg"]={cf=cfr(0,0,0,.866,.334,-.372,-.333,-.17,-.927,-.373,.927,-.036);es="Linear";ed="In";};["LeftLowerLeg"]={cf=cfr(0,0,0,1,0,0,0,.417,.909,0,-.909,.417);es="Linear";ed="In";};["LowerTorso"]={cf=cfr(0,-2.312,-.01,1,0,0,0,.746,-.666,0,.666,.746);es="Linear";ed="In";};["RightLowerLeg"]={cf=cfr(0,0,0,1,0,0,0,.417,.909,0,-.909,.417);es="Linear";ed="In";};};{tm=.05;["RightUpperArm"]={cf=cfr(-.002,0,0,.786,-.616,.054,.616,.788,.004,-.045,.03,.999);es="Linear";ed="In";};["Head"]={cf=cfr(0,-.006,.004,1,0,0,0,.807,.59,0,-.59,.807);es="Linear";ed="In";};["LeftUpperArm"]={cf=cfr(.002,0,0,.786,.616,-.054,-.616,.788,.004,.045,.03,.999);es="Linear";ed="In";};["UpperTorso"]={cf=cfr(0,-.002,-.013,1,0,0,0,.739,.673,0,-.673,.739);es="Linear";ed="In";};["RightUpperLeg"]={cf=cfr(0,0,.001,.866,-.339,.368,.333,-.157,-.93,.373,.928,-.023);es="Linear";ed="In";};["LeftUpperLeg"]={cf=cfr(0,0,.001,.866,.339,-.367,-.333,-.157,-.93,-.373,.928,-.023);es="Linear";ed="In";};["LeftLowerLeg"]={cf=cfr(0,0,-.001,1,0,0,0,.43,.903,0,-.903,.43);es="Linear";ed="In";};["LowerTorso"]={cf=cfr(0,-2.26,-.01,1,0,0,0,.746,-.666,0,.666,.746);es="Linear";ed="In";};["RightLowerLeg"]={cf=cfr(0,0,-.001,1,0,0,0,.43,.903,0,-.903,.43);es="Linear";ed="In";};};{tm=.067;["RightUpperArm"]={cf=cfr(-.002,0,0,.797,-.601,.054,.602,.799,.004,-.045,.029,.999);es="Linear";ed="In";};["Head"]={cf=cfr(0,-.009,.005,1,0,0,0,.828,.561,0,-.561,.828);es="Linear";ed="In";};["LeftUpperArm"]={cf=cfr(.002,0,0,.797,.601,-.054,-.602,.799,.004,.045,.029,.999);es="Linear";ed="In";};["UpperTorso"]={cf=cfr(0,-.002,-.013,1,0,0,0,.751,.66,0,-.66,.751);es="Linear";ed="In";};["RightUpperLeg"]={cf=cfr(-.001,0,.001,.866,-.346,.361,.333,-.14,-.932,.373,.928,-.006);es="Linear";ed="In";};["LeftUpperLeg"]={cf=cfr(.001,0,.001,.866,.346,-.361,-.333,-.14,-.932,-.373,.928,-.006);es="Linear";ed="In";};["LeftLowerLeg"]={cf=cfr(0,.001,-.001,1,0,0,0,.446,.895,0,-.895,.446);es="Linear";ed="In";};["LowerTorso"]={cf=cfr(0,-2.212,-.01,1,0,0,0,.746,-.666,0,.666,.746);es="Linear";ed="In";};["RightLowerLeg"]={cf=cfr(0,.001,-.001,1,0,0,0,.446,.895,0,-.895,.446);es="Linear";ed="In";};};{tm=.083;["RightUpperArm"]={cf=cfr(-.003,0,0,.81,-.584,.054,.585,.811,.004,-.046,.028,.999);es="Linear";ed="In";};["Head"]={cf=cfr(0,-.011,.006,1,0,0,0,.851,.525,0,-.525,.851);es="Linear";ed="In";};["LeftUpperArm"]={cf=cfr(.003,0,0,.81,.584,-.054,-.585,.811,.004,.046,.028,.999);es="Linear";ed="In";};["UpperTorso"]={cf=cfr(0,-.003,-.012,1,0,0,0,.765,.644,0,-.644,.765);es="Linear";ed="In";};["RightUpperLeg"]={cf=cfr(-.001,0,.002,.866,-.353,.354,.333,-.12,-.935,.373,.928,.013);es="Linear";ed="In";};["LeftUpperLeg"]={cf=cfr(.001,0,.002,.866,.353,-.354,-.333,-.121,-.935,-.373,.928,.013);es="Linear";ed="In";};["LeftLowerLeg"]={cf=cfr(0,.001,-.001,1,0,0,0,.465,.885,0,-.885,.465);es="Linear";ed="In";};["LowerTorso"]={cf=cfr(0,-2.171,-.01,1,0,0,0,.746,-.666,0,.666,.746);es="Linear";ed="In";};["RightLowerLeg"]={cf=cfr(0,.001,-.001,1,0,0,0,.465,.885,0,-.885,.465);es="Linear";ed="In";};};{tm=.1;["RightUpperArm"]={cf=cfr(-.003,0,0,.823,-.566,.054,.567,.824,.004,-.047,.027,.999);es="Linear";ed="In";};["Head"]={cf=cfr(0,-.012,.007,1,0,0,0,.874,.486,0,-.486,.874);es="Linear";ed="In";};["LeftUpperArm"]={cf=cfr(.003,0,0,.823,.566,-.054,-.567,.824,.004,.047,.027,.999);es="Linear";ed="In";};["UpperTorso"]={cf=cfr(0,-.003,-.012,1,0,0,0,.779,.627,0,-.627,.779);es="Linear";ed="In";};["RightUpperLeg"]={cf=cfr(-.001,0,.002,.866,-.361,.346,.333,-.099,-.938,.373,.927,.034);es="Linear";ed="In";};["LeftUpperLeg"]={cf=cfr(.001,0,.002,.866,.361,-.346,-.333,-.099,-.938,-.373,.927,.034);es="Linear";ed="In";};["LeftLowerLeg"]={cf=cfr(0,.001,-.002,1,0,0,0,.485,.875,0,-.875,.485);es="Linear";ed="In";};["LowerTorso"]={cf=cfr(0,-2.135,-.01,1,0,0,0,.746,-.666,0,.666,.746);es="Linear";ed="In";};["RightLowerLeg"]={cf=cfr(0,.001,-.002,1,0,0,0,.485,.875,0,-.875,.485);es="Linear";ed="In";};};{tm=.117;["RightUpperArm"]={cf=cfr(-.003,0,0,.835,-.547,.054,.548,.837,.004,-.047,.026,.999);es="Linear";ed="In";};["Head"]={cf=cfr(0,-.011,.006,1,0,0,0,.895,.447,0,-.447,.895);es="Linear";ed="In";};["LeftUpperArm"]={cf=cfr(.003,0,0,.835,.547,-.054,-.548,.837,.004,.047,.026,.999);es="Linear";ed="In";};["UpperTorso"]={cf=cfr(0,-.003,-.012,1,0,0,0,.793,.609,0,-.609,.793);es="Linear";ed="In";};["RightUpperLeg"]={cf=cfr(-.001,0,.002,.866,-.369,.338,.333,-.078,-.94,.373,.926,.055);es="Linear";ed="In";};["LeftUpperLeg"]={cf=cfr(.001,0,.002,.866,.369,-.338,-.333,-.078,-.94,-.373,.926,.055);es="Linear";ed="In";};["LeftLowerLeg"]={cf=cfr(0,.001,-.001,1,0,0,0,.504,.863,0,-.863,.504);es="Linear";ed="In";};["LowerTorso"]={cf=cfr(0,-2.104,-.01,1,0,0,0,.746,-.666,0,.666,.746);es="Linear";ed="In";};["RightLowerLeg"]={cf=cfr(0,.001,-.001,1,0,0,0,.504,.863,0,-.863,.504);es="Linear";ed="In";};};{tm=.133;["RightUpperArm"]={cf=cfr(-.002,0,0,.847,-.529,.054,.53,.848,.004,-.048,.025,.999);es="Linear";ed="In";};["Head"]={cf=cfr(0,-.009,.005,1,0,0,0,.913,.408,0,-.408,.913);es="Linear";ed="In";};["LeftUpperArm"]={cf=cfr(.002,0,0,.847,.529,-.054,-.53,.848,.004,.048,.025,.999);es="Linear";ed="In";};["UpperTorso"]={cf=cfr(0,-.002,-.013,1,0,0,0,.806,.592,0,-.592,.806);es="Linear";ed="In";};["RightUpperLeg"]={cf=cfr(-.001,0,.001,.866,-.376,.33,.333,-.058,-.941,.373,.925,.075);es="Linear";ed="In";};["LeftUpperLeg"]={cf=cfr(.001,0,.001,.866,.376,-.33,-.333,-.058,-.941,-.373,.925,.075);es="Linear";ed="In";};["LeftLowerLeg"]={cf=cfr(0,.001,-.001,1,0,0,0,.522,.853,0,-.853,.522);es="Linear";ed="In";};["LowerTorso"]={cf=cfr(0,-2.079,-.01,1,0,0,0,.746,-.666,0,.666,.746);es="Linear";ed="In";};["RightLowerLeg"]={cf=cfr(0,.001,-.001,1,0,0,0,.522,.853,0,-.853,.522);es="Linear";ed="In";};};{tm=.15;["RightUpperArm"]={cf=cfr(-.002,0,0,.856,-.514,.054,.515,.857,.004,-.048,.024,.999);es="Linear";ed="In";};["Head"]={cf=cfr(0,-.006,.003,1,0,0,0,.927,.375,0,-.375,.927);es="Linear";ed="In";};["LeftUpperArm"]={cf=cfr(.002,0,0,.856,.514,-.054,-.515,.857,.004,.048,.024,.999);es="Linear";ed="In";};["UpperTorso"]={cf=cfr(0,-.002,-.013,1,0,0,0,.817,.577,0,-.577,.817);es="Linear";ed="In";};["RightUpperLeg"]={cf=cfr(0,0,.001,.866,-.382,.323,.333,-.041,-.942,.373,.923,.091);es="Linear";ed="In";};["LeftUpperLeg"]={cf=cfr(0,0,.001,.866,.382,-.323,-.333,-.041,-.942,-.373,.923,.091);es="Linear";ed="In";};["LeftLowerLeg"]={cf=cfr(0,0,-.001,1,0,0,0,.538,.843,0,-.843,.538);es="Linear";ed="In";};["LowerTorso"]={cf=cfr(0,-2.06,-.01,1,0,0,0,.746,-.666,0,.666,.746);es="Linear";ed="In";};["RightLowerLeg"]={cf=cfr(0,0,-.001,1,0,0,0,.538,.843,0,-.843,.538);es="Linear";ed="In";};};{tm=.167;["RightUpperArm"]={cf=cfr(-.001,0,0,.863,-.502,.054,.503,.864,.004,-.049,.023,.999);es="Linear";ed="In";};["Head"]={cf=cfr(0,-.003,.002,1,0,0,0,.937,.349,0,-.349,.937);es="Linear";ed="In";};["LeftUpperArm"]={cf=cfr(.001,0,0,.863,.502,-.054,-.503,.864,.004,.049,.023,.999);es="Linear";ed="In";};["UpperTorso"]={cf=cfr(0,-.001,-.014,1,0,0,0,.824,.566,0,-.566,.824);es="Linear";ed="In";};["RightUpperLeg"]={cf=cfr(0,0,0,.866,-.386,.318,.333,-.028,-.942,.373,.922,.104);es="Linear";ed="In";};["LeftUpperLeg"]={cf=cfr(0,0,0,.866,.386,-.318,-.333,-.028,-.943,-.373,.922,.104);es="Linear";ed="In";};["LeftLowerLeg"]={cf=cfr(0,0,0,1,0,0,0,.549,.836,0,-.836,.549);es="Linear";ed="In";};["LowerTorso"]={cf=cfr(0,-2.046,-.01,1,0,0,0,.746,-.666,0,.666,.746);es="Linear";ed="In";};["RightLowerLeg"]={cf=cfr(0,0,0,1,0,0,0,.549,.836,0,-.836,.549);es="Linear";ed="In";};};{tm=.183;["RightUpperArm"]={cf=cfr(0,0,0,.867,-.495,.054,.495,.869,.004,-.049,.023,.999);es="Linear";ed="In";};["Head"]={cf=cfr(0,-.001,0,1,0,0,0,.943,.333,0,-.333,.943);es="Linear";ed="In";};["LeftUpperArm"]={cf=cfr(0,0,0,.867,.495,-.054,-.495,.869,.004,.049,.023,.999);es="Linear";ed="In";};["UpperTorso"]={cf=cfr(0,0,-.014,1,0,0,0,.829,.559,0,-.559,.829);es="Linear";ed="In";};["RightUpperLeg"]={cf=cfr(0,0,0,.866,-.389,.314,.333,-.02,-.943,.373,.921,.112);es="Linear";ed="In";};["LeftUpperLeg"]={cf=cfr(0,0,0,.866,.389,-.314,-.333,-.02,-.943,-.373,.921,.112);es="Linear";ed="In";};["LeftLowerLeg"]={cf=cfr(0,0,0,1,0,0,0,.557,.831,0,-.831,.557);es="Linear";ed="In";};["LowerTorso"]={cf=cfr(0,-2.037,-.01,1,0,0,0,.746,-.666,0,.666,.746);es="Linear";ed="In";};["RightLowerLeg"]={cf=cfr(0,0,0,1,0,0,0,.557,.831,0,-.831,.557);es="Linear";ed="In";};};{tm=.2;["LeftUpperArm"]={cf=cfr(0,0,0,.869,.492,-.054,-.493,.87,.004,.049,.023,.999);es="Linear";ed="In";};["Head"]={cf=cfr(0,0,0,1,0,0,0,.945,.327,0,-.327,.945);es="Linear";ed="In";};["RightUpperArm"]={cf=cfr(0,0,0,.869,-.492,.054,.493,.87,.004,-.049,.023,.999);es="Linear";ed="In";};["LeftUpperLeg"]={cf=cfr(0,0,0,.866,.39,-.313,-.333,-.017,-.943,-.373,.921,.115);es="Linear";ed="In";};["RightUpperLeg"]={cf=cfr(0,0,0,.866,-.39,.313,.333,-.017,-.943,.373,.921,.115);es="Linear";ed="In";};["UpperTorso"]={cf=cfr(0,0,-.015,1,0,0,0,.831,.556,0,-.556,.831);es="Linear";ed="In";};["LeftLowerArm"]={cf=cfr(0,0,0,1,0,0,0,.707,-.707,0,.707,.707);es="Linear";ed="In";};["LeftFoot"]={cf=cfr(0,0,0,1,0,0,0,1,0,0,0,1);es="Linear";ed="In";};["LeftLowerLeg"]={cf=cfr(0,0,0,1,0,0,0,.559,.829,0,-.829,.559);es="Linear";ed="In";};["RightLowerArm"]={cf=cfr(.001,0,0,1,0,0,0,.707,-.707,0,.707,.707);es="Linear";ed="In";};["LowerTorso"]={cf=cfr(0,-2.035,-.01,1,0,0,0,.746,-.666,0,.666,.746);es="Linear";ed="In";};["RightFoot"]={cf=cfr(0,0,0,1,0,0,0,1,0,0,0,1);es="Linear";ed="In";};["RightLowerLeg"]={cf=cfr(0,0,0,1,0,0,0,.559,.829,0,-.829,.559);es="Linear";ed="In";};["LeftHand"]={cf=cfr(0,0,0,1,0,0,0,1,0,0,0,1);es="Linear";ed="In";};["RightHand"]={cf=cfr(0,0,0,1,0,0,0,1,0,0,0,1);es="Linear";ed="In";};};}