local cfr = CFrame.new

return {{tm=0;["RootNode"]={cf=cfr(0,0,0,-1,0,0,0,1,0,0,0,-1);es="Linear";ed="In";};["root"]={cf=cfr(0,2.341,0,0,0,1,0,1,0,-1,0,0);es="Linear";ed="In";};["000-offset"]={cf=cfr(0,0,0,-.626,.78,.027,-.779,-.623,-.065,-.034,-.061,.998);es="Linear";ed="In";};["004-offset.001"]={cf=cfr(0,0,0,-.015,-1,0,1,-.015,0,0,0,1);es="Linear";ed="In";};["006-offset"]={cf=cfr(0,0,0,-.019,-1,-.005,1,-.019,0,0,-.005,1);es="Linear";ed="In";};["000-offset.009"]={cf=cfr(0,0,0,-.786,.158,.598,-.169,-.985,.038,.595,-.071,.801);es="Linear";ed="In";};["000-offset.012"]={cf=cfr(0,0,0,-.75,-.316,-.581,.494,-.851,-.175,-.44,-.418,.795);es="Linear";ed="In";};["000-offset.001"]={cf=cfr(0,0,0,.903,.429,-.007,-.423,.887,-.186,-.074,.17,.983);es="Linear";ed="In";};["000-offset.010"]={cf=cfr(0,0,0,-.259,.966,0,-.966,-.259,0,0,0,1);es="Linear";ed="In";};["000-offset.013"]={cf=cfr(0,0,0,-.353,.936,0,-.936,-.353,0,0,0,1);es="Linear";ed="In";};["004-offset"]={cf=cfr(0,0,0,.035,-.999,0,.999,.035,0,0,0,1);es="Linear";ed="In";};["002-offset"]={cf=cfr(0,0,0,.035,-.999,0,.999,.035,0,0,0,1);es="Linear";ed="In";};["000-offset.002"]={cf=cfr(0,0,0,.902,.418,-.105,-.406,.906,.123,.147,-.069,.987);es="Linear";ed="In";};["000-offset.011"]={cf=cfr(0,0,0,.288,-.958,0,.958,.288,0,0,0,1);es="Linear";ed="In";};["000-offset.014"]={cf=cfr(0,0,0,-.535,-.845,-.005,.845,-.534,-.02,.014,-.015,1);es="Linear";ed="In";};["000-offset.006"]={cf=cfr(0,0,0,-.206,-.977,-.051,-.324,.019,.946,-.923,.212,-.32);es="Linear";ed="In";};["000-offset.003"]={cf=cfr(0,0,0,.66,-.554,-.508,-.158,.559,-.814,.735,.617,.281);es="Linear";ed="In";};["000-offset.007"]={cf=cfr(0,0,0,.67,-.743,0,.743,.67,0,0,0,1);es="Linear";ed="In";};["000-offset.004"]={cf=cfr(0,0,0,.495,-.869,0,.869,.495,0,0,0,1);es="Linear";ed="In";};["000-offset.008"]={cf=cfr(0,0,0,.874,-.485,0,.485,.874,0,0,0,1);es="Linear";ed="In";};["000-offset.005"]={cf=cfr(0,0,0,.888,-.438,-.143,.432,.899,-.07,.159,0,.987);es="Linear";ed="In";};};{tm=.043;["root"]={cf=cfr(0,2.397,0,0,0,1,0,1,0,-1,0,0);es="Linear";ed="In";};["000-offset"]={cf=cfr(0,0,0,-.561,.827,.027,-.827,-.559,-.063,-.037,-.057,.998);es="Linear";ed="In";};["004-offset.001"]={cf=cfr(0,0,0,-.018,-1,0,1,-.018,0,0,0,1);es="Linear";ed="In";};["006-offset"]={cf=cfr(0,0,0,-.019,-1,-.005,1,-.019,0,0,-.005,1);es="Linear";ed="In";};["000-offset.001"]={cf=cfr(0,0,0,.96,.28,.002,-.277,.95,-.143,-.042,.137,.99);es="Linear";ed="In";};["000-offset.010"]={cf=cfr(0,0,0,-.38,.925,0,-.925,-.38,0,0,0,1);es="Linear";ed="In";};["000-offset.013"]={cf=cfr(0,0,0,-.421,.907,0,-.907,-.421,0,0,0,1);es="Linear";ed="In";};["000-offset.002"]={cf=cfr(0,0,0,.995,-.025,-.097,.035,.993,.11,.093,-.113,.989);es="Linear";ed="In";};["000-offset.011"]={cf=cfr(0,0,0,.303,-.953,0,.953,.303,0,0,0,1);es="Linear";ed="In";};["000-offset.014"]={cf=cfr(0,0,0,-.456,-.89,-.005,.89,-.456,-.02,.015,-.013,1);es="Linear";ed="In";};["000-offset.006"]={cf=cfr(0,0,0,-.207,-.977,-.051,-.324,.019,.946,-.923,.212,-.321);es="Linear";ed="In";};["000-offset.003"]={cf=cfr(0,0,0,.659,-.554,-.508,-.157,.559,-.814,.735,.617,.281);es="Linear";ed="In";};};{tm=.085;["root"]={cf=cfr(0,2.397,0,0,0,1,0,1,0,-1,0,0);es="Linear";ed="In";};["000-offset"]={cf=cfr(0,0,0,-.409,.912,.027,-.911,-.407,-.059,-.043,-.049,.998);es="Linear";ed="In";};["004-offset.001"]={cf=cfr(0,0,0,-.02,-1,0,1,-.02,0,0,0,1);es="Linear";ed="In";};["006-offset"]={cf=cfr(0,0,0,-.018,-1,-.005,1,-.018,0,0,-.005,1);es="Linear";ed="In";};["000-offset.009"]={cf=cfr(0,0,0,-.786,.158,.598,-.169,-.985,.038,.595,-.071,.801);es="Linear";ed="In";};["000-offset.012"]={cf=cfr(0,0,0,-.75,-.316,-.581,.494,-.851,-.175,-.44,-.418,.795);es="Linear";ed="In";};["000-offset.001"]={cf=cfr(0,0,0,.994,.108,-.003,-.108,.99,-.09,-.007,.09,.996);es="Linear";ed="In";};["000-offset.010"]={cf=cfr(0,0,0,-.462,.887,0,-.887,-.462,0,0,0,1);es="Linear";ed="In";};["000-offset.013"]={cf=cfr(0,0,0,-.445,.896,0,-.896,-.445,0,0,0,1);es="Linear";ed="In";};["000-offset.002"]={cf=cfr(0,0,0,.845,-.521,-.117,.533,.838,.118,.036,-.162,.986);es="Linear";ed="In";};["000-offset.011"]={cf=cfr(0,0,0,.278,-.96,0,.96,.278,0,0,0,1);es="Linear";ed="In";};["000-offset.014"]={cf=cfr(0,0,0,-.375,-.927,-.005,.927,-.374,-.02,.016,-.012,1);es="Linear";ed="In";};["000-offset.003"]={cf=cfr(0,0,0,.659,-.554,-.508,-.157,.559,-.814,.735,.617,.281);es="Linear";ed="In";};["000-offset.006"]={cf=cfr(0,0,0,-.208,-.977,-.051,-.325,.019,.945,-.922,.213,-.322);es="Linear";ed="In";};["000-offset.004"]={cf=cfr(0,0,0,.495,-.869,0,.869,.495,0,0,0,1);es="Linear";ed="In";};["000-offset.007"]={cf=cfr(0,0,0,.67,-.743,0,.743,.67,0,0,0,1);es="Linear";ed="In";};["000-offset.008"]={cf=cfr(0,0,0,.874,-.485,0,.485,.874,0,0,0,1);es="Linear";ed="In";};};{tm=.128;["root"]={cf=cfr(0,2.242,0,0,0,1,0,1,0,-1,0,0);es="Linear";ed="In";};["000-offset"]={cf=cfr(0,0,0,-.247,.969,.026,-.968,-.245,-.057,-.048,-.039,.998);es="Linear";ed="In";};["004-offset.001"]={cf=cfr(0,0,0,-.021,-1,0,1,-.021,0,0,0,1);es="Linear";ed="In";};["006-offset"]={cf=cfr(0,0,0,-.018,-1,-.005,1,-.018,0,0,-.005,1);es="Linear";ed="In";};["000-offset.009"]={cf=cfr(0,0,0,-.776,.215,.593,-.238,-.97,.04,.584,-.11,.805);es="Linear";ed="In";};["000-offset.012"]={cf=cfr(0,0,0,-.843,-.133,-.52,.256,-.952,-.17,-.473,-.277,.837);es="Linear";ed="In";};["000-offset.001"]={cf=cfr(0,0,0,.996,.084,-.005,-.084,.994,-.063,0,.063,.998);es="Linear";ed="In";};["000-offset.010"]={cf=cfr(0,0,0,-.38,.925,0,-.925,-.38,0,0,0,1);es="Linear";ed="In";};["000-offset.013"]={cf=cfr(0,0,0,-.346,.938,0,-.938,-.346,0,0,0,1);es="Linear";ed="In";};["000-offset.002"]={cf=cfr(0,0,0,.832,-.539,-.132,.553,.826,.108,.05,-.163,.985);es="Linear";ed="In";};["000-offset.011"]={cf=cfr(0,0,0,.131,-.991,0,.991,.131,0,0,0,1);es="Linear";ed="In";};["000-offset.014"]={cf=cfr(0,0,0,-.28,-.96,-.005,.96,-.28,-.019,.017,-.01,1);es="Linear";ed="In";};["000-offset.003"]={cf=cfr(0,0,0,.658,-.553,-.511,-.161,.56,-.813,.736,.617,.279);es="Linear";ed="In";};["000-offset.006"]={cf=cfr(0,0,0,-.21,-.976,-.058,-.325,.014,.946,-.922,.218,-.32);es="Linear";ed="In";};["000-offset.004"]={cf=cfr(0,0,0,.491,-.871,0,.871,.491,0,0,0,1);es="Linear";ed="In";};["000-offset.007"]={cf=cfr(0,0,0,.671,-.741,0,.741,.671,0,0,0,1);es="Linear";ed="In";};["000-offset.008"]={cf=cfr(0,0,0,.873,-.488,0,.488,.873,0,0,0,1);es="Linear";ed="In";};};{tm=.171;["root"]={cf=cfr(0,2.044,0,0,0,1,0,1,0,-1,0,0);es="Linear";ed="In";};["000-offset"]={cf=cfr(0,0,0,-.101,.995,.025,-.994,-.099,-.054,-.051,-.03,.998);es="Linear";ed="In";};["004-offset.001"]={cf=cfr(0,0,0,-.023,-1,0,1,-.023,0,0,0,1);es="Linear";ed="In";};["006-offset"]={cf=cfr(0,0,0,-.018,-1,-.005,1,-.018,0,0,-.005,1);es="Linear";ed="In";};["000-offset.009"]={cf=cfr(0,0,0,-.738,.325,.591,-.366,-.929,.054,.567,-.177,.805);es="Linear";ed="In";};["000-offset.012"]={cf=cfr(0,0,0,-.814,.262,-.519,-.22,-.965,-.143,-.538,-.002,.843);es="Linear";ed="In";};["000-offset.001"]={cf=cfr(0,0,0,.997,.072,-.006,-.072,.997,-.035,.004,.035,.999);es="Linear";ed="In";};["000-offset.010"]={cf=cfr(0,0,0,-.263,.965,0,-.965,-.263,0,0,0,1);es="Linear";ed="In";};["000-offset.013"]={cf=cfr(0,0,0,-.221,.975,0,-.975,-.221,0,0,0,1);es="Linear";ed="In";};["000-offset.002"]={cf=cfr(0,0,0,.896,-.422,-.141,.436,.895,.096,.086,-.148,.985);es="Linear";ed="In";};["000-offset.011"]={cf=cfr(0,0,0,-.055,-.999,0,.999,-.055,0,0,0,1);es="Linear";ed="In";};["000-offset.014"]={cf=cfr(0,0,0,-.066,-.998,-.005,.998,-.066,-.019,.019,-.006,1);es="Linear";ed="In";};["000-offset.003"]={cf=cfr(0,0,0,.654,-.55,-.52,-.171,.561,-.81,.737,.618,.273);es="Linear";ed="In";};["000-offset.006"]={cf=cfr(0,0,0,-.221,-.972,-.075,-.328,.001,.945,-.918,.233,-.319);es="Linear";ed="In";};["000-offset.004"]={cf=cfr(0,0,0,.482,-.876,0,.876,.482,0,0,0,1);es="Linear";ed="In";};["000-offset.007"]={cf=cfr(0,0,0,.675,-.738,0,.738,.675,0,0,0,1);es="Linear";ed="In";};["000-offset.008"]={cf=cfr(0,0,0,.87,-.494,0,.494,.87,0,0,0,1);es="Linear";ed="In";};};{tm=.214;["root"]={cf=cfr(0,1.833,0,0,0,1,0,1,0,-1,0,0);es="Linear";ed="In";};["000-offset"]={cf=cfr(0,0,0,.063,.998,.023,-.997,.064,-.052,-.053,-.02,.998);es="Linear";ed="In";};["004-offset.001"]={cf=cfr(0,0,0,-.024,-1,0,1,-.024,0,0,0,1);es="Linear";ed="In";};["006-offset"]={cf=cfr(0,0,0,-.017,-1,-.005,1,-.017,0,0,-.005,1);es="Linear";ed="In";};["000-offset.009"]={cf=cfr(0,0,0,-.698,.398,.594,-.433,-.897,.092,.57,-.193,.799);es="Linear";ed="In";};["000-offset.012"]={cf=cfr(0,0,0,-.654,.481,-.584,-.474,-.862,-.18,-.59,.159,.792);es="Linear";ed="In";};["000-offset.001"]={cf=cfr(0,0,0,.998,.069,-.007,-.069,.998,-.007,.007,.008,1);es="Linear";ed="In";};["000-offset.010"]={cf=cfr(0,0,0,-.123,.992,0,-.992,-.123,0,0,0,1);es="Linear";ed="In";};["000-offset.013"]={cf=cfr(0,0,0,-.076,.997,0,-.997,-.076,0,0,0,1);es="Linear";ed="In";};["000-offset.002"]={cf=cfr(0,0,0,.958,-.252,-.14,.264,.961,.08,.115,-.114,.987);es="Linear";ed="In";};["000-offset.011"]={cf=cfr(0,0,0,-.123,-.992,0,.992,-.123,0,0,0,1);es="Linear";ed="In";};["000-offset.014"]={cf=cfr(0,0,0,.146,-.989,-.005,.989,.146,-.019,.02,-.002,1);es="Linear";ed="In";};["000-offset.003"]={cf=cfr(0,0,0,.648,-.546,-.531,-.185,.563,-.805,.739,.62,.264);es="Linear";ed="In";};["000-offset.006"]={cf=cfr(0,0,0,-.235,-.967,-.099,-.331,-.016,.944,-.914,.255,-.316);es="Linear";ed="In";};["000-offset.004"]={cf=cfr(0,0,0,.467,-.884,0,.884,.467,0,0,0,1);es="Linear";ed="In";};["000-offset.007"]={cf=cfr(0,0,0,.68,-.733,0,.733,.68,0,0,0,1);es="Linear";ed="In";};["000-offset.008"]={cf=cfr(0,0,0,.864,-.503,0,.503,.864,0,0,0,1);es="Linear";ed="In";};};{tm=.257;["root"]={cf=cfr(0,1.607,0,0,0,1,0,1,0,-1,0,0);es="Linear";ed="In";};["000-offset"]={cf=cfr(0,0,0,.23,.973,.022,-.972,.231,-.052,-.056,-.009,.998);es="Linear";ed="In";};["004-offset.001"]={cf=cfr(0,0,0,-.025,-1,0,1,-.025,0,0,0,1);es="Linear";ed="In";};["006-offset"]={cf=cfr(0,0,0,-.017,-1,-.004,1,-.017,0,0,-.004,1);es="Linear";ed="In";};["000-offset.009"]={cf=cfr(0,0,0,-.685,.403,.607,-.389,-.907,.163,.616,-.125,.778);es="Linear";ed="In";};["000-offset.012"]={cf=cfr(0,0,0,-.661,.458,-.594,-.429,-.881,-.202,-.616,.121,.778);es="Linear";ed="In";};["000-offset.001"]={cf=cfr(0,0,0,.997,.073,-.007,-.073,.997,.02,.008,-.019,1);es="Linear";ed="In";};["000-offset.010"]={cf=cfr(0,0,0,.028,1,0,-1,.028,0,0,0,1);es="Linear";ed="In";};["000-offset.013"]={cf=cfr(0,0,0,.08,.997,0,-.997,.08,0,0,0,1);es="Linear";ed="In";};["000-offset.002"]={cf=cfr(0,0,0,.988,-.07,-.135,.078,.995,.054,.131,-.064,.989);es="Linear";ed="In";};["000-offset.011"]={cf=cfr(0,0,0,.035,-.999,0,.999,.035,0,0,0,1);es="Linear";ed="In";};["000-offset.014"]={cf=cfr(0,0,0,.326,-.945,-.005,.945,.326,-.019,.02,.002,1);es="Linear";ed="In";};["000-offset.003"]={cf=cfr(0,0,0,.642,-.541,-.543,-.2,.565,-.8,.74,.622,.255);es="Linear";ed="In";};["000-offset.006"]={cf=cfr(0,0,0,-.252,-.96,-.124,-.33,-.035,.943,-.91,.279,-.308);es="Linear";ed="In";};["000-offset.004"]={cf=cfr(0,0,0,.447,-.894,0,.894,.447,0,0,0,1);es="Linear";ed="In";};["000-offset.007"]={cf=cfr(0,0,0,.684,-.729,0,.729,.684,0,0,0,1);es="Linear";ed="In";};["000-offset.008"]={cf=cfr(0,0,0,.858,-.514,0,.514,.858,0,0,0,1);es="Linear";ed="In";};};{tm=.299;["root"]={cf=cfr(0,1.396,0,0,0,1,0,1,0,-1,0,0);es="Linear";ed="In";};["000-offset"]={cf=cfr(0,0,0,.388,.922,.021,-.92,.388,-.054,-.057,.002,.998);es="Linear";ed="In";};["004-offset.001"]={cf=cfr(0,0,0,-.027,-1,0,1,-.027,0,0,0,1);es="Linear";ed="In";};["006-offset"]={cf=cfr(0,0,0,-.017,-1,-.003,1,-.017,0,0,-.003,1);es="Linear";ed="In";};["000-offset.009"]={cf=cfr(0,0,0,-.674,.385,.63,-.293,-.923,.251,.678,-.016,.735);es="Linear";ed="In";};["000-offset.012"]={cf=cfr(0,0,0,-.734,.327,-.596,-.251,-.945,-.209,-.631,-.004,.776);es="Linear";ed="In";};["000-offset.001"]={cf=cfr(0,0,0,.997,.081,-.005,-.081,.996,.045,.009,-.044,.999);es="Linear";ed="In";};["000-offset.010"]={cf=cfr(0,0,0,.175,.984,0,-.984,.175,0,0,0,1);es="Linear";ed="In";};["000-offset.013"]={cf=cfr(0,0,0,.235,.972,0,-.972,.235,0,0,0,1);es="Linear";ed="In";};["000-offset.002"]={cf=cfr(0,0,0,.98,.136,-.145,-.134,.991,.025,.147,-.005,.989);es="Linear";ed="In";};["000-offset.011"]={cf=cfr(0,0,0,.306,-.952,0,.952,.306,0,0,0,1);es="Linear";ed="In";};["000-offset.014"]={cf=cfr(0,0,0,.49,-.872,-.005,.871,.49,-.019,.019,.005,1);es="Linear";ed="In";};["000-offset.003"]={cf=cfr(0,0,0,.638,-.536,-.553,-.215,.566,-.796,.74,.626,.246);es="Linear";ed="In";};["000-offset.006"]={cf=cfr(0,0,0,-.269,-.952,-.147,-.325,-.054,.944,-.907,.302,-.295);es="Linear";ed="In";};["000-offset.004"]={cf=cfr(0,0,0,.424,-.906,0,.906,.424,0,0,0,1);es="Linear";ed="In";};["000-offset.007"]={cf=cfr(0,0,0,.687,-.727,0,.727,.687,0,0,0,1);es="Linear";ed="In";};["000-offset.008"]={cf=cfr(0,0,0,.851,-.525,0,.525,.851,0,0,0,1);es="Linear";ed="In";};};{tm=.342;["root"]={cf=cfr(0,1.184,0,0,0,1,0,1,0,-1,0,0);es="Linear";ed="In";};["000-offset"]={cf=cfr(0,0,0,.524,.852,.021,-.85,.524,-.056,-.059,.011,.998);es="Linear";ed="In";};["004-offset.001"]={cf=cfr(0,0,0,-.027,-1,0,1,-.027,0,0,0,1);es="Linear";ed="In";};["006-offset"]={cf=cfr(0,0,0,-.016,-1,-.003,1,-.016,0,0,-.003,1);es="Linear";ed="In";};["000-offset.009"]={cf=cfr(0,0,0,-.674,.386,.63,-.205,-.917,.342,.71,.102,.697);es="Linear";ed="In";};["000-offset.012"]={cf=cfr(0,0,0,-.772,.19,-.606,-.069,-.974,-.217,-.632,-.126,.765);es="Linear";ed="In";};["000-offset.001"]={cf=cfr(0,0,0,.996,.091,-.002,-.09,.994,.068,.008,-.067,.998);es="Linear";ed="In";};["000-offset.010"]={cf=cfr(0,0,0,.306,.952,0,-.952,.306,0,0,0,1);es="Linear";ed="In";};["000-offset.013"]={cf=cfr(0,0,0,.38,.925,0,-.925,.38,0,0,0,1);es="Linear";ed="In";};["000-offset.002"]={cf=cfr(0,0,0,.922,.346,-.172,-.351,.936,.002,.162,.058,.985);es="Linear";ed="In";};["000-offset.011"]={cf=cfr(0,0,0,.504,-.864,0,.864,.504,0,0,0,1);es="Linear";ed="In";};["000-offset.014"]={cf=cfr(0,0,0,.593,-.805,-.005,.805,.593,-.02,.019,.008,1);es="Linear";ed="In";};["000-offset.003"]={cf=cfr(0,0,0,.636,-.53,-.561,-.228,.565,-.793,.737,.632,.239);es="Linear";ed="In";};["000-offset.006"]={cf=cfr(0,0,0,-.283,-.945,-.162,-.313,-.069,.947,-.906,.319,-.277);es="Linear";ed="In";};["000-offset.004"]={cf=cfr(0,0,0,.398,-.918,0,.918,.398,0,0,0,1);es="Linear";ed="In";};["000-offset.007"]={cf=cfr(0,0,0,.687,-.727,0,.727,.687,0,0,0,1);es="Linear";ed="In";};["000-offset.008"]={cf=cfr(0,0,0,.844,-.536,0,.536,.844,0,0,0,1);es="Linear";ed="In";};};{tm=.385;["root"]={cf=cfr(0,1.029,0,0,0,1,0,1,0,-1,0,0);es="Linear";ed="In";};["000-offset"]={cf=cfr(0,0,0,.631,.775,.023,-.773,.631,-.06,-.061,.02,.998);es="Linear";ed="In";};["004-offset.001"]={cf=cfr(0,0,0,-.027,-1,0,1,-.027,0,0,0,1);es="Linear";ed="In";};["006-offset"]={cf=cfr(0,0,0,-.016,-1,-.002,1,-.016,0,0,-.002,1);es="Linear";ed="In";};["000-offset.009"]={cf=cfr(0,0,0,-.721,.401,.565,-.119,-.875,.47,.682,.272,.679);es="Linear";ed="In";};["000-offset.012"]={cf=cfr(0,0,0,-.79,.074,-.609,.089,-.969,-.232,-.607,-.238,.758);es="Linear";ed="In";};["000-offset.001"]={cf=cfr(0,0,0,.995,.1,.001,-.099,.991,.087,.008,-.087,.996);es="Linear";ed="In";};["000-offset.010"]={cf=cfr(0,0,0,.441,.898,0,-.898,.441,0,0,0,1);es="Linear";ed="In";};["000-offset.013"]={cf=cfr(0,0,0,.541,.841,0,-.841,.541,0,0,0,1);es="Linear";ed="In";};["000-offset.002"]={cf=cfr(0,0,0,.817,.536,-.211,-.55,.835,-.006,.173,.121,.978);es="Linear";ed="In";};["000-offset.011"]={cf=cfr(0,0,0,.578,-.816,0,.816,.578,0,0,0,1);es="Linear";ed="In";};["000-offset.014"]={cf=cfr(0,0,0,.615,-.788,-.005,.788,.615,-.02,.019,.008,1);es="Linear";ed="In";};["000-offset.003"]={cf=cfr(0,0,0,.64,-.524,-.562,-.236,.562,-.793,.731,.64,.236);es="Linear";ed="In";};["000-offset.006"]={cf=cfr(0,0,0,-.291,-.942,-.166,-.294,-.077,.953,-.91,.326,-.255);es="Linear";ed="In";};["000-offset.004"]={cf=cfr(0,0,0,.369,-.93,0,.93,.369,0,0,0,1);es="Linear";ed="In";};["000-offset.007"]={cf=cfr(0,0,0,.682,-.731,0,.731,.682,0,0,0,1);es="Linear";ed="In";};["000-offset.008"]={cf=cfr(0,0,0,.838,-.546,0,.546,.838,0,0,0,1);es="Linear";ed="In";};};{tm=.428;["root"]={cf=cfr(0,.916,0,0,0,1,0,1,0,-1,0,0);es="Linear";ed="In";};["000-offset"]={cf=cfr(0,0,0,.705,.708,.025,-.706,.705,-.063,-.062,.027,.998);es="Linear";ed="In";};["004-offset.001"]={cf=cfr(0,0,0,-.027,-1,0,1,-.027,0,0,0,1);es="Linear";ed="In";};["006-offset"]={cf=cfr(0,0,0,-.016,-1,-.001,1,-.016,0,0,-.001,1);es="Linear";ed="In";};["000-offset.009"]={cf=cfr(0,0,0,-.78,.394,.486,-.017,-.79,.613,.626,.47,.623);es="Linear";ed="In";};["000-offset.012"]={cf=cfr(0,0,0,-.785,-.043,-.618,.25,-.935,-.253,-.567,-.353,.744);es="Linear";ed="In";};["000-offset.001"]={cf=cfr(0,0,0,.994,.105,.003,-.105,.989,.103,.007,-.102,.995);es="Linear";ed="In";};["000-offset.010"]={cf=cfr(0,0,0,.557,.831,0,-.831,.557,0,0,0,1);es="Linear";ed="In";};["000-offset.013"]={cf=cfr(0,0,0,.69,.724,0,-.724,.69,0,0,0,1);es="Linear";ed="In";};["000-offset.002"]={cf=cfr(0,0,0,.679,.69,-.252,-.713,.702,.003,.178,.178,.968);es="Linear";ed="In";};["000-offset.011"]={cf=cfr(0,0,0,.601,-.799,0,.799,.601,0,0,0,1);es="Linear";ed="In";};["000-offset.014"]={cf=cfr(0,0,0,.591,-.806,-.005,.806,.591,-.02,.019,.008,1);es="Linear";ed="In";};["000-offset.003"]={cf=cfr(0,0,0,.65,-.518,-.557,-.239,.556,-.796,.722,.65,.237);es="Linear";ed="In";};["000-offset.006"]={cf=cfr(0,0,0,-.289,-.945,-.155,-.268,-.075,.96,-.919,.319,-.231);es="Linear";ed="In";};["000-offset.004"]={cf=cfr(0,0,0,.339,-.941,0,.941,.339,0,0,0,1);es="Linear";ed="In";};["000-offset.007"]={cf=cfr(0,0,0,.672,-.741,0,.741,.672,0,0,0,1);es="Linear";ed="In";};["000-offset.008"]={cf=cfr(0,0,0,.832,-.554,0,.554,.832,0,0,0,1);es="Linear";ed="In";};};{tm=.47;["root"]={cf=cfr(0,.874,0,0,0,1,0,1,0,-1,0,0);es="Linear";ed="In";};["000-offset"]={cf=cfr(0,0,0,.747,.664,.027,-.662,.747,-.064,-.063,.03,.998);es="Linear";ed="In";};["004-offset.001"]={cf=cfr(0,0,0,-.015,-1,0,1,-.015,0,0,0,1);es="Linear";ed="In";};["006-offset"]={cf=cfr(0,0,0,-.015,-1,0,1,-.015,0,0,0,1);es="Linear";ed="In";};["000-offset.009"]={cf=cfr(0,0,0,-.799,.39,.457,.037,-.727,.686,.6,.565,.566);es="Linear";ed="In";};["000-offset.012"]={cf=cfr(0,0,0,-.775,-.097,-.625,.33,-.905,-.269,-.539,-.415,.733);es="Linear";ed="In";};["000-offset.001"]={cf=cfr(0,0,0,.994,.105,.005,-.105,.988,.113,.007,-.113,.994);es="Linear";ed="In";};["000-offset.010"]={cf=cfr(0,0,0,.587,.81,0,-.81,.587,0,0,0,1);es="Linear";ed="In";};["000-offset.013"]={cf=cfr(0,0,0,.763,.647,0,-.647,.763,0,0,0,1);es="Linear";ed="In";};["000-offset.002"]={cf=cfr(0,0,0,.528,.801,-.284,-.831,.556,.023,.176,.223,.959);es="Linear";ed="In";};["000-offset.011"]={cf=cfr(0,0,0,.606,-.795,0,.795,.606,0,0,0,1);es="Linear";ed="In";};["000-offset.014"]={cf=cfr(0,0,0,.566,-.824,-.005,.824,.566,-.019,.019,.007,1);es="Linear";ed="In";};["000-offset.003"]={cf=cfr(0,0,0,.668,-.511,-.541,-.233,.546,-.804,.707,.663,.246);es="Linear";ed="In";};["000-offset.006"]={cf=cfr(0,0,0,-.274,-.954,-.125,-.233,-.06,.971,-.933,.295,-.206);es="Linear";ed="In";};["000-offset.004"]={cf=cfr(0,0,0,.308,-.951,0,.951,.308,0,0,0,1);es="Linear";ed="In";};["000-offset.007"]={cf=cfr(0,0,0,.654,-.756,0,.756,.654,0,0,0,1);es="Linear";ed="In";};["000-offset.008"]={cf=cfr(0,0,0,.829,-.559,0,.559,.829,0,0,0,1);es="Linear";ed="In";};};{tm=.513;["root"]={cf=cfr(0,.945,0,0,0,1,0,1,0,-1,0,0);es="Linear";ed="In";};["000-offset"]={cf=cfr(0,0,0,.768,.64,.028,-.637,.768,-.066,-.064,.032,.997);es="Linear";ed="In";};["004-offset.001"]={cf=cfr(0,0,0,.007,-1,0,1,.007,0,0,0,1);es="Linear";ed="In";};["006-offset"]={cf=cfr(0,0,0,-.014,-1,0,1,-.014,0,0,0,1);es="Linear";ed="In";};["000-offset.009"]={cf=cfr(0,0,0,-.79,.41,.457,.035,-.713,.7,.613,.569,.549);es="Linear";ed="In";};["000-offset.012"]={cf=cfr(0,0,0,-.778,-.102,-.62,.34,-.898,-.279,-.528,-.428,.733);es="Linear";ed="In";};["000-offset.001"]={cf=cfr(0,0,0,.995,.098,.005,-.098,.988,.121,.007,-.121,.993);es="Linear";ed="In";};["000-offset.010"]={cf=cfr(0,0,0,.461,.887,0,-.887,.461,0,0,0,1);es="Linear";ed="In";};["000-offset.013"]={cf=cfr(0,0,0,.728,.686,0,-.686,.728,0,0,0,1);es="Linear";ed="In";};["000-offset.002"]={cf=cfr(0,0,0,.382,.879,-.286,-.913,.407,.034,.147,.248,.957);es="Linear";ed="In";};["000-offset.011"]={cf=cfr(0,0,0,.612,-.791,.001,.791,.612,-.001,0,.001,1);es="Linear";ed="In";};["000-offset.014"]={cf=cfr(0,0,0,.557,-.831,-.005,.831,.557,-.019,.019,.006,1);es="Linear";ed="In";};["000-offset.003"]={cf=cfr(0,0,0,.692,-.504,-.516,-.219,.534,-.816,.687,.678,.259);es="Linear";ed="In";};["000-offset.006"]={cf=cfr(0,0,0,-.244,-.967,-.076,-.188,-.03,.982,-.951,.254,-.174);es="Linear";ed="In";};["000-offset.004"]={cf=cfr(0,0,0,.249,-.969,0,.969,.249,0,0,0,1);es="Linear";ed="In";};["000-offset.007"]={cf=cfr(0,0,0,.586,-.81,0,.81,.586,0,0,0,1);es="Linear";ed="In";};["000-offset.008"]={cf=cfr(0,0,0,.827,-.562,0,.562,.827,0,0,0,1);es="Linear";ed="In";};};{tm=.556;["root"]={cf=cfr(0,1.128,0,0,0,1,0,1,0,-1,0,0);es="Linear";ed="In";};["000-offset"]={cf=cfr(0,0,0,.784,.62,.03,-.618,.784,-.067,-.065,.034,.997);es="Linear";ed="In";};["004-offset.001"]={cf=cfr(0,0,0,.032,-.999,0,.999,.032,0,0,0,1);es="Linear";ed="In";};["006-offset"]={cf=cfr(0,0,0,-.012,-1,0,1,-.012,0,0,0,1);es="Linear";ed="In";};["000-offset.009"]={cf=cfr(0,0,0,-.777,.429,.461,.033,-.704,.71,.629,.566,.533);es="Linear";ed="In";};["000-offset.012"]={cf=cfr(0,0,0,-.784,-.101,-.613,.344,-.892,-.293,-.517,-.441,.734);es="Linear";ed="In";};["000-offset.001"]={cf=cfr(0,0,0,.996,.086,.004,-.086,.988,.127,.007,-.127,.992);es="Linear";ed="In";};["000-offset.010"]={cf=cfr(0,0,0,.231,.973,0,-.973,.231,0,0,0,1);es="Linear";ed="In";};["000-offset.013"]={cf=cfr(0,0,0,.628,.778,0,-.778,.628,0,0,0,1);es="Linear";ed="In";};["000-offset.002"]={cf=cfr(0,0,0,.265,.926,-.269,-.96,.281,.021,.095,.252,.963);es="Linear";ed="In";};["000-offset.011"]={cf=cfr(0,0,0,.618,-.786,.003,.786,.618,-.003,0,.004,1);es="Linear";ed="In";};["000-offset.014"]={cf=cfr(0,0,0,.549,-.835,-.006,.835,.549,-.019,.019,.005,1);es="Linear";ed="In";};["000-offset.003"]={cf=cfr(0,0,0,.72,-.496,-.485,-.2,.52,-.83,.664,.695,.275);es="Linear";ed="In";};["000-offset.006"]={cf=cfr(0,0,0,-.199,-.98,-.014,-.131,.012,.991,-.971,.199,-.131);es="Linear";ed="In";};["000-offset.004"]={cf=cfr(0,0,0,.17,-.985,0,.985,.17,0,0,0,1);es="Linear";ed="In";};["000-offset.007"]={cf=cfr(0,0,0,.467,-.884,0,.884,.467,0,0,0,1);es="Linear";ed="In";};["000-offset.008"]={cf=cfr(0,0,0,.825,-.565,0,.565,.825,0,0,0,1);es="Linear";ed="In";};};{tm=.599;["root"]={cf=cfr(0,1.311,0,0,0,1,0,1,0,-1,0,0);es="Linear";ed="In";};["000-offset"]={cf=cfr(0,0,0,.794,.607,.032,-.604,.794,-.067,-.066,.034,.997);es="Linear";ed="In";};["004-offset.001"]={cf=cfr(0,0,0,.059,-.998,0,.998,.059,0,0,0,1);es="Linear";ed="In";};["006-offset"]={cf=cfr(0,0,0,-.009,-1,0,1,-.009,0,0,0,1);es="Linear";ed="In";};["000-offset.009"]={cf=cfr(0,0,0,-.761,.447,.47,.03,-.699,.714,.648,.558,.519);es="Linear";ed="In";};["000-offset.012"]={cf=cfr(0,0,0,-.79,-.101,-.605,.347,-.887,-.305,-.506,-.452,.735);es="Linear";ed="In";};["000-offset.001"]={cf=cfr(0,0,0,.998,.07,.003,-.07,.989,.131,.006,-.131,.991);es="Linear";ed="In";};["000-offset.010"]={cf=cfr(0,0,0,.066,.998,0,-.998,.066,0,0,0,1);es="Linear";ed="In";};["000-offset.013"]={cf=cfr(0,0,0,.556,.831,0,-.831,.556,0,0,0,1);es="Linear";ed="In";};["000-offset.002"]={cf=cfr(0,0,0,.219,.943,-.253,-.974,.227,.002,.059,.246,.968);es="Linear";ed="In";};["000-offset.011"]={cf=cfr(0,0,0,.624,-.782,.006,.782,.624,-.006,.001,.009,1);es="Linear";ed="In";};["000-offset.014"]={cf=cfr(0,0,0,.544,-.839,-.008,.839,.544,-.018,.02,.003,1);es="Linear";ed="In";};["000-offset.003"]={cf=cfr(0,0,0,.751,-.487,-.447,-.175,.506,-.845,.637,.712,.294);es="Linear";ed="In";};["000-offset.006"]={cf=cfr(0,0,0,-.135,-.989,.057,-.073,.067,.995,-.988,.13,-.082);es="Linear";ed="In";};["000-offset.004"]={cf=cfr(0,0,0,.132,-.991,0,.991,.132,0,0,0,1);es="Linear";ed="In";};["000-offset.007"]={cf=cfr(0,0,0,.377,-.926,0,.926,.377,0,0,0,1);es="Linear";ed="In";};["000-offset.008"]={cf=cfr(0,0,0,.823,-.569,0,.569,.823,0,0,0,1);es="Linear";ed="In";};};{tm=.641;["root"]={cf=cfr(0,1.382,0,0,0,1,0,1,0,-1,0,0);es="Linear";ed="In";};["000-offset"]={cf=cfr(0,0,0,.8,.6,.033,-.597,.8,-.068,-.067,.035,.997);es="Linear";ed="In";};["004-offset.001"]={cf=cfr(0,0,0,.088,-.996,0,.996,.088,0,0,0,1);es="Linear";ed="In";};["006-offset"]={cf=cfr(0,0,0,-.005,-1,0,1,-.005,0,0,0,1);es="Linear";ed="In";};["000-offset.009"]={cf=cfr(0,0,0,-.744,.468,.477,.022,-.696,.718,.668,.545,.507);es="Linear";ed="In";};["000-offset.012"]={cf=cfr(0,0,0,-.797,-.096,-.596,.345,-.882,-.32,-.495,-.461,.737);es="Linear";ed="In";};["000-offset.001"]={cf=cfr(0,0,0,.999,.05,.001,-.05,.99,.135,.005,-.135,.991);es="Linear";ed="In";};["000-offset.010"]={cf=cfr(0,0,0,.076,.997,0,-.997,.076,0,0,0,1);es="Linear";ed="In";};["000-offset.013"]={cf=cfr(0,0,0,.582,.813,0,-.813,.582,0,0,0,1);es="Linear";ed="In";};["000-offset.002"]={cf=cfr(0,0,0,.305,.923,-.236,-.95,.311,-.013,.062,.228,.972);es="Linear";ed="In";};["000-offset.011"]={cf=cfr(0,0,0,.629,-.777,.01,.777,.629,-.01,.001,.014,1);es="Linear";ed="In";};["000-offset.014"]={cf=cfr(0,0,0,.54,-.842,-.01,.842,.54,-.018,.02,.001,1);es="Linear";ed="In";};["000-offset.003"]={cf=cfr(0,0,0,.781,-.476,-.404,-.144,.492,-.859,.607,.729,.315);es="Linear";ed="In";};["000-offset.006"]={cf=cfr(0,0,0,-.053,-.99,.133,-.023,.134,.991,-.998,.05,-.029);es="Linear";ed="In";};["000-offset.004"]={cf=cfr(0,0,0,.184,-.983,0,.983,.184,0,0,0,1);es="Linear";ed="In";};["000-offset.007"]={cf=cfr(0,0,0,.418,-.908,0,.908,.418,0,0,0,1);es="Linear";ed="In";};["000-offset.008"]={cf=cfr(0,0,0,.82,-.572,0,.572,.82,0,0,0,1);es="Linear";ed="In";};};{tm=.684;["root"]={cf=cfr(0,1.156,0,0,0,1,0,1,0,-1,0,0);es="Linear";ed="In";};["000-offset"]={cf=cfr(0,0,0,.801,.598,.034,-.595,.801,-.068,-.068,.034,.997);es="Linear";ed="In";};["004-offset.001"]={cf=cfr(0,0,0,.117,-.993,0,.993,.117,0,0,0,1);es="Linear";ed="In";};["006-offset"]={cf=cfr(0,0,0,-.001,-1,0,1,-.001,0,0,0,1);es="Linear";ed="In";};["000-offset.009"]={cf=cfr(0,0,0,-.723,.491,.486,.013,-.694,.72,.69,.527,.496);es="Linear";ed="In";};["000-offset.012"]={cf=cfr(0,0,0,-.806,-.089,-.585,.34,-.879,-.334,-.484,-.468,.739);es="Linear";ed="In";};["000-offset.001"]={cf=cfr(0,0,0,1,.029,-.001,-.029,.99,.137,.005,-.137,.991);es="Linear";ed="In";};["000-offset.010"]={cf=cfr(0,0,0,.163,.987,0,-.987,.163,0,0,0,1);es="Linear";ed="In";};["000-offset.013"]={cf=cfr(0,0,0,.644,.765,0,-.765,.644,0,0,0,1);es="Linear";ed="In";};["000-offset.002"]={cf=cfr(0,0,0,.458,.862,-.215,-.885,.465,-.023,.08,.201,.976);es="Linear";ed="In";};["000-offset.011"]={cf=cfr(0,0,0,.635,-.773,.015,.773,.635,-.014,.002,.02,1);es="Linear";ed="In";};["000-offset.014"]={cf=cfr(0,0,0,.536,-.844,-.012,.844,.536,-.017,.021,-.001,1);es="Linear";ed="In";};["000-offset.003"]={cf=cfr(0,0,0,.812,-.464,-.355,-.108,.479,-.871,.574,.746,.338);es="Linear";ed="In";};["000-offset.006"]={cf=cfr(0,0,0,.044,-.977,.209,.013,.21,.978,-.999,-.04,.022);es="Linear";ed="In";};["000-offset.004"]={cf=cfr(0,0,0,.276,-.961,0,.961,.276,0,0,0,1);es="Linear";ed="In";};["000-offset.007"]={cf=cfr(0,0,0,.461,-.888,0,.888,.461,0,0,0,1);es="Linear";ed="In";};["000-offset.008"]={cf=cfr(0,0,0,.818,-.576,0,.576,.818,0,0,0,1);es="Linear";ed="In";};};{tm=.727;["root"]={cf=cfr(0,.931,0,0,0,1,0,1,0,-1,0,0);es="Linear";ed="In";};["000-offset"]={cf=cfr(0,0,0,.799,.6,.035,-.597,.799,-.068,-.069,.034,.997);es="Linear";ed="In";};["004-offset.001"]={cf=cfr(0,0,0,.148,-.989,0,.989,.148,0,0,0,1);es="Linear";ed="In";};["006-offset"]={cf=cfr(0,0,0,.003,-1,0,1,.003,0,0,0,1);es="Linear";ed="In";};["000-offset.009"]={cf=cfr(0,0,0,-.701,.513,.495,.001,-.693,.72,.713,.506,.485);es="Linear";ed="In";};["000-offset.012"]={cf=cfr(0,0,0,-.816,-.08,-.573,.331,-.877,-.349,-.474,-.474,.742);es="Linear";ed="In";};["000-offset.001"]={cf=cfr(0,0,0,1,.007,-.002,-.007,.99,.138,.003,-.138,.99);es="Linear";ed="In";};["000-offset.010"]={cf=cfr(0,0,0,.212,.977,0,-.977,.212,0,0,0,1);es="Linear";ed="In";};["000-offset.013"]={cf=cfr(0,0,0,.677,.736,0,-.736,.677,0,0,0,1);es="Linear";ed="In";};["000-offset.002"]={cf=cfr(0,0,0,.543,.816,-.196,-.835,.55,-.026,.086,.178,.98);es="Linear";ed="In";};["000-offset.011"]={cf=cfr(0,0,0,.64,-.769,.019,.769,.639,-.018,.002,.026,1);es="Linear";ed="In";};["000-offset.014"]={cf=cfr(0,0,0,.533,-.846,-.014,.846,.533,-.016,.021,-.004,1);es="Linear";ed="In";};["000-offset.003"]={cf=cfr(0,0,0,.84,-.451,-.303,-.066,.468,-.881,.539,.76,.363);es="Linear";ed="In";};["000-offset.006"]={cf=cfr(0,0,0,.15,-.947,.282,.029,.29,.957,-.988,-.136,.071);es="Linear";ed="In";};["000-offset.004"]={cf=cfr(0,0,0,.331,-.944,0,.944,.331,0,0,0,1);es="Linear";ed="In";};["000-offset.007"]={cf=cfr(0,0,0,.368,-.93,0,.93,.368,0,0,0,1);es="Linear";ed="In";};["000-offset.008"]={cf=cfr(0,0,0,.816,-.579,0,.579,.816,0,0,0,1);es="Linear";ed="In";};};{tm=.77;["root"]={cf=cfr(0,1.029,0,0,0,1,0,1,0,-1,0,0);es="Linear";ed="In";};["000-offset"]={cf=cfr(0,0,0,.793,.608,.036,-.605,.793,-.069,-.07,.033,.997);es="Linear";ed="In";};["004-offset.001"]={cf=cfr(0,0,0,.178,-.984,0,.984,.178,0,0,0,1);es="Linear";ed="In";};["006-offset"]={cf=cfr(0,0,0,.007,-1,0,1,.007,0,0,0,1);es="Linear";ed="In";};["000-offset.009"]={cf=cfr(0,0,0,-.677,.535,.505,-.011,-.694,.72,.736,.482,.476);es="Linear";ed="In";};["000-offset.012"]={cf=cfr(0,0,0,-.826,-.07,-.559,.319,-.876,-.362,-.465,-.477,.746);es="Linear";ed="In";};["000-offset.001"]={cf=cfr(0,0,0,1,-.014,-.004,.014,.99,.139,.002,-.139,.99);es="Linear";ed="In";};["000-offset.010"]={cf=cfr(0,0,0,.112,.994,0,-.994,.112,0,0,0,1);es="Linear";ed="In";};["000-offset.013"]={cf=cfr(0,0,0,.62,.784,0,-.784,.62,0,0,0,1);es="Linear";ed="In";};["000-offset.002"]={cf=cfr(0,0,0,.432,.885,-.173,-.9,.434,-.027,.051,.167,.985);es="Linear";ed="In";};["000-offset.011"]={cf=cfr(0,0,0,.644,-.765,.023,.765,.643,-.023,.003,.032,.999);es="Linear";ed="In";};["000-offset.014"]={cf=cfr(0,0,0,.529,-.848,-.017,.848,.529,-.015,.022,-.006,1);es="Linear";ed="In";};["000-offset.003"]={cf=cfr(0,0,0,.865,-.438,-.246,-.021,.459,-.888,.502,.773,.388);es="Linear";ed="In";};["000-offset.006"]={cf=cfr(0,0,0,.259,-.9,.35,.023,.368,.929,-.966,-.232,.116);es="Linear";ed="In";};["000-offset.004"]={cf=cfr(0,0,0,.263,-.965,0,.965,.263,0,0,0,1);es="Linear";ed="In";};["000-offset.007"]={cf=cfr(0,0,0,.233,-.973,0,.973,.233,0,0,0,1);es="Linear";ed="In";};["000-offset.008"]={cf=cfr(0,0,0,.814,-.581,0,.581,.814,0,0,0,1);es="Linear";ed="In";};};{tm=.813;["root"]={cf=cfr(0,1.128,0,0,0,1,0,1,0,-1,0,0);es="Linear";ed="In";};["000-offset"]={cf=cfr(0,0,0,.784,.62,.037,-.617,.784,-.069,-.071,.031,.997);es="Linear";ed="In";};["004-offset.001"]={cf=cfr(0,0,0,.207,-.978,0,.978,.207,0,0,0,1);es="Linear";ed="In";};["006-offset"]={cf=cfr(0,0,0,.011,-1,0,1,.011,0,0,0,1);es="Linear";ed="In";};["000-offset.009"]={cf=cfr(0,0,0,-.653,.555,.516,-.023,-.696,.718,.757,.457,.467);es="Linear";ed="In";};["000-offset.012"]={cf=cfr(0,0,0,-.837,-.058,-.545,.304,-.876,-.374,-.456,-.479,.751);es="Linear";ed="In";};["000-offset.001"]={cf=cfr(0,0,0,.999,-.034,-.006,.034,.99,.138,.001,-.138,.99);es="Linear";ed="In";};["000-offset.010"]={cf=cfr(0,0,0,.018,1,0,-1,.018,0,0,0,1);es="Linear";ed="In";};["000-offset.013"]={cf=cfr(0,0,0,.551,.835,0,-.835,.551,0,0,0,1);es="Linear";ed="In";};["000-offset.002"]={cf=cfr(0,0,0,.299,.942,-.154,-.954,.297,-.037,.011,.158,.987);es="Linear";ed="In";};["000-offset.011"]={cf=cfr(0,0,0,.647,-.762,.027,.763,.646,-.026,.003,.037,.999);es="Linear";ed="In";};["000-offset.014"]={cf=cfr(0,0,0,.524,-.851,-.019,.851,.524,-.015,.022,-.008,1);es="Linear";ed="In";};["000-offset.003"]={cf=cfr(0,0,0,.886,-.425,-.188,.029,.454,-.891,.463,.783,.414);es="Linear";ed="In";};["000-offset.006"]={cf=cfr(0,0,0,.361,-.837,.412,-.003,.441,.898,-.933,-.325,.156);es="Linear";ed="In";};["000-offset.004"]={cf=cfr(0,0,0,.192,-.981,0,.981,.192,0,0,0,1);es="Linear";ed="In";};["000-offset.007"]={cf=cfr(0,0,0,.167,-.986,0,.986,.167,0,0,0,1);es="Linear";ed="In";};["000-offset.008"]={cf=cfr(0,0,0,.812,-.583,0,.583,.812,0,0,0,1);es="Linear";ed="In";};};{tm=.855;["root"]={cf=cfr(0,1.043,0,0,0,1,0,1,0,-1,0,0);es="Linear";ed="In";};["000-offset"]={cf=cfr(0,0,0,.771,.635,.037,-.632,.772,-.069,-.072,.03,.997);es="Linear";ed="In";};["004-offset.001"]={cf=cfr(0,0,0,.235,-.972,0,.972,.235,0,0,0,1);es="Linear";ed="In";};["006-offset"]={cf=cfr(0,0,0,.013,-1,0,1,.013,0,0,0,1);es="Linear";ed="In";};["000-offset.009"]={cf=cfr(0,0,0,-.627,.573,.528,-.036,-.698,.716,.778,.43,.458);es="Linear";ed="In";};["000-offset.012"]={cf=cfr(0,0,0,-.847,-.045,-.529,.286,-.877,-.385,-.447,-.478,.756);es="Linear";ed="In";};["000-offset.001"]={cf=cfr(0,0,0,.999,-.05,-.007,.051,.989,.137,0,-.137,.991);es="Linear";ed="In";};["000-offset.010"]={cf=cfr(0,0,0,.119,.993,0,-.993,.119,0,0,0,1);es="Linear";ed="In";};["000-offset.013"]={cf=cfr(0,0,0,.58,.815,0,-.815,.58,0,0,0,1);es="Linear";ed="In";};["000-offset.002"]={cf=cfr(0,0,0,.299,.945,-.132,-.954,.295,-.045,-.004,.14,.99);es="Linear";ed="In";};["000-offset.011"]={cf=cfr(0,0,0,.648,-.761,.029,.761,.648,-.03,.003,.042,.999);es="Linear";ed="In";};["000-offset.014"]={cf=cfr(0,0,0,.518,-.855,-.02,.855,.518,-.015,.023,-.01,1);es="Linear";ed="In";};["000-offset.003"]={cf=cfr(0,0,0,.902,-.413,-.128,.08,.451,-.889,.425,.791,.44);es="Linear";ed="In";};["000-offset.006"]={cf=cfr(0,0,0,.451,-.762,.465,-.042,.502,.864,-.892,-.409,.194);es="Linear";ed="In";};["000-offset.004"]={cf=cfr(0,0,0,.278,-.96,0,.96,.278,0,0,0,1);es="Linear";ed="In";};["000-offset.007"]={cf=cfr(0,0,0,.326,-.945,0,.945,.326,0,0,0,1);es="Linear";ed="In";};["000-offset.008"]={cf=cfr(0,0,0,.811,-.585,0,.585,.811,0,0,0,1);es="Linear";ed="In";};};{tm=.898;["root"]={cf=cfr(0,.931,0,0,0,1,0,1,0,-1,0,0);es="Linear";ed="In";};["000-offset"]={cf=cfr(0,0,0,.756,.654,.036,-.651,.756,-.068,-.072,.028,.997);es="Linear";ed="In";};["004-offset.001"]={cf=cfr(0,0,0,.262,-.965,0,.965,.262,0,0,0,1);es="Linear";ed="In";};["006-offset"]={cf=cfr(0,0,0,.015,-1,0,1,.015,0,0,0,1);es="Linear";ed="In";};["000-offset.009"]={cf=cfr(0,0,0,-.601,.59,.539,-.048,-.7,.713,.798,.403,.449);es="Linear";ed="In";};["000-offset.012"]={cf=cfr(0,0,0,-.857,-.031,-.514,.267,-.88,-.393,-.44,-.474,.763);es="Linear";ed="In";};["000-offset.001"]={cf=cfr(0,0,0,.998,-.063,-.008,.063,.989,.135,-.001,-.135,.991);es="Linear";ed="In";};["000-offset.010"]={cf=cfr(0,0,0,.223,.975,0,-.975,.223,0,0,0,1);es="Linear";ed="In";};["000-offset.013"]={cf=cfr(0,0,0,.602,.799,0,-.799,.602,0,0,0,1);es="Linear";ed="In";};["000-offset.002"]={cf=cfr(0,0,0,.319,.942,-.109,-.948,.315,-.052,-.015,.12,.993);es="Linear";ed="In";};["000-offset.011"]={cf=cfr(0,0,0,.649,-.76,.031,.761,.648,-.031,.004,.044,.999);es="Linear";ed="In";};["000-offset.014"]={cf=cfr(0,0,0,.51,-.86,-.021,.86,.51,-.014,.023,-.011,1);es="Linear";ed="In";};["000-offset.003"]={cf=cfr(0,0,0,.913,-.402,-.069,.132,.452,-.882,.386,.796,.466);es="Linear";ed="In";};["000-offset.006"]={cf=cfr(0,0,0,.526,-.682,.508,-.086,.552,.83,-.846,-.48,.232);es="Linear";ed="In";};["000-offset.004"]={cf=cfr(0,0,0,.373,-.928,0,.928,.373,0,0,0,1);es="Linear";ed="In";};["000-offset.007"]={cf=cfr(0,0,0,.496,-.868,0,.868,.496,0,0,0,1);es="Linear";ed="In";};["000-offset.008"]={cf=cfr(0,0,0,.812,-.584,0,.584,.812,0,0,0,1);es="Linear";ed="In";};};{tm=.941;["root"]={cf=cfr(0,.931,0,0,0,1,0,1,0,-1,0,0);es="Linear";ed="In";};["000-offset"]={cf=cfr(0,0,0,.737,.675,.036,-.672,.737,-.068,-.072,.026,.997);es="Linear";ed="In";};["004-offset.001"]={cf=cfr(0,0,0,.286,-.958,0,.958,.286,0,0,0,1);es="Linear";ed="In";};["006-offset"]={cf=cfr(0,0,0,.015,-1,0,1,.015,0,0,0,1);es="Linear";ed="In";};["000-offset.009"]={cf=cfr(0,0,0,-.577,.604,.55,-.059,-.702,.709,.815,.376,.441);es="Linear";ed="In";};["000-offset.012"]={cf=cfr(0,0,0,-.867,-.016,-.498,.245,-.884,-.398,-.434,-.468,.77);es="Linear";ed="In";};["000-offset.001"]={cf=cfr(0,0,0,.998,-.07,-.007,.071,.989,.132,-.002,-.132,.991);es="Linear";ed="In";};["000-offset.010"]={cf=cfr(0,0,0,.229,.973,0,-.973,.229,0,0,0,1);es="Linear";ed="In";};["000-offset.013"]={cf=cfr(0,0,0,.568,.823,0,-.823,.568,0,0,0,1);es="Linear";ed="In";};["000-offset.002"]={cf=cfr(0,0,0,.357,.93,-.085,-.934,.353,-.057,-.023,.1,.995);es="Linear";ed="In";};["000-offset.011"]={cf=cfr(0,0,0,.647,-.762,.032,.762,.647,-.031,.004,.044,.999);es="Linear";ed="In";};["000-offset.014"]={cf=cfr(0,0,0,.499,-.867,-.021,.867,.499,-.015,.023,-.011,1);es="Linear";ed="In";};["000-offset.003"]={cf=cfr(0,0,0,.919,-.393,-.012,.183,.455,-.871,.348,.799,.491);es="Linear";ed="In";};["000-offset.006"]={cf=cfr(0,0,0,.586,-.604,.54,-.125,.592,.796,-.801,-.534,.272);es="Linear";ed="In";};["000-offset.004"]={cf=cfr(0,0,0,.396,-.918,0,.918,.396,0,0,0,1);es="Linear";ed="In";};["000-offset.007"]={cf=cfr(0,0,0,.531,-.847,0,.847,.531,0,0,0,1);es="Linear";ed="In";};["000-offset.008"]={cf=cfr(0,0,0,.812,-.584,0,.584,.812,0,0,0,1);es="Linear";ed="In";};};{tm=.984;["root"]={cf=cfr(0,.973,0,0,0,1,0,1,0,-1,0,0);es="Linear";ed="In";};["000-offset"]={cf=cfr(0,0,0,.715,.698,.035,-.696,.715,-.068,-.072,.024,.997);es="Linear";ed="In";};["004-offset.001"]={cf=cfr(0,0,0,.308,-.951,0,.951,.308,0,0,0,1);es="Linear";ed="In";};["006-offset"]={cf=cfr(0,0,0,.014,-1,0,1,.014,0,0,0,1);es="Linear";ed="In";};["000-offset.009"]={cf=cfr(0,0,0,-.553,.616,.561,-.07,-.705,.706,.83,.351,.433);es="Linear";ed="In";};["000-offset.012"]={cf=cfr(0,0,0,-.876,-.001,-.483,.222,-.889,-.401,-.428,-.458,.779);es="Linear";ed="In";};["000-offset.001"]={cf=cfr(0,0,0,.997,-.071,-.006,.071,.989,.129,-.003,-.129,.992);es="Linear";ed="In";};["000-offset.010"]={cf=cfr(0,0,0,.225,.974,0,-.974,.225,0,0,0,1);es="Linear";ed="In";};["000-offset.013"]={cf=cfr(0,0,0,.529,.848,0,-.848,.529,0,0,0,1);es="Linear";ed="In";};["000-offset.002"]={cf=cfr(0,0,0,.409,.91,-.061,-.912,.406,-.059,-.029,.08,.996);es="Linear";ed="In";};["000-offset.011"]={cf=cfr(0,0,0,.644,-.764,.03,.765,.643,-.03,.003,.042,.999);es="Linear";ed="In";};["000-offset.014"]={cf=cfr(0,0,0,.484,-.875,-.021,.875,.485,-.015,.023,-.011,1);es="Linear";ed="In";};["000-offset.003"]={cf=cfr(0,0,0,.921,-.387,.042,.232,.461,-.856,.312,.798,.515);es="Linear";ed="In";};["000-offset.006"]={cf=cfr(0,0,0,.633,-.534,.56,-.149,.626,.766,-.76,-.568,.316);es="Linear";ed="In";};["000-offset.004"]={cf=cfr(0,0,0,.404,-.915,0,.915,.404,0,0,0,1);es="Linear";ed="In";};["000-offset.007"]={cf=cfr(0,0,0,.548,-.837,0,.837,.548,0,0,0,1);es="Linear";ed="In";};["000-offset.008"]={cf=cfr(0,0,0,.813,-.582,0,.582,.813,0,0,0,1);es="Linear";ed="In";};};{tm=1.026;["root"]={cf=cfr(0,.987,0,0,0,1,0,1,0,-1,0,0);es="Linear";ed="In";};["000-offset"]={cf=cfr(0,0,0,.69,.723,.034,-.72,.69,-.067,-.072,.022,.997);es="Linear";ed="In";};["004-offset.001"]={cf=cfr(0,0,0,.326,-.945,0,.945,.326,0,0,0,1);es="Linear";ed="In";};["006-offset"]={cf=cfr(0,0,0,.01,-1,0,1,.01,0,0,0,1);es="Linear";ed="In";};["000-offset.009"]={cf=cfr(0,0,0,-.532,.626,.57,-.08,-.708,.702,.843,.328,.427);es="Linear";ed="In";};["000-offset.012"]={cf=cfr(0,0,0,-.883,.013,-.468,.198,-.895,-.4,-.424,-.446,.788);es="Linear";ed="In";};["000-offset.001"]={cf=cfr(0,0,0,.998,-.064,-.005,.064,.99,.126,-.003,-.126,.992);es="Linear";ed="In";};["000-offset.010"]={cf=cfr(0,0,0,.21,.978,0,-.978,.21,0,0,0,1);es="Linear";ed="In";};["000-offset.013"]={cf=cfr(0,0,0,.482,.876,0,-.876,.482,0,0,0,1);es="Linear";ed="In";};["000-offset.002"]={cf=cfr(0,0,0,.474,.88,-.038,-.88,.471,-.059,-.034,.061,.998);es="Linear";ed="In";};["000-offset.011"]={cf=cfr(0,0,0,.639,-.769,.027,.77,.638,-.026,.003,.037,.999);es="Linear";ed="In";};["000-offset.014"]={cf=cfr(0,0,0,.466,-.884,-.019,.884,.467,-.016,.023,-.009,1);es="Linear";ed="In";};["000-offset.003"]={cf=cfr(0,0,0,.919,-.383,.09,.278,.469,-.839,.279,.796,.537);es="Linear";ed="In";};["000-offset.006"]={cf=cfr(0,0,0,.668,-.481,.568,-.153,.658,.737,-.729,-.579,.366);es="Linear";ed="In";};["000-offset.004"]={cf=cfr(0,0,0,.406,-.914,0,.914,.406,0,0,0,1);es="Linear";ed="In";};["000-offset.007"]={cf=cfr(0,0,0,.553,-.833,0,.833,.553,0,0,0,1);es="Linear";ed="In";};["000-offset.008"]={cf=cfr(0,0,0,.815,-.579,0,.579,.815,0,0,0,1);es="Linear";ed="In";};};{tm=1.069;["root"]={cf=cfr(0,.945,0,0,0,1,0,1,0,-1,0,0);es="Linear";ed="In";};["000-offset"]={cf=cfr(0,0,0,.662,.748,.032,-.746,.663,-.067,-.071,.02,.997