local cfr = CFrame.new

return {{tm=0;["RootNode"]={cf=cfr(0,0,0,-1,0,0,0,1,0,0,0,-1);es="Linear";ed="In";};["root"]={cf=cfr(.056,9.348,.352,0,0,1,0,1,0,-1,0,0);es="Linear";ed="In";};["000-offset"]={cf=cfr(0,0,0,-.137,-.991,0,.991,-.137,0,0,0,1);es="Linear";ed="In";};["004-offset.001"]={cf=cfr(0,0,0,-.015,-1,0,1,-.015,0,0,0,1);es="Linear";ed="In";};["006-offset"]={cf=cfr(0,0,0,-.015,-1,0,1,-.015,0,0,0,1);es="Linear";ed="In";};["000-offset.009"]={cf=cfr(0,0,0,-.793,-.582,.178,.489,-.784,-.383,.363,-.217,.906);es="Linear";ed="In";};["000-offset.012"]={cf=cfr(0,0,0,-.745,-.503,-.439,.448,-.864,.229,-.494,-.026,.869);es="Linear";ed="In";};["000-offset.001"]={cf=cfr(0,0,0,.893,-.451,.001,.451,.893,-.003,0,.004,1);es="Linear";ed="In";};["000-offset.010"]={cf=cfr(0,0,0,-.651,.759,0,-.759,-.651,0,0,0,1);es="Linear";ed="In";};["000-offset.013"]={cf=cfr(0,0,0,-.703,.712,0,-.712,-.703,0,0,0,1);es="Linear";ed="In";};["004-offset"]={cf=cfr(0,0,0,.035,-.999,0,.999,.035,0,0,0,1);es="Linear";ed="In";};["002-offset"]={cf=cfr(0,0,0,.035,-.999,0,.999,.035,0,0,0,1);es="Linear";ed="In";};["000-offset.002"]={cf=cfr(0,0,0,.409,-.912,0,.912,.409,0,0,0,1);es="Linear";ed="In";};["000-offset.011"]={cf=cfr(0,0,0,-.088,-.996,0,.996,-.088,0,0,0,1);es="Linear";ed="In";};["000-offset.014"]={cf=cfr(0,0,0,-.068,-.998,-.005,.997,-.068,-.019,.019,-.006,1);es="Linear";ed="In";};["000-offset.006"]={cf=cfr(0,0,0,-.629,-.338,-.7,-.653,-.26,.712,-.423,.904,-.057);es="Linear";ed="In";};["000-offset.003"]={cf=cfr(0,0,0,-.624,-.411,.664,-.682,-.127,-.72,.381,-.903,-.201);es="Linear";ed="In";};["000-offset.007"]={cf=cfr(0,0,0,.236,-.972,0,.972,.236,0,0,0,1);es="Linear";ed="In";};["000-offset.004"]={cf=cfr(0,0,0,.139,-.99,0,.99,.139,0,0,0,1);es="Linear";ed="In";};["000-offset.008"]={cf=cfr(0,0,0,.13,.145,.981,.543,.817,-.193,-.83,.558,.028);es="Linear";ed="In";};["000-offset.005"]={cf=cfr(0,0,0,.123,.383,-.916,.145,.906,.398,.982,-.181,.056);es="Linear";ed="In";};};{tm=.043;["root"]={cf=cfr(.056,9.56,.352,0,0,1,0,1,0,-1,0,0);es="Linear";ed="In";};["000-offset"]={cf=cfr(0,0,0,-.14,-.99,0,.99,-.14,0,0,0,1);es="Linear";ed="In";};["000-offset.009"]={cf=cfr(0,0,0,-.626,-.763,.161,.685,-.637,-.352,.371,-.11,.922);es="Linear";ed="In";};["000-offset.012"]={cf=cfr(0,0,0,-.627,-.666,-.404,.642,-.736,.215,-.44,-.125,.889);es="Linear";ed="In";};["000-offset.001"]={cf=cfr(0,0,0,.892,-.451,.001,.451,.892,-.004,0,.004,1);es="Linear";ed="In";};["000-offset.010"]={cf=cfr(0,0,0,-.335,.942,0,-.942,-.335,0,0,0,1);es="Linear";ed="In";};["000-offset.013"]={cf=cfr(0,0,0,-.419,.908,0,-.908,-.419,0,0,0,1);es="Linear";ed="In";};["000-offset.002"]={cf=cfr(0,0,0,.437,-.9,0,.9,.437,0,0,0,1);es="Linear";ed="In";};["000-offset.011"]={cf=cfr(0,0,0,-.019,-1,0,1,-.019,0,0,0,1);es="Linear";ed="In";};["000-offset.014"]={cf=cfr(0,0,0,-.1,-.995,-.005,.995,-.1,-.02,.019,-.007,1);es="Linear";ed="In";};["000-offset.006"]={cf=cfr(0,0,0,-.754,.038,-.656,-.647,-.221,.73,-.117,.975,.191);es="Linear";ed="In";};["000-offset.003"]={cf=cfr(0,0,0,-.698,-.28,.66,-.69,.013,-.724,.194,-.96,-.202);es="Linear";ed="In";};["000-offset.007"]={cf=cfr(0,0,0,.583,-.813,0,.813,.583,0,0,0,1);es="Linear";ed="In";};["000-offset.004"]={cf=cfr(0,0,0,.492,-.87,0,.87,.492,0,0,0,1);es="Linear";ed="In";};["000-offset.008"]={cf=cfr(0,0,0,.114,-.049,.992,.524,.851,-.018,-.844,.522,.123);es="Linear";ed="In";};["000-offset.005"]={cf=cfr(0,0,0,.077,.214,-.974,.088,.971,.22,.993,-.103,.056);es="Linear";ed="In";};};{tm=.086;["root"]={cf=cfr(.056,9.743,.352,0,0,1,0,1,0,-1,0,0);es="Linear";ed="In";};["000-offset"]={cf=cfr(0,0,0,-.125,-.992,0,.992,-.125,0,0,0,1);es="Linear";ed="In";};["000-offset.009"]={cf=cfr(0,0,0,-.178,-.968,.175,.909,-.23,-.348,.378,.097,.921);es="Linear";ed="In";};["000-offset.012"]={cf=cfr(0,0,0,-.253,-.877,-.41,.912,-.357,.201,-.322,-.323,.89);es="Linear";ed="In";};["000-offset.001"]={cf=cfr(0,0,0,.893,-.45,.001,.45,.893,-.003,0,.003,1);es="Linear";ed="In";};["000-offset.010"]={cf=cfr(0,0,0,.386,.923,0,-.923,.386,0,0,0,1);es="Linear";ed="In";};["000-offset.013"]={cf=cfr(0,0,0,.264,.964,0,-.964,.264,0,0,0,1);es="Linear";ed="In";};["000-offset.002"]={cf=cfr(0,0,0,.318,-.948,-.002,.948,.318,0,.001,-.002,1);es="Linear";ed="In";};["000-offset.011"]={cf=cfr(0,0,0,.134,-.991,0,.991,.134,0,0,0,1);es="Linear";ed="In";};["000-offset.014"]={cf=cfr(0,0,0,-.132,-.991,-.005,.991,-.132,-.02,.019,-.007,1);es="Linear";ed="In";};["000-offset.006"]={cf=cfr(0,0,0,-.794,.374,-.479,-.583,-.246,.774,.172,.894,.414);es="Linear";ed="In";};["000-offset.003"]={cf=cfr(0,0,0,-.737,-.141,.661,-.676,.136,-.724,.012,-.981,-.196);es="Linear";ed="In";};["000-offset.007"]={cf=cfr(0,0,0,.84,-.542,0,.542,.84,0,0,0,1);es="Linear";ed="In";};["000-offset.004"]={cf=cfr(0,0,0,.774,-.633,0,.633,.774,0,0,0,1);es="Linear";ed="In";};["000-offset.008"]={cf=cfr(0,0,0,.119,-.236,.964,.531,.836,.139,-.839,.495,.225);es="Linear";ed="In";};["000-offset.005"]={cf=cfr(0,0,0,.062,.02,-.998,.066,.998,.024,.996,-.068,.06);es="Linear";ed="In";};};{tm=.129;["root"]={cf=cfr(.056,9.814,.352,0,0,1,0,1,0,-1,0,0);es="Linear";ed="In";};["000-offset"]={cf=cfr(0,0,0,-.086,-.996,0,.996,-.086,0,0,0,1);es="Linear";ed="In";};["000-offset.009"]={cf=cfr(0,0,0,.178,-.968,.178,.918,.099,-.383,.353,.232,.906);es="Linear";ed="In";};["000-offset.012"]={cf=cfr(0,0,0,.083,-.895,-.439,.973,-.022,.229,-.214,-.446,.869);es="Linear";ed="In";};["000-offset.001"]={cf=cfr(0,0,0,.895,-.446,0,.446,.895,-.001,0,.001,1);es="Linear";ed="In";};["000-offset.010"]={cf=cfr(0,0,0,.818,.576,0,-.576,.818,0,0,0,1);es="Linear";ed="In";};["000-offset.013"]={cf=cfr(0,0,0,.723,.691,0,-.691,.723,0,0,0,1);es="Linear";ed="In";};["000-offset.002"]={cf=cfr(0,0,0,.166,-.986,-.001,.986,.166,0,0,-.001,1);es="Linear";ed="In";};["000-offset.011"]={cf=cfr(0,0,0,.287,-.958,0,.958,.287,0,0,0,1);es="Linear";ed="In";};["000-offset.014"]={cf=cfr(0,0,0,-.068,-.998,-.005,.997,-.068,-.019,.019,-.006,1);es="Linear";ed="In";};["000-offset.006"]={cf=cfr(0,0,0,-.772,.547,-.325,-.54,-.294,.788,.336,.784,.522);es="Linear";ed="In";};["000-offset.003"]={cf=cfr(0,0,0,-.736,-.051,.675,-.669,.21,-.713,-.105,-.976,-.188);es="Linear";ed="In";};["000-offset.007"]={cf=cfr(0,0,0,.956,-.293,0,.293,.956,0,0,0,1);es="Linear";ed="In";};["000-offset.004"]={cf=cfr(0,0,0,.918,-.397,0,.397,.918,0,0,0,1);es="Linear";ed="In";};["000-offset.008"]={cf=cfr(0,0,0,.166,-.365,.916,.577,.789,.21,-.8,.494,.342);es="Linear";ed="In";};["000-offset.005"]={cf=cfr(0,0,0,.11,-.156,-.982,.106,.984,-.144,.988,-.089,.124);es="Linear";ed="In";};};{tm=.172;["000-offset"]={cf=cfr(0,0,0,.016,-1,0,1,.016,0,0,0,1);es="Linear";ed="In";};["000-offset.009"]={cf=cfr(0,0,0,.257,-.951,.17,.926,.192,-.326,.277,.241,.93);es="Linear";ed="In";};["000-offset.012"]={cf=cfr(0,0,0,.158,-.898,-.411,.978,.084,.192,-.138,-.432,.891);es="Linear";ed="In";};["000-offset.001"]={cf=cfr(0,0,0,.901,-.434,-.002,.434,.901,.006,0,-.006,1);es="Linear";ed="In";};["000-offset.010"]={cf=cfr(0,0,0,.922,.388,0,-.388,.922,0,0,0,1);es="Linear";ed="In";};["000-offset.013"]={cf=cfr(0,0,0,.858,.513,0,-.513,.858,0,0,0,1);es="Linear";ed="In";};["000-offset.002"]={cf=cfr(0,0,0,.204,-.979,.008,.979,.204,.002,-.004,.007,1);es="Linear";ed="In";};["000-offset.011"]={cf=cfr(0,0,0,.427,-.904,0,.904,.427,0,0,0,1);es="Linear";ed="In";};["000-offset.014"]={cf=cfr(0,0,0,.153,-.988,-.005,.988,.153,-.018,.018,-.002,1);es="Linear";ed="In";};["000-offset.006"]={cf=cfr(0,0,0,-.735,.569,-.369,-.597,-.285,.75,.322,.772,.549);es="Linear";ed="In";};["000-offset.003"]={cf=cfr(0,0,0,-.699,-.046,.714,-.704,.224,-.674,-.129,-.973,-.189);es="Linear";ed="In";};["000-offset.007"]={cf=cfr(0,0,0,.989,-.146,0,.146,.989,0,0,0,1);es="Linear";ed="In";};["000-offset.004"]={cf=cfr(0,0,0,.971,-.239,0,.239,.971,0,0,0,1);es="Linear";ed="In";};["000-offset.008"]={cf=cfr(0,0,0,.324,-.437,.839,.671,.731,.122,-.667,.524,.53);es="Linear";ed="In";};["000-offset.005"]={cf=cfr(0,0,0,.304,-.334,-.892,.238,.933,-.269,.923,-.131,.363);es="Linear";ed="In";};};{tm=.215;["000-offset"]={cf=cfr(0,0,0,.18,-.984,0,.984,.18,0,0,0,1);es="Linear";ed="In";};["000-offset.009"]={cf=cfr(0,0,0,.229,-.961,.152,.958,.196,-.208,.17,.194,.966);es="Linear";ed="In";};["000-offset.012"]={cf=cfr(0,0,0,.129,-.929,-.346,.989,.097,.109,-.068,-.357,.932);es="Linear";ed="In";};["000-offset.001"]={cf=cfr(0,0,0,.911,-.412,-.006,.412,.911,.018,-.001,-.019,1);es="Linear";ed="In";};["000-offset.010"]={cf=cfr(0,0,0,.955,.295,0,-.295,.955,0,0,0,1);es="Linear";ed="In";};["000-offset.013"]={cf=cfr(0,0,0,.914,.406,0,-.406,.914,0,0,0,1);es="Linear";ed="In";};["000-offset.002"]={cf=cfr(0,0,0,.314,-.949,.022,.95,.314,.003,-.01,.02,1);es="Linear";ed="In";};["000-offset.011"]={cf=cfr(0,0,0,.567,-.824,0,.824,.567,0,0,0,1);es="Linear";ed="In";};["000-offset.014"]={cf=cfr(0,0,0,.446,-.895,-.004,.895,.446,-.017,.017,.004,1);es="Linear";ed="In";};["000-offset.006"]={cf=cfr(0,0,0,-.668,.501,-.55,-.72,-.251,.647,.186,.828,.528);es="Linear";ed="In";};["000-offset.003"]={cf=cfr(0,0,0,-.631,-.091,.77,-.77,.192,-.608,-.092,-.977,-.191);es="Linear";ed="In";};["000-offset.007"]={cf=cfr(0,0,0,.998,-.065,0,.065,.998,0,0,0,1);es="Linear";ed="In";};["000-offset.004"]={cf=cfr(0,0,0,.991,-.134,0,.134,.991,0,0,0,1);es="Linear";ed="In";};["000-offset.008"]={cf=cfr(0,0,0,.591,-.492,.639,.691,.718,-.086,-.416,.493,.764);es="Linear";ed="In";};["000-offset.005"]={cf=cfr(0,0,0,.614,-.482,-.625,.347,.876,-.335,.709,-.011,.705);es="Linear";ed="In";};};{tm=.257;["000-offset"]={cf=cfr(0,0,0,.35,-.937,0,.937,.35,0,0,0,1);es="Linear";ed="In";};["000-offset.009"]={cf=cfr(0,0,0,.156,-.981,.116,.986,.147,-.084,.065,.127,.99);es="Linear";ed="In";};["000-offset.012"]={cf=cfr(0,0,0,.06,-.963,-.263,.998,.055,.026,-.011,-.264,.964);es="Linear";ed="In";};["000-offset.001"]={cf=cfr(0,0,0,.921,-.389,-.01,.389,.921,.031,-.002,-.032,.999);es="Linear";ed="In";};["000-offset.010"]={cf=cfr(0,0,0,.965,.262,0,-.262,.965,0,0,0,1);es="Linear";ed="In";};["000-offset.013"]={cf=cfr(0,0,0,.936,.352,0,-.352,.936,0,0,0,1);es="Linear";ed="In";};["000-offset.002"]={cf=cfr(0,0,0,.43,-.902,.035,.903,.43,.001,-.016,.032,.999);es="Linear";ed="In";};["000-offset.011"]={cf=cfr(0,0,0,.677,-.736,0,.736,.677,0,0,0,1);es="Linear";ed="In";};["000-offset.014"]={cf=cfr(0,0,0,.688,-.725,-.004,.725,.688,-.018,.016,.009,1);es="Linear";ed="In";};["000-offset.006"]={cf=cfr(0,0,0,-.565,.398,-.722,-.825,-.255,.505,.017,.881,.472);es="Linear";ed="In";};["000-offset.003"]={cf=cfr(0,0,0,-.555,-.141,.82,-.831,.137,-.539,-.037,-.981,-.193);es="Linear";ed="In";};["000-offset.007"]={cf=cfr(0,0,0,1,-.025,0,.025,1,0,0,0,1);es="Linear";ed="In";};["000-offset.004"]={cf=cfr(0,0,0,.998,-.069,0,.069,.998,0,0,0,1);es="Linear";ed="In";};["000-offset.008"]={cf=cfr(0,0,0,.812,-.489,.319,.568,.787,-.24,-.133,.376,.917);es="Linear";ed="In";};["000-offset.005"]={cf=cfr(0,0,0,.857,-.45,-.251,.332,.855,-.398,.393,.258,.882);es="Linear";ed="In";};};{tm=.3;["000-offset"]={cf=cfr(0,0,0,.476,-.879,0,.879,.476,0,0,0,1);es="Linear";ed="In";};["000-offset.009"]={cf=cfr(0,0,0,.109,-.99,.084,.994,.109,-.009,0,.084,.996);es="Linear";ed="In";};["000-offset.012"]={cf=cfr(0,0,0,.018,-.978,-.206,1,.023,-.02,.025,-.206,.978);es="Linear";ed="In";};["000-offset.001"]={cf=cfr(0,0,0,.927,-.374,-.012,.374,.927,.039,-.003,-.041,.999);es="Linear";ed="In";};["000-offset.010"]={cf=cfr(0,0,0,.971,.241,0,-.241,.971,0,0,0,1);es="Linear";ed="In";};["000-offset.013"]={cf=cfr(0,0,0,.948,.318,0,-.318,.948,0,0,0,1);es="Linear";ed="In";};["000-offset.002"]={cf=cfr(0,0,0,.498,-.866,.044,.867,.499,-.003,-.019,.039,.999);es="Linear";ed="In";};["000-offset.011"]={cf=cfr(0,0,0,.739,-.674,0,.674,.739,0,0,0,1);es="Linear";ed="In";};["000-offset.014"]={cf=cfr(0,0,0,.808,-.589,-.005,.588,.808,-.019,.015,.013,1);es="Linear";ed="In";};["000-offset.006"]={cf=cfr(0,0,0,-.487,.338,-.805,-.869,-.279,.408,-.086,.899,.43);es="Linear";ed="In";};["000-offset.003"]={cf=cfr(0,0,0,-.504,-.167,.847,-.864,.1,-.494,-.002,-.981,-.195);es="Linear";ed="In";};["000-offset.007"]={cf=cfr(0,0,0,1,0,0,0,1,0,0,0,1);es="Linear";ed="In";};["000-offset.004"]={cf=cfr(0,0,0,1,-.028,0,.028,1,0,0,0,1);es="Linear";ed="In";};["000-offset.008"]={cf=cfr(0,0,0,.898,-.434,.078,.438,.859,-.265,.048,.272,.961);es="Linear";ed="In";};["000-offset.005"]={cf=cfr(0,0,0,.947,-.32,-.018,.273,.836,-.477,.168,.447,.879);es="Linear";ed="In";};};{tm=.343;["000-offset"]={cf=cfr(0,0,0,.565,-.825,0,.825,.565,0,0,0,1);es="Linear";ed="In";};["000-offset.009"]={cf=cfr(0,0,0,.112,-.991,.076,.993,.114,.017,-.026,.074,.997);es="Linear";ed="In";};["000-offset.012"]={cf=cfr(0,0,0,.015,-.982,-.188,.999,.022,-.038,.041,-.187,.981);es="Linear";ed="In";};["000-offset.001"]={cf=cfr(0,0,0,.929,-.371,-.013,.371,.928,.041,-.003,-.042,.999);es="Linear";ed="In";};["000-offset.010"]={cf=cfr(0,0,0,.978,.21,0,-.21,.978,0,0,0,1);es="Linear";ed="In";};["000-offset.013"]={cf=cfr(0,0,0,.957,.29,0,-.29,.957,0,0,0,1);es="Linear";ed="In";};["000-offset.002"]={cf=cfr(0,0,0,.513,-.857,.046,.858,.513,-.004,-.02,.041,.999);es="Linear";ed="In";};["000-offset.011"]={cf=cfr(0,0,0,.763,-.646,0,.646,.763,0,0,0,1);es="Linear";ed="In";};["000-offset.014"]={cf=cfr(0,0,0,.846,-.533,-.005,.532,.846,-.02,.015,.014,1);es="Linear";ed="In";};["000-offset.006"]={cf=cfr(0,0,0,-.428,.312,-.848,-.898,-.252,.361,-.101,.916,.388);es="Linear";ed="In";};["000-offset.003"]={cf=cfr(0,0,0,-.47,-.182,.864,-.883,.111,-.457,-.012,-.977,-.213);es="Linear";ed="In";};["000-offset.004"]={cf=cfr(0,0,0,1,-.002,0,.002,1,0,0,0,1);es="Linear";ed="In";};["000-offset.008"]={cf=cfr(0,0,0,.916,-.402,-.012,.386,.887,-.254,.113,.227,.967);es="Linear";ed="In";};["000-offset.005"]={cf=cfr(0,0,0,.966,-.252,.056,.244,.818,-.521,.085,.517,.852);es="Linear";ed="In";};};{tm=.386;["000-offset"]={cf=cfr(0,0,0,.652,-.738,-.175,.759,.634,.151,0,-.231,.973);es="Linear";ed="In";};["000-offset.009"]={cf=cfr(0,0,0,.13,-.989,.075,.991,.133,.031,-.04,.07,.997);es="Linear";ed="In";};["000-offset.012"]={cf=cfr(0,0,0,.016,-.983,-.18,.999,.025,-.046,.05,-.179,.983);es="Linear";ed="In";};["000-offset.001"]={cf=cfr(0,0,0,.928,-.372,-.013,.372,.927,.04,-.003,-.042,.999);es="Linear";ed="In";};["000-offset.010"]={cf=cfr(0,0,0,.983,.184,0,-.184,.983,0,0,0,1);es="Linear";ed="In";};["000-offset.013"]={cf=cfr(0,0,0,.96,.279,0,-.279,.96,0,0,0,1);es="Linear";ed="In";};["000-offset.002"]={cf=cfr(0,0,0,.506,-.861,.045,.862,.506,-.003,-.02,.04,.999);es="Linear";ed="In";};["000-offset.011"]={cf=cfr(0,0,0,.772,-.635,0,.635,.772,0,0,0,1);es="Linear";ed="In";};["000-offset.014"]={cf=cfr(0,0,0,.86,-.51,-.005,.51,.86,-.02,.015,.015,1);es="Linear";ed="In";};["000-offset.006"]={cf=cfr(0,0,0,-.341,.265,-.902,-.937,-.176,.302,-.079,.948,.308);es="Linear";ed="In";};["000-offset.003"]={cf=cfr(0,0,0,-.423,-.21,.881,-.905,.15,-.399,-.049,-.966,-.254);es="Linear";ed="In";};["000-offset.004"]={cf=cfr(0,0,0,1,0,0,0,1,0,0,0,1);es="Linear";ed="In";};["000-offset.008"]={cf=cfr(0,0,0,.92,-.389,-.046,.367,.896,-.249,.138,.212,.967);es="Linear";ed="In";};["000-offset.005"]={cf=cfr(0,0,0,.972,-.221,.083,.23,.808,-.542,.053,.546,.836);es="Linear";ed="In";};};{tm=.429;["000-offset"]={cf=cfr(0,0,0,.734,-.602,-.316,.68,.65,.341,0,-.464,.886);es="Linear";ed="In";};["000-offset.009"]={cf=cfr(0,0,0,.154,-.985,.078,.987,.157,.033,-.045,.072,.996);es="Linear";ed="In";};["000-offset.012"]={cf=cfr(0,0,0,.02,-.983,-.18,.999,.029,-.046,.051,-.179,.983);es="Linear";ed="In";};["000-offset.001"]={cf=cfr(0,0,0,.926,-.377,-.012,.377,.926,.037,-.003,-.039,.999);es="Linear";ed="In";};["000-offset.010"]={cf=cfr(0,0,0,.986,.167,0,-.167,.986,0,0,0,1);es="Linear";ed="In";};["000-offset.013"]={cf=cfr(0,0,0,.96,.28,0,-.28,.96,0,0,0,1);es="Linear";ed="In";};["000-offset.002"]={cf=cfr(0,0,0,.487,-.872,.043,.873,.488,-.002,-.019,.038,.999);es="Linear";ed="In";};["000-offset.011"]={cf=cfr(0,0,0,.771,-.637,0,.637,.771,0,0,0,1);es="Linear";ed="In";};["000-offset.014"]={cf=cfr(0,0,0,.859,-.513,-.005,.512,.858,-.02,.015,.015,1);es="Linear";ed="In";};["000-offset.006"]={cf=cfr(0,0,0,-.252,.202,-.946,-.967,-.092,.238,-.039,.975,.218);es="Linear";ed="In";};["000-offset.003"]={cf=cfr(0,0,0,-.378,-.243,.893,-.921,.196,-.336,-.094,-.95,-.298);es="Linear";ed="In";};["000-offset.008"]={cf=cfr(0,0,0,.918,-.393,-.04,.372,.893,-.253,.135,.218,.967);es="Linear";ed="In";};["000-offset.005"]={cf=cfr(0,0,0,.972,-.223,.079,.23,.807,-.544,.057,.547,.835);es="Linear";ed="In";};};{tm=.472;["000-offset"]={cf=cfr(0,0,0,.808,-.432,-.4,.589,.593,.549,0,-.68,.734);es="Linear";ed="In";};["000-offset.009"]={cf=cfr(0,0,0,.173,-.982,.082,.984,.176,.027,-.041,.076,.996);es="Linear";ed="In";};["000-offset.012"]={cf=cfr(0,0,0,.024,-.982,-.185,.999,.032,-.042,.047,-.184,.982);es="Linear";ed="In";};["000-offset.001"]={cf=cfr(0,0,0,.924,-.381,-.011,.382,.924,.035,-.003,-.036,.999);es="Linear";ed="In";};["000-offset.010"]={cf=cfr(0,0,0,.987,.161,0,-.161,.987,0,0,0,1);es="Linear";ed="In";};["000-offset.013"]={cf=cfr(0,0,0,.957,.29,0,-.29,.957,0,0,0,1);es="Linear";ed="In";};["000-offset.002"]={cf=cfr(0,0,0,.467,-.883,.04,.884,.468,-.001,-.018,.036,.999);es="Linear";ed="In";};["000-offset.011"]={cf=cfr(0,0,0,.764,-.646,0,.646,.764,0,0,0,1);es="Linear";ed="In";};["000-offset.014"]={cf=cfr(0,0,0,.847,-.532,-.005,.531,.847,-.02,.015,.014,1);es="Linear";ed="In";};["000-offset.006"]={cf=cfr(0,0,0,-.192,.149,-.97,-.981,-.03,.19,-.001,.988,.152);es="Linear";ed="In";};["000-offset.003"]={cf=cfr(0,0,0,-.348,-.269,.898,-.929,.231,-.29,-.129,-.935,-.331);es="Linear";ed="In";};["000-offset.004"]={cf=cfr(0,0,0,1,0,0,0,1,0,0,0,1);es="Linear";ed="In";};["000-offset.008"]={cf=cfr(0,0,0,.913,-.408,-.009,.391,.882,-.262,.114,.235,.965);es="Linear";ed="In";};["000-offset.005"]={cf=cfr(0,0,0,.967,-.247,.057,.238,.812,-.533,.085,.529,.844);es="Linear";ed="In";};};{tm=.515;["000-offset"]={cf=cfr(0,0,0,.873,-.253,-.416,.487,.454,.746,0,-.854,.52);es="Linear";ed="In";};["000-offset.009"]={cf=cfr(0,0,0,.178,-.98,.086,.983,.18,.016,-.032,.081,.996);es="Linear";ed="In";};["000-offset.012"]={cf=cfr(0,0,0,.025,-.981,-.193,.999,.032,-.035,.04,-.191,.981);es="Linear";ed="In";};["000-offset.001"]={cf=cfr(0,0,0,.923,-.384,-.011,.384,.923,.033,-.003,-.035,.999);es="Linear";ed="In";};["000-offset.010"]={cf=cfr(0,0,0,.986,.169,0,-.169,.986,0,0,0,1);es="Linear";ed="In";};["000-offset.013"]={cf=cfr(0,0,0,.953,.302,0,-.302,.953,0,0,0,1);es="Linear";ed="In";};["000-offset.002"]={cf=cfr(0,0,0,.455,-.889,.038,.89,.456,-.001,-.017,.035,.999);es="Linear";ed="In";};["000-offset.011"]={cf=cfr(0,0,0,.753,-.658,0,.658,.753,0,0,0,1);es="Linear";ed="In";};["000-offset.014"]={cf=cfr(0,0,0,.831,-.557,-.005,.556,.831,-.02,.015,.014,1);es="Linear";ed="In";};["000-offset.006"]={cf=cfr(0,0,0,-.193,.145,-.97,-.981,-.012,.194,.016,.989,.144);es="Linear";ed="In";};["000-offset.003"]={cf=cfr(0,0,0,-.35,-.271,.897,-.926,.241,-.289,-.138,-.932,-.336);es="Linear";ed="In";};["000-offset.004"]={cf=cfr(0,0,0,1,-.009,0,.009,1,0,0,0,1);es="Linear";ed="In";};["000-offset.008"]={cf=cfr(0,0,0,.906,-.423,.032,.415,.869,-.268,.086,.256,.963);es="Linear";ed="In";};["000-offset.005"]={cf=cfr(0,0,0,.96,-.278,.026,.251,.82,-.514,.122,.5,.857);es="Linear";ed="In";};};{tm=.558;["000-offset"]={cf=cfr(0,0,0,.927,-.096,-.363,.376,.238,.896,0,-.967,.256);es="Linear";ed="In";};["000-offset.009"]={cf=cfr(0,0,0,.16,-.983,.086,.987,.161,.003,-.017,.085,.996);es="Linear";ed="In";};["000-offset.012"]={cf=cfr(0,0,0,.025,-.979,-.2,.999,.031,-.026,.032,-.199,.979);es="Linear";ed="In";};["000-offset.001"]={cf=cfr(0,0,0,.924,-.382,-.011,.383,.923,.034,-.003,-.036,.999);es="Linear";ed="In";};["000-offset.010"]={cf=cfr(0,0,0,.981,.195,0,-.195,.981,0,0,0,1);es="Linear";ed="In";};["000-offset.013"]={cf=cfr(0,0,0,.95,.313,0,-.313,.95,0,0,0,1);es="Linear";ed="In";};["000-offset.002"]={cf=cfr(0,0,0,.462,-.886,.039,.886,.463,-.001,-.017,.035,.999);es="Linear";ed="In";};["000-offset.011"]={cf=cfr(0,0,0,.744,-.668,0,.668,.744,0,0,0,1);es="Linear";ed="In";};["000-offset.014"]={cf=cfr(0,0,0,.816,-.579,-.005,.578,.816,-.019,.015,.013,1);es="Linear";ed="In";};["000-offset.006"]={cf=cfr(0,0,0,-.286,.218,-.933,-.958,-.071,.277,-.006,.973,.229);es="Linear";ed="In";};["000-offset.003"]={cf=cfr(0,0,0,-.399,-.235,.886,-.911,.209,-.355,-.102,-.949,-.298);es="Linear";ed="In";};["000-offset.004"]={cf=cfr(0,0,0,1,-.02,0,.02,1,0,0,0,1);es="Linear";ed="In";};["000-offset.008"]={cf=cfr(0,0,0,.899,-.433,.066,.434,.86,-.27,.06,.271,.961);es="Linear";ed="In";};["000-offset.005"]={cf=cfr(0,0,0,.952,-.306,-.004,.264,.829,-.494,.154,.469,.87);es="Linear";ed="In";};};{tm=.6;["000-offset"]={cf=cfr(0,0,0,.966,.009,-.257,.257,-.035,.966,0,-.999,-.037);es="Linear";ed="In";};["000-offset.009"]={cf=cfr(0,0,0,.109,-.99,.084,.994,.109,-.009,0,.084,.996);es="Linear";ed="In";};["000-offset.012"]={cf=cfr(0,0,0,.018,-.978,-.206,1,.023,-.02,.025,-.206,.978);es="Linear";ed="In";};["000-offset.001"]={cf=cfr(0,0,0,.927,-.374,-.012,.374,.927,.039,-.003,-.041,.999);es="Linear";ed="In";};["000-offset.010"]={cf=cfr(0,0,0,.971,.241,0,-.241,.971,0,0,0,1);es="Linear";ed="In";};["000-offset.013"]={cf=cfr(0,0,0,.948,.318,0,-.318,.948,0,0,0,1);es="Linear";ed="In";};["000-offset.002"]={cf=cfr(0,0,0,.498,-.866,.044,.867,.499,-.003,-.019,.039,.999);es="Linear";ed="In";};["000-offset.011"]={cf=cfr(0,0,0,.739,-.674,0,.674,.739,0,0,0,1);es="Linear";ed="In";};["000-offset.014"]={cf=cfr(0,0,0,.808,-.589,-.005,.588,.808,-.019,.015,.013,1);es="Linear";ed="In";};["000-offset.006"]={cf=cfr(0,0,0,-.487,.338,-.805,-.869,-.279,.408,-.086,.899,.43);es="Linear";ed="In";};["000-offset.003"]={cf=cfr(0,0,0,-.504,-.167,.847,-.864,.1,-.494,-.002,-.981,-.195);es="Linear";ed="In";};["000-offset.007"]={cf=cfr(0,0,0,1,0,0,0,1,0,0,0,1);es="Linear";ed="In";};["000-offset.004"]={cf=cfr(0,0,0,1,-.028,0,.028,1,0,0,0,1);es="Linear";ed="In";};["000-offset.008"]={cf=cfr(0,0,0,.898,-.434,.078,.438,.859,-.265,.048,.272,.961);es="Linear";ed="In";};["000-offset.005"]={cf=cfr(0,0,0,.947,-.32,-.018,.273,.836,-.477,.168,.447,.879);es="Linear";ed="In";};};{tm=.643;["000-offset"]={cf=cfr(0,0,0,.991,.044,-.125,.133,-.33,.935,0,-.943,-.333);es="Linear";ed="In";};["000-offset.009"]={cf=cfr(0,0,0,.031,-.996,.08,.999,.03,-.023,.02,.081,.997);es="Linear";ed="In";};["000-offset.012"]={cf=cfr(0,0,0,.006,-.978,-.21,1,.01,-.016,.017,-.21,.978);es="Linear";ed="In";};["000-offset.001"]={cf=cfr(0,0,0,.933,-.36,-.014,.361,.932,.046,-.004,-.048,.999);es="Linear";ed="In";};["000-offset.010"]={cf=cfr(0,0,0,.953,.302,0,-.302,.953,0,0,0,1);es="Linear";ed="In";};["000-offset.002"]={cf=cfr(0,0,0,.555,-.831,.051,.832,.555,-.007,-.023,.046,.999);es="Linear";ed="In";};["000-offset.011"]={cf=cfr(0,0,0,.738,-.675,0,.675,.738,0,0,0,1);es="Linear";ed="In";};["000-offset.014"]={cf=cfr(0,0,0,.808,-.59,-.005,.59,.807,-.019,.015,.013,1);es="Linear";ed="In";};["000-offset.006"]={cf=cfr(0,0,0,-.851,.226,-.475,-.405,-.857,.319,-.335,.463,.82);es="Linear";ed="In";};["000-offset.003"]={cf=cfr(0,0,0,-.692,-.161,.703,-.659,-.257,-.707,.294,-.953,.072);es="Linear";ed="In";};["000-offset.007"]={cf=cfr(0,0,0,1,-.026,0,.026,1,0,0,0,1);es="Linear";ed="In";};["000-offset.004"]={cf=cfr(0,0,0,1,-.031,0,.031,1,0,0,0,1);es="Linear";ed="In";};["000-offset.008"]={cf=cfr(0,0,0,.904,-.422,.069,.426,.87,-.247,.044,.253,.966);es="Linear";ed="In";};["000-offset.005"]={cf=cfr(0,0,0,.944,-.329,-.023,.285,.847,-.448,.167,.417,.894);es="Linear";ed="In";};};{tm=.686;["000-offset"]={cf=cfr(0,0,0,1,.004,-.005,.007,-.602,.798,0,-.798,-.602);es="Linear";ed="In";};["000-offset.009"]={cf=cfr(0,0,0,-.059,-.995,.079,.997,-.062,-.038,.043,.077,.996);es="Linear";ed="In";};["000-offset.012"]={cf=cfr(0,0,0,-.007,-.977,-.215,1,-.005,-.01,.009,-.215,.977);es="Linear";ed="In";};["000-offset.001"]={cf=cfr(0,0,0,.939,-.344,-.016,.345,.937,.055,-.004,-.057,.998);es="Linear";ed="In";};["000-offset.010"]={cf=cfr(0,0,0,.929,.371,0,-.371,.929,0,0,0,1);es="Linear";ed="In";};["000-offset.002"]={cf=cfr(0,0,0,.617,-.785,.058,.787,.617,-.012,-.026,.053,.998);es="Linear";ed="In";};["000-offset.011"]={cf=cfr(0,0,0,.737,-.676,0,.676,.737,0,0,0,1);es="Linear";ed="In";};["000-offset.014"]={cf=cfr(0,0,0,.806,-.591,-.005,.591,.806,-.019,.015,.013,1);es="Linear";ed="In";};["000-offset.006"]={cf=cfr(0,0,0,-.617,-.2,-.761,.384,-.921,-.07,-.687,-.335,.645);es="Linear";ed="In";};["000-offset.003"]={cf=cfr(0,0,0,-.672,-.442,.594,-.211,-.655,-.725,.71,-.613,.347);es="Linear";ed="In";};["000-offset.007"]={cf=cfr(0,0,0,.998,-.068,0,.068,.998,0,0,0,1);es="Linear";ed="In";};["000-offset.004"]={cf=cfr(0,0,0,.999,-.036,0,.036,.999,0,0,0,1);es="Linear";ed="In";};["000-offset.008"]={cf=cfr(0,0,0,.913,-.404,.055,.405,.888,-.218,.039,.222,.974);es="Linear";ed="In";};["000-offset.005"]={cf=cfr(0,0,0,.938,-.345,-.032,.304,.864,-.402,.166,.367,.915);es="Linear";ed="In";};};{tm=.729;["000-offset"]={cf=cfr(0,0,0,.993,-.098,.069,-.12,-.811,.573,0,-.577,-.817);es="Linear";ed="In";};["000-offset.009"]={cf=cfr(0,0,0,-.158,-.984,.083,.985,-.163,-.056,.068,.073,.995);es="Linear";ed="In";};["000-offset.012"]={cf=cfr(0,0,0,-.022,-.975,-.221,1,-.022,-.005,0,-.221,.975);es="Linear";ed="In";};["000-offset.001"]={cf=cfr(0,0,0,.945,-.326,-.017,.327,.943,.065,-.005,-.067,.998);es="Linear";ed="In";};["000-offset.010"]={cf=cfr(0,0,0,.895,.446,0,-.446,.895,0,0,0,1);es="Linear";ed="In";};["000-offset.002"]={cf=cfr(0,0,0,.682,-.728,.066,.731,.682,-.02,-.03,.062,.998);es="Linear";ed="In";};["000-offset.011"]={cf=cfr(0,0,0,.735,-.678,0,.678,.735,0,0,0,1);es="Linear";ed="In";};["000-offset.014"]={cf=cfr(0,0,0,.805,-.593,-.005,.593,.805,-.019,.015,.013,1);es="Linear";ed="In";};["000-offset.006"]={cf=cfr(0,0,0,-.006,-.089,-.996,.402,-.912,.079,-.915,-.4,.041);es="Linear";ed="In";};["000-offset.003"]={cf=cfr(0,0,0,-.298,-.673,.677,.062,-.721,-.69,.952,-.164,.257);es="Linear";ed="In";};["000-offset.007"]={cf=cfr(0,0,0,.994,-.11,0,.11,.994,0,0,0,1);es="Linear";ed="In";};["000-offset.004"]={cf=cfr(0,0,0,.999,-.049,0,.049,.999,0,0,0,1);es="Linear";ed="In";};["000-offset.008"]={cf=cfr(0,0,0,.923,-.384,.043,.385,.904,-.187,.033,.189,.981);es="Linear";ed="In";};["000-offset.005"]={cf=cfr(0,0,0,.932,-.36,-.043,.323,.878,-.353,.165,.315,.935);es="Linear";ed="In";};};{tm=.772;["000-offset"]={cf=cfr(0,0,0,.97,-.232,.073,-.243,-.925,.291,0,-.3,-.954);es="Linear";ed="In";};["000-offset.009"]={cf=cfr(0,0,0,-.264,-.96,.091,.96,-.271,-.074,.096,.068,.993);es="Linear";ed="In";};["000-offset.012"]={cf=cfr(0,0,0,-.038,-.973,-.227,.999,-.04,.001,-.01,-.227,.974);es="Linear";ed="In";};["000-offset.001"]={cf=cfr(0,0,0,.952,-.307,-.018,.307,.949,.076,-.006,-.078,.997);es="Linear";ed="In";};["000-offset.010"]={cf=cfr(0,0,0,.852,.523,0,-.523,.852,0,0,0,1);es="Linear";ed="In";};["000-offset.002"]={cf=cfr(0,0,0,.747,-.661,.073,.664,.747,-.03,-.035,.071,.997);es="Linear";ed="In";};["000-offset.011"]={cf=cfr(0,0,0,.734,-.679,0,.679,.734,0,0,0,1);es="Linear";ed="In";};["000-offset.014"]={cf=cfr(0,0,0,.804,-.595,-.005,.594,.804,-.019,.015,.013,1);es="Linear";ed="In";};["000-offset.006"]={cf=cfr(0,0,0,.115,-.091,-.989,.169,-.98,.11,-.979,-.179,-.097);es="Linear";ed="In";};["000-offset.003"]={cf=cfr(0,0,0,-.052,-.715,.698,.038,-.699,-.714,.998,-.01,.064);es="Linear";ed="In";};["000-offset.007"]={cf=cfr(0,0,0,.99,-.139,0,.139,.99,0,0,0,1);es="Linear";ed="In";};["000-offset.004"]={cf=cfr(0,0,0,.997,-.08,0,.08,.997,0,0,0,1);es="Linear";ed="In";};["000-offset.008"]={cf=cfr(0,0,0,.929,-.37,.035,.37,.914,-.166,.029,.167,.985);es="Linear";ed="In";};["000-offset.005"]={cf=cfr(0,0,0,.927,-.371,-.052,.336,.886,-.32,.164,.279,.946);es="Linear";ed="In";};};{tm=.815;["000-offset"]={cf=cfr(0,0,0,.932,-.361,-.002,-.361,-.932,-.004,0,.004,-1);es="Linear";ed="In";};["000-offset.009"]={cf=cfr(0,0,0,-.372,-.922,.105,.92,-.382,-.092,.125,.063,.99);es="Linear";ed="In";};["000-offset.012"]={cf=cfr(0,0,0,-.056,-.971,-.235,.998,-.059,.008,-.021,-.234,.972);es="Linear";ed="In";};["000-offset.001"]={cf=cfr(0,0,0,.958,-.286,-.019,.286,.954,.088,-.007,-.089,.996);es="Linear";ed="In";};["000-offset.010"]={cf=cfr(0,0,0,.799,.602,0,-.602,.799,0,0,0,1);es="Linear";ed="In";};["000-offset.002"]={cf=cfr(0,0,0,.809,-.583,.08,.587,.809,-.042,-.04,.081,.996);es="Linear";ed="In";};["000-offset.011"]={cf=cfr(0,0,0,.732,-.681,0,.681,.732,0,0,0,1);es="Linear";ed="In";};["000-offset.014"]={cf=cfr(0,0,0,.803,-.597,-.005,.596,.803,-.019,.015,.013,1);es="Linear";ed="In";};["000-offset.006"]={cf=cfr(0,0,0,.122,-.111,-.986,.101,-.987,.123,-.987,-.114,-.109);es="Linear";ed="In";};["000-offset.003"]={cf=cfr(0,0,0,-.006,-.733,.68,.01,-.68,-.733,1,.002,.011);es="Linear";ed="In";};["000-offset.007"]={cf=cfr(0,0,0,.988,-.156,0,.156,.988,0,0,0,1);es="Linear";ed="In";};["000-offset.004"]={cf=cfr(0,0,0,.992,-.125,0,.125,.992,0,0,0,1);es="Linear";ed="In";};["000-offset.008"]={cf=cfr(0,0,0,.932,-.361,.031,.362,.92,-.153,.027,.154,.988);es="Linear";ed="In";};["000-offset.005"]={cf=cfr(0,0,0,.925,-.377,-.057,.344,.89,-.3,.164,.257,.952);es="Linear";ed="In";};};{tm=.858;["000-offset"]={cf=cfr(0,0,0,.882,-.45,-.144,-.472,-.84,-.269,0,.305,-.952);es="Linear";ed="In";};["000-offset.009"]={cf=cfr(0,0,0,-.479,-.869,.126,.864,-.492,-.108,.156,.057,.986);es="Linear";ed="In";};["000-offset.012"]={cf=cfr(0,0,0,-.074,-.967,-.242,.997,-.079,.014,-.032,-.241,.97);es="Linear";ed="In";};["000-offset.001"]={cf=cfr(0,0,0,.964,-.264,-.019,.264,.959,.1,-.008,-.101,.995);es="Linear";ed="In";};["000-offset.010"]={cf=cfr(0,0,0,.735,.678,0,-.678,.735,0,0,0,1);es="Linear";ed="In";};["000-offset.002"]={cf=cfr(0,0,0,.865,-.494,.084,.499,.865,-.056,-.045,.091,.995);es="Linear";ed="In";};["000-offset.011"]={cf=cfr(0,0,0,.731,-.683,0,.683,.731,0,0,0,1);es="Linear";ed="In";};["000-offset.014"]={cf=cfr(0,0,0,.801,-.598,-.005,.598,.801,-.019,.015,.013,1);es="Linear";ed="In";};["000-offset.006"]={cf=cfr(0,0,0,.115,-.132,-.985,.051,-.989,.139,-.992,-.066,-.107);es="Linear";ed="In";};["000-offset.003"]={cf=cfr(0,0,0,.004,-.753,.658,-.024,-.658,-.752,1,-.013,-.021);es="Linear";ed="In";};["000-offset.007"]={cf=cfr(0,0,0,.985,-.174,0,.174,.985,0,0,0,1);es="Linear";ed="In";};["000-offset.004"]={cf=cfr(0,0,0,.985,-.175,0,.175,.985,0,0,0,1);es="Linear";ed="In";};["000-offset.008"]={cf=cfr(0,0,0,.935,-.353,.027,.353,.925,-.14,.024,.141,.99);es="Linear";ed="In";};["000-offset.005"]={cf=cfr(0,0,0,.922,-.383,-.063,.352,.893,-.279,.163,.235,.958);es="Linear";ed="In";};};{tm=.901;["000-offset"]={cf=cfr(0,0,0,.819,-.47,-.328,-.573,-.672,-.469,0,.573,-.82);es="Linear";ed="In";};["000-offset.009"]={cf=cfr(0,0,0,-.58,-.8,.153,.793,-.598,-.12,.187,.052,.981);es="Linear";ed="In";};["000-offset.012"]={cf=cfr(0,0,0,-.092,-.964,-.251,.995,-.101,.02,-.044,-.248,.968);es="Linear";ed="In";};["000-offset.001"]={cf=cfr(0,0,0,.97,-.241,-.019,.241,.964,.112,-.009,-.114,.993);es="Linear";ed="In";};["000-offset.010"]={cf=cfr(0,0,0,.662,.749,0,-.749,.662,0,0,0,1);es="Linear";ed="In";};["000-offset.002"]={cf=cfr(0,0,0,.914,-.397,.087,.404,.912,-.073,-.05,.101,.994);es="Linear";ed="In";};["000-offset.011"]={cf=cfr(0,0,0,.729,-.685,0,.685,.729,0,0,0,1);es="Linear";ed="In";};["000-offset.014"]={cf=cfr(0,0,0,.8,-.6,-.005,.6,.8,-.019,.015,.013,1);es="Linear";ed="In";};["000-offset.006"]={cf=cfr(0,0,0,.104,-.154,-.983,.016,-.988,.156,-.994,-.032,-.1);es="Linear";ed="In";};["000-offset.003"]={cf=cfr(0,0,0,-.012,-.773,.634,-.043,-.634,-.773,.999,-.037,-.026);es="Linear";ed="In";};["000-offset.007"]={cf=cfr(0,0,0,.982,-.191,0,.191,.982,0,0,0,1);es="Linear";ed="In";};["000-offset.004"]={cf=cfr(0,0,0,.973,-.23,0,.23,.973,0,0,0,1);es="Linear";ed="In";};["000-offset.008"]={cf=cfr(0,0,0,.939,-.344,.023,.344,.93,-.127,.022,.127,.992);es="Linear";ed="In";};["000-offset.005"]={cf=cfr(0,0,0,.919,-.389,-.07,.36,.896,-.259,.163,.213,.963);es="Linear";ed="In";};};{tm=.944;["000-offset"]={cf=cfr(0,0,0,.748,-.411,-.521,-.664,-.463,-.587,0,.785,-.619);es="Linear";ed="In";};["000-offset.009"]={cf=cfr(0,0,0,-.672,-.717,.185,.707,-.696,-.126,.219,.046,.975);es="Linear";ed="In";};["000-offset.012"]={cf=cfr(0,0,0,-.111,-.959,-.26,.992,-.122,.025,-.056,-.255,.965);es="Linear";ed="In";};["000-offset.001"]={cf=cfr(0,0,0,.976,-.217,-.018,.218,.968,.125,-.01,-.126,.992);es="Linear";ed="In";};["000-offset.010"]={cf=cfr(0,0,0,.581,.814,0,-.814,.581,0,0,0,1);es="Linear";ed="In";};["000-offset.002"]={cf=cfr(0,0,0,.952,-.294,.086,.302,.949,-.09,-.055,.112,.992);es="Linear";ed="In";};["000-offset.011"]={cf=cfr(0,0,0,.727,-.686,0,.686,.727,0,0,0,1);es="Linear";ed="In";};["000-offset.014"]={cf=cfr(0,0,0,.798,-.602,-.005,.602,.798,-.019,.015,.013,1);es="Linear";ed="In";};["000-offset.006"]={cf=cfr(0,0,0,.096,-.176,-.98,-.009,-.984,.176,-.995,-.008,-.096);es="Linear";ed="In";};["000-offset.003"]={cf=cfr(0,0,0,-.034,-.793,.608,-.04,-.607,-.794,.999,-.051,-.011);es="Linear";ed="In";};["000-offset.007"]={cf=cfr(0,0,0,.978,-.209,0,.209,.978,0,0,0,1);es="Linear";ed="In";};["000-offset.004"]={cf=cfr(0,0,0,.958,-.287,0,.287,.958,0,0,0,1);es="Linear";ed="In";};["000-offset.008"]={cf=cfr(0,0,0,.942,-.335,.02,.335,.935,-.114,.02,.114,.993);es="Linear";ed="In";};["000-offset.005"]={cf=cfr(0,0,0,.916,-.395,-.076,.368,.899,-.238,.163,.19,.968);es="Linear";ed="In";};};{tm=.987;["000-offset"]={cf=cfr(0,0,0,.67,-.278,-.688,-.742,-.251,-.621,0,.927,-.375);es="Linear";ed="In";};["000-offset.009"]={cf=cfr(0,0,0,-.752,-.622,.221,.61,-.782,-.126,.251,.04,.967);es="Linear";ed="In";};["000-offset.012"]={cf=cfr(0,0,0,-.13,-.954,-.269,.989,-.144,.031,-.068,-.262,.963);es="Linear";ed="In";};["000-offset.001"]={cf=cfr(0,0,0,.981,-.194,-.017,.194,.971,.138,-.011,-.139,.99);es="Linear";ed="In";};["000-offset.010"]={cf=cfr(0,0,0,.492,.87,0,-.87,.492,0,0,0,1);es="Linear";ed="In";};["000-offset.002"]={cf=cfr(0,0,0,.979,-.187,.083,.195,.975,-.109,-.061,.123,.991);es="Linear";ed="In";};["000-offset.011"]={cf=cfr(0,0,0,.725,-.688,0,.688,.725,0,0,0,1);es="Linear";ed="In";};["000-offset.014"]={cf=cfr(0,0,0,.797,-.605,-.005,.604,.796,-.019,.016,.013,1);es="Linear";ed="In";};["000-offset.006"]={cf=cfr(0,0,0,.092,-.198,-.976,-.032,-.98,.195,-.995,.013,-.097);es="Linear";ed="In";};["000-offset.003"]={cf=cfr(0,0,0,-.044,-.813,.58,-.019,-.58,-.814,.999,-.047,.01);es="Linear";ed="In";};["000-offset.007"]={cf=cfr(0,0,0,.974,-.226,0,.226,.974,0,0,0,1);es="Linear";ed="In";};["000-offset.004"]={cf=cfr(0,0,0,.938,-.346,0,.346,.938,0,0,0,1);es="Linear";ed="In";};["000-offset.008"]={cf=cfr(0,0,0,.945,-.326,.016,.326,.94,-.1,.017,.1,.995);es="Linear";ed="In";};["000-offset.005"]={cf=cfr(0,0,0,.913,-.4,-.083,.375,.901,-.218,.162,.168,.972);es="Linear";ed="In";};};{tm=1.03;["000-offset"]={cf=cfr(0,0,0,.588,-.09,-.804,-.809,-.066,-.584,0,.994,-.112);es="Linear";ed="In";};["000-offset.009"]={cf=cfr(0,0,0,-.816,-.517,.258,.505,-.855,-.117,.282,.035,.959);es="Linear";ed="In";};["000-offset.012"]={cf=cfr(0,0,0,-.149,-.949,-.278,.986,-.165,.036,-.08,-.269,.96);es="Linear";ed="In";};["000-offset.001"]={cf=cfr(0,0,0,.985,-.17,-.015,.171,.974,.151,-.012,-.151,.988);es="Linear";ed="In";};["000-offset.010"]={cf=cfr(0,0,0,.399,.917,0,-.917,.399,0,0,0,1);es="Linear";ed="In";};["000-offset.002"]={cf=cfr(0,0,0,.994,-.078,.077,.088,.988,-.127,-.066,.133,.989);es="Linear";ed="In";};["000-offset.011"]={cf=cfr(0,0,0,.724,-.69,0,.69,.724,0,0,0,1);es="Linear";ed="In";};["000-offset.014"]={cf=cfr(0,0,0,.795,-.607,-.005,.606,.795,-.019,.016,.012,1);es="Linear";ed="In";};["000-offset.006"]={cf=cfr(0,0,0,.091,-.22,-.971,-.056,-.975,.216,-.994,.035,-.101);es="Linear";ed="In";};["000-offset.003"]={cf=cfr(0,0,0,-.033,-.834,.551,.001,-.552,-.834,.999,-.027,.019);es="Linear";ed="In";};["000-offset.007"]={cf=cfr(0,0,0,.97,-.242,0,.242,.97,0,0,0,1);es="Linear";ed="In";};["000-offset.004"]={cf=cfr(0,0,0,.914,-.406,0,.406,.914,0,0,0,1);es="Linear";ed="In";};["000-offset.008"]={cf=cfr(0,0,0,.948,-.318,.013,.318,.944,-.087,.015,.087,.996);es="Linear";ed="In";};["000-offset.005"]={cf=cfr(0,0,0,.91,-.406,-.09,.383,.902,-.198,.162,.146,.976);es="Linear";ed="In";};};{tm=1.072;["000-offset"]={cf=cfr(0,0,0,.504,.127,-.855,-.864,.074,-.498,0,.989,.146);es="Linear";ed="In";};["000-offset.009"]={cf=cfr(0,0,0,-.864,-.407,.296,.395,-.913,-.102,.312,.029,.95);es="Linear";ed="In";};["000-offset.012"]={cf=cfr(0,0,0,-.167,-.943,-.287,.982,-.186,.04,-.091,-.276,.957);es="Linear";ed="In";};["000-offset.001"]={cf=cfr(0,0,0,.989,-.147,-.012,.147,.975,.164,-.013,-.164,.986);es="Linear";ed="In";};["000-offset.010"]={cf=cfr(0,0,0,.304,.953,0,-.953,.304,0,0,0,1);es="Linear";ed="In";};["000-offset.002"]={cf=cfr(0,0,0,.997,.029,.068,-.019,.989,-.145,-.071,.144,.987);es="Linear";ed="In";};["000-offset.011"]={cf=cfr(0,0,0,.722,-.692,0,.692,.722,0,0,0,1);es="Linear";ed="In";};["000-offset.014"]={cf=cfr(0,0,0,.794,-.609,-.005,.608,.793,-.019,.016,.012,1);es="Linear";ed="In";};["000-offset.006"]={cf=cfr(0,0,0,.089,-.243,-.966,-.085,-.968,.236,-.992,.061,-.107);es="Linear";ed="In";};["000-offset.003"]={cf=cfr(0,0,0,-.009,-.853,.522,.005,-.522,-.853,1,-.005,.009);es="Linear";ed="In";};["000-offset.007"]={cf=cfr(0,0,0,.966,-.258,0,.258,.966,0,0,0,1);es="Linear";ed="In";};["000-offset.004"]={cf=cfr(0,0,0,.886,-.464,0,.464,.886,0,0,0,1);es="Linear";ed="In";};["000-offset.008"]={cf=cfr(0,0,0,.951,-.309,.011,.309,.948,-.074,.013,.074,.997);es="Linear";ed="In";};["000-offset.005"]={cf=cfr(0,0,0,.906,-.411,-.097,.39,.903,-.179,.162,.125,.979);es="Linear";ed="In";};};{tm=1.115;["000-offset"]={cf=cfr(0,0,0,.42,.346,-.839,-.907,.16,-.389,0,.925,.381);es="Linear";ed="In";};["000-offset.009"]={cf=cfr(0,0,0,-.896,-.295,.333,.285,-.955,-.079,.341,.024,.94);es="Linear";ed="In";};["000-offset.012"]={cf=cfr(0,0,0,-.185,-.937,-.297,.977,-.207,.044,-.103,-.282,.954);es="Linear";ed="In";};["000-offset.001"]={cf=cfr(0,0,0,.992,-.125,-.009,.125,.976,.176,-.013,-.175,.984);es="Linear";ed="In";};["000-offset.010"]={cf=cfr(0,0,0,.209,.978,0,-.978,.209,0,0,0,1);es="Linear";ed="In";};["000-offset.002"]={cf=cfr(0,0,0,.99,.132,.056,-.121,.979,-.162,-.076,.153,.985);es="Linear";ed="In";};["000-offset.011"]={cf=cfr(0,0,0,.72,-.694,0,.694,.72,0,0,0,1);es="Linear";ed="In";};["000-offset.014"]={cf=cfr(0,0,0,.792,-.61,-.005,.61,.792,-.019,.016,.012,1);es="Linear";ed="In";};["000-offset.006"]={cf=cfr(0,0,0,.083,-.265,-.961,-.118,-.96,.255,-.99,.092,-.111);es="Linear";ed="In";};["000-offset.003"]={cf=cfr(0,0,0,.011,-.87,.492,-.015,-.493,-.87,1,.002,-.018);es="Linear";ed="In";};["000-offset.007"]={cf=cfr(0,0,0,.962,-.274,0,.274,.962,0,0,0,1);es="Linear";ed="In";};["000-offset.004"]={cf=cfr(0,0,0,.855,-.519,0,.519,.855,0,0,0,1);es="Linear";ed="In";};["000-offset.008"]={cf=cfr(0,0,0,.954,-.301,.008,.301,.952,-.062,.011,.062,.998);es="Linear";ed="In";};["000-offset.005"]={cf=cfr(0,0,0,.903,-.416,-.104,.397,.903,-.161,.161,.104,.981);es="Linear";ed="In";};};{tm=1.158;["000-offset"]={cf=cfr(0,0,0,.34,.544,-.767,-.941,.197,-.277,0,.815,.579);es="Linear";ed="In";};["000-offset.009"]={cf=cfr(0,0,0,-.912,-.185,.365,.179,-.983,-.051,.368,.019,.93);es="Linear";ed="In";};["000-offset.012"]={cf=cfr(0,0,0,-.201,-.931,-.306,.973,-.226,.047,-.113,-.288,.951);es="Linear";ed="In";};["000-offset.001"]={cf=cfr(0,0,0,.995,-.104,-.005,.103,.977,.187,-.014,-.187,.982);es="Linear";ed="In";};["000-offset.010"]={cf=cfr(0,0,0,.117,.993,0,-.993,.117,0,0,0,1);es="Linear";ed="In";};["000-offset.002"]={cf=cfr(0,0,0,.973,.228,.042,-.218,.96,-.177,-.081,.163,.983);es="Linear";ed="In";};["000-offset.011"]={cf=cfr(0,0,0,.719,-.695,0,.695,.719,0,0,0,1);es="Linear";ed="In";};["000-offset.014"]={cf=cfr(0,0,0,.791,-.612,-.005,.612,.791,-.019,.016,.012,1);es="Linear";ed="In";};["000-offset.006"]={cf=cfr(0,0,0,.072,-.286,-.955,-.153,-.95,.273,-.986,.127,-.112);es="Linear";ed="In";};["000-offset.003"]={cf=cfr(0,0,0,.012,-.886,.463,-.051,-.463,-.885,.999,-.013,-.05);es="Linear";ed="In";};["000-offset.007"]={cf=cfr(0,0,0,.958,-.288,0,.288,.958,0,0,0,1);es="Linear";ed="In";};["000-offset.004"]={cf=cfr(0,0,0,.821,-.571,0,.571,.821,0,0,0,1);es="Linear";ed="In";};["000-offset.008"]={cf=cfr(0,0,0,.956,-.294,.006,.293,.955,-.051,.009,.05,.999);es="Linear";ed="In";};["000-offset.005"]={cf=cfr(0,0,0,.901,-.42,-.111,.404,.904,-.144,.161,.085,.983);es="Linear";ed="In";};};{tm=1.201;["000-offset"]={cf=cfr(0,0,0,.264,.708,-.655,-.964,.194,-.179,0,.679,.734);es="