local cfr = CFrame.new

return {{tm=0;["RootNode"]={cf=cfr(0,0,0,-1,0,0,0,1,0,0,0,-1);es="Linear";ed="In";};["root"]={cf=cfr(.056,9.814,.352,0,0,1,0,1,0,-1,0,0);es="Linear";ed="In";};["000-offset"]={cf=cfr(0,0,0,-.086,-.996,0,.996,-.086,0,0,0,1);es="Linear";ed="In";};["004-offset.001"]={cf=cfr(0,0,0,-.015,-1,0,1,-.015,0,0,0,1);es="Linear";ed="In";};["006-offset"]={cf=cfr(0,0,0,-.015,-1,0,1,-.015,0,0,0,1);es="Linear";ed="In";};["000-offset.009"]={cf=cfr(0,0,0,.178,-.968,.178,.918,.099,-.383,.353,.232,.906);es="Linear";ed="In";};["000-offset.012"]={cf=cfr(0,0,0,.083,-.895,-.439,.973,-.022,.229,-.214,-.446,.869);es="Linear";ed="In";};["000-offset.001"]={cf=cfr(0,0,0,.896,-.445,0,.445,.896,0,0,0,1);es="Linear";ed="In";};["000-offset.010"]={cf=cfr(0,0,0,.818,.576,0,-.576,.818,0,0,0,1);es="Linear";ed="In";};["000-offset.013"]={cf=cfr(0,0,0,.723,.691,0,-.691,.723,0,0,0,1);es="Linear";ed="In";};["004-offset"]={cf=cfr(0,0,0,.035,-.999,0,.999,.035,0,0,0,1);es="Linear";ed="In";};["002-offset"]={cf=cfr(0,0,0,.035,-.999,0,.999,.035,0,0,0,1);es="Linear";ed="In";};["000-offset.002"]={cf=cfr(0,0,0,.161,-.987,0,.987,.161,0,0,0,1);es="Linear";ed="In";};["000-offset.011"]={cf=cfr(0,0,0,.287,-.958,0,.958,.287,0,0,0,1);es="Linear";ed="In";};["000-offset.014"]={cf=cfr(0,0,0,-.068,-.998,-.005,.997,-.068,-.019,.019,-.006,1);es="Linear";ed="In";};["000-offset.006"]={cf=cfr(0,0,0,-.772,.547,-.325,-.54,-.294,.788,.336,.784,.522);es="Linear";ed="In";};["000-offset.003"]={cf=cfr(0,0,0,-.736,-.051,.675,-.669,.21,-.713,-.105,-.976,-.188);es="Linear";ed="In";};["000-offset.007"]={cf=cfr(0,0,0,.956,-.293,0,.293,.956,0,0,0,1);es="Linear";ed="In";};["000-offset.004"]={cf=cfr(0,0,0,.918,-.397,0,.397,.918,0,0,0,1);es="Linear";ed="In";};["000-offset.008"]={cf=cfr(0,0,0,.166,-.365,.916,.577,.789,.21,-.8,.494,.342);es="Linear";ed="In";};["000-offset.005"]={cf=cfr(0,0,0,.11,-.156,-.982,.106,.984,-.144,.988,-.089,.124);es="Linear";ed="In";};};{tm=.043;["root"]={cf=cfr(.056,9.814,.352,0,0,1,0,1,0,-1,0,0);es="Linear";ed="In";};["000-offset"]={cf=cfr(0,0,0,-.087,-.996,0,.996,-.087,-.001,.001,0,1);es="Linear";ed="In";};["000-offset.009"]={cf=cfr(0,0,0,.184,-.967,.178,.916,.103,-.387,.356,.235,.905);es="Linear";ed="In";};["000-offset.012"]={cf=cfr(0,0,0,.079,-.895,-.439,.975,-.023,.223,-.209,-.446,.87);es="Linear";ed="In";};["000-offset.001"]={cf=cfr(0,0,0,.896,-.443,-.002,.443,.896,-.001,.002,0,1);es="Linear";ed="In";};["000-offset.010"]={cf=cfr(0,0,0,.819,.574,0,-.574,.819,0,0,0,1);es="Linear";ed="In";};["000-offset.013"]={cf=cfr(0,0,0,.726,.687,0,-.687,.726,0,0,0,1);es="Linear";ed="In";};["000-offset.002"]={cf=cfr(0,0,0,.161,-.987,.003,.987,.161,0,0,.003,1);es="Linear";ed="In";};["000-offset.014"]={cf=cfr(0,0,0,-.057,-.998,-.005,.998,-.057,-.019,.019,-.006,1);es="Linear";ed="In";};["000-offset.003"]={cf=cfr(0,0,0,-.736,-.051,.675,-.669,.209,-.713,-.105,-.977,-.188);es="Linear";ed="In";};["000-offset.006"]={cf=cfr(0,0,0,-.774,.544,-.324,-.538,-.296,.789,.333,.785,.522);es="Linear";ed="In";};["000-offset.004"]={cf=cfr(0,0,0,.917,-.399,0,.399,.917,0,0,0,1);es="Linear";ed="In";};["000-offset.007"]={cf=cfr(0,0,0,.955,-.296,0,.296,.955,0,0,0,1);es="Linear";ed="In";};};{tm=.085;["root"]={cf=cfr(.085,9.814,.338,0,0,1,0,1,0,-1,0,0);es="Linear";ed="In";};["000-offset"]={cf=cfr(0,0,0,-.089,-.996,0,.996,-.089,-.002,.002,0,1);es="Linear";ed="In";};["000-offset.009"]={cf=cfr(0,0,0,.2,-.964,.178,.91,.115,-.398,.363,.241,.9);es="Linear";ed="In";};["000-offset.012"]={cf=cfr(0,0,0,.067,-.895,-.441,.978,-.028,.206,-.197,-.445,.874);es="Linear";ed="In";};["000-offset.001"]={cf=cfr(0,0,0,.898,-.439,-.006,.439,.899,-.003,.007,0,1);es="Linear";ed="In";};["000-offset.010"]={cf=cfr(0,0,0,.821,.571,0,-.571,.821,0,0,0,1);es="Linear";ed="In";};["000-offset.013"]={cf=cfr(0,0,0,.736,.677,0,-.677,.736,0,0,0,1);es="Linear";ed="In";};["000-offset.002"]={cf=cfr(0,0,0,.161,-.987,.012,.987,.161,-.002,0,.012,1);es="Linear";ed="In";};["000-offset.014"]={cf=cfr(0,0,0,-.027,-1,-.005,.999,-.027,-.019,.019,-.005,1);es="Linear";ed="In";};["000-offset.003"]={cf=cfr(0,0,0,-.735,-.053,.676,-.67,.208,-.713,-.103,-.977,-.188);es="Linear";ed="In";};["000-offset.006"]={cf=cfr(0,0,0,-.777,.538,-.325,-.537,-.3,.788,.327,.788,.522);es="Linear";ed="In";};["000-offset.004"]={cf=cfr(0,0,0,.915,-.405,0,.405,.915,0,0,0,1);es="Linear";ed="In";};["000-offset.007"]={cf=cfr(0,0,0,.953,-.302,0,.302,.953,0,0,0,1);es="Linear";ed="In";};};{tm=.127;["root"]={cf=cfr(.113,9.814,.324,0,0,1,0,1,0,-1,0,0);es="Linear";ed="In";};["000-offset"]={cf=cfr(0,0,0,-.092,-.996,0,.996,-.092,-.005,.005,0,1);es="Linear";ed="In";};["000-offset.009"]={cf=cfr(0,0,0,.222,-.959,.177,.901,.133,-.414,.373,.251,.893);es="Linear";ed="In";};["000-offset.012"]={cf=cfr(0,0,0,.05,-.895,-.443,.983,-.035,.181,-.177,-.444,.878);es="Linear";ed="In";};["000-offset.001"]={cf=cfr(0,0,0,.902,-.433,-.012,.432,.902,-.007,.014,.001,1);es="Linear";ed="In";};["000-offset.010"]={cf=cfr(0,0,0,.824,.566,0,-.566,.824,0,0,0,1);es="Linear";ed="In";};["000-offset.013"]={cf=cfr(0,0,0,.75,.661,0,-.661,.75,0,0,0,1);es="Linear";ed="In";};["000-offset.002"]={cf=cfr(0,0,0,.161,-.987,.025,.987,.161,-.004,0,.026,1);es="Linear";ed="In";};["000-offset.014"]={cf=cfr(0,0,0,.018,-1,-.005,1,.018,-.019,.019,-.004,1);es="Linear";ed="In";};["000-offset.003"]={cf=cfr(0,0,0,-.735,-.055,.676,-.671,.205,-.713,-.1,-.977,-.188);es="Linear";ed="In";};["000-offset.006"]={cf=cfr(0,0,0,-.784,.529,-.325,-.534,-.307,.788,.317,.791,.523);es="Linear";ed="In";};["000-offset.004"]={cf=cfr(0,0,0,.911,-.413,0,.413,.911,0,0,0,1);es="Linear";ed="In";};["000-offset.007"]={cf=cfr(0,0,0,.95,-.311,0,.311,.95,0,0,0,1);es="Linear";ed="In";};};{tm=.17;["root"]={cf=cfr(.141,9.814,.31,0,0,1,0,1,0,-1,0,0);es="Linear";ed="In";};["000-offset"]={cf=cfr(0,0,0,-.096,-.995,0,.995,-.096,-.008,.008,0,1);es="Linear";ed="In";};["000-offset.009"]={cf=cfr(0,0,0,.251,-.952,.175,.888,.154,-.434,.386,.264,.884);es="Linear";ed="In";};["000-offset.012"]={cf=cfr(0,0,0,.028,-.896,-.443,.988,-.044,.15,-.154,-.442,.884);es="Linear";ed="In";};["000-offset.001"]={cf=cfr(0,0,0,.905,-.424,-.02,.424,.905,-.011,.023,.002,1);es="Linear";ed="In";};["000-offset.010"]={cf=cfr(0,0,0,.829,.56,0,-.56,.829,0,0,0,1);es="Linear";ed="In";};["000-offset.013"]={cf=cfr(0,0,0,.767,.641,0,-.641,.767,0,0,0,1);es="Linear";ed="In";};["000-offset.002"]={cf=cfr(0,0,0,.161,-.986,.043,.987,.161,-.007,0,.044,.999);es="Linear";ed="In";};["000-offset.014"]={cf=cfr(0,0,0,.074,-.997,-.005,.997,.074,-.019,.019,-.003,1);es="Linear";ed="In";};["000-offset.003"]={cf=cfr(0,0,0,-.735,-.058,.676,-.671,.203,-.713,-.096,-.978,-.188);es="Linear";ed="In";};["000-offset.006"]={cf=cfr(0,0,0,-.792,.517,-.325,-.529,-.316,.788,.305,.796,.523);es="Linear";ed="In";};["000-offset.004"]={cf=cfr(0,0,0,.905,-.425,0,.425,.905,0,0,0,1);es="Linear";ed="In";};["000-offset.007"]={cf=cfr(0,0,0,.946,-.323,0,.323,.946,0,0,0,1);es="Linear";ed="In";};};{tm=.213;["root"]={cf=cfr(.183,9.814,.296,0,0,1,0,1,0,-1,0,0);es="Linear";ed="In";};["000-offset"]={cf=cfr(0,0,0,-.101,-.995,.001,.995,-.101,-.011,.011,-.001,1);es="Linear";ed="In";};["000-offset.009"]={cf=cfr(0,0,0,.281,-.944,.171,.872,.177,-.456,.401,.277,.873);es="Linear";ed="In";};["000-offset.012"]={cf=cfr(0,0,0,.003,-.896,-.443,.992,-.054,.116,-.128,-.44,.889);es="Linear";ed="In";};["000-offset.001"]={cf=cfr(0,0,0,.909,-.415,-.029,.415,.91,-.016,.034,.003,.999);es="Linear";ed="In";};["000-offset.010"]={cf=cfr(0,0,0,.834,.552,0,-.552,.834,0,0,0,1);es="Linear";ed="In";};["000-offset.013"]={cf=cfr(0,0,0,.786,.619,0,-.619,.786,0,0,0,1);es="Linear";ed="In";};["000-offset.002"]={cf=cfr(0,0,0,.161,-.985,.065,.987,.161,-.011,0,.066,.998);es="Linear";ed="In";};["000-offset.014"]={cf=cfr(0,0,0,.135,-.991,-.005,.991,.135,-.019,.019,-.002,1);es="Linear";ed="In";};["000-offset.003"]={cf=cfr(0,0,0,-.735,-.061,.676,-.672,.199,-.713,-.091,-.978,-.188);es="Linear";ed="In";};["000-offset.006"]={cf=cfr(0,0,0,-.801,.503,-.325,-.524,-.325,.788,.291,.801,.524);es="Linear";ed="In";};["000-offset.004"]={cf=cfr(0,0,0,.899,-.438,0,.438,.899,0,0,0,1);es="Linear";ed="In";};["000-offset.007"]={cf=cfr(0,0,0,.942,-.336,0,.336,.942,0,0,0,1);es="Linear";ed="In";};};{tm=.255;["root"]={cf=cfr(.226,9.814,.268,0,0,1,0,1,0,-1,0,0);es="Linear";ed="In";};["000-offset"]={cf=cfr(0,0,0,-.105,-.994,.001,.994,-.105,-.015,.015,-.001,1);es="Linear";ed="In";};["000-offset.009"]={cf=cfr(0,0,0,.313,-.936,.165,.854,.201,-.48,.416,.291,.862);es="Linear";ed="In";};["000-offset.012"]={cf=cfr(0,0,0,-.022,-.897,-.441,.995,-.065,.081,-.101,-.437,.894);es="Linear";ed="In";};["000-offset.001"]={cf=cfr(0,0,0,.913,-.406,-.039,.405,.914,-.021,.045,.004,.999);es="Linear";ed="In";};["000-offset.010"]={cf=cfr(0,0,0,.839,.544,0,-.544,.839,0,0,0,1);es="Linear";ed="In";};["000-offset.013"]={cf=cfr(0,0,0,.803,.596,0,-.596,.803,0,0,0,1);es="Linear";ed="In";};["000-offset.002"]={cf=cfr(0,0,0,.161,-.983,.089,.987,.161,-.015,0,.09,.996);es="Linear";ed="In";};["000-offset.014"]={cf=cfr(0,0,0,.197,-.98,-.004,.98,.197,-.019,.019,-.001,1);es="Linear";ed="In";};["000-offset.003"]={cf=cfr(0,0,0,-.735,-.065,.675,-.673,.196,-.713,-.086,-.979,-.188);es="Linear";ed="In";};["000-offset.006"]={cf=cfr(0,0,0,-.81,.488,-.325,-.518,-.335,.788,.276,.806,.524);es="Linear";ed="In";};["000-offset.004"]={cf=cfr(0,0,0,.892,-.452,0,.452,.892,0,0,0,1);es="Linear";ed="In";};["000-offset.007"]={cf=cfr(0,0,0,.937,-.35,0,.35,.937,0,0,0,1);es="Linear";ed="In";};};{tm=.298;["root"]={cf=cfr(.268,9.814,.254,0,0,1,0,1,0,-1,0,0);es="Linear";ed="In";};["000-offset"]={cf=cfr(0,0,0,-.109,-.994,.001,.994,-.109,-.019,.019,-.001,1);es="Linear";ed="In";};["000-offset.009"]={cf=cfr(0,0,0,.342,-.926,.158,.835,.223,-.502,.43,.304,.85);es="Linear";ed="In";};["000-offset.012"]={cf=cfr(0,0,0,-.047,-.898,-.438,.996,-.075,.048,-.076,-.434,.898);es="Linear";ed="In";};["000-offset.001"]={cf=cfr(0,0,0,.917,-.397,-.05,.396,.918,-.026,.056,.004,.998);es="Linear";ed="In";};["000-offset.010"]={cf=cfr(0,0,0,.845,.535,0,-.535,.845,0,0,0,1);es="Linear";ed="In";};["000-offset.013"]={cf=cfr(0,0,0,.819,.574,0,-.574,.819,0,0,0,1);es="Linear";ed="In";};["000-offset.002"]={cf=cfr(0,0,0,.161,-.98,.116,.987,.16,-.019,0,.117,.993);es="Linear";ed="In";};["000-offset.014"]={cf=cfr(0,0,0,.255,-.967,-.005,.967,.255,-.019,.02,0,1);es="Linear";ed="In";};["000-offset.003"]={cf=cfr(0,0,0,-.735,-.07,.675,-.674,.191,-.714,-.079,-.979,-.188);es="Linear";ed="In";};["000-offset.006"]={cf=cfr(0,0,0,-.819,.473,-.325,-.511,-.344,.788,.261,.811,.524);es="Linear";ed="In";};["000-offset.004"]={cf=cfr(0,0,0,.884,-.467,0,.467,.884,0,0,0,1);es="Linear";ed="In";};["000-offset.007"]={cf=cfr(0,0,0,.931,-.364,0,.364,.931,0,0,0,1);es="Linear";ed="In";};};{tm=.34;["root"]={cf=cfr(.31,9.814,.226,0,0,1,0,1,0,-1,0,0);es="Linear";ed="In";};["000-offset"]={cf=cfr(0,0,0,-.113,-.994,.001,.993,-.113,-.022,.022,-.001,1);es="Linear";ed="In";};["000-offset.009"]={cf=cfr(0,0,0,.369,-.917,.15,.817,.243,-.523,.443,.315,.839);es="Linear";ed="In";};["000-offset.012"]={cf=cfr(0,0,0,-.068,-.898,-.434,.996,-.085,.019,-.053,-.431,.901);es="Linear";ed="In";};["000-offset.001"]={cf=cfr(0,0,0,.92,-.388,-.059,.387,.922,-.031,.066,.005,.998);es="Linear";ed="In";};["000-offset.010"]={cf=cfr(0,0,0,.85,.526,0,-.526,.85,0,0,0,1);es="Linear";ed="In";};["000-offset.013"]={cf=cfr(0,0,0,.832,.554,0,-.554,.832,0,0,0,1);es="Linear";ed="In";};["000-offset.002"]={cf=cfr(0,0,0,.161,-.976,.144,.987,.16,-.024,0,.146,.989);es="Linear";ed="In";};["000-offset.014"]={cf=cfr(0,0,0,.306,-.952,-.005,.952,.306,-.019,.02,.002,1);es="Linear";ed="In";};["000-offset.003"]={cf=cfr(0,0,0,-.734,-.074,.675,-.675,.187,-.714,-.073,-.98,-.188);es="Linear";ed="In";};["000-offset.006"]={cf=cfr(0,0,0,-.827,.459,-.325,-.505,-.353,.788,.247,.816,.523);es="Linear";ed="In";};["000-offset.004"]={cf=cfr(0,0,0,.876,-.482,0,.482,.876,0,0,0,1);es="Linear";ed="In";};["000-offset.007"]={cf=cfr(0,0,0,.926,-.377,0,.377,.926,0,0,0,1);es="Linear";ed="In";};};{tm=.382;["root"]={cf=cfr(.338,9.814,.211,0,0,1,0,1,0,-1,0,0);es="Linear";ed="In";};["000-offset"]={cf=cfr(0,0,0,-.115,-.993,.002,.993,-.115,-.025,.025,-.001,1);es="Linear";ed="In";};["000-offset.009"]={cf=cfr(0,0,0,.391,-.909,.142,.801,.26,-.54,.454,.325,.83);es="Linear";ed="In";};["000-offset.012"]={cf=cfr(0,0,0,-.085,-.898,-.431,.996,-.093,-.004,-.037,-.429,.902);es="Linear";ed="In";};["000-offset.001"]={cf=cfr(0,0,0,.922,-.381,-.068,.379,.925,-.034,.076,.006,.997);es="Linear";ed="In";};["000-offset.010"]={cf=cfr(0,0,0,.856,.517,0,-.517,.856,0,0,0,1);es="Linear";ed="In";};["000-offset.013"]={cf=cfr(0,0,0,.842,.54,0,-.54,.842,0,0,0,1);es="Linear";ed="In";};["000-offset.002"]={cf=cfr(0,0,0,.161,-.972,.173,.987,.159,-.028,0,.175,.984);es="Linear";ed="In";};["000-offset.014"]={cf=cfr(0,0,0,.345,-.939,-.005,.938,.345,-.019,.02,.002,1);es="Linear";ed="In";};["000-offset.003"]={cf=cfr(0,0,0,-.734,-.079,.675,-.676,.182,-.714,-.066,-.98,-.187);es="Linear";ed="In";};["000-offset.006"]={cf=cfr(0,0,0,-.834,.446,-.325,-.499,-.36,.788,.234,.819,.523);es="Linear";ed="In";};["000-offset.004"]={cf=cfr(0,0,0,.868,-.496,0,.496,.868,0,0,0,1);es="Linear";ed="In";};["000-offset.007"]={cf=cfr(0,0,0,.921,-.389,0,.389,.921,0,0,0,1);es="Linear";ed="In";};};{tm=.425;["root"]={cf=cfr(.367,9.814,.183,0,0,1,0,1,0,-1,0,0);es="Linear";ed="In";};["000-offset"]={cf=cfr(0,0,0,-.117,-.993,.002,.993,-.117,-.028,.028,-.001,1);es="Linear";ed="In";};["000-offset.009"]={cf=cfr(0,0,0,.407,-.903,.136,.788,.272,-.552,.462,.331,.823);es="Linear";ed="In";};["000-offset.012"]={cf=cfr(0,0,0,-.095,-.899,-.428,.995,-.098,-.017,-.027,-.428,.903);es="Linear";ed="In";};["000-offset.001"]={cf=cfr(0,0,0,.924,-.375,-.074,.373,.927,-.037,.083,.007,.997);es="Linear";ed="In";};["000-offset.010"]={cf=cfr(0,0,0,.861,.509,0,-.509,.861,0,0,0,1);es="Linear";ed="In";};["000-offset.013"]={cf=cfr(0,0,0,.846,.532,0,-.532,.846,0,0,0,1);es="Linear";ed="In";};["000-offset.002"]={cf=cfr(0,0,0,.161,-.966,.203,.987,.158,-.033,0,.205,.979);es="Linear";ed="In";};["000-offset.014"]={cf=cfr(0,0,0,.368,-.93,-.005,.93,.368,-.019,.02,.003,1);es="Linear";ed="In";};["000-offset.003"]={cf=cfr(0,0,0,-.733,-.084,.675,-.678,.178,-.714,-.06,-.98,-.187);es="Linear";ed="In";};["000-offset.006"]={cf=cfr(0,0,0,-.84,.435,-.325,-.495,-.366,.788,.224,.822,.523);es="Linear";ed="In";};["000-offset.004"]={cf=cfr(0,0,0,.861,-.509,0,.509,.861,0,0,0,1);es="Linear";ed="In";};["000-offset.007"]={cf=cfr(0,0,0,.918,-.398,0,.398,.918,0,0,0,1);es="Linear";ed="In";};};{tm=.468;["root"]={cf=cfr(.381,9.814,.169,0,0,1,0,1,0,-1,0,0);es="Linear";ed="In";};["000-offset"]={cf=cfr(0,0,0,-.117,-.993,.002,.993,-.117,-.029,.029,-.002,1);es="Linear";ed="In";};["000-offset.009"]={cf=cfr(0,0,0,.416,-.9,.132,.781,.279,-.558,.466,.335,.819);es="Linear";ed="In";};["000-offset.012"]={cf=cfr(0,0,0,-.098,-.898,-.428,.995,-.099,-.018,-.026,-.428,.904);es="Linear";ed="In";};["000-offset.001"]={cf=cfr(0,0,0,.925,-.372,-.079,.37,.928,-.039,.088,.007,.996);es="Linear";ed="In";};["000-offset.010"]={cf=cfr(0,0,0,.865,.501,0,-.501,.865,0,0,0,1);es="Linear";ed="In";};["000-offset.013"]={cf=cfr(0,0,0,.846,.534,0,-.534,.846,0,0,0,1);es="Linear";ed="In";};["000-offset.002"]={cf=cfr(0,0,0,.161,-.959,.231,.987,.157,-.038,0,.234,.972);es="Linear";ed="In";};["000-offset.014"]={cf=cfr(0,0,0,.372,-.928,-.005,.928,.372,-.019,.02,.003,1);es="Linear";ed="In";};["000-offset.003"]={cf=cfr(0,0,0,-.732,-.089,.675,-.679,.173,-.714,-.053,-.981,-.187);es="Linear";ed="In";};["000-offset.006"]={cf=cfr(0,0,0,-.843,.429,-.325,-.493,-.371,.787,.217,.824,.524);es="Linear";ed="In";};["000-offset.004"]={cf=cfr(0,0,0,.854,-.521,0,.521,.854,0,0,0,1);es="Linear";ed="In";};["000-offset.007"]={cf=cfr(0,0,0,.915,-.404,0,.404,.915,0,0,0,1);es="Linear";ed="In";};};{tm=.51;["root"]={cf=cfr(.395,9.814,.169,0,0,1,0,1,0,-1,0,0);es="Linear";ed="In";};["000-offset"]={cf=cfr(0,0,0,-.116,-.993,.002,.993,-.116,-.03,.03,-.002,1);es="Linear";ed="In";};["000-offset.009"]={cf=cfr(0,0,0,.416,-.9,.132,.782,.28,-.557,.464,.335,.82);es="Linear";ed="In";};["000-offset.012"]={cf=cfr(0,0,0,-.092,-.898,-.43,.995,-.098,-.009,-.034,-.429,.903);es="Linear";ed="In";};["000-offset.001"]={cf=cfr(0,0,0,.925,-.372,-.08,.37,.928,-.04,.09,.007,.996);es="Linear";ed="In";};["000-offset.010"]={cf=cfr(0,0,0,.869,.495,0,-.495,.869,0,0,0,1);es="Linear";ed="In";};["000-offset.013"]={cf=cfr(0,0,0,.84,.543,0,-.543,.84,0,0,0,1);es="Linear";ed="In";};["000-offset.002"]={cf=cfr(0,0,0,.161,-.952,.259,.987,.156,-.042,0,.262,.965);es="Linear";ed="In";};["000-offset.014"]={cf=cfr(0,0,0,.359,-.933,-.005,.933,.359,-.019,.02,.003,1);es="Linear";ed="In";};["000-offset.003"]={cf=cfr(0,0,0,-.732,-.094,.675,-.68,.168,-.714,-.046,-.981,-.187);es="Linear";ed="In";};["000-offset.006"]={cf=cfr(0,0,0,-.845,.427,-.324,-.49,-.374,.787,.215,.824,.525);es="Linear";ed="In";};["000-offset.004"]={cf=cfr(0,0,0,.848,-.529,0,.529,.848,0,0,0,1);es="Linear";ed="In";};["000-offset.007"]={cf=cfr(0,0,0,.914,-.406,0,.406,.914,0,0,0,1);es="Linear";ed="In";};};{tm=.553;["root"]={cf=cfr(.395,9.814,.155,0,0,1,0,1,0,-1,0,0);es="Linear";ed="In";};["000-offset"]={cf=cfr(0,0,0,-.111,-.994,.002,.993,-.111,-.03,.03,-.002,1);es="Linear";ed="In";};["000-offset.009"]={cf=cfr(0,0,0,.409,-.902,.135,.789,.276,-.549,.458,.331,.825);es="Linear";ed="In";};["000-offset.012"]={cf=cfr(0,0,0,-.082,-.898,-.433,.996,-.093,.005,-.045,-.431,.901);es="Linear";ed="In";};["000-offset.001"]={cf=cfr(0,0,0,.923,-.375,-.079,.373,.927,-.04,.089,.007,.996);es="Linear";ed="In";};["000-offset.010"]={cf=cfr(0,0,0,.872,.49,0,-.49,.872,0,0,0,1);es="Linear";ed="In";};["000-offset.013"]={cf=cfr(0,0,0,.83,.558,0,-.558,.83,0,0,0,1);es="Linear";ed="In";};["000-offset.002"]={cf=cfr(0,0,0,.161,-.945,.285,.987,.154,-.047,0,.289,.957);es="Linear";ed="In";};["000-offset.014"]={cf=cfr(0,0,0,.334,-.943,-.004,.942,.334,-.019,.02,.002,1);es="Linear";ed="In";};["000-offset.003"]={cf=cfr(0,0,0,-.731,-.099,.675,-.681,.163,-.714,-.039,-.982,-.187);es="Linear";ed="In";};["000-offset.006"]={cf=cfr(0,0,0,-.843,.429,-.325,-.493,-.372,.787,.217,.823,.525);es="Linear";ed="In";};["000-offset.004"]={cf=cfr(0,0,0,.844,-.537,0,.537,.844,0,0,0,1);es="Linear";ed="In";};["000-offset.007"]={cf=cfr(0,0,0,.915,-.404,0,.404,.915,0,0,0,1);es="Linear";ed="In";};};{tm=.595;["root"]={cf=cfr(.381,9.814,.155,0,0,1,0,1,0,-1,0,0);es="Linear";ed="In";};["000-offset"]={cf=cfr(0,0,0,-.104,-.995,.002,.994,-.104,-.029,.029,-.002,1);es="Linear";ed="In";};["000-offset.009"]={cf=cfr(0,0,0,.399,-.906,.139,.8,.27,-.535,.448,.325,.833);es="Linear";ed="In";};["000-offset.012"]={cf=cfr(0,0,0,-.067,-.897,-.437,.996,-.087,.025,-.061,-.434,.899);es="Linear";ed="In";};["000-offset.001"]={cf=cfr(0,0,0,.921,-.382,-.077,.38,.924,-.039,.086,.007,.996);es="Linear";ed="In";};["000-offset.010"]={cf=cfr(0,0,0,.873,.487,0,-.487,.873,0,0,0,1);es="Linear";ed="In";};["000-offset.013"]={cf=cfr(0,0,0,.817,.576,0,-.576,.817,0,0,0,1);es="Linear";ed="In";};["000-offset.002"]={cf=cfr(0,0,0,.161,-.938,.308,.987,.153,-.05,0,.312,.95);es="Linear";ed="In";};["000-offset.014"]={cf=cfr(0,0,0,.298,-.955,-.004,.954,.298,-.019,.019,.001,1);es="Linear";ed="In";};["000-offset.003"]={cf=cfr(0,0,0,-.73,-.105,.675,-.682,.158,-.714,-.032,-.982,-.187);es="Linear";ed="In";};["000-offset.006"]={cf=cfr(0,0,0,-.84,.434,-.325,-.495,-.369,.787,.222,.822,.525);es="Linear";ed="In";};["000-offset.004"]={cf=cfr(0,0,0,.84,-.543,0,.543,.84,0,0,0,1);es="Linear";ed="In";};["000-offset.007"]={cf=cfr(0,0,0,.917,-.399,0,.399,.917,0,0,0,1);es="Linear";ed="In";};};{tm=.637;["root"]={cf=cfr(.367,9.814,.155,0,0,1,0,1,0,-1,0,0);es="Linear";ed="In";};["000-offset"]={cf=cfr(0,0,0,-.095,-.996,.001,.995,-.095,-.028,.028,-.001,1);es="Linear";ed="In";};["000-offset.009"]={cf=cfr(0,0,0,.385,-.912,.145,.815,.262,-.517,.434,.317,.843);es="Linear";ed="In";};["000-offset.012"]={cf=cfr(0,0,0,-.05,-.896,-.441,.996,-.079,.049,-.079,-.437,.896);es="Linear";ed="In";};["000-offset.001"]={cf=cfr(0,0,0,.918,-.39,-.072,.388,.921,-.038,.081,.006,.997);es="Linear";ed="In";};["000-offset.010"]={cf=cfr(0,0,0,.873,.487,0,-.487,.873,0,0,0,1);es="Linear";ed="In";};["000-offset.013"]={cf=cfr(0,0,0,.801,.598,0,-.598,.801,0,0,0,1);es="Linear";ed="In";};["000-offset.002"]={cf=cfr(0,0,0,.161,-.931,.329,.987,.152,-.054,0,.333,.943);es="Linear";ed="In";};["000-offset.014"]={cf=cfr(0,0,0,.253,-.967,-.004,.967,.253,-.019,.019,.001,1);es="Linear";ed="In";};["000-offset.003"]={cf=cfr(0,0,0,-.729,-.111,.675,-.684,.152,-.714,-.023,-.982,-.187);es="Linear";ed="In";};["000-offset.006"]={cf=cfr(0,0,0,-.837,.441,-.324,-.497,-.364,.788,.229,.82,.524);es="Linear";ed="In";};["000-offset.004"]={cf=cfr(0,0,0,.836,-.549,0,.549,.836,0,0,0,1);es="Linear";ed="In";};["000-offset.007"]={cf=cfr(0,0,0,.92,-.392,0,.392,.92,0,0,0,1);es="Linear";ed="In";};};{tm=.68;["root"]={cf=cfr(.352,9.814,.155,0,0,1,0,1,0,-1,0,0);es="Linear";ed="In";};["000-offset"]={cf=cfr(0,0,0,-.084,-.996,.001,.996,-.084,-.027,.027,-.001,1);es="Linear";ed="In";};["000-offset.009"]={cf=cfr(0,0,0,.366,-.918,.151,.832,.251,-.495,.417,.307,.855);es="Linear";ed="In";};["000-offset.012"]={cf=cfr(0,0,0,-.029,-.895,-.445,.995,-.071,.077,-.101,-.44,.892);es="Linear";ed="In";};["000-offset.001"]={cf=cfr(0,0,0,.914,-.4,-.067,.399,.916,-.036,.076,.006,.997);es="Linear";ed="In";};["000-offset.010"]={cf=cfr(0,0,0,.872,.489,0,-.489,.872,0,0,0,1);es="Linear";ed="In";};["000-offset.013"]={cf=cfr(0,0,0,.783,.622,0,-.622,.783,0,0,0,1);es="Linear";ed="In";};["000-offset.002"]={cf=cfr(0,0,0,.161,-.925,.345,.987,.151,-.056,0,.35,.937);es="Linear";ed="In";};["000-offset.014"]={cf=cfr(0,0,0,.202,-.979,-.004,.979,.202,-.019,.019,0,1);es="Linear";ed="In";};["000-offset.003"]={cf=cfr(0,0,0,-.728,-.118,.675,-.685,.145,-.714,-.014,-.982,-.187);es="Linear";ed="In";};["000-offset.006"]={cf=cfr(0,0,0,-.832,.45,-.325,-.501,-.358,.788,.239,.818,.523);es="Linear";ed="In";};["000-offset.004"]={cf=cfr(0,0,0,.832,-.555,0,.555,.832,0,0,0,1);es="Linear";ed="In";};["000-offset.007"]={cf=cfr(0,0,0,.924,-.382,0,.382,.924,0,0,0,1);es="Linear";ed="In";};};{tm=.723;["root"]={cf=cfr(.338,9.814,.155,0,0,1,0,1,0,-1,0,0);es="Linear";ed="In";};["000-offset"]={cf=cfr(0,0,0,-.072,-.997,.001,.997,-.072,-.025,.025,-.001,1);es="Linear";ed="In";};["000-offset.009"]={cf=cfr(0,0,0,.344,-.926,.156,.85,.237,-.47,.398,.295,.869);es="Linear";ed="In";};["000-offset.012"]={cf=cfr(0,0,0,-.007,-.894,-.448,.992,-.062,.108,-.124,-.443,.888);es="Linear";ed="In";};["000-offset.001"]={cf=cfr(0,0,0,.909,-.412,-.061,.41,.911,-.033,.069,.006,.998);es="Linear";ed="In";};["000-offset.010"]={cf=cfr(0,0,0,.869,.495,0,-.495,.869,0,0,0,1);es="Linear";ed="In";};["000-offset.013"]={cf=cfr(0,0,0,.762,.648,0,-.648,.762,0,0,0,1);es="Linear";ed="In";};["000-offset.002"]={cf=cfr(0,0,0,.161,-.92,.358,.987,.15,-.059,0,.363,.932);es="Linear";ed="In";};["000-offset.014"]={cf=cfr(0,0,0,.145,-.989,-.004,.989,.145,-.018,.019,-.002,1);es="Linear";ed="In";};["000-offset.003"]={cf=cfr(0,0,0,-.727,-.125,.675,-.686,.139,-.714,-.004,-.982,-.187);es="Linear";ed="In";};["000-offset.006"]={cf=cfr(0,0,0,-.825,.462,-.325,-.506,-.351,.788,.25,.814,.524);es="Linear";ed="In";};["000-offset.004"]={cf=cfr(0,0,0,.828,-.561,0,.561,.828,0,0,0,1);es="Linear";ed="In";};["000-offset.007"]={cf=cfr(0,0,0,.929,-.371,0,.371,.929,0,0,0,1);es="Linear";ed="In";};};{tm=.765;["root"]={cf=cfr(.31,9.814,.155,0,0,1,0,1,0,-1,0,0);es="Linear";ed="In";};["000-offset"]={cf=cfr(0,0,0,-.06,-.998,0,.998,-.06,-.023,.023,-.001,1);es="Linear";ed="In";};["000-offset.009"]={cf=cfr(0,0,0,.318,-.934,.161,.87,.22,-.442,.377,.281,.882);es="Linear";ed="In";};["000-offset.012"]={cf=cfr(0,0,0,.016,-.893,-.449,.989,-.052,.14,-.149,-.447,.882);es="Linear";ed="In";};["000-offset.001"]={cf=cfr(0,0,0,.904,-.424,-.054,.423,.906,-.031,.062,.005,.998);es="Linear";ed="In";};["000-offset.010"]={cf=cfr(0,0,0,.864,.503,0,-.503,.864,0,0,0,1);es="Linear";ed="In";};["000-offset.013"]={cf=cfr(0,0,0,.739,.673,0,-.673,.739,0,0,0,1);es="Linear";ed="In";};["000-offset.002"]={cf=cfr(0,0,0,.161,-.916,.366,.987,.15,-.06,0,.371,.929);es="Linear";ed="In";};["000-offset.014"]={cf=cfr(0,0,0,.085,-.996,-.004,.996,.085,-.018,.019,-.003,1);es="Linear";ed="In";};["000-offset.003"]={cf=cfr(0,0,0,-.726,-.132,.675,-.688,.132,-.714,.005,-.982,-.186);es="Linear";ed="In";};["000-offset.006"]={cf=cfr(0,0,0,-.818,.475,-.325,-.512,-.343,.788,.262,.811,.524);es="Linear";ed="In";};["000-offset.004"]={cf=cfr(0,0,0,.825,-.565,0,.565,.825,0,0,0,1);es="Linear";ed="In";};["000-offset.007"]={cf=cfr(0,0,0,.933,-.359,0,.359,.933,0,0,0,1);es="Linear";ed="In";};};{tm=.808;["root"]={cf=cfr(.282,9.814,.155,0,0,1,0,1,0,-1,0,0);es="Linear";ed="In";};["000-offset"]={cf=cfr(0,0,0,-.048,-.999,0,.999,-.048,-.021,.021,-.001,1);es="Linear";ed="In";};["000-offset.009"]={cf=cfr(0,0,0,.288,-.943,.165,.889,.199,-.412,.356,.265,.896);es="Linear";ed="In";};["000-offset.012"]={cf=cfr(0,0,0,.04,-.892,-.45,.984,-.044,.174,-.175,-.449,.876);es="Linear";ed="In";};["000-offset.001"]={cf=cfr(0,0,0,.899,-.436,-.046,.435,.9,-.027,.053,.004,.999);es="Linear";ed="In";};["000-offset.010"]={cf=cfr(0,0,0,.857,.515,0,-.515,.857,0,0,0,1);es="Linear";ed="In";};["000-offset.013"]={cf=cfr(0,0,0,.715,.699,0,-.699,.715,0,0,0,1);es="Linear";ed="In";};["000-offset.002"]={cf=cfr(0,0,0,.161,-.915,.369,.987,.15,-.06,0,.374,.927);es="Linear";ed="In";};["000-offset.014"]={cf=cfr(0,0,0,.024,-1,-.004,1,.024,-.018,.018,-.004,1);es="Linear";ed="In";};["000-offset.003"]={cf=cfr(0,0,0,-.725,-.139,.675,-.689,.125,-.714,.015,-.982,-.186);es="Linear";ed="In";};["000-offset.006"]={cf=cfr(0,0,0,-.811,.487,-.325,-.517,-.335,.787,.275,.806,.524);es="Linear";ed="In";};["000-offset.004"]={cf=cfr(0,0,0,.822,-.57,0,.57,.822,0,0,0,1);es="Linear";ed="In";};["000-offset.007"]={cf=cfr(0,0,0,.938,-.346,0,.346,.938,0,0,0,1);es="Linear";ed="In";};};{tm=.85;["root"]={cf=cfr(.268,9.814,.155,0,0,1,0,1,0,-1,0,0);es="Linear";ed="In";};["000-offset"]={cf=cfr(0,0,0,-.038,-.999,0,.999,-.038,-.018,.018,-.001,1);es="Linear";ed="In";};["000-offset.009"]={cf=cfr(0,0,0,.254,-.953,.167,.908,.175,-.381,.334,.248,.909);es="Linear";ed="In";};["000-offset.012"]={cf=cfr(0,0,0,.063,-.892,-.448,.978,-.036,.207,-.201,-.451,.869);es="Linear";ed="In";};["000-offset.001"]={cf=cfr(0,0,0,.893,-.448,-.038,.448,.894,-.023,.045,.004,.999);es="Linear";ed="In";};["000-offset.010"]={cf=cfr(0,0,0,.847,.531,0,-.531,.847,0,0,0,1);es="Linear";ed="In";};["000-offset.013"]={cf=cfr(0,0,0,.69,.724,0,-.724,.69,0,0,0,1);es="Linear";ed="In";};["000-offset.002"]={cf=cfr(0,0,0,.161,-.917,.366,.987,.15,-.06,0,.371,.929);es="Linear";ed="In";};["000-offset.014"]={cf=cfr(0,0,0,-.036,-.999,-.005,.999,-.036,-.018,.018,-.005,1);es="Linear";ed="In";};["000-offset.003"]={cf=cfr(0,0,0,-.724,-.145,.675,-.69,.119,-.714,.024,-.982,-.186);es="Linear";ed="In";};["000-offset.006"]={cf=cfr(0,0,0,-.803,.5,-.325,-.522,-.327,.788,.288,.802,.524);es="Linear";ed="In";};["000-offset.004"]={cf=cfr(0,0,0,.819,-.574,0,.574,.819,0,0,0,1);es="Linear";ed="In";};["000-offset.007"]={cf=cfr(0,0,0,.943,-.334,0,.334,.943,0,0,0,1);es="Linear";ed="In";};};{tm=.892;["root"]={cf=cfr(.226,9.814,.155,0,0,1,0,1,0,-1,0,0);es="Linear";ed="In";};["000-offset"]={cf=cfr(0,0,0,-.028,-1,0,.999,-.028,-.014,.014,-.001,1);es="Linear";ed="In";};["000-offset.009"]={cf=cfr(0,0,0,.218,-.962,.166,.925,.148,-.351,.313,.23,.921);es="Linear";ed="In";};["000-offset.012"]={cf=cfr(0,0,0,.084,-.891,-.446,.97,-.029,.24,-.227,-.453,.862);es="Linear";ed="In";};["000-offset.001"]={cf=cfr(0,0,0,.888,-.46,-.031,.459,.888,-.019,.036,.003,.999);es="Linear";ed="In";};["000-offset.010"]={cf=cfr(0,0,0,.834,.551,0,-.551,.834,0,0,0,1);es="Linear";ed="In";};["000-offset.013"]={cf=cfr(0,0,0,.665,.747,0,-.747,.665,0,0,0,1);es="Linear";ed="In";};["000-offset.002"]={cf=cfr(0,0,0,.161,-.921,.355,.987,.15,-.058,0,.36,.933);es="Linear";ed="In";};["000-offset.014"]={cf=cfr(0,0,0,-.093,-.996,-.005,.996,-.093,-.019,.018,-.006,1);es="Linear";ed="In";};["000-offset.003"]={cf=cfr(0,0,0,-.722,-.152,.675,-.691,.112,-.714,.032,-.982,-.186);es="Linear";ed="In";};["000-offset.006"]={cf=cfr(0,0,0,-.795,.512,-.325,-.527,-.319,.788,.3,.797,.524);es="Linear";ed="In";};["000-offset.004"]={cf=cfr(0,0,0,.816,-.578,0,.578,.816,0,0,0,1);es="Linear";ed="In";};["000-offset.007"]={cf=cfr(0,0,0,.947,-.322,0,.322,.947,0,0,0,1);es="Linear";ed="In";};};{tm=.935;["root"]={cf=cfr(.197,9.814,.155,0,0,1,0,1,0,-1,0,0);es="Linear";ed="In";};["000-offset"]={cf=cfr(0,0,0,-.021,-1,0,1,-.021,-.01,.01,0,1);es="Linear";ed="In";};["000-offset.009"]={cf=cfr(0,0,0,.178,-.97,.164,.939,.118,-.322,.293,.211,.932);es="Linear";ed="In";};["000-offset.012"]={cf=cfr(0,0,0,.103,-.891,-.442,.962,-.023,.271,-.252,-.453,.855);es="Linear";ed="In";};["000-offset.001"]={cf=cfr(0,0,0,.882,-.47,-.023,.47,.883,-.015,.028,.002,1);es="Linear";ed="In";};["000-offset.010"]={cf=cfr(0,0,0,.818,.576,0,-.576,.818,0,0,0,1);es="Linear";ed="In";};["000-offset.013"]={cf=cfr(0,0,0,.641,.767,0,-.767,.641,0,0,0,1);es="Linear";ed="In";};["000-offset.002"]={cf=cfr(0,0,0,.161,-.928,.337,.987,.152,-.055,0,.341,.94);es="Linear";ed="In";};["000-offset.014"]={cf=cfr(0,0,0,-.144,-.99,-.005,.989,-.144,-.019,.018,-.007,1);es="Linear";ed="In";};["000-offset.003"]={cf=cfr(0,0,0,-.721,-.157,.675,-.692,.107,-.714,.04,-.982,-.186);es="Linear";ed="In";};["000-offset.006"]={cf=cfr(0,0,0,-.788,.523,-.325,-.531,-.311,.788,.311,.793,.523);es="Linear";ed="In";};["000-offset.004"]={cf=cfr(0,0,0,.813,-.582,0,.582,.813,0,0,0,1);es="Linear";ed="In";};["000-offset.007"]={cf=cfr(0,0,0,.95,-.311,0,.311,.95,0,0,0,1);es="Linear";ed="In";};};{tm=.978;["root"]={cf=cfr(.169,9.814,.169,0,0,1,0,1,0,-1,0,0);es="Linear";ed="In";};["000-offset"]={cf=cfr(0,0,0,-.017,-1,0,1,-.017,-.005,.005,0,1);es="Linear";ed="In";};["000-offset.009"]={cf=cfr(0,0,0,.137,-.978,.16,.952,.085,-.295,.275,.192,.942);es="Linear";ed="In";};["000-offset.012"]={cf=cfr(0,0,0,.119,-.891,-.437,.954,-.02,.3,-.276,-.453,.848);es="Linear";ed="In";};["000-offset.001"]={cf=cfr(0,0,0,.878,-.478,-.016,.478,.878,-.011,.02,.002,1);es="Linear";ed="In";};["000-offset.010"]={cf=cfr(0,0,0,.792,.61,0,-.61,.792,0,0,0,1);es="Linear";ed="In";};["000-offset.013"]={cf=cfr(0,0,0,.619,.786,0,-.786,.619,0,0,0,1);es="Linear";ed="In";};["000-offset.002"]={cf=cfr(0,0,0,.161,-.937,.31,.987,.153,-.051,0,.315,.949);es="Linear";ed="In";};["000-offset.014"]={cf=cfr(0,0,0,-.188,-.982,-.005,.982,-.188,-.019,.018,-.008,1);es="Linear";ed="In";};["000-offset.003"]={cf=cfr(0,0,0,-.72,-.162,.675,-.692,.101,-.714,.048,-.981,-.185);es="Linear";ed="In";};["000-offset.006"]={cf=cfr(0,0,0,-.782,.533,-.325,-.535,-.305,.788,.321,.79,.523);es="Linear";ed="In";};["000-offset.004"]={cf=cfr(0,0,0,.811,-.586,0,.586,.811,0,0,0,1);es="Linear";ed="In";};["000-offset.007"]={cf=cfr(0,0,0,.953,-.303,0,.303,.953,0,0,0,1);es="Linear";ed="In";};};{tm=1.02;["root"]={cf=cfr(.127,9.814,.169,0,0,1,0,1,0,-1,0,0);es="Linear";ed="In";};["000-offset"]={cf=cfr(0,0,0,-.016,-1,0,1,-.016,0,0,0,1);es="Linear";ed="In";};["000-offset.009"]={cf=cfr(0,0,0,.095,-.984,.154,.961,.05,-.272,.26,.174,.95);es="Linear";ed="In";};["000-offset.012"]={cf=cfr(0,0,0,.131,-.892,-.432,.946,-.018,.325,-.297,-.451,.841);es="Linear";ed="In";};["000-offset.001"]={cf=cfr(0,0,0,.875,-.485,-.01,.484,.875,-.007,.012,.001,1);es="Linear";ed="In";};["000-offset.010"]={cf=cfr(0,0,0,.752,.659,0,-.659,.752,0,0,0,1);es="Linear";ed="In";};["000-offset.013"]={cf=cfr(0,0,0,.599,.801,0,-.801,.599,0,0,0,1);es="Linear";ed="In";};["000-offset.002"]={cf=cfr(0,0,0,.161,-.947,.278,.987,.155,-.045,0,.281,.96);es="Linear";ed="In";};["000-offset.014"]={cf=cfr(0,0,0,-.222,-.975,-.005,.975,-.222,-.019,.018,-.009,1);es="Linear";ed="In";};["000-offset.003"]={cf=cfr(0,0,0,-.719,-.167,.675,-.693,.097,-.714,.054,-.981,-.185);es="Linear";ed="In";};["000-offset.006"]={cf=cfr(0,0,0,-.776,.54,-.325,-.538,-.299,.788,.328,.787,.523);es="Linear";ed="In";};["000-offset.004"]={cf=cfr(0,0,0,.808,-.589,0,.589,.808,0,0,0,1);es="Linear";ed="In";};["000-offset.007"]={cf=cfr(0,0,0,.955,-.296,0,.296,.955,0,0,0,1);es="Linear";ed="In";};};{tm=1.063;["root"]={cf=cfr(.099,9.814,.183,0,0,1,0,1,0,-1,0,0);es="Linear";ed="In";};["000-offset"]={cf=cfr(0,0,0,-.019,-1,0,1,-.019,.007,-.007,0,1);es="Linear";ed="In";};["000-offset.009"]={cf=cfr(0,0,0,.052,-.988,.147,.967,.013,-.254,.249,.156,.956);es="Linear";ed="In";};["000-offset.012"]={cf=cfr(0,0,0,.14,-.894,-.427,.938,-.018,.346,-.317,-.449,.836);es="Linear";ed="In";};["000-offset.001"]={cf=cfr(0,0,0,.873,-.488,-.005,.488,.873,-.003,.005,0,1);es="Linear";ed="In";};["000-offset.010"]={cf=cfr(0,0,0,.697,.717,0,-.717,.697,0,0,0,1);es="Linear";ed="In";};["000-offset.013"]={cf=cfr(0,0,0,.583,.813,0,-.813,.583,0,0,0,1);es="Linear";ed="In";};["000-offset.002"]={cf=cfr(0,0,0,.161,-.957,.239,.987,.156,-.039,0,.243,.97);es="Linear";ed="In";};["000-offset.014"]={cf=cfr(0,0,0,-.245,-.969,-.005,.969,-.245,-.019,.018,-.009,1);es="Linear";ed="In";};["000-offset.003"]={cf=cfr(0,0,0,-.718,-.17,.675,-.694,.093,-.714,.058,-.981,-.185);es="Linear";ed="In";};["000-offset.006"]={cf=cfr(0,0,0,-.774,.544,-.325,-.539,-.295,.789,.334,.785,.522);es="Linear";ed="In";};["000-offset.004"]={cf=cfr(0,0,0,.806,-.592,0,.592,.806,0,0,0,1);es="Linear";ed="In";};["000-offset.007"]={cf=cfr(0,0,0,.956,-.293,0,.293,.956,0,0,0,1);es="Linear";ed="In";};};{tm=1.105;["root"]={cf=cfr(.056,9.814,.183,0,0,1,0,1,0,-1,0,0);es="Linear";ed="In";};["000-offset"]={cf=cfr(0,0,0,-.027,-1,0,1,-.027,.016,-.016,.001,1);es="Linear";ed="In";};["000-offset.009"]={cf=cfr(0,0,0,.009,-.99,.141,.97,-.025,-.241,.242,.139,.96);es="Linear";ed="In";};["000-offset.012"]={cf=cfr(0,0,0,.144,-.895,-.423,.932,-.022,.362,-.333,-.446,.831);es="Linear";ed="In";};["000-offset.001"]={cf=cfr(0,0,0,.872,-.489,0,.489,.872,0,0,0,1);es="Linear";ed="In";};["000-offset.010"]={cf=cfr(0,0,0,.628,.778,0,-.778,.628,0,0,0,1);es="Linear";ed="In";};["000-offset.013"]={cf=cfr(0,0,0,.571,.821,0,-.821,.571,0,0,0,1);es="Linear";ed="In";};["000-offset.002"]={cf=cfr(0,0,0,.161,-.967,.197,.987,.158,-.032,0,.199,.98);es="Linear";ed="In";};["000-offset.014"]={cf=cfr(0,0,0,-.256,-.967,-.005,.967,-.255,-.019,.017,-.01,1);es="Linear";ed="In";};["000-offset.003"]={cf=cfr(0,0,0,-.718,-.172,.675,-.694,.091,-.715,.061,-.981,-.185);es="Linear";ed="In";};["000-offset.006"]={cf=cfr(0,0,0,-.772,.546,-.326,-.54,-.292,.789,.336,.785,.521);es="Linear";ed="In";};["000-offset.004"]={cf=cfr(0,0,0,.803,-.595,0,.595,.803,0,0,0,1);es="Linear";ed="In";};["000-offset.007"]={cf=cfr(0,0,0,.956,-.293,0,.293,.956,0,0,0,1);es="Linear";ed="In";};};{tm=1.148;["root"]={cf=cfr(.014,9.814,.197,0,0,1,0,1,0,-1,0,0);es="Linear";ed="In";};["000-offset"]={cf=cfr(0,0,0,-.038,-.999,0,.999,-.038,.026,-.026,.001,1);es="Linear";ed="In";};["000-offset.009"]={cf=cfr(0,0,0,-.038,-.99,.134,.97,-.069,-.232,.239,.122,.963);es="Linear";ed="In";};["000-offset.012"]={cf=cfr(0,0,0,.142,-.897,-.42,.927,-.029,.375,-.349,-.442,.827);es="Linear";ed="In";};["000-offset.001"]={cf=cfr(0,0,0,.874,-.486,.004,.486,.874,.003,-.005,0,1);es="Linear";ed="In";};["000-offset.010"]={cf=cfr(0,0,0,.546,.838,0,-.838,.546,0,0,0,1);es="Linear";ed="In";};["000-offset.013"]={cf=cfr(0,0,0,.567,.824,0,-.824,.567,0,0,0,1);es="Linear";ed="In";};["000-offset.002"]={cf=cfr(0,0,0,.161,-.975,.15,.987,.159,-.025,0,.152,.988);es="Linear";ed="In";};["000-offset.014"]={cf=cfr(0,0,0,-.254,-.967,-.005,.967,-.254,-.019,.018,-.01,1);es="Linear";ed="In";};["000-offset.003"]={cf=cfr(0,0,0,-.718,-.173,.674,-.693,.09,-.715,.063,-.981,-.185);es="Linear";ed="In";};["000-offset.006"]={cf=cfr(0,0,0,-.773,.544,-.325,-.539,-.294,.789,.334,.786,.521);es="Linear";ed="In";};["000-offset.004"]={cf=cfr(0,0,0,.801,-.599,0,.599,.801,0,0,0,1);es="Linear";ed="In";};["000-offset.007"]={cf=cfr(0,0,0,.954,-.299,0,.299,.954,0,0,0,1);es="Linear";ed="In";};};{tm=1.19;["root"]={cf=cfr(-.028,9.814,.226,0,0,1,0,1,0,-1,0,0);es="Linear";ed="In";};["000-offset"]={cf=cfr(0,0,0,-.051,-.999,0,.998,-.051,.038,-.038,.002,.999);es="Linear";ed="In";};["000-offset.009"]={cf=cfr(0,0,0,-.094,-.987,.128,.966,-.121,-.227,.24,.102,.965);es="Linear";ed="In";};["000-offset.012"]={cf=cfr(0,0,0,.14,-.899,-.415,.921,-.036,.388,-.364,-.437,.823);es="Linear";ed="In";};["000-offset.001"]={cf=cfr(0,0,0,.878,-.478,.008,.478,.879,.005,-.009,-.001,1);es="Linear";ed="In";};["000-offset.010"]={cf=cfr(0,0,0,.452,.892,0,-.892,.452,0,0,0,1);es="Linear";ed="In";};["000-offset.013"]={cf=cfr(0,0,0,.574,.819,0,-.819,.574,0,0,0,1);es="Linear";ed="In";};["000-offset.002"]={cf=cfr(0,0,0,.161,-.982,.102,.987,.16,-.017,0,.103,.995);es="Linear";ed="In";};["000-offset.014"]={cf=cfr(0,0,0,-.245,-.97,-.005,.969,-.244,-.019,.018,-.009,1);es="Linear";ed="In";};["000-offset.003"]={cf=cfr(0,0,0,-.718,-.173,.674,-.693,.09,-.715,.063,-.981,-.185);es="Linear";ed="In";};["000-offset.006"]={cf=cfr(0,0,0,-.776,.54,-.326,-.538,-.298,.789,.329,.787,.522);es="Linear";ed="In";};["000-offset.004"]={cf=cfr(0,0,0,.798,-.603,0,.603,.798,0,0,0,1);es="Linear";ed="In";};["000-offset.007"]={cf=cfr(0,0,0,.951,-.31,0,.31,.951,0,0,0,1);es="Linear";ed="In";};};{tm=1.232;["root"]={cf=cfr(-.085,9.814,.254,0,0,1,0,1,0,-1,0,0);es="Linear";ed="In";};["000-offset"]={cf=cfr(0,0,0,-.066,-.998,-.001,.997,-.066,.05,-.05,.002,.999);es="Linear";ed="In";};["000-offset.009"]={cf=cfr(0,0,0,-.156,-.98,.121,.957,-.181,-.226,.243,.081,.967);es="Linear";ed="In";};["000-offset.012"]={cf=cfr(0,0,0,.134,-.901,-.412,.915,-.047,.4,-.38,-.43,.819);es="Linear";ed="In";};["000-offset.001"]={cf=cfr(0,0,0,.885,-.466,.012,.466,.885,.008,-.014,-.001,1);es="Linear";ed="In";};["000-offset.010"]={cf=cfr(0,0,0,.35,.937,0,-.937,.35,0,0,0,1);es="Linear";ed="In";};["000-offset.013"]={cf=cfr(0,0,0,.587,.809,0,-.809,.587,0,0,0,1);es="Linear";ed="In";};["000-offset.002"]={cf=cfr(0,0,0,.161,-.986,.052,.987,.161,-.009,0,.053,.999);es="Linear";ed="In";};["000-offset.014"]={cf=cfr(0,0,0,-.227,-.974,-.005,.974,-.227,-.019,.018,-.009,1);es="Linear";ed="In";};["000-offset.003"]={cf=cfr(0,0,0,-.718,-.17,.674,-.693,.089,-.716,.062,-.981,-.182);es="Linear";ed="In";};["000-offset.006"]={cf=cfr(0,0,0,-.782,.532,-.325,-.535,-.305,.788,.32,.79,.523);es="Linear";ed="In";};["000-offset.004"]={cf=cfr(0,0,0,.795,-.607,0,.607,.795,0,0,0,1);es="Linear";ed="In";};["000-offset.007"]={cf=cfr(0,0,0,.946,-.324,0,.324,.946,0,0,0,1);es="Linear";ed="In";};};{tm=1.275;["root"]={cf=cfr(-.155,9.814,.282,0,0,1,0,1,0,-1,0,0);es="Linear";ed="In";};["000-offset"]={cf=cfr(0,0,0,-.081,-.997,-.002,.995,-.081,.062,-.062,.003,.998);es="Linear";ed="In";};["000-offset.009"]={cf=cfr(0,0,0,-.222,-.968,.116,.943,-.244,-.229,.25,.059,.967);es="Linear";ed="In";};["000-offset.012"]={cf=cfr(0,0,0,.126,-.904,-.408,.91,-.059,.411,-.396,-.423,.815);es="Linear";ed="In";};["000-offset.001"]={cf=cfr(0,0,0,.892,-.452,.015,.452,.892,.01,-.018,-.002,1);es="Linear";ed="In";};["000-offset.010"]={cf=cfr(0,0,0,.244,.97,0,-.97,.244,0,0,0,1);es="Linear";ed="In";};["000-offset.013"]={cf=cfr(0,0,0,.605,.796,0,-.796,.605,0,0,0,1);es="Linear";ed="In";};["000-offset.002"]={cf=cfr(0,0,0,.161,-.987,.002,.987,.161,0,0,.002,1);es="Linear";ed="In";};["000-offset.014"]={cf=cfr(0,0,0,-.204,-.979,-.005,.979,-.204,-.019,.018,-.009,1);es="Linear";ed="In";};["000-offset.003"]={cf=cfr(0,0,0,-.719,-.166,.675,-.693,.088,-.716,.059,-.982,-.179);es="Linear";ed="In";};["000-offset.006"]={cf=cfr(0,0,0,-.789,.521,-.325,-.531,-.312,.788,.309,.794,.523);es="Linear";ed="In";};["000-offset.004"]={cf=cfr(0,0,0,.791,-.611,0,.611,.791,0,0,0,1);es="Linear";ed="In";};["000-offset.007"]={cf=cfr(0,0,0,.94,-.342,0,.342,.94,0,0,0,1);es="Linear";ed="In";};};{tm=1.317;["root"]={cf=cfr(-.226,9.814,.31,0,0,1,0,1,0,-1,0,0);es="Linear";ed="In";};["000-offset"]={cf=cfr(0,0,0,-.096,-.995,-.004,.993,-.096,.073,-.073,.003,.997);es="Linear";ed="In";};["000-offset.009"]={cf=cfr(0,0,0,-.289,-.951,.113,.922,-.308,-.234,.258,.036,.966);es="Linear";ed="In";};["000-offset.012"]={cf=cfr(0,0,0,.116,-.907,-.406,.904,-.073,.422,-.412,-.415,.811);es="Linear";ed="In";};["000-offset.001"]={cf=cfr(0,0,0,.9,-.436,.019,.436,.9,.012,-.022,-.002,1);es="Linear";ed="In";};["000-offset.010"]={cf=cfr(0,0,0,.14,.99,0,-.99,.14,0,0,0,1);es="Linear";ed="In";};["000-offset.013"]={cf=cfr(0,0,0,.625,.781,0,-.781,.625,