local cfr = CFrame.new

return {{tm=0;["RootNode"]={cf=cfr(0,0,0,-1,0,0,0,1,0,0,0,-1);es="Linear";ed="In";};["root"]={cf=cfr(.973,2.665,0,0,0,1,0,1,0,-1,0,0);es="Linear";ed="In";};["000-offset"]={cf=cfr(0,0,0,.388,.904,-.18,-.921,.387,-.041,.033,.182,.983);es="Linear";ed="In";};["004-offset.001"]={cf=cfr(0,0,0,-.015,-1,0,1,-.015,0,0,0,1);es="Linear";ed="In";};["006-offset"]={cf=cfr(0,0,0,-.015,-1,0,1,-.015,0,0,0,1);es="Linear";ed="In";};["000-offset.009"]={cf=cfr(0,0,0,.314,-.841,.441,.947,.249,-.2,.058,.481,.875);es="Linear";ed="In";};["000-offset.012"]={cf=cfr(0,0,0,-.209,-.886,-.413,.948,-.287,.136,-.239,-.363,.9);es="Linear";ed="In";};["000-offset.001"]={cf=cfr(0,0,0,.897,.031,.442,.128,.937,-.326,-.424,.349,.836);es="Linear";ed="In";};["000-offset.010"]={cf=cfr(0,0,0,.896,.444,0,-.444,.896,0,0,0,1);es="Linear";ed="In";};["000-offset.013"]={cf=cfr(0,0,0,-.043,.999,0,-.999,-.043,0,0,0,1);es="Linear";ed="In";};["004-offset"]={cf=cfr(0,0,0,.035,-.999,0,.999,.035,0,0,0,1);es="Linear";ed="In";};["002-offset"]={cf=cfr(0,0,0,.035,-.999,0,.999,.035,0,0,0,1);es="Linear";ed="In";};["000-offset.002"]={cf=cfr(0,0,0,.812,.554,.186,-.583,.788,.197,-.037,-.268,.963);es="Linear";ed="In";};["000-offset.011"]={cf=cfr(0,0,0,.675,-.738,-.021,.738,.675,-.018,.028,-.003,1);es="Linear";ed="In";};["000-offset.014"]={cf=cfr(0,0,0,.27,-.963,.013,.961,.27,.056,-.058,-.003,.998);es="Linear";ed="In";};["000-offset.006"]={cf=cfr(0,0,0,.384,-.893,-.236,.545,.013,.838,-.745,-.451,.491);es="Linear";ed="In";};["000-offset.003"]={cf=cfr(0,0,0,.031,-.233,.972,-.567,-.805,-.175,.823,-.545,-.157);es="Linear";ed="In";};["000-offset.007"]={cf=cfr(0,0,0,.986,-.169,0,.169,.986,0,0,0,1);es="Linear";ed="In";};["000-offset.004"]={cf=cfr(0,0,0,.929,-.371,0,.371,.929,0,0,0,1);es="Linear";ed="In";};["000-offset.008"]={cf=cfr(0,0,0,.979,-.201,-.026,.196,.908,.37,-.051,-.367,.929);es="Linear";ed="In";};["000-offset.005"]={cf=cfr(0,0,0,.916,-.374,-.143,.368,.927,-.07,.159,.011,.987);es="Linear";ed="In";};};{tm=.043;["000-offset"]={cf=cfr(0,0,0,.389,.903,-.18,-.92,.388,-.043,.032,.183,.983);es="Linear";ed="In";};["000-offset.001"]={cf=cfr(0,0,0,.897,.032,.44,.127,.937,-.326,-.423,.348,.837);es="Linear";ed="In";};["000-offset.013"]={cf=cfr(0,0,0,-.044,.999,0,-.999,-.044,0,0,0,1);es="Linear";ed="In";};["000-offset.010"]={cf=cfr(0,0,0,.894,.448,0,-.448,.894,0,0,0,1);es="Linear";ed="In";};["000-offset.002"]={cf=cfr(0,0,0,.812,.554,.184,-.583,.789,.195,-.037,-.266,.963);es="Linear";ed="In";};["000-offset.003"]={cf=cfr(0,0,0,.029,-.233,.972,-.566,-.805,-.176,.824,-.545,-.155);es="Linear";ed="In";};["000-offset.006"]={cf=cfr(0,0,0,.386,-.892,-.235,.543,.013,.84,-.746,-.452,.49);es="Linear";ed="In";};["000-offset.007"]={cf=cfr(0,0,0,.985,-.17,0,.17,.985,0,0,0,1);es="Linear";ed="In";};};{tm=.085;["000-offset"]={cf=cfr(0,0,0,.394,.901,-.18,-.919,.392,-.047,.029,.184,.982);es="Linear";ed="In";};["000-offset.001"]={cf=cfr(0,0,0,.899,.035,.437,.123,.937,-.327,-.42,.347,.838);es="Linear";ed="In";};["000-offset.013"]={cf=cfr(0,0,0,-.046,.999,0,-.999,-.046,0,0,0,1);es="Linear";ed="In";};["000-offset.010"]={cf=cfr(0,0,0,.889,.458,0,-.458,.889,0,0,0,1);es="Linear";ed="In";};["000-offset.002"]={cf=cfr(0,0,0,.812,.555,.18,-.583,.79,.19,-.037,-.259,.965);es="Linear";ed="In";};["000-offset.003"]={cf=cfr(0,0,0,.023,-.233,.972,-.563,-.807,-.18,.826,-.543,-.15);es="Linear";ed="In";};["000-offset.006"]={cf=cfr(0,0,0,.389,-.891,-.233,.538,.015,.843,-.747,-.454,.485);es="Linear";ed="In";};["000-offset.007"]={cf=cfr(0,0,0,.985,-.174,0,.174,.985,0,0,0,1);es="Linear";ed="In";};};{tm=.127;["000-offset"]={cf=cfr(0,0,0,.401,.898,-.18,-.916,.398,-.053,.024,.186,.982);es="Linear";ed="In";};["000-offset.001"]={cf=cfr(0,0,0,.902,.039,.431,.117,.937,-.328,-.416,.346,.841);es="Linear";ed="In";};["000-offset.013"]={cf=cfr(0,0,0,-.05,.999,0,-.999,-.05,0,0,0,1);es="Linear";ed="In";};["000-offset.010"]={cf=cfr(0,0,0,.88,.474,0,-.474,.88,0,0,0,1);es="Linear";ed="In";};["000-offset.002"]={cf=cfr(0,0,0,.812,.557,.174,-.583,.792,.182,-.037,-.249,.968);es="Linear";ed="In";};["000-offset.003"]={cf=cfr(0,0,0,.014,-.233,.972,-.558,-.809,-.186,.829,-.54,-.142);es="Linear";ed="In";};["000-offset.006"]={cf=cfr(0,0,0,.395,-.889,-.23,.531,.017,.847,-.749,-.457,.479);es="Linear";ed="In";};["000-offset.007"]={cf=cfr(0,0,0,.984,-.179,0,.179,.984,0,0,0,1);es="Linear";ed="In";};};{tm=.17;["000-offset"]={cf=cfr(0,0,0,.41,.894,-.18,-.912,.406,-.061,.019,.189,.982);es="Linear";ed="In";};["000-offset.001"]={cf=cfr(0,0,0,.905,.043,.424,.109,.938,-.329,-.412,.344,.844);es="Linear";ed="In";};["000-offset.013"]={cf=cfr(0,0,0,-.055,.998,0,-.998,-.055,0,0,0,1);es="Linear";ed="In";};["000-offset.010"]={cf=cfr(0,0,0,.869,.494,0,-.494,.869,0,0,0,1);es="Linear";ed="In";};["000-offset.002"]={cf=cfr(0,0,0,.812,.559,.167,-.583,.795,.171,-.037,-.236,.971);es="Linear";ed="In";};["000-offset.003"]={cf=cfr(0,0,0,.003,-.233,.972,-.553,-.811,-.192,.833,-.537,-.131);es="Linear";ed="In";};["000-offset.006"]={cf=cfr(0,0,0,.402,-.887,-.227,.523,.019,.852,-.752,-.461,.472);es="Linear";ed="In";};["000-offset.007"]={cf=cfr(0,0,0,.982,-.186,0,.186,.982,0,0,0,1);es="Linear";ed="In";};};{tm=.213;["000-offset"]={cf=cfr(0,0,0,.419,.89,-.18,-.908,.414,-.069,.013,.192,.981);es="Linear";ed="In";};["000-offset.001"]={cf=cfr(0,0,0,.908,.049,.415,.101,.938,-.331,-.406,.342,.847);es="Linear";ed="In";};["000-offset.013"]={cf=cfr(0,0,0,-.062,.998,0,-.998,-.062,0,0,0,1);es="Linear";ed="In";};["000-offset.010"]={cf=cfr(0,0,0,.856,.517,0,-.517,.856,0,0,0,1);es="Linear";ed="In";};["000-offset.002"]={cf=cfr(0,0,0,.812,.562,.158,-.583,.797,.158,-.037,-.22,.975);es="Linear";ed="In";};["000-offset.003"]={cf=cfr(0,0,0,-.009,-.233,.972,-.546,-.814,-.2,.838,-.533,-.12);es="Linear";ed="In";};["000-offset.006"]={cf=cfr(0,0,0,.41,-.885,-.223,.514,.022,.858,-.754,-.466,.463);es="Linear";ed="In";};["000-offset.007"]={cf=cfr(0,0,0,.981,-.196,0,.196,.981,0,0,0,1);es="Linear";ed="In";};};{tm=.255;["000-offset"]={cf=cfr(0,0,0,.429,.885,-.179,-.903,.422,-.078,.007,.195,.981);es="Linear";ed="In";};["000-offset.001"]={cf=cfr(0,0,0,.912,.054,.407,.092,.939,-.332,-.4,.34,.851);es="Linear";ed="In";};["000-offset.013"]={cf=cfr(0,0,0,-.07,.998,0,-.998,-.07,0,0,0,1);es="Linear";ed="In";};["000-offset.010"]={cf=cfr(0,0,0,.841,.541,0,-.541,.841,0,0,0,1);es="Linear";ed="In";};["000-offset.002"]={cf=cfr(0,0,0,.812,.565,.148,-.583,.8,.144,-.037,-.203,.978);es="Linear";ed="In";};["000-offset.003"]={cf=cfr(0,0,0,-.021,-.234,.972,-.539,-.816,-.208,.842,-.528,-.109);es="Linear";ed="In";};["000-offset.006"]={cf=cfr(0,0,0,.417,-.882,-.219,.505,.025,.863,-.756,-.471,.456);es="Linear";ed="In";};["000-offset.007"]={cf=cfr(0,0,0,.979,-.206,0,.206,.979,0,0,0,1);es="Linear";ed="In";};};{tm=.298;["000-offset"]={cf=cfr(0,0,0,.439,.881,-.179,-.899,.43,-.086,.001,.198,.98);es="Linear";ed="In";};["000-offset.001"]={cf=cfr(0,0,0,.915,.06,.399,.084,.939,-.333,-.395,.338,.854);es="Linear";ed="In";};["000-offset.013"]={cf=cfr(0,0,0,-.078,.997,0,-.997,-.078,0,0,0,1);es="Linear";ed="In";};["000-offset.010"]={cf=cfr(0,0,0,.825,.565,0,-.565,.825,0,0,0,1);es="Linear";ed="In";};["000-offset.002"]={cf=cfr(0,0,0,.812,.567,.138,-.583,.802,.13,-.037,-.185,.982);es="Linear";ed="In";};["000-offset.003"]={cf=cfr(0,0,0,-.032,-.234,.972,-.532,-.819,-.215,.846,-.523,-.098);es="Linear";ed="In";};["000-offset.006"]={cf=cfr(0,0,0,.426,-.879,-.215,.497,.029,.867,-.756,-.476,.449);es="Linear";ed="In";};["000-offset.007"]={cf=cfr(0,0,0,.976,-.218,0,.218,.976,0,0,0,1);es="Linear";ed="In";};};{tm=.34;["000-offset"]={cf=cfr(0,0,0,.447,.877,-.178,-.894,.437,-.094,-.004,.201,.98);es="Linear";ed="In";};["000-offset.001"]={cf=cfr(0,0,0,.918,.065,.392,.076,.94,-.334,-.39,.336,.857);es="Linear";ed="In";};["000-offset.013"]={cf=cfr(0,0,0,-.087,.996,0,-.996,-.087,0,0,0,1);es="Linear";ed="In";};["000-offset.010"]={cf=cfr(0,0,0,.809,.588,0,-.588,.809,0,0,0,1);es="Linear";ed="In";};["000-offset.002"]={cf=cfr(0,0,0,.812,.57,.127,-.583,.805,.115,-.037,-.167,.985);es="Linear";ed="In";};["000-offset.003"]={cf=cfr(0,0,0,-.042,-.235,.971,-.525,-.822,-.221,.85,-.519,-.089);es="Linear";ed="In";};["000-offset.006"]={cf=cfr(0,0,0,.433,-.876,-.212,.49,.031,.871,-.756,-.481,.443);es="Linear";ed="In";};["000-offset.007"]={cf=cfr(0,0,0,.973,-.232,0,.232,.973,0,0,0,1);es="Linear";ed="In";};};{tm=.383;["000-offset"]={cf=cfr(0,0,0,.454,.873,-.177,-.891,.443,-.099,-.008,.203,.979);es="Linear";ed="In";};["000-offset.001"]={cf=cfr(0,0,0,.92,.069,.386,.07,.94,-.334,-.386,.334,.86);es="Linear";ed="In";};["000-offset.013"]={cf=cfr(0,0,0,-.097,.995,0,-.995,-.097,0,0,0,1);es="Linear";ed="In";};["000-offset.010"]={cf=cfr(0,0,0,.793,.609,0,-.609,.793,0,0,0,1);es="Linear";ed="In";};["000-offset.002"]={cf=cfr(0,0,0,.812,.572,.117,-.583,.807,.1,-.037,-.149,.988);es="Linear";ed="In";};["000-offset.003"]={cf=cfr(0,0,0,-.049,-.235,.971,-.519,-.824,-.226,.853,-.515,-.081);es="Linear";ed="In";};["000-offset.006"]={cf=cfr(0,0,0,.44,-.873,-.211,.487,.035,.873,-.755,-.487,.44);es="Linear";ed="In";};["000-offset.007"]={cf=cfr(0,0,0,.969,-.246,0,.246,.969,0,0,0,1);es="Linear";ed="In";};};{tm=.425;["000-offset"]={cf=cfr(0,0,0,.458,.871,-.177,-.889,.447,-.103,-.011,.204,.979);es="Linear";ed="In";};["000-offset.001"]={cf=cfr(0,0,0,.921,.072,.382,.066,.94,-.335,-.383,.333,.862);es="Linear";ed="In";};["000-offset.013"]={cf=cfr(0,0,0,-.107,.994,0,-.994,-.107,0,0,0,1);es="Linear";ed="In";};["000-offset.010"]={cf=cfr(0,0,0,.779,.627,0,-.627,.779,0,0,0,1);es="Linear";ed="In";};["000-offset.002"]={cf=cfr(0,0,0,.812,.574,.107,-.583,.808,.086,-.037,-.133,.99);es="Linear";ed="In";};["000-offset.003"]={cf=cfr(0,0,0,-.055,-.235,.97,-.515,-.826,-.229,.855,-.513,-.076);es="Linear";ed="In";};["000-offset.006"]={cf=cfr(0,0,0,.446,-.87,-.211,.487,.038,.872,-.751,-.492,.441);es="Linear";ed="In";};["000-offset.007"]={cf=cfr(0,0,0,.965,-.261,0,.261,.965,0,0,0,1);es="Linear";ed="In";};};{tm=.468;["000-offset"]={cf=cfr(0,0,0,.459,.871,-.177,-.889,.447,-.104,-.012,.205,.979);es="Linear";ed="In";};["000-offset.001"]={cf=cfr(0,0,0,.922,.073,.38,.064,.94,-.335,-.382,.333,.862);es="Linear";ed="In";};["000-offset.013"]={cf=cfr(0,0,0,-.117,.993,0,-.993,-.117,0,0,0,1);es="Linear";ed="In";};["000-offset.010"]={cf=cfr(0,0,0,.768,.64,0,-.64,.768,0,0,0,1);es="Linear";ed="In";};["000-offset.002"]={cf=cfr(0,0,0,.812,.575,.099,-.583,.809,.074,-.037,-.118,.992);es="Linear";ed="In";};["000-offset.003"]={cf=cfr(0,0,0,-.056,-.238,.97,-.515,-.825,-.233,.855,-.512,-.076);es="Linear";ed="In";};["000-offset.006"]={cf=cfr(0,0,0,.451,-.867,-.214,.492,.041,.87,-.745,-.497,.445);es="Linear";ed="In";};["000-offset.007"]={cf=cfr(0,0,0,.961,-.278,0,.278,.961,0,0,0,1);es="Linear";ed="In";};};{tm=.51;["000-offset"]={cf=cfr(0,0,0,.459,.871,-.177,-.889,.447,-.103,-.01,.204,.979);es="Linear";ed="In";};["000-offset.001"]={cf=cfr(0,0,0,.921,.072,.382,.065,.94,-.335,-.383,.333,.862);es="Linear";ed="In";};["000-offset.013"]={cf=cfr(0,0,0,-.127,.992,0,-.992,-.127,0,0,0,1);es="Linear";ed="In";};["000-offset.010"]={cf=cfr(0,0,0,.761,.649,0,-.649,.761,0,0,0,1);es="Linear";ed="In";};["000-offset.002"]={cf=cfr(0,0,0,.812,.577,.092,-.583,.81,.064,-.037,-.106,.994);es="Linear";ed="In";};["000-offset.003"]={cf=cfr(0,0,0,-.055,-.236,.97,-.515,-.826,-.23,.856,-.512,-.076);es="Linear";ed="In";};["000-offset.006"]={cf=cfr(0,0,0,.454,-.863,-.22,.503,.045,.863,-.735,-.503,.454);es="Linear";ed="In";};["000-offset.007"]={cf=cfr(0,0,0,.956,-.294,0,.294,.956,0,0,0,1);es="Linear";ed="In";};};{tm=.553;["000-offset"]={cf=cfr(0,0,0,.455,.873,-.177,-.891,.444,-.098,-.007,.202,.979);es="Linear";ed="In";};["000-offset.001"]={cf=cfr(0,0,0,.92,.07,.385,.069,.94,-.335,-.386,.334,.86);es="Linear";ed="In";};["000-offset.013"]={cf=cfr(0,0,0,-.137,.991,0,-.991,-.137,0,0,0,1);es="Linear";ed="In";};["000-offset.010"]={cf=cfr(0,0,0,.758,.652,0,-.652,.758,0,0,0,1);es="Linear";ed="In";};["000-offset.002"]={cf=cfr(0,0,0,.812,.577,.086,-.583,.811,.057,-.037,-.097,.995);es="Linear";ed="In";};["000-offset.003"]={cf=cfr(0,0,0,-.052,-.235,.971,-.517,-.825,-.228,.854,-.514,-.079);es="Linear";ed="In";};["000-offset.006"]={cf=cfr(0,0,0,.457,-.859,-.229,.52,.049,.853,-.722,-.509,.469);es="Linear";ed="In";};["000-offset.007"]={cf=cfr(0,0,0,.95,-.311,0,.311,.95,0,0,0,1);es="Linear";ed="In";};};{tm=.595;["000-offset"]={cf=cfr(0,0,0,.449,.876,-.178,-.893,.44,-.092,-.002,.2,.98);es="Linear";ed="In";};["000-offset.001"]={cf=cfr(0,0,0,.918,.067,.391,.074,.94,-.334,-.389,.336,.858);es="Linear";ed="In";};["000-offset.013"]={cf=cfr(0,0,0,-.147,.989,0,-.989,-.147,0,0,0,1);es="Linear";ed="In";};["000-offset.010"]={cf=cfr(0,0,0,.762,.648,0,-.648,.762,0,0,0,1);es="Linear";ed="In";};["000-offset.002"]={cf=cfr(0,0,0,.812,.578,.084,-.583,.811,.053,-.037,-.092,.995);es="Linear";ed="In";};["000-offset.003"]={cf=cfr(0,0,0,-.047,-.235,.971,-.521,-.823,-.225,.852,-.517,-.083);es="Linear";ed="In";};["000-offset.006"]={cf=cfr(0,0,0,.458,-.855,-.241,.542,.054,.839,-.705,-.515,.488);es="Linear";ed="In";};["000-offset.007"]={cf=cfr(0,0,0,.944,-.329,0,.329,.944,0,0,0,1);es="Linear";ed="In";};};{tm=.638;["000-offset"]={cf=cfr(0,0,0,.442,.879,-.179,-.897,.434,-.084,.004,.197,.98);es="Linear";ed="In";};["000-offset.001"]={cf=cfr(0,0,0,.916,.063,.397,.08,.939,-.334,-.394,.338,.855);es="Linear";ed="In";};["000-offset.013"]={cf=cfr(0,0,0,-.156,.988,0,-.988,-.156,0,0,0,1);es="Linear";ed="In";};["000-offset.010"]={cf=cfr(0,0,0,.769,.639,0,-.639,.769,0,0,0,1);es="Linear";ed="In";};["000-offset.002"]={cf=cfr(0,0,0,.812,.578,.083,-.583,.811,.053,-.037,-.092,.995);es="Linear";ed="In";};["000-offset.003"]={cf=cfr(0,0,0,-.041,-.234,.971,-.526,-.822,-.221,.85,-.52,-.089);es="Linear";ed="In";};["000-offset.006"]={cf=cfr(0,0,0,.458,-.852,-.254,.566,.06,.822,-.685,-.52,.51);es="Linear";ed="In";};["000-offset.007"]={cf=cfr(0,0,0,.938,-.346,0,.346,.938,0,0,0,1);es="Linear";ed="In";};};{tm=.68;["000-offset"]={cf=cfr(0,0,0,.433,.883,-.179,-.901,.427,-.075,.01,.194,.981);es="Linear";ed="In";};["000-offset.001"]={cf=cfr(0,0,0,.913,.058,.405,.088,.939,-.333,-.399,.34,.852);es="Linear";ed="In";};["000-offset.013"]={cf=cfr(0,0,0,-.164,.986,0,-.986,-.164,0,0,0,1);es="Linear";ed="In";};["000-offset.010"]={cf=cfr(0,0,0,.781,.624,0,-.624,.781,0,0,0,1);es="Linear";ed="In";};["000-offset.002"]={cf=cfr(0,0,0,.812,.578,.086,-.583,.811,.056,-.037,-.096,.995);es="Linear";ed="In";};["000-offset.003"]={cf=cfr(0,0,0,-.034,-.234,.972,-.531,-.819,-.216,.847,-.523,-.097);es="Linear";ed="In";};["000-offset.006"]={cf=cfr(0,0,0,.456,-.849,-.267,.593,.066,.803,-.664,-.525,.533);es="Linear";ed="In";};["000-offset.007"]={cf=cfr(0,0,0,.931,-.364,0,.364,.931,0,0,0,1);es="Linear";ed="In";};};{tm=.723;["000-offset"]={cf=cfr(0,0,0,.424,.887,-.18,-.905,.42,-.066,.017,.19,.982);es="Linear";ed="In";};["000-offset.001"]={cf=cfr(0,0,0,.909,.054,.412,.096,.938,-.333,-.405,.342,.848);es="Linear";ed="In";};["000-offset.013"]={cf=cfr(0,0,0,-.172,.985,0,-.985,-.172,0,0,0,1);es="Linear";ed="In";};["000-offset.010"]={cf=cfr(0,0,0,.796,.606,0,-.606,.796,0,0,0,1);es="Linear";ed="In";};["000-offset.002"]={cf=cfr(0,0,0,.812,.577,.09,-.583,.81,.062,-.037,-.103,.994);es="Linear";ed="In";};["000-offset.003"]={cf=cfr(0,0,0,-.025,-.234,.972,-.537,-.817,-.21,.843,-.527,-.105);es="Linear";ed="In";};["000-offset.006"]={cf=cfr(0,0,0,.452,-.847,-.281,.619,.071,.782,-.642,-.527,.556);es="Linear";ed="In";};["000-offset.007"]={cf=cfr(0,0,0,.924,-.381,0,.381,.924,0,0,0,1);es="Linear";ed="In";};};{tm=.766;["000-offset"]={cf=cfr(0,0,0,.415,.892,-.18,-.909,.412,-.056,.024,.187,.982);es="Linear";ed="In";};["000-offset.001"]={cf=cfr(0,0,0,.906,.049,.42,.103,.938,-.332,-.41,.344,.845);es="Linear";ed="In";};["000-offset.013"]={cf=cfr(0,0,0,-.178,.984,0,-.984,-.178,0,0,0,1);es="Linear";ed="In";};["000-offset.010"]={cf=cfr(0,0,0,.812,.584,0,-.584,.812,0,0,0,1);es="Linear";ed="In";};["000-offset.002"]={cf=cfr(0,0,0,.812,.576,.096,-.583,.81,.071,-.037,-.113,.993);es="Linear";ed="In";};["000-offset.003"]={cf=cfr(0,0,0,-.016,-.233,.972,-.543,-.815,-.205,.84,-.531,-.113);es="Linear";ed="In";};["000-offset.006"]={cf=cfr(0,0,0,.447,-.845,-.293,.644,.077,.761,-.621,-.529,.579);es="Linear";ed="In";};["000-offset.007"]={cf=cfr(0,0,0,.917,-.398,0,.398,.917,0,0,0,1);es="Linear";ed="In";};};{tm=.808;["000-offset"]={cf=cfr(0,0,0,.407,.896,-.18,-.913,.405,-.048,.03,.184,.982);es="Linear";ed="In";};["000-offset.001"]={cf=cfr(0,0,0,.903,.044,.427,.111,.937,-.33,-.415,.346,.841);es="Linear";ed="In";};["000-offset.013"]={cf=cfr(0,0,0,-.184,.983,0,-.983,-.184,0,0,0,1);es="Linear";ed="In";};["000-offset.010"]={cf=cfr(0,0,0,.828,.56,0,-.56,.828,0,0,0,1);es="Linear";ed="In";};["000-offset.002"]={cf=cfr(0,0,0,.812,.575,.103,-.583,.809,.081,-.037,-.126,.991);es="Linear";ed="In";};["000-offset.003"]={cf=cfr(0,0,0,-.007,-.233,.972,-.548,-.812,-.199,.836,-.535,-.122);es="Linear";ed="In";};["000-offset.006"]={cf=cfr(0,0,0,.441,-.845,-.304,.666,.081,.741,-.602,-.529,.598);es="Linear";ed="In";};["000-offset.007"]={cf=cfr(0,0,0,.91,-.415,0,.415,.91,0,0,0,1);es="Linear";ed="In";};};{tm=.851;["000-offset"]={cf=cfr(0,0,0,.399,.899,-.18,-.916,.399,-.04,.036,.181,.983);es="Linear";ed="In";};["000-offset.001"]={cf=cfr(0,0,0,.9,.04,.434,.117,.937,-.329,-.419,.347,.839);es="Linear";ed="In";};["000-offset.013"]={cf=cfr(0,0,0,-.188,.982,0,-.982,-.188,0,0,0,1);es="Linear";ed="In";};["000-offset.010"]={cf=cfr(0,0,0,.845,.535,0,-.535,.845,0,0,0,1);es="Linear";ed="In";};["000-offset.002"]={cf=cfr(0,0,0,.812,.573,.112,-.583,.807,.093,-.037,-.141,.989);es="Linear";ed="In";};["000-offset.003"]={cf=cfr(0,0,0,.002,-.233,.972,-.554,-.81,-.193,.833,-.538,-.131);es="Linear";ed="In";};["000-offset.006"]={cf=cfr(0,0,0,.435,-.845,-.312,.684,.084,.724,-.585,-.529,.615);es="Linear";ed="In";};["000-offset.007"]={cf=cfr(0,0,0,.902,-.431,0,.431,.902,0,0,0,1);es="Linear";ed="In";};};{tm=.893;["000-offset"]={cf=cfr(0,0,0,.393,.902,-.18,-.919,.394,-.035,.039,.179,.983);es="Linear";ed="In";};["000-offset.001"]={cf=cfr(0,0,0,.898,.036,.438,.123,.937,-.328,-.422,.348,.837);es="Linear";ed="In";};["000-offset.013"]={cf=cfr(0,0,0,-.19,.982,0,-.982,-.19,0,0,0,1);es="Linear";ed="In";};["000-offset.010"]={cf=cfr(0,0,0,.86,.51,0,-.51,.86,0,0,0,1);es="Linear";ed="In";};["000-offset.002"]={cf=cfr(0,0,0,.812,.571,.121,-.583,.806,.106,-.037,-.157,.987);es="Linear";ed="In";};["000-offset.003"]={cf=cfr(0,0,0,.011,-.233,.972,-.558,-.808,-.187,.83,-.541,-.139);es="Linear";ed="In";};["000-offset.006"]={cf=cfr(0,0,0,.43,-.845,-.318,.697,.087,.711,-.574,-.528,.627);es="Linear";ed="In";};["000-offset.007"]={cf=cfr(0,0,0,.895,-.446,0,.446,.895,0,0,0,1);es="Linear";ed="In";};};{tm=.936;["000-offset"]={cf=cfr(0,0,0,.389,.903,-.18,-.92,.39,-.032,.042,.178,.983);es="Linear";ed="In";};["000-offset.001"]={cf=cfr(0,0,0,.897,.033,.441,.126,.937,-.327,-.424,.349,.836);es="Linear";ed="In";};["000-offset.013"]={cf=cfr(0,0,0,-.192,.981,0,-.981,-.192,0,0,0,1);es="Linear";ed="In";};["000-offset.010"]={cf=cfr(0,0,0,.874,.487,0,-.487,.874,0,0,0,1);es="Linear";ed="In";};["000-offset.002"]={cf=cfr(0,0,0,.812,.569,.132,-.583,.804,.121,-.037,-.175,.984);es="Linear";ed="In";};["000-offset.003"]={cf=cfr(0,0,0,.019,-.233,.972,-.562,-.807,-.182,.827,-.543,-.147);es="Linear";ed="In";};["000-offset.006"]={cf=cfr(0,0,0,.427,-.845,-.321,.704,.088,.705,-.568,-.527,.633);es="Linear";ed="In";};["000-offset.007"]={cf=cfr(0,0,0,.888,-.46,0,.46,.888,0,0,0,1);es="Linear";ed="In";};};{tm=.978;["000-offset"]={cf=cfr(0,0,0,.389,.903,-.18,-.92,.39,-.032,.042,.178,.983);es="Linear";ed="In";};["000-offset.001"]={cf=cfr(0,0,0,.897,.031,.442,.128,.937,-.326,-.424,.349,.836);es="Linear";ed="In";};["000-offset.013"]={cf=cfr(0,0,0,-.191,.982,0,-.982,-.191,0,0,0,1);es="Linear";ed="In";};["000-offset.010"]={cf=cfr(0,0,0,.885,.465,0,-.465,.885,0,0,0,1);es="Linear";ed="In";};["000-offset.002"]={cf=cfr(0,0,0,.812,.566,.142,-.583,.801,.136,-.037,-.193,.98);es="Linear";ed="In";};["000-offset.003"]={cf=cfr(0,0,0,.026,-.233,.972,-.565,-.806,-.178,.825,-.545,-.153);es="Linear";ed="In";};["000-offset.006"]={cf=cfr(0,0,0,.427,-.846,-.321,.703,.088,.706,-.569,-.527,.632);es="Linear";ed="In";};["000-offset.007"]={cf=cfr(0,0,0,.881,-.474,0,.474,.881,0,0,0,1);es="Linear";ed="In";};};{tm=1.021;["000-offset"]={cf=cfr(0,0,0,.389,.903,-.181,-.92,.39,-.034,.039,.18,.983);es="Linear";ed="In";};["000-offset.001"]={cf=cfr(0,0,0,.898,.03,.44,.128,.937,-.325,-.422,.348,.837);es="Linear";ed="In";};["000-offset.013"]={cf=cfr(0,0,0,-.188,.982,0,-.982,-.188,0,0,0,1);es="Linear";ed="In";};["000-offset.010"]={cf=cfr(0,0,0,.894,.448,0,-.448,.894,0,0,0,1);es="Linear";ed="In";};["000-offset.002"]={cf=cfr(0,0,0,.812,.563,.153,-.583,.798,.151,-.037,-.212,.976);es="Linear";ed="In";};["000-offset.003"]={cf=cfr(0,0,0,.031,-.233,.972,-.567,-.805,-.175,.823,-.545,-.157);es="Linear";ed="In";};["000-offset.006"]={cf=cfr(0,0,0,.429,-.846,-.317,.695,.086,.714,-.576,-.527,.625);es="Linear";ed="In";};["000-offset.007"]={cf=cfr(0,0,0,.874,-.486,0,.486,.874,0,0,0,1);es="Linear";ed="In";};};{tm=1.063;["000-offset"]={cf=cfr(0,0,0,.393,.901,-.181,-.919,.393,-.041,.034,.182,.983);es="Linear";ed="In";};["000-offset.001"]={cf=cfr(0,0,0,.9,.03,.436,.126,.938,-.324,-.418,.346,.84);es="Linear";ed="In";};["000-offset.013"]={cf=cfr(0,0,0,-.18,.984,0,-.984,-.18,0,0,0,1);es="Linear";ed="In";};["000-offset.010"]={cf=cfr(0,0,0,.9,.436,0,-.436,.9,0,0,0,1);es="Linear";ed="In";};["000-offset.002"]={cf=cfr(0,0,0,.812,.56,.164,-.583,.795,.167,-.037,-.231,.972);es="Linear";ed="In";};["000-offset.003"]={cf=cfr(0,0,0,.035,-.233,.972,-.566,-.806,-.173,.824,-.544,-.16);es="Linear";ed="In";};["000-offset.006"]={cf=cfr(0,0,0,.433,-.846,-.31,.682,.083,.727,-.589,-.527,.613);es="Linear";ed="In";};["000-offset.007"]={cf=cfr(0,0,0,.868,-.497,0,.497,.868,0,0,0,1);es="Linear";ed="In";};};{tm=1.106;["000-offset"]={cf=cfr(0,0,0,.399,.899,-.181,-.916,.397,-.049,.028,.185,.982);es="Linear";ed="In";};["000-offset.001"]={cf=cfr(0,0,0,.903,.03,.43,.123,.939,-.322,-.413,.344,.843);es="Linear";ed="In";};["000-offset.013"]={cf=cfr(0,0,0,-.169,.986,0,-.986,-.169,0,0,0,1);es="Linear";ed="In";};["000-offset.010"]={cf=cfr(0,0,0,.902,.431,0,-.431,.902,0,0,0,1);es="Linear";ed="In";};["000-offset.002"]={cf=cfr(0,0,0,.812,.557,.175,-.583,.792,.183,-.037,-.25,.967);es="Linear";ed="In";};["000-offset.003"]={cf=cfr(0,0,0,.038,-.233,.972,-.566,-.807,-.171,.824,-.543,-.163);es="Linear";ed="In";};["000-offset.006"]={cf=cfr(0,0,0,.438,-.847,-.302,.665,.079,.743,-.605,-.526,.598);es="Linear";ed="In";};["000-offset.007"]={cf=cfr(0,0,0,.861,-.508,0,.508,.861,0,0,0,1);es="Linear";ed="In";};};{tm=1.148;["000-offset"]={cf=cfr(0,0,0,.407,.895,-.181,-.913,.403,-.06,.019,.19,.982);es="Linear";ed="In";};["000-offset.001"]={cf=cfr(0,0,0,.906,.03,.422,.118,.94,-.321,-.406,.341,.848);es="Linear";ed="In";};["000-offset.013"]={cf=cfr(0,0,0,-.156,.988,0,-.988,-.156,0,0,0,1);es="Linear";ed="In";};["000-offset.010"]={cf=cfr(0,0,0,.902,.433,0,-.433,.902,0,0,0,1);es="Linear";ed="In";};["000-offset.002"]={cf=cfr(0,0,0,.812,.554,.186,-.583,.788,.197,-.037,-.268,.963);es="Linear";ed="In";};["000-offset.003"]={cf=cfr(0,0,0,.04,-.233,.972,-.565,-.807,-.17,.824,-.542,-.164);es="Linear";ed="In";};["000-offset.006"]={cf=cfr(0,0,0,.442,-.848,-.292,.645,.074,.761,-.623,-.525,.58);es="Linear";ed="In";};["000-offset.007"]={cf=cfr(0,0,0,.854,-.52,0,.52,.854,0,0,0,1);es="Linear";ed="In";};};{tm=1.191;["000-offset"]={cf=cfr(0,0,0,.416,.891,-.181,-.909,.41,-.072,.01,.194,.981);es="Linear";ed="In";};["000-offset.001"]={cf=cfr(0,0,0,.91,.031,.414,.113,.941,-.32,-.399,.338,.852);es="Linear";ed="In";};["000-offset.013"]={cf=cfr(0,0,0,-.14,.99,0,-.99,-.14,0,0,0,1);es="Linear";ed="In";};["000-offset.010"]={cf=cfr(0,0,0,.898,.44,0,-.44,.898,0,0,0,1);es="Linear";ed="In";};["000-offset.002"]={cf=cfr(0,0,0,.812,.55,.195,-.583,.785,.211,-.037,-.285,.958);es="Linear";ed="In";};["000-offset.003"]={cf=cfr(0,0,0,.042,-.233,.972,-.564,-.808,-.169,.824,-.541,-.166);es="Linear";ed="In";};["000-offset.006"]={cf=cfr(0,0,0,.446,-.85,-.281,.624,.069,.779,-.642,-.522,.561);es="Linear";ed="In";};["000-offset.007"]={cf=cfr(0,0,0,.846,-.534,0,.534,.846,0,0,0,1);es="Linear";ed="In";};};{tm=1.233;["000-offset"]={cf=cfr(0,0,0,.425,.887,-.18,-.905,.416,-.084,.001,.199,.98);es="Linear";ed="In";};["000-offset.001"]={cf=cfr(0,0,0,.914,.032,.405,.107,.942,-.318,-.392,.334,.857);es="Linear";ed="In";};["000-offset.013"]={cf=cfr(0,0,0,-.122,.992,0,-.992,-.122,0,0,0,1);es="Linear";ed="In";};["000-offset.010"]={cf=cfr(0,0,0,.892,.451,0,-.451,.892,0,0,0,1);es="Linear";ed="In";};["000-offset.002"]={cf=cfr(0,0,0,.812,.547,.204,-.583,.781,.224,-.037,-.301,.953);es="Linear";ed="In";};["000-offset.003"]={cf=cfr(0,0,0,.043,-.233,.972,-.564,-.808,-.169,.825,-.54,-.166);es="Linear";ed="In";};["000-offset.006"]={cf=cfr(0,0,0,.448,-.852,-.271,.603,.064,.795,-.66,-.519,.543);es="Linear";ed="In";};["000-offset.007"]={cf=cfr(0,0,0,.837,-.547,0,.547,.837,0,0,0,1);es="Linear";ed="In";};};{tm=1.276;["000-offset"]={cf=cfr(0,0,0,.434,.883,-.18,-.901,.423,-.096,-.009,.204,.979);es="Linear";ed="In";};["000-offset.001"]={cf=cfr(0,0,0,.918,.034,.396,.102,.943,-.317,-.384,.331,.862);es="Linear";ed="In";};["000-offset.013"]={cf=cfr(0,0,0,-.104,.995,0,-.995,-.104,0,0,0,1);es="Linear";ed="In";};["000-offset.010"]={cf=cfr(0,0,0,.885,.466,0,-.466,.885,0,0,0,1);es="Linear";ed="In";};["000-offset.002"]={cf=cfr(0,0,0,.812,.544,.212,-.583,.778,.235,-.037,-.315,.948);es="Linear";ed="In";};["000-offset.003"]={cf=cfr(0,0,0,.044,-.233,.972,-.563,-.809,-.168,.825,-.54,-.167);es="Linear";ed="In";};["000-offset.006"]={cf=cfr(0,0,0,.448,-.855,-.261,.585,.059,.809,-.676,-.515,.526);es="Linear";ed="In";};["000-offset.007"]={cf=cfr(0,0,0,.829,-.56,0,.56,.829,0,0,0,1);es="Linear";ed="In";};};{tm=1.319;["000-offset"]={cf=cfr(0,0,0,.442,.879,-.179,-.897,.429,-.108,-.018,.208,.978);es="Linear";ed="In";};["000-offset.001"]={cf=cfr(0,0,0,.922,.035,.387,.096,.944,-.315,-.376,.327,.867);es="Linear";ed="In";};["000-offset.013"]={cf=cfr(0,0,0,-.084,.996,0,-.996,-.084,0,0,0,1);es="Linear";ed="In";};["000-offset.010"]={cf=cfr(0,0,0,.875,.484,0,-.484,.875,0,0,0,1);es="Linear";ed="In";};["000-offset.002"]={cf=cfr(0,0,0,.812,.541,.219,-.583,.775,.245,-.037,-.327,.944);es="Linear";ed="In";};["000-offset.003"]={cf=cfr(0,0,0,.044,-.234,.971,-.562,-.81,-.17,.826,-.538,-.167);es="Linear";ed="In";};["000-offset.006"]={cf=cfr(0,0,0,.447,-.858,-.253,.57,.055,.82,-.689,-.511,.513);es="Linear";ed="In";};["000-offset.007"]={cf=cfr(0,0,0,.821,-.571,0,.571,.821,0,0,0,1);es="Linear";ed="In";};};{tm=1.361;["000-offset"]={cf=cfr(0,0,0,.449,.875,-.178,-.893,.434,-.118,-.026,.212,.977);es="Linear";ed="In";};["000-offset.001"]={cf=cfr(0,0,0,.925,.037,.378,.09,.945,-.314,-.369,.324,.871);es="Linear";ed="In";};["000-offset.013"]={cf=cfr(0,0,0,-.065,.998,0,-.998,-.065,0,0,0,1);es="Linear";ed="In";};["000-offset.010"]={cf=cfr(0,0,0,.864,.503,0,-.503,.864,0,0,0,1);es="Linear";ed="In";};["000-offset.002"]={cf=cfr(0,0,0,.812,.539,.224,-.583,.772,.253,-.037,-.336,.941);es="Linear";ed="In";};["000-offset.003"]={cf=cfr(0,0,0,.044,-.234,.971,-.56,-.811,-.17,.827,-.536,-.166);es="Linear";ed="In";};["000-offset.006"]={cf=cfr(0,0,0,.446,-.86,-.248,.561,.052,.826,-.698,-.507,.505);es="Linear";ed="In";};["000-offset.007"]={cf=cfr(0,0,0,.814,-.582,0,.582,.814,0,0,0,1);es="Linear";ed="In";};};{tm=1.404;["000-offset"]={cf=cfr(0,0,0,.455,.873,-.177,-.89,.438,-.126,-.032,.215,.976);es="Linear";ed="In";};["000-offset.001"]={cf=cfr(0,0,0,.928,.039,.371,.085,.946,-.312,-.363,.321,.875);es="Linear";ed="In";};["000-offset.013"]={cf=cfr(0,0,0,-.046,.999,0,-.999,-.046,0,0,0,1);es="Linear";ed="In";};["000-offset.010"]={cf=cfr(0,0,0,.852,.523,0,-.523,.852,0,0,0,1);es="Linear";ed="In";};["000-offset.002"]={cf=cfr(0,0,0,.812,.537,.228,-.583,.771,.258,-.037,-.342,.939);es="Linear";ed="In";};["000-offset.003"]={cf=cfr(0,0,0,.043,-.233,.971,-.558,-.812,-.17,.829,-.535,-.165);es="Linear";ed="In";};["000-offset.006"]={cf=cfr(0,0,0,.442,-.863,-.245,.556,.049,.83,-.704,-.503,.501);es="Linear";ed="In";};["000-offset.007"]={cf=cfr(0,0,0,.808,-.59,0,.59,.808,0,0,0,1);es="Linear";ed="In";};};{tm=1.446;["000-offset"]={cf=cfr(0,0,0,.459,.871,-.177,-.888,.441,-.131,-.037,.217,.975);es="Linear";ed="In";};["000-offset.001"]={cf=cfr(0,0,0,.93,.04,.365,.082,.947,-.311,-.358,.319,.877);es="Linear";ed="In";};["000-offset.013"]={cf=cfr(0,0,0,-.029,1,0,-1,-.029,0,0,0,1);es="Linear";ed="In";};["000-offset.010"]={cf=cfr(0,0,0,.839,.543,0,-.543,.839,0,0,0,1);es="Linear";ed="In";};["000-offset.002"]={cf=cfr(0,0,0,.812,.537,.23,-.583,.77,.261,-.037,-.346,.938);es="Linear";ed="In";};["000-offset.003"]={cf=cfr(0,0,0,.043,-.233,.972,-.557,-.813,-.17,.83,-.534,-.165);es="Linear";ed="In";};["000-offset.006"]={cf=cfr(0,0,0,.439,-.865,-.242,.551,.047,.833,-.71,-.499,.497);es="Linear";ed="In";};["000-offset.007"]={cf=cfr(0,0,0,.803,-.596,0,.596,.803,0,0,0,1);es="Linear";ed="In";};};{tm=1.489;["000-offset"]={cf=cfr(0,0,0,.459,.871,-.177,-.888,.441,-.133,-.038,.218,.975);es="Linear";ed="In";};["000-offset.001"]={cf=cfr(0,0,0,.931,.041,.362,.079,.947,-.31,-.355,.318,.879);es="Linear";ed="In";};["000-offset.013"]={cf=cfr(0,0,0,-.013,1,0,-1,-.013,0,0,0,1);es="Linear";ed="In";};["000-offset.010"]={cf=cfr(0,0,0,.827,.562,0,-.562,.827,0,0,0,1);es="Linear";ed="In";};["000-offset.002"]={cf=cfr(0,0,0,.812,.536,.231,-.583,.769,.262,-.037,-.347,.937);es="Linear";ed="In";};["000-offset.003"]={cf=cfr(0,0,0,.043,-.233,.972,-.555,-.814,-.17,.831,-.532,-.164);es="Linear";ed="In";};["000-offset.006"]={cf=cfr(0,0,0,.435,-.867,-.241,.547,.043,.836,-.715,-.496,.494);es="Linear";ed="In";};["000-offset.007"]={cf=cfr(0,0,0,.801,-.598,0,.598,.801,0,0,0,1);es="Linear";ed="In";};};{tm=1.531;["000-offset"]={cf=cfr(0,0,0,.459,.871,-.177,-.888,.441,-.133,-.038,.218,.975);es="Linear";ed="In";};["000-offset.001"]={cf=cfr(0,0,0,.932,.041,.36,.078,.948,-.31,-.354,.317,.88);es="Linear";ed="In";};["000-offset.013"]={cf=cfr(0,0,0,.001,1,0,-1,.001,0,0,0,1);es="Linear";ed="In";};["000-offset.010"]={cf=cfr(0,0,0,.815,.58,0,-.58,.815,0,0,0,1);es="Linear";ed="In";};["000-offset.002"]={cf=cfr(0,0,0,.812,.537,.23,-.583,.77,.261,-.037,-.345,.938);es="Linear";ed="In";};["000-offset.003"]={cf=cfr(0,0,0,.043,-.232,.972,-.556,-.814,-.17,.83,-.533,-.164);es="Linear";ed="In";};["000-offset.006"]={cf=cfr(0,0,0,.431,-.87,-.239,.545,.04,.838,-.719,-.491,.491);es="Linear";ed="In";};["000-offset.007"]={cf=cfr(0,0,0,.802,-.598,0,.598,.802,0,0,0,1);es="Linear";ed="In";};};{tm=1.574;["000-offset"]={cf=cfr(0,0,0,.456,.872,-.177,-.889,.439,-.129,-.035,.216,.976);es="Linear";ed="In";};["000-offset.001"]={cf=cfr(0,0,0,.931,.041,.362,.079,.947,-.31,-.355,.318,.879);es="Linear";ed="In";};["000-offset.013"]={cf=cfr(0,0,0,.012,1,0,-1,.012,0,0,0,1);es="Linear";ed="In";};["000-offset.010"]={cf=cfr(0,0,0,.804,.594,0,-.594,.804,0,0,0,1);es="Linear";ed="In";};["000-offset.002"]={cf=cfr(0,0,0,.812,.538,.228,-.583,.771,.258,-.037,-.342,.939);es="Linear";ed="In";};["000-offset.003"]={cf=cfr(0,0,0,.042,-.232,.972,-.556,-.814,-.17,.83,-.533,-.164);es="Linear";ed="In";};["000-offset.006"]={cf=cfr(0,0,0,.427,-.873,-.238,.543,.037,.839,-.723,-.487,.49);es="Linear";ed="In";};["000-offset.007"]={cf=cfr(0,0,0,.805,-.593,0,.593,.805,0,0,0,1);es="Linear";ed="In";};};{tm=1.616;["000-offset"]={cf=cfr(0,0,0,.452,.874,-.178,-.892,.436,-.124,-.031,.214,.976);es="Linear";ed="In";};["000-offset.001"]={cf=cfr(0,0,0,.93,.04,.366,.082,.947,-.311,-.359,.319,.877);es="Linear";ed="In";};["000-offset.013"]={cf=cfr(0,0,0,.02,1,0,-1,.02,0,0,0,1);es="Linear";ed="In";};["000-offset.010"]={cf=cfr(0,0,0,.796,.606,0,-.606,.796,0,0,0,1);es="Linear";ed="In";};["000-offset.002"]={cf=cfr(0,0,0,.812,.539,.225,-.583,.772,.254,-.037,-.337,.941);es="Linear";ed="In";};["000-offset.003"]={cf=cfr(0,0,0,.042,-.232,.972,-.556,-.813,-.17,.83,-.534,-.163);es="Linear";ed="In";};["000-offset.006"]={cf=cfr(0,0,0,.422,-.875,-.237,.542,.034,.84,-.727,-.482,.488);es="Linear";ed="In";};["000-offset.007"]={cf=cfr(0,0,0,.812,-.584,0,.584,.812,0,0,0,1);es="Linear";ed="In";};};{tm=1.659;["000-offset"]={cf=cfr(0,0,0,.446,.877,-.178,-.895,.431,-.116,-.025,.211,.977);es="Linear";ed="In";};["000-offset.001"]={cf=cfr(0,0,0,.928,.039,.372,.085,.946,-.313,-.364,.322,.874);es="Linear";ed="In";};["000-offset.013"]={cf=cfr(0,0,0,.023,1,0,-1,.023,0,0,0,1);es="Linear";ed="In";};["000-offset.010"]={cf=cfr(0,0,0,.79,.613,0,-.613,.79,0,0,0,1);es="Linear";ed="In";};["000-offset.002"]={cf=cfr(0,0,0,.812,.54,.221,-.583,.774,.249,-.037,-.331,.943);es="Linear";ed="In";};["000-offset.003"]={cf=cfr(0,0,0,.042,-.232,.972,-.557,-.813,-.17,.83,-.534,-.163);es="Linear";ed="In";};["000-offset.006"]={cf=cfr(0,0,0,.417,-.878,-.236,.541,.031,.84,-.73,-.478,.488);es="Linear";ed="In";};["000-offset.007"]={cf=cfr(0,0,0,.825,-.565,0,.565,.825,0,0,0,1);es="Linear";ed="In";};};{tm=1.701;["000-offset"]={cf=cfr(0,0,0,.439,.88,-.179,-.898,.427,-.108,-.018,.208,.978);es="Linear";ed="In";};["000-offset.001"]={cf=cfr(0,0,0,.925,.038,.379,.09,.945,-.314,-.37,.325,.87);es="Linear";ed="In";};["000-offset.013"]={cf=cfr(0,0,0,.022,1,0,-1,.022,0,0,0,1);es="Linear";ed="In";};["000-offset.010"]={cf=cfr(0,0,0,.787,.616,0,-.616,.787,0,0,0,1);es="Linear";ed="In";};["000-offset.002"]={cf=cfr(0,0,0,.812,.542,.217,-.583,.776,.243,-.037,-.324,.945);es="Linear";ed="In";};["000-offset.003"]={cf=cfr(0,0,0,.042,-.231,.972,-.557,-.813,-.17,.829,-.534,-.163);es="Linear";ed="In";};["000-offset.006"]={cf=cfr(0,0,0,.412,-.88,-.235,.541,.028,.841,-.734,-.474,.487);es="Linear";ed="In";};["000-offset.007"]={cf=cfr(0,0,0,.845,-.535,0,.535,.845,0,0,0,1);es="Linear";ed="In";};};{tm=1.744;["000-offset"]={cf=cfr(0,0,0,.432,.884,-.18,-.902,.421,-.098,-.011,.204,.979);es="Linear";ed="In";};["000-offset.001"]={cf=cfr(0,0,0,.921,.037,.388,.095,.944,-.316,-.378,.328,.866);es="Linear";ed="In";};["000-offset.013"]={cf=cfr(0,0,0,.017,1,0,-1,.017,0,0,0,1);es="Linear";ed="In";};["000-offset.010"]={cf=cfr(0,0,0,.791,.611,0,-.611,.791,0,0,0,1);es="Linear";ed="In";};["000-offset.002"]={cf=cfr(0,0,0,.812,.544,.213,-.583,.778,.236,-.037,-.316,.948);es="Linear";ed="In";};["000-offset.003"]={cf=cfr(0,0,0,.041,-.233,.972,-.557,-.812,-.172,.829,-.535,-.163);es="Linear";ed="In";};["000-offset.006"]={cf=cfr(0,0,0,.407,-.883,-.235,.541,.025,.841,-.736,-.47,.488);es="Linear";ed="In";};["000-offset.007"]={cf=cfr(0,0,0,.869,-.494,0,.494,.869,0,0,0,1);es="Linear";ed="In";};};{tm=1.787;["000-offset"]={cf=cfr(0,0,0,.425,.887,-.18,-.905,.415,-.088,-.003,.201,.98);es="Linear";ed="In";};["000-offset.001"]={cf=cfr(0,0,0,.917,.036,.397,.101,.943,-.318,-.385,.332,.861);es="Linear";ed="In";};["000-offset.013"]={cf=cfr(0,0,0,.01,1,0,-1,.01,0,0,0,1);es="Linear";ed="In";};["000-offset.010"]={cf=cfr(0,0,0,.803,.597,0,-.597,.803,0,0,0,1);es="Linear";ed="In";};["000-offset.002"]={cf=cfr(0,0,0,.812,.546,.208,-.583,.78,.229,-.037,-.307,.951);es="Linear";ed="In";};["000-offset.003"]={cf=cfr(0,0,0,.039,-.233,.972,-.559,-.811,-.172,.828,-.536,-.162);es="Linear";ed="In";};["000-offset.006"]={cf=cfr(0,0,0,.403,-.885,-.235,.541,.023,.841,-.738,-.466,.488);es="Linear";ed="In";};["000-offset.007"]={cf=cfr(0,0,0,.895,-.447,0,.447,.895,0,0,0,1);es="Linear";ed="In";};};{tm=1.829;["000-offset"]={cf=cfr(0,0,0,.417,.891,-.18,-.909,.409,-.078,.004,.197,.98);es="Linear";ed="In";};["000-offset.001"]={cf=cfr(0,0,0,.913,.035,.406,.106,.941,-.32,-.393,.335,.856);es="Linear";ed="In";};["000-offset.013"]={cf=cfr(0,0,0,.001,1,0,-1,.001,0,0,0,1);es="Linear";ed="In";};["000-offset.010"]={cf=cfr(0,0,0,.818,.575,0,-.575,.818,0,0,0,1);es="Linear";ed="In";};["000-offset.002"]={cf=cfr(0,0,0,.812,.547,.203,-.583,.782,.222,-.037,-.299,.954);es="Linear";ed="In";};["000-offset.003"]={cf=cfr(0,0,0,.038,-.233,.972,-.561,-.81,-.172,.827,-.538,-.161);es="Linear";ed="In";};["000-offset.006"]={cf=cfr(0,0,0,.398,-.887,-.235,.542,.02,.84,-.74,-.462,.488);es="Linear";ed="In";};["000-offset.007"]={cf=cfr(0,0,0,.919,-.395,0,.395,.919,0,0,0,1);es="Linear";ed="In";};};{tm=1.872;["000-offset"]={cf=cfr(0,0,0,.409,.894,-.181,-.912,.404,-.069,.012,.193,.981);es="Linear";ed="In";};["000-offset.001"]={cf=cfr(0,0,0,.909,.034,.415,.112,.94,-.322,-.401,.339,.851);es="Linear";ed="In";};["000-offset.013"]={cf=cfr(0,0,0,-.009,1,0,-1,-.009,0,0,0,1);es="Linear";ed="In";};["000-offset.010"]={cf=cfr(0,0,0,.837,.548,0,-.548,.837,0,0,0,1);es="Linear";ed="In";};["000-offset.002"]={cf=cfr(0,0,0,.812,.549,.199,-.583,.784,.216,-.037,-.291,.956);es="Linear";ed="In";};["000-offset.003"]={cf=cfr(0,0,0,.036,-.233,.972,-.562,-.809,-.173,.826,-.54,-.16);es="Linear";ed="In";};["000-offset.006"]={cf=cfr(0,0,0,.394,-.888,-.235,.542,.018,.84,-.742,-.459,.489);es="Linear";ed="In";};["000-offset.007"]={cf=cfr(0,0,0,.94,-.341,0,.341,.94,0,0,0,1);es="Linear";ed="In";};};{tm=1.914;["000-offset"]={cf=cfr(0,0,0,.402,.897,-.181,-.915,.398,-.06,.018,.189,.982);es="Linear";ed="In";};["000-offset.001"]={cf=cfr(0,0,0,.905,.033,.424,.117,.939,-.323,-.408,.342,.846);es="Linear";ed="In";};["000-offset.013"]={cf=cfr(0,0,0,-.019,1,0,-1,-.019,0,0,0,1);es="Linear";ed="In";};["000-offset.010"]={cf=cfr(0,0,0,.855,.519,0,-.519,.855,0,0,0,1);es="Linear";ed="In";};["000-offset.002"]={cf=cfr(0,0,0,.812,.551,.194,-.583,.785,.21,-.037,-.284,.958);es="Linear";ed="In";};["000-offset.003"]={cf=cfr(0,0,0,.035,-.233,.972,-.564,-.808,-.173,.825,-.542,-.159);es="Linear";ed="In";};["000-offset.006"]={cf=cfr(0,0,0,.391,-.89,-.235,.543,.017,.84,-.743,-.456,.49);es="Linear";ed="In";};["000-offset.007"]={cf=cfr(0,0,0,.957,-.288,0,.288,.957,0,0,0,1);es="Linear";ed="In";};};{tm=1.957;["000-offset"]={cf=cfr(0,0,0,.397,.9,-.181,-.918,.394,-.052,.024,.186,.982);es="Linear";ed="In";};["000-offset.001"]={cf=cfr(0,0,0,.902,.032,.431,.122,.938,-.324,-.415,.345,.842);es="Linear";ed="In";};["000-offset.013"]={cf=cfr(0,0,0,-.028,1,0,-1,-.028,0,0,0,1);es="Linear";ed="In";};["000-offset.010"]={cf=cfr(0,0,0,.871,.491,0,-.491,.871,0,0,0,1);es="Linear";ed="In";};["000-offset.002"]={cf=cfr(0,0,0,.812,.552,.191,-.583,.786,.205,-.037,-.277,.96);es="Linear";ed="In";};["000-offset.003"]={cf=cfr(0,0,0,.033,-.234,.972,-.565,-.807,-.174,.825,-.543,-.159);es="Linear";ed="In";};["000-offset.006"]={cf=cfr(0,0,0,.388,-.891,-.236,.544,.015,.839,-.744,-.454,.49);es="Linear";ed="In";};["000-offset.007"]={cf=cfr(0,0,0,.97,-.242,0,.242,.97,0,0,0,1);es="Linear";ed="In";};};{tm=1.999;["000-offset"]={cf=cfr(0,0,0,.392,.902,-.181,-.92,.39,-.046,.029,.184,.982);es="Linear";ed="In";};["000-offset.001"]={cf=cfr(0,0,0,.899,.032,.437,.125,.937,-.325,-.42,.347,.839);es="Linear";ed="In";};["000-offset.013"]={cf=cfr(0,0,0,-.035,.999,0,-.999,-.035,0,0,0,1);es="Linear";ed="In";};["000-offset.010"]={cf=cfr(0,0,0,.884,.467,0,-.467,.884,0,0,0,1);es="Linear";ed="In";};["000-offset.002"]={cf=cfr(0,0,0,.812,.553,.188,-.583,.788,.201,-.037,-.273,.961);es="Linear";ed="In";};["000-offset.003"]={cf=cfr(0,0,0,.033,-.233,.972,-.566,-.806,-.175,.824,-.544,-.158);es="Linear";ed="In";};["000-offset.006"]={cf=cfr(0,0,0,.386,-.892,-.236,.544,.014,.839,-.745,-.452,.491);es="Linear";ed="In";};["000-offset.007"]={cf=cfr(0,0,0,.979,-.204,0,.204,.979,0,0,0,1);es="Linear";ed="In";};};{tm=2.042;["RootNode"]={cf=cfr(0,0,0,-1,0,0,0,1,0,0,0,-1);es="Linear";ed="In";};["root"]={cf=cfr(.973,2.665,0,0,0,1,0,1,0,-1,0,0);es="Linear";ed="In";};["000-offset"]={cf=cfr(0,0,0,.389,.903,-.18,-.921,.388,-.043,.032,.183,.983);es="Linear";ed="In";};["004-offset.001"]={cf=cfr(0,0,0,-.015,-1,0,1,-.015,0,0,0,1);es="Linear";ed="In";};["006-offset"]={cf=cfr(0,0,0,-.015,-1,0,1,-.015,0,0,0,1);es="Linear";ed="In";};["000-offset.009"]={cf=cfr(0,0,0,.314,-.841,.441,.947,.249,-.2,.058,.481,.875);es="Linear";ed="In";};["000-offset.012"]={cf=cfr(0,0,0,-.209,-.886,-.413,.948,-.287,.136,-.239,-.363,.9);es="Linear";ed="In";};["000-offset.001"]={cf=cfr(0,0,0,.897,.031,.44,.127,.937,-.326,-.423,.348,.837);es="Linear";ed="In";};["000-offset.010"]={cf=cfr(0,0,0,.893,.45,0,-.45,.893,0,0,0,1);es="Linear";ed="In";};["000-offset.013"]={cf=cfr(0,0,0,-.041,.999,0,-.999,-.041,0,0,0,1);es="Linear";ed="In";};["004-offset"]={cf=cfr(0,0,0,.035,-.999,0,.999,.035,0,0,0,1);es="Linear";ed="In";};["002-offset"]={cf=cfr(0,0,0,.035,-.999,0,.999,.035,0,0,0,1);es="Linea