local cfr = CFrame.new

return {{tm=0;["RootNode"]={cf=cfr(0,0,0,-1,0,0,0,1,0,0,0,-1);es="Linear";ed="In";};["root"]={cf=cfr(-.381,2.665,0,0,0,1,0,1,0,-1,0,0);es="Linear";ed="In";};["000-offset"]={cf=cfr(0,0,0,.5,.866,-.017,-.814,.476,.333,.296,-.153,.943);es="Linear";ed="In";};["004-offset.001"]={cf=cfr(0,0,0,-.015,-1,0,1,-.015,0,0,0,1);es="Linear";ed="In";};["006-offset"]={cf=cfr(0,0,0,-.015,-1,0,1,-.015,0,0,0,1);es="Linear";ed="In";};["000-offset.009"]={cf=cfr(0,0,0,.288,-.957,-.029,.909,.282,-.306,.302,.062,.951);es="Linear";ed="In";};["000-offset.012"]={cf=cfr(0,0,0,-.308,-.886,-.346,.951,-.287,-.112,0,-.363,.932);es="Linear";ed="In";};["000-offset.001"]={cf=cfr(0,0,0,.967,.098,-.236,-.099,.995,.005,.236,.019,.972);es="Linear";ed="In";};["000-offset.010"]={cf=cfr(0,0,0,.896,.444,0,-.444,.896,0,0,0,1);es="Linear";ed="In";};["000-offset.013"]={cf=cfr(0,0,0,-.364,.931,0,-.931,-.364,0,0,0,1);es="Linear";ed="In";};["004-offset"]={cf=cfr(0,0,0,.035,-.999,0,.999,.035,0,0,0,1);es="Linear";ed="In";};["002-offset"]={cf=cfr(0,0,0,.035,-.999,0,.999,.035,0,0,0,1);es="Linear";ed="In";};["000-offset.002"]={cf=cfr(0,0,0,.875,.481,.05,-.483,.869,.106,.007,-.117,.993);es="Linear";ed="In";};["000-offset.011"]={cf=cfr(0,0,0,.675,-.738,-.021,.738,.675,-.018,.028,-.003,1);es="Linear";ed="In";};["000-offset.014"]={cf=cfr(0,0,0,.27,-.963,.013,.961,.27,.056,-.058,-.003,.998);es="Linear";ed="In";};["000-offset.006"]={cf=cfr(0,0,0,-.51,.853,-.109,-.614,-.45,-.649,-.602,-.264,.753);es="Linear";ed="In";};["000-offset.003"]={cf=cfr(0,0,0,.173,-.919,-.353,.279,.389,-.878,.945,.053,.324);es="Linear";ed="In";};["000-offset.007"]={cf=cfr(0,0,0,.986,-.169,0,.169,.986,0,0,0,1);es="Linear";ed="In";};["000-offset.004"]={cf=cfr(0,0,0,.929,-.371,0,.371,.929,0,0,0,1);es="Linear";ed="In";};["000-offset.008"]={cf=cfr(0,0,0,.979,-.201,-.026,.196,.908,.37,-.051,-.367,.929);es="Linear";ed="In";};["000-offset.005"]={cf=cfr(0,0,0,.916,-.374,-.143,.368,.927,-.07,.159,.011,.987);es="Linear";ed="In";};};{tm=.043;["root"]={cf=cfr(-.381,2.665,0,0,0,1,0,1,0,-1,0,0);es="Linear";ed="In";};["000-offset"]={cf=cfr(0,0,0,.498,.867,-.017,-.814,.475,.334,.298,-.153,.942);es="Linear";ed="In";};["000-offset.009"]={cf=cfr(0,0,0,.287,-.957,-.03,.909,.282,-.308,.303,.062,.951);es="Linear";ed="In";};["000-offset.001"]={cf=cfr(0,0,0,.967,.099,-.236,-.1,.995,.006,.235,.018,.972);es="Linear";ed="In";};["000-offset.010"]={cf=cfr(0,0,0,.892,.451,0,-.451,.892,0,0,0,1);es="Linear";ed="In";};["000-offset.013"]={cf=cfr(0,0,0,-.366,.931,0,-.931,-.366,0,0,0,1);es="Linear";ed="In";};["000-offset.002"]={cf=cfr(0,0,0,.874,.483,.05,-.486,.868,.104,.007,-.115,.993);es="Linear";ed="In";};["000-offset.011"]={cf=cfr(0,0,0,.672,-.74,-.021,.74,.672,-.018,.028,-.003,1);es="Linear";ed="In";};["000-offset.014"]={cf=cfr(0,0,0,.268,-.963,.013,.962,.268,.056,-.058,-.002,.998);es="Linear";ed="In";};["000-offset.006"]={cf=cfr(0,0,0,-.508,.855,-.109,-.615,-.448,-.648,-.603,-.262,.753);es="Linear";ed="In";};["000-offset.003"]={cf=cfr(0,0,0,.175,-.92,-.352,.281,.389,-.877,.944,.054,.326);es="Linear";ed="In";};["000-offset.004"]={cf=cfr(0,0,0,.928,-.373,0,.373,.928,0,0,0,1);es="Linear";ed="In";};};{tm=.085;["root"]={cf=cfr(-.381,2.665,.014,0,0,1,0,1,0,-1,0,0);es="Linear";ed="In";};["000-offset"]={cf=cfr(0,0,0,.493,.87,-.016,-.816,.469,.337,.301,-.153,.941);es="Linear";ed="In";};["000-offset.009"]={cf=cfr(0,0,0,.286,-.958,-.031,.907,.281,-.313,.308,.061,.949);es="Linear";ed="In";};["000-offset.001"]={cf=cfr(0,0,0,.966,.102,-.236,-.104,.995,.008,.235,.017,.972);es="Linear";ed="In";};["000-offset.010"]={cf=cfr(0,0,0,.882,.471,0,-.471,.882,0,0,0,1);es="Linear";ed="In";};["000-offset.013"]={cf=cfr(0,0,0,-.371,.929,0,-.929,-.371,0,0,0,1);es="Linear";ed="In";};["000-offset.002"]={cf=cfr(0,0,0,.871,.49,.05,-.492,.865,.101,.006,-.112,.994);es="Linear";ed="In";};["000-offset.011"]={cf=cfr(0,0,0,.664,-.747,-.021,.747,.665,-.018,.027,-.003,1);es="Linear";ed="In";};["000-offset.014"]={cf=cfr(0,0,0,.262,-.965,.013,.963,.262,.056,-.058,-.002,.998);es="Linear";ed="In";};["000-offset.006"]={cf=cfr(0,0,0,-.501,.859,-.109,-.619,-.444,-.648,-.605,-.257,.754);es="Linear";ed="In";};["000-offset.003"]={cf=cfr(0,0,0,.179,-.92,-.348,.286,.387,-.877,.941,.057,.333);es="Linear";ed="In";};["000-offset.004"]={cf=cfr(0,0,0,.926,-.377,0,.377,.926,0,0,0,1);es="Linear";ed="In";};};{tm=.127;["root"]={cf=cfr(-.381,2.665,.028,0,0,1,0,1,0,-1,0,0);es="Linear";ed="In";};["000-offset"]={cf=cfr(0,0,0,.486,.874,-.016,-.819,.462,.341,.305,-.153,.94);es="Linear";ed="In";};["000-offset.009"]={cf=cfr(0,0,0,.285,-.958,-.033,.905,.281,-.32,.316,.061,.947);es="Linear";ed="In";};["000-offset.001"]={cf=cfr(0,0,0,.966,.108,-.235,-.108,.994,.011,.234,.015,.972);es="Linear";ed="In";};["000-offset.010"]={cf=cfr(0,0,0,.866,.5,0,-.5,.866,0,0,0,1);es="Linear";ed="In";};["000-offset.013"]={cf=cfr(0,0,0,-.379,.925,0,-.925,-.379,0,0,0,1);es="Linear";ed="In";};["000-offset.002"]={cf=cfr(0,0,0,.865,.499,.05,-.502,.86,.095,.005,-.107,.994);es="Linear";ed="In";};["000-offset.011"]={cf=cfr(0,0,0,.652,-.758,-.021,.757,.653,-.018,.027,-.004,1);es="Linear";ed="In";};["000-offset.014"]={cf=cfr(0,0,0,.253,-.967,.013,.966,.253,.056,-.058,-.002,.998);es="Linear";ed="In";};["000-offset.006"]={cf=cfr(0,0,0,-.491,.864,-.109,-.624,-.436,-.648,-.607,-.25,.754);es="Linear";ed="In";};["000-offset.003"]={cf=cfr(0,0,0,.185,-.921,-.342,.295,.384,-.875,.938,.061,.342);es="Linear";ed="In";};["000-offset.004"]={cf=cfr(0,0,0,.923,-.385,0,.385,.923,0,0,0,1);es="Linear";ed="In";};};{tm=.17;["root"]={cf=cfr(-.381,2.665,.056,0,0,1,0,1,0,-1,0,0);es="Linear";ed="In";};["000-offset"]={cf=cfr(0,0,0,.478,.878,-.015,-.822,.453,.347,.311,-.153,.938);es="Linear";ed="In";};["000-offset.009"]={cf=cfr(0,0,0,.284,-.958,-.036,.902,.28,-.329,.325,.06,.944);es="Linear";ed="In";};["000-offset.001"]={cf=cfr(0,0,0,.966,.114,-.234,-.114,.993,.014,.234,.013,.972);es="Linear";ed="In";};["000-offset.010"]={cf=cfr(0,0,0,.844,.537,0,-.537,.844,0,0,0,1);es="Linear";ed="In";};["000-offset.013"]={cf=cfr(0,0,0,-.389,.921,0,-.921,-.389,0,0,0,1);es="Linear";ed="In";};["000-offset.002"]={cf=cfr(0,0,0,.857,.512,.049,-.515,.853,.089,.003,-.101,.995);es="Linear";ed="In";};["000-offset.011"]={cf=cfr(0,0,0,.637,-.771,-.021,.77,.637,-.018,.027,-.004,1);es="Linear";ed="In";};["000-offset.014"]={cf=cfr(0,0,0,.241,-.97,.013,.969,.241,.056,-.058,-.001,.998);es="Linear";ed="In";};["000-offset.006"]={cf=cfr(0,0,0,-.479,.871,-.109,-.631,-.428,-.648,-.611,-.241,.754);es="Linear";ed="In";};["000-offset.003"]={cf=cfr(0,0,0,.192,-.922,-.336,.305,.381,-.873,.933,.065,.355);es="Linear";ed="In";};["000-offset.004"]={cf=cfr(0,0,0,.919,-.395,0,.395,.919,0,0,0,1);es="Linear";ed="In";};};{tm=.213;["root"]={cf=cfr(-.381,2.665,.085,0,0,1,0,1,0,-1,0,0);es="Linear";ed="In";};["000-offset"]={cf=cfr(0,0,0,.468,.883,-.014,-.825,.443,.353,.318,-.154,.936);es="Linear";ed="In";};["000-offset.009"]={cf=cfr(0,0,0,.282,-.959,-.04,.898,.279,-.339,.336,.06,.94);es="Linear";ed="In";};["000-offset.001"]={cf=cfr(0,0,0,.965,.121,-.232,-.12,.993,.019,.233,.01,.972);es="Linear";ed="In";};["000-offset.010"]={cf=cfr(0,0,0,.817,.577,0,-.577,.817,0,0,0,1);es="Linear";ed="In";};["000-offset.013"]={cf=cfr(0,0,0,-.401,.916,0,-.916,-.401,0,0,0,1);es="Linear";ed="In";};["000-offset.002"]={cf=cfr(0,0,0,.848,.527,.049,-.53,.844,.081,.001,-.094,.996);es="Linear";ed="In";};["000-offset.011"]={cf=cfr(0,0,0,.619,-.785,-.021,.785,.619,-.018,.027,-.005,1);es="Linear";ed="In";};["000-offset.014"]={cf=cfr(0,0,0,.227,-.974,.013,.972,.227,.056,-.058,0,.998);es="Linear";ed="In";};["000-offset.006"]={cf=cfr(0,0,0,-.465,.879,-.109,-.638,-.418,-.647,-.614,-.232,.754);es="Linear";ed="In";};["000-offset.003"]={cf=cfr(0,0,0,.199,-.924,-.327,.317,.376,-.87,.927,.07,.368);es="Linear";ed="In";};["000-offset.004"]={cf=cfr(0,0,0,.913,-.407,0,.407,.913,0,0,0,1);es="Linear";ed="In";};};{tm=.255;["root"]={cf=cfr(-.381,2.665,.113,0,0,1,0,1,0,-1,0,0);es="Linear";ed="In";};["000-offset"]={cf=cfr(0,0,0,.459,.888,-.013,-.827,.432,.358,.324,-.154,.934);es="Linear";ed="In";};["000-offset.009"]={cf=cfr(0,0,0,.28,-.959,-.043,.894,.277,-.351,.349,.06,.935);es="Linear";ed="In";};["000-offset.001"]={cf=cfr(0,0,0,.965,.128,-.231,-.126,.992,.023,.232,.007,.973);es="Linear";ed="In";};["000-offset.010"]={cf=cfr(0,0,0,.786,.618,0,-.618,.786,0,0,0,1);es="Linear";ed="In";};["000-offset.013"]={cf=cfr(0,0,0,-.413,.911,0,-.911,-.413,0,0,0,1);es="Linear";ed="In";};["000-offset.002"]={cf=cfr(0,0,0,.838,.544,.048,-.546,.835,.072,-.001,-.087,.996);es="Linear";ed="In";};["000-offset.011"]={cf=cfr(0,0,0,.599,-.8,-.021,.8,.599,-.018,.027,-.005,1);es="Linear";ed="In";};["000-offset.014"]={cf=cfr(0,0,0,.212,-.977,.013,.976,.212,.056,-.058,.001,.998);es="Linear";ed="In";};["000-offset.006"]={cf=cfr(0,0,0,-.451,.886,-.109,-.644,-.407,-.647,-.618,-.222,.754);es="Linear";ed="In";};["000-offset.003"]={cf=cfr(0,0,0,.207,-.925,-.32,.33,.373,-.867,.921,.074,.382);es="Linear";ed="In";};["000-offset.004"]={cf=cfr(0,0,0,.907,-.421,0,.421,.907,0,0,0,1);es="Linear";ed="In";};};{tm=.298;["root"]={cf=cfr(-.381,2.665,.141,0,0,1,0,1,0,-1,0,0);es="Linear";ed="In";};["000-offset"]={cf=cfr(0,0,0,.45,.893,-.011,-.83,.423,.364,.329,-.154,.931);es="Linear";ed="In";};["000-offset.009"]={cf=cfr(0,0,0,.28,-.959,-.048,.89,.277,-.363,.361,.059,.931);es="Linear";ed="In";};["000-offset.001"]={cf=cfr(0,0,0,.964,.134,-.23,-.131,.991,.026,.231,.005,.973);es="Linear";ed="In";};["000-offset.010"]={cf=cfr(0,0,0,.754,.657,0,-.657,.754,0,0,0,1);es="Linear";ed="In";};["000-offset.013"]={cf=cfr(0,0,0,-.426,.905,0,-.905,-.426,0,0,0,1);es="Linear";ed="In";};["000-offset.002"]={cf=cfr(0,0,0,.826,.562,.047,-.564,.823,.063,-.003,-.079,.997);es="Linear";ed="In";};["000-offset.011"]={cf=cfr(0,0,0,.578,-.815,-.021,.815,.579,-.018,.027,-.006,1);es="Linear";ed="In";};["000-offset.014"]={cf=cfr(0,0,0,.195,-.981,.013,.979,.196,.056,-.058,.002,.998);es="Linear";ed="In";};["000-offset.006"]={cf=cfr(0,0,0,-.437,.893,-.109,-.65,-.397,-.648,-.622,-.212,.754);es="Linear";ed="In";};["000-offset.003"]={cf=cfr(0,0,0,.213,-.926,-.312,.343,.37,-.864,.915,.077,.396);es="Linear";ed="In";};["000-offset.004"]={cf=cfr(0,0,0,.9,-.437,0,.437,.9,0,0,0,1);es="Linear";ed="In";};};{tm=.34;["root"]={cf=cfr(-.381,2.665,.155,0,0,1,0,1,0,-1,0,0);es="Linear";ed="In";};["000-offset"]={cf=cfr(0,0,0,.443,.897,-.01,-.832,.415,.368,.334,-.154,.93);es="Linear";ed="In";};["000-offset.009"]={cf=cfr(0,0,0,.279,-.959,-.052,.884,.277,-.375,.374,.059,.925);es="Linear";ed="In";};["000-offset.001"]={cf=cfr(0,0,0,.963,.139,-.229,-.136,.99,.029,.231,.003,.973);es="Linear";ed="In";};["000-offset.010"]={cf=cfr(0,0,0,.72,.693,0,-.693,.72,0,0,0,1);es="Linear";ed="In";};["000-offset.013"]={cf=cfr(0,0,0,-.439,.899,0,-.899,-.439,0,0,0,1);es="Linear";ed="In";};["000-offset.002"]={cf=cfr(0,0,0,.813,.58,.046,-.582,.811,.054,-.006,-.071,.997);es="Linear";ed="In";};["000-offset.011"]={cf=cfr(0,0,0,.558,-.83,-.021,.83,.558,-.018,.027,-.007,1);es="Linear";ed="In";};["000-offset.014"]={cf=cfr(0,0,0,.178,-.984,.013,.982,.179,.056,-.058,.003,.998);es="Linear";ed="In";};["000-offset.006"]={cf=cfr(0,0,0,-.424,.899,-.109,-.656,-.388,-.648,-.625,-.203,.754);es="Linear";ed="In";};["000-offset.003"]={cf=cfr(0,0,0,.217,-.927,-.305,.356,.366,-.86,.909,.079,.409);es="Linear";ed="In";};["000-offset.004"]={cf=cfr(0,0,0,.891,-.453,0,.453,.891,0,0,0,1);es="Linear";ed="In";};};{tm=.383;["root"]={cf=cfr(-.381,2.665,.169,0,0,1,0,1,0,-1,0,0);es="Linear";ed="In";};["000-offset"]={cf=cfr(0,0,0,.438,.899,-.01,-.833,.41,.371,.337,-.154,.929);es="Linear";ed="In";};["000-offset.009"]={cf=cfr(0,0,0,.278,-.959,-.055,.879,.277,-.387,.387,.059,.92);es="Linear";ed="In";};["000-offset.001"]={cf=cfr(0,0,0,.963,.142,-.228,-.139,.99,.031,.23,.002,.973);es="Linear";ed="In";};["000-offset.010"]={cf=cfr(0,0,0,.69,.724,0,-.724,.69,0,0,0,1);es="Linear";ed="In";};["000-offset.013"]={cf=cfr(0,0,0,-.45,.893,0,-.893,-.45,0,0,0,1);es="Linear";ed="In";};["000-offset.002"]={cf=cfr(0,0,0,.8,.598,.045,-.6,.799,.046,-.009,-.064,.998);es="Linear";ed="In";};["000-offset.011"]={cf=cfr(0,0,0,.538,-.843,-.021,.842,.539,-.018,.027,-.007,1);es="Linear";ed="In";};["000-offset.014"]={cf=cfr(0,0,0,.162,-.987,.013,.985,.162,.056,-.058,.004,.998);es="Linear";ed="In";};["000-offset.006"]={cf=cfr(0,0,0,-.414,.904,-.109,-.66,-.38,-.648,-.627,-.196,.754);es="Linear";ed="In";};["000-offset.003"]={cf=cfr(0,0,0,.219,-.928,-.3,.367,.363,-.856,.904,.078,.421);es="Linear";ed="In";};["000-offset.004"]={cf=cfr(0,0,0,.883,-.47,0,.47,.883,0,0,0,1);es="Linear";ed="In";};};{tm=.425;["000-offset"]={cf=cfr(0,0,0,.437,.899,-.01,-.833,.409,.372,.339,-.154,.928);es="Linear";ed="In";};["000-offset.009"]={cf=cfr(0,0,0,.277,-.959,-.058,.875,.277,-.398,.398,.059,.915);es="Linear";ed="In";};["000-offset.001"]={cf=cfr(0,0,0,.963,.144,-.228,-.14,.99,.032,.23,.001,.973);es="Linear";ed="In";};["000-offset.010"]={cf=cfr(0,0,0,.664,.748,0,-.748,.664,0,0,0,1);es="Linear";ed="In";};["000-offset.013"]={cf=cfr(0,0,0,-.46,.888,0,-.888,-.46,0,0,0,1);es="Linear";ed="In";};["000-offset.002"]={cf=cfr(0,0,0,.787,.616,.045,-.617,.786,.038,-.012,-.057,.998);es="Linear";ed="In";};["000-offset.011"]={cf=cfr(0,0,0,.521,-.853,-.021,.853,.521,-.018,.026,-.008,1);es="Linear";ed="In";};["000-offset.014"]={cf=cfr(0,0,0,.146,-.989,.013,.988,.147,.056,-.058,.005,.998);es="Linear";ed="In";};["000-offset.006"]={cf=cfr(0,0,0,-.407,.907,-.109,-.662,-.375,-.648,-.629,-.191,.753);es="Linear";ed="In";};["000-offset.003"]={cf=cfr(0,0,0,.218,-.93,-.296,.38,.36,-.852,.899,.073,.431);es="Linear";ed="In";};["000-offset.004"]={cf=cfr(0,0,0,.873,-.488,0,.488,.873,0,0,0,1);es="Linear";ed="In";};};{tm=.468;["root"]={cf=cfr(-.381,2.665,.169,0,0,1,0,1,0,-1,0,0);es="Linear";ed="In";};["000-offset"]={cf=cfr(0,0,0,.437,.899,-.009,-.834,.409,.371,.338,-.154,.928);es="Linear";ed="In";};["000-offset.009"]={cf=cfr(0,0,0,.277,-.959,-.062,.87,.278,-.408,.408,.06,.911);es="Linear";ed="In";};["000-offset.001"]={cf=cfr(0,0,0,.963,.144,-.228,-.14,.99,.032,.23,.001,.973);es="Linear";ed="In";};["000-offset.010"]={cf=cfr(0,0,0,.645,.764,0,-.764,.645,0,0,0,1);es="Linear";ed="In";};["000-offset.013"]={cf=cfr(0,0,0,-.468,.884,0,-.884,-.468,0,0,0,1);es="Linear";ed="In";};["000-offset.002"]={cf=cfr(0,0,0,.773,.632,.044,-.634,.773,.031,-.014,-.052,.999);es="Linear";ed="In";};["000-offset.011"]={cf=cfr(0,0,0,.507,-.862,-.021,.862,.507,-.018,.026,-.008,1);es="Linear";ed="In";};["000-offset.014"]={cf=cfr(0,0,0,.132,-.991,.013,.99,.132,.056,-.058,.005,.998);es="Linear";ed="In";};["000-offset.006"]={cf=cfr(0,0,0,-.407,.906,-.112,-.662,-.377,-.647,-.629,-.19,.754);es="Linear";ed="In";};["000-offset.003"]={cf=cfr(0,0,0,.213,-.932,-.292,.394,.356,-.847,.894,.066,.444);es="Linear";ed="In";};["000-offset.004"]={cf=cfr(0,0,0,.863,-.505,0,.505,.863,0,0,0,1);es="Linear";ed="In";};};{tm=.51;["root"]={cf=cfr(-.381,2.665,.155,0,0,1,0,1,0,-1,0,0);es="Linear";ed="In";};["000-offset"]={cf=cfr(0,0,0,.44,.898,-.01,-.833,.412,.37,.336,-.154,.929);es="Linear";ed="In";};["000-offset.009"]={cf=cfr(0,0,0,.279,-.958,-.064,.865,.28,-.416,.416,.06,.907);es="Linear";ed="In";};["000-offset.001"]={cf=cfr(0,0,0,.963,.143,-.228,-.14,.99,.032,.23,.001,.973);es="Linear";ed="In";};["000-offset.010"]={cf=cfr(0,0,0,.637,.771,0,-.771,.637,0,0,0,1);es="Linear";ed="In";};["000-offset.013"]={cf=cfr(0,0,0,-.473,.881,0,-.881,-.473,0,0,0,1);es="Linear";ed="In";};["000-offset.002"]={cf=cfr(0,0,0,.761,.647,.045,-.649,.761,.026,-.017,-.049,.999);es="Linear";ed="In";};["000-offset.011"]={cf=cfr(0,0,0,.498,-.867,-.021,.867,.498,-.018,.026,-.009,1);es="Linear";ed="In";};["000-offset.014"]={cf=cfr(0,0,0,.119,-.993,.013,.991,.12,.056,-.058,.006,.998);es="Linear";ed="In";};["000-offset.006"]={cf=cfr(0,0,0,-.408,.906,-.112,-.662,-.378,-.647,-.629,-.19,.754);es="Linear";ed="In";};["000-offset.003"]={cf=cfr(0,0,0,.206,-.935,-.289,.41,.351,-.842,.888,.055,.456);es="Linear";ed="In";};["000-offset.004"]={cf=cfr(0,0,0,.853,-.522,0,.522,.853,0,0,0,1);es="Linear";ed="In";};};{tm=.553;["root"]={cf=cfr(-.381,2.665,.127,0,0,1,0,1,0,-1,0,0);es="Linear";ed="In";};["000-offset"]={cf=cfr(0,0,0,.445,.896,-.011,-.831,.417,.367,.333,-.154,.93);es="Linear";ed="In";};["000-offset.009"]={cf=cfr(0,0,0,.282,-.957,-.066,.862,.283,-.422,.422,.062,.904);es="Linear";ed="In";};["000-offset.001"]={cf=cfr(0,0,0,.963,.143,-.228,-.139,.99,.032,.231,.001,.973);es="Linear";ed="In";};["000-offset.010"]={cf=cfr(0,0,0,.641,.767,0,-.767,.641,0,0,0,1);es="Linear";ed="In";};["000-offset.002"]={cf=cfr(0,0,0,.75,.66,.046,-.661,.75,.022,-.02,-.047,.999);es="Linear";ed="In";};["000-offset.011"]={cf=cfr(0,0,0,.491,-.871,-.021,.871,.491,-.018,.026,-.009,1);es="Linear";ed="In";};["000-offset.014"]={cf=cfr(0,0,0,.11,-.994,.013,.992,.11,.056,-.058,.007,.998);es="Linear";ed="In";};["000-offset.006"]={cf=cfr(0,0,0,-.409,.906,-.112,-.662,-.379,-.647,-.629,-.19,.754);es="Linear";ed="In";};["000-offset.003"]={cf=cfr(0,0,0,.198,-.937,-.287,.427,.346,-.836,.883,.043,.468);es="Linear";ed="In";};["000-offset.004"]={cf=cfr(0,0,0,.842,-.539,0,.539,.842,0,0,0,1);es="Linear";ed="In";};};{tm=.595;["root"]={cf=cfr(-.381,2.665,.113,0,0,1,0,1,0,-1,0,0);es="Linear";ed="In";};["000-offset"]={cf=cfr(0,0,0,.451,.893,-.011,-.83,.424,.363,.329,-.154,.932);es="Linear";ed="In";};["000-offset.009"]={cf=cfr(0,0,0,.287,-.955,-.067,.858,.288,-.425,.425,.064,.903);es="Linear";ed="In";};["000-offset.001"]={cf=cfr(0,0,0,.963,.142,-.228,-.139,.99,.031,.231,.002,.973);es="Linear";ed="In";};["000-offset.010"]={cf=cfr(0,0,0,.655,.755,0,-.755,.655,0,0,0,1);es="Linear";ed="In";};["000-offset.013"]={cf=cfr(0,0,0,-.473,.881,0,-.881,-.473,0,0,0,1);es="Linear";ed="In";};["000-offset.002"]={cf=cfr(0,0,0,.74,.67,.048,-.672,.74,.021,-.022,-.048,.999);es="Linear";ed="In";};["000-offset.011"]={cf=cfr(0,0,0,.485,-.874,-.021,.874,.485,-.018,.026,-.009,1);es="Linear";ed="In";};["000-offset.014"]={cf=cfr(0,0,0,.103,-.995,.013,.993,.104,.056,-.057,.007,.998);es="Linear";ed="In";};["000-offset.006"]={cf=cfr(0,0,0,-.409,.905,-.112,-.661,-.379,-.647,-.628,-.191,.754);es="Linear";ed="In";};["000-offset.003"]={cf=cfr(0,0,0,.187,-.94,-.285,.442,.34,-.83,.877,.029,.479);es="Linear";ed="In";};["000-offset.004"]={cf=cfr(0,0,0,.832,-.555,0,.555,.832,0,0,0,1);es="Linear";ed="In";};};{tm=.638;["root"]={cf=cfr(-.381,2.665,.085,0,0,1,0,1,0,-1,0,0);es="Linear";ed="In";};["000-offset"]={cf=cfr(0,0,0,.457,.889,-.012,-.828,.431,.359,.325,-.154,.933);es="Linear";ed="In";};["000-offset.009"]={cf=cfr(0,0,0,.297,-.952,-.068,.855,.297,-.426,.425,.068,.902);es="Linear";ed="In";};["000-offset.001"]={cf=cfr(0,0,0,.963,.142,-.229,-.138,.99,.031,.231,.002,.973);es="Linear";ed="In";};["000-offset.010"]={cf=cfr(0,0,0,.678,.735,0,-.735,.678,0,0,0,1);es="Linear";ed="In";};["000-offset.013"]={cf=cfr(0,0,0,-.467,.884,0,-.884,-.467,0,0,0,1);es="Linear";ed="In";};["000-offset.002"]={cf=cfr(0,0,0,.733,.678,.052,-.68,.733,.021,-.024,-.051,.998);es="Linear";ed="In";};["000-offset.011"]={cf=cfr(0,0,0,.479,-.878,-.021,.878,.479,-.018,.026,-.009,1);es="Linear";ed="In";};["000-offset.014"]={cf=cfr(0,0,0,.103,-.995,.013,.993,.104,.056,-.057,.007,.998);es="Linear";ed="In";};["000-offset.006"]={cf=cfr(0,0,0,-.41,.905,-.111,-.661,-.379,-.647,-.628,-.192,.754);es="Linear";ed="In";};["000-offset.003"]={cf=cfr(0,0,0,.177,-.942,-.285,.456,.335,-.824,.872,.016,.489);es="Linear";ed="In";};["000-offset.004"]={cf=cfr(0,0,0,.822,-.57,0,.57,.822,0,0,0,1);es="Linear";ed="In";};};{tm=.68;["root"]={cf=cfr(-.381,2.665,.056,0,0,1,0,1,0,-1,0,0);es="Linear";ed="In";};["000-offset"]={cf=cfr(0,0,0,.465,.885,-.013,-.826,.439,.355,.32,-.154,.935);es="Linear";ed="In";};["000-offset.009"]={cf=cfr(0,0,0,.31,-.948,-.068,.851,.309,-.424,.423,.074,.903);es="Linear";ed="In";};["000-offset.001"]={cf=cfr(0,0,0,.963,.141,-.229,-.138,.99,.03,.231,.002,.973);es="Linear";ed="In";};["000-offset.010"]={cf=cfr(0,0,0,.705,.709,0,-.709,.705,0,0,0,1);es="Linear";ed="In";};["000-offset.013"]={cf=cfr(0,0,0,-.459,.889,0,-.889,-.459,0,0,0,1);es="Linear";ed="In";};["000-offset.002"]={cf=cfr(0,0,0,.729,.682,.057,-.684,.729,.024,-.025,-.057,.998);es="Linear";ed="In";};["000-offset.011"]={cf=cfr(0,0,0,.473,-.881,-.021,.881,.474,-.018,.026,-.009,1);es="Linear";ed="In";};["000-offset.014"]={cf=cfr(0,0,0,.103,-.995,.013,.993,.103,.056,-.057,.007,.998);es="Linear";ed="In";};["000-offset.006"]={cf=cfr(0,0,0,-.411,.905,-.11,-.661,-.379,-.648,-.628,-.193,.754);es="Linear";ed="In";};["000-offset.003"]={cf=cfr(0,0,0,.167,-.944,-.285,.469,.33,-.82,.868,.004,.497);es="Linear";ed="In";};["000-offset.004"]={cf=cfr(0,0,0,.813,-.583,0,.583,.813,0,0,0,1);es="Linear";ed="In";};};{tm=.723;["root"]={cf=cfr(-.381,2.665,.028,0,0,1,0,1,0,-1,0,0);es="Linear";ed="In";};["000-offset"]={cf=cfr(0,0,0,.472,.882,-.014,-.823,.446,.35,.315,-.154,.937);es="Linear";ed="In";};["000-offset.009"]={cf=cfr(0,0,0,.324,-.944,-.067,.848,.321,-.422,.42,.079,.904);es="Linear";ed="In";};["000-offset.001"]={cf=cfr(0,0,0,.963,.14,-.229,-.137,.99,.03,.231,.003,.973);es="Linear";ed="In";};["000-offset.010"]={cf=cfr(0,0,0,.735,.678,0,-.678,.735,0,0,0,1);es="Linear";ed="In";};["000-offset.013"]={cf=cfr(0,0,0,-.447,.894,0,-.894,-.447,0,0,0,1);es="Linear";ed="In";};["000-offset.002"]={cf=cfr(0,0,0,.728,.683,.065,-.685,.728,.03,-.026,-.067,.997);es="Linear";ed="In";};["000-offset.011"]={cf=cfr(0,0,0,.468,-.883,-.021,.883,.469,-.018,.026,-.01,1);es="Linear";ed="In";};["000-offset.014"]={cf=cfr(0,0,0,.109,-.994,.013,.992,.11,.056,-.057,.007,.998);es="Linear";ed="In";};["000-offset.006"]={cf=cfr(0,0,0,-.411,.905,-.109,-.661,-.379,-.648,-.628,-.195,.754);es="Linear";ed="In";};["000-offset.003"]={cf=cfr(0,0,0,.159,-.945,-.285,.478,.326,-.816,.864,-.006,.503);es="Linear";ed="In";};["000-offset.004"]={cf=cfr(0,0,0,.804,-.595,0,.595,.804,0,0,0,1);es="Linear";ed="In";};};{tm=.766;["root"]={cf=cfr(-.381,2.665,0,0,0,1,0,1,0,-1,0,0);es="Linear";ed="In";};["000-offset"]={cf=cfr(0,0,0,.479,.878,-.015,-.821,.454,.346,.31,-.153,.938);es="Linear";ed="In";};["000-offset.009"]={cf=cfr(0,0,0,.337,-.939,-.066,.845,.332,-.419,.415,.085,.906);es="Linear";ed="In";};["000-offset.001"]={cf=cfr(0,0,0,.964,.139,-.229,-.136,.99,.029,.231,.003,.973);es="Linear";ed="In";};["000-offset.010"]={cf=cfr(0,0,0,.766,.643,0,-.643,.766,0,0,0,1);es="Linear";ed="In";};["000-offset.013"]={cf=cfr(0,0,0,-.434,.901,0,-.901,-.434,0,0,0,1);es="Linear";ed="In";};["000-offset.002"]={cf=cfr(0,0,0,.73,.679,.075,-.683,.73,.04,-.027,-.081,.996);es="Linear";ed="In";};["000-offset.011"]={cf=cfr(0,0,0,.464,-.886,-.021,.886,.464,-.018,.026,-.01,1);es="Linear";ed="In";};["000-offset.014"]={cf=cfr(0,0,0,.119,-.993,.013,.991,.119,.056,-.057,.006,.998);es="Linear";ed="In";};["000-offset.006"]={cf=cfr(0,0,0,-.414,.904,-.109,-.66,-.381,-.648,-.627,-.196,.754);es="Linear";ed="In";};["000-offset.003"]={cf=cfr(0,0,0,.154,-.946,-.286,.483,.324,-.813,.862,-.013,.507);es="Linear";ed="In";};["000-offset.004"]={cf=cfr(0,0,0,.797,-.605,0,.605,.797,0,0,0,1);es="Linear";ed="In";};};{tm=.808;["root"]={cf=cfr(-.381,2.665,-.014,0,0,1,0,1,0,-1,0,0);es="Linear";ed="In";};["000-offset"]={cf=cfr(0,0,0,.486,.874,-.015,-.819,.461,.342,.306,-.153,.94);es="Linear";ed="In";};["000-offset.009"]={cf=cfr(0,0,0,.348,-.935,-.065,.843,.342,-.415,.41,.09,.908);es="Linear";ed="In";};["000-offset.001"]={cf=cfr(0,0,0,.964,.137,-.229,-.135,.99,.028,.231,.003,.973);es="Linear";ed="In";};["000-offset.010"]={cf=cfr(0,0,0,.795,.607,0,-.607,.795,0,0,0,1);es="Linear";ed="In";};["000-offset.013"]={cf=cfr(0,0,0,-.418,.908,0,-.908,-.418,0,0,0,1);es="Linear";ed="In";};["000-offset.002"]={cf=cfr(0,0,0,.735,.672,.088,-.677,.734,.054,-.028,-.1,.995);es="Linear";ed="In";};["000-offset.011"]={cf=cfr(0,0,0,.459,-.888,-.021,.888,.46,-.018,.026,-.01,1);es="Linear";ed="In";};["000-offset.014"]={cf=cfr(0,0,0,.132,-.991,.013,.99,.132,.056,-.057,.005,.998);es="Linear";ed="In";};["000-offset.006"]={cf=cfr(0,0,0,-.417,.903,-.109,-.659,-.382,-.648,-.627,-.198,.754);es="Linear";ed="In";};["000-offset.003"]={cf=cfr(0,0,0,.153,-.946,-.287,.483,.324,-.813,.862,-.014,.507);es="Linear";ed="In";};["000-offset.004"]={cf=cfr(0,0,0,.791,-.612,0,.612,.791,0,0,0,1);es="Linear";ed="In";};};{tm=.851;["root"]={cf=cfr(-.381,2.665,-.028,0,0,1,0,1,0,-1,0,0);es="Linear";ed="In";};["000-offset"]={cf=cfr(0,0,0,.492,.871,-.016,-.817,.467,.338,.302,-.153,.941);es="Linear";ed="In";};["000-offset.009"]={cf=cfr(0,0,0,.356,-.933,-.063,.842,.349,-.411,.405,.093,.909);es="Linear";ed="In";};["000-offset.001"]={cf=cfr(0,0,0,.964,.136,-.229,-.133,.991,.028,.231,.004,.973);es="Linear";ed="In";};["000-offset.010"]={cf=cfr(0,0,0,.821,.571,0,-.571,.821,0,0,0,1);es="Linear";ed="In";};["000-offset.013"]={cf=cfr(0,0,0,-.401,.916,0,-.916,-.401,0,0,0,1);es="Linear";ed="In";};["000-offset.002"]={cf=cfr(0,0,0,.742,.662,.103,-.67,.739,.072,-.029,-.123,.992);es="Linear";ed="In";};["000-offset.011"]={cf=cfr(0,0,0,.456,-.89,-.021,.89,.456,-.018,.026,-.01,1);es="Linear";ed="In";};["000-offset.014"]={cf=cfr(0,0,0,.147,-.989,.013,.987,.148,.056,-.057,.004,.998);es="Linear";ed="In";};["000-offset.006"]={cf=cfr(0,0,0,-.42,.901,-.109,-.658,-.385,-.648,-.626,-.2,.754);es="Linear";ed="In";};["000-offset.003"]={cf=cfr(0,0,0,.157,-.945,-.287,.482,.327,-.813,.862,-.011,.506);es="Linear";ed="In";};["000-offset.004"]={cf=cfr(0,0,0,.786,-.618,0,.618,.786,0,0,0,1);es="Linear";ed="In";};};{tm=.893;["root"]={cf=cfr(-.381,2.665,-.042,0,0,1,0,1,0,-1,0,0);es="Linear";ed="In";};["000-offset"]={cf=cfr(0,0,0,.496,.868,-.016,-.815,.472,.336,.299,-.153,.942);es="Linear";ed="In";};["000-offset.009"]={cf=cfr(0,0,0,.358,-.932,-.061,.843,.351,-.408,.401,.094,.911);es="Linear";ed="In";};["000-offset.001"]={cf=cfr(0,0,0,.964,.135,-.23,-.132,.991,.027,.231,.004,.973);es="Linear";ed="In";};["000-offset.010"]={cf=cfr(0,0,0,.842,.54,0,-.54,.842,0,0,0,1);es="Linear";ed="In";};["000-offset.013"]={cf=cfr(0,0,0,-.383,.924,0,-.924,-.383,0,0,0,1);es="Linear";ed="In";};["000-offset.002"]={cf=cfr(0,0,0,.751,.649,.12,-.66,.746,.093,-.029,-.149,.988);es="Linear";ed="In";};["000-offset.011"]={cf=cfr(0,0,0,.453,-.891,-.021,.891,.453,-.018,.026,-.01,1);es="Linear";ed="In";};["000-offset.014"]={cf=cfr(0,0,0,.165,-.986,.013,.985,.165,.056,-.057,.004,.998);es="Linear";ed="In";};["000-offset.006"]={cf=cfr(0,0,0,-.423,.9,-.109,-.656,-.387,-.648,-.625,-.202,.754);es="Linear";ed="In";};["000-offset.003"]={cf=cfr(0,0,0,.164,-.943,-.288,.475,.332,-.815,.864,-.004,.503);es="Linear";ed="In";};["000-offset.004"]={cf=cfr(0,0,0,.784,-.621,0,.621,.784,0,0,0,1);es="Linear";ed="In";};};{tm=.936;["root"]={cf=cfr(-.381,2.665,-.056,0,0,1,0,1,0,-1,0,0);es="Linear";ed="In";};["000-offset"]={cf=cfr(0,0,0,.499,.866,-.017,-.814,.475,.334,.297,-.153,.943);es="Linear";ed="In";};["000-offset.009"]={cf=cfr(0,0,0,.357,-.932,-.06,.845,.349,-.404,.398,.094,.913);es="Linear";ed="In";};["000-offset.001"]={cf=cfr(0,0,0,.964,.133,-.23,-.131,.991,.026,.231,.005,.973);es="Linear";ed="In";};["000-offset.010"]={cf=cfr(0,0,0,.858,.514,0,-.514,.858,0,0,0,1);es="Linear";ed="In";};["000-offset.013"]={cf=cfr(0,0,0,-.364,.932,0,-.932,-.364,0,0,0,1);es="Linear";ed="In";};["000-offset.002"]={cf=cfr(0,0,0,.762,.633,.138,-.647,.753,.117,-.03,-.179,.983);es="Linear";ed="In";};["000-offset.011"]={cf=cfr(0,0,0,.45,-.893,-.021,.893,.451,-.018,.026,-.01,1);es="Linear";ed="In";};["000-offset.014"]={cf=cfr(0,0,0,.184,-.983,.013,.981,.185,.056,-.057,.002,.998);es="Linear";ed="In";};["000-offset.006"]={cf=cfr(0,0,0,-.426,.898,-.109,-.655,-.389,-.648,-.624,-.205,.754);es="Linear";ed="In";};["000-offset.003"]={cf=cfr(0,0,0,.173,-.941,-.29,.466,.338,-.818,.868,.006,.497);es="Linear";ed="In";};["000-offset.004"]={cf=cfr(0,0,0,.784,-.621,0,.621,.784,0,0,0,1);es="Linear";ed="In";};};{tm=.978;["000-offset"]={cf=cfr(0,0,0,.499,.866,-.016,-.814,.475,.333,.296,-.153,.943);es="Linear";ed="In";};["000-offset.009"]={cf=cfr(0,0,0,.353,-.934,-.058,.849,.346,-.4,.394,.092,.915);es="Linear";ed="In";};["000-offset.001"]={cf=cfr(0,0,0,.964,.132,-.23,-.13,.991,.025,.232,.006,.973);es="Linear";ed="In";};["000-offset.010"]={cf=cfr(0,0,0,.867,.497,0,-.497,.867,0,0,0,1);es="Linear";ed="In";};["000-offset.013"]={cf=cfr(0,0,0,-.344,.939,0,-.939,-.344,0,0,0,1);es="Linear";ed="In";};["000-offset.002"]={cf=cfr(0,0,0,.773,.615,.156,-.633,.76,.144,-.03,-.21,.977);es="Linear";ed="In";};["000-offset.011"]={cf=cfr(0,0,0,.448,-.894,-.021,.894,.448,-.018,.026,-.01,1);es="Linear";ed="In";};["000-offset.014"]={cf=cfr(0,0,0,.205,-.979,.013,.977,.205,.056,-.057,.001,.998);es="Linear";ed="In";};["000-offset.006"]={cf=cfr(0,0,0,-.43,.896,-.109,-.653,-.392,-.648,-.623,-.207,.754);es="Linear";ed="In";};["000-offset.003"]={cf=cfr(0,0,0,.184,-.938,-.292,.454,.345,-.821,.872,.019,.49);es="Linear";ed="In";};["000-offset.004"]={cf=cfr(0,0,0,.788,-.616,0,.616,.788,0,0,0,1);es="Linear";ed="In";};};{tm=1.021;["root"]={cf=cfr(-.381,2.665,-.056,0,0,1,0,1,0,-1,0,0);es="Linear";ed="In";};["000-offset"]={cf=cfr(0,0,0,.499,.866,-.016,-.814,.475,.334,.297,-.153,.943);es="Linear";ed="In";};["000-offset.009"]={cf=cfr(0,0,0,.348,-.936,-.056,.852,.341,-.396,.39,.09,.917);es="Linear";ed="In";};["000-offset.001"]={cf=cfr(0,0,0,.964,.13,-.231,-.128,.991,.024,.232,.006,.973);es="Linear";ed="In";};["000-offset.010"]={cf=cfr(0,0,0,.872,.489,0,-.489,.872,0,0,0,1);es="Linear";ed="In";};["000-offset.013"]={cf=cfr(0,0,0,-.325,.946,0,-.946,-.325,0,0,0,1);es="Linear";ed="In";};["000-offset.002"]={cf=cfr(0,0,0,.786,.594,.173,-.618,.767,.173,-.03,-.242,.97);es="Linear";ed="In";};["000-offset.011"]={cf=cfr(0,0,0,.447,-.894,-.021,.894,.447,-.018,.026,-.01,1);es="Linear";ed="In";};["000-offset.014"]={cf=cfr(0,0,0,.227,-.974,.013,.972,.227,.055,-.057,0,.998);es="Linear";ed="In";};["000-offset.006"]={cf=cfr(0,0,0,-.433,.895,-.109,-.652,-.395,-.648,-.622,-.21,.754);es="Linear";ed="In";};["000-offset.003"]={cf=cfr(0,0,0,.196,-.935,-.295,.44,.352,-.826,.876,.032,.481);es="Linear";ed="In";};["000-offset.004"]={cf=cfr(0,0,0,.797,-.604,0,.604,.797,0,0,0,1);es="Linear";ed="In";};};{tm=1.063;["root"]={cf=cfr(-.381,2.665,-.042,0,0,1,0,1,0,-1,0,0);es="Linear";ed="In";};["000-offset"]={cf=cfr(0,0,0,.496,.868,-.016,-.815,.472,.336,.299,-.153,.942);es="Linear";ed="In";};["000-offset.009"]={cf=cfr(0,0,0,.342,-.938,-.054,.857,.335,-.392,.386,.088,.918);es="Linear";ed="In";};["000-offset.001"]={cf=cfr(0,0,0,.964,.129,-.231,-.127,.992,.023,.232,.007,.973);es="Linear";ed="In";};["000-offset.010"]={cf=cfr(0,0,0,.875,.485,0,-.485,.875,0,0,0,1);es="Linear";ed="In";};["000-offset.013"]={cf=cfr(0,0,0,-.306,.952,0,-.952,-.306,0,0,0,1);es="Linear";ed="In";};["000-offset.002"]={cf=cfr(0,0,0,.798,.572,.189,-.601,.773,.203,-.03,-.275,.961);es="Linear";ed="In";};["000-offset.011"]={cf=cfr(0,0,0,.446,-.895,-.021,.895,.446,-.018,.026,-.01,1);es="Linear";ed="In";};["000-offset.014"]={cf=cfr(0,0,0,.249,-.968,.013,.967,.25,.055,-.057,-.001,.998);es="Linear";ed="In";};["000-offset.006"]={cf=cfr(0,0,0,-.437,.893,-.109,-.65,-.398,-.647,-.621,-.212,.754);es="Linear";ed="In";};["000-offset.003"]={cf=cfr(0,0,0,.207,-.932,-.298,.425,.36,-.831,.881,.046,.47);es="Linear";ed="In";};["000-offset.004"]={cf=cfr(0,0,0,.811,-.585,0,.585,.811,0,0,0,1);es="Linear";ed="In";};};{tm=1.106;["root"]={cf=cfr(-.381,2.665,-.014,0,0,1,0,1,0,-1,0,0);es="Linear";ed="In";};["000-offset"]={cf=cfr(0,0,0,.492,.871,-.016,-.817,.467,.338,.302,-.153,.941);es="Linear";ed="In";};["000-offset.009"]={cf=cfr(0,0,0,.335,-.941,-.052,.862,.328,-.387,.381,.085,.921);es="Linear";ed="In";};["000-offset.001"]={cf=cfr(0,0,0,.965,.127,-.231,-.125,.992,.022,.232,.008,.973);es="Linear";ed="In";};["000-offset.010"]={cf=cfr(0,0,0,.875,.485,0,-.485,.875,0,0,0,1);es="Linear";ed="In";};["000-offset.013"]={cf=cfr(0,0,0,-.289,.957,0,-.957,-.289,0,0,0,1);es="Linear";ed="In";};["000-offset.002"]={cf=cfr(0,0,0,.811,.548,.203,-.584,.778,.234,-.03,-.308,.951);es="Linear";ed="In";};["000-offset.011"]={cf=cfr(0,0,0,.447,-.894,-.021,.894,.447,-.018,.026,-.01,1);es="Linear";ed="In";};["000-offset.014"]={cf=cfr(0,0,0,.272,-.962,.013,.961,.272,.055,-.057,-.003,.998);es="Linear";ed="In";};["000-offset.006"]={cf=cfr(0,0,0,-.441,.891,-.109,-.648,-.4,-.647,-.62,-.215,.754);es="Linear";ed="In";};["000-offset.003"]={cf=cfr(0,0,0,.218,-.928,-.302,.408,.367,-.836,.886,.059,.459);es="Linear";ed="In";};["000-offset.004"]={cf=cfr(0,0,0,.827,-.562,0,.562,.827,0,0,0,1);es="Linear";ed="In";};};{tm=1.148;["root"]={cf=cfr(-.381,2.665,0,0,0,1,0,1,0,-1,0,0);es="Linear";ed="In";};["000-offset"]={cf=cfr(0,0,0,.486,.874,-.015,-.819,.461,.342,.306,-.153,.94);es="Linear";ed="In";};["000-offset.009"]={cf=cfr(0,0,0,.327,-.944,-.05,.867,.32,-.383,.377,.082,.923);es="Linear";ed="In";};["000-offset.001"]={cf=cfr(0,0,0,.965,.125,-.232,-.124,.992,.021,.232,.008,.973);es="Linear";ed="In";};["000-offset.010"]={cf=cfr(0,0,0,.873,.488,0,-.488,.873,0,0,0,1);es="Linear";ed="In";};["000-offset.013"]={cf=cfr(0,0,0,-.273,.962,0,-.962,-.273,0,0,0,1);es="Linear";ed="In";};["000-offset.002"]={cf=cfr(0,0,0,.824,.524,.216,-.565,.781,.265,-.03,-.34,.94);es="Linear";ed="In";};["000-offset.011"]={cf=cfr(0,0,0,.448,-.894,-.021,.894,.448,-.018,.026,-.01,1);es="Linear";ed="In";};["000-offset.014"]={cf=cfr(0,0,0,.294,-.956,.013,.954,.294,.055,-.057,-.004,.998);es="Linear";ed="In";};["000-offset.006"]={cf=cfr(0,0,0,-.445,.889,-.109,-.647,-.403,-.647,-.619,-.218,.754);es="Linear";ed="In";};["000-offset.003"]={cf=cfr(0,0,0,.227,-.925,-.306,.392,.374,-.84,.892,.071,.447);es="Linear";ed="In";};["000-offset.004"]={cf=cfr(0,0,0,.845,-.535,0,.535,.845,0,0,0,1);es="Linear";ed="In";};};{tm=1.191;["root"]={cf=cfr(-.381,2.665,.028,0,0,1,0,1,0,-1,0,0);es="Linear";ed="In";};["000-offset"]={cf=cfr(0,0,0,.479,.878,-.015,-.821,.454,.346,.31,-.153,.938);es="Linear";ed="In";};["000-offset.009"]={cf=cfr(0,0,0,.318,-.947,-.048,.872,.312,-.378,.373,.078,.925);es="Linear";ed="In";};["000-offset.001"]={cf=cfr(0,0,0,.965,.123,-.232,-.122,.992,.02,.233,.009,.973);es="Linear";ed="In";};["000-offset.010"]={cf=cfr(0,0,0,.869,.494,0,-.494,.869,0,0,0,1);es="Linear";ed="In";};["000-offset.013"]={cf=cfr(0,0,0,-.258,.966,0,-.966,-.258,0,0,0,1);es="Linear";ed="In";};["000-offset.002"]={cf=cfr(0,0,0,.837,.499,.226,-.547,.783,.295,-.029,-.371,.928);es="Linear";ed="In";};["000-offset.011"]={cf=cfr(0,0,0,.449,-.894,-.021,.893,.449,-.018,.026,-.01,1);es="Linear";ed="In";};["000-offset.014"]={cf=cfr(0,0,0,.315,-.949,.013,.947,.315,.055,-.057,-.005,.998);es="Linear";ed="In";};["000-offset.006"]={cf=cfr(0,0,0,-.449,.887,-.109,-.645,-.406,-.647,-.618,-.221,.754);es="Linear";ed="In";};["000-offset.003"]={cf=cfr(0,0,0,.234,-.922,-.31,.377,.38,-.845,.896,.081,.436);es="Linear";ed="In";};["000-offset.004"]={cf=cfr(0,0,0,.863,-.504,0,.504,.863,0,0,0,1);es="Linear";ed="In";};};{tm=1.233;["root"]={cf=cfr(-.381,2.665,.056,0,0,1,0,1,0,-1,0,0);es="Linear";ed="In";};["000-offset"]={cf=cfr(0,0,0,.472,.882,-.014,-.823,.446,.35,.315,-.154,.937);es="Linear";ed="In";};["000-offset.009"]={cf=cfr(0,0,0,.309,-.95,-.046,.877,.303,-.373,.368,.075,.927);es="Linear";ed="In";};["000-offset.001"]={cf=cfr(0,0,0,.965,.122,-.232,-.12,.993,.019,.233,.01,.972);es="Linear";ed="In";};["000-offset.010"]={cf=cfr(0,0,0,.865,.501,0,-.501,.865,0,0,0,1);es="Linear";ed="In";};["000-offset.013"]={cf=cfr(0,0,0,-.247,.969,0,-.969,-.247,0,0,0,1);es="Linear";ed="In";};["000-offset.002"]={cf=cfr(0,0,0,.848,.475,.234,-.529,.784,.325,-.029,-.399,.917);es="Linear";ed="In";};["000-offset.011"]={cf=cfr(0,0,0,.449,-.893,-.021,.893,.45,-.018,.026,-.01,1);es="Linear";ed="In";};["000-offset.014"]={cf=cfr(0,0,0,.335,-.942,.013,.94,.335,.056,-.057,-.007,.998);es="Linear";ed="In";};["000-offset.006"]={cf=cfr(0,0,0,-.454,.885,-.109,-.643,-.409,-.647,-.617,-.224,.754);es="Linear";ed="In";};["000-offset.003"]={cf=cfr(0,0,0,.239,-.919,-.314,.363,.385,-.849,.901,.089,.425);es="Linear";ed="In";};["000-offset.004"]={cf=cfr(0,0,0,.882,-.472,0,.472,.882,0,0,0,1);es="Linear";ed="In";};};{tm=1.276;["root"]={cf=cfr(-.381,2.665,.085,0,0,1,0,1,0,-1,0,0);es="Linear";ed="In";};["000-offset"]={cf=cfr(0,0,0,.465,.885,-.013,-.826,.439,.355,.32,-.154,.935);es="Linear";ed="In";};["000-offset.009"]={cf=cfr(0,0,0,.3,-.953,-.045,.882,.295,-.368,.364,.071,.929);es="Linear";ed="In";};["000-offset.001"]={cf=cfr(0,0,0,.965,.12,-.233,-.119,.993,.018,.233,.01,.972);es="Linear";ed="In";};["000-offset.010"]={cf=cfr(0,0,0,.86,.51,0,-.51,.86,0,0,0,1);es="Linear";ed="In";};["000-offset.013"]={cf=cfr(0,0,0,-.238,.971,0,-.971,-.238,0,0,0,1);es="Linear";ed="In";};["000-offset.002"]={cf=cfr(0,0,0,.859,.452,.239,-.511,.784,.352,-.029,-.424,.905);es="Linear";ed="In";};["000-offset.011"]={cf=cfr(0,0,0,.452,-.892,-.021,.892,.452,-.018,.026,-.01,1);es="Linear";ed="In";};["000-offset.014"]={cf=cfr(0,0,0,.354,-.935,.013,.933,.354,.056,-.057,-.008,.998);es="Linear";ed="In";};["000-offset.006"]={cf=cfr(0,0,0,-.458,.882,-.109,-.641,-.412,-.647,-.616,-.226,.754);es="Linear";ed="In";};["000-offset.003"]={cf=cfr(0,0,0,.242,-.917,-.318,.351,.388,-.852,.905,.094,.415);es="Linear";ed="In";};["000-offset.004"]={cf=cfr(0,0,0,.898,-.439,0,.439,.898,0,0,0,1);es="Linear";ed="In";};};{tm=1.319;["root"]={cf=cfr(-.381,2.665,.113,0,0,1,0,1,0,-1,0,0);es="Linear";ed="In";};["000-offset"]={cf=cfr(0,0,0,.457,.889,-.012,-.828,.431,.359,.325,-.154,.933);es="Linear";ed="In";};["000-offset.009"]={cf=cfr(0,0,0,.291,-.956,-.043,.886,.287,-.364,.36,.068,.931);es="Linear";ed="In";};["000-offset.001"]={cf=cfr(0,0,0,.965,.118,-.233,-.117,.993,.017,.233,.011,.972);es="Linear";ed="In";};["000-offset.010"]={cf=cfr(0,0,0,.855,.519,0,-.519,.855,0,0,0,1);es="Linear";ed="In";};["000-offset.013"]={cf=cfr(0,0,0,-.233,.972,0,-.972,-.233,0,0,0,1);es="Linear";ed="In";};["000-offset.002"]={cf=cfr(0,0,0,.869,.432,.243,-.494,.784,.376,-.028,-.447,.894);es="Linear";ed="In";};["000-offset.011"]={cf=cfr(0,0,0,.455,-.89,-.021,.89,.456,-.018,.026,-.01,1);es="Linear";ed="In";};["000-offset.014"]={cf=cfr(0,0,0,.371,-.928,.013,.927,.371,.056,-.057,-.009,.998);es="Linear";ed="In";};["000-offset.006"]={cf=cfr(0,0,0,-.462,.88,-.109,-.639,-.416,-.647,-.615,-.229,.754);es="Linear";ed="In";};["000-offset.003"]={cf=cfr(0,0,0,.242,-.915,-.321,.342,.39,-.855,.908,.097,.408);es="Linear";ed="In";};["000-offset.004"]={cf=cfr(0,0,0,.913,-.407,0,.407,.913,0,0,0,1);es="Linear";ed="In";};};{tm=1.361;["root"]={cf=cfr(-.381,2.665,.141,0,0,1,0,1,0,-1,0,0);es="Linear";ed="In";};["000-offset"]={cf=cfr(0,0,0,.451,.893,-.011,-.83,.424,.363,.329,-.154,.932);es="Linear";ed="In";};["000-offset.009"]={cf=cfr(0,0,0,.284,-.958,-.042,.89,.28,-.359,.356,.064,.932);es="Linear";ed="In";};["000-offset.001"]={cf=cfr(0,0,0,.965,.116,-.233,-.116,.993,.016,.233,.012,.972);es="Linear";ed="In";};["000-offset.010"]={cf=cfr(0,0,0,.85,.527,0,-.527,.85,0,0,0,1);es="Linear";ed="In";};["000-offset.013"]={cf=cfr(0,0,0,-.233,.973,0,-.973,-.233,0,0,0,1);es="Linear";ed="In";};["000-offset.002"]={cf=cfr(0,0,0,.877,.413,.244,-.479,.783,.397,-.027,-.465,.885);es="Linear";ed="In";};["000-offset.011"]={cf=cfr(0,0,0,.459,-.888,-.021,.888,.46,-.018,.026,-.01,1);es="Linear";ed="In";};["000-offset.014"]={cf=cfr(0,0,0,.386,-.922,.013,.921,.386,.056,-.057,-.01,.998);es="Linear";ed="In";};["000-offset.006"]={cf=cfr(0,0,0,-.466,.878,-.109,-.637,-.419,-.647,-.614,-.232,.754);es="Linear";ed="In";};["000-offset.003"]={cf=cfr(0,0,0,.241,-.915,-.324,.335,.392,-.857,.911,.098,.401);es="Linear";ed="In";};["000-offset.004"]={cf=cfr(0,0,0,.926,-.377,0,.377,.926,0,0,0,1);es="Linear";ed="In";};};{tm=1.404;["root"]={cf=cfr(-.381,2.665,.169,0,0,1,0,1,0,-1,0,0);es="Linear";ed="In";};["000-offset"]={cf=cfr(0,0,0,.445,.896,-.011,-.831,.417,.367,.333,-.154,.93);es="Linear";ed="In";};["000-offset.009"]={cf=cfr(0,0,0,.277,-.96,-.041,.894,.273,-.355,.352,.062,.934);es="Linear";ed="In";};["000-offset.001"]={cf=cfr(0,0,0,.966,.115,-.233,-.114,.993,.015,.234,.012,.972);es="Linear";ed="In";};["000-offset.010"]={cf=cfr(0,0,0,.845,.534,0,-.534,.845,0,0,0,1);es="Linear";ed="In";};["000-offset.013"]={cf=cfr(0,0,0,-.232,.973,0,-.973,-.232,0,0,0,1);es="Linear";ed="In";};["000-offset.002"]={cf=cfr(0,0,0,.885,.397,.244,-.466,.782,.414,-.026,-.48,.877);es="Linear";ed="In";};["000-offset.011"]={cf=cfr(0,0,0,.464,-.885,-.021,.885,.465,-.018,.026,-.01,1);es="Linear";ed="In";};["000-offset.014"]={cf=cf