local cfr = CFrame.new

return {{tm=0;["HumanoidRootPart"]={cf=cfr(0,0,0,1,0,0,0,1,0,0,0,1);es="Linear";ed="In";};["LowerTorso"]={cf=cfr(-.381,0,0,.943,-.294,.158,.324,.921,-.219,-.081,.257,.963);es="Linear";ed="In";};["RightUpperLeg"]={cf=cfr(0,0,0,.914,.103,-.392,-.037,.985,.171,.404,-.142,.904);es="Linear";ed="In";};["LeftUpperLeg"]={cf=cfr(0,0,0,.946,.301,.118,-.32,.814,.485,.05,-.497,.867);es="Linear";ed="In";};["UpperTorso"]={cf=cfr(0,0,-.015,.946,-.297,-.127,.264,.938,-.226,.186,.18,.966);es="Linear";ed="In";};["RightLowerLeg"]={cf=cfr(0,0,0,.999,-.04,-.007,.021,.356,.934,-.035,-.934,.357);es="Linear";ed="In";};["LeftLowerLeg"]={cf=cfr(0,0,0,1,.005,-.003,-.003,.892,.453,.005,-.453,.892);es="Linear";ed="In";};["RightUpperArm"]={cf=cfr(0,0,0,.901,-.421,-.105,-.434,-.881,-.188,-.013,.215,-.977);es="Linear";ed="In";};["LeftUpperArm"]={cf=cfr(0,0,0,.724,.416,.55,-.687,.51,.518,-.065,-.753,.655);es="Linear";ed="In";};["Head"]={cf=cfr(0,0,0,.993,.028,.113,-.044,.988,.145,-.108,-.149,.983);es="Linear";ed="In";};["RightFoot"]={cf=cfr(0,0,0,1,.014,.026,-.01,.988,-.157,-.028,.156,.987);es="Linear";ed="In";};["LeftFoot"]={cf=cfr(0,0,0,1,-.008,-.006,.009,.971,.24,.004,-.24,.971);es="Linear";ed="In";};["RightLowerArm"]={cf=cfr(0,0,0,.482,-.823,-.3,.866,.499,.023,.131,-.27,.954);es="Linear";ed="In";};["LeftLowerArm"]={cf=cfr(0,0,0,.962,-.119,-.246,.207,.903,.376,.177,-.413,.893);es="Linear";ed="In";};["RightHand"]={cf=cfr(0,0,0,.929,-.051,-.367,.139,.966,.216,.344,-.252,.905);es="Linear";ed="In";};["LeftHand"]={cf=cfr(0,0,0,1,0,0,0,1,0,0,0,1);es="Linear";ed="In";};};{tm=.042;["HumanoidRootPart"]={cf=cfr(0,0,0,1,0,0,0,1,0,0,0,1);es="Linear";ed="In";};["LowerTorso"]={cf=cfr(-.367,.016,-.113,.942,-.298,.156,.33,.911,-.248,-.068,.285,.956);es="Linear";ed="In";};["RightUpperLeg"]={cf=cfr(0,0,0,.914,.095,-.394,-.038,.988,.152,.403,-.124,.907);es="Linear";ed="In";};["LeftUpperLeg"]={cf=cfr(0,0,0,.947,.302,.11,-.317,.828,.462,.048,-.472,.88);es="Linear";ed="In";};["UpperTorso"]={cf=cfr(0,0,-.015,.948,-.295,-.12,.267,.942,-.203,.173,.16,.972);es="Linear";ed="In";};["RightLowerLeg"]={cf=cfr(0,0,0,.999,-.039,-.006,.021,.396,.918,-.034,-.917,.397);es="Linear";ed="In";};["LeftLowerLeg"]={cf=cfr(0,0,0,1,.005,-.003,-.003,.901,.435,.005,-.435,.901);es="Linear";ed="In";};["RightUpperArm"]={cf=cfr(0,0,0,.903,-.42,-.087,-.429,-.886,-.177,-.003,.197,-.98);es="Linear";ed="In";};["LeftUpperArm"]={cf=cfr(0,0,0,.725,.432,.536,-.687,.51,.517,-.05,-.743,.667);es="Linear";ed="In";};["Head"]={cf=cfr(0,0,0,.993,.025,.116,-.045,.984,.172,-.11,-.176,.978);es="Linear";ed="In";};["RightFoot"]={cf=cfr(0,0,0,1,.014,.026,-.01,.989,-.148,-.028,.148,.989);es="Linear";ed="In";};["LeftFoot"]={cf=cfr(0,0,0,1,-.008,-.006,.009,.974,.227,.004,-.227,.974);es="Linear";ed="In";};["RightLowerArm"]={cf=cfr(0,0,0,.478,-.828,-.295,.87,.492,.03,.12,-.271,.955);es="Linear";ed="In";};["LeftLowerArm"]={cf=cfr(0,0,0,.965,-.12,-.233,.203,.904,.375,.166,-.409,.897);es="Linear";ed="In";};["RightHand"]={cf=cfr(0,0,0,.929,-.051,-.367,.139,.966,.216,.344,-.252,.905);es="Linear";ed="In";};["LeftHand"]={cf=cfr(0,0,0,1,0,0,0,1,0,0,0,1);es="Linear";ed="In";};};{tm=.085;["HumanoidRootPart"]={cf=cfr(0,0,0,1,0,0,0,1,0,0,0,1);es="Linear";ed="In";};["LowerTorso"]={cf=cfr(-.324,.102,-.238,.938,-.31,.152,.344,.88,-.327,-.032,.359,.933);es="Linear";ed="In";};["RightUpperLeg"]={cf=cfr(0,0,0,.915,.077,-.397,-.039,.994,.103,.402,-.078,.912);es="Linear";ed="In";};["LeftUpperLeg"]={cf=cfr(0,0,0,.949,.303,.087,-.311,.863,.398,.046,-.405,.913);es="Linear";ed="In";};["UpperTorso"]={cf=cfr(0,0,-.015,.953,-.287,-.1,.272,.952,-.14,.136,.106,.985);es="Linear";ed="In";};["RightLowerLeg"]={cf=cfr(0,0,0,.999,-.037,-.003,.021,.498,.867,-.03,-.866,.499);es="Linear";ed="In";};["LeftLowerLeg"]={cf=cfr(0,0,0,1,.004,-.003,-.003,.923,.386,.004,-.386,.923);es="Linear";ed="In";};["RightUpperArm"]={cf=cfr(0,0,0,.909,-.416,-.043,-.417,-.897,-.147,.022,.151,-.988);es="Linear";ed="In";};["LeftUpperArm"]={cf=cfr(0,0,0,.727,.476,.496,-.687,.512,.515,-.009,-.715,.699);es="Linear";ed="In";};["Head"]={cf=cfr(0,0,0,.992,.017,.122,-.046,.97,.24,-.114,-.244,.963);es="Linear";ed="In";};["RightFoot"]={cf=cfr(0,0,0,1,.014,.027,-.011,.992,-.126,-.028,.126,.992);es="Linear";ed="In";};["LeftFoot"]={cf=cfr(0,0,0,1,-.008,-.006,.009,.981,.193,.005,-.193,.981);es="Linear";ed="In";};["RightLowerArm"]={cf=cfr(0,0,0,.467,-.838,-.283,.88,.473,.051,.091,-.273,.958);es="Linear";ed="In";};["LeftLowerArm"]={cf=cfr(0,0,0,.972,-.123,-.198,.191,.908,.372,.134,-.4,.907);es="Linear";ed="In";};["RightHand"]={cf=cfr(0,0,0,.929,-.051,-.367,.139,.966,.216,.344,-.252,.905);es="Linear";ed="In";};["LeftHand"]={cf=cfr(0,0,0,1,0,0,0,1,0,0,0,1);es="Linear";ed="In";};};{tm=.127;["HumanoidRootPart"]={cf=cfr(0,0,0,1,0,0,0,1,0,0,0,1);es="Linear";ed="In";};["LowerTorso"]={cf=cfr(-.268,.248,-.56,.934,-.327,.145,.358,.826,-.436,.023,.459,.888);es="Linear";ed="In";};["RightUpperLeg"]={cf=cfr(0,0,0,.915,.05,-.401,-.04,.999,.033,.402,-.014,.916);es="Linear";ed="In";};["LeftUpperLeg"]={cf=cfr(0,0,0,.951,.304,.054,-.305,.902,.305,.044,-.306,.951);es="Linear";ed="In";};["UpperTorso"]={cf=cfr(0,0,-.015,.958,-.276,-.071,.274,.961,-.048,.082,.027,.996);es="Linear";ed="In";};["RightLowerLeg"]={cf=cfr(0,0,0,.999,-.032,0,.02,.632,.775,-.025,-.774,.632);es="Linear";ed="In";};["LeftLowerLeg"]={cf=cfr(0,0,0,1,.004,-.003,-.003,.949,.315,.004,-.315,.949);es="Linear";ed="In";};["RightUpperArm"]={cf=cfr(0,0,0,.912,-.41,.017,-.407,-.908,-.105,.059,.089,-.994);es="Linear";ed="In";};["LeftUpperArm"]={cf=cfr(0,0,0,.727,.537,.429,-.685,.518,.512,.053,-.666,.744);es="Linear";ed="In";};["Head"]={cf=cfr(0,0,0,.992,.006,.128,-.049,.943,.331,-.119,-.334,.935);es="Linear";ed="In";};["RightFoot"]={cf=cfr(0,0,0,1,.015,.027,-.012,.995,-.094,-.028,.094,.995);es="Linear";ed="In";};["LeftFoot"]={cf=cfr(0,0,0,1,-.008,-.007,.009,.989,.146,.006,-.146,.989);es="Linear";ed="In";};["RightLowerArm"]={cf=cfr(0,0,0,.453,-.85,-.27,.89,.448,.082,.051,-.278,.959);es="Linear";ed="In";};["LeftLowerArm"]={cf=cfr(0,0,0,.982,-.124,-.144,.17,.914,.369,.086,-.386,.918);es="Linear";ed="In";};["RightHand"]={cf=cfr(0,0,0,.929,-.051,-.367,.139,.966,.216,.344,-.252,.905);es="Linear";ed="In";};["LeftHand"]={cf=cfr(0,0,0,1,0,0,0,1,0,0,0,1);es="Linear";ed="In";};};{tm=.17;["HumanoidRootPart"]={cf=cfr(0,0,0,1,0,0,0,1,0,0,0,1);es="Linear";ed="In";};["LowerTorso"]={cf=cfr(-.197,.423,-.938,.928,-.348,.137,.362,.747,-.558,.091,.567,.819);es="Linear";ed="In";};["RightUpperLeg"]={cf=cfr(0,0,0,.914,.021,-.405,-.043,.998,-.046,.403,.059,.913);es="Linear";ed="In";};["LeftUpperLeg"]={cf=cfr(0,0,0,.952,.305,.017,-.302,.934,.192,.043,-.188,.981);es="Linear";ed="In";};["UpperTorso"]={cf=cfr(0,0,-.015,.964,-.264,-.037,.265,.962,.062,.019,-.069,.997);es="Linear";ed="In";};["RightLowerLeg"]={cf=cfr(0,0,0,1,-.027,.002,.019,.765,.644,-.019,-.644,.765);es="Linear";ed="In";};["LeftLowerLeg"]={cf=cfr(0,0,0,1,.003,-.002,-.002,.973,.232,.003,-.232,.973);es="Linear";ed="In";};["RightUpperArm"]={cf=cfr(0,0,0,.91,-.405,.083,-.401,-.914,-.06,.1,.021,-.995);es="Linear";ed="In";};["LeftUpperArm"]={cf=cfr(0,0,0,.723,.602,.338,-.679,.53,.507,.126,-.597,.793);es="Linear";ed="In";};["Head"]={cf=cfr(0,0,0,.991,-.005,.133,-.052,.904,.425,-.122,-.428,.895);es="Linear";ed="In";};["RightFoot"]={cf=cfr(0,0,0,1,.015,.028,-.013,.998,-.057,-.028,.057,.998);es="Linear";ed="In";};["LeftFoot"]={cf=cfr(0,0,0,1,-.008,-.007,.008,.996,.091,.006,-.091,.996);es="Linear";ed="In";};["RightLowerArm"]={cf=cfr(0,0,0,.439,-.86,-.26,.899,.422,.12,.007,-.286,.958);es="Linear";ed="In";};["LeftLowerArm"]={cf=cfr(0,0,0,.99,-.118,-.075,.138,.921,.364,.026,-.371,.928);es="Linear";ed="In";};["RightHand"]={cf=cfr(0,0,0,.929,-.051,-.367,.139,.966,.216,.344,-.252,.905);es="Linear";ed="In";};["LeftHand"]={cf=cfr(0,0,0,1,0,0,0,1,0,0,0,1);es="Linear";ed="In";};};{tm=.212;["HumanoidRootPart"]={cf=cfr(0,0,0,1,0,0,0,1,0,0,0,1);es="Linear";ed="In";};["LowerTorso"]={cf=cfr(-.127,.612,-1.316,.921,-.369,.128,.354,.649,-.674,.165,.665,.728);es="Linear";ed="In";};["RightUpperLeg"]={cf=cfr(0,0,0,.913,-.008,-.408,-.045,.992,-.121,.406,.129,.905);es="Linear";ed="In";};["LeftUpperLeg"]={cf=cfr(0,0,0,.952,.306,-.021,-.304,.95,.077,.044,-.067,.997);es="Linear";ed="In";};["UpperTorso"]={cf=cfr(0,0,-.015,.968,-.25,0,.246,.953,.177,-.045,-.171,.984);es="Linear";ed="In";};["RightLowerLeg"]={cf=cfr(0,0,0,1,-.021,.004,.016,.872,.489,-.014,-.489,.872);es="Linear";ed="In";};["LeftLowerLeg"]={cf=cfr(0,0,0,1,.002,-.002,-.002,.989,.149,.002,-.149,.989);es="Linear";ed="In";};["RightUpperArm"]={cf=cfr(0,0,0,.905,-.401,.142,-.402,-.915,-.02,.138,-.039,-.99);es="Linear";ed="In";};["LeftUpperArm"]={cf=cfr(0,0,0,.715,.661,.226,-.668,.551,.501,.206,-.509,.836);es="Linear";ed="In";};["Head"]={cf=cfr(0,0,0,.991,-.016,.134,-.055,.861,.506,-.123,-.509,.852);es="Linear";ed="In";};["RightFoot"]={cf=cfr(0,0,0,1,.014,.028,-.014,1,-.018,-.028,.018,.999);es="Linear";ed="In";};["LeftFoot"]={cf=cfr(0,0,0,1,-.007,-.007,.008,.999,.035,.007,-.035,.999);es="Linear";ed="In";};["RightLowerArm"]={cf=cfr(0,0,0,.427,-.867,-.255,.904,.399,.156,-.033,-.297,.954);es="Linear";ed="In";};["LeftLowerArm"]={cf=cfr(0,0,0,.995,-.102,.004,.094,.929,.357,-.04,-.355,.934);es="Linear";ed="In";};["RightHand"]={cf=cfr(0,0,0,.929,-.051,-.367,.139,.966,.216,.344,-.252,.905);es="Linear";ed="In";};["LeftHand"]={cf=cfr(0,0,0,1,0,0,0,1,0,0,0,1);es="Linear";ed="In";};};{tm=.255;["HumanoidRootPart"]={cf=cfr(0,0,0,1,0,0,0,1,0,0,0,1);es="Linear";ed="In";};["LowerTorso"]={cf=cfr(-.057,.786,-1.595,.914,-.389,.118,.331,.545,-.77,.235,.743,.627);es="Linear";ed="In";};["RightUpperLeg"]={cf=cfr(0,0,0,.911,-.032,-.41,-.048,.982,-.184,.409,.187,.893);es="Linear";ed="In";};["LeftUpperLeg"]={cf=cfr(0,0,0,.95,.307,-.055,-.309,.951,-.026,.044,.041,.998);es="Linear";ed="In";};["UpperTorso"]={cf=cfr(0,0,-.015,.971,-.236,.037,.216,.934,.285,-.102,-.269,.958);es="Linear";ed="In";};["RightLowerLeg"]={cf=cfr(0,0,0,1,-.015,.004,.013,.941,.337,-.009,-.337,.941);es="Linear";ed="In";};["LeftLowerLeg"]={cf=cfr(0,0,0,1,.002,-.001,-.001,.997,.076,.002,-.076,.997);es="Linear";ed="In";};["RightUpperArm"]={cf=cfr(0,0,0,.899,-.397,.184,-.406,-.914,.009,.164,-.083,-.983);es="Linear";ed="In";};["LeftUpperArm"]={cf=cfr(0,0,0,.703,.704,.101,-.651,.581,.489,.285,-.41,.866);es="Linear";ed="In";};["Head"]={cf=cfr(0,0,0,.991,-.024,.128,-.053,.826,.561,-.119,-.563,.818);es="Linear";ed="In";};["RightFoot"]={cf=cfr(0,0,0,.999,.014,.028,-.015,1,.017,-.028,-.017,.999);es="Linear";ed="In";};["LeftFoot"]={cf=cfr(0,0,0,1,-.007,-.007,.007,1,-.012,.007,.012,1);es="Linear";ed="In";};["RightLowerArm"]={cf=cfr(0,0,0,.42,-.87,-.258,.906,.382,.185,-.062,-.311,.948);es="Linear";ed="In";};["LeftLowerArm"]={cf=cfr(0,0,0,.994,-.073,.085,.039,.937,.346,-.105,-.34,.934);es="Linear";ed="In";};["RightHand"]={cf=cfr(0,0,0,.929,-.051,-.367,.139,.966,.216,.344,-.252,.905);es="Linear";ed="In";};["LeftHand"]={cf=cfr(0,0,0,1,0,0,0,1,0,0,0,1);es="Linear";ed="In";};};{tm=.297;["HumanoidRootPart"]={cf=cfr(0,0,0,1,0,0,0,1,0,0,0,1);es="Linear";ed="In";};["LowerTorso"]={cf=cfr(0,.927,-1.621,.908,-.405,.108,.302,.453,-.839,.291,.794,.534);es="Linear";ed="In";};["RightUpperLeg"]={cf=cfr(0,0,0,.911,-.047,-.41,-.049,.974,-.222,.41,.222,.885);es="Linear";ed="In";};["LeftUpperLeg"]={cf=cfr(0,0,0,.948,.307,-.079,-.314,.944,-.098,.044,.118,.992);es="Linear";ed="In";};["UpperTorso"]={cf=cfr(0,0,-.015,.972,-.224,.068,.183,.909,.375,-.146,-.352,.924);es="Linear";ed="In";};["RightLowerLeg"]={cf=cfr(0,0,0,1,-.011,.004,.01,.976,.22,-.006,-.22,.976);es="Linear";ed="In";};["LeftLowerLeg"]={cf=cfr(0,0,0,1,.001,-.001,-.001,1,.026,.001,-.026,1);es="Linear";ed="In";};["RightUpperArm"]={cf=cfr(0,0,0,.896,-.396,.199,-.407,-.913,.019,.174,-.098,-.98);es="Linear";ed="In";};["LeftUpperArm"]={cf=cfr(0,0,0,.689,.724,-.03,-.629,.618,.471,.36,-.306,.882);es="Linear";ed="In";};["Head"]={cf=cfr(0,0,0,.993,-.026,.114,-.044,.815,.577,-.108,-.578,.809);es="Linear";ed="In";};["RightFoot"]={cf=cfr(0,0,0,.999,.014,.029,-.016,.999,.045,-.028,-.046,.999);es="Linear";ed="In";};["LeftFoot"]={cf=cfr(0,0,0,1,-.007,-.008,.007,.999,-.046,.008,.045,.999);es="Linear";ed="In";};["RightLowerArm"]={cf=cfr(0,0,0,.417,-.868,-.269,.906,.373,.2,-.073,-.328,.942);es="Linear";ed="In";};["LeftLowerArm"]={cf=cfr(0,0,0,.986,-.032,.161,-.023,.944,.329,-.162,-.328,.931);es="Linear";ed="In";};["RightHand"]={cf=cfr(0,0,0,.929,-.051,-.367,.139,.966,.216,.344,-.252,.905);es="Linear";ed="In";};["LeftHand"]={cf=cfr(0,0,0,1,0,0,0,1,0,0,0,1);es="Linear";ed="In";};};{tm=.34;["HumanoidRootPart"]={cf=cfr(0,0,0,1,0,0,0,1,0,0,0,1);es="Linear";ed="In";};["LowerTorso"]={cf=cfr(.042,1.039,-1.521,.904,-.417,.099,.276,.389,-.879,.328,.821,.467);es="Linear";ed="In";};["RightUpperLeg"]={cf=cfr(0,0,0,.911,-.049,-.409,-.049,.973,-.225,.409,.225,.884);es="Linear";ed="In";};["LeftUpperLeg"]={cf=cfr(0,0,0,.948,.307,-.088,-.317,.94,-.128,.044,.149,.988);es="Linear";ed="In";};["UpperTorso"]={cf=cfr(0,0,-.015,.972,-.215,.092,.155,.885,.439,-.176,-.412,.894);es="Linear";ed="In";};["RightLowerLeg"]={cf=cfr(0,0,0,1,-.01,.004,.009,.986,.166,-.005,-.166,.986);es="Linear";ed="In";};["LeftLowerLeg"]={cf=cfr(0,0,0,1,.001,-.001,-.001,1,.01,.001,-.01,1);es="Linear";ed="In";};["RightUpperArm"]={cf=cfr(0,0,0,.898,-.395,.194,-.406,-.914,.016,.171,-.093,-.981);es="Linear";ed="In";};["LeftUpperArm"]={cf=cfr(0,0,0,.674,.723,-.156,-.605,.66,.446,.425,-.206,.881);es="Linear";ed="In";};["Head"]={cf=cfr(0,0,0,.995,-.026,.092,-.031,.825,.564,-.09,-.564,.821);es="Linear";ed="In";};["RightFoot"]={cf=cfr(0,0,0,.999,.014,.029,-.016,.998,.062,-.028,-.063,.998);es="Linear";ed="In";};["LeftFoot"]={cf=cfr(0,0,0,1,-.007,-.008,.007,.998,-.057,.008,.057,.998);es="Linear";ed="In";};["RightLowerArm"]={cf=cfr(0,0,0,.418,-.863,-.285,.906,.372,.203,-.069,-.343,.937);es="Linear";ed="In";};["LeftLowerArm"]={cf=cfr(0,0,0,.974,.018,.225,-.088,.948,.305,-.208,-.316,.926);es="Linear";ed="In";};["RightHand"]={cf=cfr(0,0,0,.929,-.051,-.367,.139,.966,.216,.344,-.252,.905);es="Linear";ed="In";};["LeftHand"]={cf=cfr(0,0,0,1,0,0,0,1,0,0,0,1);es="Linear";ed="In";};};{tm=.382;["HumanoidRootPart"]={cf=cfr(0,0,0,1,0,0,0,1,0,0,0,1);es="Linear";ed="In";};["LowerTorso"]={cf=cfr(.042,1.009,-1.451,.902,-.421,.09,.262,.372,-.891,.342,.827,.446);es="Linear";ed="In";};["RightUpperLeg"]={cf=cfr(0,0,0,.913,-.041,-.406,-.046,.979,-.201,.406,.202,.891);es="Linear";ed="In";};["LeftUpperLeg"]={cf=cfr(0,0,0,.948,.307,-.087,-.316,.941,-.123,.044,.144,.989);es="Linear";ed="In";};["UpperTorso"]={cf=cfr(0,0,-.015,.972,-.211,.103,.139,.872,.47,-.189,-.442,.877);es="Linear";ed="In";};["RightLowerLeg"]={cf=cfr(0,0,0,1,-.01,.004,.009,.986,.164,-.005,-.164,.986);es="Linear";ed="In";};["LeftLowerLeg"]={cf=cfr(0,0,0,1,.001,-.001,-.001,1,.024,.001,-.024,1);es="Linear";ed="In";};["RightUpperArm"]={cf=cfr(0,0,0,.9,-.396,.181,-.403,-.915,.007,.163,-.08,-.983);es="Linear";ed="In";};["LeftUpperArm"]={cf=cfr(0,0,0,.659,.703,-.267,-.579,.701,.416,.48,-.12,.869);es="Linear";ed="In";};["Head"]={cf=cfr(0,0,0,.998,-.024,.065,-.015,.841,.54,-.067,-.54,.839);es="Linear";ed="In";};["RightFoot"]={cf=cfr(0,0,0,.999,.014,.029,-.016,.997,.071,-.028,-.072,.997);es="Linear";ed="In";};["LeftFoot"]={cf=cfr(0,0,0,1,-.007,-.008,.007,.999,-.052,.008,.052,.999);es="Linear";ed="In";};["RightLowerArm"]={cf=cfr(0,0,0,.42,-.858,-.297,.905,.374,.2,-.061,-.353,.934);es="Linear";ed="In";};["LeftLowerArm"]={cf=cfr(0,0,0,.959,.071,.274,-.149,.95,.274,-.24,-.304,.922);es="Linear";ed="In";};["RightHand"]={cf=cfr(0,0,0,.929,-.051,-.367,.139,.966,.216,.344,-.252,.905);es="Linear";ed="In";};["LeftHand"]={cf=cfr(0,0,0,1,0,0,0,1,0,0,0,1);es="Linear";ed="In";};};{tm=.425;["HumanoidRootPart"]={cf=cfr(0,0,0,1,0,0,0,1,0,0,0,1);es="Linear";ed="In";};["LowerTorso"]={cf=cfr(0,.895,-1.34,.904,-.42,.08,.262,.395,-.881,.338,.817,.467);es="Linear";ed="In";};["RightUpperLeg"]={cf=cfr(0,0,0,.915,-.027,-.402,-.042,.986,-.162,.401,.166,.901);es="Linear";ed="In";};["LeftUpperLeg"]={cf=cfr(0,0,0,.948,.307,-.081,-.314,.944,-.105,.044,.125,.991);es="Linear";ed="In";};["UpperTorso"]={cf=cfr(0,0,-.015,.972,-.211,.102,.141,.874,.465,-.187,-.438,.879);es="Linear";ed="In";};["RightLowerLeg"]={cf=cfr(0,0,0,1,-.01,.004,.009,.983,.184,-.006,-.184,.983);es="Linear";ed="In";};["LeftLowerLeg"]={cf=cfr(0,0,0,1,.001,-.001,-.001,.999,.053,.001,-.053,.999);es="Linear";ed="In";};["RightUpperArm"]={cf=cfr(0,0,0,.904,-.396,.163,-.401,-.916,-.006,.151,-.06,-.987);es="Linear";ed="In";};["LeftUpperArm"]={cf=cfr(0,0,0,.646,.675,-.357,-.556,.736,.385,.522,-.05,.851);es="Linear";ed="In";};["Head"]={cf=cfr(0,0,0,.999,-.021,.034,0,.862,.506,-.04,-.506,.862);es="Linear";ed="In";};["RightFoot"]={cf=cfr(0,0,0,.999,.014,.029,-.016,.997,.077,-.028,-.078,.997);es="Linear";ed="In";};["LeftFoot"]={cf=cfr(0,0,0,1,-.007,-.008,.007,.999,-.039,.008,.039,.999);es="Linear";ed="In";};["RightLowerArm"]={cf=cfr(0,0,0,.423,-.852,-.307,.905,.38,.193,-.048,-.359,.932);es="Linear";ed="In";};["LeftLowerArm"]={cf=cfr(0,0,0,.944,.123,.306,-.201,.95,.239,-.261,-.288,.922);es="Linear";ed="In";};["RightHand"]={cf=cfr(0,0,0,.929,-.051,-.367,.139,.966,.216,.344,-.252,.905);es="Linear";ed="In";};["LeftHand"]={cf=cfr(0,0,0,1,0,0,0,1,0,0,0,1);es="Linear";ed="In";};};{tm=.467;["HumanoidRootPart"]={cf=cfr(0,0,0,1,0,0,0,1,0,0,0,1);es="Linear";ed="In";};["LowerTorso"]={cf=cfr(-.028,.781,-1.243,.906,-.417,.069,.268,.442,-.856,.326,.794,.512);es="Linear";ed="In";};["RightUpperLeg"]={cf=cfr(0,0,0,.918,-.009,-.397,-.039,.993,-.112,.395,.118,.911);es="Linear";ed="In";};["LeftUpperLeg"]={cf=cfr(0,0,0,.949,.306,-.071,-.311,.947,-.075,.045,.093,.995);es="Linear";ed="In";};["UpperTorso"]={cf=cfr(0,0,-.015,.973,-.214,.09,.156,.888,.433,-.172,-.407,.897);es="Linear";ed="In";};["RightLowerLeg"]={cf=cfr(0,0,0,1,-.011,.004,.01,.975,.221,-.006,-.221,.975);es="Linear";ed="In";};["LeftLowerLeg"]={cf=cfr(0,0,0,1,.002,-.002,-.002,.996,.094,.002,-.094,.996);es="Linear";ed="In";};["RightUpperArm"]={cf=cfr(0,0,0,.907,-.397,.139,-.398,-.917,-.023,.136,-.035,-.99);es="Linear";ed="In";};["LeftUpperArm"]={cf=cfr(0,0,0,.634,.639,-.436,-.534,.769,.35,.559,.011,.829);es="Linear";ed="In";};["Head"]={cf=cfr(0,0,0,1,-.017,.001,.014,.886,.463,-.009,-.463,.886);es="Linear";ed="In";};["RightFoot"]={cf=cfr(0,0,0,.999,.014,.029,-.016,.997,.081,-.028,-.081,.996);es="Linear";ed="In";};["LeftFoot"]={cf=cfr(0,0,0,1,-.007,-.008,.007,1,-.018,.008,.018,1);es="Linear";ed="In";};["RightLowerArm"]={cf=cfr(0,0,0,.428,-.845,-.32,.903,.388,.184,-.031,-.367,.93);es="Linear";ed="In";};["LeftLowerArm"]={cf=cfr(0,0,0,.929,.176,.326,-.25,.948,.198,-.274,-.265,.924);es="Linear";ed="In";};["RightHand"]={cf=cfr(0,0,0,.929,-.051,-.367,.139,.966,.216,.344,-.252,.905);es="Linear";ed="In";};["LeftHand"]={cf=cfr(0,0,0,1,0,0,0,1,0,0,0,1);es="Linear";ed="In";};};{tm=.51;["HumanoidRootPart"]={cf=cfr(0,0,0,1,0,0,0,1,0,0,0,1);es="Linear";ed="In";};["LowerTorso"]={cf=cfr(-.071,.652,-1.132,.91,-.411,.055,.278,.506,-.817,.308,.758,.574);es="Linear";ed="In";};["RightUpperLeg"]={cf=cfr(0,0,0,.92,.013,-.391,-.036,.998,-.051,.39,.061,.919);es="Linear";ed="In";};["LeftUpperLeg"]={cf=cfr(0,0,0,.951,.305,-.059,-.307,.951,-.035,.045,.052,.998);es="Linear";ed="In";};["UpperTorso"]={cf=cfr(0,0,-.015,.973,-.221,.07,.179,.908,.378,-.147,-.355,.923);es="Linear";ed="In";};["RightLowerLeg"]={cf=cfr(0,0,0,1,-.013,.004,.012,.962,.273,-.008,-.273,.962);es="Linear";ed="In";};["LeftLowerLeg"]={cf=cfr(0,0,0,1,.002,-.002,-.002,.99,.144,.002,-.144,.99);es="Linear";ed="In";};["RightUpperArm"]={cf=cfr(0,0,0,.911,-.399,.109,-.397,-.917,-.042,.117,-.005,-.993);es="Linear";ed="In";};["LeftUpperArm"]={cf=cfr(0,0,0,.62,.592,-.515,-.511,.803,.308,.596,.072,.8);es="Linear";ed="In";};["Head"]={cf=cfr(0,0,0,.999,-.012,-.034,.025,.911,.412,.026,-.413,.91);es="Linear";ed="In";};["RightFoot"]={cf=cfr(0,0,0,.999,.014,.029,-.017,.997,.081,-.028,-.081,.996);es="Linear";ed="In";};["LeftFoot"]={cf=cfr(0,0,0,1,-.007,-.008,.007,1,.006,.008,-.007,1);es="Linear";ed="In";};["RightLowerArm"]={cf=cfr(0,0,0,.434,-.838,-.332,.901,.398,.173,-.013,-.374,.927);es="Linear";ed="In";};["LeftLowerArm"]={cf=cfr(0,0,0,.91,.239,.338,-.301,.942,.145,-.283,-.234,.93);es="Linear";ed="In";};["RightHand"]={cf=cfr(0,0,0,.929,-.051,-.367,.139,.966,.216,.344,-.252,.905);es="Linear";ed="In";};["LeftHand"]={cf=cfr(0,0,0,1,0,0,0,1,0,0,0,1);es="Linear";ed="In";};};{tm=.552;["HumanoidRootPart"]={cf=cfr(0,0,0,1,0,0,0,1,0,0,0,1);es="Linear";ed="In";};["LowerTorso"]={cf=cfr(-.113,.522,-.965,.914,-.403,.041,.29,.581,-.761,.283,.707,.648);es="Linear";ed="In";};["RightUpperLeg"]={cf=cfr(0,0,0,.922,.037,-.385,-.033,.999,.017,.385,-.003,.923);es="Linear";ed="In";};["LeftUpperLeg"]={cf=cfr(0,0,0,.952,.304,-.044,-.303,.953,.012,.045,.002,.999);es="Linear";ed="In";};["UpperTorso"]={cf=cfr(0,0,-.015,.972,-.229,.045,.205,.929,.307,-.112,-.289,.951);es="Linear";ed="In";};["RightLowerLeg"]={cf=cfr(0,0,0,1,-.015,.004,.013,.942,.335,-.009,-.335,.942);es="Linear";ed="In";};["LeftLowerLeg"]={cf=cfr(0,0,0,1,.003,-.002,-.002,.98,.201,.003,-.201,.98);es="Linear";ed="In";};["RightUpperArm"]={cf=cfr(0,0,0,.913,-.4,.079,-.396,-.916,-.064,.098,.027,-.995);es="Linear";ed="In";};["LeftUpperArm"]={cf=cfr(0,0,0,.603,.538,-.589,-.488,.833,.261,.631,.13,.765);es="Linear";ed="In";};["Head"]={cf=cfr(0,0,0,.997,-.007,-.071,.032,.934,.356,.064,-.357,.932);es="Linear";ed="In";};["RightFoot"]={cf=cfr(0,0,0,.999,.014,.029,-.017,.997,.08,-.028,-.081,.996);es="Linear";ed="In";};["LeftFoot"]={cf=cfr(0,0,0,1,-.008,-.008,.008,.999,.036,.008,-.036,.999);es="Linear";ed="In";};["RightLowerArm"]={cf=cfr(0,0,0,.44,-.828,-.349,.898,.409,.161,.009,-.384,.923);es="Linear";ed="In";};["LeftLowerArm"]={cf=cfr(0,0,0,.891,.307,.335,-.352,.932,.081,-.287,-.19,.939);es="Linear";ed="In";};["RightHand"]={cf=cfr(0,0,0,.929,-.051,-.367,.139,.966,.216,.344,-.252,.905);es="Linear";ed="In";};["LeftHand"]={cf=cfr(0,0,0,1,0,0,0,1,0,0,0,1);es="Linear";ed="In";};};{tm=.595;["HumanoidRootPart"]={cf=cfr(0,0,0,1,0,0,0,1,0,0,0,1);es="Linear";ed="In";};["LowerTorso"]={cf=cfr(-.155,.406,-.741,.919,-.394,.026,.302,.659,-.689,.254,.64,.725);es="Linear";ed="In";};["RightUpperLeg"]={cf=cfr(0,0,0,.924,.063,-.377,-.032,.995,.089,.381,-.071,.922);es="Linear";ed="In";};["LeftUpperLeg"]={cf=cfr(0,0,0,.953,.302,-.027,-.3,.952,.065,.045,-.054,.998);es="Linear";ed="In";};["UpperTorso"]={cf=cfr(0,0,-.015,.971,-.238,.018,.228,.947,.227,-.071,-.216,.974);es="Linear";ed="In";};["RightLowerLeg"]={cf=cfr(0,0,0,1,-.018,.004,.015,.915,.403,-.011,-.403,.915);es="Linear";ed="In";};["LeftLowerLeg"]={cf=cfr(0,0,0,1,.003,-.002,-.002,.965,.261,.003,-.261,.965);es="Linear";ed="In";};["RightUpperArm"]={cf=cfr(0,0,0,.914,-.402,.046,-.397,-.913,-.087,.077,.062,-.995);es="Linear";ed="In";};["LeftUpperArm"]={cf=cfr(0,0,0,.585,.482,-.652,-.468,.858,.214,.662,.18,.727);es="Linear";ed="In";};["Head"]={cf=cfr(0,0,0,.994,-.002,-.108,.034,.955,.296,.103,-.298,.949);es="Linear";ed="In";};["RightFoot"]={cf=cfr(0,0,0,.999,.014,.029,-.017,.997,.08,-.028,-.081,.996);es="Linear";ed="In";};["LeftFoot"]={cf=cfr(0,0,0,1,-.008,-.008,.008,.998,.068,.007,-.069,.998);es="Linear";ed="In";};["RightLowerArm"]={cf=cfr(0,0,0,.447,-.817,-.365,.894,.422,.15,.032,-.393,.919);es="Linear";ed="In";};["LeftLowerArm"]={cf=cfr(0,0,0,.871,.375,.317,-.398,.917,.011,-.286,-.136,.948);es="Linear";ed="In";};["RightHand"]={cf=cfr(0,0,0,.929,-.051,-.367,.139,.966,.216,.344,-.252,.905);es="Linear";ed="In";};["LeftHand"]={cf=cfr(0,0,0,1,0,0,0,1,0,0,0,1);es="Linear";ed="In";};};{tm=.637;["HumanoidRootPart"]={cf=cfr(0,0,0,1,0,0,0,1,0,0,0,1);es="Linear";ed="In";};["LowerTorso"]={cf=cfr(-.212,.289,-.433,.923,-.384,.011,.312,.735,-.602,.223,.559,.799);es="Linear";ed="In";};["RightUpperLeg"]={cf=cfr(0,0,0,.925,.09,-.369,-.031,.986,.164,.379,-.14,.915);es="Linear";ed="In";};["LeftUpperLeg"]={cf=cfr(0,0,0,.954,.3,-.008,-.297,.947,.121,.044,-.113,.993);es="Linear";ed="In";};["UpperTorso"]={cf=cfr(0,0,-.015,.969,-.247,-.01,.246,.958,.146,-.027,-.144,.989);es="Linear";ed="In";};["RightLowerLeg"]={cf=cfr(0,0,0,1,-.02,.004,.016,.881,.473,-.013,-.473,.881);es="Linear";ed="In";};["LeftLowerLeg"]={cf=cfr(0,0,0,1,.004,-.003,-.003,.947,.322,.004,-.322,.947);es="Linear";ed="In";};["RightUpperArm"]={cf=cfr(0,0,0,.915,-.404,.012,-.401,-.91,-.111,.056,.097,-.994);es="Linear";ed="In";};["LeftUpperArm"]={cf=cfr(0,0,0,.568,.431,-.702,-.453,.875,.171,.687,.221,.692);es="Linear";ed="In";};["Head"]={cf=cfr(0,0,0,.99,.004,-.144,.03,.972,.234,.141,-.236,.961);es="Linear";ed="In";};["RightFoot"]={cf=cfr(0,0,0,.999,.014,.029,-.016,.997,.08,-.028,-.08,.996);es="Linear";ed="In";};["LeftFoot"]={cf=cfr(0,0,0,1,-.008,-.008,.009,.995,.102,.007,-.102,.995);es="Linear";ed="In";};["RightLowerArm"]={cf=cfr(0,0,0,.454,-.805,-.382,.889,.436,.139,.054,-.403,.914);es="Linear";ed="In";};["LeftLowerArm"]={cf=cfr(0,0,0,.854,.436,.284,-.437,.897,-.062,-.282,-.072,.957);es="Linear";ed="In";};["RightHand"]={cf=cfr(0,0,0,.929,-.051,-.367,.139,.966,.216,.344,-.252,.905);es="Linear";ed="In";};["LeftHand"]={cf=cfr(0,0,0,1,0,0,0,1,0,0,0,1);es="Linear";ed="In";};};{tm=.679;["HumanoidRootPart"]={cf=cfr(0,0,0,1,0,0,0,1,0,0,0,1);es="Linear";ed="In";};["LowerTorso"]={cf=cfr(-.254,.17,-.054,.928,-.372,-.003,.32,.803,-.503,.19,.466,.864);es="Linear";ed="In";};["RightUpperLeg"]={cf=cfr(0,0,0,.925,.117,-.361,-.031,.971,.237,.378,-.208,.902);es="Linear";ed="In";};["LeftUpperLeg"]={cf=cfr(0,0,0,.954,.299,.01,-.296,.938,.179,.044,-.174,.984);es="Linear";ed="In";};["UpperTorso"]={cf=cfr(0,0,-.015,.966,-.255,-.035,.257,.963,.075,.014,-.081,.997);es="Linear";ed="In";};["RightLowerLeg"]={cf=cfr(0,0,0,1,-.023,.004,.017,.84,.542,-.015,-.542,.84);es="Linear";ed="In";};["LeftLowerLeg"]={cf=cfr(0,0,0,1,.004,-.003,-.003,.925,.38,.004,-.38,.925);es="Linear";ed="In";};["RightUpperArm"]={cf=cfr(0,0,0,.914,-.406,-.021,-.405,-.904,-.134,.035,.131,-.991);es="Linear";ed="In";};["LeftUpperArm"]={cf=cfr(0,0,0,.553,.391,-.736,-.442,.886,.139,.706,.249,.663);es="Linear";ed="In";};["Head"]={cf=cfr(0,0,0,.984,.009,-.179,.022,.984,.174,.178,-.175,.968);es="Linear";ed="In";};["RightFoot"]={cf=cfr(0,0,0,.999,.014,.029,-.016,.997,.077,-.028,-.078,.997);es="Linear";ed="In";};["LeftFoot"]={cf=cfr(0,0,0,1,-.008,-.007,.009,.991,.135,.006,-.136,.991);es="Linear";ed="In";};["RightLowerArm"]={cf=cfr(0,0,0,.462,-.793,-.396,.883,.451,.128,.077,-.409,.909);es="Linear";ed="In";};["LeftLowerArm"]={cf=cfr(0,0,0,.841,.485,.242,-.465,.875,-.135,-.277,.001,.961);es="Linear";ed="In";};["RightHand"]={cf=cfr(0,0,0,.929,-.051,-.367,.139,.966,.216,.344,-.252,.905);es="Linear";ed="In";};["LeftHand"]={cf=cfr(0,0,0,1,0,0,0,1,0,0,0,1);es="Linear";ed="In";};};{tm=.722;["HumanoidRootPart"]={cf=cfr(0,0,0,1,0,0,0,1,0,0,0,1);es="Linear";ed="In";};["LowerTorso"]={cf=cfr(-.296,.079,.354,.933,-.36,-.016,.324,.858,-.399,.157,.367,.917);es="Linear";ed="In";};["RightUpperLeg"]={cf=cfr(0,0,0,.925,.144,-.353,-.031,.951,.306,.38,-.273,.884);es="Linear";ed="In";};["LeftUpperLeg"]={cf=cfr(0,0,0,.954,.298,.029,-.296,.926,.236,.043,-.233,.971);es="Linear";ed="In";};["UpperTorso"]={cf=cfr(0,0,-.015,.964,-.261,-.054,.263,.965,.023,.046,-.036,.998);es="Linear";ed="In";};["RightLowerLeg"]={cf=cfr(0,0,0,1,-.025,.003,.018,.794,.607,-.018,-.607,.795);es="Linear";ed="In";};["LeftLowerLeg"]={cf=cfr(0,0,0,1,.005,-.003,-.003,.901,.434,.005,-.434,.901);es="Linear";ed="In";};["RightUpperArm"]={cf=cfr(0,0,0,.911,-.408,-.053,-.411,-.898,-.156,.016,.164,-.986);es="Linear";ed="In";};["LeftUpperArm"]={cf=cfr(0,0,0,.545,.369,-.753,-.438,.891,.12,.715,.264,.647);es="Linear";ed="In";};["Head"]={cf=cfr(0,0,0,.977,.015,-.212,.011,.993,.117,.213,-.117,.97);es="Linear";ed="In";};["RightFoot"]={cf=cfr(0,0,0,.999,.014,.029,-.016,.997,.074,-.028,-.074,.997);es="Linear";ed="In";};["LeftFoot"]={cf=cfr(0,0,0,1,-.008,-.007,.01,.986,.168,.006,-.168,.986);es="Linear";ed="In";};["RightLowerArm"]={cf=cfr(0,0,0,.47,-.782,-.409,.877,.465,.119,.098,-.415,.905);es="Linear";ed="In";};["LeftLowerArm"]={cf=cfr(0,0,0,.833,.517,.195,-.48,.852,-.209,-.274,.08,.958);es="Linear";ed="In";};["RightHand"]={cf=cfr(0,0,0,.929,-.051,-.367,.139,.966,.216,.344,-.252,.905);es="Linear";ed="In";};["LeftHand"]={cf=cfr(0,0,0,1,0,0,0,1,0,0,0,1);es="Linear";ed="In";};};{tm=.764;["HumanoidRootPart"]={cf=cfr(0,0,0,1,0,0,0,1,0,0,0,1);es="Linear";ed="In";};["LowerTorso"]={cf=cfr(-.338,.016,.776,.937,-.347,-.026,.325,.899,-.295,.126,.268,.955);es="Linear";ed="In";};["RightUpperLeg"]={cf=cfr(0,0,0,.924,.168,-.345,-.031,.929,.37,.382,-.331,.863);es="Linear";ed="In";};["LeftUpperLeg"]={cf=cfr(0,0,0,.954,.297,.046,-.297,.91,.289,.044,-.29,.956);es="Linear";ed="In";};["UpperTorso"]={cf=cfr(0,0,-.015,.961,-.266,-.074,.265,.964,-.013,.074,-.007,.997);es="Linear";ed="In";};["RightLowerLeg"]={cf=cfr(0,0,0,1,-.028,.002,.019,.747,.664,-.02,-.664,.747);es="Linear";ed="In";};["LeftLowerLeg"]={cf=cfr(0,0,0,1,.006,-.003,-.003,.877,.481,.006,-.481,.877);es="Linear";ed="In";};["RightUpperArm"]={cf=cfr(0,0,0,.909,-.409,-.082,-.418,-.891,-.176,-.001,.194,-.981);es="Linear";ed="In";};["LeftUpperArm"]={cf=cfr(0,0,0,.547,.371,-.751,-.44,.89,.119,.712,.266,.65);es="Linear";ed="In";};["Head"]={cf=cfr(0,0,0,.97,.02,-.242,-.003,.998,.066,.243,-.064,.968);es="Linear";ed="In";};["RightFoot"]={cf=cfr(0,0,0,.999,.014,.029,-.016,.997,.071,-.028,-.071,.997);es="Linear";ed="In";};["LeftFoot"]={cf=cfr(0,0,0,1,-.009,-.007,.01,.98,.197,.005,-.197,.98);es="Linear";ed="In";};["RightLowerArm"]={cf=cfr(0,0,0,.477,-.771,-.422,.871,.478,.111,.116,-.42,.9);es="Linear";ed="In";};["LeftLowerArm"]={cf=cfr(0,0,0,.834,.531,.15,-.479,.831,-.282,-.275,.163,.948);es="Linear";ed="In";};["RightHand"]={cf=cfr(0,0,0,.929,-.051,-.367,.139,.966,.216,.344,-.252,.905);es="Linear";ed="In";};["LeftHand"]={cf=cfr(0,0,0,1,0,0,0,1,0,0,0,1);es="Linear";ed="In";};};{tm=.807;["HumanoidRootPart"]={cf=cfr(0,0,0,1,0,0,0,1,0,0,0,1);es="Linear";ed="In";};["LowerTorso"]={cf=cfr(-.381,.009,1.213,.942,-.335,-.034,.322,.926,-.198,.098,.176,.98);es="Linear";ed="In";};["RightUpperLeg"]={cf=cfr(0,0,0,.922,.189,-.337,-.031,.905,.425,.386,-.381,.84);es="Linear";ed="In";};["LeftUpperLeg"]={cf=cfr(0,0,0,.953,.296,.063,-.299,.893,.338,.044,-.341,.939);es="Linear";ed="In";};["UpperTorso"]={cf=cfr(0,0,-.015,.958,-.27,-.095,.267,.963,-.038,.102,.012,.995);es="Linear";ed="In";};["RightLowerLeg"]={cf=cfr(0,0,0,1,-.03,.001,.02,.702,.712,-.022,-.712,.702);es="Linear";ed="In";};["LeftLowerLeg"]={cf=cfr(0,0,0,1,.006,-.003,-.003,.855,.518,.006,-.518,.855);es="Linear";ed="In";};["RightUpperArm"]={cf=cfr(0,0,0,.906,-.41,-.107,-.424,-.885,-.192,-.016,.22,-.975);es="Linear";ed="In";};["LeftUpperArm"]={cf=cfr(0,0,0,.555,.392,-.734,-.447,.885,.134,.702,.253,.666);es="Linear";ed="In";};["Head"]={cf=cfr(0,0,0,.963,.024,-.269,-.018,1,.023,.269,-.018,.963);es="Linear";ed="In";};["RightFoot"]={cf=cfr(0,0,0,.999,.014,.029,-.016,.998,.068,-.028,-.068,.997);es="Linear";ed="In";};["LeftFoot"]={cf=cfr(0,0,0,1,-.009,-.007,.01,.975,.222,.005,-.222,.975);es="Linear";ed="In";};["RightLowerArm"]={cf=cfr(0,0,0,.483,-.761,-.432,.865,.49,.105,.132,-.425,.896);es="Linear";ed="In";};["LeftLowerArm"]={cf=cfr(0,0,0,.841,.536,.075,-.465,.786,-.409,-.278,.309,.91);es="Linear";ed="In";};["RightHand"]={cf=cfr(0,0,0,.929,-.051,-.367,.139,.966,.216,.344,-.252,.905);es="Linear";ed="In";};["LeftHand"]={cf=cfr(0,0,0,1,0,0,0,1,0,0,0,1);es="Linear";ed="In";};};{tm=.849;["HumanoidRootPart"]={cf=cfr(0,0,0,1,0,0,0,1,0,0,0,1);es="Linear";ed="In";};["LowerTorso"]={cf=cfr(-.409,.031,1.608,.946,-.322,-.038,.316,.942,-.116,.073,.097,.993);es="Linear";ed="In";};["RightUpperLeg"]={cf=cfr(0,0,0,.921,.208,-.331,-.03,.882,.47,.389,-.423,.818);es="Linear";ed="In";};["LeftUpperLeg"]={cf=cfr(0,0,0,.952,.295,.077,-.301,.875,.379,.044,-.384,.922);es="Linear";ed="In";};["UpperTorso"]={cf=cfr(0,0,-.015,.956,-.272,-.112,.268,.962,-.05,.121,.018,.992);es="Linear";ed="In";};["RightLowerLeg"]={cf=cfr(0,0,0,1,-.031,0,.02,.661,.75,-.024,-.749,.662);es="Linear";ed="In";};["LeftLowerLeg"]={cf=cfr(0,0,0,1,.006,-.003,-.003,.839,.545,.006,-.545,.839);es="Linear";ed="In";};["RightUpperArm"]={cf=cfr(0,0,0,.903,-.41,-.126,-.429,-.88,-.205,-.027,.239,-.971);es="Linear";ed="In";};["LeftUpperArm"]={cf=cfr(0,0,0,.567,.422,-.707,-.455,.876,.157,.686,.233,.689);es="Linear";ed="In";};["Head"]={cf=cfr(0,0,0,.956,.027,-.29,-.032,.999,-.011,.29,.019,.957);es="Linear";ed="In";};["RightFoot"]={cf=cfr(0,0,0,.999,.014,.029,-.016,.998,.065,-.028,-.065,.997);es="Linear";ed="In";};["LeftFoot"]={cf=cfr(0,0,0,1,-.009,-.007,.01,.97,.242,.005,-.242,.97);es="Linear";ed="In";};["RightLowerArm"]={cf=cfr(0,0,0,.489,-.753,-.44,.86,.499,.101,.144,-.428,.892);es="Linear";ed="In";};["LeftLowerArm"]={cf=cfr(0,0,0,.851,.525,-.014,-.443,.703,-.557,-.282,.48,.831);es="Linear";ed="In";};["RightHand"]={cf=cfr(0,0,0,.929,-.051,-.367,.139,.966,.216,.344,-.252,.905);es="Linear";ed="In";};["LeftHand"]={cf=cfr(0,0,0,1,0,0,0,1,0,0,0,1);es="Linear";ed="In";};};{tm=.892;["HumanoidRootPart"]={cf=cfr(0,0,0,1,0,0,0,1,0,0,0,1);es="Linear";ed="In";};["LowerTorso"]={cf=cfr(-.437,.083,1.947,.95,-.31,-.037,.308,.95,-.053,.052,.039,.998);es="Linear";ed="In";};["RightUpperLeg"]={cf=cfr(0,0,0,.919,.221,-.326,-.03,.864,.503,.393,-.453,.8);es="Linear";ed="In";};["LeftUpperLeg"]={cf=cfr(0,0,0,.952,.294,.089,-.304,.859,.412,.045,-.419,.907);es="Linear";ed="In";};["UpperTorso"]={cf=cfr(0,0,-.015,.955,-.273,-.119,.27,.962,-.043,.127,.009,.992);es="Linear";ed="In";};["RightLowerLeg"]={cf=cfr(0,0,0,.999,-.032,0,.02,.63,.776,-.025,-.776,.631);es="Linear";ed="In";};["LeftLowerLeg"]={cf=cfr(0,0,0,1,.006,-.003,-.003,.829,.559,.006,-.559,.829);es="Linear";ed="In";};["RightUpperArm"]={cf=cfr(0,0,0,.901,-.41,-.14,-.432,-.876,-.214,-.035,.253,-.967);es="Linear";ed="In";};["LeftUpperArm"]={cf=cfr(0,0,0,.582,.459,-.671,-.467,.865,.186,.666,.205,.717);es="Linear";ed="In";};["Head"]={cf=cfr(0,0,0,.951,.03,-.307,-.042,.999,-.033,.306,.045,.951);es="Linear";ed="In";};["RightFoot"]={cf=cfr(0,0,0,.999,.014,.029,-.016,.998,.065,-.028,-.065,.997);es="Linear";ed="In";};["LeftFoot"]={cf=cfr(0,0,0,1,-.009,-.007,.01,.967,.256,.004,-.256,.967);es="Linear";ed="In";};["RightLowerArm"]={cf=cfr(0,0,0,.492,-.748,-.446,.857,.506,.098,.152,-.43,.89);es="Linear";ed="In";};["LeftLowerArm"]={cf=cfr(0,0,0,.864,.502,-.039,-.414,.665,-.622,-.286,.553,.782);es="Linear";ed="In";};["RightHand"]={cf=cfr(0,0,0,.929,-.051,-.367,.139,.966,.216,.344,-.252,.905);es="Linear";ed="In";};["LeftHand"]={cf=cfr(0,0,0,1,0,0,0,1,0,0,0,1);es="Linear";ed="In";};};{tm=.934;["HumanoidRootPart"]={cf=cfr(0,0,0,1,0,0,0,1,0,0,0,1);es="Linear";ed="In";};["LowerTorso"]={cf=cfr(-.479,.121,2.216,.954,-.299,-.031,.298,.954,-.017,.035,.007,.999);es="Linear";ed="In";};["RightUpperLeg"]={cf=cfr(0,0,0,.918,.23,-.322,-.029,.851,.524,.395,-.472,.788);es="Linear";ed="In";};["LeftUpperLeg"]={cf=cfr(0,0,0,.951,.294,.097,-.306,.847,.435,.046,-.444,.895);es="Linear";ed="In";};["UpperTorso"]={cf=cfr(0,0,-.015,.957,-.27,-.11,.27,.963,-.014,.11,-.017,.994);es="Linear";ed="In";};["RightLowerLeg"]={cf=cfr(0,0,0,.999,-.033,-.001,.021,.612,.79,-.026,-.79,.613);es="Linear";ed="In";};["LeftLowerLeg"]={cf=cfr(0,0,0,1,.006,-.003,-.003,.829,.559,.006,-.559,.829);es="Linear";ed="In";};["RightUpperArm"]={cf=cfr(0,0,0,.901,-.408,-.145,-.432,-.876,-.217,-.039,.258,-.965);es="Linear";ed="In";};["LeftUpperArm"]={cf=cfr(0,0,0,.597,.501,-.626,-.481,.849,.22,.642,.17,.748);es="Linear";ed="In";};["Head"]={cf=cfr(0,0,0,.948,.031,-.318,-.047,.998,-.044,.316,.056,.947);es="Linear";ed="In";};["RightFoot"]={cf=cfr(0,0,0,.999,.014,.029,-.016,.998,.065,-.028,-.065,.997);es="Linear";ed="In";};["LeftFoot"]={cf=cfr(0,0,0,1,-.009,-.007,.01,.965,.262,.004,-.262,.965);es="Linear";ed="In";};["RightLowerArm"]={cf=cfr(0,0,0,.494,-.746,-.447,.855,.509,.096,.156,-.43,.889);es="Linear";ed="In";};["LeftLowerArm"]={cf=cfr(0,0,0,.879,.477,-.004,-.38,.694,-.611,-.289,.539,.791);es="Linear";ed="In";};["RightHand"]={cf=cfr(0,0,0,.929,-.051,-.367,.139,.966,.216,.344,-.252,.905);es="Linear";ed="In";};["LeftHand"]={cf=cfr(0,0,0,1,0,0,0,1,0,0,0,1);es="Linear";ed="In";};};{tm=.977;["HumanoidRootPart"]={cf=cfr(0,0,0,1,0,0,0,1,0,0,0,1);es="Linear";ed="In";};["LowerTorso"]={cf=cfr(-.493,.146,2.385,.958,-.286,-.015,.286,.958,-.021,.02,.016,1);es="Linear";ed="In";};["RightUpperLeg"]={cf=cfr(0,0,0,.918,.232,-.321,-.029,.848,.529,.395,-.477,.785);es="Linear";ed="In";};["LeftUpperLeg"]={cf=cfr(0,0,0,.95,.295,.102,-.308,.839,.448,.047,-.457,.888);es="Linear";ed="In";};["UpperTorso"]={cf=cfr(0,0,-.015,.961,-.264,-.085,.268,.963,.04,.071,-.061,.996);es="Linear";ed="In";};["RightLowerLeg"]={cf=cfr(0,0,0,.999,-.033,0,.021,.614,.789,-.026,-.789,.614);es="Linear";ed="In";};["LeftLowerLeg"]={cf=cfr(0,0,0,1,.006,-.003,-.003,.843,.538,.006,-.538,.843);es="Linear";ed="In";};["RightUpperArm"]={cf=cfr(0,0,0,.903,-.405,-.142,-.428,-.878,-.214,-.039,.254,-.966);es="Linear";ed="In";};["LeftUpperArm"]={cf=cfr(0,0,0,.612,.546,-.573,-.499,.828,.257,.614,.129,.779);es="Linear";ed="In";};["Head"]={cf=cfr(0,0,0,.947,.03,-.32,-.044,.998,-.034,.319,.047,.947);es="Linear";ed="In";};["RightFoot"]={cf=cfr(0,0,0,.999,.014,.029,-.016,.998,.065,-.028,-.065,.997);es="Linear";ed="In";};["LeftFoot"]={cf=cfr(0,0,0,1,-.009,-.007,.01,.966,.256,.004,-.257,.967);es="Linear";ed="In";};["RightLowerArm"]={cf=cfr(0,0,0,.493,-.748,-.444,.856,.508,.096,.154,-.428,.891);es="Linear";ed="In";};["LeftLowerArm"]={cf=cfr(0,0,0,.895,.445,.037,-.341,.734,-.587,-.289,.512,.809);es="Linear";ed="In";};["RightHand"]={cf=cfr(0,0,0,.929,-.051,-.367,.139,.966,.216,.344,-.252,.905);es="Linear";ed="In";};["LeftHand"]={cf=cfr(0,0,0,1,0,0,0,1,0,0,0,1);es="Linear";ed="In";};};{tm=1.019;["HumanoidRootPart"]={cf=cfr(0,0,0,1,0,0,0,1,0,0,0,1);es="Linear";ed="In";};["LowerTorso"]={cf=cfr(-.507,.133,2.371,.962,-.272,.016,.272,.96,-.069,.004,.071,.997);es="Linear";ed="In";};["RightUpperLeg"]={cf=cfr(0,0,0,.919,.228,-.322,-.029,.854,.52,.393,-.469,.791);es="Linear";ed="In";};["LeftUpperLeg"]={cf=cfr(0,0,0,.95,.296,.103,-.31,.837,.451,.047,-.46,.887);es="Linear";ed="In";};["UpperTorso"]={cf=cfr(0,0,-.015,.966,-.255,-.048,.259,.959,.113,.018,-.122,.992);es="Linear";ed="In";};["RightLowerLeg"]={cf=cfr(0,0,0,.999,-.032,0,.02,.636,.771,-.025,-.771,.636);es="Linear";ed="In";};["LeftLowerLeg"]={cf=cfr(0,0,0,1,.006,-.003,-.003,.87,.493,.006,-.493,.87);es="Linear";ed="In";};["RightUpperArm"]={cf=cfr(0,0,0,.908,-.4,-.125,-.418,-.886,-.201,-.03,.234,-.972);es="Linear";ed="In";};["LeftUpperArm"]={cf=cfr(0,0,0,.624,.592,-.511,-.52,.802,.295,.584,.082,.807);es="Linear";ed="In";};["Head"]={cf=cfr(0,0,0,.95,.028,-.312,-.03,1,-.002,.312,.012,.95);es="Linear";ed="In";};["RightFoot"]={cf=cfr(0,0,0,.999,.014,.029,-.016,.998,.065,-.028,-.065,.997);es="Linear";ed="In";};["LeftFoot"]={cf=cfr(0,0,0,1,-.009,-.007,.01,.971,.238,.005,-.238,.971);es="Linear";ed="In";};["RightLowerArm"]={cf=cfr(0,0,0,.489,-.756,-.434,.86,.5,.099,.142,-.422,.895);es="Linear";ed="In";};["LeftLowerArm"]={cf=cfr(0,0,0,.91,.406,.081,-.299,.781,-.549,-.286,.475,.832);es="Linear";ed="In";};["RightHand"]={cf=cfr(0,0,0,.929,-.051,-.367,.139,.966,.216,.344,-.252,.905);es="Linear";ed="In";};["LeftHand"]={cf=cfr(0,0,0,1,0,0,0,1,0,0,0,1);es="Linear";ed="In";};};{tm=1.062;["HumanoidRootPart"]={cf=cfr(0,0,0,1,0,0,0,1,0,0,0,1);es="Linear";ed="In";};["LowerTorso"]={cf=cfr(-.479,.121,2.174,.965,-.256,.056,.261,.954,-.149,-.015,.159,.987);es="Linear";ed="In";};["RightUpperLeg"]={cf=cfr(0,0,0,.92,.218,-.324,-.03,.866,.499,.39,-.449,.804);es="Linear";ed="In";};["LeftUpperLeg"]={cf=cfr(0,0,0,.949,.298,.101,-.311,.839,.446,.048,-.455,.889);es="Linear";ed="In";};["UpperTorso"]={cf=cfr(0,0,-.015,.97,-.245,-.004,.241,.95,.197,-.044,-.193,.98);es="Linear";ed="In";};["RightLowerLeg"]={cf=cfr(0,0,0,1,-.031,.001,.02,.672,.74,-.023,-.74,.672);es="Linear";ed="In";};["LeftLowerLeg"]={cf=cfr(0,0,0,1,.005,-.003,-.003,.904,.427,.005,-.427,.904);es="Linear";ed="In";};["RightUpperArm"]={cf=cfr(0,0,0,.916,-.392,-.09,-.402,-.899,-.175,-.012,.196,-.98);es="Linear";ed="In";};["LeftUpperArm"]={cf=cfr(0,0,0,.632,.636,-.443,-.543,.771,.332,.553,.031,.833);es="Linear";ed="In";};["Head"]={cf=cfr(0,0,0,.955,.024,-.295,-.01,.999,.048,.296,-.043,.954);es="Line