local cfr = CFrame.new

return {{tm=0;["RootNode"]={cf=cfr(0,0,0,-1,0,0,0,1,0,0,0,-1);es="Linear";ed="In";};["root"]={cf=cfr(0,2.411,.014,0,0,1,0,1,0,-1,0,0);es="Linear";ed="In";};["000-offset"]={cf=cfr(0,0,0,-.016,1,0,-1,-.016,0,0,0,1);es="Linear";ed="In";};["004-offset.001"]={cf=cfr(0,0,0,-.015,-1,0,1,-.015,0,0,0,1);es="Linear";ed="In";};["006-offset"]={cf=cfr(0,0,0,-.015,-1,0,1,-.015,0,0,0,1);es="Linear";ed="In";};["000-offset.009"]={cf=cfr(0,0,0,-.224,-.403,.887,.855,-.518,-.019,.468,.754,.46);es="Linear";ed="In";};["000-offset.012"]={cf=cfr(0,0,0,-.426,-.578,-.696,.805,-.594,0,-.413,-.56,.718);es="Linear";ed="In";};["000-offset.001"]={cf=cfr(0,0,0,.978,.207,0,-.207,.978,0,0,0,1);es="Linear";ed="In";};["000-offset.010"]={cf=cfr(0,0,0,.607,.795,0,-.795,.607,0,0,0,1);es="Linear";ed="In";};["000-offset.013"]={cf=cfr(0,0,0,.732,.682,0,-.682,.732,0,0,0,1);es="Linear";ed="In";};["004-offset"]={cf=cfr(0,0,0,.035,-.999,0,.999,.035,0,0,0,1);es="Linear";ed="In";};["002-offset"]={cf=cfr(0,0,0,.035,-.999,0,.999,.035,0,0,0,1);es="Linear";ed="In";};["000-offset.002"]={cf=cfr(0,0,0,.988,-.151,-.043,.067,.654,-.754,.142,.741,.656);es="Linear";ed="In";};["000-offset.011"]={cf=cfr(0,0,0,-.022,-1,0,1,-.022,0,0,0,1);es="Linear";ed="In";};["000-offset.014"]={cf=cfr(0,0,0,.235,-.972,-.005,.972,.235,-.019,.02,0,1);es="Linear";ed="In";};["000-offset.006"]={cf=cfr(0,0,0,.152,-.977,.151,.452,.204,.868,-.879,-.064,.472);es="Linear";ed="In";};["000-offset.003"]={cf=cfr(0,0,0,.221,-.919,-.328,.392,.391,-.833,.893,.056,.447);es="Linear";ed="In";};["000-offset.007"]={cf=cfr(0,0,0,.192,-.981,0,.981,.192,0,0,0,1);es="Linear";ed="In";};["000-offset.004"]={cf=cfr(0,0,0,.249,-.969,0,.969,.249,0,0,0,1);es="Linear";ed="In";};["000-offset.008"]={cf=cfr(0,0,0,.964,-.264,0,.264,.964,0,0,0,1);es="Linear";ed="In";};["000-offset.005"]={cf=cfr(0,0,0,.887,-.439,-.143,.434,.898,-.07,.159,0,.987);es="Linear";ed="In";};};{tm=.042;["root"]={cf=cfr(0,2.411,.014,0,0,1,0,1,0,-1,0,0);es="Linear";ed="In";};["000-offset"]={cf=cfr(0,0,0,-.018,1,0,-1,-.018,0,0,0,1);es="Linear";ed="In";};["000-offset.009"]={cf=cfr(0,0,0,-.228,-.401,.887,.851,-.525,-.019,.473,.751,.461);es="Linear";ed="In";};["000-offset.012"]={cf=cfr(0,0,0,-.432,-.574,-.695,.799,-.601,0,-.418,-.556,.719);es="Linear";ed="In";};["000-offset.010"]={cf=cfr(0,0,0,.594,.804,0,-.804,.594,0,0,0,1);es="Linear";ed="In";};["000-offset.013"]={cf=cfr(0,0,0,.718,.696,0,-.696,.718,0,0,0,1);es="Linear";ed="In";};["000-offset.002"]={cf=cfr(0,0,0,.988,-.145,-.044,.067,.682,-.728,.136,.717,.684);es="Linear";ed="In";};["000-offset.011"]={cf=cfr(0,0,0,-.03,-1,.002,1,-.03,0,0,.002,1);es="Linear";ed="In";};["000-offset.014"]={cf=cfr(0,0,0,.224,-.975,-.006,.974,.224,-.018,.019,-.002,1);es="Linear";ed="In";};["000-offset.006"]={cf=cfr(0,0,0,.161,-.975,.153,.453,.211,.866,-.877,-.07,.476);es="Linear";ed="In";};["000-offset.003"]={cf=cfr(0,0,0,.232,-.916,-.328,.397,.397,-.828,.888,.062,.456);es="Linear";ed="In";};["000-offset.007"]={cf=cfr(0,0,0,.194,-.981,0,.981,.194,0,0,0,1);es="Linear";ed="In";};["000-offset.004"]={cf=cfr(0,0,0,.245,-.97,0,.97,.245,0,0,0,1);es="Linear";ed="In";};["000-offset.008"]={cf=cfr(0,0,0,.961,-.276,0,.276,.961,0,0,0,1);es="Linear";ed="In";};["000-offset.005"]={cf=cfr(0,0,0,.885,-.444,-.143,.439,.896,-.07,.159,-.001,.987);es="Linear";ed="In";};};{tm=.083;["root"]={cf=cfr(0,2.383,.014,0,0,1,0,1,0,-1,0,0);es="Linear";ed="In";};["000-offset"]={cf=cfr(0,0,0,-.02,1,0,-1,-.02,0,0,0,1);es="Linear";ed="In";};["000-offset.009"]={cf=cfr(0,0,0,-.233,-.399,.887,.845,-.535,-.019,.482,.745,.462);es="Linear";ed="In";};["000-offset.012"]={cf=cfr(0,0,0,-.441,-.569,-.694,.791,-.612,-.001,-.425,-.549,.72);es="Linear";ed="In";};["000-offset.010"]={cf=cfr(0,0,0,.574,.819,0,-.819,.574,0,0,0,1);es="Linear";ed="In";};["000-offset.013"]={cf=cfr(0,0,0,.697,.717,0,-.717,.697,0,0,0,1);es="Linear";ed="In";};["000-offset.002"]={cf=cfr(0,0,0,.989,-.139,-.043,.07,.716,-.694,.128,.684,.718);es="Linear";ed="In";};["000-offset.011"]={cf=cfr(0,0,0,-.044,-.999,.004,.999,-.044,-.001,.001,.004,1);es="Linear";ed="In";};["000-offset.014"]={cf=cfr(0,0,0,.207,-.978,-.008,.978,.207,-.017,.019,-.005,1);es="Linear";ed="In";};["000-offset.006"]={cf=cfr(0,0,0,.176,-.972,.156,.456,.221,.862,-.873,-.08,.482);es="Linear";ed="In";};["000-offset.003"]={cf=cfr(0,0,0,.248,-.912,-.327,.404,.405,-.82,.88,.071,.469);es="Linear";ed="In";};["000-offset.007"]={cf=cfr(0,0,0,.195,-.981,0,.981,.195,0,0,0,1);es="Linear";ed="In";};["000-offset.004"]={cf=cfr(0,0,0,.238,-.971,0,.971,.238,0,0,0,1);es="Linear";ed="In";};["000-offset.008"]={cf=cfr(0,0,0,.956,-.294,0,.294,.956,0,0,0,1);es="Linear";ed="In";};["000-offset.005"]={cf=cfr(0,0,0,.881,-.451,-.143,.446,.892,-.07,.159,-.002,.987);es="Linear";ed="In";};};{tm=.125;["root"]={cf=cfr(0,2.369,0,0,0,1,0,1,0,-1,0,0);es="Linear";ed="In";};["000-offset"]={cf=cfr(0,0,0,-.022,1,0,-1,-.022,0,0,0,1);es="Linear";ed="In";};["000-offset.009"]={cf=cfr(0,0,0,-.24,-.396,.887,.836,-.548,-.019,.493,.737,.462);es="Linear";ed="In";};["000-offset.012"]={cf=cfr(0,0,0,-.452,-.561,-.693,.78,-.626,-.001,-.434,-.541,.72);es="Linear";ed="In";};["000-offset.010"]={cf=cfr(0,0,0,.548,.836,0,-.836,.548,0,0,0,1);es="Linear";ed="In";};["000-offset.013"]={cf=cfr(0,0,0,.669,.743,0,-.743,.669,0,0,0,1);es="Linear";ed="In";};["000-offset.002"]={cf=cfr(0,0,0,.99,-.134,-.04,.076,.755,-.652,.118,.642,.757);es="Linear";ed="In";};["000-offset.011"]={cf=cfr(0,0,0,-.062,-.998,.007,.998,-.062,-.001,.002,.007,1);es="Linear";ed="In";};["000-offset.014"]={cf=cfr(0,0,0,.185,-.983,-.011,.983,.185,-.016,.018,-.008,1);es="Linear";ed="In";};["000-offset.006"]={cf=cfr(0,0,0,.195,-.967,.161,.458,.235,.858,-.867,-.094,.489);es="Linear";ed="In";};["000-offset.003"]={cf=cfr(0,0,0,.271,-.906,-.327,.413,.416,-.81,.87,.084,.487);es="Linear";ed="In";};["000-offset.007"]={cf=cfr(0,0,0,.197,-.98,0,.98,.197,0,0,0,1);es="Linear";ed="In";};["000-offset.004"]={cf=cfr(0,0,0,.23,-.973,0,.973,.23,0,0,0,1);es="Linear";ed="In";};["000-offset.008"]={cf=cfr(0,0,0,.948,-.317,0,.317,.948,0,0,0,1);es="Linear";ed="In";};["000-offset.005"]={cf=cfr(0,0,0,.876,-.461,-.143,.456,.887,-.07,.159,-.004,.987);es="Linear";ed="In";};};{tm=.167;["root"]={cf=cfr(0,2.341,0,0,0,1,0,1,0,-1,0,0);es="Linear";ed="In";};["000-offset"]={cf=cfr(0,0,0,-.026,1,0,-1,-.026,0,0,0,1);es="Linear";ed="In";};["000-offset.009"]={cf=cfr(0,0,0,-.247,-.392,.886,.827,-.562,-.018,.506,.728,.463);es="Linear";ed="In";};["000-offset.012"]={cf=cfr(0,0,0,-.464,-.552,-.693,.766,-.643,-.001,-.445,-.531,.721);es="Linear";ed="In";};["000-offset.010"]={cf=cfr(0,0,0,.517,.856,0,-.856,.517,0,0,0,1);es="Linear";ed="In";};["000-offset.013"]={cf=cfr(0,0,0,.635,.773,0,-.773,.635,0,0,0,1);es="Linear";ed="In";};["000-offset.002"]={cf=cfr(0,0,0,.991,-.131,-.036,.083,.795,-.601,.107,.593,.798);es="Linear";ed="In";};["000-offset.011"]={cf=cfr(0,0,0,-.083,-.997,.01,.997,-.083,-.002,.002,.01,1);es="Linear";ed="In";};["000-offset.014"]={cf=cfr(0,0,0,.158,-.987,-.014,.987,.158,-.015,.017,-.012,1);es="Linear";ed="In";};["000-offset.006"]={cf=cfr(0,0,0,.218,-.962,.165,.459,.251,.852,-.861,-.11,.496);es="Linear";ed="In";};["000-offset.003"]={cf=cfr(0,0,0,.298,-.898,-.325,.421,.429,-.799,.857,.101,.506);es="Linear";ed="In";};["000-offset.007"]={cf=cfr(0,0,0,.199,-.98,0,.98,.199,0,0,0,1);es="Linear";ed="In";};["000-offset.004"]={cf=cfr(0,0,0,.22,-.975,0,.975,.22,0,0,0,1);es="Linear";ed="In";};["000-offset.008"]={cf=cfr(0,0,0,.939,-.344,0,.344,.939,0,0,0,1);es="Linear";ed="In";};["000-offset.005"]={cf=cfr(0,0,0,.87,-.472,-.143,.467,.882,-.07,.159,-.006,.987);es="Linear";ed="In";};};{tm=.208;["root"]={cf=cfr(0,2.312,0,0,0,1,0,1,0,-1,0,0);es="Linear";ed="In";};["000-offset"]={cf=cfr(0,0,0,-.03,1,0,-1,-.03,0,0,0,1);es="Linear";ed="In";};["000-offset.009"]={cf=cfr(0,0,0,-.255,-.387,.886,.815,-.578,-.018,.52,.718,.464);es="Linear";ed="In";};["000-offset.012"]={cf=cfr(0,0,0,-.477,-.541,-.692,.751,-.661,-.001,-.457,-.52,.722);es="Linear";ed="In";};["000-offset.010"]={cf=cfr(0,0,0,.482,.876,0,-.876,.482,0,0,0,1);es="Linear";ed="In";};["000-offset.013"]={cf=cfr(0,0,0,.595,.803,0,-.803,.595,0,0,0,1);es="Linear";ed="In";};["000-offset.002"]={cf=cfr(0,0,0,.991,-.129,-.031,.092,.834,-.543,.096,.536,.839);es="Linear";ed="In";};["000-offset.011"]={cf=cfr(0,0,0,-.106,-.994,.014,.994,-.106,-.002,.003,.014,1);es="Linear";ed="In";};["000-offset.014"]={cf=cfr(0,0,0,.129,-.992,-.017,.992,.129,-.013,.015,-.016,1);es="Linear";ed="In";};["000-offset.006"]={cf=cfr(0,0,0,.244,-.955,.17,.459,.268,.847,-.854,-.129,.504);es="Linear";ed="In";};["000-offset.003"]={cf=cfr(0,0,0,.328,-.888,-.322,.429,.444,-.787,.842,.12,.526);es="Linear";ed="In";};["000-offset.007"]={cf=cfr(0,0,0,.202,-.979,0,.979,.202,0,0,0,1);es="Linear";ed="In";};["000-offset.004"]={cf=cfr(0,0,0,.209,-.978,0,.978,.209,0,0,0,1);es="Linear";ed="In";};["000-offset.008"]={cf=cfr(0,0,0,.928,-.373,0,.373,.928,0,0,0,1);es="Linear";ed="In";};["000-offset.005"]={cf=cfr(0,0,0,.863,-.484,-.143,.479,.875,-.07,.159,-.008,.987);es="Linear";ed="In";};};{tm=.25;["root"]={cf=cfr(0,2.284,0,0,0,1,0,1,0,-1,0,0);es="Linear";ed="In";};["000-offset"]={cf=cfr(0,0,0,-.033,.999,0,-.999,-.033,0,0,0,1);es="Linear";ed="In";};["000-offset.009"]={cf=cfr(0,0,0,-.263,-.382,.886,.803,-.595,-.018,.534,.707,.464);es="Linear";ed="In";};["000-offset.012"]={cf=cfr(0,0,0,-.491,-.53,-.692,.734,-.679,-.001,-.469,-.508,.722);es="Linear";ed="In";};["000-offset.010"]={cf=cfr(0,0,0,.444,.896,0,-.896,.444,0,0,0,1);es="Linear";ed="In";};["000-offset.013"]={cf=cfr(0,0,0,.552,.834,0,-.834,.552,0,0,0,1);es="Linear";ed="In";};["000-offset.002"]={cf=cfr(0,0,0,.991,-.129,-.025,.101,.872,-.48,.083,.473,.877);es="Linear";ed="In";};["000-offset.011"]={cf=cfr(0,0,0,-.13,-.991,.018,.991,-.13,-.002,.004,.017,1);es="Linear";ed="In";};["000-offset.014"]={cf=cfr(0,0,0,.098,-.995,-.021,.995,.098,-.012,.014,-.02,1);es="Linear";ed="In";};["000-offset.006"]={cf=cfr(0,0,0,.272,-.946,.175,.458,.287,.841,-.846,-.149,.511);es="Linear";ed="In";};["000-offset.003"]={cf=cfr(0,0,0,.361,-.877,-.318,.435,.46,-.775,.825,.141,.547);es="Linear";ed="In";};["000-offset.007"]={cf=cfr(0,0,0,.205,-.979,0,.979,.205,0,0,0,1);es="Linear";ed="In";};["000-offset.004"]={cf=cfr(0,0,0,.198,-.98,0,.98,.198,0,0,0,1);es="Linear";ed="In";};["000-offset.008"]={cf=cfr(0,0,0,.915,-.404,0,.404,.915,0,0,0,1);es="Linear";ed="In";};["000-offset.005"]={cf=cfr(0,0,0,.856,-.496,-.143,.492,.868,-.069,.158,-.011,.987);es="Linear";ed="In";};};{tm=.292;["root"]={cf=cfr(0,2.256,-.014,0,0,1,0,1,0,-1,0,0);es="Linear";ed="In";};["000-offset"]={cf=cfr(0,0,0,-.037,.999,0,-.999,-.037,0,0,0,1);es="Linear";ed="In";};["000-offset.009"]={cf=cfr(0,0,0,-.271,-.377,.886,.791,-.612,-.018,.549,.695,.464);es="Linear";ed="In";};["000-offset.012"]={cf=cfr(0,0,0,-.504,-.517,-.692,.717,-.697,-.001,-.482,-.496,.722);es="Linear";ed="In";};["000-offset.010"]={cf=cfr(0,0,0,.404,.915,0,-.915,.404,0,0,0,1);es="Linear";ed="In";};["000-offset.013"]={cf=cfr(0,0,0,.506,.862,0,-.862,.506,0,0,0,1);es="Linear";ed="In";};["000-offset.002"]={cf=cfr(0,0,0,.991,-.13,-.019,.111,.904,-.412,.071,.406,.911);es="Linear";ed="In";};["000-offset.011"]={cf=cfr(0,0,0,-.155,-.988,.022,.988,-.155,-.002,.005,.021,1);es="Linear";ed="In";};["000-offset.014"]={cf=cfr(0,0,0,.066,-.998,-.025,.998,.066,-.011,.013,-.024,1);es="Linear";ed="In";};["000-offset.006"]={cf=cfr(0,0,0,.301,-.937,.179,.454,.306,.837,-.838,-.17,.518);es="Linear";ed="In";};["000-offset.003"]={cf=cfr(0,0,0,.395,-.864,-.312,.438,.476,-.763,.808,.164,.566);es="Linear";ed="In";};["000-offset.007"]={cf=cfr(0,0,0,.208,-.978,0,.978,.208,0,0,0,1);es="Linear";ed="In";};["000-offset.004"]={cf=cfr(0,0,0,.186,-.983,0,.983,.186,0,0,0,1);es="Linear";ed="In";};["000-offset.008"]={cf=cfr(0,0,0,.901,-.435,0,.435,.901,0,0,0,1);es="Linear";ed="In";};["000-offset.005"]={cf=cfr(0,0,0,.849,-.509,-.143,.505,.861,-.07,.158,-.013,.987);es="Linear";ed="In";};};{tm=.333;["root"]={cf=cfr(0,2.228,-.014,0,0,1,0,1,0,-1,0,0);es="Linear";ed="In";};["000-offset"]={cf=cfr(0,0,0,-.041,.999,0,-.999,-.041,0,0,0,1);es="Linear";ed="In";};["000-offset.009"]={cf=cfr(0,0,0,-.279,-.371,.886,.778,-.628,-.018,.563,.684,.464);es="Linear";ed="In";};["000-offset.012"]={cf=cfr(0,0,0,-.516,-.505,-.692,.7,-.714,-.001,-.494,-.485,.722);es="Linear";ed="In";};["000-offset.010"]={cf=cfr(0,0,0,.364,.931,0,-.931,.364,0,0,0,1);es="Linear";ed="In";};["000-offset.013"]={cf=cfr(0,0,0,.46,.888,0,-.888,.46,0,0,0,1);es="Linear";ed="In";};["000-offset.002"]={cf=cfr(0,0,0,.991,-.134,-.013,.122,.932,-.341,.058,.337,.94);es="Linear";ed="In";};["000-offset.011"]={cf=cfr(0,0,0,-.179,-.983,.026,.984,-.179,-.002,.006,.025,1);es="Linear";ed="In";};["000-offset.014"]={cf=cfr(0,0,0,.035,-.999,-.029,.999,.035,-.01,.012,-.029,1);es="Linear";ed="In";};["000-offset.006"]={cf=cfr(0,0,0,.33,-.926,.184,.449,.325,.832,-.83,-.192,.523);es="Linear";ed="In";};["000-offset.003"]={cf=cfr(0,0,0,.429,-.85,-.306,.439,.493,-.752,.789,.188,.584);es="Linear";ed="In";};["000-offset.007"]={cf=cfr(0,0,0,.211,-.978,0,.978,.211,0,0,0,1);es="Linear";ed="In";};["000-offset.004"]={cf=cfr(0,0,0,.174,-.985,0,.985,.174,0,0,0,1);es="Linear";ed="In";};["000-offset.008"]={cf=cfr(0,0,0,.886,-.464,0,.464,.886,0,0,0,1);es="Linear";ed="In";};["000-offset.005"]={cf=cfr(0,0,0,.841,-.522,-.143,.517,.853,-.07,.158,-.015,.987);es="Linear";ed="In";};};{tm=.375;["root"]={cf=cfr(0,2.2,-.028,0,0,1,0,1,0,-1,0,0);es="Linear";ed="In";};["000-offset"]={cf=cfr(0,0,0,-.045,.999,0,-.999,-.045,0,0,0,1);es="Linear";ed="In";};["000-offset.009"]={cf=cfr(0,0,0,-.285,-.365,.886,.766,-.643,-.019,.577,.673,.463);es="Linear";ed="In";};["000-offset.012"]={cf=cfr(0,0,0,-.527,-.492,-.693,.683,-.73,-.001,-.506,-.474,.721);es="Linear";ed="In";};["000-offset.010"]={cf=cfr(0,0,0,.326,.945,0,-.945,.326,0,0,0,1);es="Linear";ed="In";};["000-offset.013"]={cf=cfr(0,0,0,.415,.91,0,-.91,.415,0,0,0,1);es="Linear";ed="In";};["000-offset.002"]={cf=cfr(0,0,0,.99,-.139,-.008,.131,.954,-.271,.046,.267,.963);es="Linear";ed="In";};["000-offset.011"]={cf=cfr(0,0,0,-.202,-.979,.03,.979,-.202,-.001,.007,.029,1);es="Linear";ed="In";};["000-offset.014"]={cf=cfr(0,0,0,.005,-.999,-.033,1,.005,-.01,.01,-.033,.999);es="Linear";ed="In";};["000-offset.006"]={cf=cfr(0,0,0,.357,-.915,.187,.443,.342,.829,-.823,-.213,.527);es="Linear";ed="In";};["000-offset.003"]={cf=cfr(0,0,0,.462,-.835,-.3,.437,.508,-.742,.772,.212,.6);es="Linear";ed="In";};["000-offset.007"]={cf=cfr(0,0,0,.213,-.977,0,.977,.213,0,0,0,1);es="Linear";ed="In";};["000-offset.004"]={cf=cfr(0,0,0,.163,-.987,0,.987,.163,0,0,0,1);es="Linear";ed="In";};["000-offset.008"]={cf=cfr(0,0,0,.871,-.492,0,.492,.871,0,0,0,1);es="Linear";ed="In";};["000-offset.005"]={cf=cfr(0,0,0,.834,-.533,-.143,.529,.846,-.07,.158,-.018,.987);es="Linear";ed="In";};};{tm=.417;["root"]={cf=cfr(0,2.185,-.028,0,0,1,0,1,0,-1,0,0);es="Linear";ed="In";};["000-offset"]={cf=cfr(0,0,0,-.048,.999,0,-.999,-.048,0,0,0,1);es="Linear";ed="In";};["000-offset.009"]={cf=cfr(0,0,0,-.291,-.36,.886,.754,-.656,-.019,.589,.663,.462);es="Linear";ed="In";};["000-offset.012"]={cf=cfr(0,0,0,-.536,-.481,-.693,.668,-.744,0,-.516,-.463,.721);es="Linear";ed="In";};["000-offset.010"]={cf=cfr(0,0,0,.291,.957,0,-.957,.291,0,0,0,1);es="Linear";ed="In";};["000-offset.013"]={cf=cfr(0,0,0,.373,.928,0,-.928,.373,0,0,0,1);es="Linear";ed="In";};["000-offset.002"]={cf=cfr(0,0,0,.989,-.145,-.005,.141,.969,-.203,.034,.2,.979);es="Linear";ed="In";};["000-offset.011"]={cf=cfr(0,0,0,-.222,-.974,.033,.975,-.222,-.001,.008,.032,.999);es="Linear";ed="In";};["000-offset.014"]={cf=cfr(0,0,0,-.022,-.999,-.037,1,-.021,-.01,.009,-.037,.999);es="Linear";ed="In";};["000-offset.006"]={cf=cfr(0,0,0,.381,-.905,.191,.435,.358,.826,-.815,-.232,.53);es="Linear";ed="In";};["000-offset.003"]={cf=cfr(0,0,0,.491,-.82,-.293,.434,.522,-.734,.755,.233,.613);es="Linear";ed="In";};["000-offset.007"]={cf=cfr(0,0,0,.216,-.976,0,.976,.216,0,0,0,1);es="Linear";ed="In";};["000-offset.004"]={cf=cfr(0,0,0,.153,-.988,0,.988,.153,0,0,0,1);es="Linear";ed="In";};["000-offset.008"]={cf=cfr(0,0,0,.856,-.517,0,.517,.856,0,0,0,1);es="Linear";ed="In";};["000-offset.005"]={cf=cfr(0,0,0,.827,-.544,-.143,.54,.839,-.07,.158,-.02,.987);es="Linear";ed="In";};};{tm=.458;["root"]={cf=cfr(0,2.157,-.042,0,0,1,0,1,0,-1,0,0);es="Linear";ed="In";};["000-offset"]={cf=cfr(0,0,0,-.051,.999,0,-.999,-.051,0,0,0,1);es="Linear";ed="In";};["000-offset.009"]={cf=cfr(0,0,0,-.296,-.355,.887,.745,-.667,-.019,.599,.655,.462);es="Linear";ed="In";};["000-offset.012"]={cf=cfr(0,0,0,-.544,-.471,-.694,.655,-.756,0,-.525,-.455,.72);es="Linear";ed="In";};["000-offset.010"]={cf=cfr(0,0,0,.261,.965,0,-.965,.261,0,0,0,1);es="Linear";ed="In";};["000-offset.013"]={cf=cfr(0,0,0,.337,.941,0,-.941,.337,0,0,0,1);es="Linear";ed="In";};["000-offset.002"]={cf=cfr(0,0,0,.989,-.151,-.002,.149,.979,-.139,.023,.137,.99);es="Linear";ed="In";};["000-offset.011"]={cf=cfr(0,0,0,-.24,-.97,.036,.971,-.24,0,.009,.035,.999);es="Linear";ed="In";};["000-offset.014"]={cf=cfr(0,0,0,-.045,-.998,-.039,.999,-.044,-.01,.008,-.04,.999);es="Linear";ed="In";};["000-offset.006"]={cf=cfr(0,0,0,.402,-.895,.194,.428,.371,.824,-.809,-.248,.532);es="Linear";ed="In";};["000-offset.003"]={cf=cfr(0,0,0,.516,-.807,-.287,.43,.534,-.728,.741,.252,.623);es="Linear";ed="In";};["000-offset.007"]={cf=cfr(0,0,0,.218,-.976,0,.976,.218,0,0,0,1);es="Linear";ed="In";};["000-offset.004"]={cf=cfr(0,0,0,.145,-.989,0,.989,.145,0,0,0,1);es="Linear";ed="In";};["000-offset.008"]={cf=cfr(0,0,0,.843,-.537,0,.537,.843,0,0,0,1);es="Linear";ed="In";};["000-offset.005"]={cf=cfr(0,0,0,.821,-.553,-.143,.549,.833,-.07,.158,-.021,.987);es="Linear";ed="In";};};{tm=.5;["root"]={cf=cfr(0,2.143,-.042,0,0,1,0,1,0,-1,0,0);es="Linear";ed="In";};["000-offset"]={cf=cfr(0,0,0,-.053,.999,0,-.999,-.053,0,0,0,1);es="Linear";ed="In";};["000-offset.009"]={cf=cfr(0,0,0,-.299,-.351,.887,.737,-.676,-.019,.606,.648,.461);es="Linear";ed="In";};["000-offset.012"]={cf=cfr(0,0,0,-.55,-.463,-.695,.645,-.765,0,-.531,-.448,.719);es="Linear";ed="In";};["000-offset.010"]={cf=cfr(0,0,0,.237,.972,0,-.972,.237,0,0,0,1);es="Linear";ed="In";};["000-offset.013"]={cf=cfr(0,0,0,.309,.951,0,-.951,.309,0,0,0,1);es="Linear";ed="In";};["000-offset.002"]={cf=cfr(0,0,0,.988,-.156,-.001,.155,.984,-.083,.014,.082,.997);es="Linear";ed="In";};["000-offset.011"]={cf=cfr(0,0,0,-.253,-.967,.038,.967,-.253,0,.009,.037,.999);es="Linear";ed="In";};["000-offset.014"]={cf=cfr(0,0,0,-.062,-.997,-.042,.998,-.062,-.01,.008,-.042,.999);es="Linear";ed="In";};["000-offset.006"]={cf=cfr(0,0,0,.418,-.887,.196,.422,.381,.823,-.804,-.261,.533);es="Linear";ed="In";};["000-offset.003"]={cf=cfr(0,0,0,.536,-.796,-.282,.426,.543,-.724,.729,.268,.63);es="Linear";ed="In";};["000-offset.007"]={cf=cfr(0,0,0,.219,-.976,0,.976,.219,0,0,0,1);es="Linear";ed="In";};["000-offset.004"]={cf=cfr(0,0,0,.138,-.99,0,.99,.138,0,0,0,1);es="Linear";ed="In";};["000-offset.008"]={cf=cfr(0,0,0,.833,-.553,0,.553,.833,0,0,0,1);es="Linear";ed="In";};["000-offset.005"]={cf=cfr(0,0,0,.816,-.559,-.143,.555,.829,-.07,.158,-.023,.987);es="Linear";ed="In";};};{tm=.542;["root"]={cf=cfr(0,2.129,-.042,0,0,1,0,1,0,-1,0,0);es="Linear";ed="In";};["000-offset"]={cf=cfr(0,0,0,-.053,.999,0,-.999,-.053,0,0,0,1);es="Linear";ed="In";};["000-offset.009"]={cf=cfr(0,0,0,-.301,-.349,.887,.732,-.681,-.019,.611,.644,.46);es="Linear";ed="In";};["000-offset.012"]={cf=cfr(0,0,0,-.553,-.458,-.696,.638,-.77,0,-.536,-.444,.718);es="Linear";ed="In";};["000-offset.010"]={cf=cfr(0,0,0,.221,.975,0,-.975,.221,0,0,0,1);es="Linear";ed="In";};["000-offset.013"]={cf=cfr(0,0,0,.29,.957,0,-.957,.29,0,0,0,1);es="Linear";ed="In";};["000-offset.002"]={cf=cfr(0,0,0,.987,-.16,0,.16,.987,-.036,.006,.035,.999);es="Linear";ed="In";};["000-offset.011"]={cf=cfr(0,0,0,-.262,-.964,.039,.965,-.262,.001,.01,.038,.999);es="Linear";ed="In";};["000-offset.014"]={cf=cfr(0,0,0,-.074,-.996,-.043,.997,-.073,-.01,.007,-.044,.999);es="Linear";ed="In";};["000-offset.006"]={cf=cfr(0,0,0,.429,-.882,.198,.417,.387,.822,-.801,-.27,.534);es="Linear";ed="In";};["000-offset.003"]={cf=cfr(0,0,0,.549,-.788,-.279,.423,.549,-.721,.721,.278,.634);es="Linear";ed="In";};["000-offset.007"]={cf=cfr(0,0,0,.221,-.975,0,.975,.221,0,0,0,1);es="Linear";ed="In";};["000-offset.004"]={cf=cfr(0,0,0,.134,-.991,0,.991,.134,0,0,0,1);es="Linear";ed="In";};["000-offset.008"]={cf=cfr(0,0,0,.826,-.563,0,.563,.826,0,0,0,1);es="Linear";ed="In";};["000-offset.005"]={cf=cfr(0,0,0,.813,-.564,-.143,.56,.826,-.07,.158,-.023,.987);es="Linear";ed="In";};};{tm=.583;["000-offset"]={cf=cfr(0,0,0,-.052,.999,0,-.999,-.052,0,0,0,1);es="Linear";ed="In";};["000-offset.009"]={cf=cfr(0,0,0,-.3,-.348,.888,.731,-.682,-.021,.613,.643,.459);es="Linear";ed="In";};["000-offset.012"]={cf=cfr(0,0,0,-.553,-.458,-.696,.637,-.771,.002,-.537,-.442,.718);es="Linear";ed="In";};["000-offset.010"]={cf=cfr(0,0,0,.216,.976,0,-.976,.216,0,0,0,1);es="Linear";ed="In";};["000-offset.013"]={cf=cfr(0,0,0,.283,.959,0,-.959,.283,0,0,0,1);es="Linear";ed="In";};["000-offset.002"]={cf=cfr(0,0,0,.987,-.162,0,.162,.987,0,0,0,1);es="Linear";ed="In";};["000-offset.011"]={cf=cfr(0,0,0,-.262,-.964,.04,.965,-.263,.001,.01,.039,.999);es="Linear";ed="In";};["000-offset.014"]={cf=cfr(0,0,0,-.078,-.996,-.044,.997,-.078,-.01,.007,-.045,.999);es="Linear";ed="In";};["000-offset.006"]={cf=cfr(0,0,0,.432,-.88,.198,.416,.389,.822,-.8,-.273,.534);es="Linear";ed="In";};["000-offset.003"]={cf=cfr(0,0,0,.553,-.785,-.278,.421,.551,-.72,.719,.281,.636);es="Linear";ed="In";};["000-offset.007"]={cf=cfr(0,0,0,.22,-.976,0,.976,.22,0,0,0,1);es="Linear";ed="In";};["000-offset.008"]={cf=cfr(0,0,0,.824,-.567,0,.567,.824,0,0,0,1);es="Linear";ed="In";};["000-offset.005"]={cf=cfr(0,0,0,.812,-.565,-.143,.562,.824,-.07,.158,-.024,.987);es="Linear";ed="In";};};{tm=.625;["root"]={cf=cfr(0,2.129,-.042,0,0,1,0,1,0,-1,0,0);es="Linear";ed="In";};["000-offset"]={cf=cfr(0,0,0,-.051,.999,0,-.999,-.051,0,0,0,1);es="Linear";ed="In";};["000-offset.009"]={cf=cfr(0,0,0,-.3,-.349,.888,.732,-.681,-.02,.612,.644,.46);es="Linear";ed="In";};["000-offset.012"]={cf=cfr(0,0,0,-.554,-.457,-.696,.637,-.771,0,-.536,-.443,.718);es="Linear";ed="In";};["000-offset.010"]={cf=cfr(0,0,0,.219,.976,0,-.976,.219,0,0,0,1);es="Linear";ed="In";};["000-offset.013"]={cf=cfr(0,0,0,.288,.958,0,-.958,.288,0,0,0,1);es="Linear";ed="In";};["000-offset.002"]={cf=cfr(0,0,0,.987,-.161,0,.161,.987,.026,-.004,-.025,1);es="Linear";ed="In";};["000-offset.011"]={cf=cfr(0,0,0,-.263,-.964,.04,.965,-.263,.001,.01,.038,.999);es="Linear";ed="In";};["000-offset.014"]={cf=cfr(0,0,0,-.075,-.996,-.044,.997,-.075,-.01,.007,-.044,.999);es="Linear";ed="In";};["000-offset.006"]={cf=cfr(0,0,0,.429,-.882,.198,.417,.387,.822,-.801,-.27,.534);es="Linear";ed="In";};["000-offset.003"]={cf=cfr(0,0,0,.549,-.788,-.279,.423,.549,-.721,.721,.278,.635);es="Linear";ed="In";};["000-offset.007"]={cf=cfr(0,0,0,.219,-.976,0,.976,.219,0,0,0,1);es="Linear";ed="In";};["000-offset.004"]={cf=cfr(0,0,0,.134,-.991,0,.991,.134,0,0,0,1);es="Linear";ed="In";};["000-offset.008"]={cf=cfr(0,0,0,.826,-.564,0,.564,.826,0,0,0,1);es="Linear";ed="In";};["000-offset.005"]={cf=cfr(0,0,0,.813,-.564,-.143,.56,.826,-.07,.158,-.023,.987);es="Linear";ed="In";};};{tm=.667;["root"]={cf=cfr(0,2.143,-.042,0,0,1,0,1,0,-1,0,0);es="Linear";ed="In";};["000-offset"]={cf=cfr(0,0,0,-.05,.999,0,-.999,-.05,0,0,0,1);es="Linear";ed="In";};["000-offset.009"]={cf=cfr(0,0,0,-.3,-.35,.887,.734,-.678,-.019,.609,.646,.461);es="Linear";ed="In";};["000-offset.012"]={cf=cfr(0,0,0,-.551,-.461,-.695,.641,-.767,0,-.533,-.446,.719);es="Linear";ed="In";};["000-offset.010"]={cf=cfr(0,0,0,.23,.973,0,-.973,.23,0,0,0,1);es="Linear";ed="In";};["000-offset.013"]={cf=cfr(0,0,0,.3,.954,0,-.954,.3,0,0,0,1);es="Linear";ed="In";};["000-offset.002"]={cf=cfr(0,0,0,.987,-.159,0,.159,.986,.044,-.007,-.044,.999);es="Linear";ed="In";};["000-offset.011"]={cf=cfr(0,0,0,-.257,-.966,.039,.966,-.257,0,.009,.037,.999);es="Linear";ed="In";};["000-offset.014"]={cf=cfr(0,0,0,-.068,-.997,-.043,.998,-.067,-.01,.007,-.043,.999);es="Linear";ed="In";};["000-offset.006"]={cf=cfr(0,0,0,.419,-.887,.196,.422,.381,.823,-.804,-.262,.533);es="Linear";ed="In";};["000-offset.003"]={cf=cfr(0,0,0,.537,-.795,-.282,.426,.544,-.723,.729,.268,.63);es="Linear";ed="In";};["000-offset.007"]={cf=cfr(0,0,0,.218,-.976,0,.976,.218,0,0,0,1);es="Linear";ed="In";};["000-offset.004"]={cf=cfr(0,0,0,.139,-.99,0,.99,.139,0,0,0,1);es="Linear";ed="In";};["000-offset.008"]={cf=cfr(0,0,0,.833,-.554,0,.554,.833,0,0,0,1);es="Linear";ed="In";};["000-offset.005"]={cf=cfr(0,0,0,.816,-.56,-.143,.556,.828,-.07,.158,-.023,.987);es="Linear";ed="In";};};{tm=.708;["root"]={cf=cfr(0,2.157,-.042,0,0,1,0,1,0,-1,0,0);es="Linear";ed="In";};["000-offset"]={cf=cfr(0,0,0,-.05,.999,0,-.999,-.05,0,0,0,1);es="Linear";ed="In";};["000-offset.009"]={cf=cfr(0,0,0,-.298,-.353,.887,.74,-.673,-.019,.603,.65,.461);es="Linear";ed="In";};["000-offset.012"]={cf=cfr(0,0,0,-.548,-.466,-.695,.648,-.761,0,-.529,-.451,.719);es="Linear";ed="In";};["000-offset.010"]={cf=cfr(0,0,0,.246,.969,0,-.969,.246,0,0,0,1);es="Linear";ed="In";};["000-offset.013"]={cf=cfr(0,0,0,.32,.948,0,-.948,.32,0,0,0,1);es="Linear";ed="In";};["000-offset.002"]={cf=cfr(0,0,0,.988,-.155,.001,.155,.986,.056,-.009,-.056,.998);es="Linear";ed="In";};["000-offset.011"]={cf=cfr(0,0,0,-.248,-.968,.037,.969,-.248,0,.009,.036,.999);es="Linear";ed="In";};["000-offset.014"]={cf=cfr(0,0,0,-.056,-.998,-.041,.998,-.055,-.01,.008,-.041,.999);es="Linear";ed="In";};["000-offset.006"]={cf=cfr(0,0,0,.403,-.894,.194,.428,.371,.824,-.809,-.249,.532);es="Linear";ed="In";};["000-offset.003"]={cf=cfr(0,0,0,.517,-.806,-.287,.43,.535,-.728,.74,.253,.623);es="Linear";ed="In";};["000-offset.007"]={cf=cfr(0,0,0,.218,-.976,0,.976,.218,0,0,0,1);es="Linear";ed="In";};["000-offset.004"]={cf=cfr(0,0,0,.145,-.989,0,.989,.145,0,0,0,1);es="Linear";ed="In";};["000-offset.008"]={cf=cfr(0,0,0,.843,-.538,0,.538,.843,0,0,0,1);es="Linear";ed="In";};["000-offset.005"]={cf=cfr(0,0,0,.821,-.553,-.143,.549,.833,-.07,.158,-.021,.987);es="Linear";ed="In";};};{tm=.75;["root"]={cf=cfr(0,2.185,-.028,0,0,1,0,1,0,-1,0,0);es="Linear";ed="In";};["000-offset"]={cf=cfr(0,0,0,-.049,.999,0,-.999,-.049,0,0,0,1);es="Linear";ed="In";};["000-offset.009"]={cf=cfr(0,0,0,-.295,-.356,.887,.747,-.665,-.019,.596,.657,.462);es="Linear";ed="In";};["000-offset.012"]={cf=cfr(0,0,0,-.542,-.473,-.694,.658,-.753,0,-.523,-.457,.72);es="Linear";ed="In";};["000-offset.010"]={cf=cfr(0,0,0,.267,.964,0,-.964,.267,0,0,0,1);es="Linear";ed="In";};["000-offset.013"]={cf=cfr(0,0,0,.345,.938,0,-.938,.345,0,0,0,1);es="Linear";ed="In";};["000-offset.002"]={cf=cfr(0,0,0,.989,-.15,.001,.15,.987,.063,-.01,-.062,.998);es="Linear";ed="In";};["000-offset.011"]={cf=cfr(0,0,0,-.236,-.971,.035,.972,-.236,0,.009,.034,.999);es="Linear";ed="In";};["000-offset.014"]={cf=cfr(0,0,0,-.039,-.998,-.039,.999,-.039,-.01,.008,-.039,.999);es="Linear";ed="In";};["000-offset.006"]={cf=cfr(0,0,0,.382,-.904,.191,.435,.359,.826,-.815,-.233,.53);es="Linear";ed="In";};["000-offset.003"]={cf=cfr(0,0,0,.493,-.819,-.293,.434,.523,-.734,.754,.234,.613);es="Linear";ed="In";};["000-offset.007"]={cf=cfr(0,0,0,.217,-.976,0,.976,.217,0,0,0,1);es="Linear";ed="In";};["000-offset.004"]={cf=cfr(0,0,0,.154,-.988,0,.988,.154,0,0,0,1);es="Linear";ed="In";};["000-offset.008"]={cf=cfr(0,0,0,.855,-.518,0,.518,.855,0,0,0,1);es="Linear";ed="In";};["000-offset.005"]={cf=cfr(0,0,0,.827,-.544,-.143,.54,.839,-.07,.158,-.02,.987);es="Linear";ed="In";};};{tm=.792;["root"]={cf=cfr(0,2.2,-.028,0,0,1,0,1,0,-1,0,0);es="Linear";ed="In";};["000-offset"]={cf=cfr(0,0,0,-.048,.999,0,-.999,-.048,0,0,0,1);es="Linear";ed="In";};["000-offset.009"]={cf=cfr(0,0,0,-.291,-.36,.886,.755,-.655,-.019,.588,.664,.462);es="Linear";ed="In";};["000-offset.012"]={cf=cfr(0,0,0,-.536,-.482,-.693,.669,-.743,0,-.515,-.464,.721);es="Linear";ed="In";};["000-offset.010"]={cf=cfr(0,0,0,.293,.956,0,-.956,.293,0,0,0,1);es="Linear";ed="In";};["000-offset.013"]={cf=cfr(0,0,0,.376,.927,0,-.927,.376,0,0,0,1);es="Linear";ed="In";};["000-offset.002"]={cf=cfr(0,0,0,.99,-.144,.001,.144,.987,.065,-.011,-.064,.998);es="Linear";ed="In";};["000-offset.011"]={cf=cfr(0,0,0,-.221,-.975,.033,.975,-.221,-.001,.008,.032,.999);es="Linear";ed="In";};["000-offset.014"]={cf=cfr(0,0,0,-.02,-.999,-.036,1,-.02,-.01,.009,-.036,.999);es="Linear";ed="In";};["000-offset.006"]={cf=cfr(0,0,0,.358,-.915,.188,.442,.343,.829,-.822,-.214,.528);es="Linear";ed="In";};["000-offset.003"]={cf=cfr(0,0,0,.464,-.834,-.299,.437,.509,-.741,.771,.213,.601);es="Linear";ed="In";};["000-offset.007"]={cf=cfr(0,0,0,.215,-.977,0,.977,.215,0,0,0,1);es="Linear";ed="In";};["000-offset.004"]={cf=cfr(0,0,0,.164,-.986,0,.986,.164,0,0,0,1);es="Linear";ed="In";};["000-offset.008"]={cf=cfr(0,0,0,.87,-.494,0,.494,.87,0,0,0,1);es="Linear";ed="In";};["000-offset.005"]={cf=cfr(0,0,0,.833,-.534,-.143,.53,.845,-.07,.158,-.018,.987);es="Linear";ed="In";};};{tm=.833;["root"]={cf=cfr(0,2.228,-.014,0,0,1,0,1,0,-1,0,0);es="Linear";ed="In";};["000-offset"]={cf=cfr(0,0,0,-.045,.999,0,-.999,-.045,0,0,0,1);es="Linear";ed="In";};["000-offset.009"]={cf=cfr(0,0,0,-.286,-.365,.886,.765,-.644,-.019,.578,.672,.463);es="Linear";ed="In";};["000-offset.012"]={cf=cfr(0,0,0,-.528,-.491,-.693,.682,-.732,-.001,-.507,-.473,.721);es="Linear";ed="In";};["000-offset.010"]={cf=cfr(0,0,0,.322,.947,0,-.947,.322,0,0,0,1);es="Linear";ed="In";};["000-offset.013"]={cf=cfr(0,0,0,.411,.912,0,-.912,.411,0,0,0,1);es="Linear";ed="In";};["000-offset.002"]={cf=cfr(0,0,0,.99,-.138,.002,.137,.989,.063,-.01,-.063,.998);es="Linear";ed="In";};["000-offset.011"]={cf=cfr(0,0,0,-.204,-.979,.03,.979,-.204,-.001,.007,.029,1);es="Linear";ed="In";};["000-offset.014"]={cf=cfr(0,0,0,.002,-.999,-.033,1,.003,-.01,.01,-.033,.999);es="Linear";ed="In";};["000-offset.006"]={cf=cfr(0,0,0,.331,-.925,.184,.449,.326,.832,-.83,-.193,.523);es="Linear";ed="In";};["000-offset.003"]={cf=cfr(0,0,0,.431,-.849,-.306,.439,.494,-.751,.788,.19,.585);es="Linear";ed="In";};["000-offset.007"]={cf=cfr(0,0,0,.212,-.977,0,.977,.212,0,0,0,1);es="Linear";ed="In";};["000-offset.004"]={cf=cfr(0,0,0,.175,-.985,0,.985,.175,0,0,0,1);es="Linear";ed="In";};["000-offset.008"]={cf=cfr(0,0,0,.885,-.466,0,.466,.885,0,0,0,1);es="Linear";ed="In";};["000-offset.005"]={cf=cfr(0,0,0,.841,-.522,-.143,.518,.853,-.07,.158,-.016,.987);es="Linear";ed="In";};};{tm=.875;["root"]={cf=cfr(0,2.256,-.014,0,0,1,0,1,0,-1,0,0);es="Linear";ed="In";};["000-offset"]={cf=cfr(0,0,0,-.042,.999,0,-.999,-.042,0,0,0,1);es="Linear";ed="In";};["000-offset.009"]={cf=cfr(0,0,0,-.28,-.369,.886,.775,-.632,-.018,.567,.681,.463);es="Linear";ed="In";};["000-offset.012"]={cf=cfr(0,0,0,-.519,-.502,-.692,.696,-.718,-.001,-.497,-.482,.722);es="Linear";ed="In";};["000-offset.010"]={cf=cfr(0,0,0,.354,.935,0,-.935,.354,0,0,0,1);es="Linear";ed="In";};["000-offset.013"]={cf=cfr(0,0,0,.448,.894,0,-.894,.448,0,0,0,1);es="Linear";ed="In";};["000-offset.002"]={cf=cfr(0,0,0,.991,-.13,.002,.13,.99,.058,-.01,-.058,.998);es="Linear";ed="In";};["000-offset.011"]={cf=cfr(0,0,0,-.185,-.982,.027,.983,-.185,-.002,.007,.026,1);es="Linear";ed="In";};["000-offset.014"]={cf=cfr(0,0,0,.027,-.999,-.03,1,.027,-.01,.011,-.03,.999);es="Linear";ed="In";};["000-offset.006"]={cf=cfr(0,0,0,.303,-.936,.18,.454,.308,.836,-.838,-.172,.518);es="Linear";ed="In";};["000-offset.003"]={cf=cfr(0,0,0,.398,-.863,-.312,.438,.477,-.762,.806,.166,.568);es="Linear";ed="In";};["000-offset.007"]={cf=cfr(0,0,0,.21,-.978,0,.978,.21,0,0,0,1);es="Linear";ed="In";};["000-offset.004"]={cf=cfr(0,0,0,.187,-.982,0,.982,.187,0,0,0,1);es="Linear";ed="In";};["000-offset.008"]={cf=cfr(0,0,0,.9,-.437,0,.437,.9,0,0,0,1);es="Linear";ed="In";};["000-offset.005"]={cf=cfr(0,0,0,.848,-.51,-.143,.506,.86,-.07,.158,-.013,.987);es="Linear";ed="In";};};{tm=.917;["root"]={cf=cfr(0,2.284,0,0,0,1,0,1,0,-1,0,0);es="Linear";ed="In";};["000-offset"]={cf=cfr(0,0,0,-.039,.999,0,-.999,-.039,0,0,0,1);es="Linear";ed="In";};["000-offset.009"]={cf=cfr(0,0,0,-.274,-.374,.886,.786,-.619,-.018,.555,.691,.464);es="Linear";ed="In";};["000-offset.012"]={cf=cfr(0,0,0,-.509,-.512,-.692,.71,-.704,-.001,-.487,-.492,.722);es="Linear";ed="In";};["000-offset.010"]={cf=cfr(0,0,0,.388,.922,0,-.922,.388,0,0,0,1);es="Linear";ed="In";};["000-offset.013"]={cf=cfr(0,0,0,.488,.873,0,-.873,.488,0,0,0,1);es="Linear";ed="In";};["000-offset.002"]={cf=cfr(0,0,0,.992,-.123,.002,.123,.991,.051,-.008,-.051,.999);es="Linear";ed="In";};["000-offset.011"]={cf=cfr(0,0,0,-.165,-.986,.023,.986,-.165,-.002,.006,.023,1);es="Linear";ed="In";};["000-offset.014"]={cf=cfr(0,0,0,.053,-.998,-.027,.999,.054,-.011,.012,-.026,1);es="Linear";ed="In";};["000-offset.006"]={cf=cfr(0,0,0,.275,-.945,.175,.457,.289,.841,-.846,-.151,.512);es="Linear";ed="In";};["000-offset.003"]={cf=cfr(0,0,0,.364,-.876,-.317,.435,.461,-.773,.824,.143,.549);es="Linear";ed="In";};["000-offset.007"]={cf=cfr(0,0,0,.207,-.978,0,.978,.207,0,0,0,1);es="Linear";ed="In";};["000-offset.004"]={cf=cfr(0,0,0,.199,-.98,0,.98,.199,0,0,0,1);es="Linear";ed="In";};["000-offset.008"]={cf=cfr(0,0,0,.914,-.406,0,.406,.914,0,0,0,1);es="Linear";ed="In";};["000-offset.005"]={cf=cfr(0,0,0,.856,-.498,-.143,.493,.867,-.07,.158,-.011,.987);es="Linear";ed="In";};};{tm=.958;["root"]={cf=cfr(0,2.312,0,0,0,1,0,1,0,-1,0,0);es="Linear";ed="In";};["000-offset"]={cf=cfr(0,0,0,-.036,.999,0,-.999,-.036,0,0,0,1);es="Linear";ed="In";};["000-offset.009"]={cf=cfr(0,0,0,-.268,-.379,.886,.797,-.604,-.018,.542,.701,.464);es="Linear";ed="In";};["000-offset.012"]={cf=cfr(0,0,0,-.498,-.523,-.692,.725,-.689,-.001,-.476,-.502,.722);es="Linear";ed="In";};["000-offset.010"]={cf=cfr(0,0,0,.422,.906,0,-.906,.422,0,0,0,1);es="Linear";ed="In";};["000-offset.013"]={cf=cfr(0,0,0,.528,.849,0,-.849,.528,0,0,0,1);es="Linear";ed="In";};["000-offset.002"]={cf=cfr(0,0,0,.993,-.115,.002,.115,.992,.042,-.007,-.042,.999);es="Linear";ed="In";};["000-offset.011"]={cf=cfr(0,0,0,-.144,-.989,.02,.99,-.144,-.002,.005,.019,1);es="Linear";ed="In";};["000-offset.014"]={cf=cfr(0,0,0,.081,-.996,-.023,.997,.081,-.012,.013,-.022,1);es="Linear";ed="In";};["000-offset.006"]={cf=cfr(0,0,0,.247,-.954,.171,.459,.27,.846,-.853,-.131,.505);es="Linear";ed="In";};["000-offset.003"]={cf=cfr(0,0,0,.331,-.887,-.322,.43,.445,-.786,.84,.122,.529);es="Linear";ed="In";};["000-offset.007"]={cf=cfr(0,0,0,.204,-.979,0,.979,.204,0,0,0,1);es="Linear";ed="In";};["000-offset.004"]={cf=cfr(0,0,0,.21,-.978,0,.978,.21,0,0,0,1);es="Linear";ed="In";};["000-offset.008"]={cf=cfr(0,0,0,.927,-.376,0,.376,.927,0,0,0,1);es="Linear";ed="In";};["000-offset.005"]={cf=cfr(0,0,0,.863,-.485,-.143,.48,.874,-.07,.159,-.009,.987);es="Linear";ed="In";};};{tm=1;["root"]={cf=cfr(0,2.341,0,0,0,1,0,1,0,-1,0,0);es="Linear";ed="In";};["000-offset"]={cf=cfr(0,0,0,-.032,.999,0,-.999,-.032,0,0,0,1);es="Linear";ed="In";};["000-offset.009"]={cf=cfr(0,0,0,-.26,-.384,.886,.808,-.589,-.018,.529,.711,.464);es="Linear";ed="In";};["000-offset.012"]={cf=cfr(0,0,0,-.486,-.534,-.692,.74,-.673,-.001,-.465,-.512,.722);es="Linear";ed="In";};["000-offset.010"]={cf=cfr(0,0,0,.457,.889,0,-.889,.457,0,0,0,1);es="Linear";ed="In";};["000-offset.013"]={cf=cfr(0,0,0,.567,.824,0,-.824,.567,0,0,0,1);es="Linear";ed="In";};["000-offset.002"]={cf=cfr(0,0,0,.994,-.108,.002,.108,.994,.033,-.005,-.032,.999);es="Linear";ed="In";};["000-offset.011"]={cf=cfr(0,0,0,-.122,-.992,.016,.993,-.122,-.002,.004,.016,1);es="Linear";ed="In";};["000-offset.014"]={cf=cfr(0,0,0,.109,-.994,-.02,.994,.109,-.012,.014,-.019,1);es="Linear";ed="In";};["000-offset.006"]={cf=cfr(0,0,0,.221,-.961,.166,.459,.253,.852,-.86,-.112,.497);es="Linear";ed="In";};["000-offset.003"]={cf=cfr(0,0,0,.301,-.897,-.325,.422,.43,-.798,.855,.103,.508);es="Linear";ed="In";};["000-offset.007"]={cf=cfr(0,0,0,.202,-.979,0,.979,.202,0,0,0,1);es="Linear";ed="In";};["000-offset.004"]={cf=cfr(0,0,0,.221,-.975,0,.975,.221,0,0,0,1);es="Linear";ed="In";};["000-offset.008"]={cf=cfr(0,0,0,.938,-.347,0,.347,.938,0,0,0,1);es="Linear";ed="In";};["000-offset.005"]={cf=cfr(0,0,0,.869,-.473,-.143,.468,.881,-.07,.159,-.006,.987);es="Linear";ed="In";};};{tm=1.042;["root"]={cf=cfr(0,2.369,0,0,0,1,0,1,0,-1,0,0);es="Linear";ed="In";};["000-offset"]={cf=cfr(0,0,0,-.029,1,0,-1,-.029,0,0,0,1);es="Linear";ed="In";};["000-offset.009"]={cf=cfr(0,0,0,-.253,-.389,.886,.818,-.574,-.018,.516,.72,.463);es="Linear";ed="In";};["000-offset.012"]={cf=cfr(0,0,0,-.474,-.544,-.692,.755,-.656,-.001,-.454,-.523,.722);es="Linear";ed="In";};["000-offset.010"]={cf=cfr(0,0,0,.491,.871,0,-.871,.491,0,0,0,1);es="Linear";ed="In";};["000-offset.013"]={cf=cfr(0,0,0,.606,.796,0,-.796,.606,0,0,0,1);es="Linear";ed="In";};["000-offset.002"]={cf=cfr(0,0,0,.995,-.102,.001,.102,.995,.023,-.004,-.023,1);es="Linear";ed="In";};["000-offset.011"]={cf=cfr(0,0,0,-.1,-.995,.013,.995,-.1,-.002,.003,.013,1);es="Linear";ed="In";};["000-offset.014"]={cf=cfr(0,0,0,.136,-.991,-.017,.991,.137,-.013,.016,-.015,1);es="Linear";ed="In";};["000-offset.006"]={cf=cfr(0,0,0,.198,-.967,.161,.458,.237,.857,-.867,-.096,.49);es="Linear";ed="In";};["000-offset.003"]={cf=cfr(0,0,0,.274,-.905,-.326,.414,.417,-.809,.868,.087,.489);es="Linear";ed="In";};["000-offset.007"]={cf=cfr(0,0,0,.2,-.98,0,.98,.2,0,0,0,1);es="Linear";ed="In";};["000-offset.004"]={cf=cfr(0,0,0,.231,-.973,0,.973,.231,0,0,0,1);es="Linear";ed="In";};["000-offset.008"]={cf=cfr(0,0,0,.947,-.321,0,.321,.947,0,0,0,1);es="Linear";ed="In";};["000-offset.005"]={cf=cfr(0,0,0,.875,-.462,-.143,.457,.887,-.07,.159,-.004,.987);es="Linear";ed="In";};};{tm=1.083;["root"]={cf=cfr(0,2.383,.014,0,0,1,0,1,0,-1,0,0);es="Linear";ed="In";};["000-offset"]={cf=cfr(0,0,0,-.025,1,0,-1,-.025,0,0,0,1);es="Linear";ed="In";};["000-offset.009"]={cf=cfr(0,0,0,-.246,-.393,.886,.829,-.559,-.018,.503,.73,.463);es="Linear";ed="In";};["000-offset.012"]={cf=cfr(0,0,0,-.462,-.554,-.693,.769,-.64,-.001,-.443,-.533,.721);es="Linear";ed="In";};["000-offset.010"]={cf=cfr(0,0,0,.524,.852,0,-.852,.524,0,0,0,1);es="Linear";ed="In";};["000-offset.013"]={cf=cfr(0,0,0,.642,.767,0,-.767,.642,0,0,0,1);es="Linear";ed="In";};["000-offset.002"]={cf=cfr(0,0,0,.995,-.097,.001,.097,.995,.014,-.002,-.014,1);es="Linear";ed="In";};["000-offset.011"]={cf=cfr(0,0,0,-.079,-.997,.009,.997,-.079,-.002,.002,.009,1);es="Linear";ed="In";};["000-offset.014"]={cf=cfr(0,0,0,.163,-.986,-.013,.986,.164,-.015,.017,-.011,1);es="Linear";ed="In";};["000-offset.006"]={cf=cfr(0,0,0,.179,-.971,.157,.456,.224,.861,-.872,-.083,.483);es="Linear";ed="In";};["000-offset.003"]={cf=cfr(0,0,0,.252,-.911,-.327,.406,.407,-.818,.878,.073,.472);es="Linear";ed="In";};["000-offset.007"]={cf=cfr(0,0,0,.198,-.98,0,.98,.198,0,0,0,1);es="Linear";ed="In";};["000-offset.004"]={cf=cfr(0,0,0,.24,-.971,0,.971,.24,0,0,0,1);es="Linear";ed="In";};["000-offset.008"]={cf=cfr(0,0,0,.955,-.298,0,.298,.955,0,0,0,1);es="Linear";ed="In";};["000-offset.005"]={cf=cfr(0,0,0,.88,-.453,-.143,.448,.892,-.07,.159,-.003,.987);es="Linear";ed="In";};};{tm=1.125;["root"]={cf=cfr(0,2.397,.014,0,0,1,0,1,0,-1,0,0);es="Linear";ed="In";};["000-offset"]={cf=cfr(0,0,0,-.022,1,0,-1,-.022,0,0,0,1);es="Linear";ed="In";};["000-offset.009"]={cf=cfr(0,0,0,-.238,-.397,.887,.838,-.545,-.019,.49,.739,.462);es="Linear";ed="In";};["000-offset.012"]={cf=cfr(0,0,0,-.449,-.563,-.694,.782,-.623,-.001,-.432,-.543,.72);es="Linear";ed="In";};["000-offset.010"]={cf=cfr(0,0,0,.554,.832,0,-.832,.554,0,0,0,1);es="Linear";ed="In";};["000-offset.013"]={cf=cfr(0,0,0,.675,.738,0,-.738,.675,0,0,0,1);es="Linear";ed="In";};["000-offset.002"]={cf=cfr(0,0,0,.996,-.092,0,.092,.996,.007,-.001,-.007,1);es="Linear";ed="In";};["000-offset.011"]={cf=cfr(0,0,0,-.058,-.998,.006,.998,-.058,-.001,.002,.006,1);es="Linear";ed="In";};["000-offset.014"]={cf=cfr(0,0,0,.189,-.982,-.01,.982,.19,-.016,.018,-.007,1);es="Linear";ed="In";};["000-offset.006"]={cf=cfr(0,0,0,.165,-.974,.154,.454,.213,.865,-.876,-.073,.477);es="Linear";ed="In";};["000-offset.003"]={cf=cfr(0,0,0,.235,-.915,-.328,.399,.398,-.826,.886,.064,.459);es="Linear";ed="In";};["000-offset.007"]={cf=cfr(0,0,0,.197,-.98,0,.98,.197,0,0,0,1);es="Linear";ed="In";};["000-offset.004"]={cf=cfr(0,0,0,.246,-.969,0,.969,.246,0,0,0,1);es="Linear";ed="In";};["00