local cfr = CFrame.new

return {{tm=0;["RootNode"]={cf=cfr(0,0,0,-1,0,0,0,1,0,0,0,-1);es="Linear";ed="In";};["root"]={cf=cfr(0,2.665,0,0,0,1,0,1,0,-1,0,0);es="Linear";ed="In";};["000-offset"]={cf=cfr(0,0,0,-.163,.987,0,-.987,-.163,0,0,0,1);es="Linear";ed="In";};["004-offset.001"]={cf=cfr(0,0,0,-.015,-1,0,1,-.015,0,0,0,1);es="Linear";ed="In";};["006-offset"]={cf=cfr(0,0,0,-.015,-1,0,1,-.015,0,0,0,1);es="Linear";ed="In";};["000-offset.009"]={cf=cfr(0,0,0,-.486,-.863,.135,.863,-.499,-.083,.139,.076,.987);es="Linear";ed="In";};["000-offset.012"]={cf=cfr(0,0,0,-.342,-.846,-.409,.922,-.386,.027,-.18,-.368,.912);es="Linear";ed="In";};["000-offset.001"]={cf=cfr(0,0,0,.933,.361,0,-.361,.933,0,0,0,1);es="Linear";ed="In";};["000-offset.010"]={cf=cfr(0,0,0,.515,.857,0,-.857,.515,0,0,0,1);es="Linear";ed="In";};["000-offset.013"]={cf=cfr(0,0,0,.283,.959,0,-.959,.283,0,0,0,1);es="Linear";ed="In";};["004-offset"]={cf=cfr(0,0,0,.035,-.999,0,.999,.035,0,0,0,1);es="Linear";ed="In";};["002-offset"]={cf=cfr(0,0,0,.035,-.999,0,.999,.035,0,0,0,1);es="Linear";ed="In";};["000-offset.002"]={cf=cfr(0,0,0,.909,-.416,0,.416,.909,0,0,0,1);es="Linear";ed="In";};["000-offset.011"]={cf=cfr(0,0,0,.209,-.978,-.021,.978,.21,-.018,.022,-.016,1);es="Linear";ed="In";};["000-offset.014"]={cf=cfr(0,0,0,-.117,-.993,.013,.992,-.116,.056,-.054,.02,.998);es="Linear";ed="In";};["000-offset.006"]={cf=cfr(0,0,0,.266,-.948,.175,.446,.282,.85,-.855,-.148,.498);es="Linear";ed="In";};["000-offset.003"]={cf=cfr(0,0,0,.042,-.999,-.02,.417,.035,-.908,.908,.03,.419);es="Linear";ed="In";};["000-offset.007"]={cf=cfr(0,0,0,.532,-.847,0,.847,.532,0,0,0,1);es="Linear";ed="In";};["000-offset.004"]={cf=cfr(0,0,0,.427,-.904,0,.904,.427,0,0,0,1);es="Linear";ed="In";};["000-offset.008"]={cf=cfr(0,0,0,.713,-.616,.334,.628,.773,.085,-.311,.149,.939);es="Linear";ed="In";};["000-offset.005"]={cf=cfr(0,0,0,.916,-.374,-.143,.368,.927,-.07,.159,.011,.987);es="Linear";ed="In";};};{tm=.042;["000-offset.001"]={cf=cfr(0,0,0,.932,.362,0,-.362,.932,0,0,0,1);es="Linear";ed="In";};["000-offset.002"]={cf=cfr(0,0,0,.909,-.416,0,.416,.909,.001,0,-.001,1);es="Linear";ed="In";};["000-offset.003"]={cf=cfr(0,0,0,.043,-.999,-.02,.418,.036,-.908,.907,.031,.419);es="Linear";ed="In";};["000-offset.006"]={cf=cfr(0,0,0,.268,-.947,.175,.446,.283,.849,-.854,-.15,.498);es="Linear";ed="In";};["000-offset.004"]={cf=cfr(0,0,0,.425,-.905,0,.905,.425,0,0,0,1);es="Linear";ed="In";};["000-offset.007"]={cf=cfr(0,0,0,.53,-.848,0,.848,.53,0,0,0,1);es="Linear";ed="In";};};{tm=.083;["000-offset.001"]={cf=cfr(0,0,0,.93,.367,0,-.367,.93,0,0,0,1);es="Linear";ed="In";};["000-offset.002"]={cf=cfr(0,0,0,.909,-.417,-.001,.417,.909,.005,-.001,-.005,1);es="Linear";ed="In";};["000-offset.003"]={cf=cfr(0,0,0,.048,-.999,-.02,.418,.038,-.908,.907,.035,.42);es="Linear";ed="In";};["000-offset.006"]={cf=cfr(0,0,0,.273,-.946,.175,.444,.285,.849,-.853,-.155,.498);es="Linear";ed="In";};["000-offset.004"]={cf=cfr(0,0,0,.421,-.907,0,.907,.421,0,0,0,1);es="Linear";ed="In";};["000-offset.007"]={cf=cfr(0,0,0,.524,-.852,0,.852,.524,0,0,0,1);es="Linear";ed="In";};};{tm=.125;["000-offset.001"]={cf=cfr(0,0,0,.928,.373,0,-.373,.928,0,0,0,1);es="Linear";ed="In";};["000-offset.002"]={cf=cfr(0,0,0,.909,-.417,-.003,.417,.909,.01,-.002,-.01,1);es="Linear";ed="In";};["000-offset.003"]={cf=cfr(0,0,0,.054,-.998,-.02,.418,.041,-.907,.907,.041,.42);es="Linear";ed="In";};["000-offset.006"]={cf=cfr(0,0,0,.282,-.943,.175,.442,.289,.849,-.851,-.162,.499);es="Linear";ed="In";};["000-offset.004"]={cf=cfr(0,0,0,.415,-.91,0,.91,.415,0,0,0,1);es="Linear";ed="In";};["000-offset.007"]={cf=cfr(0,0,0,.515,-.857,0,.857,.515,0,0,0,1);es="Linear";ed="In";};};{tm=.167;["000-offset.001"]={cf=cfr(0,0,0,.925,.381,0,-.381,.925,0,0,0,1);es="Linear";ed="In";};["000-offset.002"]={cf=cfr(0,0,0,.908,-.418,-.004,.418,.908,.018,-.003,-.018,1);es="Linear";ed="In";};["000-offset.003"]={cf=cfr(0,0,0,.062,-.998,-.02,.418,.044,-.907,.906,.048,.42);es="Linear";ed="In";};["000-offset.006"]={cf=cfr(0,0,0,.293,-.94,.174,.44,.294,.849,-.849,-.172,.499);es="Linear";ed="In";};["000-offset.004"]={cf=cfr(0,0,0,.408,-.913,0,.913,.408,0,0,0,1);es="Linear";ed="In";};["000-offset.007"]={cf=cfr(0,0,0,.503,-.864,0,.864,.503,0,0,0,1);es="Linear";ed="In";};};{tm=.208;["000-offset.001"]={cf=cfr(0,0,0,.921,.39,0,-.39,.921,0,0,0,1);es="Linear";ed="In";};["000-offset.002"]={cf=cfr(0,0,0,.908,-.419,-.007,.419,.907,.027,-.005,-.027,1);es="Linear";ed="In";};["000-offset.003"]={cf=cfr(0,0,0,.072,-.997,-.02,.418,.048,-.907,.906,.057,.42);es="Linear";ed="In";};["000-offset.006"]={cf=cfr(0,0,0,.305,-.936,.174,.436,.3,.848,-.847,-.182,.5);es="Linear";ed="In";};["000-offset.004"]={cf=cfr(0,0,0,.399,-.917,0,.917,.399,0,0,0,1);es="Linear";ed="In";};["000-offset.007"]={cf=cfr(0,0,0,.49,-.872,0,.872,.49,0,0,0,1);es="Linear";ed="In";};};{tm=.25;["000-offset.001"]={cf=cfr(0,0,0,.917,.4,0,-.4,.917,0,0,0,1);es="Linear";ed="In";};["000-offset.002"]={cf=cfr(0,0,0,.907,-.421,-.01,.421,.906,.038,-.007,-.039,.999);es="Linear";ed="In";};["000-offset.003"]={cf=cfr(0,0,0,.081,-.996,-.02,.417,.052,-.907,.905,.066,.42);es="Linear";ed="In";};["000-offset.006"]={cf=cfr(0,0,0,.317,-.932,.174,.432,.306,.848,-.844,-.194,.5);es="Linear";ed="In";};["000-offset.004"]={cf=cfr(0,0,0,.39,-.921,0,.921,.39,0,0,0,1);es="Linear";ed="In";};["000-offset.007"]={cf=cfr(0,0,0,.476,-.88,0,.88,.476,0,0,0,1);es="Linear";ed="In";};};{tm=.292;["000-offset.001"]={cf=cfr(0,0,0,.912,.409,0,-.409,.912,0,0,0,1);es="Linear";ed="In";};["000-offset.002"]={cf=cfr(0,0,0,.906,-.423,-.013,.423,.905,.051,-.009,-.052,.999);es="Linear";ed="In";};["000-offset.003"]={cf=cfr(0,0,0,.091,-.996,-.02,.417,.056,-.907,.904,.075,.42);es="Linear";ed="In";};["000-offset.006"]={cf=cfr(0,0,0,.33,-.928,.174,.428,.312,.848,-.841,-.205,.5);es="Linear";ed="In";};["000-offset.004"]={cf=cfr(0,0,0,.381,-.925,0,.925,.381,0,0,0,1);es="Linear";ed="In";};["000-offset.007"]={cf=cfr(0,0,0,.462,-.887,0,.887,.462,0,0,0,1);es="Linear";ed="In";};};{tm=.333;["000-offset.001"]={cf=cfr(0,0,0,.908,.418,0,-.418,.908,0,0,0,1);es="Linear";ed="In";};["000-offset.002"]={cf=cfr(0,0,0,.905,-.425,-.017,.425,.903,.065,-.012,-.067,.998);es="Linear";ed="In";};["000-offset.003"]={cf=cfr(0,0,0,.101,-.995,-.02,.416,.06,-.907,.904,.083,.42);es="Linear";ed="In";};["000-offset.006"]={cf=cfr(0,0,0,.342,-.923,.174,.423,.317,.849,-.839,-.216,.499);es="Linear";ed="In";};["000-offset.004"]={cf=cfr(0,0,0,.372,-.928,0,.928,.372,0,0,0,1);es="Linear";ed="In";};["000-offset.007"]={cf=cfr(0,0,0,.448,-.894,0,.894,.448,0,0,0,1);es="Linear";ed="In";};};{tm=.375;["000-offset.001"]={cf=cfr(0,0,0,.905,.426,0,-.426,.905,0,0,0,1);es="Linear";ed="In";};["000-offset.002"]={cf=cfr(0,0,0,.904,-.427,-.022,.427,.901,.081,-.015,-.083,.996);es="Linear";ed="In";};["000-offset.003"]={cf=cfr(0,0,0,.109,-.994,-.02,.415,.063,-.908,.903,.091,.419);es="Linear";ed="In";};["000-offset.006"]={cf=cfr(0,0,0,.352,-.919,.175,.419,.322,.849,-.837,-.226,.499);es="Linear";ed="In";};["000-offset.004"]={cf=cfr(0,0,0,.365,-.931,0,.931,.365,0,0,0,1);es="Linear";ed="In";};["000-offset.007"]={cf=cfr(0,0,0,.436,-.9,0,.9,.436,0,0,0,1);es="Linear";ed="In";};};{tm=.417;["000-offset.001"]={cf=cfr(0,0,0,.902,.433,0,-.433,.902,0,0,0,1);es="Linear";ed="In";};["000-offset.002"]={cf=cfr(0,0,0,.903,-.429,-.027,.43,.898,.098,-.018,-.1,.995);es="Linear";ed="In";};["000-offset.003"]={cf=cfr(0,0,0,.115,-.993,-.02,.414,.066,-.908,.903,.097,.419);es="Linear";ed="In";};["000-offset.006"]={cf=cfr(0,0,0,.361,-.916,.175,.416,.326,.849,-.835,-.234,.498);es="Linear";ed="In";};["000-offset.004"]={cf=cfr(0,0,0,.359,-.933,0,.933,.359,0,0,0,1);es="Linear";ed="In";};["000-offset.007"]={cf=cfr(0,0,0,.426,-.905,0,.905,.426,0,0,0,1);es="Linear";ed="In";};};{tm=.458;["000-offset.001"]={cf=cfr(0,0,0,.9,.437,0,-.437,.9,0,0,0,1);es="Linear";ed="In";};["000-offset.002"]={cf=cfr(0,0,0,.902,-.432,-.032,.432,.894,.117,-.022,-.119,.993);es="Linear";ed="In";};["000-offset.003"]={cf=cfr(0,0,0,.12,-.993,-.02,.413,.068,-.908,.903,.1,.418);es="Linear";ed="In";};["000-offset.006"]={cf=cfr(0,0,0,.366,-.914,.175,.413,.328,.85,-.834,-.239,.498);es="Linear";ed="In";};["000-offset.004"]={cf=cfr(0,0,0,.355,-.935,0,.935,.355,0,0,0,1);es="Linear";ed="In";};["000-offset.007"]={cf=cfr(0,0,0,.42,-.908,0,.908,.42,0,0,0,1);es="Linear";ed="In";};};{tm=.5;["000-offset.001"]={cf=cfr(0,0,0,.899,.438,0,-.438,.899,0,0,0,1);es="Linear";ed="In";};["000-offset.002"]={cf=cfr(0,0,0,.9,-.434,-.038,.435,.89,.136,-.025,-.139,.99);es="Linear";ed="In";};["000-offset.003"]={cf=cfr(0,0,0,.121,-.992,-.02,.412,.068,-.909,.903,.102,.417);es="Linear";ed="In";};["000-offset.006"]={cf=cfr(0,0,0,.368,-.913,.175,.412,.329,.85,-.834,-.241,.497);es="Linear";ed="In";};["000-offset.007"]={cf=cfr(0,0,0,.418,-.909,0,.909,.418,0,0,0,1);es="Linear";ed="In";};};{tm=.542;["000-offset.001"]={cf=cfr(0,0,0,.9,.437,0,-.437,.9,0,0,0,1);es="Linear";ed="In";};["000-offset.002"]={cf=cfr(0,0,0,.898,-.437,-.044,.438,.885,.156,-.029,-.159,.987);es="Linear";ed="In";};["000-offset.003"]={cf=cfr(0,0,0,.119,-.993,-.02,.412,.068,-.909,.903,.1,.417);es="Linear";ed="In";};["000-offset.006"]={cf=cfr(0,0,0,.366,-.914,.175,.413,.328,.85,-.834,-.239,.498);es="Linear";ed="In";};["000-offset.004"]={cf=cfr(0,0,0,.355,-.935,0,.935,.355,0,0,0,1);es="Linear";ed="In";};["000-offset.007"]={cf=cfr(0,0,0,.42,-.908,0,.908,.42,0,0,0,1);es="Linear";ed="In";};};{tm=.583;["000-offset.001"]={cf=cfr(0,0,0,.902,.433,0,-.433,.902,0,0,0,1);es="Linear";ed="In";};["000-offset.002"]={cf=cfr(0,0,0,.897,-.439,-.051,.441,.88,.177,-.033,-.181,.983);es="Linear";ed="In";};["000-offset.003"]={cf=cfr(0,0,0,.115,-.993,-.02,.413,.066,-.908,.903,.096,.418);es="Linear";ed="In";};["000-offset.006"]={cf=cfr(0,0,0,.361,-.916,.175,.416,.326,.849,-.835,-.234,.498);es="Linear";ed="In";};["000-offset.004"]={cf=cfr(0,0,0,.359,-.933,0,.933,.359,0,0,0,1);es="Linear";ed="In";};["000-offset.007"]={cf=cfr(0,0,0,.426,-.905,0,.905,.426,0,0,0,1);es="Linear";ed="In";};};{tm=.625;["000-offset.001"]={cf=cfr(0,0,0,.904,.427,0,-.427,.904,0,0,0,1);es="Linear";ed="In";};["000-offset.002"]={cf=cfr(0,0,0,.895,-.442,-.058,.444,.874,.199,-.038,-.203,.978);es="Linear";ed="In";};["000-offset.003"]={cf=cfr(0,0,0,.109,-.994,-.02,.414,.063,-.908,.904,.09,.419);es="Linear";ed="In";};["000-offset.006"]={cf=cfr(0,0,0,.352,-.919,.175,.419,.322,.849,-.837,-.226,.499);es="Linear";ed="In";};["000-offset.004"]={cf=cfr(0,0,0,.365,-.931,0,.931,.365,0,0,0,1);es="Linear";ed="In";};["000-offset.007"]={cf=cfr(0,0,0,.436,-.9,0,.9,.436,0,0,0,1);es="Linear";ed="In";};};{tm=.667;["000-offset.001"]={cf=cfr(0,0,0,.908,.419,0,-.419,.908,0,0,0,1);es="Linear";ed="In";};["000-offset.002"]={cf=cfr(0,0,0,.893,-.445,-.065,.448,.867,.221,-.042,-.226,.973);es="Linear";ed="In";};["000-offset.003"]={cf=cfr(0,0,0,.101,-.995,-.02,.416,.06,-.907,.904,.083,.42);es="Linear";ed="In";};["000-offset.006"]={cf=cfr(0,0,0,.342,-.923,.174,.423,.317,.849,-.839,-.216,.499);es="Linear";ed="In";};["000-offset.004"]={cf=cfr(0,0,0,.372,-.928,0,.928,.372,0,0,0,1);es="Linear";ed="In";};["000-offset.007"]={cf=cfr(0,0,0,.448,-.894,0,.894,.448,0,0,0,1);es="Linear";ed="In";};};{tm=.708;["000-offset.001"]={cf=cfr(0,0,0,.912,.41,0,-.41,.912,0,0,0,1);es="Linear";ed="In";};["000-offset.002"]={cf=cfr(0,0,0,.891,-.448,-.073,.451,.859,.243,-.046,-.25,.967);es="Linear";ed="In";};["000-offset.003"]={cf=cfr(0,0,0,.091,-.996,-.02,.417,.056,-.907,.904,.075,.42);es="Linear";ed="In";};["000-offset.006"]={cf=cfr(0,0,0,.33,-.928,.174,.428,.312,.848,-.841,-.205,.5);es="Linear";ed="In";};["000-offset.004"]={cf=cfr(0,0,0,.381,-.925,0,.925,.381,0,0,0,1);es="Linear";ed="In";};["000-offset.007"]={cf=cfr(0,0,0,.462,-.887,0,.887,.462,0,0,0,1);es="Linear";ed="In";};};{tm=.75;["000-offset.001"]={cf=cfr(0,0,0,.916,.401,0,-.401,.916,0,0,0,1);es="Linear";ed="In";};["000-offset.002"]={cf=cfr(0,0,0,.889,-.45,-.081,.455,.85,.266,-.051,-.273,.961);es="Linear";ed="In";};["000-offset.003"]={cf=cfr(0,0,0,.081,-.996,-.02,.417,.052,-.907,.905,.066,.42);es="Linear";ed="In";};["000-offset.006"]={cf=cfr(0,0,0,.317,-.932,.174,.432,.306,.848,-.844,-.194,.5);es="Linear";ed="In";};["000-offset.004"]={cf=cfr(0,0,0,.39,-.921,0,.921,.39,0,0,0,1);es="Linear";ed="In";};["000-offset.007"]={cf=cfr(0,0,0,.476,-.88,0,.88,.476,0,0,0,1);es="Linear";ed="In";};};{tm=.792;["000-offset.001"]={cf=cfr(0,0,0,.92,.391,0,-.391,.92,0,0,0,1);es="Linear";ed="In";};["000-offset.002"]={cf=cfr(0,0,0,.887,-.453,-.09,.458,.841,.289,-.055,-.297,.953);es="Linear";ed="In";};["000-offset.003"]={cf=cfr(0,0,0,.072,-.997,-.02,.418,.048,-.907,.906,.057,.42);es="Linear";ed="In";};["000-offset.006"]={cf=cfr(0,0,0,.305,-.936,.174,.436,.3,.848,-.847,-.182,.5);es="Linear";ed="In";};["000-offset.004"]={cf=cfr(0,0,0,.399,-.917,0,.917,.399,0,0,0,1);es="Linear";ed="In";};["000-offset.007"]={cf=cfr(0,0,0,.49,-.872,0,.872,.49,0,0,0,1);es="Linear";ed="In";};};{tm=.833;["000-offset.001"]={cf=cfr(0,0,0,.924,.382,0,-.382,.924,0,0,0,1);es="Linear";ed="In";};["000-offset.002"]={cf=cfr(0,0,0,.885,-.455,-.098,.462,.831,.311,-.06,-.321,.945);es="Linear";ed="In";};["000-offset.003"]={cf=cfr(0,0,0,.062,-.998,-.02,.418,.044,-.907,.906,.048,.42);es="Linear";ed="In";};["000-offset.006"]={cf=cfr(0,0,0,.293,-.94,.174,.44,.294,.849,-.849,-.172,.499);es="Linear";ed="In";};["000-offset.004"]={cf=cfr(0,0,0,.408,-.913,0,.913,.408,0,0,0,1);es="Linear";ed="In";};["000-offset.007"]={cf=cfr(0,0,0,.503,-.864,0,.864,.503,0,0,0,1);es="Linear";ed="In";};};{tm=.875;["000-offset.001"]={cf=cfr(0,0,0,.927,.374,0,-.374,.927,0,0,0,1);es="Linear";ed="In";};["000-offset.002"]={cf=cfr(0,0,0,.883,-.458,-.107,.466,.82,.334,-.065,-.345,.937);es="Linear";ed="In";};["000-offset.003"]={cf=cfr(0,0,0,.054,-.998,-.02,.418,.04,-.908,.907,.041,.419);es="Linear";ed="In";};["000-offset.006"]={cf=cfr(0,0,0,.282,-.943,.175,.442,.289,.849,-.851,-.162,.499);es="Linear";ed="In";};["000-offset.004"]={cf=cfr(0,0,0,.415,-.91,0,.91,.415,0,0,0,1);es="Linear";ed="In";};["000-offset.007"]={cf=cfr(0,0,0,.515,-.857,0,.857,.515,0,0,0,1);es="Linear";ed="In";};};{tm=.917;["000-offset.001"]={cf=cfr(0,0,0,.93,.368,0,-.368,.93,0,0,0,1);es="Linear";ed="In";};["000-offset.002"]={cf=cfr(0,0,0,.88,-.46,-.117,.469,.808,.356,-.069,-.368,.927);es="Linear";ed="In";};["000-offset.003"]={cf=cfr(0,0,0,.048,-.999,-.02,.418,.038,-.908,.907,.035,.419);es="Linear";ed="In";};["000-offset.006"]={cf=cfr(0,0,0,.273,-.946,.175,.444,.285,.849,-.853,-.155,.498);es="Linear";ed="In";};["000-offset.004"]={cf=cfr(0,0,0,.421,-.907,0,.907,.421,0,0,0,1);es="Linear";ed="In";};["000-offset.007"]={cf=cfr(0,0,0,.524,-.852,0,.852,.524,0,0,0,1);es="Linear";ed="In";};};{tm=.958;["000-offset.001"]={cf=cfr(0,0,0,.932,.363,0,-.363,.932,0,0,0,1);es="Linear";ed="In";};["000-offset.002"]={cf=cfr(0,0,0,.878,-.462,-.126,.473,.796,.378,-.074,-.391,.917);es="Linear";ed="In";};["000-offset.003"]={cf=cfr(0,0,0,.043,-.999,-.02,.419,.036,-.907,.907,.031,.42);es="Linear";ed="In";};["000-offset.006"]={cf=cfr(0,0,0,.268,-.947,.175,.446,.283,.849,-.854,-.15,.498);es="Linear";ed="In";};["000-offset.004"]={cf=cfr(0,0,0,.425,-.905,0,.905,.425,0,0,0,1);es="Linear";ed="In";};["000-offset.007"]={cf=cfr(0,0,0,.53,-.848,0,.848,.53,0,0,0,1);es="Linear";ed="In";};};{tm=1;["000-offset.001"]={cf=cfr(0,0,0,.933,.361,0,-.361,.933,0,0,0,1);es="Linear";ed="In";};["000-offset.002"]={cf=cfr(0,0,0,.875,-.464,-.136,.477,.783,.399,-.079,-.414,.907);es="Linear";ed="In";};["000-offset.003"]={cf=cfr(0,0,0,.042,-.999,-.02,.419,.035,-.907,.907,.03,.42);es="Linear";ed="In";};["000-offset.006"]={cf=cfr(0,0,0,.266,-.948,.174,.447,.282,.849,-.854,-.148,.499);es="Linear";ed="In";};["000-offset.007"]={cf=cfr(0,0,0,.532,-.847,0,.847,.532,0,0,0,1);es="Linear";ed="In";};};{tm=1.042;["000-offset.001"]={cf=cfr(0,0,0,.932,.361,0,-.361,.932,0,0,0,1);es="Linear";ed="In";};["000-offset.002"]={cf=cfr(0,0,0,.873,-.466,-.146,.481,.77,.42,-.083,-.436,.896);es="Linear";ed="In";};["000-offset.003"]={cf=cfr(0,0,0,.043,-.999,-.02,.419,.036,-.907,.907,.031,.42);es="Linear";ed="In";};["000-offset.006"]={cf=cfr(0,0,0,.268,-.947,.174,.447,.283,.849,-.854,-.15,.499);es="Linear";ed="In";};["000-offset.004"]={cf=cfr(0,0,0,.425,-.905,0,.905,.425,0,0,0,1);es="Linear";ed="In";};["000-offset.007"]={cf=cfr(0,0,0,.53,-.848,0,.848,.53,0,0,0,1);es="Linear";ed="In";};};{tm=1.083;["000-offset.001"]={cf=cfr(0,0,0,.931,.364,0,-.364,.931,0,0,0,1);es="Linear";ed="In";};["000-offset.002"]={cf=cfr(0,0,0,.87,-.467,-.156,.485,.756,.44,-.088,-.458,.885);es="Linear";ed="In";};["000-offset.003"]={cf=cfr(0,0,0,.048,-.999,-.02,.419,.038,-.907,.907,.035,.42);es="Linear";ed="In";};["000-offset.006"]={cf=cfr(0,0,0,.272,-.946,.175,.445,.285,.849,-.853,-.154,.498);es="Linear";ed="In";};["000-offset.004"]={cf=cfr(0,0,0,.421,-.907,0,.907,.421,0,0,0,1);es="Linear";ed="In";};["000-offset.007"]={cf=cfr(0,0,0,.525,-.851,0,.851,.525,0,0,0,1);es="Linear";ed="In";};};{tm=1.125;["000-offset.001"]={cf=cfr(0,0,0,.929,.369,0,-.369,.929,0,0,0,1);es="Linear";ed="In";};["000-offset.002"]={cf=cfr(0,0,0,.868,-.469,-.165,.488,.742,.459,-.092,-.479,.873);es="Linear";ed="In";};["000-offset.003"]={cf=cfr(0,0,0,.054,-.998,-.02,.419,.041,-.907,.907,.041,.42);es="Linear";ed="In";};["000-offset.006"]={cf=cfr(0,0,0,.28,-.944,.175,.443,.288,.849,-.852,-.16,.499);es="Linear";ed="In";};["000-offset.004"]={cf=cfr(0,0,0,.415,-.91,0,.91,.415,0,0,0,1);es="Linear";ed="In";};["000-offset.007"]={cf=cfr(0,0,0,.517,-.856,0,.856,.517,0,0,0,1);es="Linear";ed="In";};};{tm=1.167;["000-offset.001"]={cf=cfr(0,0,0,.927,.375,0,-.375,.927,0,0,0,1);es="Linear";ed="In";};["000-offset.002"]={cf=cfr(0,0,0,.865,-.47,-.175,.492,.728,.477,-.096,-.499,.861);es="Linear";ed="In";};["000-offset.003"]={cf=cfr(0,0,0,.062,-.998,-.02,.418,.044,-.907,.906,.048,.42);es="Linear";ed="In";};["000-offset.006"]={cf=cfr(0,0,0,.289,-.941,.175,.44,.293,.849,-.85,-.168,.499);es="Linear";ed="In";};["000-offset.004"]={cf=cfr(0,0,0,.408,-.913,0,.913,.408,0,0,0,1);es="Linear";ed="In";};["000-offset.007"]={cf=cfr(0,0,0,.507,-.862,0,.862,.507,0,0,0,1);es="Linear";ed="In";};};{tm=1.208;["000-offset.001"]={cf=cfr(0,0,0,.924,.382,0,-.382,.924,0,0,0,1);es="Linear";ed="In";};["000-offset.002"]={cf=cfr(0,0,0,.863,-.471,-.185,.496,.714,.494,-.1,-.518,.85);es="Linear";ed="In";};["000-offset.003"]={cf=cfr(0,0,0,.072,-.997,-.02,.418,.048,-.907,.906,.057,.42);es="Linear";ed="In";};["000-offset.006"]={cf=cfr(0,0,0,.3,-.938,.175,.437,.298,.848,-.848,-.178,.5);es="Linear";ed="In";};["000-offset.004"]={cf=cfr(0,0,0,.399,-.917,0,.917,.399,0,0,0,1);es="Linear";ed="In";};["000-offset.007"]={cf=cfr(0,0,0,.495,-.869,0,.869,.495,0,0,0,1);es="Linear";ed="In";};};{tm=1.25;["000-offset.001"]={cf=cfr(0,0,0,.921,.39,0,-.39,.921,0,0,0,1);es="Linear";ed="In";};["000-offset.002"]={cf=cfr(0,0,0,.86,-.472,-.194,.499,.7,.51,-.105,-.536,.838);es="Linear";ed="In";};["000-offset.003"]={cf=cfr(0,0,0,.081,-.996,-.02,.417,.052,-.907,.905,.066,.42);es="Linear";ed="In";};["000-offset.006"]={cf=cfr(0,0,0,.311,-.934,.174,.434,.303,.848,-.845,-.188,.5);es="Linear";ed="In";};["000-offset.004"]={cf=cfr(0,0,0,.39,-.921,0,.921,.39,0,0,0,1);es="Linear";ed="In";};["000-offset.007"]={cf=cfr(0,0,0,.482,-.876,0,.876,.482,0,0,0,1);es="Linear";ed="In";};};{tm=1.292;["000-offset.001"]={cf=cfr(0,0,0,.918,.398,0,-.398,.918,0,0,0,1);es="Linear";ed="In";};["000-offset.002"]={cf=cfr(0,0,0,.857,-.472,-.204,.503,.686,.525,-.108,-.553,.826);es="Linear";ed="In";};["000-offset.003"]={cf=cfr(0,0,0,.091,-.996,-.02,.417,.056,-.907,.904,.075,.42);es="Linear";ed="In";};["000-offset.006"]={cf=cfr(0,0,0,.323,-.93,.174,.43,.309,.848,-.843,-.199,.5);es="Linear";ed="In";};["000-offset.004"]={cf=cfr(0,0,0,.381,-.925,0,.925,.381,0,0,0,1);es="Linear";ed="In";};["000-offset.007"]={cf=cfr(0,0,0,.469,-.883,0,.883,.469,0,0,0,1);es="Linear";ed="In";};};{tm=1.333;["000-offset.001"]={cf=cfr(0,0,0,.914,.405,0,-.405,.914,0,0,0,1);es="Linear";ed="In";};["000-offset.002"]={cf=cfr(0,0,0,.855,-.473,-.213,.506,.673,.539,-.112,-.569,.815);es="Linear";ed="In";};["000-offset.003"]={cf=cfr(0,0,0,.101,-.995,-.02,.416,.06,-.907,.904,.083,.42);es="Linear";ed="In";};["000-offset.006"]={cf=cfr(0,0,0,.335,-.926,.174,.426,.314,.848,-.84,-.21,.5);es="Linear";ed="In";};["000-offset.004"]={cf=cfr(0,0,0,.372,-.928,0,.928,.372,0,0,0,1);es="Linear";ed="In";};["000-offset.007"]={cf=cfr(0,0,0,.456,-.89,0,.89,.456,0,0,0,1);es="Linear";ed="In";};};{tm=1.375;["000-offset.001"]={cf=cfr(0,0,0,.912,.411,0,-.411,.912,0,0,0,1);es="Linear";ed="In";};["000-offset.002"]={cf=cfr(0,0,0,.852,-.474,-.221,.51,.66,.552,-.115,-.583,.804);es="Linear";ed="In";};["000-offset.003"]={cf=cfr(0,0,0,.109,-.994,-.02,.415,.063,-.908,.903,.091,.419);es="Linear";ed="In";};["000-offset.006"]={cf=cfr(0,0,0,.345,-.922,.174,.422,.319,.849,-.838,-.22,.499);es="Linear";ed="In";};["000-offset.004"]={cf=cfr(0,0,0,.365,-.931,0,.931,.365,0,0,0,1);es="Linear";ed="In";};["000-offset.007"]={cf=cfr(0,0,0,.444,-.896,0,.896,.444,0,0,0,1);es="Linear";ed="In";};};{tm=1.417;["000-offset.001"]={cf=cfr(0,0,0,.909,.416,0,-.416,.909,0,0,0,1);es="Linear";ed="In";};["000-offset.002"]={cf=cfr(0,0,0,.85,-.474,-.23,.513,.647,.564,-.119,-.597,.793);es="Linear";ed="In";};["000-offset.003"]={cf=cfr(0,0,0,.115,-.993,-.02,.414,.066,-.908,.903,.097,.419);es="Linear";ed="In";};["000-offset.006"]={cf=cfr(0,0,0,.355,-.919,.175,.418,.323,.849,-.836,-.228,.499);es="Linear";ed="In";};["000-offset.004"]={cf=cfr(0,0,0,.359,-.933,0,.933,.359,0,0,0,1);es="Linear";ed="In";};["000-offset.007"]={cf=cfr(0,0,0,.434,-.901,0,.901,.434,0,0,0,1);es="Linear";ed="In";};};{tm=1.458;["000-offset.001"]={cf=cfr(0,0,0,.908,.42,0,-.42,.908,0,0,0,1);es="Linear";ed="In";};["000-offset.002"]={cf=cfr(0,0,0,.848,-.475,-.237,.517,.635,.574,-.122,-.609,.784);es="Linear";ed="In";};["000-offset.003"]={cf=cfr(0,0,0,.12,-.993,-.02,.413,.068,-.908,.903,.1,.418);es="Linear";ed="In";};["000-offset.006"]={cf=cfr(0,0,0,.362,-.916,.175,.415,.326,.849,-.835,-.235,.498);es="Linear";ed="In";};["000-offset.004"]={cf=cfr(0,0,0,.355,-.935,0,.935,.355,0,0,0,1);es="Linear";ed="In";};["000-offset.007"]={cf=cfr(0,0,0,.425,-.905,0,.905,.425,0,0,0,1);es="Linear";ed="In";};};{tm=1.5;["000-offset.001"]={cf=cfr(0,0,0,.907,.421,0,-.421,.907,0,0,0,1);es="Linear";ed="In";};["000-offset.002"]={cf=cfr(0,0,0,.845,-.475,-.245,.52,.624,.583,-.124,-.62,.775);es="Linear";ed="In";};["000-offset.003"]={cf=cfr(0,0,0,.121,-.992,-.02,.412,.068,-.909,.903,.102,.417);es="Linear";ed="In";};["000-offset.006"]={cf=cfr(0,0,0,.366,-.914,.175,.413,.328,.85,-.834,-.239,.497);es="Linear";ed="In";};["000-offset.007"]={cf=cfr(0,0,0,.42,-.908,0,.908,.42,0,0,0,1);es="Linear";ed="In";};};{tm=1.542;["000-offset.001"]={cf=cfr(0,0,0,.908,.42,0,-.42,.908,0,0,0,1);es="Linear";ed="In";};["000-offset.002"]={cf=cfr(0,0,0,.843,-.476,-.251,.523,.614,.591,-.127,-.629,.767);es="Linear";ed="In";};["000-offset.003"]={cf=cfr(0,0,0,.119,-.993,-.02,.412,.068,-.909,.903,.1,.417);es="Linear";ed="In";};["000-offset.006"]={cf=cfr(0,0,0,.368,-.913,.175,.412,.329,.85,-.833,-.241,.498);es="Linear";ed="In";};["000-offset.004"]={cf=cfr(0,0,0,.355,-.935,0,.935,.355,0,0,0,1);es="Linear";ed="In";};["000-offset.007"]={cf=cfr(0,0,0,.418,-.909,0,.909,.418,0,0,0,1);es="Linear";ed="In";};};{tm=1.583;["000-offset.001"]={cf=cfr(0,0,0,.909,.417,0,-.417,.909,0,0,0,1);es="Linear";ed="In";};["000-offset.002"]={cf=cfr(0,0,0,.841,-.476,-.257,.526,.606,.597,-.129,-.638,.76);es="Linear";ed="In";};["000-offset.003"]={cf=cfr(0,0,0,.115,-.993,-.02,.413,.066,-.908,.903,.096,.418);es="Linear";ed="In";};["000-offset.006"]={cf=cfr(0,0,0,.366,-.914,.175,.413,.328,.85,-.834,-.239,.498);es="Linear";ed="In";};["000-offset.004"]={cf=cfr(0,0,0,.359,-.933,0,.933,.359,0,0,0,1);es="Linear";ed="In";};["000-offset.007"]={cf=cfr(0,0,0,.42,-.908,0,.908,.42,0,0,0,1);es="Linear";ed="In";};};{tm=1.625;["000-offset.001"]={cf=cfr(0,0,0,.911,.413,0,-.413,.911,0,0,0,1);es="Linear";ed="In";};["000-offset.002"]={cf=cfr(0,0,0,.839,-.477,-.263,.529,.598,.603,-.13,-.644,.754);es="Linear";ed="In";};["000-offset.003"]={cf=cfr(0,0,0,.109,-.994,-.02,.414,.063,-.908,.904,.09,.419);es="Linear";ed="In";};["000-offset.006"]={cf=cfr(0,0,0,.361,-.916,.175,.416,.326,.849,-.835,-.234,.498);es="Linear";ed="In";};["000-offset.004"]={cf=cfr(0,0,0,.365,-.931,0,.931,.365,0,0,0,1);es="Linear";ed="In";};["000-offset.007"]={cf=cfr(0,0,0,.426,-.905,0,.905,.426,0,0,0,1);es="Linear";ed="In";};};{tm=1.667;["000-offset.001"]={cf=cfr(0,0,0,.913,.408,0,-.408,.913,0,0,0,1);es="Linear";ed="In";};["000-offset.002"]={cf=cfr(0,0,0,.837,-.478,-.267,.531,.592,.606,-.132,-.649,.749);es="Linear";ed="In";};["000-offset.003"]={cf=cfr(0,0,0,.101,-.995,-.02,.416,.06,-.907,.904,.083,.42);es="Linear";ed="In";};["000-offset.006"]={cf=cfr(0,0,0,.352,-.919,.175,.419,.322,.849,-.837,-.226,.499);es="Linear";ed="In";};["000-offset.004"]={cf=cfr(0,0,0,.372,-.928,0,.928,.372,0,0,0,1);es="Linear";ed="In";};["000-offset.007"]={cf=cfr(0,0,0,.436,-.9,0,.9,.436,0,0,0,1);es="Linear";ed="In";};};{tm=1.708;["000-offset.001"]={cf=cfr(0,0,0,.916,.402,0,-.402,.916,0,0,0,1);es="Linear";ed="In";};["000-offset.002"]={cf=cfr(0,0,0,.835,-.479,-.271,.534,.587,.609,-.133,-.653,.746);es="Linear";ed="In";};["000-offset.003"]={cf=cfr(0,0,0,.091,-.996,-.02,.417,.056,-.907,.904,.075,.42);es="Linear";ed="In";};["000-offset.006"]={cf=cfr(0,0,0,.342,-.923,.174,.423,.317,.849,-.839,-.216,.499);es="Linear";ed="In";};["000-offset.004"]={cf=cfr(0,0,0,.381,-.925,0,.925,.381,0,0,0,1);es="Linear";ed="In";};["000-offset.007"]={cf=cfr(0,0,0,.448,-.894,0,.894,.448,0,0,0,1);es="Linear";ed="In";};};{tm=1.75;["000-offset.001"]={cf=cfr(0,0,0,.919,.395,0,-.395,.919,0,0,0,1);es="Linear";ed="In";};["000-offset.002"]={cf=cfr(0,0,0,.834,-.48,-.273,.536,.584,.61,-.133,-.655,.744);es="Linear";ed="In";};["000-offset.003"]={cf=cfr(0,0,0,.081,-.996,-.02,.417,.052,-.907,.905,.066,.42);es="Linear";ed="In";};["000-offset.006"]={cf=cfr(0,0,0,.33,-.928,.174,.428,.312,.848,-.841,-.205,.5);es="Linear";ed="In";};["000-offset.004"]={cf=cfr(0,0,0,.39,-.921,0,.921,.39,0,0,0,1);es="Linear";ed="In";};["000-offset.007"]={cf=cfr(0,0,0,.462,-.887,0,.887,.462,0,0,0,1);es="Linear";ed="In";};};{tm=1.792;["000-offset.001"]={cf=cfr(0,0,0,.922,.388,0,-.388,.922,0,0,0,1);es="Linear";ed="In";};["000-offset.002"]={cf=cfr(0,0,0,.832,-.482,-.275,.538,.582,.609,-.134,-.655,.744);es="Linear";ed="In";};["000-offset.003"]={cf=cfr(0,0,0,.072,-.997,-.02,.418,.048,-.907,.906,.057,.42);es="Linear";ed="In";};["000-offset.006"]={cf=cfr(0,0,0,.317,-.932,.174,.432,.306,.848,-.844,-.194,.5);es="Linear";ed="In";};["000-offset.004"]={cf=cfr(0,0,0,.399,-.917,0,.917,.399,0,0,0,1);es="Linear";ed="In";};["000-offset.007"]={cf=cfr(0,0,0,.476,-.88,0,.88,.476,0,0,0,1);es="Linear";ed="In";};};{tm=1.833;["000-offset.001"]={cf=cfr(0,0,0,.924,.382,0,-.382,.924,0,0,0,1);es="Linear";ed="In";};["000-offset.002"]={cf=cfr(0,0,0,.831,-.484,-.276,.54,.582,.608,-.133,-.654,.745);es="Linear";ed="In";};["000-offset.003"]={cf=cfr(0,0,0,.062,-.998,-.02,.418,.044,-.907,.906,.048,.42);es="Linear";ed="In";};["000-offset.006"]={cf=cfr(0,0,0,.305,-.936,.174,.436,.3,.848,-.847,-.182,.5);es="Linear";ed="In";};["000-offset.004"]={cf=cfr(0,0,0,.408,-.913,0,.913,.408,0,0,0,1);es="Linear";ed="In";};["000-offset.007"]={cf=cfr(0,0,0,.49,-.872,0,.872,.49,0,0,0,1);es="Linear";ed="In";};};{tm=1.875;["000-offset.001"]={cf=cfr(0,0,0,.927,.375,0,-.375,.927,0,0,0,1);es="Linear";ed="In";};["000-offset.002"]={cf=cfr(0,0,0,.83,-.486,-.275,.542,.584,.604,-.133,-.65,.748);es="Linear";ed="In";};["000-offset.003"]={cf=cfr(0,0,0,.054,-.998,-.02,.418,.04,-.908,.907,.041,.419);es="Linear";ed="In";};["000-offset.006"]={cf=cfr(0,0,0,.293,-.94,.174,.44,.294,.849,-.849,-.172,.499);es="Linear";ed="In";};["000-offset.004"]={cf=cfr(0,0,0,.415,-.91,0,.91,.415,0,0,0,1);es="Linear";ed="In";};["000-offset.007"]={cf=cfr(0,0,0,.503,-.864,0,.864,.503,0,0,0,1);es="Linear";ed="In";};};{tm=1.917;["000-offset.001"]={cf=cfr(0,0,0,.929,.37,0,-.37,.929,0,0,0,1);es="Linear";ed="In";};["000-offset.002"]={cf=cfr(0,0,0,.829,-.488,-.274,.544,.588,.599,-.131,-.645,.753);es="Linear";ed="In";};["000-offset.003"]={cf=cfr(0,0,0,.048,-.999,-.02,.418,.038,-.908,.907,.035,.419);es="Linear";ed="In";};["000-offset.006"]={cf=cfr(0,0,0,.282,-.943,.175,.442,.289,.849,-.851,-.162,.499);es="Linear";ed="In";};["000-offset.004"]={cf=cfr(0,0,0,.421,-.907,0,.907,.421,0,0,0,1);es="Linear";ed="In";};["000-offset.007"]={cf=cfr(0,0,0,.515,-.857,0,.857,.515,0,0,0,1);es="Linear";ed="In";};};{tm=1.958;["000-offset.001"]={cf=cfr(0,0,0,.931,.365,0,-.365,.931,0,0,0,1);es="Linear";ed="In";};["000-offset.002"]={cf=cfr(0,0,0,.828,-.491,-.271,.546,.593,.592,-.13,-.638,.759);es="Linear";ed="In";};["000-offset.003"]={cf=cfr(0,0,0,.043,-.999,-.02,.419,.036,-.907,.907,.031,.42);es="Linear";ed="In";};["000-offset.006"]={cf=cfr(0,0,0,.273,-.946,.175,.444,.285,.849,-.853,-.155,.498);es="Linear";ed="In";};["000-offset.004"]={cf=cfr(0,0,0,.425,-.905,0,.905,.425,0,0,0,1);es="Linear";ed="In";};["000-offset.007"]={cf=cfr(0,0,0,.524,-.852,0,.852,.524,0,0,0,1);es="Linear";ed="In";};};{tm=2;["000-offset.001"]={cf=cfr(0,0,0,.932,.362,0,-.362,.932,0,0,0,1);es="Linear";ed="In";};["000-offset.002"]={cf=cfr(0,0,0,.827,-.494,-.267,.547,.601,.583,-.128,-.628,.768);es="Linear";ed="In";};["000-offset.003"]={cf=cfr(0,0,0,.042,-.999,-.02,.419,.035,-.907,.907,.03,.42);es="Linear";ed="In";};["000-offset.006"]={cf=cfr(0,0,0,.268,-.947,.175,.446,.283,.849,-.854,-.15,.498);es="Linear";ed="In";};["000-offset.004"]={cf=cfr(0,0,0,.425,-.905,0,.905,.425,0,0,0,1);es="Linear";ed="In";};["000-offset.007"]={cf=cfr(0,0,0,.53,-.848,0,.848,.53,0,0,0,1);es="Linear";ed="In";};};{tm=2.042;["000-offset.001"]={cf=cfr(0,0,0,.933,.361,0,-.361,.933,0,0,0,1);es="Linear";ed="In";};["000-offset.002"]={cf=cfr(0,0,0,.827,-.497,-.261,.548,.611,.572,-.125,-.616,.778);es="Linear";ed="In";};["000-offset.003"]={cf=cfr(0,0,0,.043,-.999,-.02,.419,.036,-.907,.907,.031,.421);es="Linear";ed="In";};["000-offset.006"]={cf=cfr(0,0,0,.266,-.948,.174,.447,.282,.849,-.854,-.148,.499);es="Linear";ed="In";};["000-offset.004"]={cf=cfr(0,0,0,.425,-.905,0,.905,.425,0,0,0,1);es="Linear";ed="In";};["000-offset.007"]={cf=cfr(0,0,0,.532,-.847,0,.847,.532,0,0,0,1);es="Linear";ed="In";};};{tm=2.083;["000-offset.001"]={cf=cfr(0,0,0,.932,.361,0,-.361,.932,0,0,0,1);es="Linear";ed="In";};["000-offset.002"]={cf=cfr(0,0,0,.827,-.502,-.252,.549,.626,.554,-.121,-.597,.793);es="Linear";ed="In";};["000-offset.003"]={cf=cfr(0,0,0,.047,-.999,-.02,.419,.037,-.907,.907,.034,.421);es="Linear";ed="In";};["000-offset.006"]={cf=cfr(0,0,0,.268,-.947,.174,.447,.283,.849,-.854,-.15,.499);es="Linear";ed="In";};["000-offset.004"]={cf=cfr(0,0,0,.422,-.907,0,.907,.422,0,0,0,1);es="Linear";ed="In";};["000-offset.007"]={cf=cfr(0,0,0,.53,-.848,0,.848,.53,0,0,0,1);es="Linear";ed="In";};};{tm=2.125;["000-offset.001"]={cf=cfr(0,0,0,.931,.364,0,-.364,.931,0,0,0,1);es="Linear";ed="In";};["000-offset.002"]={cf=cfr(0,0,0,.828,-.508,-.236,.549,.65,.526,-.113,-.565,.817);es="Linear";ed="In";};["000-offset.003"]={cf=cfr(0,0,0,.053,-.998,-.02,.419,.04,-.907,.906,.039,.421);es="Linear";ed="In";};["000-offset.006"]={cf=cfr(0,0,0,.272,-.946,.175,.445,.285,.849,-.853,-.154,.498);es="Linear";ed="In";};["000-offset.004"]={cf=cfr(0,0,0,.417,-.909,0,.909,.417,0,0,0,1);es="Linear";ed="In";};["000-offset.007"]={cf=cfr(0,0,0,.525,-.851,0,.851,.525,0,0,0,1);es="Linear";ed="In";};};{tm=2.167;["000-offset.001"]={cf=cfr(0,0,0,.93,.368,0,-.368,.93,0,0,0,1);es="Linear";ed="In";};["000-offset.002"]={cf=cfr(0,0,0,.829,-.515,-.215,.549,.68,.486,-.104,-.521,.847);es="Linear";ed="In";};["000-offset.003"]={cf=cfr(0,0,0,.06,-.998,-.02,.419,.043,-.907,.906,.046,.42);es="Linear";ed="In";};["000-offset.006"]={cf=cfr(0,0,0,.28,-.944,.175,.443,.288,.849,-.852,-.16,.499);es="Linear";ed="In";};["000-offset.004"]={cf=cfr(0,0,0,.41,-.912,0,.912,.41,0,0,0,1);es="Linear";ed="In";};["000-offset.007"]={cf=cfr(0,0,0,.517,-.856,0,.856,.517,0,0,0,1);es="Linear";ed="In";};};{tm=2.208;["000-offset.001"]={cf=cfr(0,0,0,.928,.373,0,-.373,.928,0,0,0,1);es="Linear";ed="In";};["000-offset.002"]={cf=cfr(0,0,0,.831,-.523,-.189,.548,.714,.435,-.093,-.465,.88);es="Linear";ed="In";};["000-offset.003"]={cf=cfr(0,0,0,.068,-.998,-.02,.418,.046,-.907,.906,.053,.42);es="Linear";ed="In";};["000-offset.006"]={cf=cfr(0,0,0,.289,-.941,.175,.44,.293,.849,-.85,-.168,.499);es="Linear";ed="In";};["000-offset.004"]={cf=cfr(0,0,0,.403,-.915,0,.915,.403,0,0,0,1);es="Linear";ed="In";};["000-offset.007"]={cf=cfr(0,0,0,.507,-.862,0,.862,.507,0,0,0,1);es="Linear";ed="In";};};{tm=2.25;["000-offset.001"]={cf=cfr(0,0,0,.925,.379,0,-.379,.925,0,0,0,1);es="Linear";ed="In";};["000-offset.002"]={cf=cfr(0,0,0,.833,-.53,-.158,.547,.749,.373,-.079,-.398,.914);es="Linear";ed="In";};["000-offset.003"]={cf=cfr(0,0,0,.077,-.997,-.02,.418,.05,-.907,.905,.061,.42);es="Linear";ed="In";};["000-offset.006"]={cf=cfr(0,0,0,.3,-.938,.175,.437,.298,.848,-.848,-.178,.5);es="Linear";ed="In";};["000-offset.004"]={cf=cfr(0,0,0,.394,-.919,0,.919,.394,0,0,0,1);es="Linear";ed="In";};["000-offset.007"]={cf=cfr(0,0,0,.495,-.869,0,.869,.495,0,0,0,1);es="Linear";ed="In";};};{tm=2.292;["000-offset.001"]={cf=cfr(0,0,0,.923,.386,0,-.386,.923,0,0,0,1);es="Linear";ed="In";};["000-offset.002"]={cf=cfr(0,0,0,.836,-.535,-.124,.545,.782,.301,-.064,-.319,.946);es="Linear";ed="In";};["000-offset.003"]={cf=cfr(0,0,0,.086,-.996,-.02,.417,.054,-.907,.905,.07,.42);es="Linear";ed="In";};["000-offset.006"]={cf=cfr(0,0,0,.311,-.934,.174,.434,.303,.848,-.845,-.188,.5);es="Linear";ed="In";};["000-offset.004"]={cf=cfr(0,0,0,.386,-.923,0,.923,.386,0,0,0,1);es="Linear";ed="In";};["000-offset.007"]={cf=cfr(0,0,0,.482,-.876,0,.876,.482,0,0,0,1);es="Linear";ed="In";};};{tm=2.333;["000-offset.001"]={cf=cfr(0,0,0,.92,.392,0,-.392,.92,0,0,0,1);es="Linear";ed="In";};["000-offset.002"]={cf=cfr(0,0,0,.838,-.539,-.086,.543,.811,.218,-.047,-.229,.972);es="Linear";ed="In";};["000-offset.003"]={cf=cfr(0,0,0,.095,-.995,-.02,.416,.058,-.907,.904,.078,.42);es="Linear";ed="In";};["000-offset.006"]={cf=cfr(0,0,0,.323,-.93,.174,.43,.309,.848,-.843,-.199,.5);es="Linear";ed="In";};["000-offset.004"]={cf=cfr(0,0,0,.378,-.926,0,.926,.378,0,0,0,1);es="Linear";ed="In";};["000-offset.007"]={cf=cfr(0,0,0,.469,-.883,0,.883,.469,0,0,0,1);es="Linear";ed="In";};};{tm=2.375;["000-offset.001"]={cf=cfr(0,0,0,.917,.398,0,-.398,.917,0,0,0,1);es="Linear";ed="In";};["000-offset.002"]={cf=cfr(0,0,0,.841,-.54,-.046,.541,.832,.126,-.03,-.131,.991);es="Linear";ed="In";};["000-offset.003"]={cf=cfr(0,0,0,.103,-.994,-.02,.416,.061,-.907,.904,.086,.42);es="Linear";ed="In";};["000-offset.006"]={cf=cfr(0,0,0,.335,-.926,.174,.426,.314,.848,-.84,-.21,.5);es="Linear";ed="In";};["000-offset.004"]={cf=cfr(0,0,0,.37,-.929,0,.929,.37,0,0,0,1);es="Linear";ed="In";};["000-offset.007"]={cf=cfr(0,0,0,.456,-.89,0,.89,.456,0,0,0,1);es="Linear";ed="In";};};{tm=2.417;["000-offset.001"]={cf=cfr(0,0,0,.915,.403,0,-.403,.915,0,0,0,1);es="Linear";ed="In";};["000-offset.002"]={cf=cfr(0,0,0,.843,-.538,-.005,.538,.843,.028,-.011,-.027,1);es="Linear";ed="In";};["000-offset.003"]={cf=cfr(0,0,0,.11,-.994,-.02,.415,.064,-.908,.903,.092,.419);es="Linear";ed="In";};["000-offset.006"]={cf=cfr(0,0,0,.345,-.922,.174,.422,.319,.849,-.838,-.22,.499);es="Linear";ed="In";};["000-offset.004"]={cf=cfr(0,0,0,.363,-.932,0,.932,.363,0,0,0,1);es="Linear";ed="In";};["000-offset.007"]={cf=cfr(0,0,0,.444,-.896,0,.896,.444,0,0,0,1);es="Linear";ed="In";};};{tm=2.458;["000-offset.001"]={cf=cfr(0,0,0,.913,.408,0,-.408,.913,0,0,0,1);es="Linear";ed="In";};["000-offset.002"]={cf=cfr(0,0,0,.845,-.533,.037,.534,.842,-.074,.009,.082,.997);es="Linear";ed="In";};["000-offset.003"]={cf=cfr(0,0,0,.116,-.993,-.02,.414,.066,-.908,.903,.097,.419);es="Linear";ed="In";};["000-offset.006"]={cf=cfr(0,0,0,.355,-.919,.175,.418,.323,.849,-.836,-.228,.499);es="Linear";ed="In";};["000-offset.004"]={cf=cfr(0,0,0,.358,-.934,0,.934,.358,0,0,0,1);es="Linear";ed="In";};["000-offset.007"]={cf=cfr(0,0,0,.434,-.901,0,.901,.434,0,0,0,1);es="Linear";ed="In";};};{tm=2.5;["000-offset.001"]={cf=cfr(0,0,0,.912,.411,0,-.411,.912,0,0,0,1);es="Linear";ed="In";};["000-offset.002"]={cf=cfr(0,0,0,.848,-.525,.079,.53,.829,-.178,.028,.193,.981);es="Linear";ed="In";};["000-offset.003"]={cf=cfr(0,0,0,.12,-.993,-.02,.414,.068,-.908,.903,.101,.419);es="Linear";ed="In";};["000-offset.006"]={cf=cfr(0,0,0,.362,-.916,.175,.415,.326,.849,-.835,-.235,.498);es="Linear";ed="In";};["000-offset.004"]={cf=cfr(0,0,0,.354,-.935,0,.935,.354,0,0,0,1);es="Linear";ed="In";};["000-offset.007"]={cf=cfr(0,0,0,.425,-.905,0,.905,.425,0,0,0,1);es="Linear";ed="In";};};{tm=2.542;["000-offset.001"]={cf=cfr(0,0,0,.911,.412,0,-.412,.911,0,0,0,1);es="Linear";ed="In";};["000-offset.002"]={cf=cfr(0,0,0,.849,-.514,.12,.525,.803,-.281,.048,.302,.952);es="Linear";ed="In";};["000-offset.003"]={cf=cfr(0,0,0,.121,-.992,-.02,.413,.068,-.908,.903,.102,.418);es="Linear";ed="In";};["000-offset.006"]={cf=cfr(0,0,0,.366,-.914,.175,.413,.328,.85,-.834,-.239,.497);es="Linear";ed="In";};["000-offset.007"]={cf=cfr(0,0,0,.42,-.908,0,.908,.42,0,0,0,1);es="Linear";ed="In";};};{tm=2.583;["000-offset.001"]={cf=cfr(0,0,0,.912,.411,0,-.411,.912,0,0,0,1);es="Linear";ed="In";};["000-offset.002"]={cf=cfr(0,0,0,.851,-.5,.159,.521,.764,-.38,.069,.407,.911);es="Linear";ed="In";};["000-offset.003"]={cf=cfr(0,0,0,.12,-.993,-.02,.413,.068,-.908,.903,.101,.418);es="Linear";ed="In";};["000-offset.006"]={cf=cfr(0,0,0,.368,-.913,.175,.412,.329,.85,-.833,-.241,.498);es="Linear";ed="In";};["000-offset.004"]={cf=cfr(0,0,0,.354,-.935,0,.935,.354,0,0,0,1);es="Linear";ed="In";};["000-offset.007"]={cf=cfr(0,0,0,.418,-.909,0,.909,.418,0,0,0,1);es="Linear";ed="In";};};{tm=2.625;["000-offset.001"]={cf=cfr(0,0,0,.913,.408,0,-.408,.913,0,0,0,1);es="Linear";ed="In";};["000-offset.002"]={cf=cfr(0,0,0,.852,-.485,.197,.515,.715,-.473,.088,.504,.859);es="Linear";ed="In";};["000-offset.003"]={cf=cfr(0,0,0,.116,-.993,-.02,.413,.066,-.908,.903,.097,.418);es="Linear";ed="In";};["000-offset.006"]={cf=cfr(0,0,0,.366,-.914,.175,.413,.328,.85,-.834,-.239,.498);es="Linear";ed="In";};["000-offset.004"]={cf=cfr(0,0,0,.358,-.934,0,.934,.358,0,0,0,1);es="Linear";ed="In";};["000-offset.007"]={cf=cfr(0,0,0,.42,-.908,0,.908,.42,0,0,0,1);es="Linear";ed="In";};};{tm=2.667;["000-offset.001"]={cf=cfr(0,0,0,.914,.405,0,-.405,.914,0,0,0,1);es="Linear";ed="In";};["000-offset.002"]={cf=cfr(0,0,0,.853,-.467,.232,.51,.656,-.557,.108,.593,.798);es="Linear";ed="In";};["000-offset.003"]={cf=cfr(0,0,0,.11,-.994,-.02,.414,.064,-.908,.903,.092,.419);es="Linear";ed="In";};["000-offset.006"]={cf=cfr(0,0,0,.361,-.916,.175,.416,.326,.849,-.835,-.234,.498);es="Linear";ed="In";};["000-offset.004"]={cf=cfr(0,0,0,.363,-.932,0,.932,.363,0,0,0,1);es="Linear";ed="In";};["000-offset.007"]={cf=cfr(0,0,0,.426,-.905,0,.905,.426,0,0,0,1);es="Linear";ed="In";};};{tm=2.708;["000-offset.001"]={cf=cfr(0,0,0,.916,.4,0,-.4,.916,0,0,0,1);es="Linear";ed="In";};["000-offset.002"]={cf=cfr(0,0,0,.854,-.448,.264,.505,.59,-.63,.126,.671,.73);es="Linear";ed="In";};["000-offset.003"]={cf=cfr(0,0,0,.103,-.994,-.02,.416,.061,-.907,.904,.086,.42);es="Linear";ed="In";};["000-offset.006"]={cf=cfr(0,0,0,.352,-.919,.175,.419,.322,.849,-.837,-.226,.499);es="Linear";ed="In";};["000-offset.004"]={cf=cfr(0,0,0,.37,-.929,0,.929,.37,0,0,0,1);es="Linear";ed="In";};["000-offset.007"]={cf=cfr(0,0,0,.436,-.9,0,.9,.436,0,0,0,1);es="Linear";ed="In";};};{tm=2.75;["000-offset.001"]={cf=cfr(0,0,0,.919,.395,0,-.395,.919,0,0,0,1);es="Linear";ed="In";};["000-offset.002"]={cf=cfr(0,0,0,.855,-.428,.294,.499,.521,-.692,.144,.738,.659);es="Linear";ed="In";};["000-offset.003"]={cf=cfr(0,0,0,.095,-.995,-.02,.416,.058,-.907,.904,.078,.42);es="Linear";ed="In";};["000-offset.006"]={cf=cfr(0,0,0,.342,-.923,.174,.423,.317,.849,-.839,-.216,.499);es="Linear";ed="In";};["000-offset.004"]={cf=cfr(0,0,0,.378,-.926,0,.926,.378,0,0,0,1);es="Linear";ed="In";};["000-offset.007"]={cf=cfr(0,0,0,.448,-.894,0,.894,.448,0,0,0,1);es="Linear";ed="In";};};{tm=2.792;["000-offset.001"]={cf=cfr(0,0,0,.921,.389,0,-.389,.921,0,0,0,1);es="Linear";ed="In";};["000-offset.002"]={cf=cfr(0,0,0,.855,-.409,.319,.493,.451,-.744,.16,.793,.587);es="Linear";ed="In";};["000-o