local cfr = CFrame.new

return {{tm=0;["RootNode"]={cf=cfr(0,0,0,-1,0,0,0,1,0,0,0,-1);es="Linear";ed="In";};["root"]={cf=cfr(0,2.397,0,0,0,1,0,1,0,-1,0,0);es="Linear";ed="In";};["000-offset"]={cf=cfr(0,0,0,-.015,1,0,-1,-.015,0,0,0,1);es="Linear";ed="In";};["004-offset.001"]={cf=cfr(0,0,0,-.015,-1,0,1,-.015,0,0,0,1);es="Linear";ed="In";};["006-offset"]={cf=cfr(0,0,0,-.015,-1,0,1,-.015,0,0,0,1);es="Linear";ed="In";};["000-offset.009"]={cf=cfr(0,0,0,-.223,-.403,.888,.856,-.516,-.019,.466,.756,.46);es="Linear";ed="In";};["000-offset.012"]={cf=cfr(0,0,0,-.424,-.579,-.696,.807,-.591,0,-.411,-.561,.718);es="Linear";ed="In";};["000-offset.001"]={cf=cfr(0,0,0,.978,.207,0,-.207,.978,0,0,0,1);es="Linear";ed="In";};["000-offset.010"]={cf=cfr(0,0,0,.611,.792,0,-.792,.611,0,0,0,1);es="Linear";ed="In";};["000-offset.013"]={cf=cfr(0,0,0,.736,.677,0,-.677,.736,0,0,0,1);es="Linear";ed="In";};["004-offset"]={cf=cfr(0,0,0,.035,-.999,0,.999,.035,0,0,0,1);es="Linear";ed="In";};["002-offset"]={cf=cfr(0,0,0,.035,-.999,0,.999,.035,0,0,0,1);es="Linear";ed="In";};["000-offset.002"]={cf=cfr(0,0,0,.996,-.089,0,.089,.996,0,0,0,1);es="Linear";ed="In";};["000-offset.011"]={cf=cfr(0,0,0,-.018,-1,0,1,-.018,0,0,0,1);es="Linear";ed="In";};["000-offset.014"]={cf=cfr(0,0,0,.239,-.971,-.005,.971,.239,-.019,.02,0,1);es="Linear";ed="In";};["000-offset.006"]={cf=cfr(0,0,0,.149,-.977,.15,.451,.202,.869,-.88,-.062,.471);es="Linear";ed="In";};["000-offset.003"]={cf=cfr(0,0,0,.217,-.919,-.328,.39,.39,-.834,.895,.053,.443);es="Linear";ed="In";};["000-offset.007"]={cf=cfr(0,0,0,.192,-.981,0,.981,.192,0,0,0,1);es="Linear";ed="In";};["000-offset.004"]={cf=cfr(0,0,0,.25,-.968,0,.968,.25,0,0,0,1);es="Linear";ed="In";};["000-offset.008"]={cf=cfr(0,0,0,.966,-.26,0,.26,.966,0,0,0,1);es="Linear";ed="In";};["000-offset.005"]={cf=cfr(0,0,0,.888,-.438,-.143,.432,.899,-.07,.159,0,.987);es="Linear";ed="In";};};{tm=.042;["root"]={cf=cfr(0,2.397,0,0,0,1,0,1,0,-1,0,0);es="Linear";ed="In";};["000-offset"]={cf=cfr(0,0,0,-.017,1,0,-1,-.017,0,0,0,1);es="Linear";ed="In";};["000-offset.009"]={cf=cfr(0,0,0,-.224,-.403,.887,.855,-.519,-.019,.468,.754,.461);es="Linear";ed="In";};["000-offset.012"]={cf=cfr(0,0,0,-.427,-.578,-.696,.804,-.594,0,-.413,-.56,.718);es="Linear";ed="In";};["000-offset.010"]={cf=cfr(0,0,0,.606,.795,0,-.795,.606,0,0,0,1);es="Linear";ed="In";};["000-offset.013"]={cf=cfr(0,0,0,.731,.683,0,-.683,.731,0,0,0,1);es="Linear";ed="In";};["000-offset.002"]={cf=cfr(0,0,0,.996,-.09,0,.09,.996,.005,0,-.005,1);es="Linear";ed="In";};["000-offset.011"]={cf=cfr(0,0,0,-.022,-1,0,1,-.022,0,0,0,1);es="Linear";ed="In";};["000-offset.014"]={cf=cfr(0,0,0,.235,-.972,-.005,.972,.235,-.019,.02,-.001,1);es="Linear";ed="In";};["000-offset.006"]={cf=cfr(0,0,0,.152,-.977,.151,.452,.205,.868,-.879,-.064,.472);es="Linear";ed="In";};["000-offset.003"]={cf=cfr(0,0,0,.222,-.918,-.328,.392,.392,-.832,.893,.056,.447);es="Linear";ed="In";};["000-offset.007"]={cf=cfr(0,0,0,.193,-.981,0,.981,.193,0,0,0,1);es="Linear";ed="In";};["000-offset.004"]={cf=cfr(0,0,0,.249,-.969,0,.969,.249,0,0,0,1);es="Linear";ed="In";};["000-offset.008"]={cf=cfr(0,0,0,.964,-.265,0,.265,.964,0,0,0,1);es="Linear";ed="In";};["000-offset.005"]={cf=cfr(0,0,0,.887,-.44,-.143,.434,.898,-.07,.159,0,.987);es="Linear";ed="In";};};{tm=.083;["root"]={cf=cfr(0,2.383,0,0,0,1,0,1,0,-1,0,0);es="Linear";ed="In";};["000-offset"]={cf=cfr(0,0,0,-.019,1,0,-1,-.019,0,0,0,1);es="Linear";ed="In";};["000-offset.009"]={cf=cfr(0,0,0,-.228,-.401,.887,.85,-.526,-.019,.475,.75,.461);es="Linear";ed="In";};["000-offset.012"]={cf=cfr(0,0,0,-.433,-.574,-.695,.798,-.602,0,-.418,-.555,.719);es="Linear";ed="In";};["000-offset.010"]={cf=cfr(0,0,0,.592,.806,0,-.806,.592,0,0,0,1);es="Linear";ed="In";};["000-offset.013"]={cf=cfr(0,0,0,.716,.699,0,-.699,.716,0,0,0,1);es="Linear";ed="In";};["000-offset.002"]={cf=cfr(0,0,0,.996,-.094,-.002,.094,.995,.019,0,-.019,1);es="Linear";ed="In";};["000-offset.011"]={cf=cfr(0,0,0,-.032,-.999,.002,.999,-.032,0,0,.002,1);es="Linear";ed="In";};["000-offset.014"]={cf=cfr(0,0,0,.222,-.975,-.007,.975,.222,-.018,.019,-.002,1);es="Linear";ed="In";};["000-offset.006"]={cf=cfr(0,0,0,.163,-.975,.153,.454,.212,.865,-.876,-.072,.477);es="Linear";ed="In";};["000-offset.003"]={cf=cfr(0,0,0,.234,-.915,-.328,.398,.398,-.827,.887,.063,.457);es="Linear";ed="In";};["000-offset.007"]={cf=cfr(0,0,0,.194,-.981,0,.981,.194,0,0,0,1);es="Linear";ed="In";};["000-offset.004"]={cf=cfr(0,0,0,.244,-.97,0,.97,.244,0,0,0,1);es="Linear";ed="In";};["000-offset.008"]={cf=cfr(0,0,0,.961,-.278,0,.278,.961,0,0,0,1);es="Linear";ed="In";};["000-offset.005"]={cf=cfr(0,0,0,.884,-.445,-.143,.439,.896,-.07,.159,-.001,.987);es="Linear";ed="In";};};{tm=.125;["root"]={cf=cfr(0,2.369,0,0,0,1,0,1,0,-1,0,0);es="Linear";ed="In";};["000-offset"]={cf=cfr(0,0,0,-.02,1,0,-1,-.02,0,0,0,1);es="Linear";ed="In";};["000-offset.009"]={cf=cfr(0,0,0,-.234,-.398,.887,.843,-.537,-.019,.484,.743,.462);es="Linear";ed="In";};["000-offset.012"]={cf=cfr(0,0,0,-.443,-.567,-.694,.789,-.615,-.001,-.427,-.548,.72);es="Linear";ed="In";};["000-offset.010"]={cf=cfr(0,0,0,.569,.822,0,-.822,.569,0,0,0,1);es="Linear";ed="In";};["000-offset.013"]={cf=cfr(0,0,0,.692,.722,0,-.722,.692,0,0,0,1);es="Linear";ed="In";};["000-offset.002"]={cf=cfr(0,0,0,.995,-.1,-.004,.1,.994,.042,0,-.042,.999);es="Linear";ed="In";};["000-offset.011"]={cf=cfr(0,0,0,-.048,-.999,.005,.999,-.048,-.001,.001,.005,1);es="Linear";ed="In";};["000-offset.014"]={cf=cfr(0,0,0,.202,-.979,-.009,.979,.203,-.017,.018,-.005,1);es="Linear";ed="In";};["000-offset.006"]={cf=cfr(0,0,0,.18,-.971,.157,.456,.224,.861,-.872,-.083,.483);es="Linear";ed="In";};["000-offset.003"]={cf=cfr(0,0,0,.253,-.91,-.327,.406,.407,-.818,.878,.074,.473);es="Linear";ed="In";};["000-offset.007"]={cf=cfr(0,0,0,.195,-.981,0,.981,.195,0,0,0,1);es="Linear";ed="In";};["000-offset.004"]={cf=cfr(0,0,0,.237,-.972,0,.972,.237,0,0,0,1);es="Linear";ed="In";};["000-offset.008"]={cf=cfr(0,0,0,.954,-.298,0,.298,.954,0,0,0,1);es="Linear";ed="In";};["000-offset.005"]={cf=cfr(0,0,0,.88,-.453,-.143,.448,.891,-.07,.159,-.003,.987);es="Linear";ed="In";};};{tm=.167;["root"]={cf=cfr(0,2.341,0,0,0,1,0,1,0,-1,0,0);es="Linear";ed="In";};["000-offset"]={cf=cfr(0,0,0,-.023,1,0,-1,-.023,0,0,0,1);es="Linear";ed="In";};["000-offset.009"]={cf=cfr(0,0,0,-.242,-.395,.886,.834,-.552,-.018,.496,.735,.463);es="Linear";ed="In";};["000-offset.012"]={cf=cfr(0,0,0,-.455,-.559,-.693,.776,-.631,-.001,-.437,-.538,.721);es="Linear";ed="In";};["000-offset.010"]={cf=cfr(0,0,0,.54,.842,0,-.842,.54,0,0,0,1);es="Linear";ed="In";};["000-offset.013"]={cf=cfr(0,0,0,.66,.752,0,-.752,.66,0,0,0,1);es="Linear";ed="In";};["000-offset.002"]={cf=cfr(0,0,0,.994,-.107,-.008,.107,.992,.071,0,-.071,.997);es="Linear";ed="In";};["000-offset.011"]={cf=cfr(0,0,0,-.068,-.998,.008,.998,-.068,-.001,.002,.008,1);es="Linear";ed="In";};["000-offset.014"]={cf=cfr(0,0,0,.177,-.984,-.012,.984,.177,-.016,.017,-.009,1);es="Linear";ed="In";};["000-offset.006"]={cf=cfr(0,0,0,.202,-.966,.162,.458,.239,.856,-.866,-.098,.491);es="Linear";ed="In";};["000-offset.003"]={cf=cfr(0,0,0,.278,-.903,-.326,.416,.419,-.807,.866,.089,.492);es="Linear";ed="In";};["000-offset.007"]={cf=cfr(0,0,0,.198,-.98,0,.98,.198,0,0,0,1);es="Linear";ed="In";};["000-offset.004"]={cf=cfr(0,0,0,.227,-.974,0,.974,.227,0,0,0,1);es="Linear";ed="In";};["000-offset.008"]={cf=cfr(0,0,0,.946,-.324,0,.324,.946,0,0,0,1);es="Linear";ed="In";};["000-offset.005"]={cf=cfr(0,0,0,.874,-.464,-.143,.459,.886,-.07,.159,-.005,.987);es="Linear";ed="In";};};{tm=.208;["root"]={cf=cfr(0,2.326,-.014,0,0,1,0,1,0,-1,0,0);es="Linear";ed="In";};["000-offset"]={cf=cfr(0,0,0,-.027,1,0,-1,-.027,0,0,0,1);es="Linear";ed="In";};["000-offset.009"]={cf=cfr(0,0,0,-.25,-.39,.886,.823,-.568,-.018,.511,.724,.463);es="Linear";ed="In";};["000-offset.012"]={cf=cfr(0,0,0,-.469,-.548,-.692,.761,-.649,-.001,-.449,-.527,.721);es="Linear";ed="In";};["000-offset.010"]={cf=cfr(0,0,0,.505,.863,0,-.863,.505,0,0,0,1);es="Linear";ed="In";};["000-offset.013"]={cf=cfr(0,0,0,.621,.784,0,-.784,.621,0,0,0,1);es="Linear";ed="In";};["000-offset.002"]={cf=cfr(0,0,0,.993,-.115,-.012,.115,.988,.106,0,-.107,.994);es="Linear";ed="In";};["000-offset.011"]={cf=cfr(0,0,0,-.091,-.996,.011,.996,-.091,-.002,.003,.011,1);es="Linear";ed="In";};["000-offset.014"]={cf=cfr(0,0,0,.148,-.989,-.015,.989,.148,-.014,.016,-.013,1);es="Linear";ed="In";};["000-offset.006"]={cf=cfr(0,0,0,.228,-.959,.167,.459,.257,.85,-.859,-.117,.499);es="Linear";ed="In";};["000-offset.003"]={cf=cfr(0,0,0,.308,-.894,-.324,.424,.434,-.795,.851,.107,.513);es="Linear";ed="In";};["000-offset.007"]={cf=cfr(0,0,0,.2,-.98,0,.98,.2,0,0,0,1);es="Linear";ed="In";};["000-offset.004"]={cf=cfr(0,0,0,.216,-.976,0,.976,.216,0,0,0,1);es="Linear";ed="In";};["000-offset.008"]={cf=cfr(0,0,0,.935,-.354,0,.354,.935,0,0,0,1);es="Linear";ed="In";};["000-offset.005"]={cf=cfr(0,0,0,.868,-.476,-.143,.471,.879,-.07,.159,-.007,.987);es="Linear";ed="In";};};{tm=.25;["root"]={cf=cfr(0,2.298,-.014,0,0,1,0,1,0,-1,0,0);es="Linear";ed="In";};["000-offset"]={cf=cfr(0,0,0,-.031,1,0,-1,-.031,0,0,0,1);es="Linear";ed="In";};["000-offset.009"]={cf=cfr(0,0,0,-.259,-.385,.886,.81,-.586,-.018,.526,.713,.464);es="Linear";ed="In";};["000-offset.012"]={cf=cfr(0,0,0,-.483,-.537,-.692,.744,-.668,-.001,-.462,-.515,.722);es="Linear";ed="In";};["000-offset.010"]={cf=cfr(0,0,0,.466,.885,0,-.885,.466,0,0,0,1);es="Linear";ed="In";};["000-offset.013"]={cf=cfr(0,0,0,.577,.817,0,-.817,.577,0,0,0,1);es="Linear";ed="In";};["000-offset.002"]={cf=cfr(0,0,0,.992,-.123,-.018,.125,.982,.145,0,-.147,.989);es="Linear";ed="In";};["000-offset.011"]={cf=cfr(0,0,0,-.116,-.993,.016,.993,-.116,-.002,.004,.015,1);es="Linear";ed="In";};["000-offset.014"]={cf=cfr(0,0,0,.115,-.993,-.019,.993,.116,-.013,.015,-.018,1);es="Linear";ed="In";};["000-offset.006"]={cf=cfr(0,0,0,.256,-.951,.172,.459,.277,.844,-.851,-.138,.507);es="Linear";ed="In";};["000-offset.003"]={cf=cfr(0,0,0,.342,-.883,-.32,.432,.451,-.781,.835,.129,.535);es="Linear";ed="In";};["000-offset.007"]={cf=cfr(0,0,0,.203,-.979,0,.979,.203,0,0,0,1);es="Linear";ed="In";};["000-offset.004"]={cf=cfr(0,0,0,.204,-.979,0,.979,.204,0,0,0,1);es="Linear";ed="In";};["000-offset.008"]={cf=cfr(0,0,0,.922,-.386,0,.386,.922,0,0,0,1);es="Linear";ed="In";};["000-offset.005"]={cf=cfr(0,0,0,.86,-.489,-.143,.484,.872,-.07,.159,-.009,.987);es="Linear";ed="In";};};{tm=.292;["root"]={cf=cfr(0,2.27,-.028,0,0,1,0,1,0,-1,0,0);es="Linear";ed="In";};["000-offset"]={cf=cfr(0,0,0,-.035,.999,0,-.999,-.035,0,0,0,1);es="Linear";ed="In";};["000-offset.009"]={cf=cfr(0,0,0,-.267,-.38,.886,.797,-.604,-.018,.542,.701,.464);es="Linear";ed="In";};["000-offset.012"]={cf=cfr(0,0,0,-.497,-.524,-.692,.726,-.688,-.001,-.476,-.502,.722);es="Linear";ed="In";};["000-offset.010"]={cf=cfr(0,0,0,.424,.906,0,-.906,.424,0,0,0,1);es="Linear";ed="In";};["000-offset.013"]={cf=cfr(0,0,0,.529,.849,0,-.849,.529,0,0,0,1);es="Linear";ed="In";};["000-offset.002"]={cf=cfr(0,0,0,.991,-.131,-.025,.134,.973,.188,0,-.19,.982);es="Linear";ed="In";};["000-offset.011"]={cf=cfr(0,0,0,-.143,-.99,.02,.99,-.143,-.002,.005,.019,1);es="Linear";ed="In";};["000-offset.014"]={cf=cfr(0,0,0,.082,-.996,-.023,.997,.082,-.012,.013,-.022,1);es="Linear";ed="In";};["000-offset.006"]={cf=cfr(0,0,0,.287,-.941,.177,.456,.297,.839,-.842,-.16,.515);es="Linear";ed="In";};["000-offset.003"]={cf=cfr(0,0,0,.378,-.87,-.315,.437,.468,-.768,.816,.153,.557);es="Linear";ed="In";};["000-offset.007"]={cf=cfr(0,0,0,.207,-.978,0,.978,.207,0,0,0,1);es="Linear";ed="In";};["000-offset.004"]={cf=cfr(0,0,0,.192,-.981,0,.981,.192,0,0,0,1);es="Linear";ed="In";};["000-offset.008"]={cf=cfr(0,0,0,.908,-.42,0,.42,.908,0,0,0,1);es="Linear";ed="In";};["000-offset.005"]={cf=cfr(0,0,0,.852,-.503,-.143,.498,.864,-.07,.158,-.012,.987);es="Linear";ed="In";};};{tm=.333;["root"]={cf=cfr(0,2.242,-.028,0,0,1,0,1,0,-1,0,0);es="Linear";ed="In";};["000-offset"]={cf=cfr(0,0,0,-.04,.999,0,-.999,-.04,0,0,0,1);es="Linear";ed="In";};["000-offset.009"]={cf=cfr(0,0,0,-.276,-.373,.886,.783,-.621,-.018,.557,.689,.464);es="Linear";ed="In";};["000-offset.012"]={cf=cfr(0,0,0,-.511,-.51,-.692,.707,-.707,-.001,-.489,-.49,.722);es="Linear";ed="In";};["000-offset.010"]={cf=cfr(0,0,0,.381,.925,0,-.925,.381,0,0,0,1);es="Linear";ed="In";};["000-offset.013"]={cf=cfr(0,0,0,.479,.878,0,-.878,.479,0,0,0,1);es="Linear";ed="In";};["000-offset.002"]={cf=cfr(0,0,0,.99,-.138,-.033,.142,.962,.232,0,-.235,.972);es="Linear";ed="In";};["000-offset.011"]={cf=cfr(0,0,0,-.169,-.985,.024,.986,-.169,-.002,.006,.023,1);es="Linear";ed="In";};["000-offset.014"]={cf=cfr(0,0,0,.048,-.998,-.027,.999,.048,-.011,.012,-.027,1);es="Linear";ed="In";};["000-offset.006"]={cf=cfr(0,0,0,.318,-.931,.182,.452,.317,.834,-.834,-.183,.521);es="Linear";ed="In";};["000-offset.003"]={cf=cfr(0,0,0,.415,-.856,-.309,.439,.486,-.756,.797,.178,.577);es="Linear";ed="In";};["000-offset.007"]={cf=cfr(0,0,0,.21,-.978,0,.978,.21,0,0,0,1);es="Linear";ed="In";};["000-offset.004"]={cf=cfr(0,0,0,.179,-.984,0,.984,.179,0,0,0,1);es="Linear";ed="In";};["000-offset.008"]={cf=cfr(0,0,0,.892,-.452,0,.452,.892,0,0,0,1);es="Linear";ed="In";};["000-offset.005"]={cf=cfr(0,0,0,.844,-.516,-.143,.512,.856,-.07,.158,-.014,.987);es="Linear";ed="In";};};{tm=.375;["root"]={cf=cfr(0,2.228,-.028,0,0,1,0,1,0,-1,0,0);es="Linear";ed="In";};["000-offset"]={cf=cfr(0,0,0,-.044,.999,0,-.999,-.044,0,0,0,1);es="Linear";ed="In";};["000-offset.009"]={cf=cfr(0,0,0,-.283,-.367,.886,.77,-.638,-.018,.572,.677,.463);es="Linear";ed="In";};["000-offset.012"]={cf=cfr(0,0,0,-.523,-.497,-.692,.689,-.725,-.001,-.502,-.477,.721);es="Linear";ed="In";};["000-offset.010"]={cf=cfr(0,0,0,.339,.941,0,-.941,.339,0,0,0,1);es="Linear";ed="In";};["000-offset.013"]={cf=cfr(0,0,0,.43,.903,0,-.903,.43,0,0,0,1);es="Linear";ed="In";};["000-offset.002"]={cf=cfr(0,0,0,.989,-.144,-.042,.15,.949,.277,0,-.281,.96);es="Linear";ed="In";};["000-offset.011"]={cf=cfr(0,0,0,-.194,-.981,.028,.981,-.194,-.002,.007,.027,1);es="Linear";ed="In";};["000-offset.014"]={cf=cfr(0,0,0,.015,-.999,-.032,1,.015,-.01,.011,-.032,.999);es="Linear";ed="In";};["000-offset.006"]={cf=cfr(0,0,0,.348,-.919,.186,.445,.336,.83,-.825,-.206,.526);es="Linear";ed="In";};["000-offset.003"]={cf=cfr(0,0,0,.451,-.84,-.302,.438,.503,-.745,.778,.204,.595);es="Linear";ed="In";};["000-offset.007"]={cf=cfr(0,0,0,.213,-.977,0,.977,.213,0,0,0,1);es="Linear";ed="In";};["000-offset.004"]={cf=cfr(0,0,0,.167,-.986,0,.986,.167,0,0,0,1);es="Linear";ed="In";};["000-offset.008"]={cf=cfr(0,0,0,.876,-.483,0,.483,.876,0,0,0,1);es="Linear";ed="In";};["000-offset.005"]={cf=cfr(0,0,0,.836,-.529,-.143,.525,.848,-.07,.158,-.017,.987);es="Linear";ed="In";};};{tm=.417;["root"]={cf=cfr(0,2.2,-.042,0,0,1,0,1,0,-1,0,0);es="Linear";ed="In";};["000-offset"]={cf=cfr(0,0,0,-.048,.999,0,-.999,-.048,0,0,0,1);es="Linear";ed="In";};["000-offset.009"]={cf=cfr(0,0,0,-.29,-.361,.886,.757,-.653,-.019,.585,.666,.463);es="Linear";ed="In";};["000-offset.012"]={cf=cfr(0,0,0,-.534,-.484,-.693,.672,-.74,0,-.513,-.466,.721);es="Linear";ed="In";};["000-offset.010"]={cf=cfr(0,0,0,.3,.954,0,-.954,.3,0,0,0,1);es="Linear";ed="In";};["000-offset.013"]={cf=cfr(0,0,0,.384,.923,0,-.923,.384,0,0,0,1);es="Linear";ed="In";};["000-offset.002"]={cf=cfr(0,0,0,.988,-.148,-.051,.157,.934,.322,0,-.326,.945);es="Linear";ed="In";};["000-offset.011"]={cf=cfr(0,0,0,-.217,-.976,.032,.976,-.217,-.001,.008,.031,.999);es="Linear";ed="In";};["000-offset.014"]={cf=cfr(0,0,0,-.015,-.999,-.036,1,-.014,-.01,.009,-.036,.999);es="Linear";ed="In";};["000-offset.006"]={cf=cfr(0,0,0,.375,-.907,.19,.438,.354,.827,-.817,-.227,.53);es="Linear";ed="In";};["000-offset.003"]={cf=cfr(0,0,0,.484,-.824,-.295,.435,.519,-.736,.76,.228,.609);es="Linear";ed="In";};["000-offset.007"]={cf=cfr(0,0,0,.215,-.977,0,.977,.215,0,0,0,1);es="Linear";ed="In";};["000-offset.004"]={cf=cfr(0,0,0,.156,-.988,0,.988,.156,0,0,0,1);es="Linear";ed="In";};["000-offset.008"]={cf=cfr(0,0,0,.86,-.51,0,.51,.86,0,0,0,1);es="Linear";ed="In";};["000-offset.005"]={cf=cfr(0,0,0,.829,-.541,-.143,.537,.841,-.07,.158,-.019,.987);es="Linear";ed="In";};};{tm=.458;["root"]={cf=cfr(0,2.185,-.042,0,0,1,0,1,0,-1,0,0);es="Linear";ed="In";};["000-offset"]={cf=cfr(0,0,0,-.05,.999,0,-.999,-.05,0,0,0,1);es="Linear";ed="In";};["000-offset.009"]={cf=cfr(0,0,0,-.295,-.356,.887,.746,-.665,-.019,.597,.656,.462);es="Linear";ed="In";};["000-offset.012"]={cf=cfr(0,0,0,-.543,-.473,-.694,.657,-.754,0,-.523,-.456,.72);es="Linear";ed="In";};["000-offset.010"]={cf=cfr(0,0,0,.266,.964,0,-.964,.266,0,0,0,1);es="Linear";ed="In";};["000-offset.013"]={cf=cfr(0,0,0,.344,.939,0,-.939,.344,0,0,0,1);es="Linear";ed="In";};["000-offset.002"]={cf=cfr(0,0,0,.987,-.15,-.06,.162,.917,.364,0,-.369,.929);es="Linear";ed="In";};["000-offset.011"]={cf=cfr(0,0,0,-.236,-.971,.035,.972,-.237,0,.009,.034,.999);es="Linear";ed="In";};["000-offset.014"]={cf=cfr(0,0,0,-.04,-.998,-.039,.999,-.04,-.01,.008,-.039,.999);es="Linear";ed="In";};["000-offset.006"]={cf=cfr(0,0,0,.398,-.897,.193,.43,.368,.824,-.81,-.245,.532);es="Linear";ed="In";};["000-offset.003"]={cf=cfr(0,0,0,.512,-.809,-.288,.431,.532,-.729,.743,.249,.621);es="Linear";ed="In";};["000-offset.007"]={cf=cfr(0,0,0,.217,-.976,0,.976,.217,0,0,0,1);es="Linear";ed="In";};["000-offset.004"]={cf=cfr(0,0,0,.147,-.989,0,.989,.147,0,0,0,1);es="Linear";ed="In";};["000-offset.008"]={cf=cfr(0,0,0,.846,-.534,0,.534,.846,0,0,0,1);es="Linear";ed="In";};["000-offset.005"]={cf=cfr(0,0,0,.822,-.551,-.143,.547,.834,-.07,.158,-.021,.987);es="Linear";ed="In";};};{tm=.5;["root"]={cf=cfr(0,2.171,-.042,0,0,1,0,1,0,-1,0,0);es="Linear";ed="In";};["000-offset"]={cf=cfr(0,0,0,-.053,.999,0,-.999,-.053,0,0,0,1);es="Linear";ed="In";};["000-offset.009"]={cf=cfr(0,0,0,-.299,-.352,.887,.738,-.675,-.019,.606,.649,.461);es="Linear";ed="In";};["000-offset.012"]={cf=cfr(0,0,0,-.549,-.464,-.695,.646,-.764,0,-.531,-.449,.719);es="Linear";ed="In";};["000-offset.010"]={cf=cfr(0,0,0,.239,.971,0,-.971,.239,0,0,0,1);es="Linear";ed="In";};["000-offset.013"]={cf=cfr(0,0,0,.312,.95,0,-.95,.312,0,0,0,1);es="Linear";ed="In";};["000-offset.002"]={cf=cfr(0,0,0,.986,-.15,-.067,.165,.9,.405,0,-.41,.912);es="Linear";ed="In";};["000-offset.011"]={cf=cfr(0,0,0,-.252,-.967,.038,.968,-.252,0,.009,.037,.999);es="Linear";ed="In";};["000-offset.014"]={cf=cfr(0,0,0,-.06,-.997,-.042,.998,-.06,-.01,.008,-.042,.999);es="Linear";ed="In";};["000-offset.006"]={cf=cfr(0,0,0,.416,-.888,.196,.423,.38,.823,-.805,-.26,.533);es="Linear";ed="In";};["000-offset.003"]={cf=cfr(0,0,0,.534,-.797,-.283,.426,.542,-.724,.73,.266,.629);es="Linear";ed="In";};["000-offset.007"]={cf=cfr(0,0,0,.22,-.976,0,.976,.22,0,0,0,1);es="Linear";ed="In";};["000-offset.004"]={cf=cfr(0,0,0,.139,-.99,0,.99,.139,0,0,0,1);es="Linear";ed="In";};["000-offset.008"]={cf=cfr(0,0,0,.834,-.551,0,.551,.834,0,0,0,1);es="Linear";ed="In";};["000-offset.005"]={cf=cfr(0,0,0,.817,-.559,-.143,.555,.829,-.07,.158,-.022,.987);es="Linear";ed="In";};};{tm=.542;["root"]={cf=cfr(0,2.157,-.042,0,0,1,0,1,0,-1,0,0);es="Linear";ed="In";};["000-offset"]={cf=cfr(0,0,0,-.052,.999,0,-.999,-.052,0,0,0,1);es="Linear";ed="In";};["000-offset.009"]={cf=cfr(0,0,0,-.301,-.349,.887,.732,-.681,-.019,.611,.644,.46);es="Linear";ed="In";};["000-offset.012"]={cf=cfr(0,0,0,-.553,-.458,-.696,.638,-.77,0,-.536,-.444,.718);es="Linear";ed="In";};["000-offset.010"]={cf=cfr(0,0,0,.222,.975,0,-.975,.222,0,0,0,1);es="Linear";ed="In";};["000-offset.013"]={cf=cfr(0,0,0,.291,.957,0,-.957,.291,0,0,0,1);es="Linear";ed="In";};["000-offset.002"]={cf=cfr(0,0,0,.986,-.147,-.074,.165,.882,.441,0,-.447,.894);es="Linear";ed="In";};["000-offset.011"]={cf=cfr(0,0,0,-.261,-.964,.039,.965,-.262,.001,.01,.038,.999);es="Linear";ed="In";};["000-offset.014"]={cf=cfr(0,0,0,-.073,-.996,-.043,.997,-.073,-.01,.007,-.044,.999);es="Linear";ed="In";};["000-offset.006"]={cf=cfr(0,0,0,.428,-.882,.197,.418,.387,.822,-.801,-.27,.534);es="Linear";ed="In";};["000-offset.003"]={cf=cfr(0,0,0,.548,-.788,-.279,.423,.549,-.721,.722,.277,.634);es="Linear";ed="In";};["000-offset.007"]={cf=cfr(0,0,0,.219,-.976,0,.976,.219,0,0,0,1);es="Linear";ed="In";};["000-offset.004"]={cf=cfr(0,0,0,.134,-.991,0,.991,.134,0,0,0,1);es="Linear";ed="In";};["000-offset.008"]={cf=cfr(0,0,0,.826,-.563,0,.563,.826,0,0,0,1);es="Linear";ed="In";};["000-offset.005"]={cf=cfr(0,0,0,.814,-.564,-.143,.56,.826,-.07,.158,-.023,.987);es="Linear";ed="In";};};{tm=.583;["000-offset"]={cf=cfr(0,0,0,-.052,.999,0,-.999,-.052,0,0,0,1);es="Linear";ed="In";};["000-offset.009"]={cf=cfr(0,0,0,-.301,-.348,.888,.73,-.683,-.02,.613,.642,.46);es="Linear";ed="In";};["000-offset.012"]={cf=cfr(0,0,0,-.553,-.459,-.696,.637,-.771,.002,-.537,-.442,.718);es="Linear";ed="In";};["000-offset.010"]={cf=cfr(0,0,0,.216,.976,0,-.976,.216,0,0,0,1);es="Linear";ed="In";};["000-offset.013"]={cf=cfr(0,0,0,.283,.959,0,-.959,.283,0,0,0,1);es="Linear";ed="In";};["000-offset.002"]={cf=cfr(0,0,0,.987,-.142,-.077,.162,.866,.473,0,-.479,.878);es="Linear";ed="In";};["000-offset.011"]={cf=cfr(0,0,0,-.262,-.964,.04,.965,-.262,.001,.01,.039,.999);es="Linear";ed="In";};["000-offset.014"]={cf=cfr(0,0,0,-.078,-.996,-.044,.997,-.078,-.01,.007,-.045,.999);es="Linear";ed="In";};["000-offset.006"]={cf=cfr(0,0,0,.432,-.88,.198,.416,.389,.822,-.8,-.273,.534);es="Linear";ed="In";};["000-offset.003"]={cf=cfr(0,0,0,.553,-.785,-.278,.421,.551,-.72,.719,.281,.636);es="Linear";ed="In";};["000-offset.007"]={cf=cfr(0,0,0,.218,-.976,0,.976,.218,0,0,0,1);es="Linear";ed="In";};["000-offset.004"]={cf=cfr(0,0,0,.134,-.991,0,.991,.134,0,0,0,1);es="Linear";ed="In";};["000-offset.008"]={cf=cfr(0,0,0,.824,-.567,0,.567,.824,0,0,0,1);es="Linear";ed="In";};["000-offset.005"]={cf=cfr(0,0,0,.812,-.565,-.143,.562,.824,-.07,.158,-.024,.987);es="Linear";ed="In";};};{tm=.625;["root"]={cf=cfr(0,2.157,-.042,0,0,1,0,1,0,-1,0,0);es="Linear";ed="In";};["000-offset"]={cf=cfr(0,0,0,-.051,.999,0,-.999,-.051,0,0,0,1);es="Linear";ed="In";};["000-offset.009"]={cf=cfr(0,0,0,-.301,-.349,.887,.732,-.681,-.019,.611,.644,.46);es="Linear";ed="In";};["000-offset.012"]={cf=cfr(0,0,0,-.553,-.458,-.696,.638,-.77,0,-.536,-.444,.718);es="Linear";ed="In";};["000-offset.010"]={cf=cfr(0,0,0,.221,.975,0,-.975,.221,0,0,0,1);es="Linear";ed="In";};["000-offset.013"]={cf=cfr(0,0,0,.29,.957,0,-.957,.29,0,0,0,1);es="Linear";ed="In";};["000-offset.002"]={cf=cfr(0,0,0,.988,-.133,-.079,.154,.849,.506,0,-.512,.859);es="Linear";ed="In";};["000-offset.011"]={cf=cfr(0,0,0,-.262,-.964,.039,.965,-.262,.001,.01,.038,.999);es="Linear";ed="In";};["000-offset.014"]={cf=cfr(0,0,0,-.074,-.996,-.043,.997,-.074,-.01,.007,-.044,.999);es="Linear";ed="In";};["000-offset.006"]={cf=cfr(0,0,0,.429,-.882,.197,.417,.387,.822,-.801,-.27,.534);es="Linear";ed="In";};["000-offset.003"]={cf=cfr(0,0,0,.549,-.788,-.279,.423,.549,-.721,.721,.278,.634);es="Linear";ed="In";};["000-offset.007"]={cf=cfr(0,0,0,.218,-.976,0,.976,.218,0,0,0,1);es="Linear";ed="In";};["000-offset.004"]={cf=cfr(0,0,0,.134,-.991,0,.991,.134,0,0,0,1);es="Linear";ed="In";};["000-offset.008"]={cf=cfr(0,0,0,.826,-.564,0,.564,.826,0,0,0,1);es="Linear";ed="In";};["000-offset.005"]={cf=cfr(0,0,0,.813,-.564,-.143,.56,.826,-.07,.158,-.023,.987);es="Linear";ed="In";};};{tm=.667;["root"]={cf=cfr(0,2.171,-.042,0,0,1,0,1,0,-1,0,0);es="Linear";ed="In";};["000-offset"]={cf=cfr(0,0,0,-.05,.999,0,-.999,-.05,0,0,0,1);es="Linear";ed="In";};["000-offset.009"]={cf=cfr(0,0,0,-.299,-.351,.887,.737,-.676,-.019,.606,.648,.461);es="Linear";ed="In";};["000-offset.012"]={cf=cfr(0,0,0,-.55,-.463,-.695,.645,-.765,0,-.531,-.448,.719);es="Linear";ed="In";};["000-offset.010"]={cf=cfr(0,0,0,.237,.972,0,-.972,.237,0,0,0,1);es="Linear";ed="In";};["000-offset.013"]={cf=cfr(0,0,0,.309,.951,0,-.951,.309,0,0,0,1);es="Linear";ed="In";};["000-offset.002"]={cf=cfr(0,0,0,.99,-.12,-.078,.143,.827,.544,-.001,-.55,.835);es="Linear";ed="In";};["000-offset.011"]={cf=cfr(0,0,0,-.253,-.967,.038,.967,-.253,0,.009,.037,.999);es="Linear";ed="In";};["000-offset.014"]={cf=cfr(0,0,0,-.063,-.997,-.042,.998,-.062,-.01,.007,-.042,.999);es="Linear";ed="In";};["000-offset.006"]={cf=cfr(0,0,0,.418,-.887,.196,.422,.381,.823,-.804,-.261,.533);es="Linear";ed="In";};["000-offset.003"]={cf=cfr(0,0,0,.536,-.796,-.282,.426,.544,-.723,.729,.268,.63);es="Linear";ed="In";};["000-offset.007"]={cf=cfr(0,0,0,.217,-.976,0,.976,.217,0,0,0,1);es="Linear";ed="In";};["000-offset.004"]={cf=cfr(0,0,0,.138,-.99,0,.99,.138,0,0,0,1);es="Linear";ed="In";};["000-offset.008"]={cf=cfr(0,0,0,.833,-.553,0,.553,.833,0,0,0,1);es="Linear";ed="In";};["000-offset.005"]={cf=cfr(0,0,0,.816,-.559,-.143,.556,.829,-.07,.158,-.023,.987);es="Linear";ed="In";};};{tm=.708;["root"]={cf=cfr(0,2.185,-.042,0,0,1,0,1,0,-1,0,0);es="Linear";ed="In";};["000-offset"]={cf=cfr(0,0,0,-.049,.999,0,-.999,-.049,0,0,0,1);es="Linear";ed="In";};["000-offset.009"]={cf=cfr(0,0,0,-.296,-.355,.887,.744,-.668,-.019,.599,.655,.462);es="Linear";ed="In";};["000-offset.012"]={cf=cfr(0,0,0,-.544,-.471,-.694,.655,-.756,0,-.525,-.455,.72);es="Linear";ed="In";};["000-offset.010"]={cf=cfr(0,0,0,.26,.966,0,-.966,.26,0,0,0,1);es="Linear";ed="In";};["000-offset.013"]={cf=cfr(0,0,0,.337,.942,0,-.942,.337,0,0,0,1);es="Linear";ed="In";};["000-offset.002"]={cf=cfr(0,0,0,.992,-.104,-.075,.128,.801,.585,-.001,-.59,.807);es="Linear";ed="In";};["000-offset.011"]={cf=cfr(0,0,0,-.24,-.97,.036,.971,-.24,0,.009,.035,.999);es="Linear";ed="In";};["000-offset.014"]={cf=cfr(0,0,0,-.045,-.998,-.039,.999,-.044,-.01,.008,-.04,.999);es="Linear";ed="In";};["000-offset.006"]={cf=cfr(0,0,0,.402,-.895,.194,.428,.371,.824,-.809,-.249,.532);es="Linear";ed="In";};["000-offset.003"]={cf=cfr(0,0,0,.517,-.807,-.287,.43,.534,-.728,.74,.253,.623);es="Linear";ed="In";};["000-offset.007"]={cf=cfr(0,0,0,.217,-.976,0,.976,.217,0,0,0,1);es="Linear";ed="In";};["000-offset.004"]={cf=cfr(0,0,0,.145,-.989,0,.989,.145,0,0,0,1);es="Linear";ed="In";};["000-offset.008"]={cf=cfr(0,0,0,.843,-.538,0,.538,.843,0,0,0,1);es="Linear";ed="In";};["000-offset.005"]={cf=cfr(0,0,0,.821,-.553,-.143,.549,.833,-.07,.158,-.021,.987);es="Linear";ed="In";};};{tm=.75;["root"]={cf=cfr(0,2.2,-.028,0,0,1,0,1,0,-1,0,0);es="Linear";ed="In";};["000-offset"]={cf=cfr(0,0,0,-.048,.999,0,-.999,-.048,0,0,0,1);es="Linear";ed="In";};["000-offset.009"]={cf=cfr(0,0,0,-.291,-.36,.886,.754,-.656,-.019,.589,.663,.462);es="Linear";ed="In";};["000-offset.012"]={cf=cfr(0,0,0,-.536,-.481,-.693,.668,-.744,0,-.516,-.463,.721);es="Linear";ed="In";};["000-offset.010"]={cf=cfr(0,0,0,.29,.957,0,-.957,.29,0,0,0,1);es="Linear";ed="In";};["000-offset.013"]={cf=cfr(0,0,0,.373,.928,0,-.928,.373,0,0,0,1);es="Linear";ed="In";};["000-offset.002"]={cf=cfr(0,0,0,.994,-.087,-.068,.111,.77,.628,-.002,-.631,.775);es="Linear";ed="In";};["000-offset.011"]={cf=cfr(0,0,0,-.222,-.974,.033,.975,-.223,-.001,.008,.032,.999);es="Linear";ed="In";};["000-offset.014"]={cf=cfr(0,0,0,-.022,-.999,-.036,1,-.022,-.01,.009,-.037,.999);es="Linear";ed="In";};["000-offset.006"]={cf=cfr(0,0,0,.381,-.904,.191,.435,.358,.826,-.815,-.232,.53);es="Linear";ed="In";};["000-offset.003"]={cf=cfr(0,0,0,.492,-.82,-.293,.434,.522,-.734,.755,.234,.613);es="Linear";ed="In";};["000-offset.007"]={cf=cfr(0,0,0,.216,-.976,0,.976,.216,0,0,0,1);es="Linear";ed="In";};["000-offset.004"]={cf=cfr(0,0,0,.153,-.988,0,.988,.153,0,0,0,1);es="Linear";ed="In";};["000-offset.008"]={cf=cfr(0,0,0,.856,-.517,0,.517,.856,0,0,0,1);es="Linear";ed="In";};["000-offset.005"]={cf=cfr(0,0,0,.827,-.544,-.143,.54,.839,-.07,.158,-.02,.987);es="Linear";ed="In";};};{tm=.792;["root"]={cf=cfr(0,2.228,-.028,0,0,1,0,1,0,-1,0,0);es="Linear";ed="In";};["000-offset"]={cf=cfr(0,0,0,-.045,.999,0,-.999,-.045,0,0,0,1);es="Linear";ed="In";};["000-offset.009"]={cf=cfr(0,0,0,-.285,-.365,.886,.766,-.643,-.018,.577,.673,.463);es="Linear";ed="In";};["000-offset.012"]={cf=cfr(0,0,0,-.527,-.492,-.693,.683,-.73,-.001,-.506,-.473,.721);es="Linear";ed="In";};["000-offset.010"]={cf=cfr(0,0,0,.325,.946,0,-.946,.325,0,0,0,1);es="Linear";ed="In";};["000-offset.013"]={cf=cfr(0,0,0,.415,.91,0,-.91,.415,0,0,0,1);es="Linear";ed="In";};["000-offset.002"]={cf=cfr(0,0,0,.996,-.069,-.059,.091,.737,.67,-.003,-.672,.74);es="Linear";ed="In";};["000-offset.011"]={cf=cfr(0,0,0,-.202,-.979,.03,.979,-.202,-.001,.007,.029,1);es="Linear";ed="In";};["000-offset.014"]={cf=cfr(0,0,0,.005,-.999,-.033,1,.005,-.01,.01,-.033,.999);es="Linear";ed="In";};["000-offset.006"]={cf=cfr(0,0,0,.357,-.915,.187,.443,.342,.829,-.823,-.213,.527);es="Linear";ed="In";};["000-offset.003"]={cf=cfr(0,0,0,.462,-.835,-.3,.437,.508,-.742,.772,.212,.6);es="Linear";ed="In";};["000-offset.007"]={cf=cfr(0,0,0,.214,-.977,0,.977,.214,0,0,0,1);es="Linear";ed="In";};["000-offset.004"]={cf=cfr(0,0,0,.163,-.987,0,.987,.163,0,0,0,1);es="Linear";ed="In";};["000-offset.008"]={cf=cfr(0,0,0,.87,-.492,0,.492,.87,0,0,0,1);es="Linear";ed="In";};["000-offset.005"]={cf=cfr(0,0,0,.834,-.533,-.143,.529,.846,-.07,.158,-.018,.987);es="Linear";ed="In";};};{tm=.833;["root"]={cf=cfr(0,2.256,-.014,0,0,1,0,1,0,-1,0,0);es="Linear";ed="In";};["000-offset"]={cf=cfr(0,0,0,-.041,.999,0,-.999,-.041,0,0,0,1);es="Linear";ed="In";};["000-offset.009"]={cf=cfr(0,0,0,-.279,-.371,.886,.778,-.628,-.018,.563,.684,.464);es="Linear";ed="In";};["000-offset.012"]={cf=cfr(0,0,0,-.516,-.505,-.692,.7,-.714,-.001,-.494,-.485,.722);es="Linear";ed="In";};["000-offset.010"]={cf=cfr(0,0,0,.364,.931,0,-.931,.364,0,0,0,1);es="Linear";ed="In";};["000-offset.013"]={cf=cfr(0,0,0,.46,.888,0,-.888,.46,0,0,0,1);es="Linear";ed="In";};["000-offset.002"]={cf=cfr(0,0,0,.998,-.052,-.047,.07,.701,.71,-.004,-.711,.703);es="Linear";ed="In";};["000-offset.011"]={cf=cfr(0,0,0,-.179,-.983,.026,.984,-.179,-.002,.006,.025,1);es="Linear";ed="In";};["000-offset.014"]={cf=cfr(0,0,0,.034,-.999,-.029,.999,.035,-.011,.012,-.029,1);es="Linear";ed="In";};["000-offset.006"]={cf=cfr(0,0,0,.33,-.926,.184,.449,.325,.832,-.83,-.192,.523);es="Linear";ed="In";};["000-offset.003"]={cf=cfr(0,0,0,.43,-.85,-.306,.439,.493,-.751,.789,.188,.584);es="Linear";ed="In";};["000-offset.007"]={cf=cfr(0,0,0,.211,-.978,0,.978,.211,0,0,0,1);es="Linear";ed="In";};["000-offset.004"]={cf=cfr(0,0,0,.174,-.985,0,.985,.174,0,0,0,1);es="Linear";ed="In";};["000-offset.008"]={cf=cfr(0,0,0,.885,-.465,0,.465,.885,0,0,0,1);es="Linear";ed="In";};["000-offset.005"]={cf=cfr(0,0,0,.841,-.522,-.143,.517,.853,-.07,.158,-.015,.987);es="Linear";ed="In";};};{tm=.875;["root"]={cf=cfr(0,2.284,-.014,0,0,1,0,1,0,-1,0,0);es="Linear";ed="In";};["000-offset"]={cf=cfr(0,0,0,-.037,.999,0,-.999,-.037,0,0,0,1);es="Linear";ed="In";};["000-offset.009"]={cf=cfr(0,0,0,-.271,-.377,.886,.791,-.612,-.018,.549,.695,.464);es="Linear";ed="In";};["000-offset.012"]={cf=cfr(0,0,0,-.504,-.517,-.692,.717,-.697,-.001,-.482,-.496,.722);es="Linear";ed="In";};["000-offset.010"]={cf=cfr(0,0,0,.404,.915,0,-.915,.404,0,0,0,1);es="Linear";ed="In";};["000-offset.013"]={cf=cfr(0,0,0,.506,.863,0,-.863,.506,0,0,0,1);es="Linear";ed="In";};["000-offset.002"]={cf=cfr(0,0,0,.999,-.036,-.033,.048,.664,.746,-.005,-.746,.665);es="Linear";ed="In";};["000-offset.011"]={cf=cfr(0,0,0,-.155,-.988,.022,.988,-.155,-.002,.005,.021,1);es="Linear";ed="In";};["000-offset.014"]={cf=cfr(0,0,0,.066,-.998,-.025,.998,.066,-.011,.013,-.024,1);es="Linear";ed="In";};["000-offset.006"]={cf=cfr(0,0,0,.301,-.936,.179,.454,.306,.836,-.838,-.171,.518);es="Linear";ed="In";};["000-offset.003"]={cf=cfr(0,0,0,.395,-.864,-.312,.438,.476,-.762,.807,.165,.567);es="Linear";ed="In";};["000-offset.007"]={cf=cfr(0,0,0,.208,-.978,0,.978,.208,0,0,0,1);es="Linear";ed="In";};["000-offset.004"]={cf=cfr(0,0,0,.186,-.983,0,.983,.186,0,0,0,1);es="Linear";ed="In";};["000-offset.008"]={cf=cfr(0,0,0,.9,-.435,0,.435,.9,0,0,0,1);es="Linear";ed="In";};["000-offset.005"]={cf=cfr(0,0,0,.849,-.509,-.143,.505,.86,-.07,.158,-.013,.987);es="Linear";ed="In";};};{tm=.917;["root"]={cf=cfr(0,2.298,0,0,0,1,0,1,0,-1,0,0);es="Linear";ed="In";};["000-offset"]={cf=cfr(0,0,0,-.033,.999,0,-.999,-.033,0,0,0,1);es="Linear";ed="In";};["000-offset.009"]={cf=cfr(0,0,0,-.263,-.382,.886,.803,-.595,-.018,.534,.707,.464);es="Linear";ed="In";};["000-offset.012"]={cf=cfr(0,0,0,-.491,-.53,-.692,.734,-.679,-.001,-.469,-.508,.722);es="Linear";ed="In";};["000-offset.010"]={cf=cfr(0,0,0,.443,.896,0,-.896,.443,0,0,0,1);es="Linear";ed="In";};["000-offset.013"]={cf=cfr(0,0,0,.552,.834,0,-.834,.552,0,0,0,1);es="Linear";ed="In";};["000-offset.002"]={cf=cfr(0,0,0,1,-.021,-.018,.027,.628,.777,-.005,-.778,.629);es="Linear";ed="In";};["000-offset.011"]={cf=cfr(0,0,0,-.13,-.991,.018,.991,-.13,-.002,.004,.017,1);es="Linear";ed="In";};["000-offset.014"]={cf=cfr(0,0,0,.098,-.995,-.021,.995,.098,-.012,.014,-.02,1);es="Linear";ed="In";};["000-offset.006"]={cf=cfr(0,0,0,.273,-.946,.175,.458,.287,.841,-.846,-.149,.511);es="Linear";ed="In";};["000-offset.003"]={cf=cfr(0,0,0,.361,-.877,-.318,.435,.46,-.774,.825,.142,.547);es="Linear";ed="In";};["000-offset.007"]={cf=cfr(0,0,0,.205,-.979,0,.979,.205,0,0,0,1);es="Linear";ed="In";};["000-offset.004"]={cf=cfr(0,0,0,.198,-.98,0,.98,.198,0,0,0,1);es="Linear";ed="In";};["000-offset.008"]={cf=cfr(0,0,0,.915,-.404,0,.404,.915,0,0,0,1);es="Linear";ed="In";};["000-offset.005"]={cf=cfr(0,0,0,.856,-.497,-.143,.492,.868,-.07,.158,-.011,.987);es="Linear";ed="In";};};{tm=.958;["root"]={cf=cfr(0,2.326,0,0,0,1,0,1,0,-1,0,0);es="Linear";ed="In";};["000-offset"]={cf=cfr(0,0,0,-.03,1,0,-1,-.03,0,0,0,1);es="Linear";ed="In";};["000-offset.009"]={cf=cfr(0,0,0,-.255,-.387,.886,.815,-.579,-.018,.52,.718,.464);es="Linear";ed="In";};["000-offset.012"]={cf=cfr(0,0,0,-.477,-.541,-.692,.751,-.661,-.001,-.457,-.52,.722);es="Linear";ed="In";};["000-offset.010"]={cf=cfr(0,0,0,.482,.876,0,-.876,.482,0,0,0,1);es="Linear";ed="In";};["000-offset.013"]={cf=cfr(0,0,0,.595,.804,0,-.804,.595,0,0,0,1);es="Linear";ed="In";};["000-offset.002"]={cf=cfr(0,0,0,1,-.009,-.002,.007,.595,.804,-.006,-.804,.595);es="Linear";ed="In";};["000-offset.011"]={cf=cfr(0,0,0,-.106,-.994,.014,.994,-.106,-.002,.003,.014,1);es="Linear";ed="In";};["000-offset.014"]={cf=cfr(0,0,0,.129,-.992,-.017,.992,.129,-.013,.015,-.016,1);es="Linear";ed="In";};["000-offset.006"]={cf=cfr(0,0,0,.245,-.955,.17,.459,.269,.847,-.854,-.129,.504);es="Linear";ed="In";};["000-offset.003"]={cf=cfr(0,0,0,.328,-.888,-.322,.429,.444,-.787,.842,.12,.527);es="Linear";ed="In";};["000-offset.007"]={cf=cfr(0,0,0,.202,-.979,0,.979,.202,0,0,0,1);es="Linear";ed="In";};["000-offset.004"]={cf=cfr(0,0,0,.209,-.978,0,.978,.209,0,0,0,1);es="Linear";ed="In";};["000-offset.008"]={cf=cfr(0,0,0,.928,-.373,0,.373,.928,0,0,0,1);es="Linear";ed="In";};["000-offset.005"]={cf=cfr(0,0,0,.863,-.484,-.143,.479,.875,-.07,.159,-.008,.987);es="Linear";ed="In";};};{tm=1;["root"]={cf=cfr(0,2.355,0,0,0,1,0,1,0,-1,0,0);es="Linear";ed="In";};["000-offset"]={cf=cfr(0,0,0,-.026,1,0,-1,-.026,0,0,0,1);es="Linear";ed="In";};["000-offset.009"]={cf=cfr(0,0,0,-.247,-.392,.886,.827,-.563,-.018,.506,.728,.463);es="Linear";ed="In";};["000-offset.012"]={cf=cfr(0,0,0,-.464,-.552,-.693,.766,-.643,-.001,-.445,-.531,.721);es="Linear";ed="In";};["000-offset.010"]={cf=cfr(0,0,0,.517,.856,0,-.856,.517,0,0,0,1);es="Linear";ed="In";};["000-offset.013"]={cf=cfr(0,0,0,.635,.773,0,-.773,.635,0,0,0,1);es="Linear";ed="In";};["000-offset.002"]={cf=cfr(0,0,0,1,.002,.013,-.011,.566,.824,-.006,-.824,.566);es="Linear";ed="In";};["000-offset.011"]={cf=cfr(0,0,0,-.083,-.996,.01,.997,-.083,-.002,.002,.01,1);es="Linear";ed="In";};["000-offset.014"]={cf=cfr(0,0,0,.158,-.987,-.014,.987,.158,-.015,.017,-.012,1);es="Linear";ed="In";};["000-offset.006"]={cf=cfr(0,0,0,.219,-.962,.165,.459,.251,.852,-.861,-.11,.496);es="Linear";ed="In";};["000-offset.003"]={cf=cfr(0,0,0,.298,-.898,-.325,.421,.429,-.799,.857,.101,.506);es="Linear";ed="In";};["000-offset.007"]={cf=cfr(0,0,0,.2,-.98,0,.98,.2,0,0,0,1);es="Linear";ed="In";};["000-offset.004"]={cf=cfr(0,0,0,.22,-.975,0,.975,.22,0,0,0,1);es="Linear";ed="In";};["000-offset.008"]={cf=cfr(0,0,0,.939,-.344,0,.344,.939,0,0,0,1);es="Linear";ed="In";};["000-offset.005"]={cf=cfr(0,0,0,.87,-.472,-.143,.467,.882,-.07,.159,-.006,.987);es="Linear";ed="In";};};{tm=1.042;["root"]={cf=cfr(0,2.369,0,0,0,1,0,1,0,-1,0,0);es="Linear";ed="In";};["000-offset"]={cf=cfr(0,0,0,-.022,1,0,-1,-.022,0,0,0,1);es="Linear";ed="In";};["000-offset.009"]={cf=cfr(0,0,0,-.24,-.396,.887,.836,-.548,-.018,.493,.737,.462);es="Linear";ed="In";};["000-offset.012"]={cf=cfr(0,0,0,-.452,-.561,-.694,.779,-.626,-.001,-.434,-.541,.72);es="Linear";ed="In";};["000-offset.010"]={cf=cfr(0,0,0,.548,.836,0,-.836,.548,0,0,0,1);es="Linear";ed="In";};["000-offset.013"]={cf=cfr(0,0,0,.669,.743,0,-.743,.669,0,0,0,1);es="Linear";ed="In";};["000-offset.002"]={cf=cfr(0,0,0,1,.01,.026,-.027,.544,.839,-.006,-.839,.544);es="Linear";ed="In";};["000-offset.011"]={cf=cfr(0,0,0,-.062,-.998,.007,.998,-.062,-.001,.002,.007,1);es="Linear";ed="In";};["000-offset.014"]={cf=cfr(0,0,0,.184,-.983,-.011,.983,.185,-.016,.018,-.008,1);es="Linear";ed="In";};["000-offset.006"]={cf=cfr(0,0,0,.195,-.967,.161,.458,.235,.858,-.867,-.094,.489);es="Linear";ed="In";};["000-offset.003"]={cf=cfr(0,0,0,.271,-.906,-.327,.413,.416,-.81,.87,.084,.487);es="Linear";ed="In";};["000-offset.007"]={cf=cfr(0,0,0,.197,-.98,0,.98,.197,0,0,0,1);es="Linear";ed="In";};["000-offset.004"]={cf=cfr(0,0,0,.23,-.973,0,.973,.23,0,0,0,1);es="Linear";ed="In";};["000-offset.008"]={cf=cfr(0,0,0,.948,-.317,0,.317,.948,0,0,0,1);es="Linear";ed="In";};["000-offset.005"]={cf=cfr(0,0,0,.876,-.461,-.143,.456,.887,-.07,.159,-.004,.987);es="Linear";ed="In";};};{tm=1.083;["root"]={cf=cfr(0,2.397,.014,0,0,1,0,1,0,-1,0,0);es="Linear";ed="In";};["000-offset"]={cf=cfr(0,0,0,-.02,1,0,-1,-.02,0,0,0,1);es="Linear";ed="In";};["000-offset.009"]={cf=cfr(0,0,0,-.233,-.399,.887,.845,-.535,-.019,.482,.745,.462);es="Linear";ed="In";};["000-offset.012"]={cf=cfr(0,0,0,-.441,-.569,-.694,.791,-.612,-.001,-.425,-.549,.72);es="Linear";ed="In";};["000-offset.010"]={cf=cfr(0,0,0,.574,.819,0,-.819,.574,0,0,0,1);es="Linear";ed="In";};["000-offset.013"]={cf=cfr(0,0,0,.697,.717,0,-.717,.697,0,0,0,1);es="Linear";ed="In";};["000-offset.002"]={cf=cfr(0,0,0,.999,.017,.037,-.04,.53,.847,-.005,-.848,.53);es="Linear";ed="In";};["000-offset.011"]={cf=cfr(0,0,0,-.044,-.999,.004,.999,-.044,-.001,.001,.004,1);es="Linear";ed="In";};["000-offset.014"]={cf=cfr(0,0,0,.207,-.978,-.008,.978,.207,-.017,.019,-.005,1);es="Linear";ed="In";};["000-offset.006"]={cf=cfr(0,0,0,.176,-.972,.156,.456,.221,.862,-.873,-.081,.482);es="Linear";ed="In";};["000-offset.003"]={cf=cfr(0,0,0,.249,-.912,-.328,.405,.405,-.82,.88,.071,.469);es="Linear";ed="In";};["000-offset.007"]={cf=cfr(0,0,0,.195,-.981,0,.981,.195,0,0,0,1);es="Linear";ed="In";};["000-offset.004"]={cf=cfr(0,0,0,.238,-.971,0,.971,.238,0,0,0,1);es="Linear";ed="In";};["000-offset.008"]={cf=cfr(0,0,0,.956,-.294,0,.294,.956,0,0,0,1);es="Linear";ed="In";};["000-offset.005"]={cf=cfr(0,0,0,.881,-.451,-.143,.446,.892,-.07,.159,-.002,.987);es="Linear";ed="In";};};{tm=1.125;["root"]={cf=cfr(0,2.411,.014,0,0,1,0,1,0,-1,0,0);es="Linear";ed="In";};["000-offset"]={cf=cfr(0,0,0,-.017,1,0,-1,-.017,0,0,0,1);es="Linear";ed="In";};["000-offset.009"]={cf=cfr(0,0,0,-.228,-.401,.887,.851,-.525,-.019,.473,.751,.461);es="Linear";ed="In";};["000-offset.012"]={cf=cfr(0,0,0,-.432,-.574,-.695,.799,-.601,0,-.418,-.556,.719);es="Linear";ed="In";};["000-offset.010"]={cf=cfr(0,0,0,.594,.804,0,-.804,.594,0,0,0,1);es="Linear";ed="In";};["000-offset.013"]={cf=cfr(0,0,0,.718,.696,0,-.696,.718,0,0,0,1);es="Linear";ed="In";};["000-offset.002"]={cf=cfr(0,0,0,.999,.022,.044,-.049,.527,.849,-.004,-.85,.527);es="Linear";ed="In";};["000-offset.011"]={cf=cfr(0,0,0,-.03,-1,.002,1,-.03,0,0,.002,1);es="Linear";ed="In";};["000-offset.014"]={cf=cfr(0,0,0,.224,-.975,-.006,.974,.224,-.018,.019,-.002,1);es="Linear";ed="In";};["000-offset.006"]={cf=cfr(0,0,0,.161,-.975,.153,.453,.211,.866,-.877,-.07,.476);es="Linear";ed="In";};["000-offset.003"]={cf=cfr(0,0,0,.232,-.916,-.328,.397,.397,-.828,.888,.062,.456);es="Linear";ed="In";};["000-offset.007"]={cf=cfr(0,0,0,.194,-.981,0,.981,.194,0,0,0,1);es="Linear";ed="In";};["000-offset.004"]={cf=cfr(0,0,0,.245,-.97,0,.97,.245,0,0,0,1);es="Linear";ed="In";};["000-offset.008"]={cf=cf