local cfr = CFrame.new

return {{tm=0;["RootNode"]={cf=cfr(0,0,0,-1,0,0,0,1,0,0,0,-1);es="Linear";ed="In";};["root"]={cf=cfr(.056,2.665,1.41,0,.02,1,0,1,-.02,-1,0,0);es="Linear";ed="In";};["000-offset"]={cf=cfr(0,0,0,-.079,.972,.221,-.985,-.041,-.169,-.155,-.231,.96);es="Linear";ed="In";};["004-offset.001"]={cf=cfr(0,0,0,-.015,-1,0,1,-.015,0,0,0,1);es="Linear";ed="In";};["006-offset"]={cf=cfr(0,0,0,-.015,-1,0,1,-.015,0,0,0,1);es="Linear";ed="In";};["000-offset.009"]={cf=cfr(0,0,0,-.967,-.092,-.237,.091,-.996,.016,-.237,-.006,.971);es="Linear";ed="In";};["000-offset.012"]={cf=cfr(0,0,0,-.821,-.268,-.505,.412,-.89,-.197,-.397,-.369,.84);es="Linear";ed="In";};["000-offset.001"]={cf=cfr(0,0,0,.926,-.368,-.082,.377,.892,.252,-.02,-.264,.964);es="Linear";ed="In";};["000-offset.010"]={cf=cfr(0,0,0,.219,.976,0,-.976,.219,0,0,0,1);es="Linear";ed="In";};["000-offset.013"]={cf=cfr(0,0,0,.369,.93,0,-.93,.369,0,0,0,1);es="Linear";ed="In";};["004-offset"]={cf=cfr(0,0,0,.035,-.999,0,.999,.035,0,0,0,1);es="Linear";ed="In";};["002-offset"]={cf=cfr(0,0,0,.035,-.999,0,.999,.035,0,0,0,1);es="Linear";ed="In";};["000-offset.002"]={cf=cfr(0,0,0,.918,-.364,.155,.13,-.092,-.987,.374,.927,-.037);es="Linear";ed="In";};["000-offset.011"]={cf=cfr(0,0,0,.634,-.647,.423,.763,.614,-.203,-.128,.451,.883);es="Linear";ed="In";};["000-offset.014"]={cf=cfr(0,0,0,.473,-.826,-.306,.881,.448,.153,.011,-.342,.94);es="Linear";ed="In";};["000-offset.006"]={cf=cfr(0,0,0,-.963,.067,-.261,-.248,-.599,.762,-.105,.798,.593);es="Linear";ed="In";};["000-offset.003"]={cf=cfr(0,0,0,-.939,-.18,-.293,.342,-.402,-.849,.035,-.897,.44);es="Linear";ed="In";};["000-offset.007"]={cf=cfr(0,0,0,.802,-.597,0,.597,.802,0,0,0,1);es="Linear";ed="In";};["000-offset.004"]={cf=cfr(0,0,0,.629,-.777,0,.777,.629,0,0,0,1);es="Linear";ed="In";};["000-offset.008"]={cf=cfr(0,0,0,.911,.125,.392,-.365,.684,.632,-.189,-.719,.669);es="Linear";ed="In";};["000-offset.005"]={cf=cfr(0,0,0,.925,-.375,-.063,.105,.412,-.905,.365,.831,.42);es="Linear";ed="In";};};{tm=.042;["000-offset.002"]={cf=cfr(0,0,0,.919,-.363,.154,.129,-.091,-.987,.373,.927,-.037);es="Linear";ed="In";};};{tm=.083;["000-offset.002"]={cf=cfr(0,0,0,.92,-.362,.152,.128,-.089,-.988,.371,.928,-.036);es="Linear";ed="In";};};{tm=.125;["000-offset.002"]={cf=cfr(0,0,0,.921,-.359,.149,.125,-.087,-.988,.368,.929,-.035);es="Linear";ed="In";};};{tm=.167;["000-offset.002"]={cf=cfr(0,0,0,.924,-.355,.144,.122,-.085,-.989,.363,.931,-.035);es="Linear";ed="In";};};{tm=.208;["000-offset.002"]={cf=cfr(0,0,0,.926,-.35,.139,.118,-.082,-.99,.358,.933,-.034);es="Linear";ed="In";};};{tm=.25;["000-offset.002"]={cf=cfr(0,0,0,.929,-.344,.133,.113,-.077,-.991,.351,.936,-.033);es="Linear";ed="In";};};{tm=.292;["000-offset.002"]={cf=cfr(0,0,0,.933,-.337,.126,.108,-.072,-.992,.344,.939,-.031);es="Linear";ed="In";};};{tm=.333;["000-offset.002"]={cf=cfr(0,0,0,.936,-.33,.119,.102,-.067,-.993,.336,.942,-.029);es="Linear";ed="In";};};{tm=.375;["000-offset.002"]={cf=cfr(0,0,0,.94,-.322,.111,.096,-.061,-.994,.327,.945,-.027);es="Linear";ed="In";};};{tm=.417;["000-offset.002"]={cf=cfr(0,0,0,.944,-.314,.102,.089,-.055,-.994,.318,.948,-.024);es="Linear";ed="In";};};{tm=.458;["000-offset.002"]={cf=cfr(0,0,0,.948,-.305,.093,.082,-.049,-.995,.308,.951,-.021);es="Linear";ed="In";};};{tm=.5;["000-offset.002"]={cf=cfr(0,0,0,.952,-.296,.084,.075,-.042,-.996,.298,.954,-.018);es="Linear";ed="In";};};{tm=.542;["000-offset.002"]={cf=cfr(0,0,0,.955,-.286,.075,.068,-.035,-.997,.288,.958,-.014);es="Linear";ed="In";};};{tm=.583;["000-offset.002"]={cf=cfr(0,0,0,.959,-.276,.066,.06,-.028,-.998,.277,.961,-.01);es="Linear";ed="In";};};{tm=.625;["000-offset.002"]={cf=cfr(0,0,0,.962,-.266,.056,.053,-.021,-.998,.267,.964,-.006);es="Linear";ed="In";};};{tm=.667;["000-offset.002"]={cf=cfr(0,0,0,.965,-.256,.048,.046,-.013,-.999,.257,.966,-.001);es="Linear";ed="In";};};{tm=.708;["000-offset.002"]={cf=cfr(0,0,0,.968,-.247,.039,.039,-.006,-.999,.247,.969,.004);es="Linear";ed="In";};};{tm=.75;["000-offset.002"]={cf=cfr(0,0,0,.971,-.237,.031,.032,.002,-.999,.237,.971,.009);es="Linear";ed="In";};};{tm=.792;["000-offset.002"]={cf=cfr(0,0,0,.973,-.228,.023,.026,.009,-1,.228,.974,.015);es="Linear";ed="In";};};{tm=.833;["000-offset.002"]={cf=cfr(0,0,0,.975,-.22,.016,.021,.017,-1,.219,.975,.021);es="Linear";ed="In";};};{tm=.875;["000-offset.002"]={cf=cfr(0,0,0,.977,-.212,.01,.016,.025,-1,.211,.977,.028);es="Linear";ed="In";};};{tm=.917;["000-offset.002"]={cf=cfr(0,0,0,.979,-.204,.005,.012,.033,-.999,.204,.978,.035);es="Linear";ed="In";};};{tm=.958;["000-offset.002"]={cf=cfr(0,0,0,.98,-.198,0,.009,.041,-.999,.198,.979,.042);es="Linear";ed="In";};};{tm=1;["000-offset.002"]={cf=cfr(0,0,0,.981,-.193,-.003,.006,.049,-.999,.193,.98,.05);es="Linear";ed="In";};};{tm=1.042;["000-offset.002"]={cf=cfr(0,0,0,.982,-.189,-.006,.005,.058,-.998,.189,.98,.058);es="Linear";ed="In";};};{tm=1.083;["000-offset.002"]={cf=cfr(0,0,0,.983,-.186,-.007,.005,.066,-.998,.186,.98,.066);es="Linear";ed="In";};};{tm=1.125;["000-offset.002"]={cf=cfr(0,0,0,.983,-.184,-.007,.007,.075,-.997,.184,.98,.075);es="Linear";ed="In";};};{tm=1.167;["000-offset.002"]={cf=cfr(0,0,0,.983,-.185,-.006,.01,.084,-.996,.185,.979,.084);es="Linear";ed="In";};};{tm=1.208;["000-offset.002"]={cf=cfr(0,0,0,.982,-.187,-.004,.014,.093,-.996,.186,.978,.094);es="Linear";ed="In";};};{tm=1.25;["000-offset.002"]={cf=cfr(0,0,0,.982,-.191,0,.02,.102,-.995,.19,.976,.104);es="Linear";ed="In";};};{tm=1.292;["000-offset.002"]={cf=cfr(0,0,0,.98,-.197,.005,.027,.111,-.993,.195,.974,.114);es="Linear";ed="In";};};{tm=1.333;["000-offset.002"]={cf=cfr(0,0,0,.979,-.205,.011,.036,.12,-.992,.202,.971,.125);es="Linear";ed="In";};};{tm=1.375;["000-offset.002"]={cf=cfr(0,0,0,.976,-.215,.018,.047,.13,-.99,.21,.968,.137);es="Linear";ed="In";};};{tm=1.417;["000-offset.002"]={cf=cfr(0,0,0,.974,-.227,.026,.059,.14,-.988,.22,.964,.149);es="Linear";ed="In";};};{tm=1.458;["000-offset.002"]={cf=cfr(0,0,0,.97,-.24,.034,.072,.15,-.986,.232,.959,.163);es="Linear";ed="In";};};{tm=1.5;["000-offset.002"]={cf=cfr(0,0,0,.966,-.255,.043,.086,.16,-.983,.244,.954,.177);es="Linear";ed="In";};};{tm=1.542;["000-offset.002"]={cf=cfr(0,0,0,.961,-.272,.053,.102,.17,-.98,.257,.947,.191);es="Linear";ed="In";};};{tm=1.583;["000-offset.002"]={cf=cfr(0,0,0,.955,-.29,.062,.118,.18,-.977,.272,.94,.206);es="Linear";ed="In";};};{tm=1.625;["000-offset.002"]={cf=cfr(0,0,0,.948,-.309,.071,.135,.19,-.973,.287,.932,.221);es="Linear";ed="In";};};{tm=1.667;["000-offset.002"]={cf=cfr(0,0,0,.941,-.33,.08,.152,.198,-.968,.304,.923,.237);es="Linear";ed="In";};};{tm=1.708;["000-offset.002"]={cf=cfr(0,0,0,.932,-.352,.089,.17,.206,-.964,.321,.913,.252);es="Linear";ed="In";};};{tm=1.75;["000-offset.002"]={cf=cfr(0,0,0,.922,-.375,.098,.189,.214,-.959,.338,.902,.268);es="Linear";ed="In";};};{tm=1.792;["000-offset.002"]={cf=cfr(0,0,0,.911,-.398,.106,.207,.22,-.953,.356,.891,.283);es="Linear";ed="In";};};{tm=1.833;["000-offset.002"]={cf=cfr(0,0,0,.899,-.422,.114,.225,.225,-.948,.375,.878,.298);es="Linear";ed="In";};};{tm=1.875;["000-offset.002"]={cf=cfr(0,0,0,.886,-.447,.12,.244,.229,-.942,.394,.865,.312);es="Linear";ed="In";};};{tm=1.917;["000-offset.002"]={cf=cfr(0,0,0,.872,-.472,.127,.262,.232,-.937,.413,.85,.326);es="Linear";ed="In";};};{tm=1.958;["000-offset.002"]={cf=cfr(0,0,0,.858,-.497,.132,.279,.234,-.931,.432,.836,.34);es="Linear";ed="In";};};{tm=2;["000-offset.002"]={cf=cfr(0,0,0,.842,-.522,.137,.296,.235,-.926,.451,.82,.352);es="Linear";ed="In";};};{tm=2.042;["000-offset.002"]={cf=cfr(0,0,0,.825,-.547,.141,.313,.234,-.92,.47,.804,.364);es="Linear";ed="In";};};{tm=2.083;["000-offset.002"]={cf=cfr(0,0,0,.808,-.571,.145,.329,.232,-.915,.489,.787,.375);es="Linear";ed="In";};};{tm=2.125;["000-offset.002"]={cf=cfr(0,0,0,.79,-.595,.148,.343,.229,-.911,.508,.77,.386);es="Linear";ed="In";};};{tm=2.167;["000-offset.002"]={cf=cfr(0,0,0,.771,-.619,.15,.357,.225,-.906,.527,.753,.395);es="Linear";ed="In";};};{tm=2.208;["000-offset.002"]={cf=cfr(0,0,0,.752,-.641,.152,.37,.22,-.902,.545,.735,.403);es="Linear";ed="In";};};{tm=2.25;["000-offset.002"]={cf=cfr(0,0,0,.733,-.663,.154,.382,.215,-.899,.562,.718,.411);es="Linear";ed="In";};};{tm=2.292;["000-offset.002"]={cf=cfr(0,0,0,.714,-.683,.155,.393,.208,-.896,.58,.7,.417);es="Linear";ed="In";};};{tm=2.333;["000-offset.002"]={cf=cfr(0,0,0,.694,-.703,.156,.403,.201,-.893,.596,.683,.423);es="Linear";ed="In";};};{tm=2.375;["000-offset.002"]={cf=cfr(0,0,0,.675,-.721,.156,.412,.193,-.891,.612,.665,.427);es="Linear";ed="In";};};{tm=2.417;["000-offset.002"]={cf=cfr(0,0,0,.656,-.738,.157,.42,.184,-.889,.627,.649,.431);es="Linear";ed="In";};};{tm=2.458;["000-offset.002"]={cf=cfr(0,0,0,.637,-.754,.157,.426,.175,-.887,.642,.633,.433);es="Linear";ed="In";};};{tm=2.5;["000-offset.002"]={cf=cfr(0,0,0,.619,-.769,.158,.432,.166,-.886,.656,.617,.435);es="Linear";ed="In";};};{tm=2.542;["000-offset.002"]={cf=cfr(0,0,0,.602,-.783,.158,.437,.157,-.886,.668,.602,.437);es="Linear";ed="In";};};{tm=2.583;["000-offset.002"]={cf=cfr(0,0,0,.585,-.795,.159,.441,.148,-.885,.68,.588,.437);es="Linear";ed="In";};};{tm=2.625;["000-offset.002"]={cf=cfr(0,0,0,.57,-.806,.16,.444,.138,-.885,.691,.575,.437);es="Linear";ed="In";};};{tm=2.667;["000-offset.002"]={cf=cfr(0,0,0,.555,-.816,.161,.447,.129,-.885,.702,.563,.436);es="Linear";ed="In";};};{tm=2.708;["000-offset.002"]={cf=cfr(0,0,0,.541,-.825,.163,.449,.12,-.885,.711,.553,.435);es="Linear";ed="In";};};{tm=2.75;["000-offset.002"]={cf=cfr(0,0,0,.529,-.832,.165,.451,.111,-.886,.719,.543,.434);es="Linear";ed="In";};};{tm=2.792;["000-offset.002"]={cf=cfr(0,0,0,.519,-.838,.168,.452,.102,-.886,.726,.536,.431);es="Linear";ed="In";};};{tm=2.833;["000-offset.002"]={cf=cfr(0,0,0,.512,-.841,.175,.452,.091,-.887,.73,.534,.427);es="Linear";ed="In";};};{tm=2.875;["000-offset.002"]={cf=cfr(0,0,0,.508,-.841,.184,.453,.08,-.888,.733,.535,.421);es="Linear";ed="In";};};{tm=2.917;["000-offset.002"]={cf=cfr(0,0,0,.507,-.839,.195,.453,.068,-.889,.733,.539,.415);es="Linear";ed="In";};};{tm=2.958;["000-offset.002"]={cf=cfr(0,0,0,.507,-.836,.207,.453,.054,-.89,.733,.545,.406);es="Linear";ed="In";};};{tm=3;["000-offset.002"]={cf=cfr(0,0,0,.51,-.831,.221,.453,.041,-.891,.731,.554,.397);es="Linear";ed="In";};};{tm=3.042;["000-offset.002"]={cf=cfr(0,0,0,.515,-.824,.235,.452,.028,-.891,.728,.565,.388);es="Linear";ed="In";};};{tm=3.083;["000-offset.002"]={cf=cfr(0,0,0,.521,-.816,.249,.452,.016,-.892,.724,.577,.377);es="Linear";ed="In";};};{tm=3.125;["000-offset.002"]={cf=cfr(0,0,0,.529,-.807,.263,.451,.004,-.893,.719,.591,.366);es="Linear";ed="In";};};{tm=3.167;["000-offset.002"]={cf=cfr(0,0,0,.537,-.797,.277,.449,-.007,-.893,.714,.604,.354);es="Linear";ed="In";};};{tm=3.208;["000-offset.002"]={cf=cfr(0,0,0,.547,-.786,.289,.448,-.017,-.894,.707,.618,.343);es="Linear";ed="In";};};{tm=3.25;["000-offset.002"]={cf=cfr(0,0,0,.557,-.775,.299,.446,-.025,-.895,.701,.632,.331);es="Linear";ed="In";};};{tm=3.292;["000-offset.002"]={cf=cfr(0,0,0,.568,-.763,.308,.443,-.032,-.896,.694,.645,.32);es="Linear";ed="In";};};{tm=3.333;["000-offset.002"]={cf=cfr(0,0,0,.579,-.753,.314,.44,-.037,-.897,.687,.657,.31);es="Linear";ed="In";};};{tm=3.375;["000-offset.002"]={cf=cfr(0,0,0,.589,-.743,.318,.437,-.039,-.899,.68,.669,.301);es="Linear";ed="In";};};{tm=3.417;["000-offset.002"]={cf=cfr(0,0,0,.6,-.732,.321,.433,-.04,-.901,.673,.68,.293);es="Linear";ed="In";};};{tm=3.458;["000-offset.002"]={cf=cfr(0,0,0,.613,-.721,.323,.428,-.04,-.903,.664,.691,.284);es="Linear";ed="In";};};{tm=3.5;["000-offset.002"]={cf=cfr(0,0,0,.626,-.709,.324,.422,-.04,-.906,.655,.704,.274);es="Linear";ed="In";};};{tm=3.542;["000-offset.002"]={cf=cfr(0,0,0,.641,-.696,.324,.416,-.04,-.909,.646,.717,.264);es="Linear";ed="In";};};{tm=3.583;["000-offset.002"]={cf=cfr(0,0,0,.656,-.683,.323,.408,-.039,-.912,.635,.73,.253);es="Linear";ed="In";};};{tm=3.625;["000-offset.002"]={cf=cfr(0,0,0,.671,-.668,.322,.4,-.039,-.916,.624,.743,.241);es="Linear";ed="In";};};{tm=3.667;["000-offset.002"]={cf=cfr(0,0,0,.687,-.653,.319,.391,-.038,-.92,.612,.757,.229);es="Linear";ed="In";};};{tm=3.708;["000-offset.002"]={cf=cfr(0,0,0,.703,-.637,.316,.381,-.038,-.924,.6,.77,.216);es="Linear";ed="In";};};{tm=3.75;["000-offset.002"]={cf=cfr(0,0,0,.72,-.62,.312,.37,-.037,-.928,.587,.784,.203);es="Linear";ed="In";};};{tm=3.792;["000-offset.002"]={cf=cfr(0,0,0,.736,-.603,.307,.358,-.037,-.933,.574,.797,.189);es="Linear";ed="In";};};{tm=3.833;["000-offset.002"]={cf=cfr(0,0,0,.752,-.586,.301,.346,-.038,-.938,.561,.809,.174);es="Linear";ed="In";};};{tm=3.875;["000-offset.002"]={cf=cfr(0,0,0,.768,-.568,.294,.332,-.039,-.942,.547,.822,.159);es="Linear";ed="In";};};{tm=3.917;["000-offset.002"]={cf=cfr(0,0,0,.784,-.551,.287,.319,-.04,-.947,.533,.833,.144);es="Linear";ed="In";};};{tm=3.958;["000-offset.002"]={cf=cfr(0,0,0,.799,-.534,.279,.304,-.042,-.952,.52,.845,.129);es="Linear";ed="In";};};{tm=4;["000-offset.002"]={cf=cfr(0,0,0,.813,-.516,.27,.289,-.044,-.956,.506,.855,.114);es="Linear";ed="In";};};{tm=4.042;["000-offset.002"]={cf=cfr(0,0,0,.826,-.5,.26,.274,-.047,-.961,.492,.865,.098);es="Linear";ed="In";};};{tm=4.083;["000-offset.002"]={cf=cfr(0,0,0,.839,-.483,.25,.259,-.05,-.965,.479,.874,.083);es="Linear";ed="In";};};{tm=4.125;["000-offset.002"]={cf=cfr(0,0,0,.851,-.468,.24,.244,-.054,-.968,.466,.882,.068);es="Linear";ed="In";};};{tm=4.167;["000-offset.002"]={cf=cfr(0,0,0,.862,-.453,.23,.229,-.058,-.972,.453,.89,.054);es="Linear";ed="In";};};{tm=4.208;["000-offset.002"]={cf=cfr(0,0,0,.871,-.438,.22,.215,-.062,-.975,.441,.897,.04);es="Linear";ed="In";};};{tm=4.25;["000-offset.002"]={cf=cfr(0,0,0,.88,-.425,.21,.201,-.066,-.977,.43,.903,.027);es="Linear";ed="In";};};{tm=4.292;["000-offset.002"]={cf=cfr(0,0,0,.888,-.413,.2,.188,-.071,-.98,.419,.908,.015);es="Linear";ed="In";};};{tm=4.333;["000-offset.002"]={cf=cfr(0,0,0,.895,-.402,.191,.175,-.075,-.982,.409,.912,.003);es="Linear";ed="In";};};{tm=4.375;["000-offset.002"]={cf=cfr(0,0,0,.902,-.393,.182,.164,-.079,-.983,.4,.916,-.007);es="Linear";ed="In";};};{tm=4.417;["000-offset.002"]={cf=cfr(0,0,0,.907,-.384,.174,.154,-.082,-.985,.393,.92,-.016);es="Linear";ed="In";};};{tm=4.458;["000-offset.002"]={cf=cfr(0,0,0,.911,-.377,.168,.146,-.086,-.986,.386,.922,-.023);es="Linear";ed="In";};};{tm=4.5;["000-offset.002"]={cf=cfr(0,0,0,.914,-.372,.162,.139,-.088,-.986,.381,.924,-.029);es="Linear";ed="In";};};{tm=4.542;["000-offset.002"]={cf=cfr(0,0,0,.916,-.367,.158,.134,-.09,-.987,.377,.926,-.034);es="Linear";ed="In";};};{tm=4.583;["000-offset.002"]={cf=cfr(0,0,0,.918,-.365,.155,.131,-.091,-.987,.375,.927,-.035);es="Linear";ed="In";};};{tm=4.625;["RootNode"]={cf=cfr(0,0,0,-1,0,0,0,1,0,0,0,-1);es="Linear";ed="In";};["root"]={cf=cfr(.056,2.665,1.41,0,.02,1,0,1,-.02,-1,0,0);es="Linear";ed="In";};["000-offset"]={cf=cfr(0,0,0,-.079,.972,.221,-.985,-.041,-.169,-.155,-.231,.96);es="Linear";ed="In";};["004-offset.001"]={cf=cfr(0,0,0,-.015,-1,0,1,-.015,0,0,0,1);es="Linear";ed="In";};["006-offset"]={cf=cfr(0,0,0,-.015,-1,0,1,-.015,0,0,0,1);es="Linear";ed="In";};["000-offset.009"]={cf=cfr(0,0,0,-.967,-.092,-.237,.091,-.996,.016,-.237,-.006,.971);es="Linear";ed="In";};["000-offset.012"]={cf=cfr(0,0,0,-.821,-.268,-.505,.412,-.89,-.197,-.397,-.369,.84);es="Linear";ed="In";};["000-offset.001"]={cf=cfr(0,0,0,.926,-.368,-.082,.377,.892,.252,-.02,-.264,.964);es="Linear";ed="In";};["000-offset.010"]={cf=cfr(0,0,0,.219,.976,0,-.976,.219,0,0,0,1);es="Linear";ed="In";};["000-offset.013"]={cf=cfr(0,0,0,.369,.93,0,-.93,.369,0,0,0,1);es="Linear";ed="In";};["004-offset"]={cf=cfr(0,0,0,.035,-.999,0,.999,.035,0,0,0,1);es="Linear";ed="In";};["002-offset"]={cf=cfr(0,0,0,.035,-.999,0,.999,.035,0,0,0,1);es="Linear";ed="In";};["000-offset.002"]={cf=cfr(0,0,0,.918,-.364,.155,.13,-.092,-.987,.374,.927,-.037);es="Linear";ed="In";};["000-offset.011"]={cf=cfr(0,0,0,.634,-.647,.423,.763,.614,-.203,-.128,.451,.883);es="Linear";ed="In";};["000-offset.014"]={cf=cfr(0,0,0,.473,-.826,-.306,.881,.448,.153,.011,-.342,.94);es="Linear";ed="In";};["000-offset.006"]={cf=cfr(0,0,0,-.963,.067,-.261,-.248,-.599,.762,-.105,.798,.593);es="Linear";ed="In";};["000-offset.003"]={cf=cfr(0,0,0,-.939,-.18,-.293,.342,-.402,-.849,.035,-.897,.44);es="Linear";ed="In";};["000-offset.007"]={cf=cfr(0,0,0,.802,-.597,0,.597,.802,0,0,0,1);es="Linear";ed="In";};["000-offset.004"]={cf=cfr(0,0,0,.629,-.777,0,.777,.629,0,0,0,1);es="Linear";ed="In";};["000-offset.008"]={cf=cfr(0,0,0,.911,.125,.392,-.365,.684,.632,-.189,-.719,.669);es="Linear";ed="In";};["000-offset.005"]={cf=cfr(0,0,0,.925,-.375,-.063,.105,.412,-.905,.365,.831,.42);es="Linear";ed="In";};};}