local cfr = CFrame.new

return {{tm=0;["Head"]={cf=cfr(0,0,0,1,.004,.007,-.005,.996,.087,-.007,-.087,.996);es="Quad";ed="InOut";};["LeftUpperArm"]={cf=cfr(0,-.079,-.169,.74,.038,-.671,-.663,-.124,-.738,-.111,.992,-.066);es="Sine";ed="InOut";};["RightUpperArm"]={cf=cfr(0,-.079,-.169,.74,-.038,.671,.663,-.124,-.738,.111,.992,-.066);es="Sine";ed="InOut";};["RightUpperLeg"]={cf=cfr(0,0,0,.996,-.086,.015,.087,.981,-.173,0,.174,.985);es="Quad";ed="InOut";};["LeftUpperLeg"]={cf=cfr(0,0,0,.996,.086,-.015,-.086,.996,.001,.015,.001,1);es="Quad";ed="InOut";};["UpperTorso"]={cf=cfr(0,0,0,1,0,0,0,.985,-.174,0,.174,.985);es="Sine";ed="InOut";};["LeftLowerArm"]={cf=cfr(0,0,0,1,0,0,0,.966,-.259,0,.259,.966);es="Sine";ed="InOut";};["LeftFoot"]={cf=cfr(0,0,0,1,0,0,0,1,0,0,0,1);es="Quad";ed="InOut";};["LeftLowerLeg"]={cf=cfr(0,0,0,1,0,0,0,.174,.985,0,-.985,.174);es="Quad";ed="InOut";};["RightHand"]={cf=cfr(.001,0,0,1,0,0,0,1,0,0,0,1);es="Sine";ed="InOut";};["LeftHand"]={cf=cfr(0,0,0,1,0,0,0,1,0,0,0,1);es="Sine";ed="InOut";};["RightFoot"]={cf=cfr(0,0,0,1,0,0,0,1,0,0,0,1);es="Quad";ed="InOut";};["RightLowerLeg"]={cf=cfr(0,0,0,1,0,0,0,.94,.342,0,-.342,.94);es="Quad";ed="InOut";};["LowerTorso"]={cf=cfr(0,-6.35,1.294,1,0,0,0,.966,-.259,0,.259,.966);es="Sine";ed="InOut";};["RightLowerArm"]={cf=cfr(.001,0,0,1,0,0,0,.966,-.259,0,.259,.966);es="Sine";ed="InOut";};};{tm=.017;["RightUpperArm"]={cf=cfr(0,-.079,-.17,.74,-.038,.671,.663,-.124,-.738,.111,.992,-.066);es="Linear";ed="In";};["LeftUpperArm"]={cf=cfr(0,-.079,-.17,.74,.038,-.671,-.663,-.124,-.738,-.111,.992,-.066);es="Linear";ed="In";};["Head"]={cf=cfr(0,0,0,1,.004,.006,-.005,.996,.087,-.006,-.087,.996);es="Linear";ed="In";};["UpperTorso"]={cf=cfr(0,0,0,1,0,0,0,.985,-.174,0,.174,.985);es="Linear";ed="In";};["LeftUpperLeg"]={cf=cfr(0,0,0,.996,.086,-.015,-.086,.996,0,.015,.001,1);es="Linear";ed="In";};["RightUpperLeg"]={cf=cfr(0,0,0,.996,-.086,.015,.087,.981,-.173,0,.173,.985);es="Linear";ed="In";};["LeftLowerArm"]={cf=cfr(0,0,0,1,0,0,0,.966,-.259,0,.259,.966);es="Linear";ed="In";};["LeftFoot"]={cf=cfr(0,0,0,1,0,0,0,1,0,0,0,1);es="Linear";ed="In";};["LeftLowerLeg"]={cf=cfr(0,0,0,1,0,0,0,.176,.984,0,-.984,.176);es="Linear";ed="In";};["RightHand"]={cf=cfr(.001,0,0,1,0,0,0,1,0,0,0,1);es="Linear";ed="In";};["LeftHand"]={cf=cfr(0,0,0,1,0,0,0,1,0,0,0,1);es="Linear";ed="In";};["RightFoot"]={cf=cfr(0,0,0,1,0,0,0,1,0,0,0,1);es="Linear";ed="In";};["RightLowerLeg"]={cf=cfr(0,.001,0,1,0,0,0,.939,.344,0,-.344,.939);es="Linear";ed="In";};["LowerTorso"]={cf=cfr(0,-6.35,1.295,1,0,0,0,.966,-.259,0,.259,.966);es="Linear";ed="In";};["RightLowerArm"]={cf=cfr(.001,0,0,1,0,0,0,.966,-.259,0,.259,.966);es="Linear";ed="In";};};{tm=.033;["RightUpperArm"]={cf=cfr(0,-.079,-.17,.74,-.038,.671,.663,-.124,-.738,.112,.992,-.067);es="Linear";ed="In";};["LeftUpperArm"]={cf=cfr(0,-.079,-.17,.74,.038,-.671,-.663,-.124,-.738,-.112,.992,-.067);es="Linear";ed="In";};["Head"]={cf=cfr(0,0,0,1,.004,.004,-.004,.996,.087,-.004,-.087,.996);es="Linear";ed="In";};["UpperTorso"]={cf=cfr(0,0,0,1,0,0,0,.985,-.174,0,.174,.985);es="Linear";ed="In";};["LeftUpperLeg"]={cf=cfr(0,0,0,.996,.086,-.015,-.086,.996,-.001,.015,.002,1);es="Linear";ed="In";};["RightUpperLeg"]={cf=cfr(0,0,0,.996,-.086,.015,.087,.981,-.171,0,.172,.985);es="Linear";ed="In";};["LeftLowerArm"]={cf=cfr(0,0,0,1,0,0,0,.966,-.259,0,.259,.966);es="Linear";ed="In";};["LeftFoot"]={cf=cfr(0,0,0,1,0,0,0,1,0,0,0,1);es="Linear";ed="In";};["LeftLowerLeg"]={cf=cfr(0,.001,-.002,1,0,0,0,.183,.983,0,-.983,.183);es="Linear";ed="In";};["RightHand"]={cf=cfr(.001,0,0,1,0,0,0,1,0,0,0,1);es="Linear";ed="In";};["LeftHand"]={cf=cfr(0,0,0,1,0,0,0,1,0,0,0,1);es="Linear";ed="In";};["RightFoot"]={cf=cfr(0,0,0,1,0,0,0,1,0,0,0,1);es="Linear";ed="In";};["RightLowerLeg"]={cf=cfr(0,.002,-.002,1,0,0,0,.936,.351,0,-.351,.936);es="Linear";ed="In";};["LowerTorso"]={cf=cfr(0,-6.351,1.295,1,0,0,0,.966,-.258,0,.258,.966);es="Linear";ed="In";};["RightLowerArm"]={cf=cfr(.001,0,0,1,0,0,0,.966,-.259,0,.259,.966);es="Linear";ed="In";};};{tm=.05;["RightUpperArm"]={cf=cfr(0,-.078,-.17,.74,-.038,.671,.663,-.125,-.738,.112,.991,-.067);es="Linear";ed="In";};["LeftUpperArm"]={cf=cfr(0,-.078,-.17,.74,.038,-.671,-.663,-.125,-.738,-.112,.991,-.067);es="Linear";ed="In";};["Head"]={cf=cfr(0,0,0,1,.004,.001,-.004,.996,.087,-.001,-.087,.996);es="Linear";ed="In";};["UpperTorso"]={cf=cfr(0,0,0,1,0,0,0,.985,-.174,0,.174,.985);es="Linear";ed="In";};["LeftUpperLeg"]={cf=cfr(0,0,0,.996,.086,-.015,-.086,.996,-.003,.015,.004,1);es="Linear";ed="In";};["RightUpperLeg"]={cf=cfr(0,0,0,.996,-.086,.015,.087,.982,-.169,0,.17,.985);es="Linear";ed="In";};["LeftLowerArm"]={cf=cfr(0,0,0,1,0,0,0,.966,-.259,0,.259,.966);es="Linear";ed="In";};["LeftFoot"]={cf=cfr(0,0,0,1,0,0,0,1,0,0,0,1);es="Linear";ed="In";};["LeftLowerLeg"]={cf=cfr(0,.003,-.004,1,0,0,0,.196,.981,0,-.981,.196);es="Linear";ed="In";};["RightHand"]={cf=cfr(.001,0,0,1,0,0,0,1,0,0,0,1);es="Linear";ed="In";};["LeftHand"]={cf=cfr(0,0,0,1,0,0,0,1,0,0,0,1);es="Linear";ed="In";};["RightFoot"]={cf=cfr(0,0,0,1,0,0,0,1,0,0,0,1);es="Linear";ed="In";};["RightLowerLeg"]={cf=cfr(0,.004,-.003,1,0,0,0,.932,.363,0,-.363,.932);es="Linear";ed="In";};["LowerTorso"]={cf=cfr(0,-6.352,1.295,1,0,0,0,.966,-.258,0,.258,.966);es="Linear";ed="In";};["RightLowerArm"]={cf=cfr(.001,0,0,1,0,0,0,.966,-.259,0,.259,.966);es="Linear";ed="In";};};{tm=.067;["RightUpperArm"]={cf=cfr(0,-.077,-.17,.74,-.038,.671,.663,-.126,-.738,.113,.991,-.068);es="Linear";ed="In";};["LeftUpperArm"]={cf=cfr(0,-.077,-.17,.74,.038,-.671,-.663,-.126,-.738,-.113,.991,-.068);es="Linear";ed="In";};["Head"]={cf=cfr(0,0,0,1,.004,-.004,-.004,.996,.087,.004,-.087,.996);es="Linear";ed="In";};["UpperTorso"]={cf=cfr(0,0,0,1,0,0,0,.985,-.174,0,.174,.985);es="Linear";ed="In";};["LeftUpperLeg"]={cf=cfr(0,0,0,.996,.086,-.015,-.086,.996,-.006,.015,.007,1);es="Linear";ed="In";};["RightUpperLeg"]={cf=cfr(0,0,0,.996,-.086,.015,.087,.982,-.166,-.001,.167,.986);es="Linear";ed="In";};["LeftLowerArm"]={cf=cfr(0,0,0,1,0,0,0,.966,-.259,0,.259,.966);es="Linear";ed="In";};["LeftFoot"]={cf=cfr(0,0,0,1,0,0,0,1,0,0,0,1);es="Linear";ed="In";};["LeftLowerLeg"]={cf=cfr(0,.005,-.008,1,0,0,0,.213,.977,0,-.977,.213);es="Linear";ed="In";};["RightHand"]={cf=cfr(.001,0,0,1,0,0,0,1,0,0,0,1);es="Linear";ed="In";};["LeftHand"]={cf=cfr(0,0,0,1,0,0,0,1,0,0,0,1);es="Linear";ed="In";};["RightFoot"]={cf=cfr(0,0,0,1,0,0,0,1,0,0,0,1);es="Linear";ed="In";};["RightLowerLeg"]={cf=cfr(0,.007,-.006,1,0,0,0,.925,.379,0,-.379,.925);es="Linear";ed="In";};["LowerTorso"]={cf=cfr(0,-6.354,1.296,1,0,0,0,.966,-.257,0,.257,.966);es="Linear";ed="In";};["RightLowerArm"]={cf=cfr(.001,0,0,1,0,0,0,.966,-.259,0,.259,.966);es="Linear";ed="In";};};{tm=.083;["RightUpperArm"]={cf=cfr(0,-.076,-.17,.74,-.038,.671,.663,-.128,-.738,.114,.991,-.069);es="Linear";ed="In";};["LeftUpperArm"]={cf=cfr(0,-.076,-.17,.74,.038,-.671,-.663,-.128,-.738,-.114,.991,-.069);es="Linear";ed="In";};["Head"]={cf=cfr(0,0,0,1,.004,-.01,-.003,.996,.087,.01,-.087,.996);es="Linear";ed="In";};["UpperTorso"]={cf=cfr(0,0,0,1,0,0,0,.985,-.174,0,.174,.985);es="Linear";ed="In";};["LeftUpperLeg"]={cf=cfr(0,0,0,.996,.086,-.015,-.086,.996,-.01,.014,.011,1);es="Linear";ed="In";};["RightUpperLeg"]={cf=cfr(0,0,0,.996,-.086,.015,.087,.983,-.163,-.001,.163,.987);es="Linear";ed="In";};["LeftLowerArm"]={cf=cfr(0,0,0,1,0,0,0,.966,-.259,0,.259,.966);es="Linear";ed="In";};["LeftFoot"]={cf=cfr(0,0,0,1,0,0,0,1,0,0,0,1);es="Linear";ed="In";};["LeftLowerLeg"]={cf=cfr(0,.007,-.012,1,0,0,0,.235,.972,0,-.972,.235);es="Linear";ed="In";};["RightHand"]={cf=cfr(.001,0,0,1,0,0,0,1,0,0,0,1);es="Linear";ed="In";};["LeftHand"]={cf=cfr(0,0,0,1,0,0,0,1,0,0,0,1);es="Linear";ed="In";};["RightFoot"]={cf=cfr(0,0,0,1,0,0,0,1,0,0,0,1);es="Linear";ed="In";};["RightLowerLeg"]={cf=cfr(0,.01,-.009,1,0,0,0,.917,.4,0,-.4,.917);es="Linear";ed="In";};["LowerTorso"]={cf=cfr(0,-6.357,1.296,1,0,0,0,.967,-.256,0,.256,.967);es="Linear";ed="In";};["RightLowerArm"]={cf=cfr(.001,0,0,1,0,0,0,.966,-.259,0,.259,.966);es="Linear";ed="In";};};{tm=.1;["RightUpperArm"]={cf=cfr(0,-.075,-.171,.74,-.038,.671,.662,-.13,-.738,.115,.991,-.071);es="Linear";ed="In";};["LeftUpperArm"]={cf=cfr(0,-.075,-.171,.74,.038,-.671,-.662,-.13,-.738,-.115,.991,-.071);es="Linear";ed="In";};["Head"]={cf=cfr(0,0,0,1,.004,-.017,-.003,.996,.087,.017,-.087,.996);es="Linear";ed="In";};["UpperTorso"]={cf=cfr(0,0,0,1,0,0,0,.985,-.174,0,.174,.985);es="Linear";ed="In";};["LeftUpperLeg"]={cf=cfr(0,.001,0,.996,.086,-.015,-.086,.996,-.014,.014,.016,1);es="Linear";ed="In";};["RightUpperLeg"]={cf=cfr(0,.001,0,.996,-.086,.015,.087,.984,-.158,-.001,.159,.987);es="Linear";ed="In";};["LeftLowerArm"]={cf=cfr(0,0,0,1,0,0,0,.966,-.259,0,.259,.966);es="Linear";ed="In";};["LeftFoot"]={cf=cfr(0,0,0,1,0,0,0,1,0,0,0,1);es="Linear";ed="In";};["LeftLowerLeg"]={cf=cfr(0,.01,-.016,1,0,0,0,.261,.965,0,-.965,.261);es="Linear";ed="In";};["RightHand"]={cf=cfr(.001,0,0,1,0,0,0,1,0,0,0,1);es="Linear";ed="In";};["LeftHand"]={cf=cfr(0,0,0,1,0,0,0,1,0,0,0,1);es="Linear";ed="In";};["RightFoot"]={cf=cfr(0,0,0,1,0,0,0,1,0,0,0,1);es="Linear";ed="In";};["RightLowerLeg"]={cf=cfr(0,.014,-.013,1,0,0,0,.905,.425,0,-.425,.905);es="Linear";ed="In";};["LowerTorso"]={cf=cfr(0,-6.36,1.297,1,0,0,0,.967,-.255,0,.255,.967);es="Linear";ed="In";};["RightLowerArm"]={cf=cfr(.001,0,0,1,0,0,0,.966,-.259,0,.259,.966);es="Linear";ed="In";};};{tm=.117;["RightUpperArm"]={cf=cfr(0,-.073,-.171,.74,-.038,.671,.662,-.132,-.738,.117,.991,-.072);es="Linear";ed="In";};["LeftUpperArm"]={cf=cfr(0,-.073,-.171,.74,.038,-.671,-.662,-.132,-.738,-.117,.991,-.072);es="Linear";ed="In";};["Head"]={cf=cfr(0,0,0,1,.004,-.025,-.002,.996,.087,.026,-.087,.996);es="Linear";ed="In";};["UpperTorso"]={cf=cfr(0,0,0,1,0,0,0,.985,-.174,0,.174,.985);es="Linear";ed="In";};["LeftUpperLeg"]={cf=cfr(0,.001,0,.996,.086,-.015,-.086,.996,-.02,.013,.021,1);es="Linear";ed="In";};["RightUpperLeg"]={cf=cfr(0,.001,0,.996,-.086,.015,.087,.984,-.153,-.002,.154,.988);es="Linear";ed="In";};["LeftLowerArm"]={cf=cfr(0,0,0,1,0,0,0,.966,-.259,0,.259,.966);es="Linear";ed="In";};["LeftFoot"]={cf=cfr(0,0,0,1,0,0,0,1,0,0,0,1);es="Linear";ed="In";};["LeftLowerLeg"]={cf=cfr(0,.013,-.021,1,0,0,0,.292,.956,0,-.956,.292);es="Linear";ed="In";};["RightHand"]={cf=cfr(.001,0,0,1,0,0,0,1,0,0,0,1);es="Linear";ed="In";};["LeftHand"]={cf=cfr(0,0,0,1,0,0,0,1,0,0,0,1);es="Linear";ed="In";};["RightFoot"]={cf=cfr(0,0,0,1,0,0,0,1,0,0,0,1);es="Linear";ed="In";};["RightLowerLeg"]={cf=cfr(0,.019,-.017,1,0,0,0,.891,.454,0,-.454,.891);es="Linear";ed="In";};["LowerTorso"]={cf=cfr(0,-6.363,1.298,1,0,0,0,.967,-.253,0,.253,.967);es="Linear";ed="In";};["RightLowerArm"]={cf=cfr(.001,0,0,1,0,0,0,.966,-.259,0,.259,.966);es="Linear";ed="In";};};{tm=.133;["RightUpperArm"]={cf=cfr(0,-.071,-.171,.74,-.038,.671,.662,-.134,-.738,.118,.99,-.074);es="Linear";ed="In";};["LeftUpperArm"]={cf=cfr(0,-.071,-.171,.74,.038,-.671,-.662,-.134,-.738,-.118,.99,-.074);es="Linear";ed="In";};["Head"]={cf=cfr(0,0,0,.999,.004,-.035,-.001,.996,.087,.036,-.087,.996);es="Linear";ed="In";};["UpperTorso"]={cf=cfr(0,0,0,1,0,0,0,.985,-.174,0,.174,.985);es="Linear";ed="In";};["LeftUpperLeg"]={cf=cfr(0,.001,0,.996,.086,-.015,-.086,.996,-.026,.013,.027,1);es="Linear";ed="In";};["RightUpperLeg"]={cf=cfr(0,.001,0,.996,-.086,.015,.087,.985,-.147,-.002,.148,.989);es="Linear";ed="In";};["LeftLowerArm"]={cf=cfr(0,0,0,1,0,0,0,.966,-.259,0,.259,.966);es="Linear";ed="In";};["LeftFoot"]={cf=cfr(0,0,0,1,0,0,0,1,0,0,0,1);es="Linear";ed="In";};["LeftLowerLeg"]={cf=cfr(0,.017,-.026,1,0,0,0,.328,.945,0,-.945,.328);es="Linear";ed="In";};["RightHand"]={cf=cfr(.001,0,0,1,0,0,0,1,0,0,0,1);es="Linear";ed="In";};["LeftHand"]={cf=cfr(0,0,0,1,0,0,0,1,0,0,0,1);es="Linear";ed="In";};["RightFoot"]={cf=cfr(0,0,0,1,0,0,0,1,0,0,0,1);es="Linear";ed="In";};["RightLowerLeg"]={cf=cfr(0,.023,-.021,1,0,0,0,.874,.487,0,-.487,.874);es="Linear";ed="In";};["LowerTorso"]={cf=cfr(0,-6.367,1.299,1,0,0,0,.968,-.252,0,.252,.968);es="Linear";ed="In";};["RightLowerArm"]={cf=cfr(.001,0,0,1,0,0,0,.966,-.259,0,.259,.966);es="Linear";ed="In";};};{tm=.15;["RightUpperArm"]={cf=cfr(0,-.069,-.172,.74,-.038,.671,.661,-.137,-.737,.12,.99,-.076);es="Linear";ed="In";};["LeftUpperArm"]={cf=cfr(0,-.069,-.172,.74,.038,-.671,-.661,-.137,-.737,-.12,.99,-.076);es="Linear";ed="In";};["Head"]={cf=cfr(0,0,0,.999,.004,-.047,0,.996,.087,.047,-.087,.995);es="Linear";ed="In";};["UpperTorso"]={cf=cfr(0,0,0,1,0,0,0,.985,-.175,0,.175,.985);es="Linear";ed="In";};["LeftUpperLeg"]={cf=cfr(0,.001,0,.996,.086,-.015,-.086,.996,-.033,.012,.034,.999);es="Linear";ed="In";};["RightUpperLeg"]={cf=cfr(0,.001,0,.996,-.086,.015,.087,.986,-.14,-.003,.141,.99);es="Linear";ed="In";};["LeftLowerArm"]={cf=cfr(0,0,0,1,0,0,0,.966,-.259,0,.259,.966);es="Linear";ed="In";};["LeftFoot"]={cf=cfr(0,0,0,1,0,0,0,1,0,0,0,1);es="Linear";ed="In";};["LeftLowerLeg"]={cf=cfr(0,.021,-.031,1,0,0,0,.367,.93,0,-.93,.367);es="Linear";ed="In";};["RightHand"]={cf=cfr(.001,0,0,1,0,0,0,1,0,0,0,1);es="Linear";ed="In";};["LeftHand"]={cf=cfr(0,0,0,1,0,0,0,1,0,0,0,1);es="Linear";ed="In";};["RightFoot"]={cf=cfr(0,0,0,1,0,0,0,1,0,0,0,1);es="Linear";ed="In";};["RightLowerLeg"]={cf=cfr(0,.027,-.026,1,0,0,0,.852,.523,0,-.523,.852);es="Linear";ed="In";};["LowerTorso"]={cf=cfr(0,-6.372,1.3,1,0,0,0,.968,-.25,0,.25,.968);es="Linear";ed="In";};["RightLowerArm"]={cf=cfr(.001,0,0,1,0,0,0,.966,-.259,0,.259,.966);es="Linear";ed="In";};};{tm=.167;["RightUpperArm"]={cf=cfr(0,-.067,-.173,.74,-.038,.671,.661,-.14,-.737,.122,.989,-.078);es="Linear";ed="In";};["LeftUpperArm"]={cf=cfr(0,-.067,-.173,.74,.038,-.671,-.661,-.14,-.737,-.122,.989,-.078);es="Linear";ed="In";};["Head"]={cf=cfr(0,0,0,.998,.004,-.059,.001,.996,.087,.059,-.087,.994);es="Linear";ed="In";};["UpperTorso"]={cf=cfr(0,0,0,1,0,0,0,.985,-.175,0,.175,.985);es="Linear";ed="In";};["LeftUpperLeg"]={cf=cfr(0,.001,0,.996,.086,-.015,-.086,.995,-.041,.012,.042,.999);es="Linear";ed="In";};["RightUpperLeg"]={cf=cfr(0,.001,0,.996,-.086,.015,.087,.987,-.132,-.004,.133,.991);es="Linear";ed="In";};["LeftLowerArm"]={cf=cfr(0,0,0,1,0,0,0,.966,-.259,0,.259,.966);es="Linear";ed="In";};["LeftFoot"]={cf=cfr(0,0,0,1,0,0,0,1,0,0,0,1);es="Linear";ed="In";};["LeftLowerLeg"]={cf=cfr(0,.025,-.036,1,0,0,0,.411,.912,0,-.912,.411);es="Linear";ed="In";};["RightHand"]={cf=cfr(.001,0,0,1,0,0,0,1,0,0,0,1);es="Linear";ed="In";};["LeftHand"]={cf=cfr(0,0,0,1,0,0,0,1,0,0,0,1);es="Linear";ed="In";};["RightFoot"]={cf=cfr(0,0,0,1,0,0,0,1,0,0,0,1);es="Linear";ed="In";};["RightLowerLeg"]={cf=cfr(0,.032,-.031,1,0,0,0,.826,.563,0,-.563,.826);es="Linear";ed="In";};["LowerTorso"]={cf=cfr(0,-6.377,1.301,1,0,0,0,.969,-.248,0,.248,.969);es="Linear";ed="In";};["RightLowerArm"]={cf=cfr(.001,0,0,1,0,0,0,.966,-.259,0,.259,.966);es="Linear";ed="In";};};{tm=.183;["RightUpperArm"]={cf=cfr(0,-.065,-.173,.74,-.038,.671,.661,-.143,-.737,.124,.989,-.081);es="Linear";ed="In";};["LeftUpperArm"]={cf=cfr(0,-.065,-.173,.74,.038,-.671,-.661,-.143,-.737,-.124,.989,-.081);es="Linear";ed="In";};["Head"]={cf=cfr(0,0,0,.997,.004,-.073,.002,.996,.087,.073,-.087,.994);es="Linear";ed="In";};["UpperTorso"]={cf=cfr(0,0,0,1,0,0,0,.985,-.175,0,.175,.985);es="Linear";ed="In";};["LeftUpperLeg"]={cf=cfr(0,.002,0,.996,.086,-.015,-.086,.995,-.05,.011,.051,.999);es="Linear";ed="In";};["RightUpperLeg"]={cf=cfr(0,.002,0,.996,-.086,.015,.087,.989,-.123,-.004,.124,.992);es="Linear";ed="In";};["LeftLowerArm"]={cf=cfr(0,0,0,1,0,0,0,.966,-.259,0,.259,.966);es="Linear";ed="In";};["LeftFoot"]={cf=cfr(0,0,0,1,0,0,0,1,0,0,0,1);es="Linear";ed="In";};["LeftLowerLeg"]={cf=cfr(0,.029,-.041,1,0,0,0,.458,.889,0,-.889,.458);es="Linear";ed="In";};["RightHand"]={cf=cfr(.001,0,0,1,0,0,0,1,0,0,0,1);es="Linear";ed="In";};["LeftHand"]={cf=cfr(0,0,0,1,0,0,0,1,0,0,0,1);es="Linear";ed="In";};["RightFoot"]={cf=cfr(0,0,0,1,0,0,0,1,0,0,0,1);es="Linear";ed="In";};["RightLowerLeg"]={cf=cfr(0,.035,-.036,1,0,0,0,.796,.606,0,-.606,.796);es="Linear";ed="In";};["LowerTorso"]={cf=cfr(0,-6.382,1.303,1,0,0,0,.969,-.245,0,.245,.969);es="Linear";ed="In";};["RightLowerArm"]={cf=cfr(.001,0,0,1,0,0,0,.966,-.259,0,.259,.966);es="Linear";ed="In";};};{tm=.2;["RightUpperArm"]={cf=cfr(0,-.062,-.174,.74,-.038,.671,.66,-.147,-.737,.127,.988,-.083);es="Linear";ed="In";};["LeftUpperArm"]={cf=cfr(0,-.062,-.174,.74,.038,-.671,-.66,-.147,-.737,-.127,.988,-.083);es="Linear";ed="In";};["Head"]={cf=cfr(0,0,0,.996,.004,-.088,.004,.996,.087,.088,-.087,.992);es="Linear";ed="In";};["UpperTorso"]={cf=cfr(0,0,0,1,0,0,0,.985,-.175,0,.175,.985);es="Linear";ed="In";};["LeftUpperLeg"]={cf=cfr(0,.002,0,.996,.086,-.015,-.087,.994,-.059,.01,.06,.998);es="Linear";ed="In";};["RightUpperLeg"]={cf=cfr(0,.002,0,.996,-.086,.015,.087,.99,-.114,-.005,.115,.993);es="Linear";ed="In";};["LeftLowerArm"]={cf=cfr(0,0,0,1,0,0,0,.966,-.259,0,.259,.966);es="Linear";ed="In";};["LeftFoot"]={cf=cfr(0,0,0,1,0,0,0,1,0,0,0,1);es="Linear";ed="In";};["LeftLowerLeg"]={cf=cfr(0,.033,-.044,1,0,0,0,.508,.861,0,-.861,.508);es="Linear";ed="In";};["RightHand"]={cf=cfr(.001,0,0,1,0,0,0,1,0,0,0,1);es="Linear";ed="In";};["LeftHand"]={cf=cfr(0,0,0,1,0,0,0,1,0,0,0,1);es="Linear";ed="In";};["RightFoot"]={cf=cfr(0,0,0,1,0,0,0,1,0,0,0,1);es="Linear";ed="In";};["RightLowerLeg"]={cf=cfr(0,.038,-.04,1,0,0,0,.76,.65,0,-.65,.76);es="Linear";ed="In";};["LowerTorso"]={cf=cfr(0,-6.388,1.304,1,0,0,0,.97,-.243,0,.243,.97);es="Linear";ed="In";};["RightLowerArm"]={cf=cfr(.001,0,0,1,0,0,0,.966,-.259,0,.259,.966);es="Linear";ed="In";};};{tm=.217;["RightUpperArm"]={cf=cfr(0,-.059,-.175,.74,-.038,.671,.66,-.151,-.736,.129,.988,-.086);es="Linear";ed="In";};["LeftUpperArm"]={cf=cfr(0,-.059,-.175,.74,.038,-.671,-.66,-.151,-.736,-.129,.988,-.086);es="Linear";ed="In";};["Head"]={cf=cfr(0,0,0,.994,.004,-.105,.005,.996,.087,.105,-.087,.991);es="Linear";ed="In";};["UpperTorso"]={cf=cfr(0,0,0,1,0,0,0,.984,-.176,0,.176,.984);es="Linear";ed="In";};["LeftUpperLeg"]={cf=cfr(0,.002,0,.996,.086,-.015,-.087,.994,-.069,.009,.07,.997);es="Linear";ed="In";};["RightUpperLeg"]={cf=cfr(0,.002,0,.996,-.086,.015,.087,.991,-.104,-.006,.104,.995);es="Linear";ed="In";};["LeftLowerArm"]={cf=cfr(0,0,0,1,0,0,0,.966,-.259,0,.259,.966);es="Linear";ed="In";};["LeftFoot"]={cf=cfr(0,0,0,1,0,0,0,1,0,0,0,1);es="Linear";ed="In";};["LeftLowerLeg"]={cf=cfr(0,.036,-.046,1,0,0,0,.561,.828,0,-.828,.561);es="Linear";ed="In";};["RightHand"]={cf=cfr(.001,0,0,1,0,0,0,1,0,0,0,1);es="Linear";ed="In";};["LeftHand"]={cf=cfr(0,0,0,1,0,0,0,1,0,0,0,1);es="Linear";ed="In";};["RightFoot"]={cf=cfr(0,0,0,1,0,0,0,1,0,0,0,1);es="Linear";ed="In";};["RightLowerLeg"]={cf=cfr(0,.039,-.044,1,0,0,0,.718,.696,0,-.696,.718);es="Linear";ed="In";};["LowerTorso"]={cf=cfr(0,-6.395,1.306,1,0,0,0,.971,-.24,0,.24,.971);es="Linear";ed="In";};["RightLowerArm"]={cf=cfr(.001,0,0,1,0,0,0,.966,-.259,0,.259,.966);es="Linear";ed="In";};};{tm=.233;["RightUpperArm"]={cf=cfr(0,-.056,-.175,.74,-.038,.671,.659,-.155,-.736,.132,.987,-.089);es="Linear";ed="In";};["LeftUpperArm"]={cf=cfr(0,-.056,-.175,.74,.038,-.671,-.659,-.155,-.736,-.132,.987,-.089);es="Linear";ed="In";};["Head"]={cf=cfr(0,0,0,.992,.004,-.123,.007,.996,.087,.123,-.087,.989);es="Linear";ed="In";};["UpperTorso"]={cf=cfr(0,0,0,1,0,0,0,.984,-.176,0,.176,.984);es="Linear";ed="In";};["LeftUpperLeg"]={cf=cfr(0,.002,0,.996,.086,-.015,-.087,.993,-.081,.008,.082,.997);es="Linear";ed="In";};["RightUpperLeg"]={cf=cfr(0,.002,0,.996,-.086,.015,.087,.992,-.092,-.007,.093,.996);es="Linear";ed="In";};["LeftLowerArm"]={cf=cfr(0,0,0,1,0,0,0,.966,-.259,0,.259,.966);es="Linear";ed="In";};["LeftFoot"]={cf=cfr(0,0,0,1,0,0,0,1,0,0,0,1);es="Linear";ed="In";};["LeftLowerLeg"]={cf=cfr(0,.038,-.047,1,0,0,0,.615,.788,0,-.788,.615);es="Linear";ed="In";};["RightHand"]={cf=cfr(.001,0,0,1,0,0,0,1,0,0,0,1);es="Linear";ed="In";};["LeftHand"]={cf=cfr(0,0,0,1,0,0,0,1,0,0,0,1);es="Linear";ed="In";};["RightFoot"]={cf=cfr(0,0,0,1,0,0,0,1,0,0,0,1);es="Linear";ed="In";};["RightLowerLeg"]={cf=cfr(0,.04,-.046,1,0,0,0,.67,.743,0,-.743,.67);es="Linear";ed="In";};["LowerTorso"]={cf=cfr(0,-6.401,1.307,1,0,0,0,.971,-.237,0,.237,.971);es="Linear";ed="In";};["RightLowerArm"]={cf=cfr(.001,0,0,1,0,0,0,.966,-.259,0,.259,.966);es="Linear";ed="In";};};{tm=.25;["RightUpperArm"]={cf=cfr(0,-.053,-.176,.74,-.038,.671,.659,-.159,-.735,.135,.987,-.093);es="Linear";ed="In";};["LeftUpperArm"]={cf=cfr(0,-.053,-.176,.74,.038,-.671,-.659,-.159,-.735,-.135,.987,-.093);es="Linear";ed="In";};["Head"]={cf=cfr(0,0,0,.99,.004,-.142,.008,.996,.086,.142,-.087,.986);es="Linear";ed="In";};["UpperTorso"]={cf=cfr(0,0,0,1,0,0,0,.984,-.176,0,.176,.984);es="Linear";ed="In";};["LeftUpperLeg"]={cf=cfr(0,.002,0,.996,.086,-.015,-.087,.992,-.092,.007,.093,.996);es="Linear";ed="In";};["RightUpperLeg"]={cf=cfr(0,.002,0,.996,-.086,.015,.087,.993,-.081,-.008,.082,.997);es="Linear";ed="In";};["LeftLowerArm"]={cf=cfr(0,0,0,1,0,0,0,.966,-.259,0,.259,.966);es="Linear";ed="In";};["LeftFoot"]={cf=cfr(0,0,0,1,0,0,0,1,0,0,0,1);es="Linear";ed="In";};["LeftLowerLeg"]={cf=cfr(0,.04,-.046,1,0,0,0,.67,.743,0,-.743,.67);es="Linear";ed="In";};["RightHand"]={cf=cfr(.001,0,0,1,0,0,0,1,0,0,0,1);es="Linear";ed="In";};["LeftHand"]={cf=cfr(0,0,0,1,0,0,0,1,0,0,0,1);es="Linear";ed="In";};["RightFoot"]={cf=cfr(0,0,0,1,0,0,0,1,0,0,0,1);es="Linear";ed="In";};["RightLowerLeg"]={cf=cfr(0,.039,-.047,1,0,0,0,.615,.788,0,-.788,.615);es="Linear";ed="In";};["LowerTorso"]={cf=cfr(0,-6.409,1.309,1,0,0,0,.972,-.234,0,.234,.972);es="Linear";ed="In";};["RightLowerArm"]={cf=cfr(.001,0,0,1,0,0,0,.966,-.259,0,.259,.966);es="Linear";ed="In";};};{tm=.267;["RightUpperArm"]={cf=cfr(0,-.049,-.177,.74,-.038,.671,.658,-.164,-.735,.138,.986,-.096);es="Linear";ed="In";};["LeftUpperArm"]={cf=cfr(0,-.049,-.177,.74,.038,-.671,-.658,-.164,-.735,-.138,.986,-.096);es="Linear";ed="In";};["Head"]={cf=cfr(0,0,0,.987,.004,-.162,.01,.996,.086,.162,-.087,.983);es="Linear";ed="In";};["UpperTorso"]={cf=cfr(0,0,0,1,0,0,0,.984,-.176,0,.176,.984);es="Linear";ed="In";};["LeftUpperLeg"]={cf=cfr(0,.002,0,.996,.086,-.015,-.087,.991,-.104,.006,.104,.995);es="Linear";ed="In";};["RightUpperLeg"]={cf=cfr(0,.002,0,.996,-.086,.015,.087,.994,-.069,-.009,.07,.997);es="Linear";ed="In";};["LeftLowerArm"]={cf=cfr(0,0,0,1,0,0,0,.966,-.259,0,.259,.966);es="Linear";ed="In";};["LeftFoot"]={cf=cfr(0,0,0,1,0,0,0,1,0,0,0,1);es="Linear";ed="In";};["LeftLowerLeg"]={cf=cfr(0,.039,-.044,1,0,0,0,.718,.696,0,-.696,.718);es="Linear";ed="In";};["RightHand"]={cf=cfr(.001,0,0,1,0,0,0,1,0,0,0,1);es="Linear";ed="In";};["LeftHand"]={cf=cfr(0,0,0,1,0,0,0,1,0,0,0,1);es="Linear";ed="In";};["RightFoot"]={cf=cfr(0,0,0,1,0,0,0,1,0,0,0,1);es="Linear";ed="In";};["RightLowerLeg"]={cf=cfr(0,.036,-.046,1,0,0,0,.561,.828,0,-.828,.561);es="Linear";ed="In";};["LowerTorso"]={cf=cfr(0,-6.416,1.311,1,0,0,0,.973,-.231,0,.231,.973);es="Linear";ed="In";};["RightLowerArm"]={cf=cfr(.001,0,0,1,0,0,0,.966,-.259,0,.259,.966);es="Linear";ed="In";};};{tm=.283;["RightUpperArm"]={cf=cfr(0,-.046,-.178,.74,-.038,.671,.657,-.168,-.735,.141,.985,-.1);es="Linear";ed="In";};["LeftUpperArm"]={cf=cfr(0,-.046,-.178,.74,.038,-.671,-.657,-.168,-.735,-.141,.985,-.1);es="Linear";ed="In";};["Head"]={cf=cfr(0,0,0,.983,.004,-.184,.012,.996,.086,.184,-.087,.979);es="Linear";ed="In";};["UpperTorso"]={cf=cfr(0,0,0,1,0,0,0,.984,-.177,0,.177,.984);es="Linear";ed="In";};["LeftUpperLeg"]={cf=cfr(0,.002,0,.996,.086,-.015,-.087,.99,-.114,.005,.115,.993);es="Linear";ed="In";};["RightUpperLeg"]={cf=cfr(0,.002,0,.996,-.086,.015,.087,.994,-.059,-.01,.06,.998);es="Linear";ed="In";};["LeftLowerArm"]={cf=cfr(0,0,0,1,0,0,0,.966,-.259,0,.259,.966);es="Linear";ed="In";};["LeftFoot"]={cf=cfr(0,0,0,1,0,0,0,1,0,0,0,1);es="Linear";ed="In";};["LeftLowerLeg"]={cf=cfr(0,.038,-.04,1,0,0,0,.76,.65,0,-.65,.76);es="Linear";ed="In";};["RightHand"]={cf=cfr(.001,0,0,1,0,0,0,1,0,0,0,1);es="Linear";ed="In";};["LeftHand"]={cf=cfr(0,0,0,1,0,0,0,1,0,0,0,1);es="Linear";ed="In";};["RightFoot"]={cf=cfr(0,0,0,1,0,0,0,1,0,0,0,1);es="Linear";ed="In";};["RightLowerLeg"]={cf=cfr(0,.033,-.044,1,0,0,0,.508,.861,0,-.861,.508);es="Linear";ed="In";};["LowerTorso"]={cf=cfr(0,-6.424,1.313,1,0,0,0,.974,-.227,0,.227,.974);es="Linear";ed="In";};["RightLowerArm"]={cf=cfr(.001,0,0,1,0,0,0,.966,-.259,0,.259,.966);es="Linear";ed="In";};};{tm=.3;["RightUpperArm"]={cf=cfr(0,-.042,-.179,.74,-.038,.671,.657,-.173,-.734,.144,.984,-.103);es="Linear";ed="In";};["LeftUpperArm"]={cf=cfr(0,-.042,-.179,.74,.038,-.671,-.657,-.173,-.734,-.144,.984,-.103);es="Linear";ed="In";};["Head"]={cf=cfr(0,0,0,.979,.004,-.205,.014,.996,.086,.205,-.087,.975);es="Linear";ed="In";};["UpperTorso"]={cf=cfr(0,0,0,1,0,0,0,.984,-.177,0,.177,.984);es="Linear";ed="In";};["LeftUpperLeg"]={cf=cfr(0,.002,0,.996,.086,-.015,-.087,.989,-.123,.004,.124,.992);es="Linear";ed="In";};["RightUpperLeg"]={cf=cfr(0,.002,0,.996,-.086,.015,.086,.995,-.05,-.011,.051,.999);es="Linear";ed="In";};["LeftLowerArm"]={cf=cfr(0,0,0,1,0,0,0,.966,-.259,0,.259,.966);es="Linear";ed="In";};["LeftFoot"]={cf=cfr(0,0,0,1,0,0,0,1,0,0,0,1);es="Linear";ed="In";};["LeftLowerLeg"]={cf=cfr(0,.035,-.036,1,0,0,0,.796,.606,0,-.606,.796);es="Linear";ed="In";};["RightHand"]={cf=cfr(.001,0,0,1,0,0,0,1,0,0,0,1);es="Linear";ed="In";};["LeftHand"]={cf=cfr(0,0,0,1,0,0,0,1,0,0,0,1);es="Linear";ed="In";};["RightFoot"]={cf=cfr(0,0,0,1,0,0,0,1,0,0,0,1);es="Linear";ed="In";};["RightLowerLeg"]={cf=cfr(0,.029,-.041,1,0,0,0,.458,.889,0,-.889,.458);es="Linear";ed="In";};["LowerTorso"]={cf=cfr(0,-6.433,1.315,1,0,0,0,.975,-.224,0,.224,.975);es="Linear";ed="In";};["RightLowerArm"]={cf=cfr(.001,0,0,1,0,0,0,.966,-.259,0,.259,.966);es="Linear";ed="In";};};{tm=.317;["RightUpperArm"]={cf=cfr(0,-.038,-.18,.74,-.038,.671,.656,-.179,-.733,.148,.983,-.107);es="Linear";ed="In";};["LeftUpperArm"]={cf=cfr(0,-.038,-.18,.74,.038,-.671,-.656,-.179,-.733,-.148,.983,-.107);es="Linear";ed="In";};["Head"]={cf=cfr(0,0,0,.974,.004,-.225,.016,.996,.085,.225,-.087,.97);es="Linear";ed="In";};["UpperTorso"]={cf=cfr(0,0,0,1,0,0,0,.984,-.178,0,.178,.984);es="Linear";ed="In";};["LeftUpperLeg"]={cf=cfr(0,.001,0,.996,.086,-.015,-.087,.987,-.132,.004,.133,.991);es="Linear";ed="In";};["RightUpperLeg"]={cf=cfr(0,.001,0,.996,-.086,.015,.086,.995,-.041,-.012,.042,.999);es="Linear";ed="In";};["LeftLowerArm"]={cf=cfr(0,0,0,1,0,0,0,.966,-.259,0,.259,.966);es="Linear";ed="In";};["LeftFoot"]={cf=cfr(0,0,0,1,0,0,0,1,0,0,0,1);es="Linear";ed="In";};["LeftLowerLeg"]={cf=cfr(0,.031,-.031,1,0,0,0,.826,.563,0,-.563,.826);es="Linear";ed="In";};["RightHand"]={cf=cfr(.001,0,0,1,0,0,0,1,0,0,0,1);es="Linear";ed="In";};["LeftHand"]={cf=cfr(0,0,0,1,0,0,0,1,0,0,0,1);es="Linear";ed="In";};["RightFoot"]={cf=cfr(0,0,0,1,0,0,0,1,0,0,0,1);es="Linear";ed="In";};["RightLowerLeg"]={cf=cfr(0,.025,-.036,1,0,0,0,.411,.912,0,-.912,.411);es="Linear";ed="In";};["LowerTorso"]={cf=cfr(0,-6.441,1.317,1,0,0,0,.975,-.22,0,.22,.975);es="Linear";ed="In";};["RightLowerArm"]={cf=cfr(.001,0,0,1,0,0,0,.966,-.259,0,.259,.966);es="Linear";ed="In";};};{tm=.333;["RightUpperArm"]={cf=cfr(0,-.034,-.181,.74,-.038,.671,.655,-.184,-.733,.151,.982,-.111);es="Linear";ed="In";};["LeftUpperArm"]={cf=cfr(0,-.034,-.181,.74,.038,-.671,-.655,-.184,-.733,-.151,.982,-.111);es="Linear";ed="In";};["Head"]={cf=cfr(0,0,0,.97,.004,-.244,.017,.996,.085,.244,-.087,.966);es="Linear";ed="In";};["UpperTorso"]={cf=cfr(0,0,0,1,0,0,0,.984,-.178,0,.178,.984);es="Linear";ed="In";};["LeftUpperLeg"]={cf=cfr(0,.001,0,.996,.086,-.015,-.087,.986,-.14,.003,.141,.99);es="Linear";ed="In";};["RightUpperLeg"]={cf=cfr(0,.001,0,.996,-.086,.015,.086,.996,-.033,-.012,.034,.999);es="Linear";ed="In";};["LeftLowerArm"]={cf=cfr(0,0,0,1,0,0,0,.966,-.259,0,.259,.966);es="Linear";ed="In";};["LeftFoot"]={cf=cfr(0,0,0,1,0,0,0,1,0,0,0,1);es="Linear";ed="In";};["LeftLowerLeg"]={cf=cfr(0,.027,-.026,1,0,0,0,.852,.523,0,-.523,.852);es="Linear";ed="In";};["RightHand"]={cf=cfr(.001,0,0,1,0,0,0,1,0,0,0,1);es="Linear";ed="In";};["LeftHand"]={cf=cfr(0,0,0,1,0,0,0,1,0,0,0,1);es="Linear";ed="In";};["RightFoot"]={cf=cfr(0,0,0,1,0,0,0,1,0,0,0,1);es="Linear";ed="In";};["RightLowerLeg"]={cf=cfr(0,.021,-.032,1,0,0,0,.367,.93,0,-.93,.367);es="Linear";ed="In";};["LowerTorso"]={cf=cfr(0,-6.45,1.319,1,0,0,0,.976,-.216,0,.216,.976);es="Linear";ed="In";};["RightLowerArm"]={cf=cfr(.001,0,0,1,0,0,0,.966,-.259,0,.259,.966);es="Linear";ed="In";};};{tm=.35;["RightUpperArm"]={cf=cfr(0,-.03,-.182,.74,-.038,.671,.654,-.19,-.732,.155,.981,-.115);es="Linear";ed="In";};["LeftUpperArm"]={cf=cfr(0,-.03,-.182,.74,.038,-.671,-.654,-.19,-.732,-.155,.981,-.115);es="Linear";ed="In";};["Head"]={cf=cfr(0,0,0,.965,.004,-.262,.019,.996,.085,.261,-.087,.961);es="Linear";ed="In";};["UpperTorso"]={cf=cfr(0,0,0,1,0,0,0,.984,-.178,0,.178,.984);es="Linear";ed="In";};["LeftUpperLeg"]={cf=cfr(0,.001,0,.996,.086,-.015,-.087,.985,-.147,.002,.148,.989);es="Linear";ed="In";};["RightUpperLeg"]={cf=cfr(0,.001,0,.996,-.086,.015,.086,.996,-.026,-.013,.027,1);es="Linear";ed="In";};["LeftLowerArm"]={cf=cfr(0,0,0,1,0,0,0,.966,-.259,0,.259,.966);es="Linear";ed="In";};["LeftFoot"]={cf=cfr(0,0,0,1,0,0,0,1,0,0,0,1);es="Linear";ed="In";};["LeftLowerLeg"]={cf=cfr(0,.023,-.021,1,0,0,0,.874,.487,0,-.487,.874);es="Linear";ed="In";};["RightHand"]={cf=cfr(.001,0,0,1,0,0,0,1,0,0,0,1);es="Linear";ed="In";};["LeftHand"]={cf=cfr(0,0,0,1,0,0,0,1,0,0,0,1);es="Linear";ed="In";};["RightFoot"]={cf=cfr(0,0,0,1,0,0,0,1,0,0,0,1);es="Linear";ed="In";};["RightLowerLeg"]={cf=cfr(0,.017,-.026,1,0,0,0,.328,.945,0,-.945,.328);es="Linear";ed="In";};["LowerTorso"]={cf=cfr(0,-6.46,1.322,1,0,0,0,.977,-.213,0,.213,.977);es="Linear";ed="In";};["RightLowerArm"]={cf=cfr(.001,0,0,1,0,0,0,.966,-.259,0,.259,.966);es="Linear";ed="In";};};{tm=.367;["RightUpperArm"]={cf=cfr(0,-.025,-.184,.74,-.038,.671,.653,-.195,-.732,.159,.98,-.12);es="Linear";ed="In";};["LeftUpperArm"]={cf=cfr(0,-.025,-.184,.74,.038,-.671,-.653,-.195,-.732,-.159,.98,-.12);es="Linear";ed="In";};["Head"]={cf=cfr(0,0,0,.961,.004,-.278,.02,.996,.085,.277,-.087,.957);es="Linear";ed="In";};["UpperTorso"]={cf=cfr(0,0,0,1,0,0,0,.984,-.179,0,.179,.984);es="Linear";ed="In";};["LeftUpperLeg"]={cf=cfr(0,.001,0,.996,.086,-.015,-.087,.984,-.153,.002,.154,.988);es="Linear";ed="In";};["RightUpperLeg"]={cf=cfr(0,.001,0,.996,-.086,.015,.086,.996,-.02,-.013,.021,1);es="Linear";ed="In";};["LeftLowerArm"]={cf=cfr(0,0,0,1,0,0,0,.966,-.259,0,.259,.966);es="Linear";ed="In";};["LeftFoot"]={cf=cfr(0,0,0,1,0,0,0,1,0,0,0,1);es="Linear";ed="In";};["LeftLowerLeg"]={cf=cfr(0,.018,-.017,1,0,0,0,.891,.454,0,-.454,.891);es="Linear";ed="In";};["RightHand"]={cf=cfr(.001,0,0,1,0,0,0,1,0,0,0,1);es="Linear";ed="In";};["LeftHand"]={cf=cfr(0,0,0,1,0,0,0,1,0,0,0,1);es="Linear";ed="In";};["RightFoot"]={cf=cfr(0,0,0,1,0,0,0,1,0,0,0,1);es="Linear";ed="In";};["RightLowerLeg"]={cf=cfr(0,.013,-.021,1,0,0,0,.292,.956,0,-.956,.292);es="Linear";ed="In";};["LowerTorso"]={cf=cfr(0,-6.469,1.324,1,0,0,0,.978,-.208,0,.208,.978);es="Linear";ed="In";};["RightLowerArm"]={cf=cfr(.001,0,0,1,0,0,0,.966,-.259,0,.259,.966);es="Linear";ed="In";};};{tm=.383;["RightUpperArm"]={cf=cfr(0,-.021,-.185,.74,-.038,.671,.652,-.201,-.731,.163,.979,-.124);es="Linear";ed="In";};["LeftUpperArm"]={cf=cfr(0,-.021,-.185,.74,.038,-.671,-.652,-.201,-.731,-.163,.979,-.124);es="Linear";ed="In";};["Head"]={cf=cfr(0,0,0,.956,.004,-.292,.021,.996,.084,.291,-.087,.953);es="Linear";ed="In";};["UpperTorso"]={cf=cfr(0,0,0,1,0,0,0,.984,-.179,0,.179,.984);es="Linear";ed="In";};["LeftUpperLeg"]={cf=cfr(0,.001,0,.996,.086,-.015,-.087,.984,-.158,.001,.159,.987);es="Linear";ed="In";};["RightUpperLeg"]={cf=cfr(0,.001,0,.996,-.086,.015,.086,.996,-.014,-.014,.016,1);es="Linear";ed="In";};["LeftLowerArm"]={cf=cfr(0,0,0,1,0,0,0,.966,-.259,0,.259,.966);es="Linear";ed="In";};["LeftFoot"]={cf=cfr(0,0,0,1,0,0,0,1,0,0,0,1);es="Linear";ed="In";};["LeftLowerLeg"]={cf=cfr(0,.014,-.013,1,0,0,0,.905,.425,0,-.425,.905);es="Linear";ed="In";};["RightHand"]={cf=cfr(.001,0,0,1,0,0,0,1,0,0,0,1);es="Linear";ed="In";};["LeftHand"]={cf=cfr(0,0,0,1,0,0,0,1,0,0,0,1);es="Linear";ed="In";};["RightFoot"]={cf=cfr(0,0,0,1,0,0,0,1,0,0,0,1);es="Linear";ed="In";};["RightLowerLeg"]={cf=cfr(0,.01,-.016,1,0,0,0,.261,.965,0,-.965,.261);es="Linear";ed="In";};["LowerTorso"]={cf=cfr(0,-6.479,1.326,1,0,0,0,.979,-.204,0,.204,.979);es="Linear";ed="In";};["RightLowerArm"]={cf=cfr(.001,0,0,1,0,0,0,.966,-.259,0,.259,.966);es="Linear";ed="In";};};{tm=.4;["RightUpperArm"]={cf=cfr(0,-.016,-.186,.74,-.038,.671,.651,-.207,-.73,.167,.978,-.128);es="Linear";ed="In";};["LeftUpperArm"]={cf=cfr(0,-.016,-.186,.74,.038,-.671,-.651,-.207,-.73,-.167,.978,-.128);es="Linear";ed="In";};["Head"]={cf=cfr(0,0,0,.952,.004,-.306,.023,.996,.084,.305,-.087,.948);es="Linear";ed="In";};["UpperTorso"]={cf=cfr(0,0,0,1,0,0,0,.984,-.18,0,.18,.984);es="Linear";ed="In";};["LeftUpperLeg"]={cf=cfr(0,0,0,.996,.086,-.015,-.087,.983,-.163,.001,.163,.987);es="Linear";ed="In";};["RightUpperLeg"]={cf=cfr(0,0,0,.996,-.086,.015,.086,.996,-.01,-.014,.011,1);es="Linear";ed="In";};["LeftLowerArm"]={cf=cfr(0,0,0,1,0,0,0,.966,-.259,0,.259,.966);es="Linear";ed="In";};["LeftFoot"]={cf=cfr(0,0,0,1,0,0,0,1,0,0,0,1);es="Linear";ed="In";};["LeftLowerLeg"]={cf=cfr(0,.01,-.009,1,0,0,0,.917,.4,0,-.4,.917);es="Linear";ed="In";};["RightHand"]={cf=cfr(.001,0,0,1,0,0,0,1,0,0,0,1);es="Linear";ed="In";};["LeftHand"]={cf=cfr(0,0,0,1,0,0,0,1,0,0,0,1);es="Linear";ed="In";};["RightFoot"]={cf=cfr(0,0,0,1,0,0,0,1,0,0,0,1);es="Linear";ed="In";};["RightLowerLeg"]={cf=cfr(0,.007,-.012,1,0,0,0,.235,.972,0,-.972,.235);es="Linear";ed="In";};["LowerTorso"]={cf=cfr(0,-6.489,1.329,1,0,0,0,.98,-.2,0,.2,.98);es="Linear";ed="In";};["RightLowerArm"]={cf=cfr(.001,0,0,1,0,0,0,.966,-.259,0,.259,.966);es="Linear";ed="In";};};{tm=.417;["RightUpperArm"]={cf=cfr(0,-.011,-.188,.74,-.038,.671,.65,-.213,-.729,.171,.976,-.133);es="Linear";ed="In";};["LeftUpperArm"]={cf=cfr(0,-.011,-.188,.74,.038,-.671,-.65,-.213,-.729,-.171,.976,-.133);es="Linear";ed="In";};["Head"]={cf=cfr(0,0,0,.948,.004,-.318,.024,.996,.084,.317,-.087,.945);es="Linear";ed="In";};["UpperTorso"]={cf=cfr(0,0,0,1,0,0,0,.984,-.18,0,.18,.984);es="Linear";ed="In";};["LeftUpperLeg"]={cf=cfr(0,0,0,.996,.086,-.015,-.087,.982,-.166,.001,.167,.986);es="Linear";ed="In";};["RightUpperLeg"]={cf=cfr(0,0,0,.996,-.086,.015,.086,.996,-.006,-.015,.007,1);es="Linear";ed="In";};["LeftLowerArm"]={cf=cfr(0,0,0,1,0,0,0,.966,-.259,0,.259,.966);es="Linear";ed="In";};["LeftFoot"]={cf=cfr(0,0,0,1,0,0,0,1,0,0,0,1);es="Linear";ed="In";};["LeftLowerLeg"]={cf=cfr(0,.007,-.006,1,0,0,0,.925,.379,0,-.379,.925);es="Linear";ed="In";};["RightHand"]={cf=cfr(.001,0,0,1,0,0,0,1,0,0,0,1);es="Linear";ed="In";};["LeftHand"]={cf=cfr(0,0,0,1,0,0,0,1,0,0,0,1);es="Linear";ed="In";};["RightFoot"]={cf=cfr(0,0,0,1,0,0,0,1,0,0,0,1);es="Linear";ed="In";};["RightLowerLeg"]={cf=cfr(0,.005,-.008,1,0,0,0,.213,.977,0,-.977,.213);es="Linear";ed="In";};["LowerTorso"]={cf=cfr(0,-6.499,1.331,1,0,0,0,.981,-.196,0,.196,.981);es="Linear";ed="In";};["RightLowerArm"]={cf=cfr(.001,0,0,1,0,0,0,.966,-.259,0,.259,.966);es="Linear";ed="In";};};{tm=.433;["RightUpperArm"]={cf=cfr(0,-.007,-.189,.74,-.038,.671,.649,-.219,-.728,.175,.975,-.137);es="Linear";ed="In";};["LeftUpperArm"]={cf=cfr(0,-.007,-.189,.74,.038,-.671,-.649,-.219,-.728,-.175,.975,-.137);es="Linear";ed="In";};["Head"]={cf=cfr(0,0,0,.945,.004,-.328,.025,.996,.083,.327,-.087,.941);es="Linear";ed="In";};["UpperTorso"]={cf=cfr(0,0,0,1,0,0,0,.984,-.18,0,.18,.984);es="Linear";ed="In";};["LeftUpperLeg"]={cf=cfr(0,0,0,.996,.086,-.015,-.087,.982,-.169,0,.17,.985);es="Linear";ed="In";};["RightUpperLeg"]={cf=cfr(0,0,0,.996,-.086,.015,.086,.996,-.003,-.015,.004,1);es="Linear";ed="In";};["LeftLowerArm"]={cf=cfr(0,0,0,1,0,0,0,.966,-.259,0,.259,.966);es="Linear";ed="In";};["LeftFoot"]={cf=cfr(0,0,0,1,0,0,0,1,0,0,0,1);es="Linear";ed="In";};["LeftLowerLeg"]={cf=cfr(0,.004,-.003,1,0,0,0,.932,.363,0,-.363,.932);es="Linear";ed="In";};["RightHand"]={cf=cfr(.001,0,0,1,0,0,0,1,0,0,0,1);es="Linear";ed="In";};["LeftHand"]={cf=cfr(0,0,0,1,0,0,0,1,0,0,0,1);es="Linear";ed="In";};["RightFoot"]={cf=cfr(0,0,0,1,0,0,0,1,0,0,0,1);es="Linear";ed="In";};["RightLowerLeg"]={cf=cfr(0,.003,-.005,1,0,0,0,.196,.981,0,-.981,.196);es="Linear";ed="In";};["LowerTorso"]={cf=cfr(0,-6.509,1.334,1,0,0,0,.981,-.191,0,.191,.981);es="Linear";ed="In";};["RightLowerArm"]={cf=cfr(.001,0,0,1,0,0,0,.966,-.259,0,.259,.966);es="Linear";ed="In";};};{tm=.45;["RightUpperArm"]={cf=cfr(0,-.002,-.19,.74,-.038,.671,.648,-.225,-.728,.179,.974,-.142);es="Linear";ed="In";};["LeftUpperArm"]={cf=cfr(0,-.002,-.19,.74,.038,-.671,-.648,-.225,-.728,-.179,.974,-.142);es="Linear";ed="In";};["Head"]={cf=cfr(0,0,0,.941,.004,-.338,.025,.996,.083,.337,-.087,.938);es="Linear";ed="In";};["UpperTorso"]={cf=cfr(0,0,0,1,0,0,0,.984,-.181,0,.181,.984);es="Linear";ed="In";};["LeftUpperLeg"]={cf=cfr(0,0,0,.996,.086,-.015,-.087,.981,-.171,0,.172,.985);es="Linear";ed="In";};["RightUpperLeg"]={cf=cfr(0,0,0,.996,-.086,.015,.086,.996,-.001,-.015,.002,1);es="Linear";ed="In";};["LeftLowerArm"]={cf=cfr(0,0,0,1,0,0,0,.966,-.259,0,.259,.966);es="Linear";ed="In";};["LeftFoot"]={cf=cfr(0,0,0,1,0,0,0,1,0,0,0,1);es="Linear";ed="In";};["LeftLowerLeg"]={cf=cfr(0,.002,-.001,1,0,0,0,.936,.351,0,-.351,.936);es="Linear";ed="In";};["RightHand"]={cf=cfr(.001,0,0,1,0,0,0,1,0,0,0,1);es="Linear";ed="In";};["LeftHand"]={cf=cfr(0,0,0,1,0,0,0,1,0,0,0,1);es="Linear";ed="In";};["RightFoot"]={cf=cfr(0,0,0,1,0,0,0,1,0,0,0,1);es="Linear";ed="In";};["RightLowerLeg"]={cf=cfr(0,.001,-.002,1,0,0,0,.183,.983,0,-.983,.183);es="Linear";ed="In";};["LowerTorso"]={cf=cfr(0,-6.519,1.337,1,0,0,0,.982,-.187,0,.187,.982);es="Linear";ed="In";};["RightLowerArm"]={cf=cfr(.001,0,0,1,0,0,0,.966,-.259,0,.259,.966);es="Linear";ed="In";};};{tm=.467;["RightUpperArm"]={cf=cfr(0,.003,-.192,.74,-.038,.671,.647,-.231,-.727,.183,.972,-.146);es="Linear";ed="In";};["LeftUpperArm"]={cf=cfr(0,.003,-.192,.74,.038,-.671,-.647,-.231,-.727,-.183,.972,-.146);es="Linear";ed="In";};["Head"]={cf=cfr(0,0,0,.938,.004,-.346,.026,.996,.083,.345,-.087,.935);es="Linear";ed="In";};["UpperTorso"]={cf=cfr(0,0,0,1,0,0,0,.983,-.181,0,.181,.983);es="Linear";ed="In";};["LeftUpperLeg"]={cf=cfr(0,0,0,.996,.086,-.015,-.087,.981,-.173,0,.173,.985);es="Linear";ed="In";};["RightUpperLeg"]={cf=cfr(0,0,0,.996,-.086,.015,.086,.996,0,-.015,.001,1);es="Linear";ed="In";};["LeftLowerArm"]={cf=cfr(0,0,0,1,0,0,0,.966,-.259,0,.259,.966);es="Linear";ed="In";};["LeftFoot"]={cf=cfr(0,0,0,1,0,0,0,1,0,0,0,1);es="Linear";ed="In";};["LeftLowerLeg"]={cf=cfr(0,0,0,1,0,0,0,.939,.344,0,-.344,.939);es="Linear";ed="In";};["RightHand"]={cf=cfr(.001,0,0,1,0,0,0,1,0,0,0,1);es="Linear";ed="In";};["LeftHand"]={cf=cfr(0,0,0,1,0,0,0,1,0,0,0,1);es="Linear";ed="In";};["RightFoot"]={cf=cfr(0,0,0,1,0,0,0,1,0,0,0,1);es="Linear";ed="In";};["RightLowerLeg"]={cf=cfr(0,0,-.001,1,0,0,0,.176,.984,0,-.984,.176);es="Linear";ed="In";};["LowerTorso"]={cf=cfr(0,-6.53,1.339,1,0,0,0,.983,-.183,0,.183,.983);es="Linear";ed="In";};["RightLowerArm"]={cf=cfr(.001,0,0,1,0,0,0,.966,-.259,0,.259,.966);es="Linear";ed="In";};};{tm=.483;["RightUpperArm"]={cf=cfr(0,.008,-.193,.74,-.038,.671,.646,-.237,-.726,.187,.971,-.151);es="Linear";ed="In";};["LeftUpperArm"]={cf=cfr(0,.008,-.193,.74,.038,-.671,-.646,-.237,-.726,-.187,.971,-.151);es="Linear";ed="In";};["Head"]={cf=cfr(0,0,0,.936,.004,-.353,.027,.996,.083,.352,-.087,.932);es="Linear";ed="In";};["LeftLowerArm"]={cf=cfr(0,0,0,1,0,0,0,.966,-.259,0,.259,.966);es="Linear";ed="In";};["RightHand"]={cf=cfr(.001,0,0,1,0,0,0,1,0,0,0,1);es="Linear";ed="In";};["LeftHand"]={cf=cfr(0,0,0,1,0,0,0,1,0,0,0,1);es="Linear";ed="In";};["LowerTorso"]={cf=cfr(0,-6.54,1.342,1,0,0,0,.984,-.178,0,.178,.984);es="Linear";ed="In";};["RightLowerArm"]={cf=cfr(.001,0,0,1,0,0,0,.966,-.259,0,.259,.966);es="Linear";ed="In";};["RightFoot"]={cf=cfr(0,0,0,1,0,0,0,1,0,0,0,1);es="Quad";ed="InOut";};["RightLowerLeg"]={cf=cfr(0,0,0,1,0,0,0,.174,.985,0,-.985,.174);es="Quad";ed="InOut";};["UpperTorso"]={cf=cfr(0,0,0,1,0,0,0,.983,-.182,0,.182,.983);es="Linear";ed="In";};["LeftUpperLeg"]={cf=cfr(0,0,0,.996,.086,-.015,-.087,.981,-.173,0,.174,.985);es="Quad";ed="InOut";};["RightUpperLeg"]={cf=cfr(0,0,0,.996,-.086,.015,.086,.996,.001,-.015,.001,1);es="Quad";ed="InOut";};["LeftFoot"]={cf=cf