local cfr = CFrame.new

return {{tm=0;["RootNode"]={cf=cfr(0,0,0,-1,0,0,0,1,0,0,0,-1);es="Linear";ed="In";};["root"]={cf=cfr(0,2.115,0,0,0,1,0,1,0,-1,0,0);es="Linear";ed="In";};["000-offset"]={cf=cfr(0,0,0,-.519,.855,0,-.855,-.519,0,0,0,1);es="Linear";ed="In";};["004-offset.001"]={cf=cfr(0,0,0,-.015,-1,0,1,-.015,0,0,0,1);es="Linear";ed="In";};["006-offset"]={cf=cfr(0,0,0,-.015,-1,0,1,-.015,0,0,0,1);es="Linear";ed="In";};["000-offset.009"]={cf=cfr(0,0,0,.426,-.792,.438,.885,.264,-.384,.188,.551,.813);es="Linear";ed="In";};["000-offset.012"]={cf=cfr(0,0,0,.144,-.934,-.326,.916,.002,.4,-.373,-.356,.857);es="Linear";ed="In";};["000-offset.001"]={cf=cfr(0,0,0,.892,.452,0,-.452,.892,0,0,0,1);es="Linear";ed="In";};["000-offset.010"]={cf=cfr(0,0,0,.743,.669,0,-.669,.743,0,0,0,1);es="Linear";ed="In";};["000-offset.013"]={cf=cfr(0,0,0,.157,.988,0,-.988,.157,0,0,0,1);es="Linear";ed="In";};["004-offset"]={cf=cfr(0,0,0,.035,-.999,0,.999,.035,0,0,0,1);es="Linear";ed="In";};["002-offset"]={cf=cfr(0,0,0,.035,-.999,0,.999,.035,0,0,0,1);es="Linear";ed="In";};["000-offset.002"]={cf=cfr(0,0,0,.847,-.532,0,.532,.847,0,0,0,1);es="Linear";ed="In";};["000-offset.011"]={cf=cfr(0,0,0,-.018,-1,0,1,-.018,0,0,0,1);es="Linear";ed="In";};["000-offset.014"]={cf=cfr(0,0,0,.239,-.971,-.005,.971,.239,-.019,.02,0,1);es="Linear";ed="In";};["000-offset.006"]={cf=cfr(0,0,0,.463,-.869,-.171,-.331,-.349,.877,-.822,-.35,-.449);es="Linear";ed="In";};["000-offset.003"]={cf=cfr(0,0,0,.638,-.734,.233,-.118,-.392,-.913,.761,.555,-.336);es="Linear";ed="In";};["000-offset.007"]={cf=cfr(0,0,0,.91,-.415,0,.415,.91,0,0,0,1);es="Linear";ed="In";};["000-offset.004"]={cf=cfr(0,0,0,.747,-.665,0,.665,.747,0,0,0,1);es="Linear";ed="In";};["000-offset.008"]={cf=cfr(0,0,0,.809,-.503,-.304,.477,.261,.839,-.343,-.824,.451);es="Linear";ed="In";};["000-offset.005"]={cf=cfr(0,0,0,.937,-.344,.062,.312,.743,-.593,.158,.574,.803);es="Linear";ed="In";};};{tm=.042;["root"]={cf=cfr(0,2.044,0,0,0,1,0,1,0,-1,0,0);es="Linear";ed="In";};["000-offset"]={cf=cfr(0,0,0,-.519,.855,0,-.855,-.519,0,0,0,1);es="Linear";ed="In";};["000-offset.009"]={cf=cfr(0,0,0,.417,-.8,.432,.892,.269,-.364,.175,.537,.825);es="Linear";ed="In";};["000-offset.012"]={cf=cfr(0,0,0,.137,-.933,-.331,.927,.003,.374,-.348,-.359,.866);es="Linear";ed="In";};["000-offset.001"]={cf=cfr(0,0,0,.892,.452,0,-.452,.892,0,0,0,1);es="Linear";ed="In";};["000-offset.010"]={cf=cfr(0,0,0,.733,.681,0,-.681,.733,0,0,0,1);es="Linear";ed="In";};["000-offset.013"]={cf=cfr(0,0,0,.138,.99,0,-.99,.138,0,0,0,1);es="Linear";ed="In";};["000-offset.002"]={cf=cfr(0,0,0,.842,-.539,0,.539,.842,0,0,0,1);es="Linear";ed="In";};["000-offset.003"]={cf=cfr(0,0,0,.638,-.734,.233,-.118,-.392,-.913,.761,.555,-.336);es="Linear";ed="In";};["000-offset.006"]={cf=cfr(0,0,0,.463,-.869,-.171,-.331,-.349,.877,-.822,-.35,-.449);es="Linear";ed="In";};["000-offset.004"]={cf=cfr(0,0,0,.747,-.665,0,.665,.747,0,0,0,1);es="Linear";ed="In";};["000-offset.007"]={cf=cfr(0,0,0,.91,-.415,0,.415,.91,0,0,0,1);es="Linear";ed="In";};};{tm=.083;["root"]={cf=cfr(0,1.932,0,0,0,1,0,1,0,-1,0,0);es="Linear";ed="In";};["000-offset"]={cf=cfr(0,0,0,-.583,.812,0,-.812,-.583,0,0,0,1);es="Linear";ed="In";};["000-offset.009"]={cf=cfr(0,0,0,.386,-.823,.416,.911,.271,-.311,.143,.499,.855);es="Linear";ed="In";};["000-offset.012"]={cf=cfr(0,0,0,.113,-.932,-.344,.951,.001,.309,-.287,-.362,.887);es="Linear";ed="In";};["000-offset.001"]={cf=cfr(0,0,0,.897,.442,0,-.442,.897,0,0,0,1);es="Linear";ed="In";};["000-offset.010"]={cf=cfr(0,0,0,.707,.707,0,-.707,.707,0,0,0,1);es="Linear";ed="In";};["000-offset.013"]={cf=cfr(0,0,0,.097,.995,0,-.995,.097,0,0,0,1);es="Linear";ed="In";};["000-offset.002"]={cf=cfr(0,0,0,.829,-.56,0,.56,.829,0,0,0,1);es="Linear";ed="In";};["000-offset.003"]={cf=cfr(0,0,0,.557,-.767,.318,-.273,-.531,-.802,.784,.36,-.505);es="Linear";ed="In";};["000-offset.006"]={cf=cfr(0,0,0,.394,-.872,-.292,-.372,-.441,.817,-.841,-.213,-.498);es="Linear";ed="In";};["000-offset.004"]={cf=cfr(0,0,0,.738,-.675,0,.675,.738,0,0,0,1);es="Linear";ed="In";};["000-offset.007"]={cf=cfr(0,0,0,.9,-.437,0,.437,.9,0,0,0,1);es="Linear";ed="In";};};{tm=.125;["root"]={cf=cfr(0,1.875,0,0,0,1,0,1,0,-1,0,0);es="Linear";ed="In";};["000-offset"]={cf=cfr(0,0,0,-.721,.693,0,-.693,-.721,0,0,0,1);es="Linear";ed="In";};["000-offset.009"]={cf=cfr(0,0,0,.329,-.86,.39,.938,.25,-.238,.107,.444,.889);es="Linear";ed="In";};["000-offset.012"]={cf=cfr(0,0,0,.071,-.932,-.356,.975,-.011,.222,-.211,-.363,.908);es="Linear";ed="In";};["000-offset.001"]={cf=cfr(0,0,0,.906,.424,0,-.424,.906,0,0,0,1);es="Linear";ed="In";};["000-offset.010"]={cf=cfr(0,0,0,.672,.741,0,-.741,.672,0,0,0,1);es="Linear";ed="In";};["000-offset.013"]={cf=cfr(0,0,0,.059,.998,0,-.998,.059,0,0,0,1);es="Linear";ed="In";};["000-offset.002"]={cf=cfr(0,0,0,.807,-.59,0,.59,.807,0,0,0,1);es="Linear";ed="In";};["000-offset.003"]={cf=cfr(0,0,0,.24,-.712,.66,-.489,-.676,-.551,.838,-.191,-.51);es="Linear";ed="In";};["000-offset.006"]={cf=cfr(0,0,0,.219,-.778,-.589,-.418,-.62,.664,-.882,.1,-.461);es="Linear";ed="In";};["000-offset.004"]={cf=cfr(0,0,0,.713,-.701,0,.701,.713,0,0,0,1);es="Linear";ed="In";};["000-offset.007"]={cf=cfr(0,0,0,.87,-.494,0,.494,.87,0,0,0,1);es="Linear";ed="In";};};{tm=.167;["root"]={cf=cfr(0,1.354,0,0,0,1,0,1,0,-1,0,0);es="Linear";ed="In";};["000-offset"]={cf=cfr(0,0,0,-.851,.526,0,-.526,-.851,0,0,0,1);es="Linear";ed="In";};["000-offset.009"]={cf=cfr(0,0,0,.239,-.904,.355,.968,.191,-.165,.081,.382,.92);es="Linear";ed="In";};["000-offset.012"]={cf=cfr(0,0,0,.011,-.933,-.36,.99,-.041,.135,-.141,-.358,.923);es="Linear";ed="In";};["000-offset.001"]={cf=cfr(0,0,0,.911,.413,0,-.413,.911,0,0,0,1);es="Linear";ed="In";};["000-offset.010"]={cf=cfr(0,0,0,.637,.771,0,-.771,.637,0,0,0,1);es="Linear";ed="In";};["000-offset.013"]={cf=cfr(0,0,0,.051,.999,0,-.999,.051,0,0,0,1);es="Linear";ed="In";};["000-offset.002"]={cf=cfr(0,0,0,.778,-.628,0,.628,.778,0,0,0,1);es="Linear";ed="In";};["000-offset.003"]={cf=cfr(0,0,0,-.15,-.336,.93,-.418,-.831,-.367,.896,-.443,-.016);es="Linear";ed="In";};["000-offset.006"]={cf=cfr(0,0,0,.031,-.512,-.858,-.382,-.8,.463,-.924,.313,-.221);es="Linear";ed="In";};["000-offset.004"]={cf=cfr(0,0,0,.677,-.736,0,.736,.677,0,0,0,1);es="Linear";ed="In";};["000-offset.007"]={cf=cfr(0,0,0,.82,-.572,0,.572,.82,0,0,0,1);es="Linear";ed="In";};};{tm=.208;["root"]={cf=cfr(0,.888,0,0,0,1,0,1,0,-1,0,0);es="Linear";ed="In";};["000-offset"]={cf=cfr(0,0,0,-.927,.376,0,-.376,-.927,0,0,0,1);es="Linear";ed="In";};["000-offset.009"]={cf=cfr(0,0,0,.114,-.942,.315,.99,.083,-.111,.078,.325,.942);es="Linear";ed="In";};["000-offset.012"]={cf=cfr(0,0,0,-.066,-.933,-.355,.993,-.097,.072,-.101,-.348,.932);es="Linear";ed="In";};["000-offset.001"]={cf=cfr(0,0,0,.905,.425,0,-.425,.905,0,0,0,1);es="Linear";ed="In";};["000-offset.010"]={cf=cfr(0,0,0,.611,.792,0,-.792,.611,0,0,0,1);es="Linear";ed="In";};["000-offset.013"]={cf=cfr(0,0,0,.097,.995,0,-.995,.097,0,0,0,1);es="Linear";ed="In";};["000-offset.002"]={cf=cfr(0,0,0,.724,-.69,0,.69,.724,0,0,0,1);es="Linear";ed="In";};["000-offset.003"]={cf=cfr(0,0,0,-.295,-.038,.955,-.173,-.981,-.092,.94,-.192,.282);es="Linear";ed="In";};["000-offset.006"]={cf=cfr(0,0,0,-.08,-.232,-.969,-.291,-.925,.245,-.953,.302,.006);es="Linear";ed="In";};["000-offset.004"]={cf=cfr(0,0,0,.632,-.775,0,.775,.632,0,0,0,1);es="Linear";ed="In";};["000-offset.007"]={cf=cfr(0,0,0,.754,-.657,0,.657,.754,0,0,0,1);es="Linear";ed="In";};};{tm=.25;["root"]={cf=cfr(0,1.325,0,0,0,1,0,1,0,-1,0,0);es="Linear";ed="In";};["000-offset"]={cf=cfr(0,0,0,-.958,.288,0,-.288,-.958,0,0,0,1);es="Linear";ed="In";};["000-offset.009"]={cf=cfr(0,0,0,-.157,-.947,.281,.978,-.189,-.091,.139,.26,.955);es="Linear";ed="In";};["000-offset.012"]={cf=cfr(0,0,0,-.207,-.916,-.343,.97,-.238,.051,-.129,-.322,.938);es="Linear";ed="In";};["000-offset.001"]={cf=cfr(0,0,0,.856,.516,0,-.516,.856,0,0,0,1);es="Linear";ed="In";};["000-offset.010"]={cf=cfr(0,0,0,.603,.798,0,-.798,.603,0,0,0,1);es="Linear";ed="In";};["000-offset.013"]={cf=cfr(0,0,0,.285,.959,0,-.959,.285,0,0,0,1);es="Linear";ed="In";};["000-offset.002"]={cf=cfr(0,0,0,.644,-.765,0,.765,.644,0,0,0,1);es="Linear";ed="In";};["000-offset.003"]={cf=cfr(0,0,0,-.266,.062,.962,-.049,-.998,.05,.963,-.034,.269);es="Linear";ed="In";};["000-offset.006"]={cf=cfr(0,0,0,-.111,-.117,-.987,-.234,-.962,.141,-.966,.247,.079);es="Linear";ed="In";};["000-offset.004"]={cf=cfr(0,0,0,.583,-.812,0,.812,.583,0,0,0,1);es="Linear";ed="In";};["000-offset.007"]={cf=cfr(0,0,0,.677,-.736,0,.736,.677,0,0,0,1);es="Linear";ed="In";};};{tm=.292;["root"]={cf=cfr(0,2.016,0,0,0,1,0,1,0,-1,0,0);es="Linear";ed="In";};["000-offset"]={cf=cfr(0,0,0,-.973,.231,0,-.231,-.973,0,0,0,1);es="Linear";ed="In";};["000-offset.009"]={cf=cfr(0,0,0,-.482,-.828,.287,.843,-.527,-.105,.238,.192,.952);es="Linear";ed="In";};["000-offset.012"]={cf=cfr(0,0,0,-.381,-.859,-.344,.903,-.425,.062,-.199,-.287,.937);es="Linear";ed="In";};["000-offset.001"]={cf=cfr(0,0,0,.776,.631,0,-.631,.776,0,0,0,1);es="Linear";ed="In";};["000-offset.010"]={cf=cfr(0,0,0,.607,.795,0,-.795,.607,0,0,0,1);es="Linear";ed="In";};["000-offset.013"]={cf=cfr(0,0,0,.552,.834,0,-.834,.552,0,0,0,1);es="Linear";ed="In";};["000-offset.002"]={cf=cfr(0,0,0,.576,-.818,0,.818,.576,0,0,0,1);es="Linear";ed="In";};["000-offset.003"]={cf=cfr(0,0,0,-.147,-.512,.847,-.283,-.798,-.532,.948,-.317,-.027);es="Linear";ed="In";};["000-offset.006"]={cf=cfr(0,0,0,.004,-.642,-.766,-.357,-.717,.599,-.934,.271,-.232);es="Linear";ed="In";};["000-offset.004"]={cf=cfr(0,0,0,.537,-.844,0,.844,.537,0,0,0,1);es="Linear";ed="In";};["000-offset.007"]={cf=cfr(0,0,0,.599,-.801,0,.801,.599,0,0,0,1);es="Linear";ed="In";};};{tm=.333;["root"]={cf=cfr(0,2.425,0,0,0,1,0,1,0,-1,0,0);es="Linear";ed="In";};["000-offset"]={cf=cfr(0,0,0,-.985,.174,0,-.174,-.985,0,0,0,1);es="Linear";ed="In";};["000-offset.009"]={cf=cfr(0,0,0,-.626,-.714,.315,.723,-.682,-.111,.294,.159,.942);es="Linear";ed="In";};["000-offset.012"]={cf=cfr(0,0,0,-.481,-.802,-.355,.841,-.536,.072,-.248,-.264,.932);es="Linear";ed="In";};["000-offset.001"]={cf=cfr(0,0,0,.766,.643,0,-.643,.766,0,0,0,1);es="Linear";ed="In";};["000-offset.010"]={cf=cfr(0,0,0,.611,.792,0,-.792,.611,0,0,0,1);es="Linear";ed="In";};["000-offset.013"]={cf=cfr(0,0,0,.729,.684,0,-.684,.729,0,0,0,1);es="Linear";ed="In";};["000-offset.002"]={cf=cfr(0,0,0,.566,-.824,0,.824,.566,0,0,0,1);es="Linear";ed="In";};["000-offset.011"]={cf=cfr(0,0,0,-.018,-1,0,1,-.018,0,0,0,1);es="Linear";ed="In";};["000-offset.014"]={cf=cfr(0,0,0,.239,-.971,-.005,.971,.239,-.019,.02,0,1);es="Linear";ed="In";};["000-offset.003"]={cf=cfr(0,0,0,.256,-.938,.233,-.276,-.302,-.913,.926,.169,-.336);es="Linear";ed="In";};["000-offset.006"]={cf=cfr(0,0,0,.281,-.944,-.171,-.393,-.276,.877,-.875,-.18,-.449);es="Linear";ed="In";};["000-offset.004"]={cf=cfr(0,0,0,.499,-.866,0,.866,.499,0,0,0,1);es="Linear";ed="In";};["000-offset.007"]={cf=cfr(0,0,0,.534,-.846,0,.846,.534,0,0,0,1);es="Linear";ed="In";};["000-offset.008"]={cf=cfr(0,0,0,.809,-.503,-.304,.477,.261,.839,-.343,-.824,.451);es="Linear";ed="In";};};{tm=.375;["root"]={cf=cfr(0,2.2,0,0,0,1,0,1,0,-1,0,0);es="Linear";ed="In";};["000-offset"]={cf=cfr(0,0,0,-.994,.105,0,-.105,-.994,0,0,0,1);es="Linear";ed="In";};["000-offset.009"]={cf=cfr(0,0,0,-.376,-.878,.297,.901,-.421,-.104,.216,.228,.949);es="Linear";ed="In";};["000-offset.012"]={cf=cfr(0,0,0,-.412,-.84,-.354,.883,-.463,.071,-.224,-.284,.932);es="Linear";ed="In";};["000-offset.001"]={cf=cfr(0,0,0,.942,.335,0,-.335,.942,0,0,0,1);es="Linear";ed="In";};["000-offset.010"]={cf=cfr(0,0,0,.594,.804,0,-.804,.594,0,0,0,1);es="Linear";ed="In";};["000-offset.013"]={cf=cfr(0,0,0,.754,.657,0,-.657,.754,0,0,0,1);es="Linear";ed="In";};["000-offset.002"]={cf=cfr(0,0,0,.773,-.635,0,.635,.773,0,0,0,1);es="Linear";ed="In";};["000-offset.011"]={cf=cfr(0,0,0,-.073,-.997,0,.997,-.073,0,0,0,1);es="Linear";ed="In";};["000-offset.014"]={cf=cfr(0,0,0,.21,-.978,-.005,.977,.21,-.02,.02,-.001,1);es="Linear";ed="In";};["000-offset.003"]={cf=cfr(0,0,0,.24,-.905,.352,-.14,-.391,-.91,.961,.169,-.221);es="Linear";ed="In";};["000-offset.006"]={cf=cfr(0,0,0,.352,-.873,-.337,-.349,-.456,.819,-.869,-.171,-.465);es="Linear";ed="In";};["000-offset.004"]={cf=cfr(0,0,0,.492,-.871,0,.871,.492,0,0,0,1);es="Linear";ed="In";};["000-offset.007"]={cf=cfr(0,0,0,.52,-.854,0,.854,.52,0,0,0,1);es="Linear";ed="In";};["000-offset.008"]={cf=cfr(0,0,0,.809,-.489,-.326,.477,.224,.85,-.343,-.843,.415);es="Linear";ed="In";};};{tm=.417;["root"]={cf=cfr(0,1.678,0,0,0,1,0,1,0,-1,0,0);es="Linear";ed="In";};["000-offset"]={cf=cfr(0,0,0,-.999,.045,0,-.045,-.999,0,0,0,1);es="Linear";ed="In";};["000-offset.009"]={cf=cfr(0,0,0,-.019,-.949,.315,.992,-.057,-.111,.123,.311,.942);es="Linear";ed="In";};["000-offset.012"]={cf=cfr(0,0,0,-.303,-.884,-.355,.934,-.349,.072,-.187,-.31,.932);es="Linear";ed="In";};["000-offset.001"]={cf=cfr(0,0,0,.999,-.051,0,.051,.999,0,0,0,1);es="Linear";ed="In";};["000-offset.010"]={cf=cfr(0,0,0,.611,.792,0,-.792,.611,0,0,0,1);es="Linear";ed="In";};["000-offset.013"]={cf=cfr(0,0,0,.729,.684,0,-.684,.729,0,0,0,1);es="Linear";ed="In";};["000-offset.002"]={cf=cfr(0,0,0,.914,-.407,0,.407,.914,0,0,0,1);es="Linear";ed="In";};["000-offset.011"]={cf=cfr(0,0,0,-.018,-1,0,1,-.018,0,0,0,1);es="Linear";ed="In";};["000-offset.014"]={cf=cfr(0,0,0,.239,-.971,-.005,.971,.239,-.019,.02,0,1);es="Linear";ed="In";};["000-offset.006"]={cf=cfr(0,0,0,.281,-.662,-.695,-.393,-.74,.546,-.875,.12,-.469);es="Linear";ed="In";};["000-offset.003"]={cf=cfr(0,0,0,.135,-.72,.68,-.131,-.694,-.708,.982,.007,-.189);es="Linear";ed="In";};["000-offset.007"]={cf=cfr(0,0,0,.534,-.846,0,.846,.534,0,0,0,1);es="Linear";ed="In";};["000-offset.004"]={cf=cfr(0,0,0,.499,-.866,0,.866,.499,0,0,0,1);es="Linear";ed="In";};["000-offset.008"]={cf=cfr(0,0,0,.809,-.503,-.304,.477,.261,.839,-.343,-.824,.451);es="Linear";ed="In";};["000-offset.005"]={cf=cfr(0,0,0,.937,-.344,.062,.312,.743,-.593,.158,.574,.803);es="Linear";ed="In";};};{tm=.458;["root"]={cf=cfr(0,1.283,0,0,0,1,0,1,0,-1,0,0);es="Linear";ed="In";};["000-offset"]={cf=cfr(0,0,0,-1,.005,0,-.005,-1,0,0,0,1);es="Linear";ed="In";};["000-offset.009"]={cf=cfr(0,0,0,-.141,-.939,.314,.977,-.184,-.111,.162,.291,.943);es="Linear";ed="In";};["000-offset.012"]={cf=cfr(0,0,0,-.335,-.873,-.355,.921,-.383,.072,-.199,-.303,.932);es="Linear";ed="In";};["000-offset.001"]={cf=cfr(0,0,0,.998,-.056,0,.056,.998,0,0,0,1);es="Linear";ed="In";};["000-offset.010"]={cf=cfr(0,0,0,.751,.66,0,-.66,.751,0,0,0,1);es="Linear";ed="In";};["000-offset.013"]={cf=cfr(0,0,0,.732,.681,0,-.681,.732,0,0,0,1);es="Linear";ed="In";};["000-offset.002"]={cf=cfr(0,0,0,.805,-.594,0,.594,.805,0,0,0,1);es="Linear";ed="In";};["000-offset.011"]={cf=cfr(0,0,0,.434,-.901,0,.901,.434,0,0,0,1);es="Linear";ed="In";};["000-offset.014"]={cf=cfr(0,0,0,.474,-.88,-.005,.88,.474,-.019,.019,.005,1);es="Linear";ed="In";};["000-offset.006"]={cf=cfr(0,0,0,-.116,-.26,-.959,-.486,-.827,.283,-.866,.499,-.03);es="Linear";ed="In";};["000-offset.003"]={cf=cfr(0,0,0,-.087,-.325,.942,-.27,-.902,-.336,.959,-.283,-.009);es="Linear";ed="In";};["000-offset.007"]={cf=cfr(0,0,0,.523,-.852,0,.852,.523,0,0,0,1);es="Linear";ed="In";};["000-offset.004"]={cf=cfr(0,0,0,.495,-.869,0,.869,.495,0,0,0,1);es="Linear";ed="In";};["000-offset.008"]={cf=cfr(0,0,0,.809,-.579,-.1,.477,.549,.687,-.343,-.603,.72);es="Linear";ed="In";};["000-offset.005"]={cf=cfr(0,0,0,.937,-.343,.067,.312,.733,-.604,.158,.587,.794);es="Linear";ed="In";};};{tm=.5;["root"]={cf=cfr(0,1.311,0,0,0,1,0,1,0,-1,0,0);es="Linear";ed="In";};["000-offset"]={cf=cfr(0,0,0,-1,-.015,0,.015,-1,0,0,0,1);es="Linear";ed="In";};["000-offset.009"]={cf=cfr(0,0,0,-.334,-.888,.315,.917,-.384,-.111,.22,.252,.942);es="Linear";ed="In";};["000-offset.012"]={cf=cfr(0,0,0,-.39,-.85,-.355,.895,-.441,.072,-.218,-.29,.932);es="Linear";ed="In";};["000-offset.001"]={cf=cfr(0,0,0,1,.029,0,-.029,1,0,0,0,1);es="Linear";ed="In";};["000-offset.010"]={cf=cfr(0,0,0,.84,.542,0,-.542,.84,0,0,0,1);es="Linear";ed="In";};["000-offset.013"]={cf=cfr(0,0,0,.729,.684,0,-.684,.729,0,0,0,1);es="Linear";ed="In";};["000-offset.002"]={cf=cfr(0,0,0,.63,-.776,0,.776,.63,0,0,0,1);es="Linear";ed="In";};["000-offset.011"]={cf=cfr(0,0,0,.759,-.651,0,.651,.759,0,0,0,1);es="Linear";ed="In";};["000-offset.014"]={cf=cfr(0,0,0,.661,-.751,-.005,.751,.66,-.019,.018,.009,1);es="Linear";ed="In";};["000-offset.006"]={cf=cfr(0,0,0,-.427,.048,-.903,-.266,-.961,.075,-.864,.272,.423);es="Linear";ed="In";};["000-offset.003"]={cf=cfr(0,0,0,-.381,.024,.924,-.084,-.996,-.009,.921,-.081,.382);es="Linear";ed="In";};["000-offset.007"]={cf=cfr(0,0,0,.534,-.846,0,.846,.534,0,0,0,1);es="Linear";ed="In";};["000-offset.004"]={cf=cfr(0,0,0,.499,-.866,0,.866,.499,0,0,0,1);es="Linear";ed="In";};["000-offset.008"]={cf=cfr(0,0,0,.809,-.58,.092,.477,.74,.474,-.343,-.34,.876);es="Linear";ed="In";};["000-offset.005"]={cf=cfr(0,0,0,.937,-.344,.062,.312,.743,-.593,.158,.574,.803);es="Linear";ed="In";};};{tm=.542;["root"]={cf=cfr(0,1.438,0,0,0,1,0,1,0,-1,0,0);es="Linear";ed="In";};["000-offset"]={cf=cfr(0,0,0,-1,-.013,0,.013,-1,0,0,0,1);es="Linear";ed="In";};["000-offset.009"]={cf=cfr(0,0,0,-.392,-.864,.316,.889,-.444,-.111,.236,.238,.942);es="Linear";ed="In";};["000-offset.012"]={cf=cfr(0,0,0,-.412,-.839,-.355,.883,-.464,.072,-.225,-.284,.932);es="Linear";ed="In";};["000-offset.001"]={cf=cfr(0,0,0,.999,.037,0,-.037,.999,0,0,0,1);es="Linear";ed="In";};["000-offset.010"]={cf=cfr(0,0,0,.825,.566,0,-.566,.825,0,0,0,1);es="Linear";ed="In";};["000-offset.013"]={cf=cfr(0,0,0,.716,.698,0,-.698,.716,0,0,0,1);es="Linear";ed="In";};["000-offset.002"]={cf=cfr(0,0,0,.604,-.797,0,.797,.604,0,0,0,1);es="Linear";ed="In";};["000-offset.011"]={cf=cfr(0,0,0,.806,-.591,0,.591,.806,0,0,0,1);es="Linear";ed="In";};["000-offset.014"]={cf=cfr(0,0,0,.699,-.715,-.005,.715,.699,-.02,.017,.01,1);es="Linear";ed="In";};["000-offset.006"]={cf=cfr(0,0,0,-.447,.075,-.891,-.166,-.986,0,-.879,.148,.453);es="Linear";ed="In";};["000-offset.003"]={cf=cfr(0,0,0,-.416,.067,.907,.043,-.995,.093,.908,.078,.411);es="Linear";ed="In";};["000-offset.007"]={cf=cfr(0,0,0,.584,-.812,0,.812,.584,0,0,0,1);es="Linear";ed="In";};["000-offset.004"]={cf=cfr(0,0,0,.522,-.853,0,.853,.522,0,0,0,1);es="Linear";ed="In";};["000-offset.008"]={cf=cfr(0,0,0,.809,-.574,.124,.477,.766,.431,-.343,-.29,.894);es="Linear";ed="In";};["000-offset.005"]={cf=cfr(0,0,0,.936,-.349,.036,.313,.785,-.535,.159,.512,.844);es="Linear";ed="In";};};{tm=.583;["root"]={cf=cfr(0,1.339,0,0,0,1,0,1,0,-1,0,0);es="Linear";ed="In";};["000-offset"]={cf=cfr(0,0,0,-1,-.012,0,.012,-1,0,0,0,1);es="Linear";ed="In";};["000-offset.009"]={cf=cfr(0,0,0,-.437,-.842,.316,.864,-.49,-.111,.248,.225,.942);es="Linear";ed="In";};["000-offset.012"]={cf=cfr(0,0,0,-.432,-.829,-.355,.871,-.485,.072,-.232,-.278,.932);es="Linear";ed="In";};["000-offset.001"]={cf=cfr(0,0,0,.999,.041,0,-.041,.999,0,0,0,1);es="Linear";ed="In";};["000-offset.010"]={cf=cfr(0,0,0,.788,.616,0,-.616,.788,0,0,0,1);es="Linear";ed="In";};["000-offset.013"]={cf=cfr(0,0,0,.699,.715,0,-.715,.699,0,0,0,1);es="Linear";ed="In";};["000-offset.002"]={cf=cfr(0,0,0,.602,-.798,0,.798,.602,0,0,0,1);es="Linear";ed="In";};["000-offset.011"]={cf=cfr(0,0,0,.819,-.574,0,.574,.819,0,0,0,1);es="Linear";ed="In";};["000-offset.014"]={cf=cfr(0,0,0,.716,-.698,-.005,.698,.716,-.02,.017,.011,1);es="Linear";ed="In";};["000-offset.006"]={cf=cfr(0,0,0,-.428,.07,-.901,-.107,-.994,-.026,-.897,.085,.433);es="Linear";ed="In";};["000-offset.003"]={cf=cfr(0,0,0,-.415,.074,.907,.135,-.981,.141,.9,.181,.397);es="Linear";ed="In";};["000-offset.007"]={cf=cfr(0,0,0,.642,-.767,0,.767,.642,0,0,0,1);es="Linear";ed="In";};["000-offset.004"]={cf=cfr(0,0,0,.549,-.836,0,.836,.549,0,0,0,1);es="Linear";ed="In";};["000-offset.008"]={cf=cfr(0,0,0,.809,-.573,.131,.477,.771,.422,-.343,-.279,.897);es="Linear";ed="In";};["000-offset.005"]={cf=cfr(0,0,0,.936,-.353,.004,.314,.83,-.462,.16,.433,.887);es="Linear";ed="In";};};{tm=.625;["root"]={cf=cfr(0,1.227,0,0,0,1,0,1,0,-1,0,0);es="Linear";ed="In";};["000-offset"]={cf=cfr(0,0,0,-1,-.005,0,.005,-1,0,0,0,1);es="Linear";ed="In";};["000-offset.009"]={cf=cfr(0,0,0,-.473,-.823,.316,.843,-.527,-.11,.257,.214,.942);es="Linear";ed="In";};["000-offset.012"]={cf=cfr(0,0,0,-.45,-.819,-.355,.861,-.504,.072,-.237,-.273,.932);es="Linear";ed="In";};["000-offset.001"]={cf=cfr(0,0,0,.999,.042,0,-.042,.999,0,0,0,1);es="Linear";ed="In";};["000-offset.010"]={cf=cfr(0,0,0,.735,.678,0,-.678,.735,0,0,0,1);es="Linear";ed="In";};["000-offset.013"]={cf=cfr(0,0,0,.681,.732,0,-.732,.681,0,0,0,1);es="Linear";ed="In";};["000-offset.002"]={cf=cfr(0,0,0,.616,-.788,0,.788,.616,0,0,0,1);es="Linear";ed="In";};["000-offset.011"]={cf=cfr(0,0,0,.81,-.586,0,.586,.81,0,0,0,1);es="Linear";ed="In";};["000-offset.014"]={cf=cfr(0,0,0,.719,-.695,-.005,.694,.719,-.02,.017,.011,1);es="Linear";ed="In";};["000-offset.006"]={cf=cfr(0,0,0,-.394,.046,-.918,-.078,-.997,-.016,-.916,.065,.396);es="Linear";ed="In";};["000-offset.003"]={cf=cfr(0,0,0,-.403,.059,.913,.194,-.97,.148,.894,.237,.38);es="Linear";ed="In";};["000-offset.007"]={cf=cfr(0,0,0,.7,-.714,0,.714,.7,0,0,0,1);es="Linear";ed="In";};["000-offset.004"]={cf=cfr(0,0,0,.578,-.816,0,.816,.578,0,0,0,1);es="Linear";ed="In";};["000-offset.008"]={cf=cfr(0,0,0,.809,-.575,.121,.477,.763,.436,-.343,-.295,.892);es="Linear";ed="In";};["000-offset.005"]={cf=cfr(0,0,0,.935,-.353,-.032,.316,.87,-.378,.161,.344,.925);es="Linear";ed="In";};};{tm=.667;["root"]={cf=cfr(0,1.198,0,0,0,1,0,1,0,-1,0,0);es="Linear";ed="In";};["000-offset"]={cf=cfr(0,0,0,-1,.003,0,-.003,-1,0,0,0,1);es="Linear";ed="In";};["000-offset.009"]={cf=cfr(0,0,0,-.501,-.806,.316,.824,-.555,-.11,.264,.205,.942);es="Linear";ed="In";};["000-offset.012"]={cf=cfr(0,0,0,-.465,-.811,-.355,.851,-.52,.072,-.243,-.269,.932);es="Linear";ed="In";};["000-offset.001"]={cf=cfr(0,0,0,.999,.04,0,-.04,.999,0,0,0,1);es="Linear";ed="In";};["000-offset.010"]={cf=cfr(0,0,0,.673,.739,0,-.739,.673,0,0,0,1);es="Linear";ed="In";};["000-offset.013"]={cf=cfr(0,0,0,.663,.749,0,-.749,.663,0,0,0,1);es="Linear";ed="In";};["000-offset.002"]={cf=cfr(0,0,0,.638,-.77,0,.77,.638,0,0,0,1);es="Linear";ed="In";};["000-offset.011"]={cf=cfr(0,0,0,.79,-.613,0,.613,.79,0,0,0,1);es="Linear";ed="In";};["000-offset.014"]={cf=cfr(0,0,0,.716,-.698,-.005,.698,.716,-.019,.017,.011,1);es="Linear";ed="In";};["000-offset.006"]={cf=cfr(0,0,0,-.357,.012,-.934,-.066,-.998,.013,-.932,.066,.357);es="Linear";ed="In";};["000-offset.003"]={cf=cfr(0,0,0,-.391,.031,.92,.232,-.964,.131,.891,.265,.369);es="Linear";ed="In";};["000-offset.007"]={cf=cfr(0,0,0,.753,-.658,0,.658,.753,0,0,0,1);es="Linear";ed="In";};["000-offset.004"]={cf=cfr(0,0,0,.605,-.796,0,.796,.605,0,0,0,1);es="Linear";ed="In";};["000-offset.008"]={cf=cfr(0,0,0,.809,-.579,.102,.477,.748,.461,-.343,-.324,.882);es="Linear";ed="In";};["000-offset.005"]={cf=cfr(0,0,0,.934,-.35,-.066,.317,.902,-.293,.162,.253,.954);es="Linear";ed="In";};};{tm=.708;["root"]={cf=cfr(0,1.184,0,0,0,1,0,1,0,-1,0,0);es="Linear";ed="In";};["000-offset"]={cf=cfr(0,0,0,-1,.011,0,-.011,-1,0,0,0,1);es="Linear";ed="In";};["000-offset.009"]={cf=cfr(0,0,0,-.524,-.792,.315,.808,-.579,-.111,.27,.197,.943);es="Linear";ed="In";};["000-offset.012"]={cf=cfr(0,0,0,-.478,-.803,-.355,.843,-.534,.072,-.247,-.265,.932);es="Linear";ed="In";};["000-offset.001"]={cf=cfr(0,0,0,.999,.039,0,-.039,.999,0,0,0,1);es="Linear";ed="In";};["000-offset.010"]={cf=cfr(0,0,0,.614,.789,0,-.789,.614,0,0,0,1);es="Linear";ed="In";};["000-offset.013"]={cf=cfr(0,0,0,.647,.763,0,-.763,.647,0,0,0,1);es="Linear";ed="In";};["000-offset.002"]={cf=cfr(0,0,0,.658,-.753,0,.753,.658,0,0,0,1);es="Linear";ed="In";};["000-offset.011"]={cf=cfr(0,0,0,.769,-.64,0,.64,.769,0,0,0,1);es="Linear";ed="In";};["000-offset.014"]={cf=cfr(0,0,0,.711,-.703,-.005,.703,.711,-.019,.017,.01,1);es="Linear";ed="In";};["000-offset.006"]={cf=cfr(0,0,0,-.326,-.021,-.945,-.058,-.997,.043,-.944,.069,.324);es="Linear";ed="In";};["000-offset.003"]={cf=cfr(0,0,0,-.379,.002,.925,.26,-.959,.109,.888,.282,.363);es="Linear";ed="In";};["000-offset.007"]={cf=cfr(0,0,0,.796,-.605,0,.605,.796,0,0,0,1);es="Linear";ed="In";};["000-offset.004"]={cf=cfr(0,0,0,.629,-.777,0,.777,.629,0,0,0,1);es="Linear";ed="In";};["000-offset.008"]={cf=cfr(0,0,0,.809,-.582,.083,.477,.733,.484,-.343,-.352,.871);es="Linear";ed="In";};["000-offset.005"]={cf=cfr(0,0,0,.934,-.344,-.096,.318,.923,-.216,.163,.171,.972);es="Linear";ed="In";};};{tm=.75;["root"]={cf=cfr(0,1.184,0,0,0,1,0,1,0,-1,0,0);es="Linear";ed="In";};["000-offset"]={cf=cfr(0,0,0,-1,.015,0,-.015,-1,0,0,0,1);es="Linear";ed="In";};["000-offset.009"]={cf=cfr(0,0,0,-.543,-.778,.315,.793,-.599,-.111,.275,.19,.942);es="Linear";ed="In";};["000-offset.012"]={cf=cfr(0,0,0,-.489,-.797,-.355,.836,-.545,.072,-.251,-.262,.932);es="Linear";ed="In";};["000-offset.001"]={cf=cfr(0,0,0,.999,.039,0,-.039,.999,0,0,0,1);es="Linear";ed="In";};["000-offset.010"]={cf=cfr(0,0,0,.571,.821,0,-.821,.571,0,0,0,1);es="Linear";ed="In";};["000-offset.013"]={cf=cfr(0,0,0,.635,.773,0,-.773,.635,0,0,0,1);es="Linear";ed="In";};["000-offset.002"]={cf=cfr(0,0,0,.668,-.744,0,.744,.668,0,0,0,1);es="Linear";ed="In";};["000-offset.011"]={cf=cfr(0,0,0,.759,-.651,0,.651,.759,0,0,0,1);es="Linear";ed="In";};["000-offset.014"]={cf=cfr(0,0,0,.711,-.703,-.005,.703,.711,-.019,.017,.01,1);es="Linear";ed="In";};["000-offset.006"]={cf=cfr(0,0,0,-.308,-.04,-.95,-.048,-.997,.058,-.95,.064,.305);es="Linear";ed="In";};["000-offset.003"]={cf=cfr(0,0,0,-.363,-.018,.932,.292,-.952,.096,.885,.307,.351);es="Linear";ed="In";};["000-offset.007"]={cf=cfr(0,0,0,.827,-.563,0,.563,.827,0,0,0,1);es="Linear";ed="In";};["000-offset.004"]={cf=cfr(0,0,0,.647,-.763,0,.763,.647,0,0,0,1);es="Linear";ed="In";};["000-offset.008"]={cf=cfr(0,0,0,.809,-.583,.074,.477,.726,.496,-.343,-.366,.865);es="Linear";ed="In";};["000-offset.005"]={cf=cfr(0,0,0,.933,-.339,-.119,.319,.935,-.156,.164,.108,.981);es="Linear";ed="In";};};{tm=.792;["root"]={cf=cfr(0,1.17,0,0,0,1,0,1,0,-1,0,0);es="Linear";ed="In";};["000-offset"]={cf=cfr(0,0,0,-1,.008,0,-.008,-1,0,0,0,1);es="Linear";ed="In";};["000-offset.009"]={cf=cfr(0,0,0,-.554,-.771,.316,.785,-.609,-.111,.278,.187,.942);es="Linear";ed="In";};["000-offset.012"]={cf=cfr(0,0,0,-.492,-.795,-.355,.833,-.548,.072,-.252,-.261,.932);es="Linear";ed="In";};["000-offset.001"]={cf=cfr(0,0,0,.999,.04,0,-.04,.999,0,0,0,1);es="Linear";ed="In";};["000-offset.010"]={cf=cfr(0,0,0,.565,.825,0,-.825,.565,0,0,0,1);es="Linear";ed="In";};["000-offset.013"]={cf=cfr(0,0,0,.64,.769,0,-.769,.64,0,0,0,1);es="Linear";ed="In";};["000-offset.002"]={cf=cfr(0,0,0,.657,-.754,0,.754,.657,0,0,0,1);es="Linear";ed="In";};["000-offset.014"]={cf=cfr(0,0,0,.711,-.703,-.005,.703,.711,-.019,.017,.01,1);es="Linear";ed="In";};["000-offset.006"]={cf=cfr(0,0,0,-.305,-.033,-.952,-.045,-.998,.049,-.951,.057,.303);es="Linear";ed="In";};["000-offset.003"]={cf=cfr(0,0,0,-.343,-.029,.939,.307,-.948,.083,.888,.316,.334);es="Linear";ed="In";};["000-offset.007"]={cf=cfr(0,0,0,.843,-.538,0,.538,.843,0,0,0,1);es="Linear";ed="In";};["000-offset.004"]={cf=cfr(0,0,0,.652,-.758,0,.758,.652,0,0,0,1);es="Linear";ed="In";};["000-offset.008"]={cf=cfr(0,0,0,.812,-.58,.059,.477,.719,.505,-.335,-.382,.861);es="Linear";ed="In";};["000-offset.005"]={cf=cfr(0,0,0,.935,-.33,-.127,.313,.94,-.139,.165,.09,.982);es="Linear";ed="In";};};{tm=.833;["000-offset"]={cf=cfr(0,0,0,-1,-.007,0,.007,-1,0,0,0,1);es="Linear";ed="In";};["000-offset.009"]={cf=cfr(0,0,0,-.551,-.772,.316,.787,-.607,-.111,.278,.187,.942);es="Linear";ed="In";};["000-offset.012"]={cf=cfr(0,0,0,-.489,-.797,-.355,.836,-.544,.072,-.251,-.262,.932);es="Linear";ed="In";};["000-offset.001"]={cf=cfr(0,0,0,.999,.042,0,-.042,.999,0,0,0,1);es="Linear";ed="In";};["000-offset.010"]={cf=cfr(0,0,0,.587,.81,0,-.81,.587,0,0,0,1);es="Linear";ed="In";};["000-offset.013"]={cf=cfr(0,0,0,.658,.753,0,-.753,.658,0,0,0,1);es="Linear";ed="In";};["000-offset.002"]={cf=cfr(0,0,0,.633,-.774,0,.774,.633,0,0,0,1);es="Linear";ed="In";};["000-offset.014"]={cf=cfr(0,0,0,.705,-.709,-.005,.709,.705,-.019,.017,.01,1);es="Linear";ed="In";};["000-offset.006"]={cf=cfr(0,0,0,-.316,-.015,-.948,-.054,-.998,.034,-.947,.062,.315);es="Linear";ed="In";};["000-offset.003"]={cf=cfr(0,0,0,-.331,-.046,.942,.295,-.954,.057,.896,.297,.329);es="Linear";ed="In";};["000-offset.007"]={cf=cfr(0,0,0,.847,-.532,0,.532,.847,0,0,0,1);es="Linear";ed="In";};["000-offset.004"]={cf=cfr(0,0,0,.647,-.763,0,.763,.647,0,0,0,1);es="Linear";ed="In";};["000-offset.008"]={cf=cfr(0,0,0,.817,-.575,.035,.477,.71,.518,-.323,-.406,.855);es="Linear";ed="In";};["000-offset.005"]={cf=cfr(0,0,0,.939,-.322,-.124,.301,.94,-.158,.168,.111,.98);es="Linear";ed="In";};};{tm=.875;["root"]={cf=cfr(0,1.17,0,0,0,1,0,1,0,-1,0,0);es="Linear";ed="In";};["000-offset"]={cf=cfr(0,0,0,-1,-.011,0,.011,-1,0,0,0,1);es="Linear";ed="In";};["000-offset.009"]={cf=cfr(0,0,0,-.545,-.777,.316,.792,-.601,-.111,.276,.189,.942);es="Linear";ed="In";};["000-offset.012"]={cf=cfr(0,0,0,-.485,-.799,-.355,.838,-.541,.072,-.249,-.263,.932);es="Linear";ed="In";};["000-offset.001"]={cf=cfr(0,0,0,.999,.042,0,-.042,.999,0,0,0,1);es="Linear";ed="In";};["000-offset.010"]={cf=cfr(0,0,0,.605,.796,0,-.796,.605,0,0,0,1);es="Linear";ed="In";};["000-offset.013"]={cf=cfr(0,0,0,.667,.745,0,-.745,.667,0,0,0,1);es="Linear";ed="In";};["000-offset.002"]={cf=cfr(0,0,0,.627,-.779,0,.779,.627,0,0,0,1);es="Linear";ed="In";};["000-offset.014"]={cf=cfr(0,0,0,.703,-.711,-.005,.711,.703,-.019,.017,.01,1);es="Linear";ed="In";};["000-offset.006"]={cf=cfr(0,0,0,-.346,-.01,-.938,-.065,-.997,.035,-.936,.073,.345);es="Linear";ed="In";};["000-offset.003"]={cf=cfr(0,0,0,-.335,-.075,.939,.282,-.959,.024,.899,.273,.342);es="Linear";ed="In";};["000-offset.007"]={cf=cfr(0,0,0,.841,-.541,0,.541,.841,0,0,0,1);es="Linear";ed="In";};["000-offset.004"]={cf=cfr(0,0,0,.642,-.767,0,.767,.642,0,0,0,1);es="Linear";ed="In";};["000-offset.008"]={cf=cfr(0,0,0,.818,-.574,.031,.477,.709,.52,-.32,-.41,.854);es="Linear";ed="In";};["000-offset.005"]={cf=cfr(0,0,0,.939,-.322,-.119,.299,.938,-.177,.168,.13,.977);es="Linear";ed="In";};};{tm=.917;["root"]={cf=cfr(0,1.184,0,0,0,1,0,1,0,-1,0,0);es="Linear";ed="In";};["000-offset"]={cf=cfr(0,0,0,-1,.015,0,-.015,-1,0,0,0,1);es="Linear";ed="In";};["000-offset.009"]={cf=cfr(0,0,0,-.545,-.777,.316,.792,-.601,-.11,.275,.19,.942);es="Linear";ed="In";};["000-offset.012"]={cf=cfr(0,0,0,-.489,-.797,-.355,.836,-.545,.072,-.251,-.262,.932);es="Linear";ed="In";};["000-offset.001"]={cf=cfr(0,0,0,.999,.039,0,-.039,.999,0,0,0,1);es="Linear";ed="In";};["000-offset.010"]={cf=cfr(0,0,0,.587,.81,0,-.81,.587,0,0,0,1);es="Linear";ed="In";};["000-offset.013"]={cf=cfr(0,0,0,.642,.766,0,-.766,.642,0,0,0,1);es="Linear";ed="In";};["000-offset.002"]={cf=cfr(0,0,0,.668,-.744,0,.744,.668,0,0,0,1);es="Linear";ed="In";};["000-offset.014"]={cf=cfr(0,0,0,.711,-.703,-.005,.703,.711,-.019,.017,.01,1);es="Linear";ed="In";};["000-offset.006"]={cf=cfr(0,0,0,-.401,-.034,-.916,-.062,-.996,.065,-.914,.083,.397);es="Linear";ed="In";};["000-offset.003"]={cf=cfr(0,0,0,-.363,-.12,.924,.292,-.956,-.009,.885,.266,.382);es="Linear";ed="In";};["000-offset.007"]={cf=cfr(0,0,0,.827,-.563,0,.563,.827,0,0,0,1);es="Linear";ed="In";};["000-offset.004"]={cf=cfr(0,0,0,.647,-.763,0,.763,.647,0,0,0,1);es="Linear";ed="In";};["000-offset.008"]={cf=cfr(0,0,0,.809,-.583,.074,.477,.726,.496,-.343,-.366,.865);es="Linear";ed="In";};["000-offset.005"]={cf=cfr(0,0,0,.933,-.339,-.119,.319,.935,-.156,.164,.108,.981);es="Linear";ed="In";};};{tm=.958;["root"]={cf=cfr(0,1.227,0,0,0,1,0,1,0,-1,0,0);es="Linear";ed="In";};["000-offset"]={cf=cfr(0,0,0,-.997,.071,0,-.071,-.997,0,0,0,1);es="Linear";ed="In";};["000-offset.009"]={cf=cfr(0,0,0,-.546,-.775,.319,.793,-.601,-.104,.272,.196,.942);es="Linear";ed="In";};["000-offset.012"]={cf=cfr(0,0,0,-.5,-.789,-.355,.83,-.555,.064,-.248,-.263,.932);es="Linear";ed="In";};["000-offset.001"]={cf=cfr(0,0,0,1,.031,0,-.031,1,0,0,0,1);es="Linear";ed="In";};["000-offset.010"]={cf=cfr(0,0,0,.528,.849,0,-.849,.528,0,0,0,1);es="Linear";ed="In";};["000-offset.013"]={cf=cfr(0,0,0,.577,.816,0,-.816,.577,0,0,0,1);es="Linear";ed="In";};["000-offset.002"]={cf=cfr(0,0,0,.76,-.65,0,.65,.76,0,0,0,1);es="Linear";ed="In";};["000-offset.014"]={cf=cfr(0,0,0,.731,-.682,-.005,.682,.731,-.019,.017,.011,1);es="Linear";ed="In";};["000-offset.006"]={cf=cfr(0,0,0,-.497,-.146,-.855,-.015,-.984,.176,-.867,.1,.487);es="Linear";ed="In";};["000-offset.003"]={cf=cfr(0,0,0,-.42,-.181,.889,.325,-.945,-.039,.848,.272,.455);es="Linear";ed="In";};["000-offset.007"]={cf=cfr(0,0,0,.773,-.634,0,.634,.773,0,0,0,1);es="Linear";ed="In";};["000-offset.004"]={cf=cfr(0,0,0,.662,-.749,0,.749,.662,0,0,0,1);es="Linear";ed="In";};["000-offset.008"]={cf=cfr(0,0,0,.787,-.572,.232,.451,.79,.416,-.421,-.222,.88);es="Linear";ed="In";};["000-offset.005"]={cf=cfr(0,0,0,.916,-.375,-.139,.367,.927,-.083,.16,.025,.987);es="Linear";ed="In";};};{tm=1;["root"]={cf=cfr(0,1.283,0,0,0,1,0,1,0,-1,0,0);es="Linear";ed="In";};["000-offset"]={cf=cfr(0,0,0,-.99,.14,0,-.14,-.99,0,0,0,1);es="Linear";ed="In";};["000-offset.009"]={cf=cfr(0,0,0,-.547,-.771,.326,.795,-.6,-.088,.263,.211,.941);es="Linear";ed="In";};["000-offset.012"]={cf=cfr(0,0,0,-.514,-.781,-.356,.824,-.564,.048,-.239,-.269,.933);es="Linear";ed="In";};["000-offset.001"]={cf=cfr(0,0,0,1,.018,0,-.018,1,0,0,0,1);es="Linear";ed="In";};["000-offset.010"]={cf=cfr(0,0,0,.446,.895,0,-.895,.446,0,0,0,1);es="Linear";ed="In";};["000-offset.013"]={cf=cfr(0,0,0,.485,.875,0,-.875,.485,0,0,0,1);es="Linear";ed="In";};["000-offset.002"]={cf=cfr(0,0,0,.863,-.506,0,.506,.863,0,0,0,1);es="Linear";ed="In";};["000-offset.014"]={cf=cfr(0,0,0,.755,-.655,-.005,.655,.755,-.019,.016,.011,1);es="Linear";ed="In";};["000-offset.006"]={cf=cfr(0,0,0,-.609,-.296,-.736,.095,-.948,.302,-.787,.114,.606);es="Linear";ed="In";};["000-offset.003"]={cf=cfr(0,0,0,-.496,-.251,.832,.36,-.93,-.066,.79,.267,.551);es="Linear";ed="In";};["000-offset.007"]={cf=cfr(0,0,0,.692,-.722,0,.722,.692,0,0,0,1);es="Linear";ed="In";};["000-offset.004"]={cf=cfr(0,0,0,.682,-.731,0,.731,.682,0,0,0,1);es="Linear";ed="In";};["000-offset.008"]={cf=cfr(0,0,0,.738,-.503,.449,.419,.864,.278,-.528,-.017,.849);es="Linear";ed="In";};["000-offset.005"]={cf=cfr(0,0,0,.888,-.42,-.186,.43,.903,.015,.162,-.093,.982);es="Linear";ed="In";};};{tm=1.042;["root"]={cf=cfr(0,1.325,0,0,0,1,0,1,0,-1,0,0);es="Linear";ed="In";};["000-offset"]={cf=cfr(0,0,0,-.976,.219,0,-.219,-.976,0,0,0,1);es="Linear";ed="In";};["000-offset.009"]={cf=cfr(0,0,0,-.548,-.768,.332,.797,-.6,-.072,.255,.225,.94);es="Linear";ed="In";};["000-offset.012"]={cf=cfr(0,0,0,-.529,-.77,-.356,.817,-.576,.032,-.23,-.274,.934);es="Linear";ed="In";};["000-offset.001"]={cf=cfr(0,0,0,1,.003,0,-.003,1,0,0,0,1);es="Linear";ed="In";};["000-offset.010"]={cf=cfr(0,0,0,.347,.938,0,-.938,.347,0,0,0,1);es="Linear";ed="In";};["000-offset.013"]={cf=cfr(0,0,0,.373,.928,0,-.928,.373,0,0,0,1);es="Linear";ed="In";};["000-offset.002"]={cf=cfr(0,0,0,.946,-.325,0,.325,.946,0,0,0,1);es="Linear";ed="In";};["000-offset.014"]={cf=cfr(0,0,0,.782,-.623,-.005,.623,.782,-.019,.016,.012,1);es="Linear";ed="In";};["000-offset.006"]={cf=cfr(0,0,0,-.686,-.432,-.586,.229,-.892,.389,-.69,.133,.711);es="Linear";ed="In";};["000-offset.003"]={cf=cfr(0,0,0,-.577,-.32,.751,.392,-.916,-.088,.716,.244,.654);es="Linear";ed="In";};["000-offset.007"]={cf=cfr(0,0,0,.674,-.738,0,.738,.674,0,0,0,1);es="Linear";ed="In";};["000-offset.004"]={cf=cfr(0,0,0,.704,-.71,0,.71,.704,0,0,0,1);es="Linear";ed="In";};["000-offset.008"]={cf=cfr(0,0,0,.659,-.458,.597,.449,.876,.176,-.604,.152,.783);es="Linear";ed="In";};["000-offset.005"]={cf=cfr(0,0,0,.852,-.46,-.25,.498,.86,.115,.162,-.222,.961);es="Linear";ed="In";};};{tm=1.083;["root"]={cf=cfr(0,1.339,0,0,0,1,0,1,0,-1,0,0);es="Linear";ed="In";};["000-offset"]={cf=cfr(0,0,0,-.953,.303,0,-.303,-.953,0,0,0,1);es="Linear";ed="In";};["000-offset.009"]={cf=cfr(0,0,0,-.552,-.764,.335,.795,-.603,-.065,.252,.231,.94);es="Linear";ed="In";};["000-offset.012"]={cf=cfr(0,0,0,-.547,-.758,-.356,.805,-.593,.025,-.23,-.273,.934);es="Linear";ed="In";};["000-offset.001"]={cf=cfr(0,0,0,1,-.008,0,.008,1,0,0,0,1);es="Linear";ed="In";};["000-offset.010"]={cf=cfr(0,0,0,.239,.971,0,-.971,.239,0,0,0,1);es="Linear";ed="In";};["000-offset.013"]={cf=cfr(0,0,0,.253,.967,0,-.967,.253,0,0,0,1);es="Linear";ed="In";};["000-offset.002"]={cf=cfr(0,0,0,.991,-.134,0,.134,.991,0,0,0,1);es="Linear";ed="In";};["000-offset.014"]={cf=cfr(0,0,0,.809,-.588,-.005,.587,.809,-.019,.015,.013,1);es="Linear";ed="In";};["000-offset.006"]={cf=cfr(0,0,0,-.743,-.522,-.418,.361,-.839,.406,-.563,.151,.812);es="Linear";ed="In";};["000-offset.003"]={cf=cfr(0,0,0,-.652,-.381,.656,.419,-.902,-.108,.632,.204,.747);es="Linear";ed="In";};["000-offset.007"]={cf=cfr(0,0,0,.807,-.59,0,.59,.807,0,0,0,1);es="Linear";ed="In";};["000-offset.004"]={cf=cfr(0,0,0,.727,-.687,0,.687,.727,0,0,0,1);es="Linear";ed="In";};["000-offset.008"]={cf=cfr(0,0,0,.494,-.565,.661,.596,.773,.215,-.633,.288,.719);es="Linear";ed="In";};["000-offset.005"]={cf=cfr(0,0,0,.812,-.492,-.313,.563,.802,.2,.153,-.339,.928);es="Linear";ed="In";};};{tm=1.125;["root"]={cf=cfr(0,1.325,0,0,0,1,0,1,0,-1,0,0);es="Linear";ed="In";};["000-offset"]={cf=cfr(0,0,0,-.922,.387,0,-.387,-.922,0,0,0,1);es="Linear";ed="In";};["000-offset.009"]={cf=cfr(0,0,0,-.56,-.759,.331,.787,-.613,-.075,.259,.218,.941);es="Linear";ed="In";};["000-offset.012"]={cf=cfr(0,0,0,-.567,-.744,-.355,.787,-.616,.035,-.245,-.259,.934);es="Linear";ed="In";};["000-offset.001"]={cf=cfr(0,0,0,1,-.014,0,.014,1,0,0,0,1);es="Linear";ed="In";};["000-offset.010"]={cf=cfr(0,0,0,.133,.991,0,-.991,.133,0,0,0,1);es="Linear";ed="In";};["000-offset.013"]={cf=cfr(0,0,0,.14,.99,0,-.99,.14,0,0,0,1);es="Linear";ed="In";};["000-offset.002"]={cf=cfr(0,0,0,.999,.035,0,-.035,.999,0,0,0,1);es="Linear";ed="In";};["000-offset.014"]={cf=cfr(0,0,0,.835,-.55,-.005,.55,.835,-.019,.015,.014,1);es="Linear";ed="In";};["000-offset.006"]={cf=cfr(0,0,0,-.766,-.591,-.252,.486,-.79,.374,-.42,.165,.892);es="Linear";ed="In";};["000-offset.003"]={cf=cfr(0,0,0,-.708,-.432,.559,.443,-.888,-.125,.55,.159,.82);es="Linear";ed="In";};["000-offset.007"]={cf=cfr(0,0,0,.944,-.33,0,.33,.944,0,0,0,1);es="Linear";ed="In";};["000-offset.004"]={cf=cfr(0,0,0,.748,-.664,0,.664,.748,0,0,0,1);es="Linear";ed="In";};["000-offset.008"]={cf=cfr(0,0,0,.246,-.698,.673,.73,.59,.345,-.638,.406,.655);es="Linear";ed="In";};["000-offset.005"]={cf=cfr(0,0,0,.777,-.519,-.355,.616,.743,.261,.129,-.422,.898);es="Linear";ed="In";};};{tm=1.167;["root"]={cf=cfr(0,1.311,0,0,0,1,0,1,0,-1,0,0);es="Linear";ed="In";};["000-offset"]={cf=cfr(0,0,0,-.884,.467,0,-.467,-.884,0,0,0,1);es="Linear";ed="In";};["000-offset.009"]={cf=cfr(0,0,0,-.574,-.756,.315,.768,-.63,-.111,.282,.179,.942);es="Linear";ed="In";};["000-offset.012"]={cf=cfr(0,0,0,-.588,-.727,-.355,.758,-.648,.072,-.282,-.227,.932);es="Linear";ed="In";};["000-offset.001"]={cf=cfr(0,0,0,1,-.011,0,.011,1,0,0,0,1);es="Linear";ed="In";};["000-offset.010"]={cf=cfr(0,0,0,.037,.999,0,-.999,.037,0,0,0,1);es="Linear";ed="In";};["000-offset.013"]={cf=cfr(0,0,0,.047,.999,0,-.999,.047,0,0,0,1);es="Linear";ed="In";};["000-offset.002"]={cf=cfr(0,0,0,.989,.151,0,-.151,.989,0,0,0,1);es="Linear";ed="In";};["000-offset.011"]={cf=cfr(0,0,0,.759,-.651,0,.651,.759,0,0,0,1);es="Linear";ed="In";};["000-offset.014"]={cf=cfr(0,0,0,.858,-.513,-.005,.513,.858,-.019,.014,.014,1);es="Linear";ed="In";};["000-offset.006"]={cf=cfr(0,0,0,-.749,-.643,-.163,.559,-.744,.366,-.356,.183,.916);es="Linear";ed="In";};["000-offset.003"]={cf=cfr(0,0,0,-.737,-.477,.479,.473,-.87,-.14,.483,.123,.867);es="Linear";ed="In";};["000-offset.007"]={cf=cfr(0,0,0,.978,-.206,0,.206,.978,0,0,0,1);es="Linear";ed="In";};["000-offset.004"]={cf=cfr(0,0,0,.766,-.643,0,.643,.766,0,0,0,1);es="Linear";ed="In";};["000-offset.008"]={cf=cfr(0,0,0,.114,-.74,.663,.775,.483,.407,-.621,.468,.629);es="Linear";ed="In";};["000-offset.005"]={cf=cfr(0,0,0,.754,-.554,-.353,.651,.699,.296,.083,-.453,.888);es="Linear";ed="In";};};{tm=1.208;["root"]={cf=cfr(0,1.283,0,0,0,1,0,1,0,-1,0,0);es="Linear";ed="In";};["000-of