local cfr = CFrame.new

return {{tm=0;["RootNode"]={cf=cfr(0,0,0,-1,0,0,0,1,0,0,0,-1);es="Linear";ed="In";};["root"]={cf=cfr(0,2.425,0,0,0,1,0,1,0,-1,0,0);es="Linear";ed="In";};["000-offset"]={cf=cfr(0,0,0,-.039,.999,0,-.999,-.039,0,0,0,1);es="Linear";ed="In";};["004-offset.001"]={cf=cfr(0,0,0,-.005,-1,0,1,-.005,0,0,0,1);es="Linear";ed="In";};["006-offset"]={cf=cfr(0,0,0,-.015,-1,0,1,-.015,0,0,0,1);es="Linear";ed="In";};["000-offset.009"]={cf=cfr(0,0,0,-.859,-.21,.466,.3,-.946,.127,.414,.249,.875);es="Linear";ed="In";};["000-offset.012"]={cf=cfr(0,0,0,-.367,-.84,-.4,.88,-.453,.142,-.3,-.3,.906);es="Linear";ed="In";};["000-offset.001"]={cf=cfr(0,0,0,.842,.54,-.009,-.54,.842,.014,.016,-.007,1);es="Linear";ed="In";};["000-offset.010"]={cf=cfr(0,0,0,-.306,.952,0,-.952,-.306,0,0,0,1);es="Linear";ed="In";};["000-offset.013"]={cf=cfr(0,0,0,.476,.879,0,-.879,.476,0,0,0,1);es="Linear";ed="In";};["004-offset"]={cf=cfr(0,0,0,.035,-.999,0,.999,.035,0,0,0,1);es="Linear";ed="In";};["002-offset"]={cf=cfr(0,0,0,.035,-.999,0,.999,.035,0,0,0,1);es="Linear";ed="In";};["000-offset.002"]={cf=cfr(0,0,0,.995,.093,.045,-.094,.996,.008,-.044,-.012,.999);es="Linear";ed="In";};["000-offset.011"]={cf=cfr(0,0,0,.095,-.995,.02,.995,.095,.021,-.023,.018,1);es="Linear";ed="In";};["000-offset.014"]={cf=cfr(0,0,0,-.186,-.962,-.202,.981,-.193,.014,-.052,-.195,.979);es="Linear";ed="In";};["000-offset.006"]={cf=cfr(0,0,0,-.004,-.995,-.095,-.012,-.095,.995,-1,.005,-.012);es="Linear";ed="In";};["000-offset.003"]={cf=cfr(0,0,0,.681,-.67,.295,.267,-.148,-.952,.682,.727,.078);es="Linear";ed="In";};["000-offset.007"]={cf=cfr(0,0,0,.629,-.777,0,.777,.629,0,0,0,1);es="Linear";ed="In";};["000-offset.004"]={cf=cfr(0,0,0,.727,-.686,0,.686,.727,0,0,0,1);es="Linear";ed="In";};["000-offset.008"]={cf=cfr(0,0,0,.937,-.348,-.026,.346,.915,.207,-.048,-.203,.978);es="Linear";ed="In";};["000-offset.005"]={cf=cfr(0,0,0,.946,-.312,-.094,.31,.95,-.031,.099,0,.995);es="Linear";ed="In";};};{tm=.042;["root"]={cf=cfr(0,2.044,0,0,0,1,0,1,0,-1,0,0);es="Linear";ed="In";};["000-offset"]={cf=cfr(0,0,0,-.157,.988,0,-.988,-.157,0,0,0,1);es="Linear";ed="In";};["004-offset.001"]={cf=cfr(0,0,0,-.004,-1,0,1,-.004,0,0,0,1);es="Linear";ed="In";};["000-offset.009"]={cf=cfr(0,0,0,-.863,-.193,.468,.265,-.96,.093,.431,.204,.879);es="Linear";ed="In";};["000-offset.012"]={cf=cfr(0,0,0,-.581,-.665,-.469,.694,-.706,.14,-.424,-.245,.872);es="Linear";ed="In";};["000-offset.001"]={cf=cfr(0,0,0,.813,.582,-.004,-.582,.813,.02,.015,-.014,1);es="Linear";ed="In";};["000-offset.010"]={cf=cfr(0,0,0,-.288,.958,0,-.958,-.288,0,0,0,1);es="Linear";ed="In";};["000-offset.013"]={cf=cfr(0,0,0,.016,1,0,-1,.016,0,0,0,1);es="Linear";ed="In";};["000-offset.002"]={cf=cfr(0,0,0,.995,.093,.039,-.094,.996,.007,-.038,-.011,.999);es="Linear";ed="In";};["000-offset.011"]={cf=cfr(0,0,0,-.157,-.987,.024,.987,-.156,.041,-.037,.03,.999);es="Linear";ed="In";};["000-offset.014"]={cf=cfr(0,0,0,-.472,-.852,-.225,.88,-.47,-.067,-.049,-.23,.972);es="Linear";ed="In";};["000-offset.006"]={cf=cfr(0,0,0,.358,-.933,-.017,.095,.019,.995,-.929,-.358,.096);es="Linear";ed="In";};["000-offset.003"]={cf=cfr(0,0,0,.664,-.745,-.063,.206,.263,-.943,.719,.613,.328);es="Linear";ed="In";};["000-offset.007"]={cf=cfr(0,0,0,.345,-.938,0,.938,.345,0,0,0,1);es="Linear";ed="In";};["000-offset.004"]={cf=cfr(0,0,0,.551,-.835,0,.835,.551,0,0,0,1);es="Linear";ed="In";};["000-offset.008"]={cf=cfr(0,0,0,.957,-.282,-.072,.291,.911,.293,-.017,-.301,.953);es="Linear";ed="In";};["000-offset.005"]={cf=cfr(0,0,0,.914,-.386,-.124,.383,.922,-.052,.134,0,.991);es="Linear";ed="In";};};{tm=.083;["root"]={cf=cfr(0,1.636,0,0,0,1,0,1,0,-1,0,0);es="Linear";ed="In";};["000-offset"]={cf=cfr(0,0,0,-.214,.977,0,-.977,-.214,0,0,0,1);es="Linear";ed="In";};["004-offset.001"]={cf=cfr(0,0,0,-.015,-1,0,1,-.015,0,0,0,1);es="Linear";ed="In";};["000-offset.009"]={cf=cfr(0,0,0,-.863,-.178,.473,.236,-.969,.067,.447,.17,.878);es="Linear";ed="In";};["000-offset.012"]={cf=cfr(0,0,0,-.696,-.46,-.551,.489,-.866,.105,-.525,-.196,.828);es="Linear";ed="In";};["000-offset.001"]={cf=cfr(0,0,0,.794,.608,.001,-.608,.794,.024,.014,-.019,1);es="Linear";ed="In";};["000-offset.010"]={cf=cfr(0,0,0,-.295,.956,0,-.956,-.295,0,0,0,1);es="Linear";ed="In";};["000-offset.013"]={cf=cfr(0,0,0,-.382,.924,0,-.924,-.382,0,0,0,1);es="Linear";ed="In";};["000-offset.002"]={cf=cfr(0,0,0,.994,.103,.034,-.103,.995,.006,-.033,-.01,.999);es="Linear";ed="In";};["000-offset.011"]={cf=cfr(0,0,0,-.364,-.931,.02,.93,-.363,.057,-.045,.04,.998);es="Linear";ed="In";};["000-offset.014"]={cf=cfr(0,0,0,-.625,-.753,-.208,.78,-.614,-.121,-.037,-.238,.971);es="Linear";ed="In";};["000-offset.006"]={cf=cfr(0,0,0,.526,-.848,.068,-.069,.038,.997,-.848,-.529,-.039);es="Linear";ed="In";};["000-offset.003"]={cf=cfr(0,0,0,.647,-.69,-.324,.163,.54,-.825,.744,.482,.463);es="Linear";ed="In";};["000-offset.007"]={cf=cfr(0,0,0,.175,-.985,0,.985,.175,0,0,0,1);es="Linear";ed="In";};["000-offset.004"]={cf=cfr(0,0,0,.407,-.914,0,.914,.407,0,0,0,1);es="Linear";ed="In";};["000-offset.008"]={cf=cfr(0,0,0,.966,-.244,-.089,.26,.907,.331,0,-.343,.939);es="Linear";ed="In";};["000-offset.005"]={cf=cfr(0,0,0,.888,-.438,-.143,.432,.899,-.07,.159,0,.987);es="Linear";ed="In";};};{tm=.125;["root"]={cf=cfr(0,1.551,0,0,0,1,0,1,0,-1,0,0);es="Linear";ed="In";};["000-offset"]={cf=cfr(0,0,0,-.218,.976,0,-.976,-.218,0,0,0,1);es="Linear";ed="In";};["004-offset.001"]={cf=cfr(0,0,0,-.115,-.993,0,.993,-.115,0,0,0,1);es="Linear";ed="In";};["000-offset.009"]={cf=cfr(0,0,0,-.85,-.202,.487,.266,-.962,.065,.455,.185,.871);es="Linear";ed="In";};["000-offset.012"]={cf=cfr(0,0,0,-.725,-.388,-.57,.411,-.907,.094,-.553,-.166,.816);es="Linear";ed="In";};["000-offset.001"]={cf=cfr(0,0,0,.791,.612,.003,-.612,.791,.025,.013,-.022,1);es="Linear";ed="In";};["000-offset.010"]={cf=cfr(0,0,0,-.437,.899,0,-.899,-.437,0,0,0,1);es="Linear";ed="In";};["000-offset.013"]={cf=cfr(0,0,0,-.469,.883,0,-.883,-.469,0,0,0,1);es="Linear";ed="In";};["000-offset.002"]={cf=cfr(0,0,0,.99,.136,.03,-.136,.991,.004,-.029,-.008,1);es="Linear";ed="In";};["000-offset.011"]={cf=cfr(0,0,0,-.412,-.911,.027,.911,-.412,.03,-.016,.037,.999);es="Linear";ed="In";};["000-offset.014"]={cf=cfr(0,0,0,-.632,-.751,-.19,.774,-.623,-.114,-.033,-.219,.975);es="Linear";ed="In";};["000-offset.006"]={cf=cfr(0,0,0,.527,-.847,.068,-.006,.076,.997,-.85,-.526,.035);es="Linear";ed="In";};["000-offset.003"]={cf=cfr(0,0,0,.646,-.652,-.397,.142,.613,-.777,.75,.446,.488);es="Linear";ed="In";};["000-offset.007"]={cf=cfr(0,0,0,.129,-.992,0,.992,.129,0,0,0,1);es="Linear";ed="In";};["000-offset.004"]={cf=cfr(0,0,0,.367,-.93,0,.93,.367,0,0,0,1);es="Linear";ed="In";};["000-offset.008"]={cf=cfr(0,0,0,.967,-.237,-.089,.253,.911,.325,.004,-.337,.941);es="Linear";ed="In";};["000-offset.005"]={cf=cfr(0,0,0,.88,-.452,-.149,.445,.892,-.075,.166,0,.986);es="Linear";ed="In";};};{tm=.167;["root"]={cf=cfr(0,1.678,0,0,0,1,0,1,0,-1,0,0);es="Linear";ed="In";};["000-offset"]={cf=cfr(0,0,0,-.217,.976,0,-.976,-.217,0,0,0,1);es="Linear";ed="In";};["004-offset.001"]={cf=cfr(0,0,0,-.015,-1,0,1,-.015,0,0,0,1);es="Linear";ed="In";};["000-offset.009"]={cf=cfr(0,0,0,-.845,-.178,.505,.247,-.966,.073,.474,.187,.86);es="Linear";ed="In";};["000-offset.012"]={cf=cfr(0,0,0,-.734,-.383,-.561,.397,-.912,.103,-.551,-.147,.822);es="Linear";ed="In";};["000-offset.001"]={cf=cfr(0,0,0,.802,.598,.003,-.598,.801,.025,.012,-.022,1);es="Linear";ed="In";};["000-offset.010"]={cf=cfr(0,0,0,-.223,.975,0,-.975,-.223,0,0,0,1);es="Linear";ed="In";};["000-offset.013"]={cf=cfr(0,0,0,-.286,.958,0,-.958,-.286,0,0,0,1);es="Linear";ed="In";};["000-offset.002"]={cf=cfr(0,0,0,.957,.289,.03,-.289,.957,-.006,-.03,-.003,1);es="Linear";ed="In";};["000-offset.011"]={cf=cfr(0,0,0,-.284,-.959,0,.959,-.284,0,0,0,1);es="Linear";ed="In";};["000-offset.014"]={cf=cfr(0,0,0,-.486,-.86,-.156,.874,-.483,-.062,-.022,-.166,.986);es="Linear";ed="In";};["000-offset.006"]={cf=cfr(0,0,0,.491,-.869,.058,.098,.121,.988,-.866,-.479,.145);es="Linear";ed="In";};["000-offset.003"]={cf=cfr(0,0,0,.654,-.664,-.362,.142,.578,-.804,.743,.474,.472);es="Linear";ed="In";};["000-offset.007"]={cf=cfr(0,0,0,.096,-.995,0,.995,.096,0,0,0,1);es="Linear";ed="In";};["000-offset.004"]={cf=cfr(0,0,0,.39,-.921,0,.921,.39,0,0,0,1);es="Linear";ed="In";};["000-offset.008"]={cf=cfr(0,0,0,.969,-.232,-.087,.248,.917,.312,.008,-.324,.946);es="Linear";ed="In";};["000-offset.005"]={cf=cfr(0,0,0,.884,-.445,-.146,.439,.896,-.072,.163,0,.987);es="Linear";ed="In";};};{tm=.208;["root"]={cf=cfr(0,1.819,0,0,0,1,0,1,0,-1,0,0);es="Linear";ed="In";};["000-offset"]={cf=cfr(0,0,0,-.209,.978,0,-.978,-.209,0,0,0,1);es="Linear";ed="In";};["000-offset.009"]={cf=cfr(0,0,0,-.781,-.325,.532,.434,-.896,.09,.448,.302,.842);es="Linear";ed="In";};["000-offset.012"]={cf=cfr(0,0,0,-.719,-.425,-.551,.445,-.889,.105,-.534,-.169,.828);es="Linear";ed="In";};["000-offset.001"]={cf=cfr(0,0,0,.817,.577,.003,-.576,.817,.023,.011,-.021,1);es="Linear";ed="In";};["000-offset.010"]={cf=cfr(0,0,0,-.233,.972,0,-.972,-.233,0,0,0,1);es="Linear";ed="In";};["000-offset.013"]={cf=cfr(0,0,0,-.171,.985,0,-.985,-.171,0,0,0,1);es="Linear";ed="In";};["000-offset.002"]={cf=cfr(0,0,0,.914,.404,.028,-.404,.915,-.014,-.032,.002,.999);es="Linear";ed="In";};["000-offset.011"]={cf=cfr(0,0,0,-.455,-.89,-.03,.889,-.456,.047,-.055,-.005,.998);es="Linear";ed="In";};["000-offset.014"]={cf=cfr(0,0,0,-.412,-.884,-.221,.911,-.404,-.084,-.015,-.236,.972);es="Linear";ed="In";};["000-offset.006"]={cf=cfr(0,0,0,.402,-.914,.059,.208,.154,.966,-.891,-.377,.252);es="Linear";ed="In";};["000-offset.003"]={cf=cfr(0,0,0,.647,-.69,-.324,.163,.54,-.825,.744,.482,.463);es="Linear";ed="In";};["000-offset.007"]={cf=cfr(0,0,0,.075,-.997,0,.997,.075,0,0,0,1);es="Linear";ed="In";};["000-offset.004"]={cf=cfr(0,0,0,.407,-.914,0,.914,.407,0,0,0,1);es="Linear";ed="In";};["000-offset.008"]={cf=cfr(0,0,0,.97,-.23,-.084,.245,.924,.293,.01,-.305,.952);es="Linear";ed="In";};["000-offset.005"]={cf=cfr(0,0,0,.888,-.438,-.143,.432,.899,-.07,.159,0,.987);es="Linear";ed="In";};};{tm=.25;["root"]={cf=cfr(0,1.903,0,0,0,1,0,1,0,-1,0,0);es="Linear";ed="In";};["000-offset"]={cf=cfr(0,0,0,-.197,.98,0,-.98,-.197,0,0,0,1);es="Linear";ed="In";};["000-offset.009"]={cf=cfr(0,0,0,-.739,-.365,.566,.503,-.858,.103,.448,.361,.818);es="Linear";ed="In";};["000-offset.012"]={cf=cfr(0,0,0,-.702,-.447,-.554,.484,-.871,.091,-.523,-.204,.827);es="Linear";ed="In";};["000-offset.001"]={cf=cfr(0,0,0,.836,.549,.002,-.549,.835,.022,.01,-.019,1);es="Linear";ed="In";};["000-offset.010"]={cf=cfr(0,0,0,-.153,.988,0,-.988,-.153,0,0,0,1);es="Linear";ed="In";};["000-offset.013"]={cf=cfr(0,0,0,-.08,.997,0,-.997,-.08,0,0,0,1);es="Linear";ed="In";};["000-offset.002"]={cf=cfr(0,0,0,.923,.383,.026,-.383,.924,-.013,-.029,.002,1);es="Linear";ed="In";};["000-offset.011"]={cf=cfr(0,0,0,-.429,-.903,-.028,.902,-.43,.046,-.054,-.005,.999);es="Linear";ed="In";};["000-offset.014"]={cf=cfr(0,0,0,-.356,-.911,-.21,.935,-.349,-.068,-.012,-.221,.975);es="Linear";ed="In";};["000-offset.003"]={cf=cfr(0,0,0,.622,-.716,-.319,.198,.537,-.82,.758,.447,.476);es="Linear";ed="In";};["000-offset.006"]={cf=cfr(0,0,0,.265,-.961,.084,.282,.16,.946,-.922,-.227,.314);es="Linear";ed="In";};["000-offset.004"]={cf=cfr(0,0,0,.395,-.919,0,.919,.395,0,0,0,1);es="Linear";ed="In";};["000-offset.007"]={cf=cfr(0,0,0,.063,-.998,0,.998,.063,0,0,0,1);es="Linear";ed="In";};["000-offset.008"]={cf=cfr(0,0,0,.97,-.23,-.078,.243,.932,.27,.011,-.281,.96);es="Linear";ed="In";};};{tm=.292;["root"]={cf=cfr(0,1.988,0,0,0,1,0,1,0,-1,0,0);es="Linear";ed="In";};["000-offset"]={cf=cfr(0,0,0,-.181,.983,0,-.983,-.181,0,0,0,1);es="Linear";ed="In";};["000-offset.009"]={cf=cfr(0,0,0,-.688,-.399,.606,.571,-.813,.112,.448,.424,.787);es="Linear";ed="In";};["000-offset.012"]={cf=cfr(0,0,0,-.681,-.471,-.561,.525,-.848,.075,-.511,-.244,.824);es="Linear";ed="In";};["000-offset.001"]={cf=cfr(0,0,0,.856,.517,.002,-.517,.856,.02,.009,-.018,1);es="Linear";ed="In";};["000-offset.010"]={cf=cfr(0,0,0,-.059,.998,0,-.998,-.059,0,0,0,1);es="Linear";ed="In";};["000-offset.013"]={cf=cfr(0,0,0,.021,1,0,-1,.021,0,0,0,1);es="Linear";ed="In";};["000-offset.002"]={cf=cfr(0,0,0,.937,.349,.024,-.349,.937,-.011,-.026,.002,1);es="Linear";ed="In";};["000-offset.011"]={cf=cfr(0,0,0,-.392,-.92,-.024,.919,-.393,.044,-.05,-.005,.999);es="Linear";ed="In";};["000-offset.014"]={cf=cfr(0,0,0,-.291,-.937,-.195,.957,-.287,-.051,-.008,-.201,.98);es="Linear";ed="In";};["000-offset.003"]={cf=cfr(0,0,0,.588,-.745,-.315,.237,.53,-.814,.773,.404,.488);es="Linear";ed="In";};["000-offset.006"]={cf=cfr(0,0,0,.11,-.986,.122,.284,.149,.947,-.952,-.069,.297);es="Linear";ed="In";};["000-offset.004"]={cf=cfr(0,0,0,.381,-.924,0,.924,.381,0,0,0,1);es="Linear";ed="In";};["000-offset.007"]={cf=cfr(0,0,0,.061,-.998,0,.998,.061,0,0,0,1);es="Linear";ed="In";};["000-offset.008"]={cf=cfr(0,0,0,.97,-.232,-.072,.242,.94,.242,.011,-.252,.968);es="Linear";ed="In";};};{tm=.333;["root"]={cf=cfr(0,2.059,0,0,0,1,0,1,0,-1,0,0);es="Linear";ed="In";};["000-offset"]={cf=cfr(0,0,0,-.162,.987,0,-.987,-.162,0,0,0,1);es="Linear";ed="In";};["000-offset.009"]={cf=cfr(0,0,0,-.628,-.425,.652,.635,-.764,.114,.45,.486,.749);es="Linear";ed="In";};["000-offset.012"]={cf=cfr(0,0,0,-.655,-.494,-.572,.568,-.821,.058,-.498,-.287,.818);es="Linear";ed="In";};["000-offset.001"]={cf=cfr(0,0,0,.877,.48,.001,-.48,.877,.017,.007,-.016,1);es="Linear";ed="In";};["000-offset.010"]={cf=cfr(0,0,0,.044,.999,0,-.999,.044,0,0,0,1);es="Linear";ed="In";};["000-offset.013"]={cf=cfr(0,0,0,.129,.992,0,-.992,.129,0,0,0,1);es="Linear";ed="In";};["000-offset.002"]={cf=cfr(0,0,0,.952,.305,.021,-.305,.952,-.009,-.023,.002,1);es="Linear";ed="In";};["000-offset.011"]={cf=cfr(0,0,0,-.347,-.938,-.02,.937,-.347,.041,-.045,-.004,.999);es="Linear";ed="In";};["000-offset.014"]={cf=cfr(0,0,0,-.222,-.959,-.175,.975,-.219,-.036,-.004,-.178,.984);es="Linear";ed="In";};["000-offset.003"]={cf=cfr(0,0,0,.547,-.777,-.313,.275,.519,-.809,.791,.356,.498);es="Linear";ed="In";};["000-offset.006"]={cf=cfr(0,0,0,-.01,-.989,.151,.21,.145,.967,-.978,.041,.206);es="Linear";ed="In";};["000-offset.004"]={cf=cfr(0,0,0,.366,-.931,0,.931,.366,0,0,0,1);es="Linear";ed="In";};["000-offset.007"]={cf=cfr(0,0,0,.066,-.998,0,.998,.066,0,0,0,1);es="Linear";ed="In";};["000-offset.008"]={cf=cfr(0,0,0,.97,-.234,-.064,.243,.947,.212,.011,-.221,.975);es="Linear";ed="In";};};{tm=.375;["root"]={cf=cfr(0,2.129,0,0,0,1,0,1,0,-1,0,0);es="Linear";ed="In";};["000-offset"]={cf=cfr(0,0,0,-.142,.99,0,-.99,-.142,0,0,0,1);es="Linear";ed="In";};["000-offset.009"]={cf=cfr(0,0,0,-.562,-.441,.7,.693,-.713,.107,.452,.545,.706);es="Linear";ed="In";};["000-offset.012"]={cf=cfr(0,0,0,-.626,-.515,-.585,.611,-.79,.042,-.484,-.331,.81);es="Linear";ed="In";};["000-offset.001"]={cf=cfr(0,0,0,.898,.441,0,-.441,.898,.015,.006,-.013,1);es="Linear";ed="In";};["000-offset.010"]={cf=cfr(0,0,0,.151,.988,0,-.988,.151,0,0,0,1);es="Linear";ed="In";};["000-offset.013"]={cf=cfr(0,0,0,.238,.971,0,-.971,.238,0,0,0,1);es="Linear";ed="In";};["000-offset.002"]={cf=cfr(0,0,0,.967,.254,.019,-.254,.967,-.007,-.02,.002,1);es="Linear";ed="In";};["000-offset.011"]={cf=cfr(0,0,0,-.295,-.955,-.015,.955,-.296,.036,-.038,-.004,.999);es="Linear";ed="In";};["000-offset.014"]={cf=cfr(0,0,0,-.149,-.977,-.151,.989,-.147,-.023,0,-.153,.988);es="Linear";ed="In";};["000-offset.003"]={cf=cfr(0,0,0,.501,-.807,-.313,.31,.505,-.806,.808,.306,.503);es="Linear";ed="In";};["000-offset.006"]={cf=cfr(0,0,0,-.049,-.986,.161,.094,.156,.983,-.994,.063,.085);es="Linear";ed="In";};["000-offset.004"]={cf=cfr(0,0,0,.349,-.937,0,.937,.349,0,0,0,1);es="Linear";ed="In";};["000-offset.007"]={cf=cfr(0,0,0,.077,-.997,0,.997,.077,0,0,0,1);es="Linear";ed="In";};["000-offset.008"]={cf=cfr(0,0,0,.97,-.238,-.055,.244,.953,.18,.01,-.188,.982);es="Linear";ed="In";};};{tm=.417;["root"]={cf=cfr(0,2.171,0,0,0,1,0,1,0,-1,0,0);es="Linear";ed="In";};["000-offset"]={cf=cfr(0,0,0,-.12,.993,0,-.993,-.12,0,0,0,1);es="Linear";ed="In";};["000-offset.009"]={cf=cfr(0,0,0,-.493,-.447,.747,.742,-.664,.092,.455,.599,.659);es="Linear";ed="In";};["000-offset.012"]={cf=cfr(0,0,0,-.594,-.534,-.601,.652,-.757,.029,-.471,-.375,.799);es="Linear";ed="In";};["000-offset.001"]={cf=cfr(0,0,0,.917,.4,0,-.4,.917,.012,.005,-.011,1);es="Linear";ed="In";};["000-offset.010"]={cf=cfr(0,0,0,.257,.966,0,-.966,.257,0,0,0,1);es="Linear";ed="In";};["000-offset.013"]={cf=cfr(0,0,0,.343,.939,0,-.939,.343,0,0,0,1);es="Linear";ed="In";};["000-offset.002"]={cf=cfr(0,0,0,.98,.197,.015,-.197,.98,-.005,-.016,.002,1);es="Linear";ed="In";};["000-offset.011"]={cf=cfr(0,0,0,-.241,-.971,-.01,.97,-.241,.03,-.031,-.003,1);es="Linear";ed="In";};["000-offset.014"]={cf=cfr(0,0,0,-.076,-.989,-.126,.997,-.075,-.013,.004,-.126,.992);es="Linear";ed="In";};["000-offset.003"]={cf=cfr(0,0,0,.451,-.835,-.315,.34,.487,-.805,.825,.256,.503);es="Linear";ed="In";};["000-offset.006"]={cf=cfr(0,0,0,.001,-.986,.166,-.001,.166,.986,-1,-.001,-.001);es="Linear";ed="In";};["000-offset.004"]={cf=cfr(0,0,0,.331,-.944,0,.944,.331,0,0,0,1);es="Linear";ed="In";};["000-offset.007"]={cf=cfr(0,0,0,.092,-.996,0,.996,.092,0,0,0,1);es="Linear";ed="In";};["000-offset.008"]={cf=cfr(0,0,0,.969,-.242,-.046,.246,.958,.147,.009,-.154,.988);es="Linear";ed="In";};};{tm=.458;["root"]={cf=cfr(0,2.228,0,0,0,1,0,1,0,-1,0,0);es="Linear";ed="In";};["000-offset"]={cf=cfr(0,0,0,-.098,.995,0,-.995,-.098,0,0,0,1);es="Linear";ed="In";};["000-offset.009"]={cf=cfr(0,0,0,-.424,-.445,.789,.782,-.62,.071,.457,.646,.611);es="Linear";ed="In";};["000-offset.012"]={cf=cfr(0,0,0,-.56,-.55,-.619,.69,-.723,.018,-.458,-.417,.785);es="Linear";ed="In";};["000-offset.001"]={cf=cfr(0,0,0,.933,.359,0,-.359,.933,.01,.004,-.009,1);es="Linear";ed="In";};["000-offset.010"]={cf=cfr(0,0,0,.355,.935,0,-.935,.355,0,0,0,1);es="Linear";ed="In";};["000-offset.013"]={cf=cfr(0,0,0,.441,.898,0,-.898,.441,0,0,0,1);es="Linear";ed="In";};["000-offset.002"]={cf=cfr(0,0,0,.99,.139,.012,-.139,.99,-.003,-.013,.002,1);es="Linear";ed="In";};["000-offset.011"]={cf=cfr(0,0,0,-.186,-.983,-.007,.982,-.186,.023,-.024,-.002,1);es="Linear";ed="In";};["000-offset.014"]={cf=cfr(0,0,0,-.005,-.995,-.1,1,-.005,-.008,.007,-.1,.995);es="Linear";ed="In";};["000-offset.003"]={cf=cfr(0,0,0,.4,-.86,-.318,.363,.467,-.807,.842,.207,.498);es="Linear";ed="In";};["000-offset.006"]={cf=cfr(0,0,0,.105,-.979,.173,-.025,.171,.985,-.994,-.108,-.007);es="Linear";ed="In";};["000-offset.004"]={cf=cfr(0,0,0,.314,-.949,0,.949,.314,0,0,0,1);es="Linear";ed="In";};["000-offset.007"]={cf=cfr(0,0,0,.11,-.994,0,.994,.11,0,0,0,1);es="Linear";ed="In";};["000-offset.008"]={cf=cfr(0,0,0,.969,-.246,-.037,.248,.962,.115,.007,-.12,.993);es="Linear";ed="In";};};{tm=.5;["root"]={cf=cfr(0,2.284,0,0,0,1,0,1,0,-1,0,0);es="Linear";ed="In";};["000-offset"]={cf=cfr(0,0,0,-.077,.997,0,-.997,-.077,0,0,0,1);es="Linear";ed="In";};["000-offset.009"]={cf=cfr(0,0,0,-.361,-.437,.824,.811,-.583,.046,.46,.686,.564);es="Linear";ed="In";};["000-offset.012"]={cf=cfr(0,0,0,-.527,-.562,-.638,.724,-.69,.01,-.445,-.457,.77);es="Linear";ed="In";};["000-offset.001"]={cf=cfr(0,0,0,.948,.32,-.001,-.32,.948,.007,.003,-.006,1);es="Linear";ed="In";};["000-offset.010"]={cf=cfr(0,0,0,.441,.897,0,-.897,.441,0,0,0,1);es="Linear";ed="In";};["000-offset.013"]={cf=cfr(0,0,0,.528,.849,0,-.849,.528,0,0,0,1);es="Linear";ed="In";};["000-offset.002"]={cf=cfr(0,0,0,.997,.081,.009,-.081,.997,-.002,-.009,.001,1);es="Linear";ed="In";};["000-offset.011"]={cf=cfr(0,0,0,-.134,-.991,-.004,.991,-.134,.016,-.016,-.002,1);es="Linear";ed="In";};["000-offset.014"]={cf=cfr(0,0,0,.061,-.995,-.074,.998,.061,-.006,.011,-.074,.997);es="Linear";ed="In";};["000-offset.003"]={cf=cfr(0,0,0,.351,-.879,-.321,.378,.447,-.811,.857,.163,.489);es="Linear";ed="In";};["000-offset.006"]={cf=cfr(0,0,0,.205,-.964,.17,.033,.181,.983,-.978,-.196,.069);es="Linear";ed="In";};["000-offset.004"]={cf=cfr(0,0,0,.297,-.955,0,.955,.297,0,0,0,1);es="Linear";ed="In";};["000-offset.007"]={cf=cfr(0,0,0,.129,-.992,0,.992,.129,0,0,0,1);es="Linear";ed="In";};["000-offset.008"]={cf=cfr(0,0,0,.968,-.25,-.028,.251,.964,.084,.006,-.089,.996);es="Linear";ed="In";};};{tm=.542;["root"]={cf=cfr(0,2.326,0,0,0,1,0,1,0,-1,0,0);es="Linear";ed="In";};["000-offset"]={cf=cfr(0,0,0,-.057,.998,0,-.998,-.057,0,0,0,1);es="Linear";ed="In";};["000-offset.009"]={cf=cfr(0,0,0,-.305,-.426,.852,.833,-.553,.022,.462,.716,.523);es="Linear";ed="In";};["000-offset.012"]={cf=cfr(0,0,0,-.495,-.57,-.656,.753,-.658,.004,-.434,-.491,.755);es="Linear";ed="In";};["000-offset.001"]={cf=cfr(0,0,0,.959,.284,0,-.284,.959,.005,.002,-.004,1);es="Linear";ed="In";};["000-offset.010"]={cf=cfr(0,0,0,.513,.859,0,-.859,.513,0,0,0,1);es="Linear";ed="In";};["000-offset.013"]={cf=cfr(0,0,0,.601,.799,0,-.799,.601,0,0,0,1);es="Linear";ed="In";};["000-offset.002"]={cf=cfr(0,0,0,1,.028,.006,-.028,1,-.001,-.006,.001,1);es="Linear";ed="In";};["000-offset.011"]={cf=cfr(0,0,0,-.088,-.996,-.002,.996,-.088,.01,-.01,-.001,1);es="Linear";ed="In";};["000-offset.014"]={cf=cfr(0,0,0,.12,-.991,-.051,.993,.12,-.008,.014,-.05,.999);es="Linear";ed="In";};["000-offset.003"]={cf=cfr(0,0,0,.307,-.895,-.324,.387,.428,-.817,.87,.126,.478);es="Linear";ed="In";};["000-offset.006"]={cf=cfr(0,0,0,.258,-.953,.156,.146,.198,.969,-.955,-.228,.191);es="Linear";ed="In";};["000-offset.004"]={cf=cfr(0,0,0,.282,-.959,0,.959,.282,0,0,0,1);es="Linear";ed="In";};["000-offset.007"]={cf=cfr(0,0,0,.148,-.989,0,.989,.148,0,0,0,1);es="Linear";ed="In";};["000-offset.008"]={cf=cfr(0,0,0,.967,-.253,-.019,.254,.966,.057,.004,-.06,.998);es="Linear";ed="In";};};{tm=.583;["root"]={cf=cfr(0,2.355,0,0,0,1,0,1,0,-1,0,0);es="Linear";ed="In";};["000-offset"]={cf=cfr(0,0,0,-.04,.999,0,-.999,-.04,0,0,0,1);es="Linear";ed="In";};["000-offset.009"]={cf=cfr(0,0,0,-.262,-.414,.872,.846,-.533,.001,.464,.738,.49);es="Linear";ed="In";};["000-offset.012"]={cf=cfr(0,0,0,-.467,-.575,-.672,.776,-.631,.001,-.425,-.52,.741);es="Linear";ed="In";};["000-offset.001"]={cf=cfr(0,0,0,.968,.253,0,-.253,.968,.003,.001,-.003,1);es="Linear";ed="In";};["000-offset.010"]={cf=cfr(0,0,0,.566,.824,0,-.824,.566,0,0,0,1);es="Linear";ed="In";};["000-offset.013"]={cf=cfr(0,0,0,.659,.752,0,-.752,.659,0,0,0,1);es="Linear";ed="In";};["000-offset.002"]={cf=cfr(0,0,0,1,-.019,.004,.019,1,-.001,-.004,.001,1);es="Linear";ed="In";};["000-offset.011"]={cf=cfr(0,0,0,-.051,-.999,-.001,.999,-.051,.005,-.005,0,1);es="Linear";ed="In";};["000-offset.014"]={cf=cfr(0,0,0,.169,-.985,-.032,.985,.169,-.011,.016,-.03,.999);es="Linear";ed="In";};["000-offset.003"]={cf=cfr(0,0,0,.27,-.906,-.326,.391,.412,-.823,.88,.095,.465);es="Linear";ed="In";};["000-offset.006"]={cf=cfr(0,0,0,.254,-.957,.143,.27,.212,.939,-.929,-.2,.312);es="Linear";ed="In";};["000-offset.004"]={cf=cfr(0,0,0,.269,-.963,0,.963,.269,0,0,0,1);es="Linear";ed="In";};["000-offset.007"]={cf=cfr(0,0,0,.165,-.986,0,.986,.165,0,0,0,1);es="Linear";ed="In";};["000-offset.008"]={cf=cfr(0,0,0,.967,-.256,-.011,.256,.966,.034,.002,-.035,.999);es="Linear";ed="In";};};{tm=.625;["root"]={cf=cfr(0,2.397,0,0,0,1,0,1,0,-1,0,0);es="Linear";ed="In";};["000-offset"]={cf=cfr(0,0,0,-.027,1,0,-1,-.027,0,0,0,1);es="Linear";ed="In";};["000-offset.009"]={cf=cfr(0,0,0,-.233,-.406,.884,.854,-.52,-.014,.465,.751,.468);es="Linear";ed="In";};["000-offset.012"]={cf=cfr(0,0,0,-.444,-.578,-.685,.793,-.61,0,-.418,-.542,.729);es="Linear";ed="In";};["000-offset.001"]={cf=cfr(0,0,0,.974,.229,0,-.229,.974,.001,0,-.001,1);es="Linear";ed="In";};["000-offset.010"]={cf=cfr(0,0,0,.599,.8,0,-.8,.599,0,0,0,1);es="Linear";ed="In";};["000-offset.013"]={cf=cfr(0,0,0,.701,.713,0,-.713,.701,0,0,0,1);es="Linear";ed="In";};["000-offset.002"]={cf=cfr(0,0,0,.998,-.056,.002,.056,.998,0,-.002,0,1);es="Linear";ed="In";};["000-offset.011"]={cf=cfr(0,0,0,-.027,-1,0,1,-.027,.001,-.001,0,1);es="Linear";ed="In";};["000-offset.014"]={cf=cfr(0,0,0,.207,-.978,-.017,.978,.207,-.015,.018,-.014,1);es="Linear";ed="In";};["000-offset.003"]={cf=cfr(0,0,0,.242,-.914,-.327,.391,.4,-.829,.888,.072,.454);es="Linear";ed="In";};["000-offset.006"]={cf=cfr(0,0,0,.213,-.967,.141,.37,.213,.904,-.904,-.14,.403);es="Linear";ed="In";};["000-offset.004"]={cf=cfr(0,0,0,.259,-.966,0,.966,.259,0,0,0,1);es="Linear";ed="In";};["000-offset.007"]={cf=cfr(0,0,0,.179,-.984,0,.984,.179,0,0,0,1);es="Linear";ed="In";};["000-offset.008"]={cf=cfr(0,0,0,.966,-.258,-.005,.258,.966,.016,.001,-.016,1);es="Linear";ed="In";};};{tm=.667;["root"]={cf=cfr(0,2.411,0,0,0,1,0,1,0,-1,0,0);es="Linear";ed="In";};["000-offset"]={cf=cfr(0,0,0,-.019,1,0,-1,-.019,0,0,0,1);es="Linear";ed="In";};["000-offset.009"]={cf=cfr(0,0,0,-.223,-.403,.888,.856,-.516,-.019,.466,.756,.46);es="Linear";ed="In";};["000-offset.012"]={cf=cfr(0,0,0,-.43,-.579,-.693,.803,-.596,0,-.413,-.556,.721);es="Linear";ed="In";};["000-offset.001"]={cf=cfr(0,0,0,.977,.213,0,-.213,.977,0,0,0,1);es="Linear";ed="In";};["000-offset.010"]={cf=cfr(0,0,0,.611,.792,0,-.792,.611,0,0,0,1);es="Linear";ed="In";};["000-offset.013"]={cf=cfr(0,0,0,.727,.686,0,-.686,.727,0,0,0,1);es="Linear";ed="In";};["000-offset.002"]={cf=cfr(0,0,0,.997,-.08,0,.08,.997,0,0,0,1);es="Linear";ed="In";};["000-offset.011"]={cf=cfr(0,0,0,-.018,-1,0,1,-.018,0,0,0,1);es="Linear";ed="In";};["000-offset.014"]={cf=cfr(0,0,0,.231,-.973,-.008,.973,.231,-.018,.019,-.004,1);es="Linear";ed="In";};["000-offset.003"]={cf=cfr(0,0,0,.224,-.918,-.328,.391,.392,-.833,.893,.058,.446);es="Linear";ed="In";};["000-offset.006"]={cf=cfr(0,0,0,.168,-.975,.146,.431,.206,.879,-.887,-.084,.455);es="Linear";ed="In";};["000-offset.004"]={cf=cfr(0,0,0,.253,-.968,0,.968,.253,0,0,0,1);es="Linear";ed="In";};["000-offset.007"]={cf=cfr(0,0,0,.188,-.982,0,.982,.188,0,0,0,1);es="Linear";ed="In";};["000-offset.008"]={cf=cfr(0,0,0,.966,-.259,-.001,.259,.966,.004,0,-.004,1);es="Linear";ed="In";};};{tm=.708;["RootNode"]={cf=cfr(0,0,0,-1,0,0,0,1,0,0,0,-1);es="Linear";ed="In";};["root"]={cf=cfr(0,2.425,0,0,0,1,0,1,0,-1,0,0);es="Linear";ed="In";};["000-offset"]={cf=cfr(0,0,0,-.015,1,0,-1,-.015,0,0,0,1);es="Linear";ed="In";};["004-offset.001"]={cf=cfr(0,0,0,-.015,-1,0,1,-.015,0,0,0,1);es="Linear";ed="In";};["006-offset"]={cf=cfr(0,0,0,-.015,-1,0,1,-.015,0,0,0,1);es="Linear";ed="In";};["000-offset.009"]={cf=cfr(0,0,0,-.223,-.403,.888,.856,-.516,-.019,.466,.756,.46);es="Linear";ed="In";};["000-offset.012"]={cf=cfr(0,0,0,-.424,-.579,-.696,.807,-.591,0,-.411,-.561,.718);es="Linear";ed="In";};["000-offset.001"]={cf=cfr(0,0,0,.978,.207,0,-.207,.978,0,0,0,1);es="Linear";ed="In";};["000-offset.010"]={cf=cfr(0,0,0,.611,.792,0,-.792,.611,0,0,0,1);es="Linear";ed="In";};["000-offset.013"]={cf=cfr(0,0,0,.736,.677,0,-.677,.736,0,0,0,1);es="Linear";ed="In";};["004-offset"]={cf=cfr(0,0,0,.035,-.999,0,.999,.035,0,0,0,1);es="Linear";ed="In";};["002-offset"]={cf=cfr(0,0,0,.035,-.999,0,.999,.035,0,0,0,1);es="Linear";ed="In";};["000-offset.002"]={cf=cfr(0,0,0,.996,-.089,0,.089,.996,0,0,0,1);es="Linear";ed="In";};["000-offset.011"]={cf=cfr(0,0,0,-.018,-1,0,1,-.018,0,0,0,1);es="Linear";ed="In";};["000-offset.014"]={cf=cfr(0,0,0,.239,-.971,-.005,.971,.239,-.019,.02,0,1);es="Linear";ed="In";};["000-offset.006"]={cf=cfr(0,0,0,.149,-.977,.15,.451,.202,.869,-.88,-.062,.471);es="Linear";ed="In";};["000-offset.003"]={cf=cfr(0,0,0,.217,-.919,-.328,.39,.39,-.834,.895,.053,.443);es="Linear";ed="In";};["000-offset.007"]={cf=cfr(0,0,0,.192,-.981,0,.981,.192,0,0,0,1);es="Linear";ed="In";};["000-offset.004"]={cf=cfr(0,0,0,.25,-.968,0,.968,.25,0,0,0,1);es="Linear";ed="In";};["000-offset.008"]={cf=cfr(0,0,0,.966,-.26,0,.26,.966,0,0,0,1);es="Linear";ed="In";};["000-offset.005"]={cf=cfr(0,0,0,.888,-.438,-.143,.432,.899,-.07,.159,0,.987);es="Linear";ed="In";};};}