local cfr = CFrame.new

return {{tm=0;["RootNode"]={cf=cfr(0,0,0,-1,0,0,0,1,0,0,0,-1);es="Linear";ed="In";};["root"]={cf=cfr(0,-.437,0,0,0,1,0,1,0,-1,0,0);es="Linear";ed="In";};["000-offset"]={cf=cfr(0,0,0,-.015,1,0,-1,-.015,0,0,0,1);es="Linear";ed="In";};["004-offset.001"]={cf=cfr(0,0,0,-.015,-1,0,1,-.015,0,0,0,1);es="Linear";ed="In";};["006-offset"]={cf=cfr(0,0,0,-.015,-1,0,1,-.015,0,0,0,1);es="Linear";ed="In";};["000-offset.009"]={cf=cfr(0,0,0,-.847,-.282,.451,.35,-.934,.074,.401,.22,.889);es="Linear";ed="In";};["000-offset.012"]={cf=cfr(0,0,0,-.273,-.897,-.348,.948,-.312,.058,-.161,-.315,.936);es="Linear";ed="In";};["000-offset.001"]={cf=cfr(0,0,0,1,-.01,.016,.006,.972,.237,-.018,-.237,.971);es="Linear";ed="In";};["000-offset.010"]={cf=cfr(0,0,0,.228,.974,0,-.974,.228,0,0,0,1);es="Linear";ed="In";};["000-offset.013"]={cf=cfr(0,0,0,.856,.517,0,-.517,.856,0,0,0,1);es="Linear";ed="In";};["004-offset"]={cf=cfr(0,0,0,.035,-.999,0,.999,.035,0,0,0,1);es="Linear";ed="In";};["002-offset"]={cf=cfr(0,0,0,.035,-.999,0,.999,.035,0,0,0,1);es="Linear";ed="In";};["000-offset.002"]={cf=cfr(0,0,0,.786,.617,-.05,-.611,.76,-.223,-.1,.206,.973);es="Linear";ed="In";};["000-offset.011"]={cf=cfr(0,0,0,.711,-.703,0,.703,.711,0,0,0,1);es="Linear";ed="In";};["000-offset.014"]={cf=cfr(0,0,0,.784,-.62,-.005,.62,.784,-.019,.016,.012,1);es="Linear";ed="In";};["000-offset.006"]={cf=cfr(0,0,0,-.042,-.393,-.919,-.271,-.88,.389,-.962,.266,-.07);es="Linear";ed="In";};["000-offset.003"]={cf=cfr(0,0,0,-.262,-.917,.301,.042,-.322,-.946,.964,-.235,.123);es="Linear";ed="In";};["000-offset.007"]={cf=cfr(0,0,0,.927,-.376,0,.376,.927,0,0,0,1);es="Linear";ed="In";};["000-offset.004"]={cf=cfr(0,0,0,.62,-.785,0,.785,.62,0,0,0,1);es="Linear";ed="In";};["000-offset.008"]={cf=cfr(0,0,0,.966,-.26,0,.26,.966,-.001,0,.001,1);es="Linear";ed="In";};["000-offset.005"]={cf=cfr(0,0,0,.888,-.438,-.141,.432,.899,-.072,.158,.002,.987);es="Linear";ed="In";};};{tm=.042;["root"]={cf=cfr(0,-.775,0,0,0,1,0,1,0,-1,0,0);es="Linear";ed="In";};["000-offset.009"]={cf=cfr(0,0,0,-.606,-.615,.504,.718,-.695,.015,.341,.371,.864);es="Linear";ed="In";};["000-offset.012"]={cf=cfr(0,0,0,-.273,-.897,-.348,.948,-.311,.058,-.161,-.315,.936);es="Linear";ed="In";};["000-offset.001"]={cf=cfr(0,0,0,.996,.089,.032,-.093,.977,.191,-.015,-.193,.981);es="Linear";ed="In";};["000-offset.010"]={cf=cfr(0,0,0,.554,.833,0,-.833,.554,0,0,0,1);es="Linear";ed="In";};["000-offset.013"]={cf=cfr(0,0,0,.856,.517,0,-.517,.856,0,0,0,1);es="Linear";ed="In";};["000-offset.002"]={cf=cfr(0,0,0,.796,.603,-.053,-.598,.77,-.222,-.093,.209,.974);es="Linear";ed="In";};["000-offset.011"]={cf=cfr(0,0,0,.712,-.703,0,.703,.712,0,0,0,1);es="Linear";ed="In";};["000-offset.014"]={cf=cfr(0,0,0,.784,-.62,-.005,.62,.784,-.019,.016,.012,1);es="Linear";ed="In";};["000-offset.006"]={cf=cfr(0,0,0,.016,-.454,-.891,-.135,-.884,.448,-.991,.113,-.076);es="Linear";ed="In";};["000-offset.003"]={cf=cfr(0,0,0,-.261,-.919,.295,.059,-.32,-.946,.964,-.23,.137);es="Linear";ed="In";};["000-offset.007"]={cf=cfr(0,0,0,.9,-.436,0,.436,.9,0,0,0,1);es="Linear";ed="In";};["000-offset.004"]={cf=cfr(0,0,0,.605,-.796,0,.796,.605,0,0,0,1);es="Linear";ed="In";};["000-offset.008"]={cf=cfr(0,0,0,.965,-.261,.001,.261,.965,-.001,0,.002,1);es="Linear";ed="In";};["000-offset.005"]={cf=cfr(0,0,0,.888,-.44,-.135,.432,.898,-.082,.158,.015,.987);es="Linear";ed="In";};};{tm=.084;["root"]={cf=cfr(0,-.874,0,0,0,1,0,1,0,-1,0,0);es="Linear";ed="In";};["000-offset.009"]={cf=cfr(0,0,0,-.421,-.727,.543,.852,-.522,-.038,.31,.447,.839);es="Linear";ed="In";};["000-offset.012"]={cf=cfr(0,0,0,-.273,-.897,-.348,.949,-.311,.058,-.161,-.315,.936);es="Linear";ed="In";};["000-offset.001"]={cf=cfr(0,0,0,.979,.201,.04,-.204,.969,.137,-.011,-.142,.99);es="Linear";ed="In";};["000-offset.010"]={cf=cfr(0,0,0,.694,.72,0,-.72,.694,0,0,0,1);es="Linear";ed="In";};["000-offset.013"]={cf=cfr(0,0,0,.856,.517,0,-.517,.856,0,0,0,1);es="Linear";ed="In";};["000-offset.002"]={cf=cfr(0,0,0,.801,.595,-.058,-.592,.775,-.221,-.086,.212,.974);es="Linear";ed="In";};["000-offset.011"]={cf=cfr(0,0,0,.712,-.702,0,.702,.712,0,0,0,1);es="Linear";ed="In";};["000-offset.014"]={cf=cfr(0,0,0,.784,-.62,-.005,.62,.784,-.019,.016,.012,1);es="Linear";ed="In";};["000-offset.006"]={cf=cfr(0,0,0,-.007,-.51,-.86,.016,-.86,.51,-1,-.01,.014);es="Linear";ed="In";};["000-offset.003"]={cf=cfr(0,0,0,-.258,-.923,.285,.077,-.314,-.946,.963,-.222,.152);es="Linear";ed="In";};["000-offset.007"]={cf=cfr(0,0,0,.868,-.497,0,.497,.868,0,0,0,1);es="Linear";ed="In";};["000-offset.004"]={cf=cfr(0,0,0,.587,-.809,0,.809,.587,0,0,0,1);es="Linear";ed="In";};["000-offset.008"]={cf=cfr(0,0,0,.965,-.261,.001,.261,.965,-.003,-.001,.003,1);es="Linear";ed="In";};["000-offset.005"]={cf=cfr(0,0,0,.888,-.441,-.127,.432,.897,-.094,.155,.028,.987);es="Linear";ed="In";};};{tm=.126;["root"]={cf=cfr(0,-.804,0,0,0,1,0,1,0,-1,0,0);es="Linear";ed="In";};["000-offset.009"]={cf=cfr(0,0,0,-.416,-.729,.544,.855,-.517,-.039,.31,.448,.838);es="Linear";ed="In";};["000-offset.012"]={cf=cfr(0,0,0,-.272,-.897,-.348,.949,-.311,.058,-.161,-.315,.935);es="Linear";ed="In";};["000-offset.001"]={cf=cfr(0,0,0,.948,.315,.035,-.317,.945,.083,-.007,-.089,.996);es="Linear";ed="In";};["000-offset.010"]={cf=cfr(0,0,0,.698,.716,0,-.716,.698,0,0,0,1);es="Linear";ed="In";};["000-offset.013"]={cf=cfr(0,0,0,.856,.517,0,-.517,.856,0,0,0,1);es="Linear";ed="In";};["000-offset.002"]={cf=cfr(0,0,0,.811,.582,-.062,-.58,.784,-.22,-.079,.214,.974);es="Linear";ed="In";};["000-offset.011"]={cf=cfr(0,0,0,.712,-.702,0,.702,.712,0,0,0,1);es="Linear";ed="In";};["000-offset.014"]={cf=cfr(0,0,0,.785,-.62,-.005,.62,.784,-.019,.016,.012,1);es="Linear";ed="In";};["000-offset.006"]={cf=cfr(0,0,0,-.113,-.568,-.815,.13,-.822,.555,-.985,-.043,.167);es="Linear";ed="In";};["000-offset.003"]={cf=cfr(0,0,0,-.254,-.926,.278,.095,-.31,-.946,.963,-.214,.167);es="Linear";ed="In";};["000-offset.007"]={cf=cfr(0,0,0,.83,-.558,0,.558,.83,0,0,0,1);es="Linear";ed="In";};["000-offset.004"]={cf=cfr(0,0,0,.567,-.824,0,.824,.567,0,0,0,1);es="Linear";ed="In";};["000-offset.008"]={cf=cfr(0,0,0,.965,-.261,.002,.261,.965,-.004,-.001,.004,1);es="Linear";ed="In";};["000-offset.005"]={cf=cfr(0,0,0,.889,-.443,-.118,.432,.896,-.105,.152,.043,.987);es="Linear";ed="In";};};{tm=.168;["root"]={cf=cfr(0,-.691,0,0,0,1,0,1,0,-1,0,0);es="Linear";ed="In";};["000-offset.009"]={cf=cfr(0,0,0,-.411,-.731,.545,.858,-.512,-.041,.309,.45,.838);es="Linear";ed="In";};["000-offset.012"]={cf=cfr(0,0,0,-.272,-.897,-.349,.949,-.31,.058,-.161,-.315,.935);es="Linear";ed="In";};["000-offset.001"]={cf=cfr(0,0,0,.906,.423,.02,-.423,.905,.035,-.003,-.04,.999);es="Linear";ed="In";};["000-offset.010"]={cf=cfr(0,0,0,.701,.713,0,-.713,.701,0,0,0,1);es="Linear";ed="In";};["000-offset.013"]={cf=cfr(0,0,0,.856,.517,0,-.517,.856,0,0,0,1);es="Linear";ed="In";};["000-offset.002"]={cf=cfr(0,0,0,.831,.552,-.06,-.551,.805,-.221,-.074,.217,.973);es="Linear";ed="In";};["000-offset.011"]={cf=cfr(0,0,0,.712,-.702,0,.702,.712,0,0,0,1);es="Linear";ed="In";};["000-offset.014"]={cf=cfr(0,0,0,.785,-.62,-.005,.62,.785,-.019,.016,.012,1);es="Linear";ed="In";};["000-offset.006"]={cf=cfr(0,0,0,-.268,-.613,-.743,.169,-.789,.591,-.949,.033,.315);es="Linear";ed="In";};["000-offset.003"]={cf=cfr(0,0,0,-.253,-.927,.277,.111,-.313,-.943,.961,-.208,.182);es="Linear";ed="In";};["000-offset.007"]={cf=cfr(0,0,0,.787,-.617,0,.617,.787,0,0,0,1);es="Linear";ed="In";};["000-offset.004"]={cf=cfr(0,0,0,.545,-.838,0,.838,.545,0,0,0,1);es="Linear";ed="In";};["000-offset.008"]={cf=cfr(0,0,0,.965,-.261,.002,.261,.965,-.003,-.001,.004,1);es="Linear";ed="In";};["000-offset.005"]={cf=cfr(0,0,0,.889,-.444,-.108,.432,.894,-.117,.149,.057,.987);es="Linear";ed="In";};};{tm=.21;["root"]={cf=cfr(0,-.634,0,0,0,1,0,1,0,-1,0,0);es="Linear";ed="In";};["000-offset.009"]={cf=cfr(0,0,0,-.406,-.733,.546,.861,-.508,-.043,.308,.452,.837);es="Linear";ed="In";};["000-offset.012"]={cf=cfr(0,0,0,-.272,-.897,-.349,.949,-.31,.058,-.16,-.315,.935);es="Linear";ed="In";};["000-offset.001"]={cf=cfr(0,0,0,.858,.514,0,-.514,.858,0,0,0,1);es="Linear";ed="In";};["000-offset.010"]={cf=cfr(0,0,0,.704,.711,0,-.711,.704,0,0,0,1);es="Linear";ed="In";};["000-offset.013"]={cf=cfr(0,0,0,.856,.518,0,-.518,.856,0,0,0,1);es="Linear";ed="In";};["000-offset.002"]={cf=cfr(0,0,0,.869,.493,-.047,-.49,.843,-.224,-.071,.218,.973);es="Linear";ed="In";};["000-offset.011"]={cf=cfr(0,0,0,.712,-.702,0,.702,.712,0,0,0,1);es="Linear";ed="In";};["000-offset.014"]={cf=cfr(0,0,0,.785,-.62,-.005,.62,.785,-.019,.016,.012,1);es="Linear";ed="In";};["000-offset.006"]={cf=cfr(0,0,0,-.418,-.624,-.661,.127,-.76,.637,-.9,.183,.396);es="Linear";ed="In";};["000-offset.003"]={cf=cfr(0,0,0,-.258,-.922,.289,.123,-.328,-.937,.958,-.206,.198);es="Linear";ed="In";};["000-offset.007"]={cf=cfr(0,0,0,.74,-.673,0,.673,.74,0,0,0,1);es="Linear";ed="In";};["000-offset.004"]={cf=cfr(0,0,0,.522,-.853,0,.853,.522,0,0,0,1);es="Linear";ed="In";};["000-offset.008"]={cf=cfr(0,0,0,.966,-.26,0,.26,.966,0,0,0,1);es="Linear";ed="In";};["000-offset.005"]={cf=cfr(0,0,0,.89,-.445,-.098,.432,.892,-.129,.145,.072,.987);es="Linear";ed="In";};};{tm=.252;["000-offset.009"]={cf=cfr(0,0,0,-.401,-.735,.547,.863,-.503,-.044,.307,.454,.836);es="Linear";ed="In";};["000-offset.012"]={cf=cfr(0,0,0,-.271,-.897,-.349,.949,-.31,.059,-.16,-.315,.935);es="Linear";ed="In";};["000-offset.001"]={cf=cfr(0,0,0,.794,.608,-.006,-.608,.794,-.006,.001,.008,1);es="Linear";ed="In";};["000-offset.010"]={cf=cfr(0,0,0,.706,.708,0,-.708,.706,0,0,0,1);es="Linear";ed="In";};["000-offset.013"]={cf=cfr(0,0,0,.856,.518,0,-.518,.856,0,0,0,1);es="Linear";ed="In";};["000-offset.002"]={cf=cfr(0,0,0,.852,.521,-.048,-.517,.825,-.228,-.079,.219,.972);es="Linear";ed="In";};["000-offset.011"]={cf=cfr(0,0,0,.712,-.702,0,.702,.712,0,0,0,1);es="Linear";ed="In";};["000-offset.014"]={cf=cfr(0,0,0,.785,-.62,-.005,.62,.785,-.019,.016,.012,1);es="Linear";ed="In";};["000-offset.006"]={cf=cfr(0,0,0,-.499,-.589,-.636,-.004,-.732,.681,-.867,.342,.363);es="Linear";ed="In";};["000-offset.003"]={cf=cfr(0,0,0,-.3,-.872,.386,.084,-.427,-.9,.95,-.237,.202);es="Linear";ed="In";};["000-offset.007"]={cf=cfr(0,0,0,.684,-.73,0,.73,.684,0,0,0,1);es="Linear";ed="In";};["000-offset.004"]={cf=cfr(0,0,0,.5,-.866,0,.866,.5,0,0,0,1);es="Linear";ed="In";};["000-offset.008"]={cf=cfr(0,0,0,.967,-.256,-.007,.256,.967,.005,.005,-.006,1);es="Linear";ed="In";};["000-offset.005"]={cf=cfr(0,0,0,.89,-.446,-.088,.433,.891,-.141,.142,.087,.986);es="Linear";ed="In";};};{tm=.294;["000-offset.009"]={cf=cfr(0,0,0,-.396,-.737,.547,.865,-.499,-.046,.307,.456,.836);es="Linear";ed="In";};["000-offset.012"]={cf=cfr(0,0,0,-.271,-.897,-.349,.949,-.309,.059,-.16,-.315,.935);es="Linear";ed="In";};["000-offset.001"]={cf=cfr(0,0,0,.79,.613,0,-.613,.79,0,0,0,1);es="Linear";ed="In";};["000-offset.010"]={cf=cfr(0,0,0,.709,.705,0,-.705,.709,0,0,0,1);es="Linear";ed="In";};["000-offset.013"]={cf=cfr(0,0,0,.855,.518,0,-.518,.855,0,0,0,1);es="Linear";ed="In";};["000-offset.002"]={cf=cfr(0,0,0,.827,.56,-.047,-.555,.801,-.224,-.088,.212,.973);es="Linear";ed="In";};["000-offset.011"]={cf=cfr(0,0,0,.712,-.702,0,.702,.712,0,0,0,1);es="Linear";ed="In";};["000-offset.014"]={cf=cfr(0,0,0,.785,-.62,-.005,.619,.785,-.019,.016,.012,1);es="Linear";ed="In";};["000-offset.006"]={cf=cfr(0,0,0,-.517,-.614,-.596,-.019,-.688,.726,-.856,.386,.344);es="Linear";ed="In";};["000-offset.003"]={cf=cfr(0,0,0,-.341,-.841,.421,.089,-.474,-.876,.936,-.261,.237);es="Linear";ed="In";};["000-offset.007"]={cf=cfr(0,0,0,.614,-.789,0,.789,.614,0,0,0,1);es="Linear";ed="In";};["000-offset.004"]={cf=cfr(0,0,0,.478,-.878,0,.878,.478,0,0,0,1);es="Linear";ed="In";};["000-offset.008"]={cf=cfr(0,0,0,.969,-.248,-.019,.248,.969,.009,.016,-.014,1);es="Linear";ed="In";};["000-offset.005"]={cf=cfr(0,0,0,.891,-.447,-.079,.433,.889,-.153,.139,.102,.985);es="Linear";ed="In";};};{tm=.335;["000-offset.009"]={cf=cfr(0,0,0,-.391,-.739,.548,.868,-.495,-.047,.306,.457,.835);es="Linear";ed="In";};["000-offset.012"]={cf=cfr(0,0,0,-.27,-.897,-.349,.949,-.309,.059,-.16,-.315,.935);es="Linear";ed="In";};["000-offset.001"]={cf=cfr(0,0,0,.882,.471,0,-.471,.882,0,0,0,1);es="Linear";ed="In";};["000-offset.010"]={cf=cfr(0,0,0,.711,.703,0,-.703,.711,0,0,0,1);es="Linear";ed="In";};["000-offset.013"]={cf=cfr(0,0,0,.855,.518,0,-.518,.855,0,0,0,1);es="Linear";ed="In";};["000-offset.002"]={cf=cfr(0,0,0,.876,.481,-.018,-.474,.855,-.209,-.086,.191,.978);es="Linear";ed="In";};["000-offset.011"]={cf=cfr(0,0,0,.712,-.702,0,.702,.712,0,0,0,1);es="Linear";ed="In";};["000-offset.014"]={cf=cfr(0,0,0,.785,-.619,-.005,.619,.785,-.019,.016,.012,1);es="Linear";ed="In";};["000-offset.006"]={cf=cfr(0,0,0,-.503,-.733,-.458,.183,-.608,.772,-.845,.305,.44);es="Linear";ed="In";};["000-offset.003"]={cf=cfr(0,0,0,-.319,-.903,.287,.244,-.371,-.896,.916,-.216,.339);es="Linear";ed="In";};["000-offset.007"]={cf=cfr(0,0,0,.535,-.845,0,.845,.535,0,0,0,1);es="Linear";ed="In";};["000-offset.004"]={cf=cfr(0,0,0,.459,-.888,0,.888,.459,0,0,0,1);es="Linear";ed="In";};["000-offset.008"]={cf=cfr(0,0,0,.97,-.239,-.034,.239,.971,.015,.03,-.022,.999);es="Linear";ed="In";};["000-offset.005"]={cf=cfr(0,0,0,.891,-.448,-.072,.433,.886,-.164,.137,.116,.984);es="Linear";ed="In";};};{tm=.377;["000-offset.009"]={cf=cfr(0,0,0,-.387,-.741,.549,.87,-.491,-.049,.306,.459,.834);es="Linear";ed="In";};["000-offset.012"]={cf=cfr(0,0,0,-.27,-.897,-.349,.949,-.309,.059,-.16,-.315,.935);es="Linear";ed="In";};["000-offset.001"]={cf=cfr(0,0,0,.968,.252,0,-.252,.968,0,0,0,1);es="Linear";ed="In";};["000-offset.010"]={cf=cfr(0,0,0,.714,.701,0,-.701,.714,0,0,0,1);es="Linear";ed="In";};["000-offset.013"]={cf=cfr(0,0,0,.855,.518,0,-.518,.855,0,0,0,1);es="Linear";ed="In";};["000-offset.002"]={cf=cfr(0,0,0,.932,.361,.015,-.352,.917,-.185,-.081,.167,.983);es="Linear";ed="In";};["000-offset.011"]={cf=cfr(0,0,0,.712,-.702,0,.702,.712,0,0,0,1);es="Linear";ed="In";};["000-offset.014"]={cf=cfr(0,0,0,.785,-.619,-.005,.619,.785,-.019,.016,.012,1);es="Linear";ed="In";};["000-offset.006"]={cf=cfr(0,0,0,-.36,-.875,-.323,.42,-.461,.782,-.833,.146,.534);es="Linear";ed="In";};["000-offset.003"]={cf=cfr(0,0,0,-.181,-.975,.131,.421,-.197,-.885,.889,-.105,.446);es="Linear";ed="In";};["000-offset.007"]={cf=cfr(0,0,0,.453,-.891,0,.891,.453,0,0,0,1);es="Linear";ed="In";};["000-offset.004"]={cf=cfr(0,0,0,.443,-.897,0,.897,.443,0,0,0,1);es="Linear";ed="In";};["000-offset.008"]={cf=cfr(0,0,0,.972,-.229,-.049,.23,.973,.021,.043,-.032,.999);es="Linear";ed="In";};["000-offset.005"]={cf=cfr(0,0,0,.891,-.449,-.065,.433,.884,-.176,.137,.129,.982);es="Linear";ed="In";};};{tm=.42;["000-offset.009"]={cf=cfr(0,0,0,-.382,-.742,.55,.872,-.487,-.05,.305,.461,.833);es="Linear";ed="In";};["000-offset.012"]={cf=cfr(0,0,0,-.27,-.898,-.349,.949,-.308,.059,-.16,-.315,.935);es="Linear";ed="In";};["000-offset.001"]={cf=cfr(0,0,0,1,.01,0,-.01,1,0,0,0,1);es="Linear";ed="In";};["000-offset.010"]={cf=cfr(0,0,0,.716,.698,0,-.698,.716,0,0,0,1);es="Linear";ed="In";};["000-offset.013"]={cf=cfr(0,0,0,.855,.518,0,-.518,.855,0,0,0,1);es="Linear";ed="In";};["000-offset.002"]={cf=cfr(0,0,0,.973,.228,.042,-.219,.963,-.154,-.075,.141,.987);es="Linear";ed="In";};["000-offset.011"]={cf=cfr(0,0,0,.712,-.702,0,.702,.712,0,0,0,1);es="Linear";ed="In";};["000-offset.014"]={cf=cfr(0,0,0,.785,-.619,-.005,.619,.785,-.019,.016,.012,1);es="Linear";ed="In";};["000-offset.006"]={cf=cfr(0,0,0,-.082,-.97,-.23,.563,-.236,.792,-.823,-.065,.565);es="Linear";ed="In";};["000-offset.003"]={cf=cfr(0,0,0,.077,-.997,0,.507,.039,-.861,.858,.067,.509);es="Linear";ed="In";};["000-offset.007"]={cf=cfr(0,0,0,.375,-.927,0,.927,.375,0,0,0,1);es="Linear";ed="In";};["000-offset.004"]={cf=cfr(0,0,0,.43,-.903,0,.903,.43,0,0,0,1);es="Linear";ed="In";};["000-offset.008"]={cf=cfr(0,0,0,.973,-.222,-.059,.224,.974,.029,.051,-.042,.998);es="Linear";ed="In";};["000-offset.005"]={cf=cfr(0,0,0,.891,-.45,-.061,.433,.882,-.188,.139,.141,.98);es="Linear";ed="In";};};{tm=.461;["000-offset.009"]={cf=cfr(0,0,0,-.378,-.744,.551,.874,-.483,-.052,.305,.462,.833);es="Linear";ed="In";};["000-offset.012"]={cf=cfr(0,0,0,-.269,-.898,-.349,.95,-.307,.059,-.16,-.315,.935);es="Linear";ed="In";};["000-offset.001"]={cf=cfr(0,0,0,.982,-.19,0,.19,.982,0,0,0,1);es="Linear";ed="In";};["000-offset.010"]={cf=cfr(0,0,0,.718,.696,0,-.696,.718,0,0,0,1);es="Linear";ed="In";};["000-offset.013"]={cf=cfr(0,0,0,.855,.519,0,-.519,.855,0,0,0,1);es="Linear";ed="In";};["000-offset.002"]={cf=cfr(0,0,0,.992,.116,.056,-.108,.987,-.122,-.07,.115,.991);es="Linear";ed="In";};["000-offset.011"]={cf=cfr(0,0,0,.713,-.702,0,.702,.713,0,0,0,1);es="Linear";ed="In";};["000-offset.014"]={cf=cfr(0,0,0,.785,-.619,-.005,.619,.785,-.019,.016,.012,1);es="Linear";ed="In";};["000-offset.006"]={cf=cfr(0,0,0,.223,-.964,-.144,.534,-.003,.845,-.816,-.265,.514);es="Linear";ed="In";};["000-offset.003"]={cf=cfr(0,0,0,.355,-.928,-.111,.435,.27,-.859,.827,.257,.499);es="Linear";ed="In";};["000-offset.007"]={cf=cfr(0,0,0,.31,-.951,0,.951,.31,0,0,0,1);es="Linear";ed="In";};["000-offset.004"]={cf=cfr(0,0,0,.423,-.906,0,.906,.423,0,0,0,1);es="Linear";ed="In";};["000-offset.008"]={cf=cfr(0,0,0,.974,-.218,-.061,.221,.975,.039,.051,-.052,.997);es="Linear";ed="In";};["000-offset.005"]={cf=cfr(0,0,0,.89,-.452,-.06,.433,.879,-.199,.143,.151,.978);es="Linear";ed="In";};};{tm=.503;["000-offset.009"]={cf=cfr(0,0,0,-.374,-.745,.552,.876,-.479,-.053,.304,.464,.832);es="Linear";ed="In";};["000-offset.012"]={cf=cfr(0,0,0,-.268,-.898,-.349,.95,-.307,.059,-.16,-.315,.935);es="Linear";ed="In";};["000-offset.001"]={cf=cfr(0,0,0,.958,-.287,0,.287,.958,0,0,0,1);es="Linear";ed="In";};["000-offset.010"]={cf=cfr(0,0,0,.72,.694,0,-.694,.72,0,0,0,1);es="Linear";ed="In";};["000-offset.013"]={cf=cfr(0,0,0,.855,.519,0,-.519,.855,0,0,0,1);es="Linear";ed="In";};["000-offset.002"]={cf=cfr(0,0,0,.996,.063,.06,-.057,.994,-.097,-.065,.093,.994);es="Linear";ed="In";};["000-offset.011"]={cf=cfr(0,0,0,.713,-.702,0,.702,.713,0,0,0,1);es="Linear";ed="In";};["000-offset.014"]={cf=cfr(0,0,0,.786,-.619,-.005,.619,.785,-.019,.016,.012,1);es="Linear";ed="In";};["000-offset.006"]={cf=cfr(0,0,0,.43,-.902,-.027,.391,.159,.906,-.814,-.4,.422);es="Linear";ed="In";};["000-offset.003"]={cf=cfr(0,0,0,.54,-.81,-.229,.255,.417,-.872,.802,.412,.432);es="Linear";ed="In";};["000-offset.007"]={cf=cfr(0,0,0,.265,-.964,0,.964,.265,0,0,0,1);es="Linear";ed="In";};["000-offset.004"]={cf=cfr(0,0,0,.423,-.906,0,.906,.423,0,0,0,1);es="Linear";ed="In";};["000-offset.008"]={cf=cfr(0,0,0,.974,-.221,-.053,.224,.973,.052,.04,-.062,.997);es="Linear";ed="In";};["000-offset.005"]={cf=cfr(0,0,0,.889,-.453,-.062,.433,.877,-.21,.149,.16,.976);es="Linear";ed="In";};};{tm=.545;["000-offset.009"]={cf=cfr(0,0,0,-.37,-.747,.553,.878,-.475,-.055,.304,.465,.832);es="Linear";ed="In";};["000-offset.012"]={cf=cfr(0,0,0,-.267,-.898,-.349,.95,-.306,.06,-.16,-.316,.935);es="Linear";ed="In";};["000-offset.001"]={cf=cfr(0,0,0,.956,-.292,0,.292,.956,0,0,0,1);es="Linear";ed="In";};["000-offset.010"]={cf=cfr(0,0,0,.721,.693,0,-.693,.721,0,0,0,1);es="Linear";ed="In";};["000-offset.013"]={cf=cfr(0,0,0,.855,.519,0,-.519,.855,0,0,0,1);es="Linear";ed="In";};["000-offset.002"]={cf=cfr(0,0,0,.995,.077,.057,-.072,.994,-.08,-.063,.075,.995);es="Linear";ed="In";};["000-offset.011"]={cf=cfr(0,0,0,.713,-.701,0,.701,.713,0,0,0,1);es="Linear";ed="In";};["000-offset.014"]={cf=cfr(0,0,0,.786,-.619,-.005,.618,.786,-.019,.016,.012,1);es="Linear";ed="In";};["000-offset.006"]={cf=cfr(0,0,0,.51,-.856,.087,.264,.252,.931,-.819,-.451,.355);es="Linear";ed="In";};["000-offset.003"]={cf=cfr(0,0,0,.607,-.724,-.327,.096,.475,-.875,.789,.5,.358);es="Linear";ed="In";};["000-offset.007"]={cf=cfr(0,0,0,.248,-.969,0,.969,.248,0,0,0,1);es="Linear";ed="In";};["000-offset.004"]={cf=cfr(0,0,0,.429,-.903,0,.903,.429,0,0,0,1);es="Linear";ed="In";};["000-offset.008"]={cf=cfr(0,0,0,.972,-.232,-.031,.234,.97,.067,.014,-.072,.997);es="Linear";ed="In";};["000-offset.005"]={cf=cfr(0,0,0,.888,-.455,-.067,.432,.874,-.221,.159,.167,.973);es="Linear";ed="In";};};{tm=.587;["000-offset.009"]={cf=cfr(0,0,0,-.366,-.748,.554,.88,-.472,-.056,.303,.467,.831);es="Linear";ed="In";};["000-offset.012"]={cf=cfr(0,0,0,-.266,-.899,-.349,.95,-.305,.06,-.16,-.316,.935);es="Linear";ed="In";};["000-offset.001"]={cf=cfr(0,0,0,.965,-.261,0,.261,.965,0,0,0,1);es="Linear";ed="In";};["000-offset.010"]={cf=cfr(0,0,0,.723,.691,0,-.691,.723,0,0,0,1);es="Linear";ed="In";};["000-offset.013"]={cf=cfr(0,0,0,.855,.519,0,-.519,.855,0,0,0,1);es="Linear";ed="In";};["000-offset.002"]={cf=cfr(0,0,0,.99,.132,.055,-.127,.989,-.073,-.064,.065,.996);es="Linear";ed="In";};["000-offset.011"]={cf=cfr(0,0,0,.713,-.701,0,.701,.713,0,0,0,1);es="Linear";ed="In";};["000-offset.014"]={cf=cfr(0,0,0,.786,-.618,-.005,.618,.786,-.019,.016,.012,1);es="Linear";ed="In";};["000-offset.006"]={cf=cfr(0,0,0,.482,-.864,.147,.261,.302,.917,-.836,-.404,.371);es="Linear";ed="In";};["000-offset.003"]={cf=cfr(0,0,0,.615,-.696,-.372,.019,.484,-.875,.789,.531,.31);es="Linear";ed="In";};["000-offset.007"]={cf=cfr(0,0,0,.305,-.952,0,.952,.305,0,0,0,1);es="Linear";ed="In";};["000-offset.004"]={cf=cfr(0,0,0,.44,-.898,0,.898,.44,0,0,0,1);es="Linear";ed="In";};["000-offset.008"]={cf=cfr(0,0,0,.964,-.264,.03,.26,.961,.093,-.053,-.082,.995);es="Linear";ed="In";};["000-offset.005"]={cf=cfr(0,0,0,.886,-.458,-.075,.432,.872,-.232,.171,.173,.97);es="Linear";ed="In";};};{tm=.629;["000-offset.009"]={cf=cfr(0,0,0,-.362,-.749,.555,.882,-.468,-.057,.303,.468,.83);es="Linear";ed="In";};["000-offset.012"]={cf=cfr(0,0,0,-.265,-.899,-.349,.951,-.304,.06,-.16,-.316,.935);es="Linear";ed="In";};["000-offset.001"]={cf=cfr(0,0,0,.978,-.208,0,.208,.978,0,0,0,1);es="Linear";ed="In";};["000-offset.010"]={cf=cfr(0,0,0,.724,.69,0,-.69,.724,0,0,0,1);es="Linear";ed="In";};["000-offset.013"]={cf=cfr(0,0,0,.854,.52,0,-.52,.854,0,0,0,1);es="Linear";ed="In";};["000-offset.002"]={cf=cfr(0,0,0,.976,.211,.053,-.207,.976,-.073,-.067,.06,.996);es="Linear";ed="In";};["000-offset.011"]={cf=cfr(0,0,0,.713,-.701,0,.701,.713,0,0,0,1);es="Linear";ed="In";};["000-offset.014"]={cf=cfr(0,0,0,.786,-.618,-.005,.618,.786,-.019,.016,.012,1);es="Linear";ed="In";};["000-offset.006"]={cf=cfr(0,0,0,.368,-.913,.173,.342,.306,.888,-.864,-.268,.426);es="Linear";ed="In";};["000-offset.003"]={cf=cfr(0,0,0,.603,-.704,-.376,.001,.471,-.882,.798,.531,.285);es="Linear";ed="In";};["000-offset.007"]={cf=cfr(0,0,0,.436,-.9,0,.9,.436,0,0,0,1);es="Linear";ed="In";};["000-offset.004"]={cf=cfr(0,0,0,.453,-.891,0,.891,.453,0,0,0,1);es="Linear";ed="In";};["000-offset.008"]={cf=cfr(0,0,0,.939,-.319,.128,.302,.943,.138,-.165,-.091,.982);es="Linear";ed="In";};["000-offset.005"]={cf=cfr(0,0,0,.883,-.461,-.084,.431,.869,-.242,.185,.178,.967);es="Linear";ed="In";};};{tm=.671;["000-offset.009"]={cf=cfr(0,0,0,-.358,-.75,.555,.883,-.465,-.059,.302,.47,.83);es="Linear";ed="In";};["000-offset.012"]={cf=cfr(0,0,0,-.264,-.899,-.349,.951,-.303,.06,-.16,-.316,.935);es="Linear";ed="In";};["000-offset.001"]={cf=cfr(0,0,0,.988,-.151,0,.151,.988,0,0,0,1);es="Linear";ed="In";};["000-offset.010"]={cf=cfr(0,0,0,.725,.688,0,-.688,.725,0,0,0,1);es="Linear";ed="In";};["000-offset.013"]={cf=cfr(0,0,0,.854,.52,0,-.52,.854,0,0,0,1);es="Linear";ed="In";};["000-offset.002"]={cf=cfr(0,0,0,.953,.298,.051,-.294,.953,-.078,-.072,.059,.996);es="Linear";ed="In";};["000-offset.011"]={cf=cfr(0,0,0,.713,-.701,0,.701,.713,0,0,0,1);es="Linear";ed="In";};["000-offset.014"]={cf=cfr(0,0,0,.786,-.618,-.005,.618,.786,-.019,.016,.012,1);es="Linear";ed="In";};["000-offset.006"]={cf=cfr(0,0,0,.202,-.959,.197,.4,.265,.877,-.894,-.098,.437);es="Linear";ed="In";};["000-offset.003"]={cf=cfr(0,0,0,.581,-.735,-.349,.027,.446,-.895,.814,.51,.279);es="Linear";ed="In";};["000-offset.007"]={cf=cfr(0,0,0,.582,-.813,0,.813,.582,0,0,0,1);es="Linear";ed="In";};["000-offset.004"]={cf=cfr(0,0,0,.468,-.884,0,.884,.468,0,0,0,1);es="Linear";ed="In";};["000-offset.008"]={cf=cfr(0,0,0,.895,-.383,.229,.342,.918,.198,-.287,-.099,.953);es="Linear";ed="In";};["000-offset.005"]={cf=cfr(0,0,0,.88,-.465,-.094,.43,.866,-.254,.199,.183,.963);es="Linear";ed="In";};};{tm=.713;["000-offset.009"]={cf=cfr(0,0,0,-.355,-.752,.556,.885,-.462,-.06,.302,.471,.829);es="Linear";ed="In";};["000-offset.012"]={cf=cfr(0,0,0,-.263,-.899,-.349,.951,-.302,.061,-.16,-.316,.935);es="Linear";ed="In";};["000-offset.001"]={cf=cfr(0,0,0,.994,-.108,0,.108,.994,0,0,0,1);es="Linear";ed="In";};["000-offset.010"]={cf=cfr(0,0,0,.727,.687,0,-.687,.727,0,0,0,1);es="Linear";ed="In";};["000-offset.013"]={cf=cfr(0,0,0,.854,.52,0,-.52,.854,0,0,0,1);es="Linear";ed="In";};["000-offset.002"]={cf=cfr(0,0,0,.925,.377,.048,-.372,.924,-.084,-.076,.06,.995);es="Linear";ed="In";};["000-offset.011"]={cf=cfr(0,0,0,.714,-.7,0,.7,.714,0,0,0,1);es="Linear";ed="In";};["000-offset.014"]={cf=cfr(0,0,0,.787,-.617,-.005,.617,.787,-.019,.016,.012,1);es="Linear";ed="In";};["000-offset.006"]={cf=cfr(0,0,0,.058,-.975,.213,.392,.219,.894,-.918,.032,.395);es="Linear";ed="In";};["000-offset.003"]={cf=cfr(0,0,0,.548,-.779,-.306,.079,.412,-.908,.833,.473,.287);es="Linear";ed="In";};["000-offset.007"]={cf=cfr(0,0,0,.694,-.72,0,.72,.694,0,0,0,1);es="Linear";ed="In";};["000-offset.004"]={cf=cfr(0,0,0,.485,-.874,0,.874,.485,0,0,0,1);es="Linear";ed="In";};["000-offset.008"]={cf=cfr(0,0,0,.844,-.442,.303,.373,.89,.261,-.385,-.107,.917);es="Linear";ed="In";};["000-offset.005"]={cf=cfr(0,0,0,.877,-.469,-.105,.43,.863,-.265,.214,.187,.959);es="Linear";ed="In";};};{tm=.755;["000-offset.009"]={cf=cfr(0,0,0,-.351,-.753,.557,.886,-.459,-.061,.301,.472,.828);es="Linear";ed="In";};["000-offset.012"]={cf=cfr(0,0,0,-.262,-.9,-.349,.952,-.301,.061,-.16,-.316,.935);es="Linear";ed="In";};["000-offset.001"]={cf=cfr(0,0,0,.995,-.097,0,.097,.995,0,0,0,1);es="Linear";ed="In";};["000-offset.010"]={cf=cfr(0,0,0,.727,.686,0,-.686,.727,0,0,0,1);es="Linear";ed="In";};["000-offset.013"]={cf=cfr(0,0,0,.854,.521,0,-.521,.854,0,0,0,1);es="Linear";ed="In";};["000-offset.002"]={cf=cfr(0,0,0,.9,.434,.044,-.429,.899,-.088,-.078,.06,.995);es="Linear";ed="In";};["000-offset.011"]={cf=cfr(0,0,0,.714,-.7,0,.7,.714,0,0,0,1);es="Linear";ed="In";};["000-offset.014"]={cf=cfr(0,0,0,.787,-.617,-.005,.617,.787,-.019,.016,.012,1);es="Linear";ed="In";};["000-offset.006"]={cf=cfr(0,0,0,-.003,-.976,.22,.359,.204,.911,-.933,.081,.349);es="Linear";ed="In";};["000-offset.003"]={cf=cfr(0,0,0,.503,-.824,-.261,.138,.375,-.917,.853,.426,.302);es="Linear";ed="In";};["000-offset.007"]={cf=cfr(0,0,0,.74,-.673,0,.673,.74,0,0,0,1);es="Linear";ed="In";};["000-offset.004"]={cf=cfr(0,0,0,.503,-.864,0,.864,.503,0,0,0,1);es="Linear";ed="In";};["000-offset.008"]={cf=cfr(0,0,0,.812,-.484,.327,.394,.867,.304,-.431,-.118,.895);es="Linear";ed="In";};["000-offset.005"]={cf=cfr(0,0,0,.874,-.473,-.116,.429,.86,-.276,.23,.191,.954);es="Linear";ed="In";};};{tm=.797;["000-offset.009"]={cf=cfr(0,0,0,-.348,-.754,.558,.888,-.456,-.062,.301,.473,.828);es="Linear";ed="In";};["000-offset.012"]={cf=cfr(0,0,0,-.261,-.9,-.349,.952,-.3,.061,-.16,-.317,.935);es="Linear";ed="In";};["000-offset.001"]={cf=cfr(0,0,0,.992,-.122,.001,.122,.992,0,-.001,0,1);es="Linear";ed="In";};["000-offset.010"]={cf=cfr(0,0,0,.728,.685,0,-.685,.728,0,0,0,1);es="Linear";ed="In";};["000-offset.013"]={cf=cfr(0,0,0,.853,.521,0,-.521,.853,0,0,0,1);es="Linear";ed="In";};["000-offset.002"]={cf=cfr(0,0,0,.889,.456,.042,-.451,.888,-.089,-.078,.06,.995);es="Linear";ed="In";};["000-offset.011"]={cf=cfr(0,0,0,.714,-.7,0,.7,.714,0,0,0,1);es="Linear";ed="In";};["000-offset.014"]={cf=cfr(0,0,0,.787,-.617,-.005,.617,.787,-.019,.016,.012,1);es="Linear";ed="In";};["000-offset.006"]={cf=cfr(0,0,0,.017,-.972,.235,.332,.228,.915,-.943,.062,.326);es="Linear";ed="In";};["000-offset.003"]={cf=cfr(0,0,0,.452,-.862,-.228,.19,.343,-.92,.872,.373,.319);es="Linear";ed="In";};["000-offset.007"]={cf=cfr(0,0,0,.722,-.691,0,.691,.722,0,0,0,1);es="Linear";ed="In";};["000-offset.004"]={cf=cfr(0,0,0,.523,-.852,0,.852,.523,0,0,0,1);es="Linear";ed="In";};["000-offset.008"]={cf=cfr(0,0,0,.806,-.504,.31,.416,.855,.31,-.421,-.121,.899);es="Linear";ed="In";};["000-offset.005"]={cf=cfr(0,0,0,.87,-.477,-.128,.428,.857,-.288,.247,.195,.949);es="Linear";ed="In";};};{tm=.839;["000-offset.009"]={cf=cfr(0,0,0,-.345,-.755,.558,.889,-.453,-.063,.301,.475,.827);es="Linear";ed="In";};["000-offset.012"]={cf=cfr(0,0,0,-.26,-.9,-.349,.952,-.299,.061,-.16,-.317,.935);es="Linear";ed="In";};["000-offset.001"]={cf=cfr(0,0,0,.986,-.168,.003,.168,.986,-.001,-.003,.001,1);es="Linear";ed="In";};["000-offset.010"]={cf=cfr(0,0,0,.729,.684,0,-.684,.729,0,0,0,1);es="Linear";ed="In";};["000-offset.013"]={cf=cfr(0,0,0,.853,.522,0,-.522,.853,0,0,0,1);es="Linear";ed="In";};["000-offset.002"]={cf=cfr(0,0,0,.9,.433,.043,-.429,.899,-.088,-.077,.061,.995);es="Linear";ed="In";};["000-offset.011"]={cf=cfr(0,0,0,.715,-.7,0,.7,.715,0,0,0,1);es="Linear";ed="In";};["000-offset.014"]={cf=cfr(0,0,0,.787,-.616,-.005,.616,.787,-.019,.016,.012,1);es="Linear";ed="In";};["000-offset.006"]={cf=cfr(0,0,0,.071,-.963,.259,.298,.268,.916,-.952,.012,.306);es="Linear";ed="In";};["000-offset.003"]={cf=cfr(0,0,0,.404,-.887,-.222,.225,.331,-.916,.887,.32,.333);es="Linear";ed="In";};["000-offset.007"]={cf=cfr(0,0,0,.665,-.747,0,.747,.665,0,0,0,1);es="Linear";ed="In";};["000-offset.004"]={cf=cfr(0,0,0,.544,-.839,0,.839,.544,0,0,0,1);es="Linear";ed="In";};["000-offset.008"]={cf=cfr(0,0,0,.814,-.514,.271,.442,.85,.285,-.377,-.112,.919);es="Linear";ed="In";};["000-offset.005"]={cf=cfr(0,0,0,.865,-.481,-.141,.426,.854,-.299,.265,.199,.944);es="Linear";ed="In";};};{tm=.881;["000-offset.009"]={cf=cfr(0,0,0,-.342,-.755,.559,.89,-.45,-.065,.301,.476,.827);es="Linear";ed="In";};["000-offset.012"]={cf=cfr(0,0,0,-.259,-.9,-.35,.953,-.298,.062,-.16,-.317,.935);es="Linear";ed="In";};["000-offset.001"]={cf=cfr(0,0,0,.975,-.221,.006,.221,.975,-.001,-.005,.002,1);es="Linear";ed="In";};["000-offset.010"]={cf=cfr(0,0,0,.73,.684,0,-.684,.73,0,0,0,1);es="Linear";ed="In";};["000-offset.013"]={cf=cfr(0,0,0,.853,.522,0,-.522,.853,0,0,0,1);es="Linear";ed="In";};["000-offset.002"]={cf=cfr(0,0,0,.925,.377,.045,-.372,.924,-.087,-.075,.064,.995);es="Linear";ed="In";};["000-offset.011"]={cf=cfr(0,0,0,.715,-.699,0,.699,.715,0,0,0,1);es="Linear";ed="In";};["000-offset.014"]={cf=cfr(0,0,0,.788,-.616,-.005,.616,.788,-.019,.016,.012,1);es="Linear";ed="In";};["000-offset.006"]={cf=cfr(0,0,0,.13,-.95,.283,.254,.308,.917,-.958,-.047,.281);es="Linear";ed="In";};["000-offset.003"]={cf=cfr(0,0,0,.356,-.904,-.239,.25,.338,-.907,.901,.263,.346);es="Linear";ed="In";};["000-offset.007"]={cf=cfr(0,0,0,.58,-.815,0,.815,.58,0,0,0,1);es="Linear";ed="In";};["000-offset.004"]={cf=cfr(0,0,0,.565,-.825,0,.825,.565,0,0,0,1);es="Linear";ed="In";};["000-offset.008"]={cf=cfr(0,0,0,.827,-.519,.216,.468,.848,.247,-.312,-.103,.945);es="Linear";ed="In";};["000-offset.005"]={cf=cfr(0,0,0,.86,-.486,-.155,.425,.85,-.311,.283,.201,.938);es="Linear";ed="In";};};{tm=.923;["000-offset.009"]={cf=cfr(0,0,0,-.339,-.756,.56,.892,-.448,-.066,.3,.477,.826);es="Linear";ed="In";};["000-offset.012"]={cf=cfr(0,0,0,-.258,-.901,-.35,.953,-.297,.062,-.16,-.317,.935);es="Linear";ed="In";};["000-offset.001"]={cf=cfr(0,0,0,.963,-.269,.007,.269,.963,-.001,-.006,.003,1);es="Linear";ed="In";};["000-offset.010"]={cf=cfr(0,0,0,.73,.683,0,-.683,.73,0,0,0,1);es="Linear";ed="In";};["000-offset.013"]={cf=cfr(0,0,0,.853,.522,0,-.522,.853,0,0,0,1);es="Linear";ed="In";};["000-offset.002"]={cf=cfr(0,0,0,.951,.307,.049,-.302,.95,-.085,-.073,.066,.995);es="Linear";ed="In";};["000-offset.011"]={cf=cfr(0,0,0,.715,-.699,0,.699,.715,0,0,0,1);es="Linear";ed="In";};["000-offset.014"]={cf=cfr(0,0,0,.788,-.616,-.005,.616,.788,-.019,.016,.012,1);es="Linear";ed="In";};["000-offset.006"]={cf=cfr(0,0,0,.177,-.938,.298,.212,.332,.919,-.961,-.099,.257);es="Linear";ed="In";};["000-offset.003"]={cf=cfr(0,0,0,.298,-.915,-.27,.27,.352,-.896,.916,.194,.352);es="Linear";ed="In";};["000-offset.007"]={cf=cfr(0,0,0,.482,-.876,0,.876,.482,0,0,0,1);es="Linear";ed="In";};["000-offset.004"]={cf=cfr(0,0,0,.587,-.81,0,.81,.587,0,0,0,1);es="Linear";ed="In";};["000-offset.008"]={cf=cfr(0,0,0,.841,-.52,.147,.486,.846,.218,-.238,-.112,.965);es="Linear";ed="In";};["000-offset.005"]={cf=cfr(0,0,0,.855,-.491,-.169,.423,.847,-.322,.301,.204,.932);es="Linear";ed="In";};};{tm=.965;["000-offset.009"]={cf=cfr(0,0,0,-.336,-.757,.56,.893,-.445,-.067,.3,.478,.826);es="Linear";ed="In";};["000-offset.012"]={cf=cfr(0,0,0,-.256,-.901,-.35,.953,-.295,.062,-.159,-.317,.935);es="Linear";ed="In";};["000-offset.001"]={cf=cfr(0,0,0,.954,-.3,.005,.3,.954,-.001,-.005,.002,1);es="Linear";ed="In";};["000-offset.010"]={cf=cfr(0,0,0,.731,.683,0,-.683,.731,0,0,0,1);es="Linear";ed="In";};["000-offset.013"]={cf=cfr(0,0,0,.852,.523,0,-.523,.852,0,0,0,1);es="Linear";ed="In";};["000-offset.002"]={cf=cfr(0,0,0,.968,.243,.053,-.239,.968,-.083,-.071,.068,.995);es="Linear";ed="In";};["000-offset.011"]={cf=cfr(0,0,0,.716,-.699,0,.699,.716,0,0,0,1);es="Linear";ed="In";};["000-offset.014"]={cf=cfr(0,0,0,.788,-.615,-.005,.615,.788,-.019,.016,.012,1);es="Linear";ed="In";};["000-offset.006"]={cf=cfr(0,0,0,.209,-.934,.289,.189,.329,.925,-.959,-.139,.246);es="Linear";ed="In";};["000-offset.003"]={cf=cfr(0,0,0,.236,-.921,-.311,.281,.371,-.885,.93,.122,.346);es="Linear";ed="In";};["000-offset.007"]={cf=cfr(0,0,0,.396,-.918,0,.918,.396,0,0,0,1);es="Linear";ed="In";};["000-offset.004"]={cf=cfr(0,0,0,.609,-.793,0,.793,.609,0,0,0,1);es="Linear";ed="In";};["000-offset.008"]={cf=cfr(0,0,0,.855,-.514,.069,.49,.843,.221,-.172,-.156,.973);es="Linear";ed="In";};["000-offset.005"]={cf=cfr(0,0,0,.849,-.496,-.183,.421,.844,-.334,.32,.206,.925);es="Linear";ed="In";};};{tm=1.007;["000-offset.009"]={cf=cfr(0,0,0,-.333,-.758,.561,.894,-.443,-.068,.3,.479,.825);es="Linear";ed="In";};["000-offset.012"]={cf=cfr(0,0,0,-.255,-.901,-.35,.954,-.294,.063,-.159,-.318,.935);es="Linear";ed="In";};["000-offset.001"]={cf=cfr(0,0,0,.953,-.303,0,.303,.953,0,0,0,1);es="Linear";ed="In";};["000-offset.010"]={cf=cfr(0,0,0,.731,.682,0,-.682,.731,0,0,0,1);es="Linear";ed="In";};["000-offset.013"]={cf=cfr(0,0,0,.852,.523,0,-.523,.852,0,0,0,1);es="Linear";ed="In";};["000-offset.002"]={cf=cfr(0,0,0,.976,.211,.054,-.206,.975,-.082,-.07,.069,.995);es="Linear";ed="In";};["000-offset.011"]={cf=cfr(0,0,0,.716,-.698,0,.698,.716,0,0,0,1);es="Linear";ed="In";};["000-offset.014"]={cf=cfr(0,0,0,.789,-.615,-.005,.615,.789,-.019,.016,.012,1);es="Linear";ed="In";};["000-offset.006"]={cf=cfr(0,0,0,.227,-.943,.241,.211,.29,.934,-.951,-.161,.265);es="Linear";ed="In";};["000-offset.003"]={cf=cfr(0,0,0,.175,-.918,-.357,.281,.394,-.875,.944,.053,.327);es="Linear";ed="In";};["000-offset.007"]={cf=cfr(0,0,0,.346,-.938,0,.938,.346,0,0,0,1);es="Linear";ed="In";};["000-offset.004"]={cf=cfr(0,0,0,.632,-.775,0,.775,.632,0,0,0,1);es="Linear";ed="In";};["000-offset.008"]={cf=cfr(0,0,0,.87,-.493,-.012,.477,.833,.28,-.128,-.25,.96);es="Linear";ed="In";};["000-offset.005"]={cf=cfr(0,0,0,.843,-.501,-.197,.419,.84,-.345,.338,.208,.918);es="Linear";ed="In";};};{tm=1.049;["000-offset.009"]={cf=cfr(0,0,0,-.33,-.759,.562,.895,-.44,-.069,.3,.48,.824);es="Linear";ed="In";};["000-offset.012"]={cf=cfr(0,0,0,-.254,-.902,-.35,.954,-.293,.063,-.159,-.318,.935);es="Linear";ed="In";};["000-offset.001"]={cf=cfr(0,0,0,.957,-.29,-.009,.29,.957,.002,.008,-.005,1);es="Linear";ed="In";};["000-offset.010"]={cf=cfr(0,0,0,.731,.682,0,-.682,.731,0,0,0,1);es="Linear";ed="In";};["000-offset.013"]={cf=cfr(0,0,0,.852,.524,0,-.524,.852,0,0,0,1);es="Linear";ed="In";};["000-offset.002"]={cf=cfr(0,0,0,.975,.214,.056,-.209,.974,-.088,-.073,.074,.995);es="Linear";ed="In";};["000-offset.011"]={cf=cfr(0,0,0,.716,-.698,0,.698,.716,0,0,0,1);es="Linear";ed="In";};["000-offset.014"]={cf=cfr(0,0,0,.789,-.615,-.005,.614,.789,-.019,.016,.012,1);es="Linear";ed="In";};["000-offset.006"]={cf=cfr(0,0,0,.203,-.972,.12,.32,.182,.93,-.925,-.151,.348);es="Linear";ed="In";};["000-offset.003"]={cf=cfr(0,0,0,.118,-.908,-.402,.272,.419,-.866,.955,-.007,.296);es="Linear";ed="In";};["000-offset.007"]={cf=cfr(0,0,0,.349,-.937,0,.937,.349,0,0,0,1);es="Linear";ed="In";};["000-offset.004"]={cf=cfr(0,0,0,.654,-.756,0,.756,.654,0,0,0,1);es="Linear";ed="In";};["000-offset.008"]={cf=cfr(0,0,0,.894,-.437,-.1,.434,.788,.437,-.112,-.434,.894);es="Linear";ed="In";};["000-offset.005"]={cf=cfr(0,0,0,.836,-.506,-.212,.416,.837,-.356,.357,.21,.91);es="Linear";ed="In";};};{tm=1.09;["000-offset.009"]={cf=cfr(0,0,0,-.328,-.759,.562,.896,-.438,-.07,.299,.481,.824);es="Linear";ed="In";};["000-offset.012"]={cf=cfr(0,0,0,-.252,-.902,-.35,.955,-.291,.063,-.159,-.318,.935);es="Linear";ed="In";};["000-offset.001"]={cf=cfr(0,0,0,.959,-.282,-.02,.282,.959,.006,.018,-.012,1);es="Linear";ed="In";};["000-offset.010"]={cf=cfr(0,0,0,.731,.683,0,-.683,.731,0,0,0,1);es="Linear";ed="In";};["000-offset.013"]={cf=cfr(0,0,0,.852,.524,0,-.524,.852,0,0,0,1);es="Linear";ed="In";};["000-offset.002"]={cf=cfr(0,0,0,.969,.24,.057,-.233,.967,-.101,-.08,.085,.993);es="Linear";ed="In";};["000-offset.011"]={cf=cfr(0,0,0,.717,-.698,0,.698,.717,0,0,0,1);es="Linear";ed="In";};["000-offset.014"]={cf=cfr(0,0,0,.789,-.614,-.005,.614,.789,-.019,.016,.012,1);es="Linear";ed="In";};["000-offset.006"]={cf=cfr(0,0,0,.051,-.998,-.04,.482,-.01,.876,-.875,-.064,.48);es="Linear";ed="In";};["000-offset.003"]={cf=cfr(0,0,0,.07,-.894,-.443,.255,.446,-.858,.964,-.053,.259);es="Linear";ed="In";};["000-offset.007"]={cf=cfr(0,0,0,.389,-.921,0,.921,.389,0,0,0,1);es="Linear";ed="In";};["000-offset.004"]={cf=cfr(0,0,0,.677,-.736,0,.736,.677,0,0,0,1);es="Linear";ed="In";};["000-offset.008"]={cf=cfr(0,0,0,.925,-.34,-.168,.362,.657,.662,-.114,-.673,.731);es="Linear";ed="In";};["000-offset.005"]={cf=cfr(0,0,0,.829,-.512,-.226,.414,.833,-.367,.376,.211,.902);es="Linear";ed="In";};};{tm=1.133;["000-offset.009"]={cf=cfr(0,0,0,-.325,-.76,.563,.897,-.436,-.071,.299,.482,.823);es="Linear";ed="In";};["000-offset.012"]={cf=cfr(0,0,0,-.251,-.903,-.35,.955,-.29,.064,-.159,-.318,.935);es="Linear";ed="In";};["000-offset.001"]={cf=cfr(0,0,0,.96,-.276,-.034,.277,.961,.012,.029,-.021,.999);es="Linear";ed="In";};["000-offset.010"]={cf=cfr(0,0,0,.731,.683,0,-.683,.731,0,0,0,1);es="Linear";ed="In";};["000-offset.013"]={cf=cfr(0,0,0,.851,.525,0,-.525,.851,0,0,0,1);es="Linear";ed="In";};["000-offset.002"]={cf=cfr(0,0,0,.959,.278,.057,-.271,.956,-.112,-.085,.092,.992);es="Linear";ed="In";};["000-offset.011"]={cf=cfr(0,0,0,.717,-.697,0,.697,.717,0,0,0,1);es="Linear";ed="In";};["000-offset.014"]={cf=cfr(0,0,0,.79,-.614,-.005,.614,.789,-.019,.016,.012,1);es="Linear";ed="In";};["000-offset.006"]={cf=cfr(0,0,0,-.249,-.957,-.151,.541,-.267,.798,-.803,.117,.584);es="Linear";ed="In";};["000-offset.003"]={cf=cfr(0,0,0,.032,-.878,-.477,.235,.471,-.85,.971,-.085,.221);es="Linear";ed="In";};["000-offset.007"]={cf=cfr(0,0,0,.447,-.894,0,.894,.447,0,0,0,1);es="Linear";ed="In";};["000-offset.004"]={cf=cfr(0,0,0,.698,-.716,0,.716,.698,0,0,0,1);es="Linear";ed="In";};["000-offset.008"]={cf=cfr(0,0,0,.953,-.24,-.186,.277,.433,.858,-.125,-.869,.479);es="Linear";ed="In";};["000-offset.005"]={cf=cfr(0,0,0,.822,-.517,-.24,.411,.829,-.378,.395,.212,.894);es="Linear";ed="In";};};{tm=1.175;["000-offset.009"]={cf=cfr(0,0,0,-.323,-.76,.564,.898,-.434,-.072,.299,.483,.823);es="Linear";ed="In";};["000-offset.012"]={cf=cfr(0,0,0,-.249,-.903,-.35,.955,-.289,.064,-.159,-.319,.934);es="Linear";ed="In";};["000-offset.001"]={cf=cfr(0,0,0,.961,-.273,-.049,.275,.961,.019,.042,-.032,.999);es="Linear";ed="In";};["000-offset.010"]={cf=cfr(0,0,0,.731,.683,0,-.683,.731,0,0,0,1);es="Linear";ed="In";};["000-offset.013"]={cf=cfr(0,0,0,.851,.525,0,-.525,.851,0,0,0,1);es="Linear";ed="In";};["000-offset.002"]={cf=cfr(0,0,0,.945,.323,.053,-.316,.942,-.11,-.086,.087,.993);es="Linear";ed="In";};["000-offset.011"]={cf=cfr(0,0,0,.717,-.697,0,.697,.717,0,0,0,1);es="Linear";ed="In";};["000-offset.014"]={cf=cfr(0,0,0,.79,-.613,-.005,.613,.79,-.019,.016,.012,1);es="Linear";ed="In";};["000-offset.006"]={cf=cfr(0,0,0,-.547,-.808,-.218,.414,-.488,.768,-.727,.33,.602);es="Linear";ed="In";};["000-offset.003"]={cf=cfr(0,0,0,.003,-.865