local cfr = CFrame.new

return {{tm=0;["HumanoidRootPart"]={cf=cfr(0,0,0,1,0,0,0,1,0,0,0,1);es="Linear";ed="In";};["LowerTorso"]={cf=cfr(.86,0,0,.996,.023,-.082,-.055,.908,-.416,.065,.419,.906);es="Linear";ed="In";};["RightUpperLeg"]={cf=cfr(0,0,0,.873,-.25,-.419,.211,.968,-.138,.44,.032,.898);es="Linear";ed="In";};["LeftUpperLeg"]={cf=cfr(0,0,0,.856,.065,.513,-.294,.877,.379,-.425,-.475,.77);es="Linear";ed="In";};["UpperTorso"]={cf=cfr(0,0,-.015,.862,.407,-.302,-.422,.906,.018,.281,.112,.953);es="Linear";ed="In";};["RightLowerLeg"]={cf=cfr(0,0,0,.999,-.042,-.008,.02,.297,.955,-.037,-.954,.297);es="Linear";ed="In";};["LeftLowerLeg"]={cf=cfr(0,0,0,1,.003,-.002,-.002,.982,.187,.003,-.187,.982);es="Linear";ed="In";};["RightUpperArm"]={cf=cfr(0,0,0,.959,-.206,-.196,.176,.971,-.162,.224,.121,.967);es="Linear";ed="In";};["LeftUpperArm"]={cf=cfr(0,0,0,.338,.632,-.697,-.421,-.561,-.713,-.842,.535,.077);es="Linear";ed="In";};["Head"]={cf=cfr(0,0,0,.983,.077,.168,-.151,.863,.482,-.108,-.499,.86);es="Linear";ed="In";};["RightFoot"]={cf=cfr(0,0,0,.999,.014,.029,-.016,.998,.062,-.028,-.063,.998);es="Linear";ed="In";};["LeftFoot"]={cf=cfr(0,0,0,1,-.009,-.004,.01,.869,.495,-.001,-.495,.869);es="Linear";ed="In";};["RightLowerArm"]={cf=cfr(0,0,0,.981,.069,-.183,-.01,.952,.307,.196,-.299,.934);es="Linear";ed="In";};["LeftLowerArm"]={cf=cfr(0,0,0,.699,.61,.372,-.66,.351,.665,.275,-.71,.648);es="Linear";ed="In";};["RightHand"]={cf=cfr(0,0,0,.929,-.051,-.367,.139,.966,.216,.344,-.252,.905);es="Linear";ed="In";};["LeftHand"]={cf=cfr(0,0,0,1,0,0,0,1,0,0,0,1);es="Linear";ed="In";};};{tm=.042;["HumanoidRootPart"]={cf=cfr(0,0,0,1,0,0,0,1,0,0,0,1);es="Linear";ed="In";};["LowerTorso"]={cf=cfr(.649,.028,0,.996,.086,.031,-.065,.907,-.416,-.064,.412,.909);es="Linear";ed="In";};["RightUpperLeg"]={cf=cfr(0,0,0,.873,-.273,-.405,.222,.96,-.167,.435,.056,.899);es="Linear";ed="In";};["LeftUpperLeg"]={cf=cfr(0,0,0,.851,.134,.508,-.343,.874,.344,-.398,-.466,.79);es="Linear";ed="In";};["UpperTorso"]={cf=cfr(0,0,-.015,.893,.381,-.238,-.402,.915,-.044,.201,.135,.97);es="Linear";ed="In";};["RightLowerLeg"]={cf=cfr(0,0,0,.999,-.04,-.006,.021,.371,.929,-.035,-.928,.371);es="Linear";ed="In";};["LeftLowerLeg"]={cf=cfr(0,0,0,1,.003,-.002,-.002,.983,.186,.003,-.186,.983);es="Linear";ed="In";};["RightUpperArm"]={cf=cfr(0,0,0,.975,-.159,-.153,.12,.964,-.238,.186,.213,.959);es="Linear";ed="In";};["LeftUpperArm"]={cf=cfr(0,0,0,.362,.574,-.735,-.464,-.573,-.676,-.809,.585,.058);es="Linear";ed="In";};["Head"]={cf=cfr(0,0,0,.993,.108,.057,-.122,.876,.467,0,-.471,.882);es="Linear";ed="In";};["RightFoot"]={cf=cfr(0,0,0,.999,.014,.029,-.016,.998,.062,-.028,-.063,.998);es="Linear";ed="In";};["LeftFoot"]={cf=cfr(0,0,0,1,-.009,-.004,.01,.86,.51,-.001,-.51,.86);es="Linear";ed="In";};["RightLowerArm"]={cf=cfr(0,0,0,.974,.046,-.223,.017,.962,.272,.228,-.269,.936);es="Linear";ed="In";};["LeftLowerArm"]={cf=cfr(0,0,0,.685,.626,.374,-.675,.35,.65,.276,-.697,.662);es="Linear";ed="In";};["RightHand"]={cf=cfr(0,0,0,.929,-.051,-.367,.139,.966,.216,.344,-.252,.905);es="Linear";ed="In";};["LeftHand"]={cf=cfr(0,0,0,1,0,0,0,1,0,0,0,1);es="Linear";ed="In";};};{tm=.083;["HumanoidRootPart"]={cf=cfr(0,0,0,1,0,0,0,1,0,0,0,1);es="Linear";ed="In";};["LowerTorso"]={cf=cfr(.395,.07,.001,.977,.151,.152,-.075,.905,-.419,-.201,.398,.895);es="Linear";ed="In";};["RightUpperLeg"]={cf=cfr(0,0,0,.869,-.303,-.39,.239,.949,-.203,.432,.083,.898);es="Linear";ed="In";};["LeftUpperLeg"]={cf=cfr(0,0,0,.846,.225,.483,-.399,.868,.295,-.353,-.442,.824);es="Linear";ed="In";};["UpperTorso"]={cf=cfr(0,0,-.015,.924,.348,-.157,-.367,.923,-.113,.106,.162,.981);es="Linear";ed="In";};["RightLowerLeg"]={cf=cfr(0,0,0,.999,-.038,-.004,.021,.45,.893,-.032,-.892,.451);es="Linear";ed="In";};["LeftLowerLeg"]={cf=cfr(0,0,0,1,.003,-.002,-.002,.98,.197,.003,-.197,.98);es="Linear";ed="In";};["RightUpperArm"]={cf=cfr(0,0,0,.99,-.116,-.084,.08,.933,-.35,.119,.34,.933);es="Linear";ed="In";};["LeftUpperArm"]={cf=cfr(0,0,0,.407,.486,-.774,-.527,-.567,-.633,-.746,.665,.026);es="Linear";ed="In";};["Head"]={cf=cfr(0,0,0,.988,.139,-.061,-.1,.896,.432,.115,-.421,.9);es="Linear";ed="In";};["RightFoot"]={cf=cfr(0,0,0,.999,.014,.029,-.016,.998,.062,-.028,-.063,.998);es="Linear";ed="In";};["LeftFoot"]={cf=cfr(0,0,0,1,-.01,-.004,.01,.856,.517,-.001,-.517,.856);es="Linear";ed="In";};["RightLowerArm"]={cf=cfr(0,0,0,.959,.001,-.285,.064,.973,.22,.277,-.229,.933);es="Linear";ed="In";};["LeftLowerArm"]={cf=cfr(0,0,0,.661,.648,.379,-.702,.355,.618,.266,-.674,.689);es="Linear";ed="In";};["RightHand"]={cf=cfr(0,0,0,.929,-.051,-.367,.139,.966,.216,.344,-.252,.905);es="Linear";ed="In";};["LeftHand"]={cf=cfr(0,0,0,1,0,0,0,1,0,0,0,1);es="Linear";ed="In";};};{tm=.125;["HumanoidRootPart"]={cf=cfr(0,0,0,1,0,0,0,1,0,0,0,1);es="Linear";ed="In";};["LowerTorso"]={cf=cfr(.113,.113,.002,.938,.216,.272,-.083,.9,-.428,-.337,.378,.862);es="Linear";ed="In";};["RightUpperLeg"]={cf=cfr(0,0,0,.864,-.337,-.375,.26,.935,-.242,.432,.111,.895);es="Linear";ed="In";};["LeftUpperLeg"]={cf=cfr(0,0,0,.835,.326,.444,-.462,.853,.243,-.299,-.407,.863);es="Linear";ed="In";};["UpperTorso"]={cf=cfr(0,0,-.015,.949,.31,-.063,-.316,.931,-.182,.002,.193,.981);es="Linear";ed="In";};["RightLowerLeg"]={cf=cfr(0,0,0,.999,-.036,-.003,.021,.507,.862,-.03,-.861,.507);es="Linear";ed="In";};["LeftLowerLeg"]={cf=cfr(0,0,0,1,.003,-.002,-.002,.976,.219,.003,-.219,.976);es="Linear";ed="In";};["RightUpperArm"]={cf=cfr(0,0,0,.996,-.087,.007,.08,.871,-.484,.036,.483,.875);es="Linear";ed="In";};["LeftUpperArm"]={cf=cfr(0,0,0,.466,.377,-.8,-.595,-.536,-.599,-.655,.755,-.026);es="Linear";ed="In";};["Head"]={cf=cfr(0,0,0,.969,.171,-.179,-.091,.919,.384,.231,-.356,.906);es="Linear";ed="In";};["RightFoot"]={cf=cfr(0,0,0,.999,.014,.029,-.016,.998,.062,-.028,-.063,.998);es="Linear";ed="In";};["LeftFoot"]={cf=cfr(0,0,0,1,-.01,-.004,.01,.855,.518,-.001,-.518,.856);es="Linear";ed="In";};["RightLowerArm"]={cf=cfr(0,0,0,.932,-.073,-.355,.136,.978,.155,.336,-.193,.922);es="Linear";ed="In";};["LeftLowerArm"]={cf=cfr(0,0,0,.63,.677,.381,-.736,.364,.571,.247,-.64,.727);es="Linear";ed="In";};["RightHand"]={cf=cfr(0,0,0,.929,-.051,-.367,.139,.966,.216,.344,-.252,.905);es="Linear";ed="In";};["LeftHand"]={cf=cfr(0,0,0,1,0,0,0,1,0,0,0,1);es="Linear";ed="In";};};{tm=.167;["HumanoidRootPart"]={cf=cfr(0,0,0,1,0,0,0,1,0,0,0,1);es="Linear";ed="In";};["LowerTorso"]={cf=cfr(-.141,.169,.003,.881,.277,.382,-.09,.893,-.441,-.464,.355,.812);es="Linear";ed="In";};["RightUpperLeg"]={cf=cfr(0,0,0,.855,-.374,-.359,.283,.917,-.281,.434,.139,.89);es="Linear";ed="In";};["LeftUpperLeg"]={cf=cfr(0,0,0,.815,.424,.395,-.525,.828,.197,-.244,-.368,.898);es="Linear";ed="In";};["UpperTorso"]={cf=cfr(0,0,-.015,.963,.268,.039,-.251,.937,-.244,-.102,.225,.969);es="Linear";ed="In";};["RightLowerLeg"]={cf=cfr(0,0,0,.999,-.036,-.003,.021,.514,.857,-.03,-.857,.515);es="Linear";ed="In";};["LeftLowerLeg"]={cf=cfr(0,0,0,1,.003,-.002,-.002,.967,.253,.003,-.253,.967);es="Linear";ed="In";};["RightUpperArm"]={cf=cfr(0,0,0,.99,-.083,.111,.133,.777,-.615,-.035,.624,.781);es="Linear";ed="In";};["LeftUpperArm"]={cf=cfr(0,0,0,.53,.262,-.807,-.65,-.485,-.585,-.544,.834,-.087);es="Linear";ed="In";};["Head"]={cf=cfr(0,0,0,.935,.202,-.293,-.099,.939,.33,.341,-.28,.897);es="Linear";ed="In";};["RightFoot"]={cf=cfr(0,0,0,.999,.014,.029,-.016,.998,.062,-.028,-.063,.998);es="Linear";ed="In";};["LeftFoot"]={cf=cfr(0,0,0,1,-.009,-.004,.01,.858,.513,-.001,-.513,.859);es="Linear";ed="In";};["RightLowerArm"]={cf=cfr(0,0,0,.891,-.17,-.422,.228,.969,.091,.393,-.177,.902);es="Linear";ed="In";};["LeftLowerArm"]={cf=cfr(0,0,0,.597,.709,.375,-.771,.377,.513,.223,-.595,.772);es="Linear";ed="In";};["RightHand"]={cf=cfr(0,0,0,.929,-.051,-.367,.139,.966,.216,.344,-.252,.905);es="Linear";ed="In";};["LeftHand"]={cf=cfr(0,0,0,1,0,0,0,1,0,0,0,1);es="Linear";ed="In";};};{tm=.208;["HumanoidRootPart"]={cf=cfr(0,0,0,1,0,0,0,1,0,0,0,1);es="Linear";ed="In";};["LowerTorso"]={cf=cfr(-.367,.211,.003,.812,.333,.479,-.092,.883,-.459,-.576,.329,.748);es="Linear";ed="In";};["RightUpperLeg"]={cf=cfr(0,0,0,.845,-.41,-.344,.305,.897,-.319,.439,.165,.883);es="Linear";ed="In";};["LeftUpperLeg"]={cf=cfr(0,0,0,.79,.507,.344,-.583,.796,.164,-.191,-.33,.925);es="Linear";ed="In";};["UpperTorso"]={cf=cfr(0,0,-.015,.964,.223,.144,-.174,.941,-.291,-.201,.256,.946);es="Linear";ed="In";};["RightLowerLeg"]={cf=cfr(0,0,0,.999,-.038,-.004,.021,.461,.887,-.032,-.886,.462);es="Linear";ed="In";};["LeftLowerLeg"]={cf=cfr(0,0,0,1,.004,-.003,-.003,.954,.3,.004,-.299,.954);es="Linear";ed="In";};["RightUpperArm"]={cf=cfr(0,0,0,.97,-.104,.218,.232,.656,-.718,-.068,.748,.661);es="Linear";ed="In";};["LeftUpperArm"]={cf=cfr(0,0,0,.585,.157,-.796,-.685,-.43,-.588,-.435,.889,-.144);es="Linear";ed="In";};["Head"]={cf=cfr(0,0,0,.889,.23,-.395,-.124,.953,.278,.44,-.198,.876);es="Linear";ed="In";};["RightFoot"]={cf=cfr(0,0,0,.999,.014,.029,-.016,.998,.062,-.028,-.063,.998);es="Linear";ed="In";};["LeftFoot"]={cf=cfr(0,0,0,1,-.009,-.004,.01,.864,.503,-.001,-.503,.864);es="Linear";ed="In";};["RightLowerArm"]={cf=cfr(0,0,0,.836,-.275,-.475,.334,.942,.042,.436,-.194,.879);es="Linear";ed="In";};["LeftLowerArm"]={cf=cfr(0,0,0,.569,.74,.359,-.798,.393,.457,.197,-.546,.814);es="Linear";ed="In";};["RightHand"]={cf=cfr(0,0,0,.929,-.051,-.367,.139,.966,.216,.344,-.252,.905);es="Linear";ed="In";};["LeftHand"]={cf=cfr(0,0,0,1,0,0,0,1,0,0,0,1);es="Linear";ed="In";};};{tm=.25;["HumanoidRootPart"]={cf=cfr(0,0,0,1,0,0,0,1,0,0,0,1);es="Linear";ed="In";};["LowerTorso"]={cf=cfr(-.564,.24,.004,.738,.381,.557,-.088,.873,-.48,-.669,.305,.678);es="Linear";ed="In";};["RightUpperLeg"]={cf=cfr(0,0,0,.834,-.442,-.33,.325,.877,-.354,.446,.188,.875);es="Linear";ed="In";};["LeftUpperLeg"]={cf=cfr(0,0,0,.767,.568,.299,-.626,.766,.148,-.145,-.301,.943);es="Linear";ed="In";};["UpperTorso"]={cf=cfr(0,0,-.015,.953,.176,.245,-.092,.943,-.321,-.287,.283,.915);es="Linear";ed="In";};["RightLowerLeg"]={cf=cfr(0,0,0,.999,-.04,-.006,.021,.365,.931,-.035,-.93,.365);es="Linear";ed="In";};["LeftLowerLeg"]={cf=cfr(0,0,0,1,.004,-.003,-.003,.934,.357,.004,-.357,.934);es="Linear";ed="In";};["RightUpperArm"]={cf=cfr(0,0,0,.937,-.15,.317,.348,.515,-.783,-.045,.844,.535);es="Linear";ed="In";};["LeftUpperArm"]={cf=cfr(0,0,0,.619,.08,-.781,-.701,-.392,-.596,-.354,.916,-.187);es="Linear";ed="In";};["Head"]={cf=cfr(0,0,0,.838,.256,-.482,-.159,.959,.233,.522,-.118,.845);es="Linear";ed="In";};["RightFoot"]={cf=cfr(0,0,0,.999,.014,.029,-.016,.998,.062,-.028,-.063,.998);es="Linear";ed="In";};["LeftFoot"]={cf=cfr(0,0,0,1,-.009,-.005,.01,.872,.489,-.001,-.489,.872);es="Linear";ed="In";};["RightLowerArm"]={cf=cfr(0,0,0,.775,-.367,-.515,.44,.898,.023,.454,-.244,.857);es="Linear";ed="In";};["LeftLowerArm"]={cf=cfr(0,0,0,.551,.762,.339,-.814,.403,.417,.181,-.506,.843);es="Linear";ed="In";};["RightHand"]={cf=cfr(0,0,0,.929,-.051,-.367,.139,.966,.216,.344,-.252,.905);es="Linear";ed="In";};["LeftHand"]={cf=cfr(0,0,0,1,0,0,0,1,0,0,0,1);es="Linear";ed="In";};};{tm=.292;["HumanoidRootPart"]={cf=cfr(0,0,0,1,0,0,0,1,0,0,0,1);es="Linear";ed="In";};["LowerTorso"]={cf=cfr(-.761,.296,.005,.666,.418,.617,-.079,.862,-.5,-.741,.285,.608);es="Linear";ed="In";};["RightUpperLeg"]={cf=cfr(0,0,0,.824,-.469,-.317,.341,.858,-.384,.452,.208,.867);es="Linear";ed="In";};["LeftUpperLeg"]={cf=cfr(0,0,0,.755,.6,.265,-.647,.747,.152,-.107,-.286,.952);es="Linear";ed="In";};["UpperTorso"]={cf=cfr(0,0,-.015,.933,.131,.334,-.013,.943,-.332,-.359,.306,.882);es="Linear";ed="In";};["RightLowerLeg"]={cf=cfr(0,0,0,.999,-.043,-.01,.02,.241,.97,-.039,-.97,.241);es="Linear";ed="In";};["LeftLowerLeg"]={cf=cfr(0,0,0,1,.005,-.003,-.003,.905,.426,.005,-.426,.905);es="Linear";ed="In";};["RightUpperArm"]={cf=cfr(0,0,0,.893,-.212,.398,.45,.364,-.815,.028,.907,.42);es="Linear";ed="In";};["LeftUpperArm"]={cf=cfr(0,0,0,.6,.053,-.798,-.711,-.422,-.563,-.367,.905,-.215);es="Linear";ed="In";};["Head"]={cf=cfr(0,0,0,.786,.277,-.552,-.2,.96,.198,.585,-.045,.81);es="Linear";ed="In";};["RightFoot"]={cf=cfr(0,0,0,.999,.014,.029,-.016,.998,.062,-.028,-.063,.998);es="Linear";ed="In";};["LeftFoot"]={cf=cfr(0,0,0,1,-.009,-.005,.011,.881,.472,0,-.472,.881);es="Linear";ed="In";};["RightLowerArm"]={cf=cfr(0,0,0,.719,-.433,-.543,.535,.844,.035,.444,-.315,.839);es="Linear";ed="In";};["LeftLowerArm"]={cf=cfr(0,0,0,.544,.773,.325,-.812,.389,.435,.21,-.501,.839);es="Linear";ed="In";};["RightHand"]={cf=cfr(0,0,0,.929,-.051,-.367,.139,.966,.216,.344,-.252,.905);es="Linear";ed="In";};["LeftHand"]={cf=cfr(0,0,0,1,0,0,0,1,0,0,0,1);es="Linear";ed="In";};};{tm=.333;["HumanoidRootPart"]={cf=cfr(0,0,0,1,0,0,0,1,0,0,0,1);es="Linear";ed="In";};["LowerTorso"]={cf=cfr(-.931,.338,.005,.605,.444,.661,-.064,.854,-.516,-.794,.27,.545);es="Linear";ed="In";};["RightUpperLeg"]={cf=cfr(0,0,0,.817,-.488,-.308,.351,.844,-.407,.458,.224,.86);es="Linear";ed="In";};["LeftUpperLeg"]={cf=cfr(0,0,0,.779,.581,.236,-.623,.759,.188,-.07,-.293,.954);es="Linear";ed="In";};["UpperTorso"]={cf=cfr(0,0,-.015,.909,.087,.408,.057,.943,-.327,-.413,.321,.852);es="Linear";ed="In";};["RightLowerLeg"]={cf=cfr(0,0,0,.999,-.045,-.013,.018,.111,.994,-.043,-.993,.112);es="Linear";ed="In";};["LeftLowerLeg"]={cf=cfr(0,0,0,1,.006,-.003,-.003,.836,.548,.006,-.548,.836);es="Linear";ed="In";};["RightUpperArm"]={cf=cfr(0,0,0,.845,-.278,.456,.517,.212,-.829,.134,.937,.323);es="Linear";ed="In";};["LeftUpperArm"]={cf=cfr(0,0,0,.533,.071,-.843,-.711,-.501,-.492,-.458,.862,-.217);es="Linear";ed="In";};["Head"]={cf=cfr(0,0,0,.741,.294,-.604,-.237,.956,.173,.628,.015,.778);es="Linear";ed="In";};["RightFoot"]={cf=cfr(0,0,0,.999,.014,.029,-.016,.998,.062,-.028,-.063,.998);es="Linear";ed="In";};["LeftFoot"]={cf=cfr(0,0,0,1,-.009,-.005,.011,.9,.435,.001,-.435,.9);es="Linear";ed="In";};["RightLowerArm"]={cf=cfr(0,0,0,.676,-.475,-.563,.612,.788,.069,.411,-.391,.824);es="Linear";ed="In";};["LeftLowerArm"]={cf=cfr(0,0,0,.551,.772,.317,-.789,.358,.5,.273,-.526,.806);es="Linear";ed="In";};["RightHand"]={cf=cfr(0,0,0,.929,-.051,-.367,.139,.966,.216,.344,-.252,.905);es="Linear";ed="In";};["LeftHand"]={cf=cfr(0,0,0,1,0,0,0,1,0,0,0,1);es="Linear";ed="In";};};{tm=.375;["HumanoidRootPart"]={cf=cfr(0,0,0,1,0,0,0,1,0,0,0,1);es="Linear";ed="In";};["LowerTorso"]={cf=cfr(-1.072,.366,.006,.561,.457,.69,-.046,.85,-.525,-.827,.262,.498);es="Linear";ed="In";};["RightUpperLeg"]={cf=cfr(0,0,0,.813,-.497,-.302,.354,.835,-.422,.462,.236,.855);es="Linear";ed="In";};["LeftUpperLeg"]={cf=cfr(0,0,0,.836,.511,.201,-.548,.798,.251,-.032,-.32,.947);es="Linear";ed="In";};["UpperTorso"]={cf=cfr(0,0,-.015,.886,.046,.461,.112,.944,-.31,-.449,.327,.832);es="Linear";ed="In";};["RightLowerLeg"]={cf=cfr(0,0,0,.999,-.046,-.017,.017,.001,1,-.046,-.999,.002);es="Linear";ed="In";};["LeftLowerLeg"]={cf=cfr(0,0,0,1,.009,-.003,-.004,.699,.715,.009,-.715,.699);es="Linear";ed="In";};["RightUpperArm"]={cf=cfr(0,0,0,.803,-.335,.492,.542,.069,-.838,.247,.94,.237);es="Linear";ed="In";};["LeftUpperArm"]={cf=cfr(0,0,0,.483,.099,-.87,-.701,-.552,-.452,-.525,.828,-.197);es="Linear";ed="In";};["Head"]={cf=cfr(0,0,0,.709,.303,-.637,-.265,.951,.158,.654,.057,.754);es="Linear";ed="In";};["RightFoot"]={cf=cfr(0,0,0,.999,.014,.029,-.016,.998,.062,-.028,-.063,.998);es="Linear";ed="In";};["LeftFoot"]={cf=cfr(0,0,0,1,-.009,-.005,.01,.928,.373,.002,-.373,.928);es="Linear";ed="In";};["RightLowerArm"]={cf=cfr(0,0,0,.647,-.503,-.573,.671,.733,.114,.363,-.458,.812);es="Linear";ed="In";};["LeftLowerArm"]={cf=cfr(0,0,0,.564,.763,.315,-.766,.341,.545,.309,-.549,.777);es="Linear";ed="In";};["RightHand"]={cf=cfr(0,0,0,.929,-.051,-.367,.139,.966,.216,.344,-.252,.905);es="Linear";ed="In";};["LeftHand"]={cf=cfr(0,0,0,1,0,0,0,1,0,0,0,1);es="Linear";ed="In";};};{tm=.417;["HumanoidRootPart"]={cf=cfr(0,0,0,1,0,0,0,1,0,0,0,1);es="Linear";ed="In";};["LowerTorso"]={cf=cfr(-1.128,.366,.006,.539,.454,.709,-.026,.851,-.525,-.842,.265,.471);es="Linear";ed="In";};["RightUpperLeg"]={cf=cfr(0,0,0,.816,-.494,-.3,.348,.834,-.428,.461,.245,.853);es="Linear";ed="In";};["LeftUpperLeg"]={cf=cfr(0,0,0,.896,.414,.159,-.443,.839,.316,-.003,-.354,.935);es="Linear";ed="In";};["UpperTorso"]={cf=cfr(0,0,-.015,.872,.011,.489,.148,.947,-.286,-.466,.322,.824);es="Linear";ed="In";};["RightLowerLeg"]={cf=cfr(0,0,0,.999,-.047,-.019,.016,-.066,.998,-.048,-.997,-.065);es="Linear";ed="In";};["LeftLowerLeg"]={cf=cfr(0,0,0,1,.011,-.003,-.003,.52,.854,.011,-.854,.52);es="Linear";ed="In";};["RightUpperArm"]={cf=cfr(0,0,0,.776,-.374,.508,.526,-.061,-.848,.349,.925,.149);es="Linear";ed="In";};["LeftUpperArm"]={cf=cfr(0,0,0,.522,.101,-.847,-.709,-.501,-.497,-.475,.859,-.19);es="Linear";ed="In";};["Head"]={cf=cfr(0,0,0,.694,.305,-.652,-.276,.949,.151,.665,.075,.743);es="Linear";ed="In";};["RightFoot"]={cf=cfr(0,0,0,.999,.014,.029,-.016,.998,.062,-.028,-.063,.998);es="Linear";ed="In";};["LeftFoot"]={cf=cfr(0,0,0,1,-.009,-.006,.01,.953,.302,.003,-.302,.953);es="Linear";ed="In";};["RightLowerArm"]={cf=cfr(0,0,0,.625,-.527,-.575,.716,.681,.155,.31,-.509,.803);es="Linear";ed="In";};["LeftLowerArm"]={cf=cfr(0,0,0,.561,.76,.328,-.783,.358,.508,.268,-.542,.796);es="Linear";ed="In";};["RightHand"]={cf=cfr(0,0,0,.929,-.051,-.367,.139,.966,.216,.344,-.252,.905);es="Linear";ed="In";};["LeftHand"]={cf=cfr(0,0,0,1,0,0,0,1,0,0,0,1);es="Linear";ed="In";};};{tm=.458;["HumanoidRootPart"]={cf=cfr(0,0,0,1,0,0,0,1,0,0,0,1);es="Linear";ed="In";};["LowerTorso"]={cf=cfr(-1.128,.352,.006,.546,.43,.719,0,.858,-.513,-.838,.28,.469);es="Linear";ed="In";};["RightUpperLeg"]={cf=cfr(0,0,0,.827,-.474,-.303,.33,.844,-.422,.456,.249,.854);es="Linear";ed="In";};["LeftUpperLeg"]={cf=cfr(0,0,0,.94,.32,.119,-.341,.865,.368,.015,-.386,.922);es="Linear";ed="In";};["UpperTorso"]={cf=cfr(0,0,-.015,.87,-.023,.492,.168,.953,-.252,-.463,.302,.833);es="Linear";ed="In";};["RightLowerLeg"]={cf=cfr(0,0,0,.999,-.047,-.02,.015,-.097,.995,-.049,-.994,-.097);es="Linear";ed="In";};["LeftLowerLeg"]={cf=cfr(0,0,0,1,.013,-.002,-.002,.363,.932,.013,-.932,.363);es="Linear";ed="In";};["RightUpperArm"]={cf=cfr(0,0,0,.77,-.391,.504,.468,-.191,-.863,.434,.9,.036);es="Linear";ed="In";};["LeftUpperArm"]={cf=cfr(0,0,0,.638,.077,-.766,-.706,-.339,-.622,-.307,.938,-.162);es="Linear";ed="In";};["Head"]={cf=cfr(0,0,0,.704,.298,-.645,-.266,.952,.15,.659,.066,.749);es="Linear";ed="In";};["RightFoot"]={cf=cfr(0,0,0,.999,.014,.029,-.016,.998,.062,-.028,-.063,.998);es="Linear";ed="In";};["LeftFoot"]={cf=cfr(0,0,0,1,-.008,-.006,.009,.97,.244,.004,-.244,.97);es="Linear";ed="In";};["RightLowerArm"]={cf=cfr(0,0,0,.602,-.558,-.571,.757,.626,.186,.254,-.544,.799);es="Linear";ed="In";};["LeftLowerArm"]={cf=cfr(0,0,0,.555,.755,.348,-.819,.423,.389,.147,-.501,.853);es="Linear";ed="In";};["RightHand"]={cf=cfr(0,0,0,.929,-.051,-.367,.139,.966,.216,.344,-.252,.905);es="Linear";ed="In";};["LeftHand"]={cf=cfr(0,0,0,1,0,0,0,1,0,0,0,1);es="Linear";ed="In";};};{tm=.5;["HumanoidRootPart"]={cf=cfr(0,0,0,1,0,0,0,1,0,0,0,1);es="Linear";ed="In";};["LowerTorso"]={cf=cfr(-1.086,.31,.005,.58,.383,.719,.035,.87,-.491,-.814,.31,.491);es="Linear";ed="In";};["RightUpperLeg"]={cf=cfr(0,0,0,.845,-.436,-.31,.297,.864,-.405,.445,.25,.86);es="Linear";ed="In";};["LeftUpperLeg"]={cf=cfr(0,0,0,.96,.264,.092,-.278,.875,.396,.025,-.406,.914);es="Linear";ed="In";};["UpperTorso"]={cf=cfr(0,0,-.015,.879,-.061,.472,.177,.962,-.206,-.442,.265,.857);es="Linear";ed="In";};["RightLowerLeg"]={cf=cfr(0,0,0,.999,-.047,-.02,.015,-.118,.993,-.05,-.992,-.118);es="Linear";ed="In";};["LeftLowerLeg"]={cf=cfr(0,0,0,1,.013,-.002,-.002,.306,.952,.013,-.952,.306);es="Linear";ed="In";};["RightUpperArm"]={cf=cfr(0,0,0,.785,-.392,.48,.366,-.331,-.87,.499,.859,-.116);es="Linear";ed="In";};["LeftUpperArm"]={cf=cfr(0,0,0,.756,.055,-.652,-.644,-.116,-.756,-.117,.992,-.053);es="Linear";ed="In";};["Head"]={cf=cfr(0,0,0,.736,.284,-.614,-.238,.958,.157,.633,.03,.773);es="Linear";ed="In";};["RightFoot"]={cf=cfr(0,0,0,.999,.014,.029,-.016,.998,.062,-.028,-.063,.998);es="Linear";ed="In";};["LeftFoot"]={cf=cfr(0,0,0,1,-.008,-.006,.009,.975,.22,.004,-.22,.975);es="Linear";ed="In";};["RightLowerArm"]={cf=cfr(0,0,0,.57,-.602,-.56,.799,.566,.204,.194,-.563,.803);es="Linear";ed="In";};["LeftLowerArm"]={cf=cfr(0,0,0,.584,.727,.363,-.812,.527,.25,-.009,-.441,.898);es="Linear";ed="In";};["RightHand"]={cf=cfr(0,0,0,.929,-.051,-.367,.139,.966,.216,.344,-.252,.905);es="Linear";ed="In";};["LeftHand"]={cf=cfr(0,0,0,1,0,0,0,1,0,0,0,1);es="Linear";ed="In";};};{tm=.542;["HumanoidRootPart"]={cf=cfr(0,0,0,1,0,0,0,1,0,0,0,1);es="Linear";ed="In";};["LowerTorso"]={cf=cfr(-1.001,.268,.004,.634,.316,.706,.078,.882,-.464,-.77,.349,.535);es="Linear";ed="In";};["RightUpperLeg"]={cf=cfr(0,0,0,.866,-.383,-.321,.253,.89,-.379,.431,.247,.868);es="Linear";ed="In";};["LeftUpperLeg"]={cf=cfr(0,0,0,.966,.244,.079,-.255,.876,.41,.031,-.416,.909);es="Linear";ed="In";};["UpperTorso"]={cf=cfr(0,0,-.015,.896,-.1,.433,.182,.971,-.153,-.405,.216,.888);es="Linear";ed="In";};["RightLowerLeg"]={cf=cfr(0,0,0,.999,-.048,-.021,.014,-.13,.991,-.05,-.99,-.129);es="Linear";ed="In";};["LeftLowerLeg"]={cf=cfr(0,0,0,1,.013,-.002,-.002,.358,.934,.013,-.934,.358);es="Linear";ed="In";};["RightUpperArm"]={cf=cfr(0,0,0,.816,-.382,.434,.234,-.47,-.851,.529,.796,-.294);es="Linear";ed="In";};["LeftUpperArm"]={cf=cfr(0,0,0,.85,.047,-.524,-.525,.148,-.838,.039,.988,.151);es="Linear";ed="In";};["Head"]={cf=cfr(0,0,0,.785,.262,-.561,-.198,.965,.173,.587,-.024,.809);es="Linear";ed="In";};["RightFoot"]={cf=cfr(0,0,0,.999,.014,.029,-.016,.998,.062,-.028,-.063,.998);es="Linear";ed="In";};["LeftFoot"]={cf=cfr(0,0,0,1,-.008,-.006,.009,.973,.23,.004,-.23,.973);es="Linear";ed="In";};["RightLowerArm"]={cf=cfr(0,0,0,.532,-.654,-.538,.835,.509,.206,.139,-.559,.818);es="Linear";ed="In";};["LeftLowerArm"]={cf=cfr(0,0,0,.653,.656,.378,-.74,.659,.134,-.161,-.367,.916);es="Linear";ed="In";};["RightHand"]={cf=cfr(0,0,0,.929,-.051,-.367,.139,.966,.216,.344,-.252,.905);es="Linear";ed="In";};["LeftHand"]={cf=cfr(0,0,0,1,0,0,0,1,0,0,0,1);es="Linear";ed="In";};};{tm=.583;["HumanoidRootPart"]={cf=cfr(0,0,0,1,0,0,0,1,0,0,0,1);es="Linear";ed="In";};["LowerTorso"]={cf=cfr(-.888,.211,.003,.701,.233,.674,.128,.889,-.44,-.702,.394,.593);es="Linear";ed="In";};["RightUpperLeg"]={cf=cfr(0,0,0,.886,-.32,-.334,.201,.917,-.344,.417,.238,.877);es="Linear";ed="In";};["LeftUpperLeg"]={cf=cfr(0,0,0,.969,.234,.074,-.243,.875,.419,.033,-.424,.905);es="Linear";ed="In";};["UpperTorso"]={cf=cfr(0,0,-.015,.915,-.138,.378,.186,.978,-.095,-.357,.157,.921);es="Linear";ed="In";};["RightLowerLeg"]={cf=cfr(0,0,0,.999,-.048,-.021,.014,-.131,.991,-.05,-.99,-.13);es="Linear";ed="In";};["LeftLowerLeg"]={cf=cfr(0,0,0,1,.012,-.003,-.003,.463,.886,.011,-.886,.463);es="Linear";ed="In";};["RightUpperArm"]={cf=cfr(0,0,0,.854,-.37,.366,.084,-.596,-.799,.513,.713,-.478);es="Linear";ed="In";};["LeftUpperArm"]={cf=cfr(0,0,0,.911,.063,-.407,-.394,.42,-.818,.12,.905,.407);es="Linear";ed="In";};["Head"]={cf=cfr(0,0,0,.842,.234,-.487,-.154,.968,.199,.518,-.093,.85);es="Linear";ed="In";};["RightFoot"]={cf=cfr(0,0,0,.999,.014,.029,-.016,.998,.062,-.028,-.063,.998);es="Linear";ed="In";};["LeftFoot"]={cf=cfr(0,0,0,1,-.008,-.006,.01,.967,.256,.004,-.256,.967);es="Linear";ed="In";};["RightLowerArm"]={cf=cfr(0,0,0,.493,-.708,-.505,.864,.465,.192,.099,-.531,.842);es="Linear";ed="In";};["LeftLowerArm"]={cf=cfr(0,0,0,.744,.542,.39,-.612,.788,.072,-.268,-.293,.918);es="Linear";ed="In";};["RightHand"]={cf=cfr(0,0,0,.929,-.051,-.367,.139,.966,.216,.344,-.252,.905);es="Linear";ed="In";};["LeftHand"]={cf=cfr(0,0,0,1,0,0,0,1,0,0,0,1);es="Linear";ed="In";};};{tm=.625;["HumanoidRootPart"]={cf=cfr(0,0,0,1,0,0,0,1,0,0,0,1);es="Linear";ed="In";};["LowerTorso"]={cf=cfr(-.79,.155,.002,.771,.139,.621,.181,.888,-.424,-.61,.439,.659);es="Linear";ed="In";};["RightUpperLeg"]={cf=cfr(0,0,0,.903,-.251,-.348,.145,.942,-.303,.404,.224,.887);es="Linear";ed="In";};["LeftUpperLeg"]={cf=cfr(0,0,0,.97,.232,.073,-.241,.872,.425,.035,-.43,.902);es="Linear";ed="In";};["UpperTorso"]={cf=cfr(0,0,-.015,.934,-.173,.312,.194,.98,-.037,-.299,.095,.949);es="Linear";ed="In";};["RightLowerLeg"]={cf=cfr(0,0,0,.999,-.048,-.021,.014,-.131,.991,-.05,-.99,-.13);es="Linear";ed="In";};["LeftLowerLeg"]={cf=cfr(0,0,0,1,.01,-.003,-.003,.596,.803,.01,-.803,.596);es="Linear";ed="In";};["RightUpperArm"]={cf=cfr(0,0,0,.891,-.363,.275,-.066,-.7,-.711,.45,.615,-.648);es="Linear";ed="In";};["LeftUpperArm"]={cf=cfr(0,0,0,.941,.106,-.32,-.309,.655,-.69,.137,.748,.649);es="Linear";ed="In";};["Head"]={cf=cfr(0,0,0,.897,.201,-.394,-.112,.965,.237,.428,-.168,.888);es="Linear";ed="In";};["RightFoot"]={cf=cfr(0,0,0,.999,.014,.029,-.016,.998,.062,-.028,-.063,.998);es="Linear";ed="In";};["LeftFoot"]={cf=cfr(0,0,0,1,-.008,-.006,.01,.956,.292,.003,-.292,.956);es="Linear";ed="In";};["RightLowerArm"]={cf=cfr(0,0,0,.463,-.755,-.464,.883,.441,.163,.081,-.485,.871);es="Linear";ed="In";};["LeftLowerArm"]={cf=cfr(0,0,0,.828,.408,.386,-.464,.883,.063,-.315,-.232,.92);es="Linear";ed="In";};["RightHand"]={cf=cfr(0,0,0,.929,-.051,-.367,.139,.966,.216,.344,-.252,.905);es="Linear";ed="In";};["LeftHand"]={cf=cfr(0,0,0,1,0,0,0,1,0,0,0,1);es="Linear";ed="In";};};{tm=.667;["HumanoidRootPart"]={cf=cfr(0,0,0,1,0,0,0,1,0,0,0,1);es="Linear";ed="In";};["LowerTorso"]={cf=cfr(-.691,.113,.002,.836,.04,.547,.233,.877,-.421,-.496,.48,.724);es="Linear";ed="In";};["RightUpperLeg"]={cf=cfr(0,0,0,.914,-.181,-.362,.088,.962,-.259,.395,.205,.895);es="Linear";ed="In";};["LeftUpperLeg"]={cf=cfr(0,0,0,.968,.237,.077,-.247,.869,.429,.035,-.435,.9);es="Linear";ed="In";};["UpperTorso"]={cf=cfr(0,0,-.015,.95,-.203,.239,.205,.979,.017,-.237,.033,.971);es="Linear";ed="In";};["RightLowerLeg"]={cf=cfr(0,0,0,.999,-.048,-.02,.015,-.123,.992,-.05,-.991,-.122);es="Linear";ed="In";};["LeftLowerLeg"]={cf=cfr(0,0,0,1,.008,-.003,-.004,.73,.684,.008,-.684,.73);es="Linear";ed="In";};["RightUpperArm"]={cf=cfr(0,0,0,.915,-.366,.169,-.2,-.777,-.597,.35,.512,-.784);es="Linear";ed="In";};["LeftUpperArm"]={cf=cfr(0,0,0,.947,.173,-.272,-.292,.817,-.497,.136,.55,.824);es="Linear";ed="In";};["Head"]={cf=cfr(0,0,0,.944,.164,-.287,-.081,.956,.282,.321,-.243,.915);es="Linear";ed="In";};["RightFoot"]={cf=cfr(0,0,0,.999,.014,.029,-.016,.998,.062,-.028,-.063,.998);es="Linear";ed="In";};["LeftFoot"]={cf=cfr(0,0,0,1,-.009,-.006,.01,.942,.335,.002,-.335,.942);es="Linear";ed="In";};["RightLowerArm"]={cf=cfr(0,0,0,.448,-.789,-.421,.89,.437,.127,.084,-.431,.898);es="Linear";ed="In";};["LeftLowerArm"]={cf=cfr(0,0,0,.888,.288,.36,-.336,.939,.076,-.316,-.188,.93);es="Linear";ed="In";};["RightHand"]={cf=cfr(0,0,0,.929,-.051,-.367,.139,.966,.216,.344,-.252,.905);es="Linear";ed="In";};["LeftHand"]={cf=cfr(0,0,0,1,0,0,0,1,0,0,0,1);es="Linear";ed="In";};};{tm=.708;["HumanoidRootPart"]={cf=cfr(0,0,0,1,0,0,0,1,0,0,0,1);es="Linear";ed="In";};["LowerTorso"]={cf=cfr(-.606,.07,.001,.888,-.059,.455,.278,.858,-.432,-.365,.51,.779);es="Linear";ed="In";};["RightUpperLeg"]={cf=cfr(0,0,0,.92,-.116,-.376,.036,.976,-.213,.391,.182,.902);es="Linear";ed="In";};["LeftUpperLeg"]={cf=cfr(0,0,0,.965,.248,.083,-.26,.864,.432,.035,-.438,.898);es="Linear";ed="In";};["UpperTorso"]={cf=cfr(0,0,-.015,.96,-.226,.165,.218,.974,.063,-.175,-.025,.984);es="Linear";ed="In";};["RightLowerLeg"]={cf=cfr(0,0,0,.999,-.047,-.02,.015,-.111,.994,-.049,-.993,-.11);es="Linear";ed="In";};["LeftLowerLeg"]={cf=cfr(0,0,0,1,.006,-.003,-.003,.842,.54,.006,-.54,.842);es="Linear";ed="In";};["RightUpperArm"]={cf=cfr(0,0,0,.923,-.38,.064,-.308,-.826,-.472,.232,.416,-.88);es="Linear";ed="In";};["LeftUpperArm"]={cf=cfr(0,0,0,.933,.251,-.257,-.322,.9,-.293,.158,.356,.921);es="Linear";ed="In";};["Head"]={cf=cfr(0,0,0,.977,.125,-.174,-.062,.943,.328,.205,-.31,.928);es="Linear";ed="In";};["RightFoot"]={cf=cfr(0,0,0,.999,.014,.029,-.016,.998,.062,-.028,-.063,.998);es="Linear";ed="In";};["LeftFoot"]={cf=cfr(0,0,0,1,-.009,-.005,.01,.925,.379,.002,-.379,.925);es="Linear";ed="In";};["RightLowerArm"]={cf=cfr(0,0,0,.449,-.808,-.381,.888,.451,.088,.1,-.378,.92);es="Linear";ed="In";};["LeftLowerArm"]={cf=cfr(0,0,0,.924,.208,.322,-.246,.966,.083,-.293,-.156,.943);es="Linear";ed="In";};["RightHand"]={cf=cfr(0,0,0,.929,-.051,-.367,.139,.966,.216,.344,-.252,.905);es="Linear";ed="In";};["LeftHand"]={cf=cfr(0,0,0,1,0,0,0,1,0,0,0,1);es="Linear";ed="In";};};{tm=.75;["HumanoidRootPart"]={cf=cfr(0,0,0,1,0,0,0,1,0,0,0,1);es="Linear";ed="In";};["LowerTorso"]={cf=cfr(-.508,.028,0,.923,-.151,.354,.311,.835,-.454,-.227,.529,.818);es="Linear";ed="In";};["RightUpperLeg"]={cf=cfr(0,0,0,.92,-.061,-.388,-.006,.985,-.17,.393,.159,.906);es="Linear";ed="In";};["LeftUpperLeg"]={cf=cfr(0,0,0,.96,.265,.09,-.277,.858,.433,.037,-.441,.897);es="Linear";ed="In";};["UpperTorso"]={cf=cfr(0,0,-.015,.966,-.24,.093,.231,.968,.099,-.114,-.074,.991);es="Linear";ed="In";};["RightLowerLeg"]={cf=cfr(0,0,0,.999,-.047,-.02,.015,-.096,.995,-.049,-.994,-.095);es="Linear";ed="In";};["LeftLowerLeg"]={cf=cfr(0,0,0,1,.005,-.003,-.003,.919,.394,.005,-.394,.919);es="Linear";ed="In";};["RightUpperArm"]={cf=cfr(0,0,0,.917,-.399,-.026,-.382,-.855,-.352,.118,.332,-.936);es="Linear";ed="In";};["LeftUpperArm"]={cf=cfr(0,0,0,.909,.323,-.264,-.363,.924,-.118,.206,.204,.957);es="Linear";ed="In";};["Head"]={cf=cfr(0,0,0,.995,.083,-.063,-.054,.928,.368,.089,-.362,.928);es="Linear";ed="In";};["RightFoot"]={cf=cfr(0,0,0,.999,.014,.029,-.016,.998,.062,-.028,-.063,.998);es="Linear";ed="In";};["LeftFoot"]={cf=cfr(0,0,0,1,-.009,-.005,.01,.908,.419,.001,-.42,.908);es="Linear";ed="In";};["RightLowerArm"]={cf=cfr(0,0,0,.461,-.816,-.349,.879,.473,.056,.12,-.333,.935);es="Linear";ed="In";};["LeftLowerArm"]={cf=cfr(0,0,0,.943,.168,.288,-.198,.977,.077,-.269,-.129,.954);es="Linear";ed="In";};["RightHand"]={cf=cfr(0,0,0,.929,-.051,-.367,.139,.966,.216,.344,-.252,.905);es="Linear";ed="In";};["LeftHand"]={cf=cfr(0,0,0,1,0,0,0,1,0,0,0,1);es="Linear";ed="In";};};{tm=.792;["HumanoidRootPart"]={cf=cfr(0,0,0,1,0,0,0,1,0,0,0,1);es="Linear";ed="In";};["LowerTorso"]={cf=cfr(-.423,0,0,.94,-.231,.252,.329,.813,-.48,-.094,.534,.84);es="Linear";ed="In";};["RightUpperLeg"]={cf=cfr(0,0,0,.917,-.021,-.399,-.035,.99,-.133,.398,.136,.907);es="Linear";ed="In";};["LeftUpperLeg"]={cf=cfr(0,0,0,.954,.285,.096,-.298,.85,.434,.042,-.442,.896);es="Linear";ed="In";};["UpperTorso"]={cf=cfr(0,0,-.015,.969,-.244,.03,.239,.963,.123,-.059,-.112,.992);es="Linear";ed="In";};["RightLowerLeg"]={cf=cfr(0,0,0,.999,-.047,-.019,.015,-.081,.997,-.049,-.996,-.08);es="Linear";ed="In";};["LeftLowerLeg"]={cf=cfr(0,0,0,1,.003,-.002,-.003,.962,.272,.003,-.272,.962);es="Linear";ed="In";};["RightUpperArm"]={cf=cfr(0,0,0,.905,-.416,-.087,-.423,-.87,-.253,.03,.266,-.964);es="Linear";ed="In";};["LeftUpperArm"]={cf=cfr(0,0,0,.882,.377,-.282,-.392,.92,.004,.261,.107,.959);es="Linear";ed="In";};["Head"]={cf=cfr(0,0,0,.999,.04,.037,-.052,.918,.392,-.018,-.393,.919);es="Linear";ed="In";};["RightFoot"]={cf=cfr(0,0,0,.999,.014,.029,-.016,.998,.062,-.028,-.063,.998);es="Linear";ed="In";};["LeftFoot"]={cf=cfr(0,0,0,1,-.009,-.005,.01,.892,.452,0,-.452,.892);es="Linear";ed="In";};["RightLowerArm"]={cf=cfr(0,0,0,.475,-.818,-.323,.87,.492,.033,.133,-.297,.946);es="Linear";ed="In";};["LeftLowerArm"]={cf=cfr(0,0,0,.951,.156,.267,-.179,.982,.064,-.252,-.108,.962);es="Linear";ed="In";};["RightHand"]={cf=cfr(0,0,0,.929,-.051,-.367,.139,.966,.216,.344,-.252,.905);es="Linear";ed="In";};["LeftHand"]={cf=cfr(0,0,0,1,0,0,0,1,0,0,0,1);es="Linear";ed="In";};};{tm=.833;["HumanoidRootPart"]={cf=cfr(0,0,0,1,0,0,0,1,0,0,0,1);es="Linear";ed="In";};["LowerTorso"]={cf=cfr(-.381,0,0,.943,-.294,.158,.333,.798,-.502,.022,.526,.85);es="Linear";ed="In";};["RightUpperLeg"]={cf=cfr(0,0,0,.912,-.003,-.41,-.045,.993,-.107,.408,.116,.906);es="Linear";ed="In";};["LeftUpperLeg"]={cf=cfr(0,0,0,.946,.307,.101,-.32,.842,.435,.049,-.444,.895);es="Linear";ed="In";};["UpperTorso"]={cf=cfr(0,0,-.015,.972,-.235,-.02,.236,.963,.134,-.012,-.134,.991);es="Linear";ed="In";};["RightLowerLeg"]={cf=cfr(0,0,0,.999,-.047,-.019,.016,-.066,.998,-.048,-.997,-.065);es="Linear";ed="In";};["LeftLowerLeg"]={cf=cfr(0,0,0,1,.003,-.002,-.002,.98,.199,.003,-.199,.98);es="Linear";ed="In";};["RightUpperArm"]={cf=cfr(0,0,0,.901,-.421,-.105,-.434,-.881,-.188,-.013,.215,-.977);es="Linear";ed="In";};["LeftUpperArm"]={cf=cfr(0,0,0,.865,.403,-.298,-.403,.913,.063,.298,.066,.952);es="Linear";ed="In";};["Head"]={cf=cfr(0,0,0,.993,-.002,.117,-.044,.918,.394,-.108,-.397,.912);es="Linear";ed="In";};["RightFoot"]={cf=cfr(0,0,0,.999,.014,.029,-.016,.998,.062,-.028,-.063,.998);es="Linear";ed="In";};["LeftFoot"]={cf=cfr(0,0,0,1,-.009,-.005,.011,.881,.472,0,-.472,.881);es="Linear";ed="In";};["RightLowerArm"]={cf=cfr(0,0,0,.482,-.823,-.3,.866,.499,.023,.131,-.27,.954);es="Linear";ed="In";};["LeftLowerArm"]={cf=cfr(0,0,0,.953,.158,.257,-.177,.983,.053,-.245,-.096,.965);es="Linear";ed="In";};["RightHand"]={cf=cfr(0,0,0,.929,-.051,-.367,.139,.966,.216,.344,-.252,.905);es="Linear";ed="In";};["LeftHand"]={cf=cfr(0,0,0,1,0,0,0,1,0,0,0,1);es="Linear";ed="In";};};}