local cfr = CFrame.new

return {{tm=0;["RootNode"]={cf=cfr(0,0,0,-1,0,0,0,1,0,0,0,-1);es="Linear";ed="In";};["root"]={cf=cfr(0,2.693,0,0,0,1,0,1,0,-1,0,0);es="Linear";ed="In";};["000-offset"]={cf=cfr(0,0,0,-.161,.961,.225,-.987,-.157,-.037,0,-.228,.974);es="Linear";ed="In";};["004-offset.001"]={cf=cfr(0,0,0,-.015,-1,0,1,-.015,0,0,0,1);es="Linear";ed="In";};["006-offset"]={cf=cfr(0,0,0,-.015,-1,0,1,-.015,0,0,0,1);es="Linear";ed="In";};["000-offset.009"]={cf=cfr(0,0,0,-.261,-.957,.125,.904,-.287,-.316,.338,.03,.941);es="Linear";ed="In";};["000-offset.012"]={cf=cfr(0,0,0,-.552,-.736,-.392,.774,-.627,.088,-.311,-.254,.916);es="Linear";ed="In";};["000-offset.001"]={cf=cfr(0,0,0,.926,.327,-.187,-.375,.848,-.374,.036,.417,.908);es="Linear";ed="In";};["000-offset.010"]={cf=cfr(0,0,0,.482,.876,0,-.876,.482,0,0,0,1);es="Linear";ed="In";};["000-offset.013"]={cf=cfr(0,0,0,.406,.914,0,-.914,.406,0,0,0,1);es="Linear";ed="In";};["004-offset"]={cf=cfr(0,0,0,.035,-.999,0,.999,.035,0,0,0,1);es="Linear";ed="In";};["002-offset"]={cf=cfr(0,0,0,.035,-.999,0,.999,.035,0,0,0,1);es="Linear";ed="In";};["000-offset.002"]={cf=cfr(0,0,0,.912,-.41,.005,.405,.904,.134,-.06,-.12,.991);es="Linear";ed="In";};["000-offset.011"]={cf=cfr(0,0,0,.117,-.993,-.021,.993,.118,-.018,.021,-.018,1);es="Linear";ed="In";};["000-offset.014"]={cf=cfr(0,0,0,-.238,-.971,.013,.97,-.237,.056,-.052,.026,.998);es="Linear";ed="In";};["000-offset.006"]={cf=cfr(0,0,0,.339,-.857,.388,.321,.493,.808,-.884,-.15,.443);es="Linear";ed="In";};["000-offset.003"]={cf=cfr(0,0,0,.014,-.991,.133,.184,-.129,-.974,.983,.038,.181);es="Linear";ed="In";};["000-offset.007"]={cf=cfr(0,0,0,.669,-.743,0,.743,.669,0,0,0,1);es="Linear";ed="In";};["000-offset.004"]={cf=cfr(0,0,0,.226,-.974,0,.974,.226,0,0,0,1);es="Linear";ed="In";};["000-offset.008"]={cf=cfr(0,0,0,.804,-.594,.015,.39,.509,-.767,.448,.622,.642);es="Linear";ed="In";};["000-offset.005"]={cf=cfr(0,0,0,.921,-.373,.116,.37,.928,.044,-.124,.002,.992);es="Linear";ed="In";};};{tm=.042;["000-offset"]={cf=cfr(0,0,0,-.161,.961,.225,-.987,-.157,-.037,0,-.228,.974);es="Linear";ed="In";};["000-offset.009"]={cf=cfr(0,0,0,-.262,-.957,.126,.904,-.289,-.316,.339,.031,.94);es="Linear";ed="In";};["000-offset.012"]={cf=cfr(0,0,0,-.551,-.737,-.392,.775,-.626,.089,-.311,-.254,.916);es="Linear";ed="In";};["000-offset.001"]={cf=cfr(0,0,0,.926,.327,-.187,-.375,.849,-.374,.036,.416,.909);es="Linear";ed="In";};["000-offset.010"]={cf=cfr(0,0,0,.481,.877,0,-.877,.481,0,0,0,1);es="Linear";ed="In";};["000-offset.013"]={cf=cfr(0,0,0,.407,.913,0,-.913,.407,0,0,0,1);es="Linear";ed="In";};["000-offset.002"]={cf=cfr(0,0,0,.912,-.41,.005,.406,.904,.133,-.059,-.12,.991);es="Linear";ed="In";};["000-offset.011"]={cf=cfr(0,0,0,.119,-.993,-.021,.993,.119,-.018,.021,-.018,1);es="Linear";ed="In";};["000-offset.014"]={cf=cfr(0,0,0,-.236,-.972,.013,.97,-.235,.056,-.052,.026,.998);es="Linear";ed="In";};["000-offset.006"]={cf=cfr(0,0,0,.34,-.857,.388,.322,.493,.808,-.884,-.15,.443);es="Linear";ed="In";};["000-offset.003"]={cf=cfr(0,0,0,.014,-.991,.132,.184,-.128,-.975,.983,.038,.181);es="Linear";ed="In";};["000-offset.007"]={cf=cfr(0,0,0,.668,-.744,0,.744,.668,0,0,0,1);es="Linear";ed="In";};["000-offset.004"]={cf=cfr(0,0,0,.227,-.974,0,.974,.227,0,0,0,1);es="Linear";ed="In";};["000-offset.008"]={cf=cfr(0,0,0,.806,-.592,.008,.382,.509,-.771,.453,.624,.637);es="Linear";ed="In";};["000-offset.005"]={cf=cfr(0,0,0,.92,-.374,.115,.371,.928,.045,-.123,.001,.992);es="Linear";ed="In";};};{tm=.084;["000-offset"]={cf=cfr(0,0,0,-.161,.961,.224,-.987,-.157,-.037,0,-.227,.974);es="Linear";ed="In";};["000-offset.009"]={cf=cfr(0,0,0,-.263,-.956,.13,.903,-.291,-.317,.341,.034,.939);es="Linear";ed="In";};["000-offset.012"]={cf=cfr(0,0,0,-.55,-.738,-.392,.775,-.625,.089,-.31,-.255,.916);es="Linear";ed="In";};["000-offset.001"]={cf=cfr(0,0,0,.927,.327,-.186,-.374,.849,-.372,.036,.414,.91);es="Linear";ed="In";};["000-offset.010"]={cf=cfr(0,0,0,.476,.879,0,-.879,.476,0,0,0,1);es="Linear";ed="In";};["000-offset.013"]={cf=cfr(0,0,0,.408,.913,0,-.913,.408,0,0,0,1);es="Linear";ed="In";};["000-offset.002"]={cf=cfr(0,0,0,.912,-.41,.005,.406,.904,.133,-.059,-.119,.991);es="Linear";ed="In";};["000-offset.011"]={cf=cfr(0,0,0,.121,-.992,-.02,.992,.121,-.018,.021,-.018,1);es="Linear";ed="In";};["000-offset.014"]={cf=cfr(0,0,0,-.235,-.972,.013,.971,-.234,.056,-.052,.026,.998);es="Linear";ed="In";};["000-offset.006"]={cf=cfr(0,0,0,.34,-.858,.386,.323,.492,.808,-.883,-.15,.444);es="Linear";ed="In";};["000-offset.003"]={cf=cfr(0,0,0,.014,-.991,.131,.184,-.126,-.975,.983,.038,.181);es="Linear";ed="In";};["000-offset.007"]={cf=cfr(0,0,0,.666,-.746,0,.746,.666,0,0,0,1);es="Linear";ed="In";};["000-offset.004"]={cf=cfr(0,0,0,.228,-.974,0,.974,.228,0,0,0,1);es="Linear";ed="In";};["000-offset.008"]={cf=cfr(0,0,0,.809,-.588,-.013,.357,.509,-.783,.467,.629,.622);es="Linear";ed="In";};["000-offset.005"]={cf=cfr(0,0,0,.92,-.375,.113,.372,.927,.048,-.123,-.002,.992);es="Linear";ed="In";};};{tm=.126;["000-offset"]={cf=cfr(0,0,0,-.161,.961,.223,-.987,-.157,-.036,0,-.226,.974);es="Linear";ed="In";};["000-offset.009"]={cf=cfr(0,0,0,-.264,-.955,.136,.901,-.294,-.319,.345,.038,.938);es="Linear";ed="In";};["000-offset.012"]={cf=cfr(0,0,0,-.549,-.738,-.392,.776,-.624,.089,-.31,-.255,.916);es="Linear";ed="In";};["000-offset.001"]={cf=cfr(0,0,0,.927,.328,-.184,-.374,.851,-.369,.036,.411,.911);es="Linear";ed="In";};["000-offset.010"]={cf=cfr(0,0,0,.47,.883,0,-.883,.47,0,0,0,1);es="Linear";ed="In";};["000-offset.013"]={cf=cfr(0,0,0,.411,.912,0,-.912,.411,0,0,0,1);es="Linear";ed="In";};["000-offset.002"]={cf=cfr(0,0,0,.912,-.41,.005,.406,.904,.132,-.059,-.119,.991);es="Linear";ed="In";};["000-offset.011"]={cf=cfr(0,0,0,.122,-.992,-.021,.992,.123,-.018,.021,-.018,1);es="Linear";ed="In";};["000-offset.014"]={cf=cfr(0,0,0,-.234,-.972,.013,.971,-.233,.056,-.051,.026,.998);es="Linear";ed="In";};["000-offset.006"]={cf=cfr(0,0,0,.339,-.859,.384,.325,.49,.809,-.883,-.149,.445);es="Linear";ed="In";};["000-offset.003"]={cf=cfr(0,0,0,.014,-.991,.13,.184,-.125,-.975,.983,.038,.181);es="Linear";ed="In";};["000-offset.007"]={cf=cfr(0,0,0,.662,-.75,0,.75,.662,0,0,0,1);es="Linear";ed="In";};["000-offset.004"]={cf=cfr(0,0,0,.229,-.973,0,.973,.229,0,0,0,1);es="Linear";ed="In";};["000-offset.008"]={cf=cfr(0,0,0,.813,-.581,-.046,.319,.51,-.799,.488,.635,.599);es="Linear";ed="In";};["000-offset.005"]={cf=cfr(0,0,0,.92,-.376,.11,.373,.926,.053,-.122,-.007,.993);es="Linear";ed="In";};};{tm=.168;["000-offset"]={cf=cfr(0,0,0,-.161,.962,.222,-.987,-.157,-.036,0,-.225,.974);es="Linear";ed="In";};["000-offset.009"]={cf=cfr(0,0,0,-.266,-.953,.144,.898,-.299,-.322,.35,.044,.936);es="Linear";ed="In";};["000-offset.012"]={cf=cfr(0,0,0,-.548,-.739,-.392,.777,-.623,.089,-.31,-.256,.916);es="Linear";ed="In";};["000-offset.001"]={cf=cfr(0,0,0,.927,.328,-.182,-.374,.853,-.365,.036,.406,.913);es="Linear";ed="In";};["000-offset.010"]={cf=cfr(0,0,0,.461,.888,0,-.888,.461,0,0,0,1);es="Linear";ed="In";};["000-offset.013"]={cf=cfr(0,0,0,.414,.91,0,-.91,.414,0,0,0,1);es="Linear";ed="In";};["000-offset.002"]={cf=cfr(0,0,0,.912,-.41,.005,.406,.904,.132,-.059,-.118,.991);es="Linear";ed="In";};["000-offset.011"]={cf=cfr(0,0,0,.126,-.992,-.021,.992,.126,-.018,.021,-.018,1);es="Linear";ed="In";};["000-offset.014"]={cf=cfr(0,0,0,-.231,-.973,.013,.972,-.23,.056,-.051,.026,.998);es="Linear";ed="In";};["000-offset.006"]={cf=cfr(0,0,0,.339,-.86,.382,.327,.488,.809,-.882,-.149,.447);es="Linear";ed="In";};["000-offset.003"]={cf=cfr(0,0,0,.015,-.992,.127,.184,-.123,-.975,.983,.038,.181);es="Linear";ed="In";};["000-offset.007"]={cf=cfr(0,0,0,.656,-.755,0,.755,.656,0,0,0,1);es="Linear";ed="In";};["000-offset.004"]={cf=cfr(0,0,0,.23,-.973,0,.973,.23,0,0,0,1);es="Linear";ed="In";};["000-offset.008"]={cf=cfr(0,0,0,.814,-.574,-.09,.269,.51,-.817,.515,.641,.57);es="Linear";ed="In";};["000-offset.005"]={cf=cfr(0,0,0,.919,-.379,.106,.375,.925,.059,-.12,-.014,.993);es="Linear";ed="In";};};{tm=.21;["000-offset"]={cf=cfr(0,0,0,-.161,.962,.22,-.987,-.157,-.036,0,-.223,.975);es="Linear";ed="In";};["000-offset.009"]={cf=cfr(0,0,0,-.268,-.951,.154,.895,-.305,-.326,.357,.051,.933);es="Linear";ed="In";};["000-offset.012"]={cf=cfr(0,0,0,-.546,-.74,-.393,.779,-.621,.089,-.31,-.257,.915);es="Linear";ed="In";};["000-offset.001"]={cf=cfr(0,0,0,.927,.329,-.18,-.373,.855,-.36,.035,.4,.916);es="Linear";ed="In";};["000-offset.010"]={cf=cfr(0,0,0,.449,.893,0,-.893,.449,0,0,0,1);es="Linear";ed="In";};["000-offset.013"]={cf=cfr(0,0,0,.418,.908,0,-.908,.418,0,0,0,1);es="Linear";ed="In";};["000-offset.002"]={cf=cfr(0,0,0,.912,-.411,.005,.406,.904,.13,-.058,-.117,.991);es="Linear";ed="In";};["000-offset.011"]={cf=cfr(0,0,0,.13,-.991,-.021,.991,.131,-.018,.021,-.018,1);es="Linear";ed="In";};["000-offset.014"]={cf=cfr(0,0,0,-.227,-.974,.013,.973,-.226,.056,-.051,.025,.998);es="Linear";ed="In";};["000-offset.006"]={cf=cfr(0,0,0,.338,-.862,.378,.33,.485,.81,-.881,-.149,.448);es="Linear";ed="In";};["000-offset.003"]={cf=cfr(0,0,0,.015,-.992,.125,.184,-.12,-.976,.983,.038,.18);es="Linear";ed="In";};["000-offset.007"]={cf=cfr(0,0,0,.65,-.76,0,.76,.65,0,0,0,1);es="Linear";ed="In";};["000-offset.004"]={cf=cfr(0,0,0,.232,-.973,0,.973,.232,0,0,0,1);es="Linear";ed="In";};["000-offset.008"]={cf=cfr(0,0,0,.811,-.568,-.142,.212,.511,-.833,.546,.646,.534);es="Linear";ed="In";};["000-offset.005"]={cf=cfr(0,0,0,.919,-.382,.1,.377,.924,.066,-.118,-.023,.993);es="Linear";ed="In";};};{tm=.252;["000-offset"]={cf=cfr(0,0,0,-.161,.963,.217,-.987,-.157,-.036,0,-.22,.975);es="Linear";ed="In";};["000-offset.009"]={cf=cfr(0,0,0,-.271,-.948,.166,.891,-.312,-.329,.364,.059,.93);es="Linear";ed="In";};["000-offset.012"]={cf=cfr(0,0,0,-.543,-.742,-.393,.78,-.619,.089,-.309,-.259,.915);es="Linear";ed="In";};["000-offset.001"]={cf=cfr(0,0,0,.927,.33,-.176,-.373,.858,-.353,.035,.393,.919);es="Linear";ed="In";};["000-offset.010"]={cf=cfr(0,0,0,.436,.9,0,-.9,.436,0,0,0,1);es="Linear";ed="In";};["000-offset.013"]={cf=cfr(0,0,0,.423,.906,0,-.906,.423,0,0,0,1);es="Linear";ed="In";};["000-offset.002"]={cf=cfr(0,0,0,.912,-.411,.005,.407,.904,.129,-.058,-.115,.992);es="Linear";ed="In";};["000-offset.011"]={cf=cfr(0,0,0,.136,-.991,-.021,.991,.136,-.018,.021,-.018,1);es="Linear";ed="In";};["000-offset.014"]={cf=cfr(0,0,0,-.222,-.975,.013,.974,-.221,.056,-.051,.025,.998);es="Linear";ed="In";};["000-offset.006"]={cf=cfr(0,0,0,.338,-.864,.374,.333,.482,.81,-.88,-.149,.451);es="Linear";ed="In";};["000-offset.003"]={cf=cfr(0,0,0,.016,-.993,.121,.184,-.116,-.976,.983,.038,.18);es="Linear";ed="In";};["000-offset.007"]={cf=cfr(0,0,0,.642,-.767,0,.767,.642,0,0,0,1);es="Linear";ed="In";};["000-offset.004"]={cf=cfr(0,0,0,.235,-.972,0,.972,.235,0,0,0,1);es="Linear";ed="In";};["000-offset.008"]={cf=cfr(0,0,0,.801,-.563,-.201,.148,.512,-.846,.58,.648,.494);es="Linear";ed="In";};["000-offset.005"]={cf=cfr(0,0,0,.918,-.386,.094,.38,.922,.075,-.115,-.033,.993);es="Linear";ed="In";};};{tm=.294;["000-offset"]={cf=cfr(0,0,0,-.161,.963,.215,-.987,-.158,-.035,0,-.218,.976);es="Linear";ed="In";};["000-offset.009"]={cf=cfr(0,0,0,-.274,-.945,.18,.887,-.321,-.333,.373,.068,.925);es="Linear";ed="In";};["000-offset.012"]={cf=cfr(0,0,0,-.54,-.744,-.394,.783,-.616,.089,-.309,-.26,.915);es="Linear";ed="In";};["000-offset.001"]={cf=cfr(0,0,0,.928,.331,-.173,-.372,.861,-.346,.034,.386,.922);es="Linear";ed="In";};["000-offset.010"]={cf=cfr(0,0,0,.42,.908,0,-.908,.42,0,0,0,1);es="Linear";ed="In";};["000-offset.013"]={cf=cfr(0,0,0,.429,.904,0,-.904,.429,0,0,0,1);es="Linear";ed="In";};["000-offset.002"]={cf=cfr(0,0,0,.912,-.411,.005,.407,.904,.127,-.057,-.114,.992);es="Linear";ed="In";};["000-offset.011"]={cf=cfr(0,0,0,.142,-.99,-.02,.99,.142,-.018,.021,-.018,1);es="Linear";ed="In";};["000-offset.014"]={cf=cfr(0,0,0,-.217,-.976,.013,.975,-.216,.056,-.051,.025,.998);es="Linear";ed="In";};["000-offset.006"]={cf=cfr(0,0,0,.337,-.866,.369,.337,.478,.811,-.879,-.149,.453);es="Linear";ed="In";};["000-offset.003"]={cf=cfr(0,0,0,.017,-.993,.117,.183,-.112,-.977,.983,.038,.18);es="Linear";ed="In";};["000-offset.007"]={cf=cfr(0,0,0,.632,-.775,0,.775,.632,0,0,0,1);es="Linear";ed="In";};["000-offset.004"]={cf=cfr(0,0,0,.238,-.971,0,.971,.238,0,0,0,1);es="Linear";ed="In";};["000-offset.008"]={cf=cfr(0,0,0,.785,-.561,-.264,.083,.516,-.852,.614,.647,.452);es="Linear";ed="In";};["000-offset.005"]={cf=cfr(0,0,0,.917,-.39,.086,.383,.92,.085,-.112,-.045,.993);es="Linear";ed="In";};};{tm=.335;["000-offset"]={cf=cfr(0,0,0,-.161,.964,.212,-.987,-.158,-.035,0,-.215,.977);es="Linear";ed="In";};["000-offset.009"]={cf=cfr(0,0,0,-.278,-.941,.195,.881,-.33,-.338,.382,.078,.921);es="Linear";ed="In";};["000-offset.012"]={cf=cfr(0,0,0,-.537,-.745,-.395,.785,-.613,.089,-.309,-.262,.914);es="Linear";ed="In";};["000-offset.001"]={cf=cfr(0,0,0,.928,.333,-.169,-.371,.865,-.338,.033,.377,.926);es="Linear";ed="In";};["000-offset.010"]={cf=cfr(0,0,0,.403,.915,0,-.915,.403,0,0,0,1);es="Linear";ed="In";};["000-offset.013"]={cf=cfr(0,0,0,.435,.901,0,-.901,.435,0,0,0,1);es="Linear";ed="In";};["000-offset.002"]={cf=cfr(0,0,0,.911,-.412,.005,.408,.904,.125,-.056,-.112,.992);es="Linear";ed="In";};["000-offset.011"]={cf=cfr(0,0,0,.148,-.989,-.02,.989,.149,-.018,.021,-.018,1);es="Linear";ed="In";};["000-offset.014"]={cf=cfr(0,0,0,-.211,-.977,.013,.976,-.21,.055,-.051,.024,.998);es="Linear";ed="In";};["000-offset.006"]={cf=cfr(0,0,0,.337,-.868,.364,.342,.473,.812,-.877,-.149,.456);es="Linear";ed="In";};["000-offset.003"]={cf=cfr(0,0,0,.017,-.994,.112,.183,-.107,-.977,.983,.038,.18);es="Linear";ed="In";};["000-offset.007"]={cf=cfr(0,0,0,.622,-.783,0,.783,.622,0,0,0,1);es="Linear";ed="In";};["000-offset.004"]={cf=cfr(0,0,0,.241,-.97,0,.97,.241,0,0,0,1);es="Linear";ed="In";};["000-offset.008"]={cf=cfr(0,0,0,.76,-.561,-.327,.019,.523,-.852,.649,.642,.408);es="Linear";ed="In";};["000-offset.005"]={cf=cfr(0,0,0,.916,-.394,.077,.386,.917,.097,-.109,-.059,.992);es="Linear";ed="In";};};{tm=.377;["000-offset"]={cf=cfr(0,0,0,-.161,.965,.209,-.987,-.158,-.034,0,-.211,.977);es="Linear";ed="In";};["000-offset.009"]={cf=cfr(0,0,0,-.282,-.936,.212,.876,-.341,-.342,.392,.089,.916);es="Linear";ed="In";};["000-offset.012"]={cf=cfr(0,0,0,-.533,-.748,-.396,.788,-.609,.09,-.308,-.264,.914);es="Linear";ed="In";};["000-offset.001"]={cf=cfr(0,0,0,.928,.334,-.164,-.371,.868,-.329,.033,.366,.93);es="Linear";ed="In";};["000-offset.010"]={cf=cfr(0,0,0,.383,.924,0,-.924,.383,0,0,0,1);es="Linear";ed="In";};["000-offset.013"]={cf=cfr(0,0,0,.442,.897,0,-.897,.442,0,0,0,1);es="Linear";ed="In";};["000-offset.002"]={cf=cfr(0,0,0,.911,-.412,.005,.408,.904,.123,-.055,-.11,.992);es="Linear";ed="In";};["000-offset.011"]={cf=cfr(0,0,0,.155,-.988,-.02,.988,.156,-.018,.021,-.017,1);es="Linear";ed="In";};["000-offset.014"]={cf=cfr(0,0,0,-.204,-.979,.013,.978,-.203,.055,-.051,.024,.998);es="Linear";ed="In";};["000-offset.006"]={cf=cfr(0,0,0,.336,-.871,.358,.347,.468,.813,-.876,-.149,.459);es="Linear";ed="In";};["000-offset.003"]={cf=cfr(0,0,0,.018,-.994,.106,.183,-.101,-.978,.983,.037,.18);es="Linear";ed="In";};["000-offset.007"]={cf=cfr(0,0,0,.61,-.792,0,.792,.61,0,0,0,1);es="Linear";ed="In";};["000-offset.004"]={cf=cfr(0,0,0,.245,-.969,0,.969,.245,0,0,0,1);es="Linear";ed="In";};["000-offset.008"]={cf=cfr(0,0,0,.73,-.562,-.389,-.041,.532,-.846,.682,.633,.365);es="Linear";ed="In";};["000-offset.005"]={cf=cfr(0,0,0,.915,-.399,.067,.39,.914,.109,-.105,-.074,.992);es="Linear";ed="In";};};{tm=.42;["000-offset"]={cf=cfr(0,0,0,-.161,.965,.205,-.987,-.158,-.034,0,-.208,.978);es="Linear";ed="In";};["000-offset.009"]={cf=cfr(0,0,0,-.286,-.93,.229,.869,-.352,-.346,.403,.101,.91);es="Linear";ed="In";};["000-offset.012"]={cf=cfr(0,0,0,-.529,-.75,-.397,.791,-.606,.09,-.307,-.266,.914);es="Linear";ed="In";};["000-offset.001"]={cf=cfr(0,0,0,.929,.335,-.159,-.37,.872,-.32,.032,.356,.934);es="Linear";ed="In";};["000-offset.010"]={cf=cfr(0,0,0,.363,.932,0,-.932,.363,0,0,0,1);es="Linear";ed="In";};["000-offset.013"]={cf=cfr(0,0,0,.449,.894,0,-.894,.449,0,0,0,1);es="Linear";ed="In";};["000-offset.002"]={cf=cfr(0,0,0,.911,-.412,.005,.409,.905,.121,-.054,-.108,.993);es="Linear";ed="In";};["000-offset.011"]={cf=cfr(0,0,0,.163,-.986,-.02,.986,.164,-.018,.021,-.017,1);es="Linear";ed="In";};["000-offset.014"]={cf=cfr(0,0,0,-.197,-.98,.013,.979,-.196,.055,-.051,.024,.998);es="Linear";ed="In";};["000-offset.006"]={cf=cfr(0,0,0,.335,-.874,.352,.352,.463,.814,-.874,-.148,.462);es="Linear";ed="In";};["000-offset.003"]={cf=cfr(0,0,0,.019,-.995,.1,.183,-.094,-.979,.983,.037,.18);es="Linear";ed="In";};["000-offset.007"]={cf=cfr(0,0,0,.598,-.802,0,.802,.598,0,0,0,1);es="Linear";ed="In";};["000-offset.004"]={cf=cfr(0,0,0,.25,-.968,0,.968,.25,0,0,0,1);es="Linear";ed="In";};["000-offset.008"]={cf=cfr(0,0,0,.695,-.564,-.447,-.095,.544,-.834,.713,.621,.325);es="Linear";ed="In";};["000-offset.005"]={cf=cfr(0,0,0,.913,-.403,.057,.395,.911,.123,-.101,-.09,.991);es="Linear";ed="In";};};{tm=.461;["000-offset"]={cf=cfr(0,0,0,-.161,.966,.201,-.987,-.158,-.033,0,-.204,.979);es="Linear";ed="In";};["000-offset.009"]={cf=cfr(0,0,0,-.29,-.924,.248,.863,-.364,-.351,.415,.113,.903);es="Linear";ed="In";};["000-offset.012"]={cf=cfr(0,0,0,-.525,-.753,-.397,.794,-.601,.09,-.307,-.268,.913);es="Linear";ed="In";};["000-offset.001"]={cf=cfr(0,0,0,.929,.337,-.154,-.369,.877,-.309,.031,.344,.939);es="Linear";ed="In";};["000-offset.010"]={cf=cfr(0,0,0,.341,.94,0,-.94,.341,0,0,0,1);es="Linear";ed="In";};["000-offset.013"]={cf=cfr(0,0,0,.457,.889,0,-.889,.457,0,0,0,1);es="Linear";ed="In";};["000-offset.002"]={cf=cfr(0,0,0,.911,-.413,.005,.409,.905,.118,-.053,-.106,.993);es="Linear";ed="In";};["000-offset.011"]={cf=cfr(0,0,0,.171,-.985,-.021,.985,.172,-.018,.022,-.017,1);es="Linear";ed="In";};["000-offset.014"]={cf=cfr(0,0,0,-.188,-.982,.013,.981,-.187,.055,-.051,.023,.998);es="Linear";ed="In";};["000-offset.006"]={cf=cfr(0,0,0,.333,-.877,.346,.357,.457,.815,-.872,-.148,.466);es="Linear";ed="In";};["000-offset.003"]={cf=cfr(0,0,0,.02,-.995,.093,.182,-.088,-.979,.983,.037,.18);es="Linear";ed="In";};["000-offset.007"]={cf=cfr(0,0,0,.584,-.812,0,.812,.584,0,0,0,1);es="Linear";ed="In";};["000-offset.004"]={cf=cfr(0,0,0,.254,-.967,0,.967,.254,0,0,0,1);es="Linear";ed="In";};["000-offset.008"]={cf=cfr(0,0,0,.658,-.564,-.499,-.14,.559,-.817,.74,.607,.288);es="Linear";ed="In";};["000-offset.005"]={cf=cfr(0,0,0,.912,-.408,.045,.399,.906,.137,-.097,-.107,.99);es="Linear";ed="In";};};{tm=.503;["000-offset"]={cf=cfr(0,0,0,-.161,.967,.197,-.987,-.158,-.032,0,-.199,.98);es="Linear";ed="In";};["000-offset.009"]={cf=cfr(0,0,0,-.294,-.918,.268,.856,-.377,-.355,.426,.125,.896);es="Linear";ed="In";};["000-offset.012"]={cf=cfr(0,0,0,-.52,-.756,-.399,.797,-.597,.09,-.306,-.271,.913);es="Linear";ed="In";};["000-offset.001"]={cf=cfr(0,0,0,.929,.338,-.148,-.368,.881,-.298,.03,.331,.943);es="Linear";ed="In";};["000-offset.010"]={cf=cfr(0,0,0,.317,.948,0,-.948,.317,0,0,0,1);es="Linear";ed="In";};["000-offset.013"]={cf=cfr(0,0,0,.465,.885,0,-.885,.465,0,0,0,1);es="Linear";ed="In";};["000-offset.002"]={cf=cfr(0,0,0,.911,-.413,.005,.41,.905,.115,-.052,-.103,.993);es="Linear";ed="In";};["000-offset.011"]={cf=cfr(0,0,0,.18,-.983,-.021,.983,.18,-.018,.022,-.017,1);es="Linear";ed="In";};["000-offset.014"]={cf=cfr(0,0,0,-.18,-.984,.013,.982,-.179,.054,-.051,.022,.998);es="Linear";ed="In";};["000-offset.006"]={cf=cfr(0,0,0,.332,-.88,.339,.363,.451,.816,-.871,-.148,.469);es="Linear";ed="In";};["000-offset.003"]={cf=cfr(0,0,0,.022,-.996,.085,.182,-.08,-.98,.983,.037,.18);es="Linear";ed="In";};["000-offset.007"]={cf=cfr(0,0,0,.57,-.822,0,.822,.57,0,0,0,1);es="Linear";ed="In";};["000-offset.004"]={cf=cfr(0,0,0,.259,-.966,0,.966,.259,0,0,0,1);es="Linear";ed="In";};["000-offset.008"]={cf=cfr(0,0,0,.621,-.564,-.544,-.178,.575,-.798,.763,.593,.257);es="Linear";ed="In";};["000-offset.005"]={cf=cfr(0,0,0,.91,-.413,.032,.404,.902,.152,-.092,-.126,.988);es="Linear";ed="In";};};{tm=.545;["000-offset"]={cf=cfr(0,0,0,-.161,.968,.192,-.987,-.158,-.031,0,-.195,.981);es="Linear";ed="In";};["000-offset.009"]={cf=cfr(0,0,0,-.298,-.91,.288,.848,-.391,-.358,.439,.137,.888);es="Linear";ed="In";};["000-offset.012"]={cf=cfr(0,0,0,-.515,-.758,-.4,.801,-.592,.091,-.305,-.273,.912);es="Linear";ed="In";};["000-offset.001"]={cf=cfr(0,0,0,.93,.34,-.142,-.367,.885,-.286,.029,.318,.948);es="Linear";ed="In";};["000-offset.010"]={cf=cfr(0,0,0,.293,.956,0,-.956,.293,0,0,0,1);es="Linear";ed="In";};["000-offset.013"]={cf=cfr(0,0,0,.474,.88,0,-.88,.474,0,0,0,1);es="Linear";ed="In";};["000-offset.002"]={cf=cfr(0,0,0,.91,-.414,.005,.41,.905,.112,-.05,-.1,.994);es="Linear";ed="In";};["000-offset.011"]={cf=cfr(0,0,0,.189,-.982,-.021,.982,.189,-.018,.022,-.017,1);es="Linear";ed="In";};["000-offset.014"]={cf=cfr(0,0,0,-.17,-.985,.013,.984,-.17,.054,-.051,.022,.998);es="Linear";ed="In";};["000-offset.006"]={cf=cfr(0,0,0,.33,-.884,.331,.369,.444,.817,-.869,-.148,.472);es="Linear";ed="In";};["000-offset.003"]={cf=cfr(0,0,0,.023,-.997,.077,.182,-.072,-.981,.983,.036,.18);es="Linear";ed="In";};["000-offset.007"]={cf=cfr(0,0,0,.555,-.832,0,.832,.555,0,0,0,1);es="Linear";ed="In";};["000-offset.004"]={cf=cfr(0,0,0,.265,-.964,0,.964,.265,0,0,0,1);es="Linear";ed="In";};["000-offset.008"]={cf=cfr(0,0,0,.588,-.561,-.582,-.207,.592,-.779,.782,.579,.232);es="Linear";ed="In";};["000-offset.005"]={cf=cfr(0,0,0,.908,-.418,.018,.41,.897,.168,-.087,-.145,.986);es="Linear";ed="In";};};{tm=.587;["000-offset"]={cf=cfr(0,0,0,-.161,.969,.187,-.987,-.158,-.031,0,-.19,.982);es="Linear";ed="In";};["000-offset.009"]={cf=cfr(0,0,0,-.302,-.902,.309,.84,-.405,-.361,.451,.15,.88);es="Linear";ed="In";};["000-offset.012"]={cf=cfr(0,0,0,-.509,-.762,-.401,.805,-.586,.091,-.305,-.276,.912);es="Linear";ed="In";};["000-offset.001"]={cf=cfr(0,0,0,.93,.341,-.136,-.366,.89,-.273,.028,.304,.952);es="Linear";ed="In";};["000-offset.010"]={cf=cfr(0,0,0,.268,.963,0,-.963,.268,0,0,0,1);es="Linear";ed="In";};["000-offset.013"]={cf=cfr(0,0,0,.483,.875,0,-.875,.483,0,0,0,1);es="Linear";ed="In";};["000-offset.002"]={cf=cfr(0,0,0,.91,-.414,.004,.411,.905,.108,-.049,-.097,.994);es="Linear";ed="In";};["000-offset.011"]={cf=cfr(0,0,0,.198,-.98,-.021,.98,.198,-.018,.022,-.016,1);es="Linear";ed="In";};["000-offset.014"]={cf=cfr(0,0,0,-.161,-.987,.013,.986,-.16,.054,-.051,.021,.998);es="Linear";ed="In";};["000-offset.006"]={cf=cfr(0,0,0,.328,-.887,.324,.375,.437,.818,-.867,-.147,.476);es="Linear";ed="In";};["000-offset.003"]={cf=cfr(0,0,0,.024,-.997,.068,.182,-.063,-.981,.983,.036,.18);es="Linear";ed="In";};["000-offset.007"]={cf=cfr(0,0,0,.539,-.842,0,.842,.539,0,0,0,1);es="Linear";ed="In";};["000-offset.004"]={cf=cfr(0,0,0,.27,-.963,0,.963,.27,0,0,0,1);es="Linear";ed="In";};["000-offset.008"]={cf=cfr(0,0,0,.562,-.556,-.612,-.229,.607,-.761,.795,.568,.214);es="Linear";ed="In";};["000-offset.005"]={cf=cfr(0,0,0,.906,-.423,.004,.415,.891,.184,-.081,-.165,.983);es="Linear";ed="In";};};{tm=.629;["000-offset"]={cf=cfr(0,0,0,-.161,.97,.182,-.987,-.159,-.03,0,-.185,.983);es="Linear";ed="In";};["000-offset.009"]={cf=cfr(0,0,0,-.306,-.893,.329,.832,-.419,-.364,.463,.163,.871);es="Linear";ed="In";};["000-offset.012"]={cf=cfr(0,0,0,-.503,-.765,-.402,.809,-.581,.092,-.304,-.279,.911);es="Linear";ed="In";};["000-offset.001"]={cf=cfr(0,0,0,.931,.342,-.129,-.365,.894,-.26,.027,.289,.957);es="Linear";ed="In";};["000-offset.010"]={cf=cfr(0,0,0,.242,.97,0,-.97,.242,0,0,0,1);es="Linear";ed="In";};["000-offset.013"]={cf=cfr(0,0,0,.493,.87,0,-.87,.493,0,0,0,1);es="Linear";ed="In";};["000-offset.002"]={cf=cfr(0,0,0,.91,-.414,.004,.412,.905,.105,-.047,-.094,.994);es="Linear";ed="In";};["000-offset.011"]={cf=cfr(0,0,0,.207,-.978,-.02,.978,.207,-.018,.022,-.016,1);es="Linear";ed="In";};["000-offset.014"]={cf=cfr(0,0,0,-.15,-.989,.013,.987,-.149,.054,-.051,.021,.998);es="Linear";ed="In";};["000-offset.006"]={cf=cfr(0,0,0,.326,-.891,.316,.381,.43,.819,-.865,-.147,.479);es="Linear";ed="In";};["000-offset.003"]={cf=cfr(0,0,0,.025,-.998,.059,.181,-.053,-.982,.983,.036,.18);es="Linear";ed="In";};["000-offset.007"]={cf=cfr(0,0,0,.522,-.853,0,.853,.522,0,0,0,1);es="Linear";ed="In";};["000-offset.004"]={cf=cfr(0,0,0,.276,-.961,0,.961,.276,0,0,0,1);es="Linear";ed="In";};["000-offset.008"]={cf=cfr(0,0,0,.545,-.549,-.634,-.244,.62,-.746,.802,.561,.204);es="Linear";ed="In";};["000-offset.005"]={cf=cfr(0,0,0,.904,-.427,-.012,.421,.885,.2,-.075,-.186,.98);es="Linear";ed="In";};};{tm=.671;["000-offset"]={cf=cfr(0,0,0,-.161,.971,.177,-.987,-.159,-.029,0,-.179,.984);es="Linear";ed="In";};["000-offset.009"]={cf=cfr(0,0,0,-.31,-.884,.35,.823,-.434,-.367,.476,.175,.862);es="Linear";ed="In";};["000-offset.012"]={cf=cfr(0,0,0,-.497,-.768,-.404,.813,-.575,.092,-.303,-.282,.91);es="Linear";ed="In";};["000-offset.001"]={cf=cfr(0,0,0,.931,.344,-.123,-.364,.898,-.246,.026,.273,.962);es="Linear";ed="In";};["000-offset.010"]={cf=cfr(0,0,0,.216,.976,0,-.976,.216,0,0,0,1);es="Linear";ed="In";};["000-offset.013"]={cf=cfr(0,0,0,.502,.865,0,-.865,.502,0,0,0,1);es="Linear";ed="In";};["000-offset.002"]={cf=cfr(0,0,0,.91,-.414,.004,.412,.906,.101,-.046,-.09,.995);es="Linear";ed="In";};["000-offset.011"]={cf=cfr(0,0,0,.216,-.976,-.02,.976,.216,-.018,.022,-.016,1);es="Linear";ed="In";};["000-offset.014"]={cf=cfr(0,0,0,-.139,-.99,.013,.989,-.139,.053,-.051,.02,.999);es="Linear";ed="In";};["000-offset.006"]={cf=cfr(0,0,0,.324,-.895,.308,.387,.422,.82,-.863,-.147,.483);es="Linear";ed="In";};["000-offset.003"]={cf=cfr(0,0,0,.027,-.998,.049,.181,-.043,-.983,.983,.035,.18);es="Linear";ed="In";};["000-offset.007"]={cf=cfr(0,0,0,.505,-.863,0,.863,.505,0,0,0,1);es="Linear";ed="In";};["000-offset.004"]={cf=cfr(0,0,0,.283,-.959,0,.959,.283,0,0,0,1);es="Linear";ed="In";};["000-offset.008"]={cf=cfr(0,0,0,.54,-.54,-.646,-.253,.628,-.736,.803,.56,.203);es="Linear";ed="In";};["000-offset.005"]={cf=cfr(0,0,0,.902,-.432,-.028,.427,.878,.217,-.069,-.207,.976);es="Linear";ed="In";};};{tm=.713;["000-offset"]={cf=cfr(0,0,0,-.161,.972,.171,-.987,-.159,-.028,0,-.173,.985);es="Linear";ed="In";};["000-offset.009"]={cf=cfr(0,0,0,-.313,-.874,.371,.815,-.448,-.368,.488,.187,.852);es="Linear";ed="In";};["000-offset.012"]={cf=cfr(0,0,0,-.49,-.772,-.405,.818,-.568,.093,-.302,-.286,.909);es="Linear";ed="In";};["000-offset.001"]={cf=cfr(0,0,0,.931,.345,-.115,-.363,.902,-.231,.024,.257,.966);es="Linear";ed="In";};["000-offset.010"]={cf=cfr(0,0,0,.189,.982,0,-.982,.189,0,0,0,1);es="Linear";ed="In";};["000-offset.013"]={cf=cfr(0,0,0,.512,.859,0,-.859,.512,0,0,0,1);es="Linear";ed="In";};["000-offset.002"]={cf=cfr(0,0,0,.91,-.415,.004,.412,.906,.096,-.044,-.086,.995);es="Linear";ed="In";};["000-offset.011"]={cf=cfr(0,0,0,.225,-.974,-.02,.974,.225,-.018,.022,-.016,1);es="Linear";ed="In";};["000-offset.014"]={cf=cfr(0,0,0,-.128,-.992,.013,.99,-.127,.053,-.051,.019,.999);es="Linear";ed="In";};["000-offset.006"]={cf=cfr(0,0,0,.321,-.898,.3,.392,.414,.821,-.862,-.146,.486);es="Linear";ed="In";};["000-offset.003"]={cf=cfr(0,0,0,.028,-.999,.038,.181,-.033,-.983,.983,.035,.18);es="Linear";ed="In";};["000-offset.007"]={cf=cfr(0,0,0,.488,-.873,0,.873,.488,0,0,0,1);es="Linear";ed="In";};["000-offset.004"]={cf=cfr(0,0,0,.289,-.957,0,.957,.289,0,0,0,1);es="Linear";ed="In";};["000-offset.008"]={cf=cfr(0,0,0,.546,-.528,-.651,-.257,.634,-.73,.798,.565,.21);es="Linear";ed="In";};["000-offset.005"]={cf=cfr(0,0,0,.899,-.435,-.045,.433,.871,.233,-.063,-.229,.971);es="Linear";ed="In";};};{tm=.755;["000-offset"]={cf=cfr(0,0,0,-.161,.973,.165,-.987,-.159,-.027,0,-.167,.986);es="Linear";ed="In";};["000-offset.009"]={cf=cfr(0,0,0,-.317,-.864,.392,.806,-.463,-.369,.501,.199,.843);es="Linear";ed="In";};["000-offset.012"]={cf=cfr(0,0,0,-.483,-.775,-.407,.822,-.562,.094,-.301,-.289,.909);es="Linear";ed="In";};["000-offset.001"]={cf=cfr(0,0,0,.932,.347,-.108,-.362,.907,-.217,.023,.241,.97);es="Linear";ed="In";};["000-offset.010"]={cf=cfr(0,0,0,.163,.987,0,-.987,.163,0,0,0,1);es="Linear";ed="In";};["000-offset.013"]={cf=cfr(0,0,0,.522,.853,0,-.853,.522,0,0,0,1);es="Linear";ed="In";};["000-offset.002"]={cf=cfr(0,0,0,.91,-.415,.004,.413,.906,.092,-.042,-.082,.996);es="Linear";ed="In";};["000-offset.011"]={cf=cfr(0,0,0,.234,-.972,-.02,.972,.234,-.018,.023,-.016,1);es="Linear";ed="In";};["000-offset.014"]={cf=cfr(0,0,0,-.116,-.993,.013,.992,-.115,.053,-.051,.019,.999);es="Linear";ed="In";};["000-offset.006"]={cf=cfr(0,0,0,.319,-.902,.291,.398,.406,.822,-.86,-.146,.489);es="Linear";ed="In";};["000-offset.003"]={cf=cfr(0,0,0,.03,-.999,.027,.18,-.021,-.983,.983,.034,.18);es="Linear";ed="In";};["000-offset.007"]={cf=cfr(0,0,0,.47,-.883,0,.883,.47,0,0,0,1);es="Linear";ed="In";};["000-offset.004"]={cf=cfr(0,0,0,.296,-.955,0,.955,.296,0,0,0,1);es="Linear";ed="In";};["000-offset.008"]={cf=cfr(0,0,0,.562,-.514,-.648,-.257,.636,-.727,.786,.575,.225);es="Linear";ed="In";};["000-offset.005"]={cf=cfr(0,0,0,.896,-.439,-.062,.44,.863,.25,-.056,-.251,.966);es="Linear";ed="In";};};{tm=.797;["000-offset"]={cf=cfr(0,0,0,-.161,.974,.159,-.987,-.159,-.026,0,-.161,.987);es="Linear";ed="In";};["000-offset.009"]={cf=cfr(0,0,0,-.32,-.853,.412,.797,-.477,-.37,.512,.21,.833);es="Linear";ed="In";};["000-offset.012"]={cf=cfr(0,0,0,-.476,-.779,-.409,.827,-.555,.094,-.3,-.293,.908);es="Linear";ed="In";};["000-offset.001"]={cf=cfr(0,0,0,.932,.348,-.101,-.362,.91,-.202,.022,.224,.974);es="Linear";ed="In";};["000-offset.010"]={cf=cfr(0,0,0,.136,.991,0,-.991,.136,0,0,0,1);es="Linear";ed="In";};["000-offset.013"]={cf=cfr(0,0,0,.532,.847,0,-.847,.532,0,0,0,1);es="Linear";ed="In";};["000-offset.002"]={cf=cfr(0,0,0,.91,-.415,.004,.413,.906,.087,-.039,-.078,.996);es="Linear";ed="In";};["000-offset.011"]={cf=cfr(0,0,0,.243,-.97,-.02,.97,.243,-.018,.023,-.015,1);es="Linear";ed="In";};["000-offset.014"]={cf=cfr(0,0,0,-.104,-.994,.013,.993,-.103,.052,-.051,.018,.999);es="Linear";ed="In";};["000-offset.006"]={cf=cfr(0,0,0,.316,-.906,.283,.404,.398,.824,-.859,-.146,.492);es="Linear";ed="In";};["000-offset.003"]={cf=cfr(0,0,0,.031,-.999,.015,.18,-.01,-.984,.983,.034,.18);es="Linear";ed="In";};["000-offset.007"]={cf=cfr(0,0,0,.452,-.892,0,.892,.452,0,0,0,1);es="Linear";ed="In";};["000-offset.004"]={cf=cfr(0,0,0,.303,-.953,0,.953,.303,0,0,0,1);es="Linear";ed="In";};["000-offset.008"]={cf=cfr(0,0,0,.586,-.498,-.639,-.253,.637,-.728,.77,.588,.248);es="Linear";ed="In";};["000-offset.005"]={cf=cfr(0,0,0,.894,-.442,-.08,.446,.854,.266,-.049,-.274,.961);es="Linear";ed="In";};};{tm=.839;["000-offset"]={cf=cfr(0,0,0,-.161,.975,.153,-.987,-.159,-.025,0,-.155,.988);es="Linear";ed="In";};["000-offset.009"]={cf=cfr(0,0,0,-.323,-.842,.431,.788,-.492,-.37,.524,.221,.823);es="Linear";ed="In";};["000-offset.012"]={cf=cfr(0,0,0,-.469,-.782,-.41,.831,-.548,.095,-.299,-.296,.907);es="Linear";ed="In";};["000-offset.001"]={cf=cfr(0,0,0,.932,.349,-.093,-.361,.914,-.186,.02,.207,.978);es="Linear";ed="In";};["000-offset.010"]={cf=cfr(0,0,0,.11,.994,0,-.994,.11,0,0,0,1);es="Linear";ed="In";};["000-offset.013"]={cf=cfr(0,0,0,.542,.84,0,-.84,.542,0,0,0,1);es="Linear";ed="In";};["000-offset.002"]={cf=cfr(0,0,0,.91,-.415,.004,.414,.907,.082,-.037,-.073,.997);es="Linear";ed="In";};["000-offset.011"]={cf=cfr(0,0,0,.251,-.968,-.021,.968,.252,-.018,.023,-.015,1);es="Linear";ed="In";};["000-offset.014"]={cf=cfr(0,0,0,-.092,-.996,.013,.995,-.091,.052,-.051,.017,.999);es="Linear";ed="In";};["000-offset.006"]={cf=cfr(0,0,0,.313,-.909,.275,.409,.39,.825,-.857,-.146,.494);es="Linear";ed="In";};["000-offset.003"]={cf=cfr(0,0,0,.033,-.999,.003,.18,.003,-.984,.983,.033,.18);es="Linear";ed="In";};["000-offset.007"]={cf=cfr(0,0,0,.434,-.901,0,.901,.434,0,0,0,1);es="Linear";ed="In";};["000-offset.004"]={cf=cfr(0,0,0,.311,-.951,0,.951,.311,0,0,0,1);es="Linear";ed="In";};["000-offset.008"]={cf=cfr(0,0,0,.618,-.479,-.624,-.244,.637,-.731,.747,.604,.277);es="Linear";ed="In";};["000-offset.005"]={cf=cfr(0,0,0,.891,-.444,-.099,.453,.846,.283,-.042,-.297,.954);es="Linear";ed="In";};};{tm=.881;["000-offset"]={cf=cfr(0,0,0,-.161,.976,.146,-.987,-.16,-.024,0,-.148,.989);es="Linear";ed="In";};["000-offset.009"]={cf=cfr(0,0,0,-.326,-.831,.45,.78,-.505,-.37,.535,.231,.813);es="Linear";ed="In";};["000-offset.012"]={cf=cfr(0,0,0,-.461,-.786,-.412,.836,-.54,.096,-.298,-.3,.906);es="Linear";ed="In";};["000-offset.001"]={cf=cfr(0,0,0,.933,.35,-.085,-.36,.917,-.17,.019,.19,.982);es="Linear";ed="In";};["000-offset.010"]={cf=cfr(0,0,0,.085,.996,0,-.996,.085,0,0,0,1);es="Linear";ed="In";};["000-offset.013"]={cf=cfr(0,0,0,.553,.833,0,-.833,.553,0,0,0,1);es="Linear";ed="In";};["000-offset.002"]={cf=cfr(0,0,0,.91,-.415,.003,.413,.907,.077,-.035,-.068,.997);es="Linear";ed="In";};["000-offset.011"]={cf=cfr(0,0,0,.26,-.965,-.021,.965,.26,-.018,.023,-.015,1);es="Linear";ed="In";};["000-offset.014"]={cf=cfr(0,0,0,-.079,-.997,.013,.996,-.078,.052,-.051,.017,.999);es="Linear";ed="In";};["000-offset.006"]={cf=cfr(0,0,0,.309,-.913,.266,.415,.381,.826,-.856,-.145,.496);es="Linear";ed="In";};["000-offset.003"]={cf=cfr(0,0,0,.034,-.999,-.01,.179,.016,-.984,.983,.032,.18);es="Linear";ed="In";};["000-offset.007"]={cf=cfr(0,0,0,.416,-.909,0,.909,.416,0,0,0,1);es="Linear";ed="In";};["000-offset.004"]={cf=cfr(0,0,0,.318,-.948,0,.948,.318,0,0,0,1);es="Linear";ed="In";};["000-offset.008"]={cf=cfr(0,0,0,.655,-.458,-.601,-.229,.638,-.735,.721,.619,.313);es="Linear";ed="In";};["000-offset.005"]={cf=cfr(0,0,0,.887,-.446,-.118,.46,.836,.299,-.034,-.319,.947);es="Linear";ed="In";};};{tm=.923;["000-offset"]={cf=cfr(0,0,0,-.161,.977,.139,-.987,-.16,-.023,0,-.141,.99);es="Linear";ed="In";};["000-offset.009"]={cf=cfr(0,0,0,-.328,-.821,.468,.771,-.519,-.369,.546,.24,.803);es="Linear";ed="In";};["000-offset.012"]={cf=cfr(0,0,0,-.453,-.79,-.414,.841,-.533,.097,-.297,-.304,.905);es="Linear";ed="In";};["000-offset.001"]={cf=cfr(0,0,0,.933,.351,-.078,-.359,.92,-.155,.017,.172,.985);es="Linear";ed="In";};["000-offset.010"]={cf=cfr(0,0,0,.061,.998,0,-.998,.061,0,0,0,1);es="Linear";ed="In";};["000-offset.013"]={cf=cfr(0,0,0,.563,.827,0,-.827,.563,0,0,0,1);es="Linear";ed="In";};["000-offset.002"]={cf=cfr(0,0,0,.91,-.415,.003,.413,.908,.071,-.032,-.063,.997);es="Linear";ed="In";};["000-offset.011"]={cf=cfr(0,0,0,.268,-.963,-.021,.963,.268,-.018,.023,-.015,1);es="Linear";ed="In";};["000-offset.014"]={cf=cfr(0,0,0,-.065,-.998,.012,.997,-.065,.051,-.05,.016,.999);es="Linear";ed="In";};["000-offset.006"]={cf=cfr(0,0,0,.306,-.916,.258,.419,.373,.828,-.855,-.145,.498);es="Linear";ed="In";};["000-offset.003"]={cf=cfr(0,0,0,.036,-.999,-.023,.179,.029,-.983,.983,.031,.18);es="Linear";ed="In";};["000-offset.007"]={cf=cfr(0,0,0,.399,-.917,0,.917,.399,0,0,0,1);es="Linear";ed="In";};["000-offset.004"]={cf=cfr(0,0,0,.326,-.945,0,.945,.326,0,0,0,1);es="Linear";ed="In";};["000-offset.008"]={cf=cfr(0,0,0,.694,-.437,-.572,-.208,.64,-.74,.689,.633,.353);es="Linear";ed="In";};["000-offset.005"]={cf=cfr(0,0,0,.884,-.447,-.138,.467,.827,.314,-.027,-.342,.939);es="Linear";ed="In";};};{tm=.965;["000-offset"]={cf=cfr(0,0,0,-.161,.978,.132,-.987,-.16,-.022,0,-.134,.991);es="Linear";ed="In";};["000-offset.009"]={cf=cfr(0,0,0,-.33,-.81,.485,.763,-.531,-.368,.555,.248,.794);es="Linear";ed="In";};["000-offset.012"]={cf=cfr(0,0,0,-.444,-.794,-.416,.846,-.525,.098,-.296,-.308,.904);es="Linear";ed="In";};["000-offset.001"]={cf=cfr(0,0,0,.933,.352,-.07,-.359,.923,-.139,.016,.154,.988);es="Linear";ed="In";};["000-offset.010"]={cf=cfr(0,0,0,.038,.999,0,-.999,.038,0,0,0,1);es="Linear";ed="In";};["000-offset.013"]={cf=cfr(0,0,0,.573,.82,0,-.82,.573,0,0,0,1);es="Linear";ed="In";};["000-offset.002"]={cf=cfr(0,0,0,.91,-.414,.003,.413,.908,.065,-.03,-.058,.998);es="Linear";ed="In";};["000-offset.011"]={cf=cfr(0,0,0,.275,-.961,-.021,.961,.276,-.018,.023,-.015,1);es="Linear";ed="In";};["000-offset.014"]={cf=cfr(0,0,0,-.052,-.999,.012,.997,-.051,.051,-.05,.015,.999);es="Linear";ed="In";};["000-offset.006"]={cf=cfr(0,0,0,.302,-.92,.25,.424,.364,.829,-.854,-.145,.5);es="Linear";ed="In";};["000-offset.003"]={cf=cfr(0,0,0,.037,-.999,-.037,.178,.043,-.983,.983,.03,.18);es="Linear";ed="In";};["000-offset.007"]={cf=cfr(0,0,0,.381,-.924,0,.924,.381,0,0,0,1);es="Linear";ed="In";};["000-offset.004"]={cf=cfr(0,0,0,.334,-.943,0,.943,.334,0,0,0,1);es="Linear";ed="In";};["000-offset.008"]={cf=cfr(0,0,0,.735,-.415,-.536,-.18,.644,-.744,.654,.643,.398);es="Linear";ed="In";};["000-offset.005"]={cf=cfr(0,0,0,.881,-.447,-.157,.474,.817,.329,-.019,-.364,.931);es="Linear";ed="In";};};{tm=1.007;["000-offset"]={cf=cfr(0,0,0,-.161,.979,.125,-.987,-.16,-.02,0,-.127,.992);es="Linear";ed="In";};["000-offset.009"]={cf=cfr(0,0,0,-.332,-.8,.5,.756,-.543,-.366,.565,.256,.785);es="Linear";ed="In";};["000-offset.012"]={cf=cfr(0,0,0,-.436,-.797,-.418,.85,-.517,.099,-.295,-.312,.903);es="Linear";ed="In";};["000-offset.001"]={cf=cfr(0,0,0,.934,.353,-.062,-.358,.926,-.122,.014,.136,.991);es="Linear";ed="In";};["000-offset.010"]={cf=cfr(0,0,0,.016,1,0,-1,.016,0,0,0,1);es="Linear";ed="In";};["000-offset.013"]={cf=cfr(0,0,0,.583,.813,0,-.813,.583,0,0,0,1);es="Linear";ed="In";};["000-offset.002"]={cf=cfr(0,0,0,.91,-.414,.003,.413,.909,.059,-.027,-.052,.998);es="Linear";ed="In";};["000-offset.011"]={cf=cfr(0,0,0,.282,-.959,-.021,.959,.283,-.018,.023,-.015,1);es="Linear";ed="In";};["000-offset.014"]={cf=cfr(0,0,0,-.038,-.999,.012,.998,-.037,.051,-.05,.014,.999);es="Linear";ed="In";};["000-offset.006"]={cf=cfr(0,0,0,.299,-.923,.241,.428,.356,.831,-.853,-.145,.501);es="Linear";ed="In";};["000-offset.003"]={cf=cfr(0,0,0,.039,-.998,-.051,.178,.057,-.982,.983,.029,.18);es="Linear";ed="In";};["000-offset.007"]={cf=cfr(0,0,0,.364,-.931,0,.931,.364,0,0,0,1);es="Linear";ed="In";};["000-offset.004"]={cf=cfr(0,0,0,.342,-.94,0,.94,.342,0,0,0,1);es="Linear";ed="In";};["000-offset.008"]={cf=cfr(0,0,0,.774,-.394,-.495,-.146,.65,-.746,.616,.65,.446);es="Linear";ed="In";};["000-offset.005"]={cf=cfr(0,0,0,.877,-.447,-.177,.481,.807,.343,-.011,-.386,.922);es="Linear";ed="In";};};{tm=1.049;["000-offset"]={cf=cfr(0,0,0,-.161,.98,.118,-.987,-.16,-.019,0,-.12,.993);es="Linear";ed="In";};["000-offset.009"]={cf=cfr(0,0,0,-.334,-.79,.514,.749,-.554,-.365,.573,.263,.776);es="Linear";ed="In";};["000-offset.012"]={cf=cfr(0,0,0,-.427,-.801,-.42,.855,-.508,.101,-.294,-.316,.902);es="Linear";ed="In";};["000-offset.001"]={cf=cfr(0,0,0,.934,.354,-.054,-.358,.928,-.106,.012,.119,.993);es="Linear";ed="In";};["000-offset.010"]={cf=cfr(0,0,0,-.005,1,0,-1,-.005,0,0,0,1);es="Linear";ed="In";};["000-offset.013"]={cf=cfr(0,0,0,.592,.806,0,-.806,.592,0,0,0,1);es="Linear";ed="In";};["000-offset.002"]={cf=cfr(0,0,0,.91,-.414,.003,.413,.909,.053,-.024,-.047,.999);es="Linear";ed="In";};["000-offset.011"]={cf=cfr(0,0,0,.289,-.957,-.021,.957,.289,-.018,.023,-.014,1);es="Linear";ed="In";};["000-offset.014"]={cf=cfr(0,0,0,-.024,-1,.012,.998,-.023,.051,-.05,.013,.999);es="Linear";ed="In";};["000-offset.006"]={cf=cfr(0,0,0,.294,-.927,.234,.43,.347,.833,-.853,-.145,.501);es="Linear";ed="In";};["000-offset.003"]={cf=cfr(0,0,0,.041,-.997,-.066,.177,.072,-.982,.983,.028,.18);es="Linear";ed="In";};["000-offset.007"]={cf=cfr(0,0,0,.348,-.938,0,.938,.348,0,0,0,1);es="Linear";ed="In";};["000-offset.004"]={cf=cfr(0,0,0,.35,-.937,0,.937,.35,0,0,0,1);es="Linear";ed="In";};["000-offset.008"]={cf=cfr(0,0,0,.811,-.375,-.449,-.107,.66,-.744,.575,.651,.495);es="Linear";ed="In";};["000-offset.005"]={cf=cfr(0,0,0,.873,-.446,-.197,.488,.797,.357,-.002,-.408,.913);es="Linear";ed="In";};};{tm=1.091;["000-offset"]={cf=cfr(0,0,0,-.161,.981,.111,-.987,-.16,-.018,0,-.112,.994);es="Linear";ed="In";};["000-offset.009"]={cf=cfr(0,0,0,-.335,-.781,.527,.742,-.563,-.363,.581,.269,.768);es="Linear";ed="In";};["000-offset.012"]={cf=cfr(0,0,0,-.418,-.805,-.422,.86,-.5,.102,-.293,-.32,.901);es="Linear";ed="In";};["000-offset.001"]={cf=cfr(0,0,0,.934,.355,-.046,-.357,.93,-.09,.011,.101,.995);es="Linear";ed="In";};["000-offset.010"]={cf=cfr(0,0,0,-.023,1,0,-1,-.023,0,0,0,1);es="Linear";ed="In";};["000-offset.013"]={cf=cfr(0,0,0,.602,.799,0,-.799,.602,0,0,0,1);es="Linear";ed="In";};["000-offset.002"]={cf=cfr(0,0,0,.91,-.414,.002,.413,.91,.046,-.021,-.041,.999);es="Linear";ed="In";};["000-offset.011"]={cf=cfr(0,0,0,.295,-.955,-.021,.955,.295,-.018,.024,-.014,1);es="Linear";ed="I