local cfr = CFrame.new

return {{tm=0;["HumanoidRootPart"]={cf=cfr(0,0,0,1,0,0,0,1,0,0,0,1);es="Linear";ed="In";};["LowerTorso"]={cf=cfr(-.381,0,0,.943,-.294,.158,.333,.798,-.502,.022,.526,.85);es="Linear";ed="In";};["RightUpperLeg"]={cf=cfr(0,0,0,.912,-.003,-.41,-.045,.993,-.107,.408,.116,.906);es="Linear";ed="In";};["LeftUpperLeg"]={cf=cfr(0,0,0,.946,.307,.101,-.32,.842,.435,.049,-.444,.895);es="Linear";ed="In";};["UpperTorso"]={cf=cfr(0,0,-.015,.972,-.235,-.02,.236,.963,.134,-.012,-.134,.991);es="Linear";ed="In";};["RightLowerLeg"]={cf=cfr(0,0,0,.999,-.047,-.019,.016,-.066,.998,-.048,-.997,-.065);es="Linear";ed="In";};["LeftLowerLeg"]={cf=cfr(0,0,0,1,.003,-.002,-.002,.98,.199,.003,-.199,.98);es="Linear";ed="In";};["RightUpperArm"]={cf=cfr(0,0,0,.901,-.421,-.105,-.434,-.881,-.188,-.013,.215,-.977);es="Linear";ed="In";};["LeftUpperArm"]={cf=cfr(0,0,0,.865,.403,-.298,-.403,.913,.063,.298,.066,.952);es="Linear";ed="In";};["Head"]={cf=cfr(0,0,0,.993,-.002,.117,-.044,.918,.394,-.108,-.397,.912);es="Linear";ed="In";};["RightFoot"]={cf=cfr(0,0,0,.999,.014,.029,-.016,.998,.062,-.028,-.063,.998);es="Linear";ed="In";};["LeftFoot"]={cf=cfr(0,0,0,1,-.009,-.005,.011,.881,.472,0,-.472,.881);es="Linear";ed="In";};["RightLowerArm"]={cf=cfr(0,0,0,.482,-.823,-.3,.866,.499,.023,.131,-.27,.954);es="Linear";ed="In";};["LeftLowerArm"]={cf=cfr(0,0,0,.953,.158,.257,-.177,.983,.053,-.245,-.096,.965);es="Linear";ed="In";};["RightHand"]={cf=cfr(0,0,0,.929,-.051,-.367,.139,.966,.216,.344,-.252,.905);es="Linear";ed="In";};["LeftHand"]={cf=cfr(0,0,0,1,0,0,0,1,0,0,0,1);es="Linear";ed="In";};};{tm=.042;["HumanoidRootPart"]={cf=cfr(0,0,0,1,0,0,0,1,0,0,0,1);es="Linear";ed="In";};["LowerTorso"]={cf=cfr(-.353,.014,0,.944,-.306,.124,.326,.802,-.5,.054,.513,.857);es="Linear";ed="In";};["RightUpperLeg"]={cf=cfr(0,0,0,.91,-.015,-.415,-.032,.994,-.107,.414,.111,.903);es="Linear";ed="In";};["LeftUpperLeg"]={cf=cfr(0,0,0,.942,.319,.103,-.331,.836,.437,.053,-.446,.894);es="Linear";ed="In";};["UpperTorso"]={cf=cfr(0,0,-.015,.975,-.22,-.03,.222,.967,.126,.001,-.13,.992);es="Linear";ed="In";};["RightLowerLeg"]={cf=cfr(0,0,0,.999,-.046,-.016,.017,.009,1,-.046,-.999,.01);es="Linear";ed="In";};["LeftLowerLeg"]={cf=cfr(0,0,0,1,.003,-.002,-.002,.976,.217,.003,-.217,.976);es="Linear";ed="In";};["RightUpperArm"]={cf=cfr(0,0,0,.914,-.395,-.093,-.406,-.891,-.202,-.004,.222,-.975);es="Linear";ed="In";};["LeftUpperArm"]={cf=cfr(0,0,0,.873,.387,-.297,-.396,.918,.032,.285,.089,.954);es="Linear";ed="In";};["Head"]={cf=cfr(0,0,0,.991,-.02,.129,-.031,.926,.377,-.127,-.377,.917);es="Linear";ed="In";};["RightFoot"]={cf=cfr(0,0,0,.999,.014,.029,-.016,.998,.062,-.028,-.063,.998);es="Linear";ed="In";};["LeftFoot"]={cf=cfr(0,0,0,1,-.009,-.005,.01,.88,.475,0,-.475,.88);es="Linear";ed="In";};["RightLowerArm"]={cf=cfr(0,0,0,.48,-.826,-.294,.868,.496,.025,.126,-.267,.955);es="Linear";ed="In";};["LeftLowerArm"]={cf=cfr(0,0,0,.951,.161,.262,-.182,.982,.055,-.249,-.1,.963);es="Linear";ed="In";};["RightHand"]={cf=cfr(0,0,0,.929,-.051,-.367,.139,.966,.216,.344,-.252,.905);es="Linear";ed="In";};["LeftHand"]={cf=cfr(0,0,0,1,0,0,0,1,0,0,0,1);es="Linear";ed="In";};};{tm=.083;["HumanoidRootPart"]={cf=cfr(0,0,0,1,0,0,0,1,0,0,0,1);es="Linear";ed="In";};["LowerTorso"]={cf=cfr(-.282,.042,.001,.941,-.338,.033,.309,.811,-.496,.14,.477,.868);es="Linear";ed="In";};["RightUpperLeg"]={cf=cfr(0,0,0,.903,-.048,-.428,.002,.994,-.107,.43,.096,.898);es="Linear";ed="In";};["LeftUpperLeg"]={cf=cfr(0,0,0,.93,.351,.11,-.362,.821,.442,.065,-.451,.89);es="Linear";ed="In";};["UpperTorso"]={cf=cfr(0,0,-.015,.982,-.178,-.056,.183,.977,.108,.036,-.117,.993);es="Linear";ed="In";};["RightLowerLeg"]={cf=cfr(0,0,0,.999,-.044,-.012,.019,.171,.985,-.041,-.984,.172);es="Linear";ed="In";};["LeftLowerLeg"]={cf=cfr(0,0,0,1,.003,-.002,-.002,.964,.265,.003,-.265,.964);es="Linear";ed="In";};["RightUpperArm"]={cf=cfr(0,0,0,.944,-.324,-.058,-.328,-.915,-.237,.024,.242,-.97);es="Linear";ed="In";};["LeftUpperArm"]={cf=cfr(0,0,0,.892,.342,-.297,-.374,.926,-.057,.256,.162,.953);es="Linear";ed="In";};["Head"]={cf=cfr(0,0,0,.985,-.066,.161,.01,.944,.33,-.174,-.323,.93);es="Linear";ed="In";};["RightFoot"]={cf=cfr(0,0,0,.999,.014,.029,-.016,.998,.062,-.028,-.063,.998);es="Linear";ed="In";};["LeftFoot"]={cf=cfr(0,0,0,1,-.009,-.005,.011,.876,.482,0,-.482,.876);es="Linear";ed="In";};["RightLowerArm"]={cf=cfr(0,0,0,.475,-.834,-.281,.873,.486,.032,.109,-.261,.959);es="Linear";ed="In";};["LeftLowerArm"]={cf=cfr(0,0,0,.944,.176,.278,-.2,.978,.059,-.261,-.112,.959);es="Linear";ed="In";};["RightHand"]={cf=cfr(0,0,0,.929,-.051,-.367,.139,.966,.216,.344,-.252,.905);es="Linear";ed="In";};["LeftHand"]={cf=cfr(0,0,0,1,0,0,0,1,0,0,0,1);es="Linear";ed="In";};};{tm=.125;["HumanoidRootPart"]={cf=cfr(0,0,0,1,0,0,0,1,0,0,0,1);es="Linear";ed="In";};["LowerTorso"]={cf=cfr(-.169,.099,.002,.919,-.382,-.095,.291,.821,-.492,.266,.424,.866);es="Linear";ed="In";};["RightUpperLeg"]={cf=cfr(0,0,0,.891,-.096,-.444,.052,.993,-.109,.452,.073,.889);es="Linear";ed="In";};["LeftUpperLeg"]={cf=cfr(0,0,0,.91,.397,.118,-.405,.797,.448,.083,-.456,.886);es="Linear";ed="In";};["UpperTorso"]={cf=cfr(0,0,-.015,.989,-.115,-.096,.124,.989,.085,.085,-.096,.992);es="Linear";ed="In";};["RightLowerLeg"]={cf=cfr(0,0,0,.999,-.041,-.007,.02,.327,.945,-.036,-.944,.327);es="Linear";ed="In";};["LeftLowerLeg"]={cf=cfr(0,0,0,1,.004,-.003,-.003,.942,.336,.004,-.336,.942);es="Linear";ed="In";};["RightUpperArm"]={cf=cfr(0,0,0,.975,-.221,.008,-.209,-.936,-.281,.07,.273,-.96);es="Linear";ed="In";};["LeftUpperArm"]={cf=cfr(0,0,0,.909,.278,-.31,-.347,.918,-.194,.23,.283,.931);es="Linear";ed="In";};["Head"]={cf=cfr(0,0,0,.969,-.134,.209,.077,.961,.264,-.236,-.24,.942);es="Linear";ed="In";};["RightFoot"]={cf=cfr(0,0,0,.999,.014,.029,-.016,.998,.062,-.028,-.063,.998);es="Linear";ed="In";};["LeftFoot"]={cf=cfr(0,0,0,1,-.009,-.005,.01,.871,.491,-.001,-.491,.871);es="Linear";ed="In";};["RightLowerArm"]={cf=cfr(0,0,0,.462,-.846,-.264,.883,.467,.051,.08,-.257,.963);es="Linear";ed="In";};["LeftLowerArm"]={cf=cfr(0,0,0,.929,.213,.304,-.242,.969,.06,-.281,-.129,.951);es="Linear";ed="In";};["RightHand"]={cf=cfr(0,0,0,.929,-.051,-.367,.139,.966,.216,.344,-.252,.905);es="Linear";ed="In";};["LeftHand"]={cf=cfr(0,0,0,1,0,0,0,1,0,0,0,1);es="Linear";ed="In";};};{tm=.167;["HumanoidRootPart"]={cf=cfr(0,0,0,1,0,0,0,1,0,0,0,1);es="Linear";ed="In";};["LowerTorso"]={cf=cfr(-.042,.155,.002,.869,-.433,-.239,.277,.826,-.491,.41,.361,.838);es="Linear";ed="In";};["RightUpperLeg"]={cf=cfr(0,0,0,.873,-.153,-.463,.113,.987,-.113,.474,.046,.879);es="Linear";ed="In";};["LeftUpperLeg"]={cf=cfr(0,0,0,.884,.45,.127,-.456,.767,.452,.106,-.458,.883);es="Linear";ed="In";};["UpperTorso"]={cf=cfr(0,0,-.015,.989,-.038,-.143,.048,.997,.064,.14,-.07,.988);es="Linear";ed="In";};["RightLowerLeg"]={cf=cfr(0,0,0,.999,-.039,-.006,.021,.39,.921,-.034,-.92,.39);es="Linear";ed="In";};["LeftLowerLeg"]={cf=cfr(0,0,0,1,.005,-.003,-.003,.908,.418,.005,-.418,.908);es="Linear";ed="In";};["RightUpperArm"]={cf=cfr(0,0,0,.989,-.101,.106,-.062,-.945,-.322,.132,.312,-.941);es="Linear";ed="In";};["LeftUpperArm"]={cf=cfr(0,0,0,.915,.21,-.343,-.335,.87,-.361,.223,.446,.867);es="Linear";ed="In";};["Head"]={cf=cfr(0,0,0,.94,-.215,.264,.167,.967,.192,-.296,-.136,.945);es="Linear";ed="In";};["RightFoot"]={cf=cfr(0,0,0,.999,.014,.029,-.016,.998,.062,-.028,-.063,.998);es="Linear";ed="In";};["LeftFoot"]={cf=cfr(0,0,0,1,-.009,-.004,.01,.866,.5,-.001,-.5,.866);es="Linear";ed="In";};["RightLowerArm"]={cf=cfr(0,0,0,.444,-.86,-.251,.895,.438,.083,.038,-.262,.964);es="Linear";ed="In";};["LeftLowerArm"]={cf=cfr(0,0,0,.899,.281,.337,-.316,.947,.055,-.304,-.156,.94);es="Linear";ed="In";};["RightHand"]={cf=cfr(0,0,0,.929,-.051,-.367,.139,.966,.216,.344,-.252,.905);es="Linear";ed="In";};["LeftHand"]={cf=cfr(0,0,0,1,0,0,0,1,0,0,0,1);es="Linear";ed="In";};};{tm=.208;["HumanoidRootPart"]={cf=cfr(0,0,0,1,0,0,0,1,0,0,0,1);es="Linear";ed="In";};["LowerTorso"]={cf=cfr(.085,.211,.003,.79,-.484,-.376,.268,.824,-.499,.551,.294,.781);es="Linear";ed="In";};["RightUpperLeg"]={cf=cfr(0,0,0,.851,-.213,-.48,.177,.977,-.12,.494,.017,.869);es="Linear";ed="In";};["LeftUpperLeg"]={cf=cfr(0,0,0,.852,.506,.134,-.507,.733,.454,.132,-.455,.881);es="Linear";ed="In";};["UpperTorso"]={cf=cfr(0,0,-.015,.98,.046,-.195,-.037,.998,.049,.197,-.041,.98);es="Linear";ed="In";};["RightLowerLeg"]={cf=cfr(0,0,0,.999,-.041,-.007,.02,.329,.944,-.036,-.943,.329);es="Linear";ed="In";};["LeftLowerLeg"]={cf=cfr(0,0,0,1,.006,-.003,-.003,.863,.505,.006,-.505,.863);es="Linear";ed="In";};["RightUpperArm"]={cf=cfr(0,0,0,.974,.015,.226,.096,-.932,-.35,.205,.363,-.909);es="Linear";ed="In";};["LeftUpperArm"]={cf=cfr(0,0,0,.902,.156,-.403,-.368,.766,-.527,.226,.624,.748);es="Linear";ed="In";};["Head"]={cf=cfr(0,0,0,.899,-.298,.321,.272,.954,.124,-.343,-.024,.939);es="Linear";ed="In";};["RightFoot"]={cf=cfr(0,0,0,.999,.014,.029,-.016,.998,.062,-.028,-.063,.998);es="Linear";ed="In";};["LeftFoot"]={cf=cfr(0,0,0,1,-.009,-.004,.01,.862,.506,-.001,-.506,.862);es="Linear";ed="In";};["RightLowerArm"]={cf=cfr(0,0,0,.422,-.871,-.251,.906,.402,.129,-.011,-.282,.959);es="Linear";ed="In";};["LeftLowerArm"]={cf=cfr(0,0,0,.849,.376,.37,-.423,.905,.052,-.315,-.2,.928);es="Linear";ed="In";};["RightHand"]={cf=cfr(0,0,0,.929,-.051,-.367,.139,.966,.216,.344,-.252,.905);es="Linear";ed="In";};["LeftHand"]={cf=cfr(0,0,0,1,0,0,0,1,0,0,0,1);es="Linear";ed="In";};};{tm=.25;["HumanoidRootPart"]={cf=cfr(0,0,0,1,0,0,0,1,0,0,0,1);es="Linear";ed="In";};["LowerTorso"]={cf=cfr(.24,.268,.004,.694,-.529,-.489,.26,.817,-.514,.671,.23,.705);es="Linear";ed="In";};["RightUpperLeg"]={cf=cfr(0,0,0,.826,-.272,-.494,.239,.962,-.129,.51,-.011,.86);es="Linear";ed="In";};["LeftUpperLeg"]={cf=cfr(0,0,0,.818,.559,.138,-.554,.699,.453,.156,-.447,.881);es="Linear";ed="In";};["UpperTorso"]={cf=cfr(0,0,-.015,.961,.132,-.244,-.125,.991,.044,.247,-.012,.969);es="Linear";ed="In";};["RightLowerLeg"]={cf=cfr(0,0,0,.999,-.044,-.011,.019,.193,.981,-.041,-.98,.194);es="Linear";ed="In";};["LeftLowerLeg"]={cf=cfr(0,0,0,1,.007,-.003,-.004,.81,.587,.007,-.587,.81);es="Linear";ed="In";};["RightUpperArm"]={cf=cfr(0,0,0,.929,.11,.353,.245,-.898,-.364,.277,.425,-.862);es="Linear";ed="In";};["LeftUpperArm"]={cf=cfr(0,0,0,.865,.13,-.485,-.456,.608,-.65,.211,.784,.585);es="Linear";ed="In";};["Head"]={cf=cfr(0,0,0,.848,-.377,.374,.381,.922,.067,-.37,.085,.925);es="Linear";ed="In";};["RightFoot"]={cf=cfr(0,0,0,.999,.014,.029,-.016,.998,.062,-.028,-.063,.998);es="Linear";ed="In";};["LeftFoot"]={cf=cfr(0,0,0,1,-.009,-.004,.01,.861,.509,-.001,-.509,.861);es="Linear";ed="In";};["RightLowerArm"]={cf=cfr(0,0,0,.404,-.875,-.268,.913,.366,.179,-.058,-.317,.947);es="Linear";ed="In";};["LeftLowerArm"]={cf=cfr(0,0,0,.784,.479,.395,-.545,.835,.068,-.297,-.269,.916);es="Linear";ed="In";};["RightHand"]={cf=cfr(0,0,0,.929,-.051,-.367,.139,.966,.216,.344,-.252,.905);es="Linear";ed="In";};["LeftHand"]={cf=cfr(0,0,0,1,0,0,0,1,0,0,0,1);es="Linear";ed="In";};};{tm=.292;["HumanoidRootPart"]={cf=cfr(0,0,0,1,0,0,0,1,0,0,0,1);es="Linear";ed="In";};["LowerTorso"]={cf=cfr(.381,.324,.005,.598,-.563,-.57,.251,.807,-.534,.761,.176,.625);es="Linear";ed="In";};["RightUpperLeg"]={cf=cfr(0,0,0,.802,-.323,-.503,.294,.946,-.14,.521,-.036,.853);es="Linear";ed="In";};["LeftUpperLeg"]={cf=cfr(0,0,0,.785,.604,.139,-.594,.669,.446,.177,-.433,.884);es="Linear";ed="In";};["UpperTorso"]={cf=cfr(0,0,-.015,.935,.211,-.286,-.206,.977,.046,.289,.016,.957);es="Linear";ed="In";};["RightLowerLeg"]={cf=cfr(0,0,0,.999,-.046,-.016,.017,.031,.999,-.045,-.998,.032);es="Linear";ed="In";};["LeftLowerLeg"]={cf=cfr(0,0,0,1,.008,-.003,-.004,.754,.657,.008,-.657,.754);es="Linear";ed="In";};["RightUpperArm"]={cf=cfr(0,0,0,.867,.171,.468,.371,-.85,-.375,.334,.499,-.8);es="Linear";ed="In";};["LeftUpperArm"]={cf=cfr(0,0,0,.805,.136,-.578,-.575,.418,-.703,.146,.898,.415);es="Linear";ed="In";};["Head"]={cf=cfr(0,0,0,.793,-.443,.418,.478,.878,.025,-.379,.18,.908);es="Linear";ed="In";};["RightFoot"]={cf=cfr(0,0,0,.999,.014,.029,-.016,.998,.062,-.028,-.063,.998);es="Linear";ed="In";};["LeftFoot"]={cf=cfr(0,0,0,1,-.009,-.004,.01,.863,.506,-.001,-.506,.863);es="Linear";ed="In";};["RightLowerArm"]={cf=cfr(0,0,0,.394,-.868,-.302,.915,.338,.221,-.09,-.364,.927);es="Linear";ed="In";};["LeftLowerArm"]={cf=cfr(0,0,0,.716,.561,.415,-.655,.747,.119,-.243,-.357,.902);es="Linear";ed="In";};["RightHand"]={cf=cfr(0,0,0,.929,-.051,-.367,.139,.966,.216,.344,-.252,.905);es="Linear";ed="In";};["LeftHand"]={cf=cfr(0,0,0,1,0,0,0,1,0,0,0,1);es="Linear";ed="In";};};{tm=.333;["HumanoidRootPart"]={cf=cfr(0,0,0,1,0,0,0,1,0,0,0,1);es="Linear";ed="In";};["LowerTorso"]={cf=cfr(.493,.352,.005,.524,-.582,-.622,.24,.801,-.548,.817,.138,.56);es="Linear";ed="In";};["RightUpperLeg"]={cf=cfr(0,0,0,.781,-.362,-.508,.335,.931,-.148,.526,-.054,.848);es="Linear";ed="In";};["LeftUpperLeg"]={cf=cfr(0,0,0,.759,.637,.135,-.623,.65,.435,.189,-.414,.89);es="Linear";ed="In";};["UpperTorso"]={cf=cfr(0,0,-.015,.907,.276,-.318,-.274,.96,.054,.32,.038,.947);es="Linear";ed="In";};["RightLowerLeg"]={cf=cfr(0,0,0,.999,-.047,-.02,.015,-.102,.995,-.049,-.994,-.101);es="Linear";ed="In";};["LeftLowerLeg"]={cf=cfr(0,0,0,1,.009,-.003,-.004,.703,.711,.008,-.711,.703);es="Linear";ed="In";};["RightUpperArm"]={cf=cfr(0,0,0,.809,.193,.555,.464,-.79,-.401,.361,.582,-.729);es="Linear";ed="In";};["LeftUpperArm"]={cf=cfr(0,0,0,.73,.169,-.662,-.682,.229,-.694,.034,.959,.282);es="Linear";ed="In";};["Head"]={cf=cfr(0,0,0,.743,-.49,.456,.552,.834,-.004,-.378,.255,.89);es="Linear";ed="In";};["RightFoot"]={cf=cfr(0,0,0,.999,.014,.029,-.016,.998,.062,-.028,-.063,.998);es="Linear";ed="In";};["LeftFoot"]={cf=cfr(0,0,0,1,-.009,-.005,.01,.869,.494,-.001,-.494,.869);es="Linear";ed="In";};["RightLowerArm"]={cf=cfr(0,0,0,.395,-.85,-.349,.914,.325,.243,-.093,-.415,.905);es="Linear";ed="In";};["LeftLowerArm"]={cf=cfr(0,0,0,.666,.607,.433,-.727,.657,.198,-.164,-.447,.879);es="Linear";ed="In";};["RightHand"]={cf=cfr(0,0,0,.929,-.051,-.367,.139,.966,.216,.344,-.252,.905);es="Linear";ed="In";};["LeftHand"]={cf=cfr(0,0,0,1,0,0,0,1,0,0,0,1);es="Linear";ed="In";};};{tm=.375;["HumanoidRootPart"]={cf=cfr(0,0,0,1,0,0,0,1,0,0,0,1);es="Linear";ed="In";};["LowerTorso"]={cf=cfr(.592,.366,.006,.491,-.581,-.649,.23,.805,-.547,.84,.12,.528);es="Linear";ed="In";};["RightUpperLeg"]={cf=cfr(0,0,0,.77,-.384,-.509,.358,.921,-.153,.528,-.065,.847);es="Linear";ed="In";};["LeftUpperLeg"]={cf=cfr(0,0,0,.744,.656,.127,-.64,.645,.418,.192,-.392,.9);es="Linear";ed="In";};["UpperTorso"]={cf=cfr(0,0,-.015,.884,.323,-.338,-.322,.945,.062,.34,.054,.939);es="Linear";ed="In";};["RightLowerLeg"]={cf=cfr(0,0,0,.999,-.048,-.021,.014,-.151,.988,-.05,-.987,-.151);es="Linear";ed="In";};["LeftLowerLeg"]={cf=cfr(0,0,0,1,.009,-.003,-.003,.666,.746,.009,-.746,.666);es="Linear";ed="In";};["RightUpperArm"]={cf=cfr(0,0,0,.778,.175,.603,.519,-.72,-.461,.353,.671,-.651);es="Linear";ed="In";};["LeftUpperArm"]={cf=cfr(0,0,0,.659,.216,-.721,-.747,.071,-.661,-.092,.974,.208);es="Linear";ed="In";};["Head"]={cf=cfr(0,0,0,.707,-.512,.488,.597,.802,-.024,-.379,.308,.873);es="Linear";ed="In";};["RightFoot"]={cf=cfr(0,0,0,.999,.014,.029,-.016,.998,.062,-.028,-.063,.998);es="Linear";ed="In";};["LeftFoot"]={cf=cfr(0,0,0,1,-.009,-.005,.011,.881,.472,0,-.472,.881);es="Linear";ed="In";};["RightLowerArm"]={cf=cfr(0,0,0,.406,-.821,-.401,.912,.335,.236,-.059,-.462,.885);es="Linear";ed="In";};["LeftLowerArm"]={cf=cfr(0,0,0,.645,.62,.447,-.759,.587,.281,-.088,-.521,.849);es="Linear";ed="In";};["RightHand"]={cf=cfr(0,0,0,.929,-.051,-.367,.139,.966,.216,.344,-.252,.905);es="Linear";ed="In";};["LeftHand"]={cf=cfr(0,0,0,1,0,0,0,1,0,0,0,1);es="Linear";ed="In";};};{tm=.417;["HumanoidRootPart"]={cf=cfr(0,0,0,1,0,0,0,1,0,0,0,1);es="Linear";ed="In";};["LowerTorso"]={cf=cfr(.677,.352,.005,.501,-.56,-.66,.216,.819,-.531,.838,.124,.531);es="Linear";ed="In";};["RightUpperLeg"]={cf=cfr(0,0,0,.769,-.388,-.507,.364,.919,-.152,.525,-.068,.849);es="Linear";ed="In";};["LeftUpperLeg"]={cf=cfr(0,0,0,.759,.645,.089,-.626,.686,.37,.177,-.336,.925);es="Linear";ed="In";};["UpperTorso"]={cf=cfr(0,0,-.015,.865,.356,-.353,-.355,.932,.071,.354,.064,.933);es="Linear";ed="In";};["RightLowerLeg"]={cf=cfr(0,0,0,.999,-.047,-.018,.016,-.056,.998,-.048,-.997,-.055);es="Linear";ed="In";};["LeftLowerLeg"]={cf=cfr(0,0,0,1,.009,-.003,-.003,.661,.75,.009,-.75,.661);es="Linear";ed="In";};["RightUpperArm"]={cf=cfr(0,0,0,.821,.026,.571,.474,-.588,-.655,.319,.808,-.495);es="Linear";ed="In";};["LeftUpperArm"]={cf=cfr(0,0,0,.598,.273,-.754,-.772,-.059,-.633,-.218,.96,.176);es="Linear";ed="In";};["Head"]={cf=cfr(0,0,0,.699,-.47,.539,.584,.811,-.05,-.413,.349,.841);es="Linear";ed="In";};["RightFoot"]={cf=cfr(0,0,0,.999,.014,.029,-.016,.998,.062,-.028,-.063,.998);es="Linear";ed="In";};["LeftFoot"]={cf=cfr(0,0,0,1,-.009,-.005,.011,.917,.399,.001,-.399,.917);es="Linear";ed="In";};["RightLowerArm"]={cf=cfr(0,0,0,.449,-.737,-.505,.891,.414,.187,.071,-.534,.843);es="Linear";ed="In";};["LeftLowerArm"]={cf=cfr(0,0,0,.643,.615,.456,-.766,.535,.357,-.024,-.579,.815);es="Linear";ed="In";};["RightHand"]={cf=cfr(0,0,0,.929,-.051,-.367,.139,.966,.216,.344,-.252,.905);es="Linear";ed="In";};["LeftHand"]={cf=cfr(0,0,0,1,0,0,0,1,0,0,0,1);es="Linear";ed="In";};};{tm=.458;["HumanoidRootPart"]={cf=cfr(0,0,0,1,0,0,0,1,0,0,0,1);es="Linear";ed="In";};["LowerTorso"]={cf=cfr(.761,.324,.005,.541,-.521,-.661,.194,.841,-.504,.818,.144,.556);es="Linear";ed="In";};["RightUpperLeg"]={cf=cfr(0,0,0,.777,-.379,-.503,.357,.923,-.144,.519,-.068,.852);es="Linear";ed="In";};["LeftUpperLeg"]={cf=cfr(0,0,0,.799,.601,.018,-.582,.764,.279,.154,-.233,.96);es="Linear";ed="In";};["UpperTorso"]={cf=cfr(0,0,-.015,.847,.384,-.367,-.381,.921,.084,.37,.069,.926);es="Linear";ed="In";};["RightLowerLeg"]={cf=cfr(0,0,0,.999,-.044,-.012,.019,.148,.989,-.042,-.988,.148);es="Linear";ed="In";};["LeftLowerLeg"]={cf=cfr(0,0,0,1,.009,-.003,-.004,.69,.724,.009,-.724,.69);es="Linear";ed="In";};["RightUpperArm"]={cf=cfr(0,0,0,.867,-.246,.434,.357,-.301,-.884,.348,.921,-.173);es="Linear";ed="In";};["LeftUpperArm"]={cf=cfr(0,0,0,.541,.344,-.768,-.766,-.177,-.618,-.349,.922,.167);es="Linear";ed="In";};["Head"]={cf=cfr(0,0,0,.709,-.357,.608,.51,.855,-.092,-.487,.376,.788);es="Linear";ed="In";};["RightFoot"]={cf=cfr(0,0,0,.999,.014,.029,-.016,.998,.062,-.028,-.063,.998);es="Linear";ed="In";};["LeftFoot"]={cf=cfr(0,0,0,1,-.009,-.006,.01,.963,.268,.004,-.268,.963);es="Linear";ed="In";};["RightLowerArm"]={cf=cfr(0,0,0,.553,-.541,-.634,.796,.568,.209,.247,-.62,.745);es="Linear";ed="In";};["LeftLowerArm"]={cf=cfr(0,0,0,.654,.602,.459,-.756,.493,.431,.033,-.628,.777);es="Linear";ed="In";};["RightHand"]={cf=cfr(0,0,0,.929,-.051,-.367,.139,.966,.216,.344,-.252,.905);es="Linear";ed="In";};["LeftHand"]={cf=cfr(0,0,0,1,0,0,0,1,0,0,0,1);es="Linear";ed="In";};};{tm=.5;["HumanoidRootPart"]={cf=cfr(0,0,0,1,0,0,0,1,0,0,0,1);es="Linear";ed="In";};["LowerTorso"]={cf=cfr(.832,.282,.004,.605,-.467,-.645,.165,.866,-.472,.779,.179,.601);es="Linear";ed="In";};["RightUpperLeg"]={cf=cfr(0,0,0,.789,-.36,-.497,.34,.931,-.133,.511,-.064,.857);es="Linear";ed="In";};["LeftUpperLeg"]={cf=cfr(0,0,0,.842,.537,-.049,-.522,.835,.174,.135,-.121,.984);es="Linear";ed="In";};["UpperTorso"]={cf=cfr(0,0,-.015,.831,.407,-.38,-.401,.911,.097,.386,.072,.92);es="Linear";ed="In";};["RightLowerLeg"]={cf=cfr(0,0,0,.999,-.04,-.007,.021,.354,.935,-.035,-.934,.354);es="Linear";ed="In";};["LeftLowerLeg"]={cf=cfr(0,0,0,1,.008,-.003,-.004,.735,.678,.008,-.678,.735);es="Linear";ed="In";};["RightUpperArm"]={cf=cfr(0,0,0,.826,-.492,.274,.337,.042,-.941,.451,.87,.2);es="Linear";ed="In";};["LeftUpperArm"]={cf=cfr(0,0,0,.49,.417,-.765,-.733,-.278,-.621,-.472,.865,.17);es="Linear";ed="In";};["Head"]={cf=cfr(0,0,0,.719,-.221,.659,.404,.904,-.138,-.565,.365,.74);es="Linear";ed="In";};["RightFoot"]={cf=cfr(0,0,0,.999,.014,.029,-.016,.998,.062,-.028,-.063,.998);es="Linear";ed="In";};["LeftFoot"]={cf=cfr(0,0,0,1,-.008,-.007,.009,.99,.14,.006,-.14,.99);es="Linear";ed="In";};["RightLowerArm"]={cf=cfr(0,0,0,.682,-.304,-.665,.645,.679,.351,.345,-.668,.659);es="Linear";ed="In";};["LeftLowerArm"]={cf=cfr(0,0,0,.67,.587,.454,-.737,.459,.496,.082,-.667,.74);es="Linear";ed="In";};["RightHand"]={cf=cfr(0,0,0,.929,-.051,-.367,.139,.966,.216,.344,-.252,.905);es="Linear";ed="In";};["LeftHand"]={cf=cfr(0,0,0,1,0,0,0,1,0,0,0,1);es="Linear";ed="In";};};{tm=.542;["HumanoidRootPart"]={cf=cfr(0,0,0,1,0,0,0,1,0,0,0,1);es="Linear";ed="In";};["LowerTorso"]={cf=cfr(.902,.225,.003,.683,-.401,-.61,.128,.888,-.441,.719,.224,.658);es="Linear";ed="In";};["RightUpperLeg"]={cf=cfr(0,0,0,.806,-.334,-.49,.316,.941,-.121,.501,-.057,.864);es="Linear";ed="In";};["LeftUpperLeg"]={cf=cfr(0,0,0,.882,.467,-.063,-.459,.882,.105,.105,-.064,.992);es="Linear";ed="In";};["UpperTorso"]={cf=cfr(0,0,-.015,.817,.424,-.39,-.416,.903,.109,.399,.073,.914);es="Linear";ed="In";};["RightLowerLeg"]={cf=cfr(0,0,0,.999,-.037,-.004,.021,.466,.884,-.031,-.884,.467);es="Linear";ed="In";};["LeftLowerLeg"]={cf=cfr(0,0,0,1,.007,-.003,-.004,.783,.622,.007,-.622,.783);es="Linear";ed="In";};["RightUpperArm"]={cf=cfr(0,0,0,.774,-.6,.199,.426,.262,-.866,.468,.756,.458);es="Linear";ed="In";};["LeftUpperArm"]={cf=cfr(0,0,0,.447,.487,-.75,-.681,-.358,-.639,-.58,.796,.172);es="Linear";ed="In";};["Head"]={cf=cfr(0,0,0,.738,-.118,.664,.287,.946,-.151,-.61,.303,.732);es="Linear";ed="In";};["RightFoot"]={cf=cfr(0,0,0,.999,.014,.029,-.016,.998,.062,-.028,-.063,.998);es="Linear";ed="In";};["LeftFoot"]={cf=cfr(0,0,0,1,-.007,-.007,.008,.997,.082,.006,-.082,.997);es="Linear";ed="In";};["RightLowerArm"]={cf=cfr(0,0,0,.766,-.167,-.621,.517,.734,.44,.382,-.658,.649);es="Linear";ed="In";};["LeftLowerArm"]={cf=cfr(0,0,0,.687,.576,.443,-.716,.432,.549,.125,-.695,.709);es="Linear";ed="In";};["RightHand"]={cf=cfr(0,0,0,.929,-.051,-.367,.139,.966,.216,.344,-.252,.905);es="Linear";ed="In";};["LeftHand"]={cf=cfr(0,0,0,1,0,0,0,1,0,0,0,1);es="Linear";ed="In";};};{tm=.583;["HumanoidRootPart"]={cf=cfr(0,0,0,1,0,0,0,1,0,0,0,1);es="Linear";ed="In";};["LowerTorso"]={cf=cfr(.973,.169,.003,.767,-.327,-.552,.085,.905,-.417,.636,.273,.722);es="Linear";ed="In";};["RightUpperLeg"]={cf=cfr(0,0,0,.823,-.305,-.48,.288,.951,-.11,.49,-.047,.871);es="Linear";ed="In";};["LeftUpperLeg"]={cf=cfr(0,0,0,.926,.378,.01,-.377,.92,.105,.031,-.101,.994);es="Linear";ed="In";};["UpperTorso"]={cf=cfr(0,0,-.015,.808,.436,-.396,-.426,.897,.118,.407,.074,.911);es="Linear";ed="In";};["RightLowerLeg"]={cf=cfr(0,0,0,.999,-.037,-.004,.021,.472,.882,-.031,-.881,.472);es="Linear";ed="In";};["LeftLowerLeg"]={cf=cfr(0,0,0,1,.006,-.003,-.003,.837,.547,.006,-.547,.837);es="Linear";ed="In";};["RightUpperArm"]={cf=cfr(0,0,0,.812,-.556,.179,.47,.439,-.765,.347,.706,.618);es="Linear";ed="In";};["LeftUpperArm"]={cf=cfr(0,0,0,.413,.549,-.727,-.618,-.418,-.666,-.669,.724,.166);es="Linear";ed="In";};["Head"]={cf=cfr(0,0,0,.778,-.063,.625,.149,.985,-.087,-.61,.161,.776);es="Linear";ed="In";};["RightFoot"]={cf=cfr(0,0,0,.999,.014,.029,-.016,.998,.062,-.028,-.063,.998);es="Linear";ed="In";};["LeftFoot"]={cf=cfr(0,0,0,1,-.008,-.007,.009,.993,.119,.006,-.119,.993);es="Linear";ed="In";};["RightLowerArm"]={cf=cfr(0,0,0,.804,-.119,-.583,.419,.81,.412,.423,-.575,.701);es="Linear";ed="In";};["LeftLowerArm"]={cf=cfr(0,0,0,.7,.571,.429,-.695,.41,.59,.161,-.712,.684);es="Linear";ed="In";};["RightHand"]={cf=cfr(0,0,0,.929,-.051,-.367,.139,.966,.216,.344,-.252,.905);es="Linear";ed="In";};["LeftHand"]={cf=cfr(0,0,0,1,0,0,0,1,0,0,0,1);es="Linear";ed="In";};};{tm=.625;["HumanoidRootPart"]={cf=cfr(0,0,0,1,0,0,0,1,0,0,0,1);es="Linear";ed="In";};["LowerTorso"]={cf=cfr(1.015,.113,.002,.846,-.248,-.473,.041,.913,-.405,.532,.323,.783);es="Linear";ed="In";};["RightUpperLeg"]={cf=cfr(0,0,0,.839,-.277,-.468,.26,.96,-.103,.478,-.035,.878);es="Linear";ed="In";};["LeftUpperLeg"]={cf=cfr(0,0,0,.954,.262,.145,-.284,.945,.163,-.094,-.197,.976);es="Linear";ed="In";};["UpperTorso"]={cf=cfr(0,0,-.015,.805,.442,-.397,-.432,.894,.119,.407,.075,.91);es="Linear";ed="In";};["RightLowerLeg"]={cf=cfr(0,0,0,.999,-.039,-.005,.021,.424,.905,-.033,-.905,.425);es="Linear";ed="In";};["LeftLowerLeg"]={cf=cfr(0,0,0,1,.005,-.003,-.003,.895,.446,.005,-.446,.895);es="Linear";ed="In";};["RightUpperArm"]={cf=cfr(0,0,0,.889,-.442,.118,.412,.659,-.629,.2,.608,.768);es="Linear";ed="In";};["LeftUpperArm"]={cf=cfr(0,0,0,.386,.598,-.703,-.552,-.461,-.695,-.739,.656,.152);es="Linear";ed="In";};["Head"]={cf=cfr(0,0,0,.832,-.025,.555,-.007,.998,.055,-.555,-.049,.83);es="Linear";ed="In";};["RightFoot"]={cf=cfr(0,0,0,.999,.014,.029,-.016,.998,.062,-.028,-.063,.998);es="Linear";ed="In";};["LeftFoot"]={cf=cfr(0,0,0,1,-.008,-.007,.009,.978,.21,.005,-.21,.978);es="Linear";ed="In";};["RightLowerArm"]={cf=cfr(0,0,0,.856,-.077,-.511,.288,.892,.349,.429,-.446,.785);es="Linear";ed="In";};["LeftLowerArm"]={cf=cfr(0,0,0,.708,.572,.414,-.679,.392,.62,.192,-.721,.666);es="Linear";ed="In";};["RightHand"]={cf=cfr(0,0,0,.929,-.051,-.367,.139,.966,.216,.344,-.252,.905);es="Linear";ed="In";};["LeftHand"]={cf=cfr(0,0,0,1,0,0,0,1,0,0,0,1);es="Linear";ed="In";};};{tm=.667;["HumanoidRootPart"]={cf=cfr(0,0,0,1,0,0,0,1,0,0,0,1);es="Linear";ed="In";};["LowerTorso"]={cf=cfr(1.029,.056,.001,.91,-.17,-.378,.003,.915,-.404,.414,.366,.833);es="Linear";ed="In";};["RightUpperLeg"]={cf=cfr(0,0,0,.853,-.254,-.455,.234,.967,-.1,.466,-.021,.885);es="Linear";ed="In";};["LeftUpperLeg"]={cf=cfr(0,0,0,.942,.146,.301,-.229,.938,.262,-.244,-.316,.917);es="Linear";ed="In";};["UpperTorso"]={cf=cfr(0,0,-.015,.808,.442,-.39,-.435,.893,.113,.398,.079,.914);es="Linear";ed="In";};["RightLowerLeg"]={cf=cfr(0,0,0,.999,-.04,-.007,.021,.353,.936,-.035,-.935,.353);es="Linear";ed="In";};["LeftLowerLeg"]={cf=cfr(0,0,0,1,.004,-.003,-.003,.941,.338,.004,-.338,.941);es="Linear";ed="In";};["RightUpperArm"]={cf=cfr(0,0,0,.942,-.336,-.01,.299,.851,-.431,.154,.403,.902);es="Linear";ed="In";};["LeftUpperArm"]={cf=cfr(0,0,0,.366,.633,-.682,-.492,-.491,-.719,-.79,.598,.132);es="Linear";ed="In";};["Head"]={cf=cfr(0,0,0,.886,.003,.464,-.126,.964,.235,-.447,-.267,.854);es="Linear";ed="In";};["RightFoot"]={cf=cfr(0,0,0,.999,.014,.029,-.016,.998,.062,-.028,-.063,.998);es="Linear";ed="In";};["LeftFoot"]={cf=cfr(0,0,0,1,-.009,-.006,.01,.948,.319,.003,-.319,.948);es="Linear";ed="In";};["RightLowerArm"]={cf=cfr(0,0,0,.925,-.003,-.38,.135,.938,.32,.355,-.348,.868);es="Linear";ed="In";};["LeftLowerArm"]={cf=cfr(0,0,0,.711,.578,.4,-.668,.378,.641,.219,-.723,.655);es="Linear";ed="In";};["RightHand"]={cf=cfr(0,0,0,.929,-.051,-.367,.139,.966,.216,.344,-.252,.905);es="Linear";ed="In";};["LeftHand"]={cf=cfr(0,0,0,1,0,0,0,1,0,0,0,1);es="Linear";ed="In";};};{tm=.708;["HumanoidRootPart"]={cf=cfr(0,0,0,1,0,0,0,1,0,0,0,1);es="Linear";ed="In";};["LowerTorso"]={cf=cfr(1.015,.014,0,.956,-.097,-.277,-.026,.912,-.41,.293,.399,.869);es="Linear";ed="In";};["RightUpperLeg"]={cf=cfr(0,0,0,.864,-.24,-.442,.216,.971,-.104,.455,-.005,.891);es="Linear";ed="In";};["LeftUpperLeg"]={cf=cfr(0,0,0,.9,.059,.431,-.228,.908,.353,-.37,-.416,.831);es="Linear";ed="In";};["UpperTorso"]={cf=cfr(0,0,-.015,.818,.437,-.374,-.435,.895,.095,.376,.085,.923);es="Linear";ed="In";};["RightLowerLeg"]={cf=cfr(0,0,0,.999,-.042,-.008,.02,.287,.958,-.038,-.957,.288);es="Linear";ed="In";};["LeftLowerLeg"]={cf=cfr(0,0,0,1,.003,-.002,-.002,.969,.246,.003,-.246,.969);es="Linear";ed="In";};["RightUpperArm"]={cf=cfr(0,0,0,.949,-.279,-.146,.244,.945,-.22,.199,.173,.965);es="Linear";ed="In";};["LeftUpperArm"]={cf=cfr(0,0,0,.35,.653,-.672,-.444,-.516,-.733,-.825,.554,.11);es="Linear";ed="In";};["Head"]={cf=cfr(0,0,0,.931,.025,.363,-.179,.901,.395,-.317,-.432,.844);es="Linear";ed="In";};["RightFoot"]={cf=cfr(0,0,0,.999,.014,.029,-.016,.998,.062,-.028,-.063,.998);es="Linear";ed="In";};["LeftFoot"]={cf=cfr(0,0,0,1,-.009,-.005,.011,.909,.416,.001,-.416,.909);es="Linear";ed="In";};["RightLowerArm"]={cf=cfr(0,0,0,.97,.058,-.237,.022,.946,.323,.243,-.319,.916);es="Linear";ed="In";};["LeftLowerArm"]={cf=cfr(0,0,0,.71,.587,.388,-.661,.366,.655,.242,-.722,.648);es="Linear";ed="In";};["RightHand"]={cf=cfr(0,0,0,.929,-.051,-.367,.139,.966,.216,.344,-.252,.905);es="Linear";ed="In";};["LeftHand"]={cf=cfr(0,0,0,1,0,0,0,1,0,0,0,1);es="Linear";ed="In";};};{tm=.75;["HumanoidRootPart"]={cf=cfr(0,0,0,1,0,0,0,1,0,0,0,1);es="Linear";ed="In";};["LowerTorso"]={cf=cfr(.973,0,0,.983,-.035,-.181,-.044,.909,-.415,.18,.416,.892);es="Linear";ed="In";};["RightUpperLeg"]={cf=cfr(0,0,0,.871,-.238,-.431,.208,.971,-.116,.446,.012,.895);es="Linear";ed="In";};["LeftUpperLeg"]={cf=cfr(0,0,0,.867,.032,.498,-.257,.884,.391,-.428,-.467,.774);es="Linear";ed="In";};["UpperTorso"]={cf=cfr(0,0,-.015,.836,.426,-.346,-.432,.9,.065,.339,.095,.936);es="Linear";ed="In";};["RightLowerLeg"]={cf=cfr(0,0,0,.999,-.042,-.009,.02,.261,.965,-.038,-.964,.262);es="Linear";ed="In";};["LeftLowerLeg"]={cf=cfr(0,0,0,1,.003,-.002,-.002,.98,.199,.003,-.199,.98);es="Linear";ed="In";};["RightUpperArm"]={cf=cfr(0,0,0,.947,-.245,-.209,.222,.966,-.13,.234,.077,.969);es="Linear";ed="In";};["LeftUpperArm"]={cf=cfr(0,0,0,.337,.657,-.674,-.415,-.539,-.733,-.845,.527,.091);es="Linear";ed="In";};["Head"]={cf=cfr(0,0,0,.963,.049,.266,-.175,.863,.474,-.207,-.503,.839);es="Linear";ed="In";};["RightFoot"]={cf=cfr(0,0,0,.999,.014,.029,-.016,.998,.062,-.028,-.063,.998);es="Linear";ed="In";};["LeftFoot"]={cf=cfr(0,0,0,1,-.009,-.005,.011,.881,.472,0,-.472,.881);es="Linear";ed="In";};["RightLowerArm"]={cf=cfr(0,0,0,.982,.077,-.17,-.018,.946,.324,.186,-.315,.931);es="Linear";ed="In";};["LeftLowerArm"]={cf=cfr(0,0,0,.707,.598,.378,-.657,.357,.665,.262,-.718,.645);es="Linear";ed="In";};["RightHand"]={cf=cfr(0,0,0,.929,-.051,-.367,.139,.966,.216,.344,-.252,.905);es="Linear";ed="In";};["LeftHand"]={cf=cfr(0,0,0,1,0,0,0,1,0,0,0,1);es="Linear";ed="In";};};}