local cfr = CFrame.new

return {{tm=0;["LeftUpperArm"]={cf=cfr(0,0,0,.674,.409,-.615,-.732,.479,-.484,.097,.777,.623);es="Quad";ed="InOut";};["Head"]={cf=cfr(0,0,0,.819,.05,-.571,-.05,.999,.016,.571,.016,.821);es="Sine";ed="InOut";};["RightUpperArm"]={cf=cfr(0,0,0,.68,-.521,.516,.729,.556,-.398,-.079,.647,.758);es="Quad";ed="InOut";};["LeftUpperLeg"]={cf=cfr(0,0,0,.972,.172,.16,-.21,.943,.26,-.106,-.286,.952);es="Sine";ed="In";};["RightUpperLeg"]={cf=cfr(0,-.12,-.1,.955,-.224,-.193,-.045,.534,-.844,.292,.815,.5);es="Sine";ed="In";};["UpperTorso"]={cf=cfr(0,0,0,1,0,0,0,.996,.087,0,-.087,.996);es="Sine";ed="InOut";};["LeftLowerArm"]={cf=cfr(0,0,0,1,0,0,0,.766,-.643,0,.643,.766);es="Quad";ed="InOut";};["LeftFoot"]={cf=cfr(0,0,0,1,0,0,0,1,0,0,0,1);es="Linear";ed="In";};["LeftLowerLeg"]={cf=cfr(0,0,0,1,0,0,0,.342,.94,0,-.94,.342);es="Linear";ed="In";};["RightLowerArm"]={cf=cfr(0,0,0,1,0,0,0,.766,-.643,0,.643,.766);es="Quad";ed="InOut";};["LowerTorso"]={cf=cfr(0,-.248,0,1,0,0,0,.985,.174,0,-.174,.985);es="Sine";ed="InOut";};["RightFoot"]={cf=cfr(0,0,0,1,0,0,0,1,0,0,0,1);es="Linear";ed="In";};["RightLowerLeg"]={cf=cfr(0,0,0,1,-.026,.001,.016,.646,.764,-.02,-.763,.646);es="Linear";ed="In";};["LeftHand"]={cf=cfr(0,0,0,1,0,0,0,1,0,0,0,1);es="Quad";ed="InOut";};["RightHand"]={cf=cfr(0,0,0,1,0,0,0,1,0,0,0,1);es="Quad";ed="InOut";};};{tm=.017;["RightUpperArm"]={cf=cfr(0,0,0,.68,-.522,.515,.729,.557,-.398,-.079,.646,.759);es="Linear";ed="In";};["Head"]={cf=cfr(0,0,0,.819,.05,-.571,-.051,.999,.015,.571,.017,.821);es="Linear";ed="In";};["LeftUpperArm"]={cf=cfr(0,0,0,.674,.41,-.614,-.732,.48,-.483,.097,.776,.624);es="Linear";ed="In";};["UpperTorso"]={cf=cfr(0,0,0,1,0,0,0,.996,.088,0,-.088,.996);es="Linear";ed="In";};["RightUpperLeg"]={cf=cfr(0,-.12,-.1,.955,-.224,-.193,-.045,.536,-.843,.292,.814,.502);es="Linear";ed="In";};["LeftUpperLeg"]={cf=cfr(0,.002,.001,.972,.173,.16,-.209,.944,.254,-.107,-.281,.954);es="Linear";ed="In";};["LeftLowerArm"]={cf=cfr(0,0,0,1,0,0,0,.765,-.645,0,.645,.765);es="Linear";ed="In";};["RightLowerArm"]={cf=cfr(0,0,0,1,0,0,0,.765,-.645,0,.645,.765);es="Linear";ed="In";};["LowerTorso"]={cf=cfr(0,-.247,0,1,0,0,0,.985,.174,0,-.174,.985);es="Linear";ed="In";};["LeftHand"]={cf=cfr(0,0,0,1,0,0,0,1,0,0,0,1);es="Linear";ed="In";};["RightHand"]={cf=cfr(0,0,0,1,0,0,0,1,0,0,0,1);es="Linear";ed="In";};};{tm=.033;["RightUpperArm"]={cf=cfr(0,0,0,.68,-.523,.515,.729,.558,-.397,-.08,.645,.76);es="Linear";ed="In";};["Head"]={cf=cfr(0,-.001,0,.819,.05,-.571,-.053,.999,.011,.571,.022,.821);es="Linear";ed="In";};["LeftUpperArm"]={cf=cfr(0,0,0,.674,.413,-.612,-.732,.482,-.481,.097,.773,.627);es="Linear";ed="In";};["UpperTorso"]={cf=cfr(0,0,0,1,0,0,0,.996,.091,0,-.091,.996);es="Linear";ed="In";};["RightUpperLeg"]={cf=cfr(0,-.118,-.098,.955,-.223,-.193,-.043,.541,-.84,.292,.811,.507);es="Linear";ed="In";};["LeftUpperLeg"]={cf=cfr(.001,.01,.004,.972,.174,.16,-.209,.949,.238,-.11,-.264,.958);es="Linear";ed="In";};["LeftLowerArm"]={cf=cfr(0,0,.001,1,0,0,0,.76,-.65,0,.65,.76);es="Linear";ed="In";};["RightLowerArm"]={cf=cfr(0,0,.001,1,0,0,0,.76,-.65,0,.65,.76);es="Linear";ed="In";};["LowerTorso"]={cf=cfr(0,-.242,0,1,0,0,0,.985,.174,0,-.174,.985);es="Linear";ed="In";};["LeftHand"]={cf=cfr(0,0,0,1,0,0,0,1,0,0,0,1);es="Linear";ed="In";};["RightHand"]={cf=cfr(0,0,0,1,0,0,0,1,0,0,0,1);es="Linear";ed="In";};};{tm=.05;["RightUpperArm"]={cf=cfr(0,0,0,.679,-.525,.513,.729,.559,-.394,-.08,.642,.763);es="Linear";ed="In";};["Head"]={cf=cfr(0,-.001,0,.819,.05,-.571,-.057,.998,.005,.571,.029,.821);es="Linear";ed="In";};["LeftUpperArm"]={cf=cfr(.001,.001,.001,.674,.418,-.609,-.732,.486,-.477,.097,.768,.634);es="Linear";ed="In";};["UpperTorso"]={cf=cfr(0,-.001,0,1,0,0,0,.995,.096,0,-.096,.995);es="Linear";ed="In";};["RightUpperLeg"]={cf=cfr(0,-.115,-.095,.955,-.223,-.194,-.041,.55,-.834,.293,.805,.516);es="Linear";ed="In";};["LeftUpperLeg"]={cf=cfr(.002,.021,.009,.971,.178,.159,-.209,.955,.21,-.114,-.237,.965);es="Linear";ed="In";};["LeftLowerArm"]={cf=cfr(0,.001,.001,1,0,0,0,.752,-.659,0,.659,.752);es="Linear";ed="In";};["RightLowerArm"]={cf=cfr(0,.001,.001,1,0,0,0,.752,-.659,0,.659,.752);es="Linear";ed="In";};["LowerTorso"]={cf=cfr(0,-.235,0,1,0,0,0,.985,.174,0,-.174,.985);es="Linear";ed="In";};["LeftHand"]={cf=cfr(0,0,0,1,0,0,0,1,0,0,0,1);es="Linear";ed="In";};["RightHand"]={cf=cfr(0,0,0,1,0,0,0,1,0,0,0,1);es="Linear";ed="In";};};{tm=.067;["RightUpperArm"]={cf=cfr(0,0,0,.679,-.527,.511,.729,.561,-.391,-.08,.638,.766);es="Linear";ed="In";};["Head"]={cf=cfr(0,-.002,0,.819,.05,-.571,-.063,.998,-.003,.57,.038,.821);es="Linear";ed="In";};["LeftUpperArm"]={cf=cfr(.001,.001,.001,.674,.425,-.604,-.732,.491,-.472,.097,.761,.642);es="Linear";ed="In";};["UpperTorso"]={cf=cfr(0,-.001,0,1,0,0,0,.995,.102,0,-.102,.995);es="Linear";ed="In";};["RightUpperLeg"]={cf=cfr(0,-.11,-.092,.955,-.223,-.194,-.037,.562,-.826,.293,.796,.529);es="Linear";ed="In";};["LeftUpperLeg"]={cf=cfr(.004,.037,.017,.971,.182,.157,-.208,.963,.17,-.121,-.198,.973);es="Linear";ed="In";};["LeftLowerArm"]={cf=cfr(0,.002,.002,1,0,0,0,.741,-.671,0,.671,.741);es="Linear";ed="In";};["RightLowerArm"]={cf=cfr(0,.002,.002,1,0,0,0,.741,-.671,0,.671,.741);es="Linear";ed="In";};["LowerTorso"]={cf=cfr(0,-.225,0,1,0,0,0,.985,.174,0,-.174,.985);es="Linear";ed="In";};["LeftHand"]={cf=cfr(0,0,0,1,0,0,0,1,0,0,0,1);es="Linear";ed="In";};["RightHand"]={cf=cfr(0,0,0,1,0,0,0,1,0,0,0,1);es="Linear";ed="In";};};{tm=.083;["RightUpperArm"]={cf=cfr(0,0,0,.679,-.53,.508,.73,.564,-.387,-.081,.633,.77);es="Linear";ed="In";};["Head"]={cf=cfr(0,-.004,0,.819,.05,-.571,-.07,.997,-.013,.569,.051,.821);es="Linear";ed="In";};["LeftUpperArm"]={cf=cfr(.001,.002,.002,.674,.433,-.598,-.732,.498,-.465,.097,.751,.653);es="Linear";ed="In";};["UpperTorso"]={cf=cfr(0,-.002,0,1,0,0,0,.994,.11,0,-.11,.994);es="Linear";ed="In";};["RightUpperLeg"]={cf=cfr(0,-.105,-.087,.955,-.222,-.195,-.033,.578,-.816,.294,.785,.545);es="Linear";ed="In";};["LeftUpperLeg"]={cf=cfr(.006,.056,.027,.97,.188,.155,-.207,.971,.12,-.128,-.148,.981);es="Linear";ed="In";};["LeftLowerArm"]={cf=cfr(0,.003,.003,1,0,0,0,.727,-.687,0,.687,.727);es="Linear";ed="In";};["RightLowerArm"]={cf=cfr(0,.003,.003,1,0,0,0,.727,-.687,0,.687,.727);es="Linear";ed="In";};["LowerTorso"]={cf=cfr(0,-.213,0,1,0,0,0,.985,.174,0,-.174,.985);es="Linear";ed="In";};["LeftHand"]={cf=cfr(0,0,0,1,0,0,0,1,0,0,0,1);es="Linear";ed="In";};["RightHand"]={cf=cfr(0,0,0,1,0,0,0,1,0,0,0,1);es="Linear";ed="In";};};{tm=.1;["RightUpperArm"]={cf=cfr(0,0,0,.679,-.534,.504,.73,.567,-.381,-.082,.627,.775);es="Linear";ed="In";};["Head"]={cf=cfr(0,-.005,-.001,.819,.05,-.571,-.078,.997,-.025,.568,.065,.82);es="Linear";ed="In";};["LeftUpperArm"]={cf=cfr(.002,.002,.003,.674,.443,-.591,-.732,.506,-.456,.097,.74,.666);es="Linear";ed="In";};["UpperTorso"]={cf=cfr(0,-.002,0,1,0,0,0,.993,.12,0,-.12,.993);es="Linear";ed="In";};["RightUpperLeg"]={cf=cfr(-.001,-.098,-.082,.955,-.221,-.197,-.027,.596,-.802,.295,.772,.563);es="Linear";ed="In";};["LeftUpperLeg"]={cf=cfr(.008,.076,.039,.969,.194,.153,-.205,.977,.058,-.138,-.087,.987);es="Linear";ed="In";};["LeftLowerArm"]={cf=cfr(0,.004,.005,1,0,0,0,.708,-.706,0,.706,.708);es="Linear";ed="In";};["RightLowerArm"]={cf=cfr(0,.004,.005,1,0,0,0,.708,-.706,0,.706,.708);es="Linear";ed="In";};["LowerTorso"]={cf=cfr(0,-.199,0,1,0,0,0,.985,.174,0,-.174,.985);es="Linear";ed="In";};["LeftHand"]={cf=cfr(0,0,0,1,0,0,0,1,0,0,0,1);es="Linear";ed="In";};["RightHand"]={cf=cfr(0,0,0,1,0,0,0,1,0,0,0,1);es="Linear";ed="In";};};{tm=.117;["RightUpperArm"]={cf=cfr(0,.001,.001,.678,-.539,.5,.73,.571,-.375,-.083,.619,.781);es="Linear";ed="In";};["Head"]={cf=cfr(0,-.006,-.001,.819,.05,-.571,-.087,.995,-.038,.567,.081,.82);es="Linear";ed="In";};["LeftUpperArm"]={cf=cfr(.002,.003,.003,.674,.456,-.581,-.732,.515,-.445,.097,.726,.681);es="Linear";ed="In";};["UpperTorso"]={cf=cfr(0,-.003,0,1,0,0,0,.991,.131,0,-.131,.991);es="Linear";ed="In";};["RightUpperLeg"]={cf=cfr(-.001,-.091,-.076,.955,-.22,-.198,-.021,.617,-.786,.295,.755,.585);es="Linear";ed="In";};["LeftUpperLeg"]={cf=cfr(.011,.098,.053,.968,.202,.149,-.202,.979,-.015,-.149,-.016,.989);es="Linear";ed="In";};["LeftLowerArm"]={cf=cfr(0,.004,.006,1,0,0,0,.686,-.727,0,.727,.686);es="Linear";ed="In";};["RightLowerArm"]={cf=cfr(0,.004,.006,1,0,0,0,.686,-.727,0,.727,.686);es="Linear";ed="In";};["LowerTorso"]={cf=cfr(0,-.183,0,1,0,0,0,.985,.174,0,-.174,.985);es="Linear";ed="In";};["LeftHand"]={cf=cfr(0,0,0,1,0,0,0,1,0,0,0,1);es="Linear";ed="In";};["RightHand"]={cf=cfr(0,0,0,1,0,0,0,1,0,0,0,1);es="Linear";ed="In";};};{tm=.133;["RightUpperArm"]={cf=cfr(0,.001,.001,.678,-.544,.494,.73,.575,-.368,-.084,.611,.787);es="Linear";ed="In";};["Head"]={cf=cfr(0,-.007,-.001,.819,.05,-.571,-.097,.994,-.052,.565,.099,.819);es="Linear";ed="In";};["LeftUpperArm"]={cf=cfr(.003,.003,.004,.674,.469,-.571,-.732,.526,-.433,.097,.71,.698);es="Linear";ed="In";};["UpperTorso"]={cf=cfr(0,-.003,.001,1,0,0,0,.99,.142,0,-.142,.99);es="Linear";ed="In";};["RightUpperLeg"]={cf=cfr(-.001,-.083,-.069,.955,-.219,-.199,-.013,.641,-.768,.296,.736,.609);es="Linear";ed="In";};["LeftUpperLeg"]={cf=cfr(.014,.12,.07,.967,.21,.144,-.197,.976,-.097,-.161,.065,.985);es="Linear";ed="In";};["LeftLowerArm"]={cf=cfr(0,.005,.007,1,0,0,0,.66,-.751,0,.751,.66);es="Linear";ed="In";};["RightLowerArm"]={cf=cfr(0,.005,.007,1,0,0,0,.66,-.751,0,.751,.66);es="Linear";ed="In";};["LowerTorso"]={cf=cfr(0,-.166,0,1,0,0,0,.985,.174,0,-.174,.985);es="Linear";ed="In";};["LeftHand"]={cf=cfr(0,0,0,1,0,0,0,1,0,0,0,1);es="Linear";ed="In";};["RightHand"]={cf=cfr(0,0,0,1,0,0,0,1,0,0,0,1);es="Linear";ed="In";};};{tm=.15;["RightUpperArm"]={cf=cfr(-.001,.001,.001,.677,-.55,.489,.731,.58,-.36,-.086,.601,.795);es="Linear";ed="In";};["Head"]={cf=cfr(0,-.007,-.001,.819,.05,-.571,-.108,.992,-.068,.563,.117,.818);es="Linear";ed="In";};["LeftUpperArm"]={cf=cfr(.003,.004,.004,.674,.484,-.558,-.732,.537,-.419,.097,.691,.717);es="Linear";ed="In";};["UpperTorso"]={cf=cfr(0,-.003,.001,1,0,0,0,.988,.154,0,-.154,.988);es="Linear";ed="In";};["RightUpperLeg"]={cf=cfr(-.001,-.074,-.063,.955,-.218,-.201,-.005,.666,-.746,.296,.713,.635);es="Linear";ed="In";};["LeftUpperLeg"]={cf=cfr(.017,.14,.088,.966,.218,.138,-.191,.963,-.188,-.174,.155,.972);es="Linear";ed="In";};["LeftLowerArm"]={cf=cfr(0,.006,.008,1,0,0,0,.629,-.777,0,.777,.629);es="Linear";ed="In";};["RightLowerArm"]={cf=cfr(0,.006,.008,1,0,0,0,.629,-.777,0,.777,.629);es="Linear";ed="In";};["LowerTorso"]={cf=cfr(0,-.147,0,1,0,0,0,.985,.174,0,-.174,.985);es="Linear";ed="In";};["LeftHand"]={cf=cfr(0,0,0,1,0,0,0,1,0,0,0,1);es="Linear";ed="In";};["RightHand"]={cf=cfr(0,0,0,1,0,0,0,1,0,0,0,1);es="Linear";ed="In";};};{tm=.167;["RightUpperArm"]={cf=cfr(-.001,.001,.001,.677,-.556,.482,.731,.585,-.351,-.087,.59,.803);es="Linear";ed="In";};["Head"]={cf=cfr(0,-.008,-.001,.819,.05,-.571,-.119,.989,-.084,.561,.136,.816);es="Linear";ed="In";};["LeftUpperArm"]={cf=cfr(.004,.004,.005,.674,.501,-.543,-.732,.549,-.402,.097,.669,.737);es="Linear";ed="In";};["UpperTorso"]={cf=cfr(0,-.004,.001,1,0,0,0,.986,.167,0,-.167,.986);es="Linear";ed="In";};["RightUpperLeg"]={cf=cfr(-.001,-.065,-.056,.955,-.216,-.203,.004,.693,-.721,.297,.687,.663);es="Linear";ed="In";};["LeftUpperLeg"]={cf=cfr(.02,.158,.106,.965,.227,.13,-.183,.941,-.286,-.187,.253,.949);es="Linear";ed="In";};["LeftLowerArm"]={cf=cfr(0,.006,.009,1,0,0,0,.593,-.805,0,.805,.593);es="Linear";ed="In";};["RightLowerArm"]={cf=cfr(0,.006,.008,1,0,0,0,.593,-.805,0,.805,.593);es="Linear";ed="In";};["LowerTorso"]={cf=cfr(0,-.128,0,1,0,0,0,.985,.174,0,-.174,.985);es="Linear";ed="In";};["LeftHand"]={cf=cfr(0,0,0,1,0,0,0,1,0,0,0,1);es="Linear";ed="In";};["RightHand"]={cf=cfr(0,0,0,1,0,0,0,1,0,0,0,1);es="Linear";ed="In";};["RightLowerLeg"]={cf=cfr(0,.017,-.011,1,-.014,0,.01,.723,.691,-.01,-.691,.723);es="Sine";ed="InOut";};["LeftLowerLeg"]={cf=cfr(0,.001,-.005,1,0,0,0,-.093,.996,0,-.996,-.093);es="Sine";ed="In";};};{tm=.183;["RightUpperArm"]={cf=cfr(-.001,.001,.001,.676,-.563,.475,.731,.591,-.341,-.089,.578,.811);es="Linear";ed="In";};["Head"]={cf=cfr(0,-.008,-.001,.819,.05,-.571,-.13,.987,-.1,.559,.156,.815);es="Linear";ed="In";};["LeftUpperArm"]={cf=cfr(.004,.004,.005,.674,.518,-.526,-.732,.562,-.384,.097,.644,.759);es="Linear";ed="In";};["UpperTorso"]={cf=cfr(0,-.004,.001,1,0,0,0,.984,.18,0,-.18,.984);es="Linear";ed="In";};["RightUpperLeg"]={cf=cfr(-.001,-.056,-.049,.955,-.215,-.205,.014,.722,-.692,.296,.658,.692);es="Linear";ed="In";};["LeftUpperLeg"]={cf=cfr(.022,.171,.125,.964,.235,.121,-.172,.905,-.389,-.201,.355,.913);es="Linear";ed="In";};["LeftLowerArm"]={cf=cfr(0,.006,.009,1,0,0,0,.553,-.833,0,.833,.553);es="Linear";ed="In";};["RightLowerArm"]={cf=cfr(0,.006,.009,1,0,0,0,.553,-.833,0,.833,.553);es="Linear";ed="In";};["LowerTorso"]={cf=cfr(0,-.109,0,1,0,0,0,.985,.174,0,-.174,.985);es="Linear";ed="In";};["LeftHand"]={cf=cfr(0,0,0,1,0,0,0,1,0,0,0,1);es="Linear";ed="In";};["RightHand"]={cf=cfr(0,0,0,1,0,0,0,1,0,0,0,1);es="Linear";ed="In";};["RightLowerLeg"]={cf=cfr(0,.018,-.012,1,-.014,0,.01,.73,.683,-.009,-.683,.73);es="Linear";ed="In";};["LeftLowerLeg"]={cf=cfr(0,.001,-.005,1,0,0,0,-.092,.996,0,-.996,-.092);es="Linear";ed="In";};};{tm=.2;["RightUpperArm"]={cf=cfr(-.001,.001,.001,.676,-.569,.468,.731,.596,-.331,-.09,.566,.819);es="Linear";ed="In";};["Head"]={cf=cfr(0,-.007,-.001,.819,.05,-.571,-.14,.983,-.115,.556,.175,.813);es="Linear";ed="In";};["LeftUpperArm"]={cf=cfr(.003,.004,.004,.674,.534,-.51,-.732,.574,-.367,.097,.621,.778);es="Linear";ed="In";};["UpperTorso"]={cf=cfr(0,-.003,.001,1,0,0,0,.981,.193,0,-.193,.981);es="Linear";ed="In";};["RightUpperLeg"]={cf=cfr(-.001,-.047,-.042,.955,-.213,-.207,.024,.75,-.66,.296,.626,.722);es="Linear";ed="In";};["LeftUpperLeg"]={cf=cfr(.024,.18,.143,.964,.243,.11,-.159,.854,-.495,-.214,.459,.862);es="Linear";ed="In";};["LeftLowerArm"]={cf=cfr(0,.005,.008,1,0,0,0,.515,-.857,0,.857,.515);es="Linear";ed="In";};["RightLowerArm"]={cf=cfr(0,.005,.008,1,0,0,0,.515,-.857,0,.857,.515);es="Linear";ed="In";};["LowerTorso"]={cf=cfr(0,-.09,0,1,0,0,0,.985,.174,0,-.174,.985);es="Linear";ed="In";};["LeftHand"]={cf=cfr(0,0,0,1,0,0,0,1,0,0,0,1);es="Linear";ed="In";};["RightHand"]={cf=cfr(0,0,0,1,0,0,0,1,0,0,0,1);es="Linear";ed="In";};["RightLowerLeg"]={cf=cfr(0,.019,-.013,1,-.013,0,.01,.75,.661,-.009,-.661,.75);es="Linear";ed="In";};["LeftLowerLeg"]={cf=cfr(0,.001,-.005,1,0,0,0,-.089,.996,0,-.996,-.089);es="Linear";ed="In";};};{tm=.217;["RightUpperArm"]={cf=cfr(0,.001,.001,.676,-.575,.462,.732,.6,-.323,-.092,.556,.826);es="Linear";ed="In";};["Head"]={cf=cfr(0,-.007,-.001,.819,.05,-.571,-.151,.98,-.13,.553,.193,.81);es="Linear";ed="In";};["LeftUpperArm"]={cf=cfr(.003,.003,.004,.674,.547,-.496,-.732,.583,-.352,.097,.6,.794);es="Linear";ed="In";};["UpperTorso"]={cf=cfr(0,-.003,.001,1,0,0,0,.979,.205,0,-.205,.979);es="Linear";ed="In";};["RightUpperLeg"]={cf=cfr(-.001,-.038,-.035,.955,-.211,-.209,.035,.78,-.625,.294,.59,.752);es="Linear";ed="In";};["LeftUpperLeg"]={cf=cfr(.026,.182,.158,.963,.25,.097,-.144,.787,-.599,-.226,.563,.795);es="Linear";ed="In";};["LeftLowerArm"]={cf=cfr(0,.005,.007,1,0,0,0,.48,-.877,0,.877,.48);es="Linear";ed="In";};["RightLowerArm"]={cf=cfr(0,.005,.007,1,0,0,0,.48,-.877,0,.877,.48);es="Linear";ed="In";};["LowerTorso"]={cf=cfr(0,-.071,0,1,0,0,0,.985,.174,0,-.174,.985);es="Linear";ed="In";};["LeftHand"]={cf=cfr(0,0,0,1,0,0,0,1,0,0,0,1);es="Linear";ed="In";};["RightHand"]={cf=cfr(0,0,0,1,0,0,0,1,0,0,0,1);es="Linear";ed="In";};["RightLowerLeg"]={cf=cfr(0,.021,-.014,1,-.012,0,.009,.78,.626,-.008,-.626,.78);es="Linear";ed="In";};["LeftLowerLeg"]={cf=cfr(0,.001,-.005,1,0,0,0,-.085,.996,0,-.996,-.085);es="Linear";ed="In";};};{tm=.233;["RightUpperArm"]={cf=cfr(0,.001,.001,.675,-.58,.456,.732,.604,-.315,-.093,.547,.832);es="Linear";ed="In";};["Head"]={cf=cfr(0,-.006,-.001,.819,.05,-.571,-.161,.976,-.145,.551,.21,.808);es="Linear";ed="In";};["LeftUpperArm"]={cf=cfr(.003,.003,.003,.674,.559,-.483,-.732,.591,-.338,.097,.581,.808);es="Linear";ed="In";};["UpperTorso"]={cf=cfr(0,-.003,.001,1,0,0,0,.976,.216,0,-.216,.976);es="Linear";ed="In";};["RightUpperLeg"]={cf=cfr(-.001,-.03,-.029,.955,-.208,-.21,.047,.808,-.587,.292,.551,.782);es="Linear";ed="In";};["LeftUpperLeg"]={cf=cfr(.027,.177,.169,.963,.256,.083,-.127,.704,-.699,-.237,.663,.71);es="Linear";ed="In";};["LeftLowerArm"]={cf=cfr(0,.004,.006,1,0,0,0,.449,-.894,0,.894,.449);es="Linear";ed="In";};["RightLowerArm"]={cf=cfr(0,.004,.006,1,0,0,0,.449,-.894,0,.894,.449);es="Linear";ed="In";};["LowerTorso"]={cf=cfr(0,-.054,0,1,0,0,0,.985,.174,0,-.174,.985);es="Linear";ed="In";};["LeftHand"]={cf=cfr(0,0,0,1,0,0,0,1,0,0,0,1);es="Linear";ed="In";};["RightHand"]={cf=cfr(0,0,0,1,0,0,0,1,0,0,0,1);es="Linear";ed="In";};["RightLowerLeg"]={cf=cfr(0,.022,-.014,1,-.01,.001,.008,.816,.578,-.006,-.578,.816);es="Linear";ed="In";};["LeftLowerLeg"]={cf=cfr(0,.001,-.005,1,0,0,0,-.078,.997,0,-.997,-.078);es="Linear";ed="In";};};{tm=.25;["RightUpperArm"]={cf=cfr(0,0,0,.675,-.584,.452,.732,.607,-.309,-.094,.539,.837);es="Linear";ed="In";};["Head"]={cf=cfr(0,-.005,-.001,.819,.05,-.571,-.169,.973,-.158,.548,.226,.805);es="Linear";ed="In";};["LeftUpperArm"]={cf=cfr(.002,.002,.002,.674,.569,-.471,-.732,.598,-.325,.097,.564,.82);es="Linear";ed="In";};["UpperTorso"]={cf=cfr(0,-.002,0,1,0,0,0,.974,.227,0,-.227,.974);es="Linear";ed="In";};["RightUpperLeg"]={cf=cfr(-.001,-.022,-.023,.955,-.206,-.212,.059,.836,-.545,.29,.508,.811);es="Linear";ed="In";};["LeftUpperLeg"]={cf=cfr(.027,.166,.174,.963,.26,.068,-.107,.603,-.79,-.246,.754,.609);es="Linear";ed="In";};["LeftLowerArm"]={cf=cfr(0,.003,.005,1,0,0,0,.421,-.907,0,.907,.421);es="Linear";ed="In";};["RightLowerArm"]={cf=cfr(.001,.003,.005,1,0,0,0,.421,-.907,0,.907,.421);es="Linear";ed="In";};["LowerTorso"]={cf=cfr(0,-.038,0,1,0,0,0,.985,.174,0,-.174,.985);es="Linear";ed="In";};["LeftHand"]={cf=cfr(0,0,0,1,0,0,0,1,0,0,0,1);es="Linear";ed="In";};["RightHand"]={cf=cfr(.001,0,0,1,0,0,0,1,0,0,0,1);es="Linear";ed="In";};["RightLowerLeg"]={cf=cfr(0,.022,-.013,1,-.008,.001,.006,.854,.521,-.005,-.521,.854);es="Linear";ed="In";};["LeftLowerLeg"]={cf=cfr(0,.001,-.004,1,0,0,0,-.07,.998,0,-.998,-.07);es="Linear";ed="In";};};{tm=.267;["RightUpperArm"]={cf=cfr(0,0,0,.675,-.587,.447,.732,.61,-.303,-.095,.532,.841);es="Linear";ed="In";};["Head"]={cf=cfr(0,-.004,-.001,.819,.05,-.571,-.177,.97,-.169,.546,.24,.803);es="Linear";ed="In";};["LeftUpperArm"]={cf=cfr(.002,.002,.002,.674,.577,-.461,-.732,.604,-.315,.097,.55,.83);es="Linear";ed="In";};["UpperTorso"]={cf=cfr(0,-.002,0,1,0,0,0,.972,.236,0,-.236,.972);es="Linear";ed="In";};["RightUpperLeg"]={cf=cfr(-.001,-.015,-.018,.955,-.203,-.214,.071,.863,-.501,.287,.463,.839);es="Linear";ed="In";};["LeftUpperLeg"]={cf=cfr(.026,.148,.171,.964,.261,.051,-.086,.487,-.869,-.252,.833,.492);es="Linear";ed="In";};["LeftLowerArm"]={cf=cfr(0,.002,.004,1,0,0,0,.397,-.918,0,.918,.397);es="Linear";ed="In";};["RightLowerArm"]={cf=cfr(.001,.002,.004,1,0,0,0,.397,-.918,0,.918,.397);es="Linear";ed="In";};["LowerTorso"]={cf=cfr(0,-.024,0,1,0,0,0,.985,.174,0,-.174,.985);es="Linear";ed="In";};["LeftHand"]={cf=cfr(0,0,0,1,0,0,0,1,0,0,0,1);es="Linear";ed="In";};["RightHand"]={cf=cfr(.001,0,0,1,0,0,0,1,0,0,0,1);es="Linear";ed="In";};["RightLowerLeg"]={cf=cfr(0,.02,-.011,1,-.006,.001,.005,.889,.459,-.004,-.459,.889);es="Linear";ed="In";};["LeftLowerLeg"]={cf=cfr(0,.001,-.004,1,0,0,0,-.061,.998,0,-.998,-.061);es="Linear";ed="In";};};{tm=.283;["RightUpperArm"]={cf=cfr(0,0,0,.674,-.59,.444,.732,.612,-.299,-.095,.527,.845);es="Linear";ed="In";};["Head"]={cf=cfr(0,-.002,0,.819,.05,-.571,-.184,.967,-.179,.543,.252,.801);es="Linear";ed="In";};["LeftUpperArm"]={cf=cfr(.001,.001,.001,.674,.583,-.453,-.732,.608,-.306,.097,.538,.837);es="Linear";ed="In";};["UpperTorso"]={cf=cfr(0,-.001,0,1,0,0,0,.97,.244,0,-.244,.97);es="Linear";ed="In";};["RightUpperLeg"]={cf=cfr(-.001,-.009,-.013,.956,-.2,-.216,.084,.888,-.453,.282,.415,.865);es="Linear";ed="In";};["LeftUpperLeg"]={cf=cfr(.023,.124,.16,.965,.261,.035,-.063,.357,-.932,-.255,.897,.361);es="Linear";ed="In";};["LeftLowerArm"]={cf=cfr(0,.001,.002,1,0,0,0,.377,-.926,0,.926,.377);es="Linear";ed="In";};["RightLowerArm"]={cf=cfr(.001,.001,.002,1,0,0,0,.377,-.926,0,.926,.377);es="Linear";ed="In";};["LowerTorso"]={cf=cfr(0,-.012,0,1,0,0,0,.985,.174,0,-.174,.985);es="Linear";ed="In";};["LeftHand"]={cf=cfr(0,0,0,1,0,0,0,1,0,0,0,1);es="Linear";ed="In";};["RightHand"]={cf=cfr(.001,0,0,1,0,0,0,1,0,0,0,1);es="Linear";ed="In";};["RightLowerLeg"]={cf=cfr(0,.016,-.009,1,-.004,.001,.003,.918,.397,-.002,-.397,.918);es="Linear";ed="In";};["LeftLowerLeg"]={cf=cfr(0,.001,-.003,1,0,0,0,-.05,.999,0,-.999,-.05);es="Linear";ed="In";};};{tm=.3;["RightUpperArm"]={cf=cfr(0,0,0,.674,-.592,.441,.732,.614,-.295,-.096,.522,.847);es="Linear";ed="In";};["Head"]={cf=cfr(0,-.001,0,.819,.05,-.571,-.189,.964,-.187,.541,.261,.799);es="Linear";ed="In";};["LeftUpperArm"]={cf=cfr(.001,.001,.001,.674,.588,-.446,-.732,.612,-.3,.097,.529,.843);es="Linear";ed="In";};["UpperTorso"]={cf=cfr(0,-.001,0,1,0,0,0,.968,.25,0,-.25,.968);es="Linear";ed="In";};["RightUpperLeg"]={cf=cfr(-.001,-.005,-.009,.956,-.197,-.218,.096,.91,-.403,.278,.364,.889);es="Linear";ed="In";};["LeftUpperLeg"]={cf=cfr(.019,.096,.138,.966,.258,.018,-.04,.216,-.976,-.255,.942,.218);es="Linear";ed="In";};["LeftLowerArm"]={cf=cfr(0,.001,.001,1,0,0,0,.362,-.932,0,.932,.362);es="Linear";ed="In";};["RightLowerArm"]={cf=cfr(.001,.001,.001,1,0,0,0,.362,-.932,0,.932,.362);es="Linear";ed="In";};["LowerTorso"]={cf=cfr(0,-.002,0,1,0,0,0,.985,.174,0,-.174,.985);es="Linear";ed="In";};["LeftHand"]={cf=cfr(0,0,0,1,0,0,0,1,0,0,0,1);es="Linear";ed="In";};["RightHand"]={cf=cfr(.001,0,0,1,0,0,0,1,0,0,0,1);es="Linear";ed="In";};["RightLowerLeg"]={cf=cfr(0,.01,-.006,1,-.002,0,.002,.94,.341,-.001,-.341,.94);es="Linear";ed="In";};["LeftLowerLeg"]={cf=cfr(0,0,-.003,1,0,0,0,-.039,.999,0,-.999,-.039);es="Linear";ed="In";};};{tm=.317;["RightUpperArm"]={cf=cfr(0,0,0,.674,-.594,.44,.732,.615,-.293,-.096,.519,.849);es="Linear";ed="In";};["Head"]={cf=cfr(0,-.001,0,.819,.05,-.571,-.193,.962,-.193,.54,.268,.798);es="Linear";ed="In";};["LeftUpperArm"]={cf=cfr(0,0,0,.674,.592,-.442,-.732,.614,-.295,.097,.522,.847);es="Linear";ed="In";};["UpperTorso"]={cf=cfr(0,0,0,1,0,0,0,.967,.255,0,-.255,.967);es="Linear";ed="In";};["RightUpperLeg"]={cf=cfr(-.001,-.002,-.006,.956,-.194,-.219,.109,.93,-.351,.272,.312,.91);es="Linear";ed="In";};["LeftUpperLeg"]={cf=cfr(.014,.065,.104,.968,.252,.001,-.016,.067,-.998,-.252,.965,.069);es="Linear";ed="In";};["LeftLowerArm"]={cf=cfr(0,0,.001,1,0,0,0,.351,-.936,0,.936,.351);es="Linear";ed="In";};["RightLowerArm"]={cf=cfr(.001,0,.001,1,0,0,0,.351,-.936,0,.936,.351);es="Linear";ed="In";};["LowerTorso"]={cf=cfr(0,.005,0,1,0,0,0,.985,.174,0,-.174,.985);es="Linear";ed="In";};["LeftHand"]={cf=cfr(0,0,0,1,0,0,0,1,0,0,0,1);es="Linear";ed="In";};["RightHand"]={cf=cfr(.001,0,0,1,0,0,0,1,0,0,0,1);es="Linear";ed="In";};["RightLowerLeg"]={cf=cfr(0,.005,-.003,1,-.001,0,.001,.955,.297,-.001,-.297,.955);es="Linear";ed="In";};["LeftLowerLeg"]={cf=cfr(0,0,-.002,1,0,0,0,-.026,1,0,-1,-.026);es="Linear";ed="In";};};{tm=.333;["RightUpperArm"]={cf=cfr(0,0,0,.674,-.594,.438,.732,.616,-.291,-.097,.517,.85);es="Linear";ed="In";};["Head"]={cf=cfr(0,0,0,.819,.05,-.571,-.195,.961,-.196,.539,.272,.797);es="Linear";ed="In";};["LeftUpperArm"]={cf=cfr(0,0,0,.674,.594,-.439,-.732,.615,-.292,.097,.518,.85);es="Linear";ed="In";};["UpperTorso"]={cf=cfr(0,0,0,1,0,0,0,.966,.258,0,-.258,.966);es="Linear";ed="In";};["RightUpperLeg"]={cf=cfr(0,0,-.003,.957,-.191,-.22,.121,.947,-.297,.265,.257,.929);es="Linear";ed="In";};["LeftUpperLeg"]={cf=cfr(.008,.032,.058,.97,.244,-.015,.007,-.086,-.996,-.244,.966,-.085);es="Linear";ed="In";};["LeftLowerArm"]={cf=cfr(0,0,0,1,0,0,0,.344,-.939,0,.939,.344);es="Linear";ed="In";};["RightLowerArm"]={cf=cfr(.001,0,0,1,0,0,0,.344,-.939,0,.939,.344);es="Linear";ed="In";};["LowerTorso"]={cf=cfr(0,.01,0,1,0,0,0,.985,.174,0,-.174,.985);es="Linear";ed="In";};["LeftHand"]={cf=cfr(0,0,0,1,0,0,0,1,0,0,0,1);es="Linear";ed="In";};["RightHand"]={cf=cfr(.001,0,0,1,0,0,0,1,0,0,0,1);es="Linear";ed="In";};["RightLowerLeg"]={cf=cfr(0,.001,-.001,1,0,0,0,.963,.269,0,-.269,.963);es="Linear";ed="In";};["LeftLowerLeg"]={cf=cfr(0,0,-.001,1,0,0,0,-.013,1,0,-1,-.013);es="Linear";ed="In";};};{tm=.35;["LeftUpperArm"]={cf=cfr(0,0,0,.674,.595,-.438,-.732,.616,-.291,.097,.517,.851);es="Quad";ed="InOut";};["Head"]={cf=cfr(0,0,0,.819,.05,-.571,-.196,.961,-.197,.539,.274,.797);es="Sine";ed="InOut";};["RightUpperArm"]={cf=cfr(0,0,0,.674,-.595,.438,.732,.616,-.291,-.097,.517,.851);es="Quad";ed="InOut";};["LeftUpperLeg"]={cf=cfr(0,0,0,.972,.233,-.029,.028,-.237,-.971,-.233,.943,-.237);es="Sine";ed="Out";};["RightUpperLeg"]={cf=cfr(0,0,0,.957,-.188,-.221,.133,.961,-.242,.258,.202,.945);es="Linear";ed="In";};["UpperTorso"]={cf=cfr(0,0,0,1,0,0,0,.966,.259,0,-.259,.966);es="Sine";ed="InOut";};["LeftLowerArm"]={cf=cfr(0,0,0,1,0,0,0,.342,-.94,0,.94,.342);es="Quad";ed="InOut";};["LeftLowerLeg"]={cf=cfr(0,0,0,1,0,0,0,0,1,0,-1,0);es="Sine";ed="Out";};["RightLowerArm"]={cf=cfr(.001,0,0,1,0,0,0,.342,-.94,0,.94,.342);es="Quad";ed="InOut";};["LowerTorso"]={cf=cfr(0,.011,0,1,0,0,0,.985,.174,0,-.174,.985);es="Sine";ed="InOut";};["RightLowerLeg"]={cf=cfr(0,0,0,1,0,0,0,.966,.259,0,-.259,.966);es="Linear";ed="In";};["LeftHand"]={cf=cfr(0,0,0,1,0,0,0,1,0,0,0,1);es="Quad";ed="InOut";};["RightHand"]={cf=cfr(.001,0,0,1,0,0,0,1,0,0,0,1);es="Quad";ed="InOut";};};{tm=.367;["RightUpperArm"]={cf=cfr(0,0,0,.674,-.594,.438,.732,.616,-.291,-.097,.517,.85);es="Linear";ed="In";};["Head"]={cf=cfr(0,0,0,.819,.05,-.571,-.195,.961,-.196,.539,.272,.797);es="Linear";ed="In";};["LeftUpperArm"]={cf=cfr(0,0,0,.674,.594,-.439,-.732,.615,-.292,.097,.518,.85);es="Linear";ed="In";};["UpperTorso"]={cf=cfr(0,0,0,1,0,0,0,.966,.258,0,-.258,.966);es="Linear";ed="In";};["LeftUpperLeg"]={cf=cfr(.005,-.027,.002,.97,.242,0,.033,-.134,-.99,-.24,.961,-.138);es="Linear";ed="In";};["LeftLowerArm"]={cf=cfr(0,0,0,1,0,0,0,.344,-.939,0,.939,.344);es="Linear";ed="In";};["LeftLowerLeg"]={cf=cfr(0,.003,-.012,1,.003,.001,-.001,.091,.996,.003,-.996,.091);es="Linear";ed="In";};["RightLowerArm"]={cf=cfr(.001,0,0,1,0,0,0,.344,-.939,0,.939,.344);es="Linear";ed="In";};["LowerTorso"]={cf=cfr(0,.01,0,1,0,0,0,.985,.174,0,-.174,.985);es="Linear";ed="In";};["LeftHand"]={cf=cfr(0,0,0,1,0,0,0,1,0,0,0,1);es="Linear";ed="In";};["RightHand"]={cf=cfr(.001,0,0,1,0,0,0,1,0,0,0,1);es="Linear";ed="In";};};{tm=.383;["RightUpperArm"]={cf=cfr(0,0,0,.674,-.594,.44,.732,.615,-.293,-.096,.519,.849);es="Linear";ed="In";};["Head"]={cf=cfr(0,-.001,0,.819,.05,-.571,-.193,.962,-.193,.54,.268,.798);es="Linear";ed="In";};["LeftUpperArm"]={cf=cfr(0,0,0,.674,.592,-.442,-.732,.614,-.295,.097,.522,.847);es="Linear";ed="In";};["UpperTorso"]={cf=cfr(0,0,0,1,0,0,0,.967,.255,0,-.255,.967);es="Linear";ed="In";};["LeftUpperLeg"]={cf=cfr(.009,-.054,-.001,.968,.248,.028,.037,-.032,-.999,-.247,.968,-.04);es="Linear";ed="In";};["LeftLowerArm"]={cf=cfr(0,0,.001,1,0,0,0,.351,-.936,0,.936,.351);es="Linear";ed="In";};["LeftLowerLeg"]={cf=cfr(0,.006,-.02,1,.007,.002,-.003,.181,.984,.006,-.984,.181);es="Linear";ed="In";};["RightLowerArm"]={cf=cfr(.001,0,.001,1,0,0,0,.351,-.936,0,.936,.351);es="Linear";ed="In";};["LowerTorso"]={cf=cfr(0,.005,0,1,0,0,0,.985,.174,0,-.174,.985);es="Linear";ed="In";};["LeftHand"]={cf=cfr(0,0,0,1,0,0,0,1,0,0,0,1);es="Linear";ed="In";};["RightHand"]={cf=cfr(.001,0,0,1,0,0,0,1,0,0,0,1);es="Linear";ed="In";};};{tm=.4;["RightUpperArm"]={cf=cfr(0,0,0,.674,-.592,.441,.732,.614,-.295,-.096,.522,.847);es="Linear";ed="In";};["Head"]={cf=cfr(0,-.001,0,.819,.05,-.571,-.189,.964,-.187,.541,.261,.799);es="Linear";ed="In";};["LeftUpperArm"]={cf=cfr(.001,.001,.001,.674,.588,-.446,-.732,.612,-.3,.097,.529,.843);es="Linear";ed="In";};["UpperTorso"]={cf=cfr(0,-.001,0,1,0,0,0,.968,.25,0,-.25,.968);es="Linear";ed="In";};["LeftUpperLeg"]={cf=cfr(.011,-.079,-.009,.966,.251,.056,.041,.068,-.997,-.254,.966,.055);es="Linear";ed="In";};["LeftLowerArm"]={cf=cfr(0,.001,.001,1,0,0,0,.362,-.932,0,.932,.362);es="Linear";ed="In";};["LeftLowerLeg"]={cf=cfr(0,.008,-.025,1,.01,.002,-.004,.265,.964,.009,-.964,.265);es="Linear";ed="In";};["RightLowerArm"]={cf=cfr(.001,.001,.001,1,0,0,0,.362,-.932,0,.932,.362);es="Linear";ed="In";};["LowerTorso"]={cf=cfr(0,-.002,0,1,0,0,0,.985,.174,0,-.174,.985);es="Linear";ed="In";};["LeftHand"]={cf=cfr(0,0,0,1,0,0,0,1,0,0,0,1);es="Linear";ed="In";};["RightHand"]={cf=cfr(.001,0,0,1,0,0,0,1,0,0,0,1);es="Linear";ed="In";};};{tm=.417;["RightUpperArm"]={cf=cfr(0,0,0,.674,-.59,.444,.732,.612,-.299,-.095,.527,.845);es="Linear";ed="In";};["Head"]={cf=cfr(0,-.002,0,.819,.05,-.571,-.184,.967,-.179,.543,.252,.801);es="Linear";ed="In";};["LeftUpperArm"]={cf=cfr(.001,.001,.001,.674,.583,-.453,-.732,.608,-.306,.097,.538,.837);es="Linear";ed="In";};["UpperTorso"]={cf=cfr(0,-.001,0,1,0,0,0,.97,.244,0,-.244,.97);es="Linear";ed="In";};["LeftUpperLeg"]={cf=cfr(.011,-.103,-.021,.964,.251,.083,.043,.161,-.986,-.261,.954,.145);es="Linear";ed="In";};["LeftLowerArm"]={cf=cfr(0,.001,.002,1,0,0,0,.377,-.926,0,.926,.377);es="Linear";ed="In";};["LeftLowerLeg"]={cf=cfr(0,.009,-.026,1,.013,.002,-.006,.344,.939,.012,-.939,.344);es="Linear";ed="In";};["RightLowerArm"]={cf=cfr(.001,.001,.002,1,0,0,0,.377,-.926,0,.926,.377);es="Linear";ed="In";};["LowerTorso"]={cf=cfr(0,-.012,0,1,0,0,0,.985,.174,0,-.174,.985);es="Linear";ed="In";};["LeftHand"]={cf=cfr(0,0,0,1,0,0,0,1,0,0,0,1);es="Linear";ed="In";};["RightHand"]={cf=cfr(.001,0,0,1,0,0,0,1,0,0,0,1);es="Linear";ed="In";};};{tm=.433;["RightUpperArm"]={cf=cfr(0,0,0,.675,-.587,.447,.732,.61,-.303,-.095,.532,.841);es="Linear";ed="In";};["Head"]={cf=cfr(0,-.004,-.001,.819,.05,-.571,-.177,.97,-.169,.546,.24,.803);es="Linear";ed="In";};["LeftUpperArm"]={cf=cfr(.002,.002,.002,.674,.577,-.461,-.732,.604,-.315,.097,.55,.83);es="Linear";ed="In";};["UpperTorso"]={cf=cfr(0,-.002,0,1,0,0,0,.972,.236,0,-.236,.972);es="Linear";ed="In";};["LeftUpperLeg"]={cf=cfr(.011,-.126,-.036,.963,.249,.108,.045,.247,-.968,-.267,.937,.226);es="Linear";ed="In";};["LeftLowerArm"]={cf=cfr(0,.002,.004,1,0,0,0,.397,-.918,0,.918,.397);es="Linear";ed="In";};["LeftLowerLeg"]={cf=cfr(0,.01,-.025,1,.016,.002,-.008,.414,.91,.014,-.91,.414);es="Linear";ed="In";};["RightLowerArm"]={cf=cfr(.001,.002,.004,1,0,0,0,.397,-.918,0,.918,.397);es="Linear";ed="In";};["LowerTorso"]={cf=cfr(0,-.024,0,1,0,0,0,.985,.174,0,-.174,.985);es="Linear";ed="In";};["LeftHand"]={cf=cfr(0,0,0,1,0,0,0,1,0,0,0,1);es="Linear";ed="In";};["RightHand"]={cf=cfr(.001,0,0,1,0,0,0,1,0,0,0,1);es="Linear";ed="In";};};{tm=.45;["RightUpperArm"]={cf=cfr(0,0,0,.675,-.584,.452,.732,.607,-.309,-.094,.539,.837);es="Linear";ed="In";};["Head"]={cf=cfr(0,-.005,-.001,.819,.05,-.571,-.169,.973,-.158,.548,.226,.805);es="Linear";ed="In";};["LeftUpperArm"]={cf=cfr(.002,.002,.002,.674,.569,-.471,-.732,.598,-.325,.097,.564,.82);es="Linear";ed="In";};["UpperTorso"]={cf=cfr(0,-.002,0,1,0,0,0,.974,.227,0,-.227,.974);es="Linear";ed="In";};["LeftUpperLeg"]={cf=cfr(.009,-.148,-.052,.961,.245,.13,.045,.322,-.946,-.274,.914,.298);es="Linear";ed="In";};["LeftLowerArm"]={cf=cfr(0,.003,.005,1,0,0,0,.421,-.907,0,.907,.421);es="Linear";ed="In";};["LeftLowerLeg"]={cf=cfr(0,.009,-.021,1,.018,.001,-.01,.476,.879,.016,-.879,.476);es="Linear";ed="In";};["RightLowerArm"]={cf=cfr(.001,.003,.005,1,0,0,0,.421,-.907,0,.907,.421);es="Linear";ed="In";};["LowerTorso"]={cf=cfr(0,-.038,0,1,0,0,0,.985,.174,0,-.174,.985);es="Linear";ed="In";};["LeftHand"]={cf=cfr(0,0,0,1,0,0,0,1,0,0,0,1);es="Linear";ed="In";};["RightHand"]={cf=cfr(.001,0,0,1,0,0,0,1,0,0,0,1);es="Linear";ed="In";};};{tm=.467;["RightUpperArm"]={cf=cfr(0,.001,.001,.675,-.58,.456,.732,.604,-.315,-.093,.547,.832);es="Linear";ed="In";};["Head"]={cf=cfr(0,-.006,-.001,.819,.05,-.571,-.161,.976,-.145,.551,.21,.808);es="Linear";ed="In";};["LeftUpperArm"]={cf=cfr(.003,.003,.003,.674,.559,-.483,-.732,.591,-.338,.097,.581,.808);es="Linear";ed="In";};["UpperTorso"]={cf=cfr(0,-.003,.001,1,0,0,0,.976,.216,0,-.216,.976);es="Linear";ed="In";};["LeftUpperLeg"]={cf=cfr(.007,-.167,-.069,.959,.24,.149,.046,.387,-.921,-.279,.89,.36);es="Linear";ed="In";};["LeftLowerArm"]={cf=cfr(0,.004,.006,1,0,0,0,.449,-.894,0,.894,.449);es="Linear";ed="In";};["LeftLowerLeg"]={cf=cfr(0,.007,-.017,1,.021,.001,-.012,.528,.849,.017,-.849,.529);es="Linear";ed="In";};["RightLowerArm"]={cf=cfr(0,.004,.006,1,0,0,0,.449,-.894,0,.894,.449);es="Linear";ed="In";};["LowerTorso"]={cf=cfr(0,-.054,0,1,0,0,0,.985,.174,0,-.174,.985);es="Linear";ed="In";};["LeftHand"]={cf=cfr(0,0,0,1,0,0,0,1,0,0,0,1);es="Linear";ed="In";};["RightHand"]={cf=cfr(0,0,0,1,0,0,0,1,0,0,0,1);es="Linear";ed="In";};};{tm=.483;["RightUpperArm"]={cf=cfr(0,.001,.001,.676,-.575,.462,.732,.6,-.323,-.092,.556,.826);es="Linear";ed="In";};["Head"]={cf=cfr(0,-.007,-.001,.819,.05,-.571,-.151,.98,-.13,.553,.193,.81);es="Linear";ed="In";};["LeftUpperArm"]={cf=cfr(.003,.003,.004,.674,.547,-.496,-.732,.583,-.352,.097,.6,.794);es="Linear";ed="In";};["UpperTorso"]={cf=cfr(0,-.003,.001,1,0,0,0,.979,.205,0,-.205,.979);es="Linear";ed="In";};["LeftUpperLeg"]={cf=cfr(.005,-.185,-.085,.958,.235,.164,.046,.44,-.897,-.283,.867,.411);es="Linear";ed="In";};["LeftLowerArm"]={cf=cfr(0,.005,.007,1,0,0,0,.48,-.877,0,.877,.48);es="Linear";ed="In";};["LeftLowerLeg"]={cf=cfr(0,.005,-.012,1,.022,0,-.013,.571,.821,.018,-.821,.571);es="Linear";ed="In";};["RightLowerArm"]={cf=cfr(0,.005,.007,1,0,0,0,.48,-.877,0,.877,.48);es="Linear";ed="In";};["LowerTorso"]={cf=cfr(0,-.071,0,1,0,0,0,.985,.174,0,-.174,.985);es="Linear";ed="In";};["LeftHand"]={cf=cfr(0,0,0,1,0,0,0,1,0,0,0,1);es="Linear";ed="In";};["RightHand"]={cf=cfr(0,0,0,1,0,0,0,1,0,0,0,1);es="Linear";ed="In";};};{tm=.5;["RightUpperArm"]={cf=cfr(-.001,.001,.001,.676,-.569,.468,.731,.596,-.331,-.09,.566,.819);es="Linear";ed="In";};["Head"]={cf=cfr(0,-.007,-.001,.819,.05,-.571,-.14,.983,-.115,.556,.175,.813);es="Linear";ed="In";};["LeftUpperArm"]={cf=cfr(.003,.004,.004,.674,.534,-.51,-.732,.574,-.367,.097,.621,.778);es="Linear";ed="In";};["UpperTorso"]={cf=cfr(0,-.003,.001,1,0,0,0,.981,.193,0,-.193,.981);es="Linear";ed="In";};["LeftUpperLeg"]={cf=cfr(.003,-.199,-.098,.957,.231,.177,.046,.481,-.875,-.287,.846,.45);es="Linear";ed="In";};["LeftLowerArm"]={cf=cfr(0,.005,.008,1,0,0,0,.515,-.857,0,.857,.515);es="Linear";ed="In";};["LeftLowerLeg"]={cf=cfr(0,.003,-.007,1,.024,0,-.014,.604,.797,.019,-.797,.604);es="Linear";ed="In";};["RightLowerArm"]={cf=cfr(0,.005,.008,1,0,0,0,.515,-.857,0,.857,.515);es="Linear";ed="In";};["LowerTorso"]={cf=cfr(0,-.09,0,1,0,0,0,.985,.174,0,-.174,.985);es="Linear";ed="In";};["LeftHand"]={cf=cfr(0,0,0,1,0,0,0,1,0,0,0,1);es="Linear";ed="In";};["RightHand"]={cf=cfr(0,0,0,1,0,0,0,1,0,0,0,1);es="Linear";ed="In";};};{tm=.517;["RightUpperArm"]={cf=cfr(-.001,.001,.001,.676,-.563,.475,.731,.591,-.341,-.089,.578,.811);es="Linear";ed="In";};["Head"]={cf=cfr(0,-.008,-.001,.819,.05,-.571,-.13,.987,-.1,.559,.156,.815);es="Linear";ed="In";};["LeftUpperArm"]={cf=cfr(.004,.004,.005,.674,.518,-.526,-.732,.562,-.384,.097,.644,.759);es="Linear";ed="In";};["UpperTorso"]={cf=cfr(0,-.004,.001,1,0,0,0,.984,.18,0,-.18,.984);es="Linear";ed="In";};["LeftUpperLeg"]={cf=cfr(.001,-.21,-.109,.956,.227,.186,.045,.511,-.859,-.29,.829,.478);es="Linear";ed="In";};["LeftLowerArm"]={cf=cfr(0,.006,.009,1,0,0,0,.553,-.833,0,.833,.553);es="Linear";ed="In";};["LeftLowerLeg"]={cf=cfr(0,.001,-.003,1,.025,-.001,-.015,.627,.779,.02,-.779,.627);es="Linear";ed="In";};["RightLowerArm"]={cf=cfr(0,.006,.009,1,0,0,0,.553,-.833,0,.833,.553);es="Linear";ed="In";};["LowerTorso"]={cf=cfr(0,-.109,0,1,0,0,0,.985,.174,0,-.174,.985);es="Linear";ed="In";};["LeftHand"]={cf=cfr(0,0,0,1,0,0,0,1,0,0,0,1);es="Linear";ed="In";};["RightHand"]={cf=cfr(0,0,0,1,0,0,0,1,0,0,0,1);es="Linear";ed="In";};};{tm=.533;["RightUpperArm"]={cf=cfr(-.001,.001,.001,.677,-.556,.482,.731,.585,-.351,-.087,.59,.803);es="Linear";ed="In";};["Head"]={cf=cfr(0,-.008,-.001,.819,.05,-.571,-.119,.989,-.084,.561,.136,.816);es="Linear";ed="In";};["LeftUpperArm"]={cf=cfr(.004,.004,.005,.674,.501,-.543,-.732,.549,-.402,.097,.669,.737);es="Linear";ed="In";};["UpperTorso"]={cf=cfr(0,-.004,.001,1,0,0,0,.986,.167,0,-.167,.986);es="Linear";ed="In";};["LeftUpperLeg"]={cf=cfr(0,-.217,-.115,.956,.225,.191,.045,.528,-.848,-.291,.819,.495);es="Linear";ed="In";};["LeftLowerArm"]={cf=cfr(0,.006,.009,1,0,0,0,.593,-.805,0,.805,.593);es="Linear";ed="In";};["LeftLowerLeg"]={cf=cfr(0,0,-.001,1,.026,-.001,-.016,.641,.767,.02,-.767,.641);es="Linear";ed="In";};["RightLowerArm"]={cf=cfr(0,.006,.008,1,0,0,0,.593,-.805,0,.805,.593);es="Linear";ed="In";};["LowerTorso"]={cf=cfr(0,-.128,0,1,0,0,0,.985,.174,0,-.174,.985);es="Linear";ed="In";};["LeftHand"]={cf=cfr(0,0,0,1,0,0,0,1,0,0,0,1);es="Linear";ed="In";};["RightHand"]={cf=cfr(0,0,0,1,0,0,0,1,0,0,0,1);es="Linear";ed="In";};};{tm=.55;["RightUpperArm"]={cf=cfr(-.001,.001,.001,.677,-.55,.489,.731,.58,-.36,-.086,.601,.795);es="Linear";ed="In";};["Head"]={cf=cfr(0,-.007,-.001,.819,.05,-.571,-.108,.992,-.068,.563,.117,.818);es="Linear";ed="In";};["LeftUpperArm"]={cf=cfr(.003,.004,.004,.674,.484,-.558,-.732,.537,-.419,.097,.691,.717);es="Linear";ed="In";};["LeftLowerArm"]={cf=cfr(0,.006,.008,1,0,0,0,.629,-.777,0,.777,.629);es="Linear";ed="In";};["RightLowerArm"]={cf=cfr(0,.006,.008,1,0,0,0,.629,-.777,0,.777,.629);es="Linear";ed="In";};["LowerTorso"]={cf=cfr(0,-.147,0,1,0,0,0,.985,.174,0,-.174,.985);es="Linear";ed="In";};["LeftHand"]={cf=cfr(0,0,0,1,0,0,0,1,0,0,0,1);es="Linear";ed="In";};["RightHand"]={cf=cfr(0,0,0,1,0,0,0,1,0,0,0,1);es="Linear";ed="In";};["RightFoot"]={cf=cfr(0,0,0,1,0,0,0,1,0,0,0,1);es="Linear";ed="In";};["RightLowerLeg"]={cf=cfr(0,0,0,1,0,0,0,.5,.866,0,-.866,.5);es="Linear";ed="In";};["UpperTorso"]={cf=cfr(0,-.003,.001,1,0,0,0,.988,.154,0,-.154,.988);es="Linear";ed="In";};["LeftUpperLeg"]={cf=cfr(0,-.219,-.118,.955,.224,.193,.045,.534,-.844,-.292,.815,.5);es="Sine";ed="In";};["RightUpperLeg"]={cf=cfr(0,0,0,.972,-.172,-.16,.21,.943,.26,.106,-.286,.952);es="Sine";ed="In";};["LeftFoot"]={cf=cfr(0,0,0,1,0,0,0,1,0,0,0,1);es="Linear";ed="In";};["LeftLowerLeg"]={cf=cfr(0,0,0,1,.026,-.001,-.016,.646,.764,.02,-.763,.646);es="Linear";ed="In";};};{tm=.567;["RightUpperArm"]={cf=cfr(0,.001,.001,.678,-.544,.494,.73,.575,-.368,-.084,.611,.787);es="Linear";ed="In";};["Head"]={cf=cfr(0,-.007,-.001,.819,.05,-.571,-.097,.994,-.052,.565,.099,.819);es="Linear";ed="In";};["LeftUpperArm"]={cf=cfr(.003,.003,.004,.674,.469,-.571,-.732,.526,-.433,.097,.71,.698);es="Linear";ed="In";};["UpperTorso"]={cf=cfr(0,-.003,.001,1,0,0,0,.99,.142,0,-.142,.99);es="Linear";ed="In";};["RightUpperLeg"]={cf=cfr(0,.003,.001,.972,-.173,-.16,.209,.944,.253,.107,-.28,.954);es="Linear";ed="In";};["LeftUpperLeg"]={cf=cfr(0,-.218,-.117,.955,.224,.193,.045,.536,-.843,-.292,.814,.502);es="Linear";ed="In";};["LeftLowerArm"]={cf=cfr(0,.005,.007,1,0,0,0,.66,-.751,0,.751,.66);es="Linear";ed="In";};["RightLowerArm"]={cf=cfr(0,.005,.007,1,0,0,0,.66,-.751,0,.751,.66);es="Linear";ed="In";};["LowerTorso"]={cf=cfr(0,-.166,0,1,0,0,0,.985,.174,0,-.174,.985);es="Linear";ed="In";};["LeftHand"]={cf=cfr(0,0,0,1,0,0,0,1,0,0,0,1);es="Linear";ed="In";};["RightHand"]={cf=cfr(0,0,0,1,0,0,0,1,0,0,0,1);es="Linear";ed="In";};};{tm=.583;["RightUpperArm"]={cf=cfr(0,.001,.001,.678,-.539,.5,.73,.571,-.375,-.083,.619,.781);es="Linear";ed="In";};["Head"]={cf=cfr(0,-.006,-.001,.819,.05,-.571,-.087,.995,-.038,.567,.081,.82);es="Linear";ed="In";};["LeftUpperArm"]={cf=cfr(.002,.003,.003,.674,.456,-.581,-.732,.515,-.445,.097,.726,.681);es="Linear";ed="In";};["UpperTorso"]={cf=cfr(0,-.003,0,1,0,0,0,.991,.131,0,-.131,.991);es="Linear";ed="In";};["RightUpperLeg"]={cf=cfr(-.001,.012,.005,.972,-.175,-.159,.209,.95,.233,.111,-.259,.959);es="Linear";ed="In";};["LeftUpperLeg"]={cf=cfr(0,-.214,-.115,.955,.223,.193,.043,.543,-.839,-.292,.81,.509);es="Linear";ed="In";};["LeftLowerArm"]={cf=cfr(0,.004,.006,1,0,0,0,.686,-.727,0,.727,.686);es="Linear";ed="In";};["RightLowerArm"]={cf=cfr(0,.004,.006,1,0,0,0,.686,-.727,0,.727,.686);es="Linear";ed="In";};["LowerTorso"]={cf=cfr(0,-.183,0,1,0,0,0,.985,.174