local cfr = CFrame.new

return {{tm=0;["RootNode"]={cf=cfr(0,0,0,-1,0,0,0,1,0,0,0,-1);es="Linear";ed="In";};["root"]={cf=cfr(0,2.087,-.31,0,0,1,0,1,0,-1,0,0);es="Linear";ed="In";};["000-offset"]={cf=cfr(0,0,0,-.41,.768,.492,-.906,-.28,-.318,-.106,-.576,.811);es="Linear";ed="In";};["004-offset.001"]={cf=cfr(0,0,0,-.015,-1,0,1,-.015,0,0,0,1);es="Linear";ed="In";};["006-offset"]={cf=cfr(0,0,0,-.015,-1,0,1,-.015,0,0,0,1);es="Linear";ed="In";};["000-offset.009"]={cf=cfr(0,0,0,-.847,-.532,-.001,.515,-.82,.249,-.133,.211,.968);es="Linear";ed="In";};["000-offset.012"]={cf=cfr(0,0,0,.046,-.985,-.167,.906,-.029,.422,-.421,-.171,.891);es="Linear";ed="In";};["000-offset.001"]={cf=cfr(0,0,0,.799,.513,-.314,-.326,.808,.491,.505,-.29,.813);es="Linear";ed="In";};["000-offset.010"]={cf=cfr(0,0,0,.43,.903,0,-.903,.43,0,0,0,1);es="Linear";ed="In";};["000-offset.013"]={cf=cfr(0,0,0,-.03,1,0,-1,-.03,0,0,0,1);es="Linear";ed="In";};["004-offset"]={cf=cfr(0,0,0,.035,-.999,0,.999,.035,0,0,0,1);es="Linear";ed="In";};["002-offset"]={cf=cfr(0,0,0,.035,-.999,0,.999,.035,0,0,0,1);es="Linear";ed="In";};["000-offset.002"]={cf=cfr(0,0,0,.943,-.19,.274,.331,.436,-.837,.04,.88,.474);es="Linear";ed="In";};["000-offset.011"]={cf=cfr(0,0,0,-.031,-.994,.1,1,-.031,.004,-.001,.1,.995);es="Linear";ed="In";};["000-offset.014"]={cf=cfr(0,0,0,.18,-.984,-.005,.984,.18,-.019,.02,-.001,1);es="Linear";ed="In";};["000-offset.006"]={cf=cfr(0,0,0,.417,-.396,-.818,.134,-.863,.486,-.899,-.313,-.307);es="Linear";ed="In";};["000-offset.003"]={cf=cfr(0,0,0,-.365,-.843,-.396,.454,.21,-.866,.813,-.496,.306);es="Linear";ed="In";};["000-offset.007"]={cf=cfr(0,0,0,.916,-.401,0,.401,.916,0,0,0,1);es="Linear";ed="In";};["000-offset.004"]={cf=cfr(0,0,0,.566,-.824,0,.824,.566,0,0,0,1);es="Linear";ed="In";};["000-offset.008"]={cf=cfr(0,0,0,.746,-.663,-.06,.588,.614,.527,-.313,-.428,.848);es="Linear";ed="In";};["000-offset.005"]={cf=cfr(0,0,0,.887,-.438,-.146,.433,.899,-.063,.159,-.007,.987);es="Linear";ed="In";};};{tm=.043;["root"]={cf=cfr(-.141,2.326,-.423,0,0,1,0,1,0,-1,0,0);es="Linear";ed="In";};["000-offset"]={cf=cfr(0,0,0,-.559,.708,.432,-.829,-.495,-.262,.028,-.504,.863);es="Linear";ed="In";};["000-offset.009"]={cf=cfr(0,0,0,-.853,-.521,.023,.509,-.822,.255,-.114,.229,.967);es="Linear";ed="In";};["000-offset.012"]={cf=cfr(0,0,0,.033,-.982,-.185,.907,-.048,.419,-.421,-.181,.889);es="Linear";ed="In";};["000-offset.001"]={cf=cfr(0,0,0,.8,.544,-.253,-.404,.8,.443,.443,-.252,.86);es="Linear";ed="In";};["000-offset.010"]={cf=cfr(0,0,0,.615,.788,0,-.788,.615,0,0,0,1);es="Linear";ed="In";};["000-offset.013"]={cf=cfr(0,0,0,-.036,.999,0,-.999,-.036,0,0,0,1);es="Linear";ed="In";};["000-offset.002"]={cf=cfr(0,0,0,.859,-.439,.263,.441,.375,-.815,.259,.817,.516);es="Linear";ed="In";};["000-offset.011"]={cf=cfr(0,0,0,-.04,-.997,.073,.999,-.039,.016,-.013,.074,.997);es="Linear";ed="In";};["000-offset.014"]={cf=cfr(0,0,0,.168,-.986,-.005,.986,.168,-.019,.02,-.001,1);es="Linear";ed="In";};["000-offset.006"]={cf=cfr(0,0,0,.403,-.53,-.747,-.044,-.826,.562,-.914,-.194,-.356);es="Linear";ed="In";};["000-offset.003"]={cf=cfr(0,0,0,.513,-.79,-.334,.073,.429,-.901,.855,.438,.278);es="Linear";ed="In";};["000-offset.007"]={cf=cfr(0,0,0,.915,-.403,0,.403,.915,0,0,0,1);es="Linear";ed="In";};["000-offset.004"]={cf=cfr(0,0,0,.377,-.926,0,.926,.377,0,0,0,1);es="Linear";ed="In";};["000-offset.008"]={cf=cfr(0,0,0,.555,-.8,.228,.694,.597,.404,-.459,-.066,.886);es="Linear";ed="In";};["000-offset.005"]={cf=cfr(0,0,0,.888,-.438,-.143,.432,.899,-.07,.159,0,.987);es="Linear";ed="In";};};{tm=.085;["root"]={cf=cfr(-.211,2.383,-.479,0,0,1,0,1,0,-1,0,0);es="Linear";ed="In";};["000-offset"]={cf=cfr(0,0,0,-.512,.752,.416,-.858,-.468,-.211,.036,-.465,.885);es="Linear";ed="In";};["000-offset.009"]={cf=cfr(0,0,0,-.713,-.689,.131,.698,-.678,.229,-.069,.254,.965);es="Linear";ed="In";};["000-offset.012"]={cf=cfr(0,0,0,-.001,-.973,-.23,.907,-.098,.409,-.42,-.208,.883);es="Linear";ed="In";};["000-offset.001"]={cf=cfr(0,0,0,.755,.655,-.009,-.565,.658,.498,.332,-.371,.867);es="Linear";ed="In";};["000-offset.010"]={cf=cfr(0,0,0,.7,.714,0,-.714,.7,0,0,0,1);es="Linear";ed="In";};["000-offset.013"]={cf=cfr(0,0,0,-.05,.999,0,-.999,-.05,0,0,0,1);es="Linear";ed="In";};["000-offset.002"]={cf=cfr(0,0,0,.869,-.424,.256,.416,.344,-.842,.269,.838,.475);es="Linear";ed="In";};["000-offset.011"]={cf=cfr(0,0,0,-.074,-.996,.053,.997,-.074,.015,-.011,.054,.998);es="Linear";ed="In";};["000-offset.014"]={cf=cfr(0,0,0,.138,-.99,-.005,.99,.138,-.019,.02,-.002,1);es="Linear";ed="In";};["000-offset.006"]={cf=cfr(0,0,0,.175,-.778,-.604,-.276,-.628,.728,-.945,.039,-.324);es="Linear";ed="In";};["000-offset.003"]={cf=cfr(0,0,0,.523,-.808,-.271,.074,.36,-.93,.849,.466,.248);es="Linear";ed="In";};["000-offset.007"]={cf=cfr(0,0,0,.913,-.409,0,.409,.913,0,0,0,1);es="Linear";ed="In";};["000-offset.004"]={cf=cfr(0,0,0,.531,-.848,0,.848,.531,0,0,0,1);es="Linear";ed="In";};["000-offset.008"]={cf=cfr(0,0,0,.098,-.598,.795,.65,.644,.404,-.754,.477,.452);es="Linear";ed="In";};["000-offset.005"]={cf=cfr(0,0,0,.89,-.437,-.129,.426,.899,-.105,.162,.038,.986);es="Linear";ed="In";};};{tm=.128;["root"]={cf=cfr(-.282,2.411,-.522,0,0,1,0,1,0,-1,0,0);es="Linear";ed="In";};["000-offset"]={cf=cfr(0,0,0,-.448,.802,.396,-.894,-.419,-.161,.037,-.426,.904);es="Linear";ed="In";};["000-offset.009"]={cf=cfr(0,0,0,-.671,-.72,.178,.74,-.639,.208,-.036,.271,.962);es="Linear";ed="In";};["000-offset.012"]={cf=cfr(0,0,0,-.051,-.954,-.295,.906,-.168,.388,-.42,-.247,.873);es="Linear";ed="In";};["000-offset.001"]={cf=cfr(0,0,0,.661,.702,.265,-.721,.495,.486,.21,-.512,.833);es="Linear";ed="In";};["000-offset.010"]={cf=cfr(0,0,0,.709,.705,0,-.705,.709,0,0,0,1);es="Linear";ed="In";};["000-offset.013"]={cf=cfr(0,0,0,-.066,.998,0,-.998,-.066,0,0,0,1);es="Linear";ed="In";};["000-offset.002"]={cf=cfr(0,0,0,.898,-.365,.246,.37,.321,-.872,.239,.874,.423);es="Linear";ed="In";};["000-offset.011"]={cf=cfr(0,0,0,-.079,-.994,.078,.997,-.078,.016,-.01,.079,.997);es="Linear";ed="In";};["000-offset.014"]={cf=cfr(0,0,0,.096,-.995,-.005,.995,.096,-.019,.019,-.003,1);es="Linear";ed="In";};["000-offset.006"]={cf=cfr(0,0,0,-.065,-.92,-.387,-.227,-.364,.903,-.972,.146,-.185);es="Linear";ed="In";};["000-offset.003"]={cf=cfr(0,0,0,.519,-.836,-.178,.163,.302,-.939,.839,.459,.293);es="Linear";ed="In";};["000-offset.007"]={cf=cfr(0,0,0,.909,-.418,0,.418,.909,0,0,0,1);es="Linear";ed="In";};["000-offset.004"]={cf=cfr(0,0,0,.653,-.757,0,.757,.653,0,0,0,1);es="Linear";ed="In";};["000-offset.008"]={cf=cfr(0,0,0,-.11,-.231,.967,.242,.937,.252,-.964,.262,-.047);es="Linear";ed="In";};["000-offset.005"]={cf=cfr(0,0,0,.893,-.435,-.115,.419,.897,-.14,.164,.077,.983);es="Linear";ed="In";};};{tm=.17;["root"]={cf=cfr(-.31,2.439,-.536,0,0,1,0,1,0,-1,0,0);es="Linear";ed="In";};["000-offset"]={cf=cfr(0,0,0,-.37,.852,.37,-.928,-.353,-.114,.033,-.386,.922);es="Linear";ed="In";};["000-offset.009"]={cf=cfr(0,0,0,-.614,-.749,.248,.789,-.583,.194,0,.315,.949);es="Linear";ed="In";};["000-offset.012"]={cf=cfr(0,0,0,-.109,-.923,-.368,.901,-.248,.356,-.42,-.293,.859);es="Linear";ed="In";};["000-offset.001"]={cf=cfr(0,0,0,.583,.708,.399,-.8,.417,.431,.139,-.57,.81);es="Linear";ed="In";};["000-offset.010"]={cf=cfr(0,0,0,.733,.68,0,-.68,.733,0,0,0,1);es="Linear";ed="In";};["000-offset.013"]={cf=cfr(0,0,0,-.075,.997,0,-.997,-.075,0,0,0,1);es="Linear";ed="In";};["000-offset.002"]={cf=cfr(0,0,0,.92,-.316,.233,.339,.342,-.876,.197,.885,.422);es="Linear";ed="In";};["000-offset.011"]={cf=cfr(0,0,0,-.061,-.995,.082,.998,-.06,.014,-.009,.083,.997);es="Linear";ed="In";};["000-offset.014"]={cf=cfr(0,0,0,.051,-.999,-.005,.998,.051,-.019,.019,-.004,1);es="Linear";ed="In";};["000-offset.006"]={cf=cfr(0,0,0,-.087,-.971,-.222,-.149,-.207,.967,-.985,.117,-.127);es="Linear";ed="In";};["000-offset.003"]={cf=cfr(0,0,0,.475,-.877,-.073,.305,.242,-.921,.826,.415,.382);es="Linear";ed="In";};["000-offset.007"]={cf=cfr(0,0,0,.903,-.43,0,.43,.903,0,0,0,1);es="Linear";ed="In";};["000-offset.004"]={cf=cfr(0,0,0,.646,-.763,0,.763,.646,0,0,0,1);es="Linear";ed="In";};["000-offset.008"]={cf=cfr(0,0,0,.073,-.087,.993,-.069,.993,.092,-.995,-.075,.067);es="Linear";ed="In";};["000-offset.005"]={cf=cfr(0,0,0,.896,-.433,-.101,.412,.894,-.177,.167,.116,.979);es="Linear";ed="In";};};{tm=.213;["root"]={cf=cfr(-.268,2.482,-.479,0,0,1,0,1,0,-1,0,0);es="Linear";ed="In";};["000-offset"]={cf=cfr(0,0,0,-.285,.897,.339,-.958,-.276,-.075,.027,-.346,.938);es="Linear";ed="In";};["000-offset.009"]={cf=cfr(0,0,0,-.52,-.777,.356,.854,-.487,.183,.031,.399,.916);es="Linear";ed="In";};["000-offset.012"]={cf=cfr(0,0,0,-.169,-.882,-.44,.892,-.326,.312,-.419,-.34,.842);es="Linear";ed="In";};["000-offset.001"]={cf=cfr(0,0,0,.589,.752,.295,-.791,.463,.4,.164,-.469,.868);es="Linear";ed="In";};["000-offset.010"]={cf=cfr(0,0,0,.794,.608,0,-.608,.794,0,0,0,1);es="Linear";ed="In";};["000-offset.013"]={cf=cfr(0,0,0,-.071,.998,0,-.998,-.071,0,0,0,1);es="Linear";ed="In";};["000-offset.002"]={cf=cfr(0,0,0,.926,-.297,.232,.35,.453,-.82,.139,.84,.524);es="Linear";ed="In";};["000-offset.011"]={cf=cfr(0,0,0,.005,-.999,.045,1,.006,.011,-.012,.045,.999);es="Linear";ed="In";};["000-offset.014"]={cf=cfr(0,0,0,.011,-1,-.005,1,.011,-.019,.019,-.004,1);es="Linear";ed="In";};["000-offset.006"]={cf=cfr(0,0,0,.08,-.958,-.276,-.127,-.285,.95,-.989,-.041,-.144);es="Linear";ed="In";};["000-offset.003"]={cf=cfr(0,0,0,.374,-.927,.021,.45,.162,-.878,.811,.338,.477);es="Linear";ed="In";};["000-offset.007"]={cf=cfr(0,0,0,.896,-.444,0,.444,.896,0,0,0,1);es="Linear";ed="In";};["000-offset.004"]={cf=cfr(0,0,0,.637,-.771,0,.771,.637,0,0,0,1);es="Linear";ed="In";};["000-offset.008"]={cf=cfr(0,0,0,.329,-.186,.926,-.23,.935,.269,-.916,-.301,.266);es="Linear";ed="In";};["000-offset.005"]={cf=cfr(0,0,0,.898,-.431,-.088,.405,.889,-.213,.17,.156,.973);es="Linear";ed="In";};};{tm=.256;["root"]={cf=cfr(-.197,2.538,-.409,0,0,1,0,1,0,-1,0,0);es="Linear";ed="In";};["000-offset"]={cf=cfr(0,0,0,-.198,.932,.304,-.98,-.194,-.044,.018,-.307,.952);es="Linear";ed="In";};["000-offset.009"]={cf=cfr(0,0,0,-.413,-.776,.477,.909,-.386,.158,.062,.499,.865);es="Linear";ed="In";};["000-offset.012"]={cf=cfr(0,0,0,-.224,-.835,-.502,.88,-.394,.264,-.418,-.383,.823);es="Linear";ed="In";};["000-offset.001"]={cf=cfr(0,0,0,.641,.765,.064,-.729,.581,.363,.24,-.279,.93);es="Linear";ed="In";};["000-offset.010"]={cf=cfr(0,0,0,.856,.516,0,-.516,.856,0,0,0,1);es="Linear";ed="In";};["000-offset.013"]={cf=cfr(0,0,0,-.046,.999,0,-.999,-.046,0,0,0,1);es="Linear";ed="In";};["000-offset.002"]={cf=cfr(0,0,0,.924,-.298,.242,.378,.601,-.704,.064,.741,.668);es="Linear";ed="In";};["000-offset.011"]={cf=cfr(0,0,0,.091,-.996,-.01,.996,.091,.015,-.014,-.011,1);es="Linear";ed="In";};["000-offset.014"]={cf=cfr(0,0,0,-.017,-1,-.005,1,-.017,-.019,.019,-.005,1);es="Linear";ed="In";};["000-offset.006"]={cf=cfr(0,0,0,.105,-.876,-.471,.113,-.46,.881,-.988,-.145,.051);es="Linear";ed="In";};["000-offset.003"]={cf=cfr(0,0,0,.239,-.967,.093,.554,.057,-.831,.798,.25,.549);es="Linear";ed="In";};["000-offset.007"]={cf=cfr(0,0,0,.888,-.46,0,.46,.888,0,0,0,1);es="Linear";ed="In";};["000-offset.004"]={cf=cfr(0,0,0,.626,-.78,0,.78,.626,0,0,0,1);es="Linear";ed="In";};["000-offset.008"]={cf=cfr(0,0,0,.555,-.349,.755,-.364,.714,.598,-.748,-.607,.269);es="Linear";ed="In";};["000-offset.005"]={cf=cfr(0,0,0,.901,-.428,-.074,.398,.882,-.251,.173,.196,.965);es="Linear";ed="In";};};{tm=.298;["root"]={cf=cfr(-.127,2.566,-.324,0,0,1,0,1,0,-1,0,0);es="Linear";ed="In";};["000-offset"]={cf=cfr(0,0,0,-.117,.957,.266,-.993,-.115,-.022,.01,-.267,.964);es="Linear";ed="In";};["000-offset.009"]={cf=cfr(0,0,0,-.336,-.744,.577,.936,-.332,.116,.105,.58,.808);es="Linear";ed="In";};["000-offset.012"]={cf=cfr(0,0,0,-.268,-.791,-.55,.868,-.446,.218,-.418,-.419,.806);es="Linear";ed="In";};["000-offset.001"]={cf=cfr(0,0,0,.691,.718,-.084,-.661,.676,.326,.291,-.169,.942);es="Linear";ed="In";};["000-offset.010"]={cf=cfr(0,0,0,.878,.479,0,-.479,.878,0,0,0,1);es="Linear";ed="In";};["000-offset.013"]={cf=cfr(0,0,0,.005,1,0,-1,.005,0,0,0,1);es="Linear";ed="In";};["000-offset.002"]={cf=cfr(0,0,0,.919,-.311,.241,.393,.704,-.591,.014,.638,.77);es="Linear";ed="In";};["000-offset.011"]={cf=cfr(0,0,0,.136,-.99,-.043,.991,.135,.021,-.015,-.046,.999);es="Linear";ed="In";};["000-offset.014"]={cf=cfr(0,0,0,-.025,-1,-.005,1,-.025,-.019,.019,-.005,1);es="Linear";ed="In";};["000-offset.006"]={cf=cfr(0,0,0,-.063,-.816,-.574,.176,-.575,.799,-.982,-.051,.18);es="Linear";ed="In";};["000-offset.003"]={cf=cfr(0,0,0,.123,-.979,.159,.604,-.053,-.795,.788,.194,.585);es="Linear";ed="In";};["000-offset.007"]={cf=cfr(0,0,0,.879,-.477,0,.477,.879,0,0,0,1);es="Linear";ed="In";};["000-offset.004"]={cf=cfr(0,0,0,.614,-.789,0,.789,.614,0,0,0,1);es="Linear";ed="In";};["000-offset.008"]={cf=cfr(0,0,0,.647,-.478,.594,-.49,.336,.804,-.584,-.812,-.016);es="Linear";ed="In";};["000-offset.005"]={cf=cfr(0,0,0,.904,-.424,-.061,.391,.874,-.288,.176,.237,.956);es="Linear";ed="In";};};{tm=.341;["root"]={cf=cfr(-.07,2.58,-.268,0,0,1,0,1,0,-1,0,0);es="Linear";ed="In";};["000-offset"]={cf=cfr(0,0,0,-.049,.973,.228,-.999,-.048,-.008,.003,-.228,.974);es="Linear";ed="In";};["000-offset.009"]={cf=cfr(0,0,0,-.297,-.693,.657,.94,-.334,.073,.169,.639,.75);es="Linear";ed="In";};["000-offset.012"]={cf=cfr(0,0,0,-.304,-.75,-.588,.857,-.485,.176,-.417,-.45,.79);es="Linear";ed="In";};["000-offset.001"]={cf=cfr(0,0,0,.764,.644,.03,-.59,.68,.435,.26,-.35,.9);es="Linear";ed="In";};["000-offset.010"]={cf=cfr(0,0,0,.858,.514,0,-.514,.858,0,0,0,1);es="Linear";ed="In";};["000-offset.013"]={cf=cfr(0,0,0,.108,.994,0,-.994,.108,0,0,0,1);es="Linear";ed="In";};["000-offset.002"]={cf=cfr(0,0,0,.925,-.327,.195,.379,.746,-.548,.034,.581,.813);es="Linear";ed="In";};["000-offset.011"]={cf=cfr(0,0,0,.129,-.991,-.047,.992,.128,.02,-.014,-.049,.999);es="Linear";ed="In";};["000-offset.014"]={cf=cfr(0,0,0,-.004,-1,-.005,1,-.003,-.019,.019,-.005,1);es="Linear";ed="In";};["000-offset.006"]={cf=cfr(0,0,0,-.123,-.801,-.587,.201,-.599,.775,-.972,-.023,.235);es="Linear";ed="In";};["000-offset.003"]={cf=cfr(0,0,0,.086,-.966,.243,.616,-.14,-.775,.783,.217,.583);es="Linear";ed="In";};["000-offset.007"]={cf=cfr(0,0,0,.868,-.496,0,.496,.868,0,0,0,1);es="Linear";ed="In";};["000-offset.004"]={cf=cfr(0,0,0,.6,-.8,0,.8,.6,0,0,0,1);es="Linear";ed="In";};["000-offset.008"]={cf=cfr(0,0,0,.589,-.646,.487,-.59,.069,.805,-.553,-.761,-.34);es="Linear";ed="In";};["000-offset.005"]={cf=cfr(0,0,0,.906,-.42,-.048,.383,.864,-.326,.179,.277,.944);es="Linear";ed="In";};};{tm=.383;["root"]={cf=cfr(-.028,2.552,-.226,0,0,1,0,1,0,-1,0,0);es="Linear";ed="In";};["000-offset"]={cf=cfr(0,0,0,0,.982,.189,-1,0,0,0,-.189,.982);es="Linear";ed="In";};["000-offset.009"]={cf=cfr(0,0,0,-.268,-.628,.73,.932,-.36,.033,.242,.69,.682);es="Linear";ed="In";};["000-offset.012"]={cf=cfr(0,0,0,-.338,-.707,-.622,.845,-.519,.131,-.415,-.481,.772);es="Linear";ed="In";};["000-offset.001"]={cf=cfr(0,0,0,.822,.553,.135,-.528,.652,.544,.213,-.518,.828);es="Linear";ed="In";};["000-offset.010"]={cf=cfr(0,0,0,.818,.575,0,-.575,.818,0,0,0,1);es="Linear";ed="In";};["000-offset.013"]={cf=cfr(0,0,0,.26,.966,0,-.966,.26,0,0,0,1);es="Linear";ed="In";};["000-offset.002"]={cf=cfr(0,0,0,.938,-.319,.136,.341,.775,-.532,.064,.545,.836);es="Linear";ed="In";};["000-offset.011"]={cf=cfr(0,0,0,.104,-.994,-.042,.995,.103,.015,-.011,-.043,.999);es="Linear";ed="In";};["000-offset.014"]={cf=cfr(0,0,0,.043,-.999,-.005,.999,.043,-.019,.019,-.004,1);es="Linear";ed="In";};["000-offset.006"]={cf=cfr(0,0,0,-.186,-.786,-.59,.218,-.619,.755,-.958,.011,.286);es="Linear";ed="In";};["000-offset.003"]={cf=cfr(0,0,0,.109,-.932,.344,.612,-.21,-.763,.783,.294,.548);es="Linear";ed="In";};["000-offset.007"]={cf=cfr(0,0,0,.856,-.517,0,.517,.856,0,0,0,1);es="Linear";ed="In";};["000-offset.004"]={cf=cfr(0,0,0,.584,-.812,0,.812,.584,0,0,0,1);es="Linear";ed="In";};["000-offset.008"]={cf=cfr(0,0,0,.417,-.84,.348,-.63,.009,.776,-.655,-.543,-.526);es="Linear";ed="In";};["000-offset.005"]={cf=cfr(0,0,0,.909,-.416,-.036,.376,.852,-.363,.181,.317,.931);es="Linear";ed="In";};};{tm=.426;["root"]={cf=cfr(-.028,2.51,-.197,0,0,1,0,1,0,-1,0,0);es="Linear";ed="In";};["000-offset"]={cf=cfr(0,0,0,.025,.989,.148,-1,.025,.003,0,-.148,.989);es="Linear";ed="In";};["000-offset.009"]={cf=cfr(0,0,0,-.249,-.558,.792,.915,-.403,.004,.317,.725,.611);es="Linear";ed="In";};["000-offset.012"]={cf=cfr(0,0,0,-.368,-.665,-.65,.833,-.546,.087,-.413,-.51,.755);es="Linear";ed="In";};["000-offset.001"]={cf=cfr(0,0,0,.84,.529,.12,-.507,.687,.52,.192,-.498,.846);es="Linear";ed="In";};["000-offset.010"]={cf=cfr(0,0,0,.763,.646,0,-.646,.763,0,0,0,1);es="Linear";ed="In";};["000-offset.013"]={cf=cfr(0,0,0,.427,.904,0,-.904,.427,0,0,0,1);es="Linear";ed="In";};["000-offset.002"]={cf=cfr(0,0,0,.955,-.28,.101,.292,.812,-.506,.06,.512,.857);es="Linear";ed="In";};["000-offset.011"]={cf=cfr(0,0,0,.069,-.997,-.031,.998,.069,.01,-.007,-.032,.999);es="Linear";ed="In";};["000-offset.014"]={cf=cfr(0,0,0,.103,-.995,-.005,.994,.103,-.019,.02,-.003,1);es="Linear";ed="In";};["000-offset.006"]={cf=cfr(0,0,0,-.247,-.771,-.587,.23,-.635,.738,-.941,.048,.334);es="Linear";ed="In";};["000-offset.003"]={cf=cfr(0,0,0,.142,-.883,.446,.605,-.28,-.746,.784,.376,.495);es="Linear";ed="In";};["000-offset.007"]={cf=cfr(0,0,0,.839,-.544,0,.544,.839,0,0,0,1);es="Linear";ed="In";};["000-offset.004"]={cf=cfr(0,0,0,.567,-.824,0,.824,.567,0,0,0,1);es="Linear";ed="In";};["000-offset.008"]={cf=cfr(0,0,0,.198,-.969,.148,-.576,.007,.817,-.793,-.247,-.557);es="Linear";ed="In";};["000-offset.005"]={cf=cfr(0,0,0,.911,-.411,-.023,.368,.839,-.401,.184,.357,.916);es="Linear";ed="In";};};{tm=.469;["root"]={cf=cfr(-.042,2.453,-.169,0,0,1,0,1,0,-1,0,0);es="Linear";ed="In";};["000-offset"]={cf=cfr(0,0,0,.03,.994,.104,-1,.03,.003,0,-.104,.995);es="Linear";ed="In";};["000-offset.009"]={cf=cfr(0,0,0,-.236,-.49,.839,.893,-.451,-.013,.384,.746,.544);es="Linear";ed="In";};["000-offset.012"]={cf=cfr(0,0,0,-.393,-.627,-.673,.822,-.567,.048,-.412,-.534,.738);es="Linear";ed="In";};["000-offset.001"]={cf=cfr(0,0,0,.857,.506,.101,-.487,.727,.483,.171,-.463,.87);es="Linear";ed="In";};["000-offset.010"]={cf=cfr(0,0,0,.702,.712,0,-.712,.702,0,0,0,1);es="Linear";ed="In";};["000-offset.013"]={cf=cfr(0,0,0,.576,.817,0,-.817,.576,0,0,0,1);es="Linear";ed="In";};["000-offset.002"]={cf=cfr(0,0,0,.969,-.235,.07,.24,.845,-.477,.053,.479,.876);es="Linear";ed="In";};["000-offset.011"]={cf=cfr(0,0,0,.031,-.999,-.018,1,.031,.005,-.004,-.018,1);es="Linear";ed="In";};["000-offset.014"]={cf=cfr(0,0,0,.163,-.987,-.005,.986,.164,-.019,.02,-.001,1);es="Linear";ed="In";};["000-offset.006"]={cf=cfr(0,0,0,-.306,-.757,-.577,.241,-.648,.722,-.921,.082,.381);es="Linear";ed="In";};["000-offset.003"]={cf=cfr(0,0,0,.182,-.818,.546,.593,-.351,-.724,.784,.456,.421);es="Linear";ed="In";};["000-offset.007"]={cf=cfr(0,0,0,.819,-.573,0,.573,.819,0,0,0,1);es="Linear";ed="In";};["000-offset.004"]={cf=cfr(0,0,0,.549,-.836,0,.836,.549,0,0,0,1);es="Linear";ed="In";};["000-offset.008"]={cf=cfr(0,0,0,.018,-1,-.024,-.39,-.029,.92,-.921,-.007,-.39);es="Linear";ed="In";};["000-offset.005"]={cf=cfr(0,0,0,.914,-.406,-.012,.36,.824,-.438,.187,.396,.899);es="Linear";ed="In";};};{tm=.511;["root"]={cf=cfr(-.042,2.411,-.155,0,0,1,0,1,0,-1,0,0);es="Linear";ed="In";};["000-offset"]={cf=cfr(0,0,0,.022,.998,.06,-1,.021,.003,.002,-.06,.998);es="Linear";ed="In";};["000-offset.009"]={cf=cfr(0,0,0,-.228,-.435,.871,.87,-.493,-.018,.437,.754,.49);es="Linear";ed="In";};["000-offset.012"]={cf=cfr(0,0,0,-.414,-.596,-.688,.812,-.583,.017,-.411,-.552,.725);es="Linear";ed="In";};["000-offset.001"]={cf=cfr(0,0,0,.871,.484,.08,-.468,.769,.435,.149,-.417,.897);es="Linear";ed="In";};["000-offset.010"]={cf=cfr(0,0,0,.645,.764,0,-.764,.645,0,0,0,1);es="Linear";ed="In";};["000-offset.013"]={cf=cfr(0,0,0,.683,.73,0,-.73,.683,0,0,0,1);es="Linear";ed="In";};["000-offset.002"]={cf=cfr(0,0,0,.982,-.186,.043,.185,.875,-.447,.046,.446,.894);es="Linear";ed="In";};["000-offset.011"]={cf=cfr(0,0,0,-.001,-1,-.007,1,-.001,.001,-.001,-.007,1);es="Linear";ed="In";};["000-offset.014"]={cf=cfr(0,0,0,.213,-.977,-.005,.977,.213,-.019,.02,0,1);es="Linear";ed="In";};["000-offset.006"]={cf=cfr(0,0,0,-.36,-.744,-.562,.255,-.658,.708,-.897,.111,.427);es="Linear";ed="In";};["000-offset.003"]={cf=cfr(0,0,0,.229,-.736,.638,.577,-.425,-.698,.784,.527,.327);es="Linear";ed="In";};["000-offset.007"]={cf=cfr(0,0,0,.796,-.605,0,.605,.796,0,0,0,1);es="Linear";ed="In";};["000-offset.004"]={cf=cfr(0,0,0,.529,-.849,0,.849,.529,0,0,0,1);es="Linear";ed="In";};["000-offset.008"]={cf=cfr(0,0,0,-.029,-.991,-.128,-.113,-.124,.986,-.993,.043,-.108);es="Linear";ed="In";};["000-offset.005"]={cf=cfr(0,0,0,.916,-.401,-.001,.353,.807,-.474,.19,.434,.88);es="Linear";ed="In";};};{tm=.554;["root"]={cf=cfr(-.042,2.383,-.141,0,0,1,0,1,0,-1,0,0);es="Linear";ed="In";};["000-offset"]={cf=cfr(0,0,0,.005,1,.019,-1,.004,.004,.004,-.019,1);es="Linear";ed="In";};["000-offset.009"]={cf=cfr(0,0,0,-.222,-.401,.889,.855,-.518,-.021,.469,.755,.458);es="Linear";ed="In";};["000-offset.012"]={cf=cfr(0,0,0,-.427,-.576,-.697,.805,-.594,-.002,-.412,-.562,.717);es="Linear";ed="In";};["000-offset.001"]={cf=cfr(0,0,0,.884,.464,.059,-.45,.809,.377,.127,-.36,.924);es="Linear";ed="In";};["000-offset.010"]={cf=cfr(0,0,0,.609,.793,0,-.793,.609,0,0,0,1);es="Linear";ed="In";};["000-offset.013"]={cf=cfr(0,0,0,.736,.677,0,-.677,.736,0,0,0,1);es="Linear";ed="In";};["000-offset.002"]={cf=cfr(0,0,0,.991,-.133,.02,.129,.901,-.414,.037,.413,.91);es="Linear";ed="In";};["000-offset.011"]={cf=cfr(0,0,0,-.019,-1,0,1,-.019,0,0,0,1);es="Linear";ed="In";};["000-offset.014"]={cf=cfr(0,0,0,.238,-.971,-.005,.971,.239,-.019,.02,0,1);es="Linear";ed="In";};["000-offset.006"]={cf=cfr(0,0,0,-.408,-.733,-.544,.275,-.667,.693,-.87,.133,.474);es="Linear";ed="In";};["000-offset.003"]={cf=cfr(0,0,0,.279,-.64,.716,.552,-.504,-.665,.786,.581,.212);es="Linear";ed="In";};["000-offset.007"]={cf=cfr(0,0,0,.77,-.638,0,.638,.77,0,0,0,1);es="Linear";ed="In";};["000-offset.004"]={cf=cfr(0,0,0,.508,-.861,0,.861,.508,0,0,0,1);es="Linear";ed="In";};["000-offset.008"]={cf=cfr(0,0,0,.091,-.972,-.216,.151,-.201,.968,-.984,-.121,.129);es="Linear";ed="In";};["000-offset.005"]={cf=cfr(0,0,0,.919,-.395,.01,.345,.788,-.51,.193,.472,.86);es="Linear";ed="In";};};{tm=.597;["root"]={cf=cfr(-.042,2.369,-.127,0,0,1,0,1,0,-1,0,0);es="Linear";ed="In";};["000-offset"]={cf=cfr(0,0,0,-.015,1,-.018,-1,-.015,.006,.006,.018,1);es="Linear";ed="In";};["000-offset.009"]={cf=cfr(0,0,0,-.221,-.383,.897,.845,-.534,-.02,.487,.754,.442);es="Linear";ed="In";};["000-offset.012"]={cf=cfr(0,0,0,-.436,-.564,-.701,.799,-.602,-.012,-.415,-.565,.713);es="Linear";ed="In";};["000-offset.001"]={cf=cfr(0,0,0,.895,.444,.038,-.433,.846,.312,.106,-.296,.949);es="Linear";ed="In";};["000-offset.010"]={cf=cfr(0,0,0,.59,.808,0,-.808,.59,0,0,0,1);es="Linear";ed="In";};["000-offset.013"]={cf=cfr(0,0,0,.754,.657,0,-.657,.754,0,0,0,1);es="Linear";ed="In";};["000-offset.002"]={cf=cfr(0,0,0,.997,-.077,.002,.072,.922,-.38,.028,.379,.925);es="Linear";ed="In";};["000-offset.011"]={cf=cfr(0,0,0,-.027,-1,.002,1,-.027,-.001,.001,.002,1);es="Linear";ed="In";};["000-offset.014"]={cf=cfr(0,0,0,.247,-.969,-.005,.969,.247,-.019,.02,0,1);es="Linear";ed="In";};["000-offset.006"]={cf=cfr(0,0,0,-.451,-.725,-.521,.302,-.673,.675,-.84,.146,.523);es="Linear";ed="In";};["000-offset.003"]={cf=cfr(0,0,0,.332,-.533,.778,.519,-.586,-.623,.788,.61,.082);es="Linear";ed="In";};["000-offset.007"]={cf=cfr(0,0,0,.743,-.67,0,.67,.743,0,0,0,1);es="Linear";ed="In";};["000-offset.004"]={cf=cfr(0,0,0,.487,-.874,0,.874,.487,0,0,0,1);es="Linear";ed="In";};["000-offset.008"]={cf=cfr(0,0,0,.32,-.893,-.316,.307,-.218,.926,-.896,-.394,.204);es="Linear";ed="In";};["000-offset.005"]={cf=cfr(0,0,0,.921,-.389,.02,.337,.768,-.545,.196,.509,.838);es="Linear";ed="In";};};{tm=.639;["root"]={cf=cfr(-.028,2.341,-.099,0,0,1,0,1,0,-1,0,0);es="Linear";ed="In";};["000-offset"]={cf=cfr(0,0,0,-.032,.998,-.047,-.999,-.031,.009,.008,.047,.999);es="Linear";ed="In";};["000-offset.009"]={cf=cfr(0,0,0,-.22,-.37,.903,.837,-.547,-.02,.501,.751,.43);es="Linear";ed="In";};["000-offset.012"]={cf=cfr(0,0,0,-.444,-.555,-.704,.793,-.609,-.02,-.418,-.566,.71);es="Linear";ed="In";};["000-offset.001"]={cf=cfr(0,0,0,.905,.425,.02,-.417,.876,.242,.085,-.227,.97);es="Linear";ed="In";};["000-offset.010"]={cf=cfr(0,0,0,.572,.82,0,-.82,.572,0,0,0,1);es="Linear";ed="In";};["000-offset.013"]={cf=cfr(0,0,0,.765,.644,0,-.644,.765,0,0,0,1);es="Linear";ed="In";};["000-offset.002"]={cf=cfr(0,0,0,1,-.019,-.012,.014,.938,-.345,.018,.345,.938);es="Linear";ed="In";};["000-offset.011"]={cf=cfr(0,0,0,-.034,-.999,.003,.999,-.034,-.001,.001,.003,1);es="Linear";ed="In";};["000-offset.014"]={cf=cfr(0,0,0,.253,-.968,-.005,.967,.253,-.019,.02,0,1);es="Linear";ed="In";};["000-offset.006"]={cf=cfr(0,0,0,-.486,-.719,-.496,.337,-.678,.653,-.806,.15,.572);es="Linear";ed="In";};["000-offset.003"]={cf=cfr(0,0,0,.385,-.421,.821,.477,-.671,-.567,.79,.61,-.057);es="Linear";ed="In";};["000-offset.007"]={cf=cfr(0,0,0,.714,-.7,0,.7,.714,0,0,0,1);es="Linear";ed="In";};["000-offset.004"]={cf=cfr(0,0,0,.464,-.886,0,.886,.464,0,0,0,1);es="Linear";ed="In";};["000-offset.008"]={cf=cfr(0,0,0,.556,-.738,-.382,.337,-.22,.915,-.76,-.638,.126);es="Linear";ed="In";};["000-offset.005"]={cf=cfr(0,0,0,.923,-.384,.03,.329,.746,-.579,.199,.544,.815);es="Linear";ed="In";};};{tm=.682;["root"]={cf=cfr(-.028,2.326,-.085,0,0,1,0,1,0,-1,0,0);es="Linear";ed="In";};["000-offset"]={cf=cfr(0,0,0,-.04,.997,-.067,-.999,-.039,.011,.008,.067,.998);es="Linear";ed="In";};["000-offset.009"]={cf=cfr(0,0,0,-.22,-.361,.906,.83,-.557,-.021,.513,.748,.422);es="Linear";ed="In";};["000-offset.012"]={cf=cfr(0,0,0,-.451,-.548,-.705,.787,-.617,-.024,-.421,-.566,.709);es="Linear";ed="In";};["000-offset.001"]={cf=cfr(0,0,0,.913,.407,.004,-.402,.9,.17,.066,-.157,.985);es="Linear";ed="In";};["000-offset.010"]={cf=cfr(0,0,0,.557,.83,0,-.83,.557,0,0,0,1);es="Linear";ed="In";};["000-offset.013"]={cf=cfr(0,0,0,.769,.639,0,-.639,.769,0,0,0,1);es="Linear";ed="In";};["000-offset.002"]={cf=cfr(0,0,0,.999,.04,-.021,-.044,.95,-.31,.008,.311,.95);es="Linear";ed="In";};["000-offset.011"]={cf=cfr(0,0,0,-.039,-.999,.004,.999,-.039,-.001,.001,.004,1);es="Linear";ed="In";};["000-offset.014"]={cf=cfr(0,0,0,.252,-.968,-.005,.967,.253,-.019,.02,0,1);es="Linear";ed="In";};["000-offset.006"]={cf=cfr(0,0,0,-.514,-.717,-.471,.378,-.682,.626,-.77,.144,.622);es="Linear";ed="In";};["000-offset.003"]={cf=cfr(0,0,0,.435,-.31,.846,.428,-.756,-.496,.793,.577,-.196);es="Linear";ed="In";};["000-offset.007"]={cf=cfr(0,0,0,.685,-.729,0,.729,.685,0,0,0,1);es="Linear";ed="In";};["000-offset.004"]={cf=cfr(0,0,0,.441,-.898,0,.898,.441,0,0,0,1);es="Linear";ed="In";};["000-offset.008"]={cf=cfr(0,0,0,.725,-.568,-.389,.299,-.249,.921,-.62,-.784,-.011);es="Linear";ed="In";};["000-offset.005"]={cf=cfr(0,0,0,.925,-.378,.04,.321,.723,-.612,.202,.578,.79);es="Linear";ed="In";};};{tm=.725;["root"]={cf=cfr(-.028,2.326,-.085,0,0,1,0,1,0,-1,0,0);es="Linear";ed="In";};["000-offset"]={cf=cfr(0,0,0,-.038,.996,-.075,-.999,-.037,.011,.008,.076,.997);es="Linear";ed="In";};["000-offset.009"]={cf=cfr(0,0,0,-.219,-.358,.908,.825,-.565,-.023,.521,.743,.419);es="Linear";ed="In";};["000-offset.012"]={cf=cfr(0,0,0,-.457,-.541,-.706,.781,-.623,-.028,-.425,-.565,.707);es="Linear";ed="In";};["000-offset.001"]={cf=cfr(0,0,0,.92,.391,-.009,-.388,.916,.101,.048,-.089,.995);es="Linear";ed="In";};["000-offset.010"]={cf=cfr(0,0,0,.545,.839,0,-.839,.545,0,0,0,1);es="Linear";ed="In";};["000-offset.013"]={cf=cfr(0,0,0,.768,.64,0,-.64,.768,0,0,0,1);es="Linear";ed="In";};["000-offset.002"]={cf=cfr(0,0,0,.995,.099,-.026,-.102,.956,-.275,-.003,.276,.961);es="Linear";ed="In";};["000-offset.011"]={cf=cfr(0,0,0,-.043,-.999,.005,.999,-.043,-.001,.002,.005,1);es="Linear";ed="In";};["000-offset.014"]={cf=cfr(0,0,0,.252,-.968,-.005,.967,.252,-.019,.02,0,1);es="Linear";ed="In";};["000-offset.006"]={cf=cfr(0,0,0,-.536,-.718,-.445,.423,-.684,.594,-.73,.13,.671);es="Linear";ed="In";};["000-offset.003"]={cf=cfr(0,0,0,.48,-.204,.853,.37,-.835,-.407,.795,.511,-.326);es="Linear";ed="In";};["000-offset.007"]={cf=cfr(0,0,0,.657,-.754,0,.754,.657,0,0,0,1);es="Linear";ed="In";};["000-offset.004"]={cf=cfr(0,0,0,.417,-.909,0,.909,.417,0,0,0,1);es="Linear";ed="In";};["000-offset.008"]={cf=cfr(0,0,0,.826,-.429,-.366,.262,-.283,.923,-.5,-.858,-.121);es="Linear";ed="In";};["000-offset.005"]={cf=cfr(0,0,0,.927,-.372,.048,.314,.699,-.643,.205,.611,.764);es="Linear";ed="In";};};{tm=.767;["root"]={cf=cfr(-.028,2.326,-.07,0,0,1,0,1,0,-1,0,0);es="Linear";ed="In";};["000-offset"]={cf=cfr(0,0,0,-.036,.996,-.075,-.999,-.036,.011,.008,.076,.997);es="Linear";ed="In";};["000-offset.009"]={cf=cfr(0,0,0,-.222,-.353,.909,.82,-.572,-.022,.528,.74,.417);es="Linear";ed="In";};["000-offset.012"]={cf=cfr(0,0,0,-.461,-.537,-.706,.776,-.63,-.029,-.429,-.562,.707);es="Linear";ed="In";};["000-offset.001"]={cf=cfr(0,0,0,.927,.376,-.019,-.375,.926,.037,.032,-.027,.999);es="Linear";ed="In";};["000-offset.010"]={cf=cfr(0,0,0,.534,.846,0,-.846,.534,0,0,0,1);es="Linear";ed="In";};["000-offset.013"]={cf=cfr(0,0,0,.763,.646,0,-.646,.763,0,0,0,1);es="Linear";ed="In";};["000-offset.002"]={cf=cfr(0,0,0,.987,.158,-.026,-.159,.958,-.24,-.013,.241,.971);es="Linear";ed="In";};["000-offset.011"]={cf=cfr(0,0,0,-.046,-.999,.005,.999,-.046,-.001,.002,.005,1);es="Linear";ed="In";};["000-offset.014"]={cf=cfr(0,0,0,.252,-.968,-.005,.967,.252,-.019,.02,0,1);es="Linear";ed="In";};["000-offset.006"]={cf=cfr(0,0,0,-.551,-.72,-.421,.471,-.685,.556,-.689,.108,.717);es="Linear";ed="In";};["000-offset.003"]={cf=cfr(0,0,0,.519,-.107,.848,.305,-.904,-.3,.798,.415,-.436);es="Linear";ed="In";};["000-offset.007"]={cf=cfr(0,0,0,.632,-.775,0,.775,.632,0,0,0,1);es="Linear";ed="In";};["000-offset.004"]={cf=cfr(0,0,0,.393,-.919,0,.919,.393,0,0,0,1);es="Linear";ed="In";};["000-offset.008"]={cf=cfr(0,0,0,.886,-.316,-.341,.25,-.295,.922,-.392,-.902,-.183);es="Linear";ed="In";};["000-offset.005"]={cf=cfr(0,0,0,.929,-.366,.057,.306,.673,-.674,.208,.643,.737);es="Linear";ed="In";};};{tm=.81;["root"]={cf=cfr(-.028,2.326,-.07,0,0,1,0,1,0,-1,0,0);es="Linear";ed="In";};["000-offset"]={cf=cfr(0,0,0,-.035,.997,-.068,-.999,-.034,.01,.007,.068,.998);es="Linear";ed="In";};["000-offset.009"]={cf=cfr(0,0,0,-.226,-.352,.908,.816,-.578,-.022,.533,.736,.418);es="Linear";ed="In";};["000-offset.012"]={cf=cfr(0,0,0,-.465,-.534,-.706,.772,-.635,-.028,-.434,-.558,.708);es="Linear";ed="In";};["000-offset.001"]={cf=cfr(0,0,0,.932,.362,-.026,-.363,.932,-.017,.019,.025,1);es="Linear";ed="In";};["000-offset.010"]={cf=cfr(0,0,0,.525,.851,0,-.851,.525,0,0,0,1);es="Linear";ed="In";};["000-offset.013"]={cf=cfr(0,0,0,.754,.657,0,-.657,.754,0,0,0,1);es="Linear";ed="In";};["000-offset.002"]={cf=cfr(0,0,0,.976,.215,-.022,-.215,.955,-.205,-.023,.205,.979);es="Linear";ed="In";};["000-offset.011"]={cf=cfr(0,0,0,-.049,-.999,.005,.999,-.049,-.001,.002,.005,1);es="Linear";ed="In";};["000-offset.014"]={cf=cfr(0,0,0,.248,-.969,-.005,.969,.248,-.019,.02,0,1);es="Linear";ed="In";};["000-offset.006"]={cf=cfr(0,0,0,-.562,-.724,-.399,.517,-.685,.514,-.646,.083,.759);es="Linear";ed="In";};["000-offset.003"]={cf=cfr(0,0,0,.55,-.02,.835,.236,-.955,-.178,.802,.295,-.52);es="Linear";ed="In";};["000-offset.007"]={cf=cfr(0,0,0,.61,-.792,0,.792,.61,0,0,0,1);es="Linear";ed="In";};["000-offset.004"]={cf=cfr(0,0,0,.369,-.929,0,.929,.369,0,0,0,1);es="Linear";ed="In";};["000-offset.008"]={cf=cfr(0,0,0,.916,-.224,-.332,.266,-.277,.923,-.299,-.934,-.194);es="Linear";ed="In";};["000-offset.005"]={cf=cfr(0,0,0,.931,-.36,.065,.299,.646,-.703,.211,.673,.709);es="Linear";ed="In";};};{tm=.852;["root"]={cf=cfr(-.014,2.326,-.07,0,0,1,0,1,0,-1,0,0);es="Linear";ed="In";};["000-offset"]={cf=cfr(0,0,0,-.033,.998,-.056,-.999,-.033,.008,.007,.057,.998);es="Linear";ed="In";};["000-offset.009"]={cf=cfr(0,0,0,-.23,-.354,.907,.813,-.582,-.021,.535,.732,.421);es="Linear";ed="In";};["000-offset.012"]={cf=cfr(0,0,0,-.468,-.533,-.705,.767,-.641,-.026,-.438,-.553,.709);es="Linear";ed="In";};["000-offset.001"]={cf=cfr(0,0,0,.936,.351,-.03,-.352,.934,-.059,.008,.065,.998);es="Linear";ed="In";};["000-offset.010"]={cf=cfr(0,0,0,.518,.855,0,-.855,.518,0,0,0,1);es="Linear";ed="In";};["000-offset.013"]={cf=cfr(0,0,0,.742,.671,0,-.671,.742,0,0,0,1);es="Linear";ed="In";};["000-offset.002"]={cf=cfr(0,0,0,.963,.27,-.015,-.269,.948,-.171,-.032,.169,.985);es="Linear";ed="In";};["000-offset.011"]={cf=cfr(0,0,0,-.048,-.999,.004,.999,-.048,-.001,.001,.004,1);es="Linear";ed="In";};["000-offset.014"]={cf=cfr(0,0,0,.243,-.97,-.005,.97,.243,-.019,.02,0,1);es="Linear";ed="In";};["000-offset.006"]={cf=cfr(0,0,0,-.573,-.727,-.379,.558,-.684,.469,-.601,.057,.797);es="Linear";ed="In";};["000-offset.003"]={cf=cfr(0,0,0,.571,.056,.819,.162,-.986,-.046,.805,.159,-.572);es="Linear";ed="In";};["000-offset.007"]={cf=cfr(0,0,0,.594,-.805,0,.805,.594,0,0,0,1);es="Linear";ed="In";};["000-offset.004"]={cf=cfr(0,0,0,.345,-.939,0,.939,.345,0,0,0,1);es="Linear";ed="In";};["000-offset.008"]={cf=cfr(0,0,0,.925,-.154,-.346,.307,-.23,.923,-.222,-.961,-.165);es="Linear";ed="In";};["000-offset.005"]={cf=cfr(0,0,0,.932,-.354,.072,.291,.618,-.73,.214,.702,.68);es="Linear";ed="In";};};{tm=.895;["root"]={cf=cfr(-.014,2.326,-.056,0,0,1,0,1,0,-1,0,0);es="Linear";ed="In";};["000-offset"]={cf=cfr(0,0,0,-.03,.999,-.043,-1,-.03,.007,.006,.043,.999);es="Linear";ed="In";};["000-offset.009"]={cf=cfr(0,0,0,-.235,-.357,.904,.81,-.586,-.021,.537,.728,.426);es="Linear";ed="In";};["000-offset.012"]={cf=cfr(0,0,0,-.471,-.532,-.704,.764,-.645,-.022,-.442,-.548,.71);es="Linear";ed="In";};["000-offset.001"]={cf=cfr(0,0,0,.94,.341,-.031,-.342,.936,-.084,0,.09,.996);es="Linear";ed="In";};["000-offset.010"]={cf=cfr(0,0,0,.513,.858,0,-.858,.513,0,0,0,1);es="Linear";ed="In";};["000-offset.013"]={cf=cfr(0,0,0,.727,.686,0,-.686,.727,0,0,0,1);es="Linear";ed="In";};["000-offset.002"]={cf=cfr(0,0,0,.947,.322,-.005,-.32,.938,-.137,-.04,.132,.991);es="Linear";ed="In";};["000-offset.011"]={cf=cfr(0,0,0,-.048,-.999,.004,.999,-.048,-.001,.001,.004,1);es="Linear";ed="In";};["000-offset.014"]={cf=cfr(0,0,0,.236,-.972,-.005,.972,.236,-.019,.02,0,1);es="Linear";ed="In";};["000-offset.006"]={cf=cfr(0,0,0,-.585,-.727,-.36,.591,-.686,.424,-.555,.035,.831);es="Linear";ed="In";};["000-offset.003"]={cf=cfr(0,0,0,.583,.126,.803,.088,-.992,.091,.808,.017,-.589);es="Linear";ed="In";};["000-offset.007"]={cf=cfr(0,0,0,.583,-.812,0,.812,.583,0,0,0,1);es="Linear";ed="In";};["000-offset.004"]={cf=cfr(0,0,0,.321,-.947,0,.947,.321,0,0,0,1);es="Linear";ed="In";};["000-offset.008"]={cf=cfr(0,0,0,.918,-.107,-.382,.364,-.159,.918,-.159,-.981,-.107);es="Linear";ed="In";};["000-offset.005"]={cf=cfr(0,0,0,.934,-.348,.08,.284,.59,-.756,.216,.729,.65);es="Linear";ed="In";};};{tm=.938;["000-offset"]={cf=cfr(0,0,0,-.026,.999,-.029,-1,-.026,.006,.005,.03,1);es="Linear";ed="In";};["000-offset.009"]={cf=cfr(0,0,0,-.239,-.361,.901,.809,-.588,-.02,.537,.724,.432);es="Linear";ed="In";};["000-offset.012"]={cf=cfr(0,0,0,-.472,-.533,-.702,.76,-.649,-.018,-.446,-.543,.711);es="Linear";ed="In";};["000-offset.001"]={cf=cfr(0,0,0,.943,.331,-.029,-.332,.938,-.1,-.005,.104,.995);es="Linear";ed="In";};["000-offset.010"]={cf=cfr(0,0,0,.509,.861,0,-.861,.509,0,0,0,1);es="Linear";ed="In";};["000-offset.013"]={cf=cfr(0,0,0,.711,.703,0,-.703,.711,0,0,0,1);es="Linear";ed="In";};["000-offset.002"]={cf=cfr(0,0,0,.933,.36,.008,-.358,.929,-.097,-.043,.088,.995);es="Linear";ed="In";};["000-offset.011"]={cf=cfr(0,0,0,-.048,-.999,.003,.999,-.048,-.001,.001,.003,1);es="Linear";ed="In";};["000-offset.014"]={cf=cfr(0,0,0,.229,-.973,-.005,.973,.229,-.02,.02,0,1);es="Linear";ed="In";};["000-offset.006"]={cf=cfr(0,0,0,-.604,-.721,-.34,.614,-.693,.379,-.508,.02,.861);es="Linear";ed="In";};["000-offset.003"]={cf=cfr(0,0,0,.585,.191,.788,.014,-.974,.225,.811,-.121,-.572);es="Linear";ed="In";};["000-offset.007"]={cf=cfr(0,0,0,.581,-.814,0,.814,.581,0,0,0,1);es="Linear";ed="In";};["000-offset.004"]={cf=cfr(0,0,0,.298,-.955,0,.955,.298,0,0,0,1);es="Linear";ed="In";};["000-offset.008"]={cf=cfr(0,0,0,.899,-.083,-.43,.425,-.078,.902,-.108,-.994,-.035);es="Linear";ed="In";};["000-offset.005"]={cf=cfr(0,0,0,.935,-.343,.086,.277,.561,-.78,.219,.754,.619);es="Linear";ed="In";};};{tm=.98;["root"]={cf=cfr(-.014,2.326,-.056,0,0,1,0,1,0,-1,0,0);es="Linear";ed="In";};["000-offset"]={cf=cfr(0,0,0,-.024,1,-.019,-1,-.024,.005,.004,.019,1);es="Linear";ed="In";};["000-offset.009"]={cf=cfr(0,0,0,-.244,-.365,.898,.808,-.589,-.02,.537,.721,.439);es="Linear";ed="In";};["000-offset.012"]={cf=cfr(0,0,0,-.473,-.533,-.701,.757,-.653,-.014,-.45,-.538,.713);es="Linear";ed="In";};["000-offset.001"]={cf=cfr(0,0,0,.946,.322,-.027,-.323,.94,-.111,-.01,.114,.993);es="Linear";ed="In";};["000-offset.010"]={cf=cfr(0,0,0,.506,.862,0,-.862,.506,0,0,0,1);es="Linear";ed="In";};["000-offset.013"]={cf=cfr(0,0,0,.695,.719,0,-.719,.695,0,0,0,1);es="Linear";ed="In";};["000-offset.002"]={cf=cfr(0,0,0,.925,.38,.02,-.379,.924,-.061,-.042,.049,.998);es="Linear";ed="In";};["000-offset.011"]={cf=cfr(0,0,0,-.047,-.999,.002,.999,-.047,-.001,.001,.002,1);es="Linear";ed="In";};["000-offset.014"]={cf=cfr(0,0,0,.222,-.975,-.005,.975,.222,-.02,.02,0,1);es="Linear";ed="In";};["000-offset.006"]={cf=cfr(0,0,0,-.634,-.706,-.316,.62,-.708,.338,-.462,.019,.887);es="Linear";ed="In";};["000-offset.003"]={cf=cfr(0,0,0,.578,.255,.775,-.057,-.935,.35,.814,-.246,-.526);es="Linear";ed="In";};["000-offset.007"]={cf=cfr(0,0,0,.587,-.809,0,.809,.587,0,0,0,1);es="Linear";ed="In";};["000-offset.004"]={cf=cfr(0,0,0,.275,-.961,0,.961,.275,0,0,0,1);es="Linear";ed="In";};["000-offset.008"]={cf=cfr(0,0,0,.874,-.077,-.479,.481,.001,.877,-.067,-.997,.038);es="Linear";ed="In";};["000-offset.005"]={cf=cfr(0,0,0,.937,-.337,.093,.271,.531,-.803,.221,.777,.589);es="Linear";ed="In";};};{tm=1.023;["root"]={cf=cfr(-.014,2.341,-.042,0,0,1,0,1,0,-1,0,0);es="Linear";ed="In";};["000-offset"]={cf=cfr(0,0,0,-.021,1,-.013,-1,-.021,.004,.004,.013,1);es="Linear";ed="In";};["000-offset.009"]={cf=cfr(0,0,0,-.249,-.37,.895,.807,-.59,-.02,.536,.717,.445);es="Linear";ed="In";};["000-offset.012"]={cf=cfr(0,0,0,-.474,-.535,-.699,.755,-.656,-.01,-.453,-.533,.715);es="Linear";ed="In";};["000-offset.001"]={cf=cfr(0,0,0,.949,.313,-.025,-.314,.942,-.12,-.014,.122,.992);es="Linear";ed="In";};["000-offset.010"]={cf=cfr(0,0,0,.505,.863,0,-.863,.505,0,0,0,1);es="Linear";ed="In";};["000-offset.013"]={cf=cfr(0,0,0,.679,.734,0,-.734,.679,0,0,0,1);es="Linear";ed="In";};["000-offset.002"]={cf=cfr(0,0,0,.919,.393,.026,-.391,.919,-.056,-.045,.041,.998);es="Linear";ed="In";};["000-offset.011"]={cf=cfr(0,0,0,-.047,-.999,.002,.999,-.047,0,.001,.002,1);es="Linear";ed="In";};["000-offset.014"]={cf=cfr(0,0,0,.215,-.977,-.004,.976,.215,-.019,.02,0,1);es="Linear";ed="In";};["000-offset.006"]={cf=cfr(0,0,0,-.677,-.679,-.285,.607,-.733,.306,-.417,.034,.908);es="Linear";ed="In";};["000-offset.003"]={cf=cfr(0,0,0,.563,.321,.761,-.123,-.879,.461,.817,-.353,-.456);es="Linear";ed="In";};["000-offset.007"]={cf=cfr(0,0,0,.603,-.798,0,.798,.603,0,0,0,1);es="Linear";ed="In";};["000-offset.004"]={cf=cfr(0,0,0,.253,-.967,0,.967,.253,0,0,0,1);es="Linear";ed="In";};["000-offset.008"]={cf=cfr(0,0,0,.852,-.078,-.517,.522,.066,.85,-.032,-.995,.097);es="Linear";ed="In";};["000-offset.005"]={cf=cfr(0,0,0,.938,-.332,.099,.264,.501,-.824,.224,.799,.558);es="Linear";ed="In";};};{tm=1.065;["000-offset"]={cf=cfr(0,0,0,-.02,1,-.011,-1,-.02,.004,.003,.011,1);es="Linear";ed="In";};["000-offset.009"]={cf=cfr(0,0,0,-.252,-.374,.892,.806,-.591,-.02,.535,.715,.451);es="Linear";ed="In";};["000-offset.012"]={cf=cfr(0,0,0,-.474,-.536,-.698,.753,-.658,-.006,-.456,-.529,.716);es="Linear";ed="In";};["000-offset.001"]={cf=cfr(0,0,0,.952,.305,-.023,-.305,.944,-.126,-.017,.127,.992);es="Linear";ed="In";};["000-offset.010"]={cf=cfr(0,0,0,.504,.864,0,-.864,.504,0,0,0,1);es="Linear";ed="In";};["000-offset.013"]={cf=cfr(0,0,0,.665,.747,0,-.747,.665,0,0,0,1);es="Linear";ed="In";};["000-offset.002"]={cf=cfr(0,0,0,.913,.4