local cfr = CFrame.new

return {{tm=0;["RootNode"]={cf=cfr(0,0,0,-1,0,0,0,1,0,0,0,-1);es="Linear";ed="In";};["root"]={cf=cfr(0,1.791,-.324,0,0,1,0,1,0,-1,0,0);es="Linear";ed="In";};["000-offset"]={cf=cfr(0,0,0,-.339,.882,.327,-.916,-.389,.097,.213,-.267,.94);es="Linear";ed="In";};["004-offset.001"]={cf=cfr(0,0,0,-.015,-1,0,1,-.015,0,0,0,1);es="Linear";ed="In";};["006-offset"]={cf=cfr(0,0,0,-.015,-1,0,1,-.015,0,0,0,1);es="Linear";ed="In";};["000-offset.009"]={cf=cfr(0,0,0,.492,-.871,.007,.87,.491,-.048,.038,.029,.999);es="Linear";ed="In";};["000-offset.012"]={cf=cfr(0,0,0,-.491,-.859,-.147,.853,-.508,.12,-.178,-.067,.982);es="Linear";ed="In";};["000-offset.001"]={cf=cfr(0,0,0,.79,-.421,-.445,.589,.721,.365,.167,-.551,.818);es="Linear";ed="In";};["000-offset.010"]={cf=cfr(0,0,0,.713,.701,0,-.701,.713,0,0,0,1);es="Linear";ed="In";};["000-offset.013"]={cf=cfr(0,0,0,.707,.707,0,-.707,.707,0,0,0,1);es="Linear";ed="In";};["004-offset"]={cf=cfr(0,0,0,.002,-.99,-.139,1,.002,.002,-.001,-.139,.99);es="Linear";ed="In";};["002-offset"]={cf=cfr(0,0,0,.001,-.991,.131,1,0,-.008,.008,.131,.991);es="Linear";ed="In";};["000-offset.002"]={cf=cfr(0,0,0,.941,.329,.079,-.179,.683,-.708,-.287,.652,.702);es="Linear";ed="In";};["000-offset.011"]={cf=cfr(0,0,0,.642,-.766,-.02,.766,.643,-.018,.027,-.004,1);es="Linear";ed="In";};["000-offset.014"]={cf=cfr(0,0,0,.622,-.783,.013,.781,.622,.054,-.051,-.024,.998);es="Linear";ed="In";};["000-offset.006"]={cf=cfr(0,0,0,-.341,-.791,-.508,.503,-.609,.612,-.794,-.047,.606);es="Linear";ed="In";};["000-offset.003"]={cf=cfr(0,0,0,.454,-.884,.113,.32,.043,-.947,.832,.466,.302);es="Linear";ed="In";};["000-offset.007"]={cf=cfr(0,0,0,.952,-.305,0,.305,.952,0,0,0,1);es="Linear";ed="In";};["000-offset.004"]={cf=cfr(0,0,0,.831,-.556,0,.556,.831,0,0,0,1);es="Linear";ed="In";};["000-offset.008"]={cf=cfr(0,0,0,.135,-.438,.889,.855,.505,.119,-.501,.744,.442);es="Linear";ed="In";};["000-offset.005"]={cf=cfr(0,0,0,.735,-.644,-.211,.664,.621,.417,-.137,-.446,.884);es="Linear";ed="In";};};{tm=.042;["root"]={cf=cfr(0,1.791,-.324,0,0,1,0,1,0,-1,0,0);es="Linear";ed="In";};["000-offset"]={cf=cfr(0,0,0,-.342,.882,.326,-.916,-.39,.096,.211,-.266,.941);es="Linear";ed="In";};["000-offset.009"]={cf=cfr(0,0,0,.487,-.873,.007,.872,.486,-.051,.041,.031,.999);es="Linear";ed="In";};["000-offset.012"]={cf=cfr(0,0,0,-.488,-.86,-.149,.854,-.506,.121,-.18,-.068,.981);es="Linear";ed="In";};["000-offset.001"]={cf=cfr(0,0,0,.793,-.419,-.442,.586,.723,.365,.167,-.548,.819);es="Linear";ed="In";};["000-offset.010"]={cf=cfr(0,0,0,.711,.703,0,-.703,.711,0,0,0,1);es="Linear";ed="In";};["000-offset.013"]={cf=cfr(0,0,0,.705,.709,0,-.709,.705,0,0,0,1);es="Linear";ed="In";};["000-offset.002"]={cf=cfr(0,0,0,.942,.324,.083,-.175,.688,-.705,-.285,.65,.705);es="Linear";ed="In";};["000-offset.011"]={cf=cfr(0,0,0,.641,-.767,-.02,.767,.642,-.018,.027,-.004,1);es="Linear";ed="In";};["000-offset.014"]={cf=cfr(0,0,0,.621,-.784,.013,.782,.621,.054,-.051,-.024,.998);es="Linear";ed="In";};["000-offset.006"]={cf=cfr(0,0,0,-.342,-.791,-.507,.503,-.61,.612,-.794,-.045,.607);es="Linear";ed="In";};["000-offset.003"]={cf=cfr(0,0,0,.451,-.885,.114,.314,.038,-.949,.835,.464,.295);es="Linear";ed="In";};["000-offset.004"]={cf=cfr(0,0,0,.83,-.557,0,.557,.83,0,0,0,1);es="Linear";ed="In";};["000-offset.008"]={cf=cfr(0,0,0,.139,-.438,.888,.856,.505,.115,-.498,.744,.445);es="Linear";ed="In";};["000-offset.005"]={cf=cfr(0,0,0,.736,-.643,-.212,.663,.622,.417,-.137,-.448,.884);es="Linear";ed="In";};};{tm=.083;["root"]={cf=cfr(0,1.805,-.324,0,0,1,0,1,0,-1,0,0);es="Linear";ed="In";};["000-offset"]={cf=cfr(0,0,0,-.347,.881,.321,-.914,-.394,.092,.208,-.262,.942);es="Linear";ed="In";};["000-offset.009"]={cf=cfr(0,0,0,.474,-.88,.009,.879,.473,-.061,.049,.037,.998);es="Linear";ed="In";};["000-offset.012"]={cf=cfr(0,0,0,-.486,-.86,-.155,.854,-.505,.124,-.185,-.073,.98);es="Linear";ed="In";};["000-offset.001"]={cf=cfr(0,0,0,.801,-.416,-.432,.576,.731,.365,.164,-.541,.825);es="Linear";ed="In";};["000-offset.010"]={cf=cfr(0,0,0,.704,.71,0,-.71,.704,0,0,0,1);es="Linear";ed="In";};["000-offset.013"]={cf=cfr(0,0,0,.699,.715,0,-.715,.699,0,0,0,1);es="Linear";ed="In";};["000-offset.002"]={cf=cfr(0,0,0,.946,.309,.094,-.16,.701,-.695,-.281,.642,.713);es="Linear";ed="In";};["000-offset.011"]={cf=cfr(0,0,0,.638,-.77,-.02,.769,.638,-.018,.027,-.004,1);es="Linear";ed="In";};["000-offset.014"]={cf=cfr(0,0,0,.616,-.787,.013,.786,.616,.054,-.051,-.023,.998);es="Linear";ed="In";};["000-offset.006"]={cf=cfr(0,0,0,-.347,-.79,-.506,.501,-.612,.612,-.793,-.041,.608);es="Linear";ed="In";};["000-offset.003"]={cf=cfr(0,0,0,.442,-.89,.115,.296,.024,-.955,.847,.456,.274);es="Linear";ed="In";};["000-offset.004"]={cf=cfr(0,0,0,.828,-.561,0,.561,.828,0,0,0,1);es="Linear";ed="In";};["000-offset.008"]={cf=cfr(0,0,0,.151,-.438,.886,.859,.502,.102,-.49,.745,.452);es="Linear";ed="In";};["000-offset.005"]={cf=cfr(0,0,0,.739,-.639,-.214,.66,.623,.419,-.134,-.451,.882);es="Linear";ed="In";};};{tm=.125;["root"]={cf=cfr(0,1.819,-.31,0,0,1,0,1,0,-1,0,0);es="Linear";ed="In";};["000-offset"]={cf=cfr(0,0,0,-.356,.88,.314,-.912,-.401,.087,.203,-.255,.945);es="Linear";ed="In";};["000-offset.009"]={cf=cfr(0,0,0,.453,-.891,.013,.889,.451,-.076,.062,.046,.997);es="Linear";ed="In";};["000-offset.012"]={cf=cfr(0,0,0,-.483,-.86,-.165,.854,-.504,.127,-.193,-.08,.978);es="Linear";ed="In";};["000-offset.001"]={cf=cfr(0,0,0,.812,-.409,-.416,.561,.743,.364,.16,-.529,.833);es="Linear";ed="In";};["000-offset.010"]={cf=cfr(0,0,0,.693,.721,0,-.721,.693,0,0,0,1);es="Linear";ed="In";};["000-offset.013"]={cf=cfr(0,0,0,.689,.725,0,-.725,.689,0,0,0,1);es="Linear";ed="In";};["000-offset.002"]={cf=cfr(0,0,0,.952,.286,.111,-.138,.722,-.678,-.274,.63,.727);es="Linear";ed="In";};["000-offset.011"]={cf=cfr(0,0,0,.633,-.774,-.02,.774,.633,-.018,.026,-.004,1);es="Linear";ed="In";};["000-offset.014"]={cf=cfr(0,0,0,.609,-.793,.013,.792,.609,.054,-.051,-.023,.998);es="Linear";ed="In";};["000-offset.006"]={cf=cfr(0,0,0,-.353,-.788,-.504,.497,-.615,.613,-.793,-.034,.609);es="Linear";ed="In";};["000-offset.003"]={cf=cfr(0,0,0,.425,-.897,.118,.269,0,-.963,.864,.442,.242);es="Linear";ed="In";};["000-offset.004"]={cf=cfr(0,0,0,.825,-.566,0,.566,.825,0,0,0,1);es="Linear";ed="In";};["000-offset.008"]={cf=cfr(0,0,0,.169,-.44,.882,.863,.499,.083,-.476,.747,.464);es="Linear";ed="In";};["000-offset.005"]={cf=cfr(0,0,0,.743,-.633,-.219,.656,.625,.422,-.13,-.458,.88);es="Linear";ed="In";};};{tm=.167;["root"]={cf=cfr(0,1.847,-.296,0,0,1,0,1,0,-1,0,0);es="Linear";ed="In";};["000-offset"]={cf=cfr(0,0,0,-.368,.878,.305,-.909,-.409,.081,.196,-.247,.949);es="Linear";ed="In";};["000-offset.009"]={cf=cfr(0,0,0,.425,-.905,.019,.902,.422,-.096,.079,.058,.995);es="Linear";ed="In";};["000-offset.012"]={cf=cfr(0,0,0,-.478,-.86,-.178,.855,-.502,.132,-.203,-.089,.975);es="Linear";ed="In";};["000-offset.001"]={cf=cfr(0,0,0,.828,-.4,-.394,.54,.76,.363,.154,-.513,.844);es="Linear";ed="In";};["000-offset.010"]={cf=cfr(0,0,0,.678,.735,0,-.735,.678,0,0,0,1);es="Linear";ed="In";};["000-offset.013"]={cf=cfr(0,0,0,.675,.738,0,-.738,.675,0,0,0,1);es="Linear";ed="In";};["000-offset.002"]={cf=cfr(0,0,0,.958,.253,.132,-.108,.748,-.655,-.264,.613,.744);es="Linear";ed="In";};["000-offset.011"]={cf=cfr(0,0,0,.626,-.779,-.02,.779,.627,-.018,.026,-.005,1);es="Linear";ed="In";};["000-offset.014"]={cf=cfr(0,0,0,.599,-.801,.013,.799,.599,.054,-.051,-.022,.998);es="Linear";ed="In";};["000-offset.006"]={cf=cfr(0,0,0,-.362,-.785,-.502,.492,-.618,.613,-.791,-.025,.611);es="Linear";ed="In";};["000-offset.003"]={cf=cfr(0,0,0,.401,-.908,.124,.234,-.03,-.972,.886,.419,.201);es="Linear";ed="In";};["000-offset.004"]={cf=cfr(0,0,0,.82,-.573,0,.573,.82,0,0,0,1);es="Linear";ed="In";};["000-offset.008"]={cf=cfr(0,0,0,.195,-.441,.876,.868,.494,.056,-.458,.749,.479);es="Linear";ed="In";};["000-offset.005"]={cf=cfr(0,0,0,.748,-.624,-.225,.651,.627,.427,-.125,-.466,.876);es="Linear";ed="In";};};{tm=.208;["root"]={cf=cfr(0,1.889,-.282,0,0,1,0,1,0,-1,0,0);es="Linear";ed="In";};["000-offset"]={cf=cfr(0,0,0,-.383,.876,.293,-.905,-.42,.073,.187,-.237,.953);es="Linear";ed="In";};["000-offset.009"]={cf=cfr(0,0,0,.391,-.92,.028,.915,.385,-.12,.1,.073,.992);es="Linear";ed="In";};["000-offset.012"]={cf=cfr(0,0,0,-.471,-.861,-.194,.855,-.499,.138,-.216,-.101,.971);es="Linear";ed="In";};["000-offset.001"]={cf=cfr(0,0,0,.845,-.387,-.368,.513,.779,.36,.147,-.493,.858);es="Linear";ed="In";};["000-offset.010"]={cf=cfr(0,0,0,.659,.752,0,-.752,.659,0,0,0,1);es="Linear";ed="In";};["000-offset.013"]={cf=cfr(0,0,0,.658,.753,0,-.753,.658,0,0,0,1);es="Linear";ed="In";};["000-offset.002"]={cf=cfr(0,0,0,.965,.212,.155,-.07,.777,-.625,-.253,.592,.765);es="Linear";ed="In";};["000-offset.011"]={cf=cfr(0,0,0,.618,-.786,-.02,.786,.618,-.018,.026,-.005,1);es="Linear";ed="In";};["000-offset.014"]={cf=cfr(0,0,0,.587,-.81,.013,.808,.587,.054,-.051,-.021,.998);es="Linear";ed="In";};["000-offset.006"]={cf=cfr(0,0,0,-.373,-.782,-.499,.486,-.623,.613,-.79,-.014,.613);es="Linear";ed="In";};["000-offset.003"]={cf=cfr(0,0,0,.368,-.92,.134,.194,-.065,-.979,.909,.386,.155);es="Linear";ed="In";};["000-offset.004"]={cf=cfr(0,0,0,.814,-.581,0,.581,.814,0,0,0,1);es="Linear";ed="In";};["000-offset.008"]={cf=cfr(0,0,0,.226,-.444,.867,.872,.489,.024,-.435,.75,.498);es="Linear";ed="In";};["000-offset.005"]={cf=cfr(0,0,0,.755,-.613,-.231,.645,.63,.432,-.119,-.476,.871);es="Linear";ed="In";};};{tm=.25;["root"]={cf=cfr(0,1.932,-.268,0,0,1,0,1,0,-1,0,0);es="Linear";ed="In";};["000-offset"]={cf=cfr(0,0,0,-.4,.873,.279,-.899,-.432,.065,.177,-.225,.958);es="Linear";ed="In";};["000-offset.009"]={cf=cfr(0,0,0,.349,-.936,.041,.929,.34,-.147,.124,.09,.988);es="Linear";ed="In";};["000-offset.012"]={cf=cfr(0,0,0,-.463,-.861,-.212,.856,-.496,.146,-.23,-.114,.966);es="Linear";ed="In";};["000-offset.001"]={cf=cfr(0,0,0,.865,-.371,-.338,.482,.801,.354,.14,-.469,.872);es="Linear";ed="In";};["000-offset.010"]={cf=cfr(0,0,0,.637,.771,0,-.771,.637,0,0,0,1);es="Linear";ed="In";};["000-offset.013"]={cf=cfr(0,0,0,.638,.77,0,-.77,.638,0,0,0,1);es="Linear";ed="In";};["000-offset.002"]={cf=cfr(0,0,0,.97,.162,.179,-.026,.808,-.589,-.24,.567,.788);es="Linear";ed="In";};["000-offset.011"]={cf=cfr(0,0,0,.609,-.793,-.02,.793,.609,-.018,.026,-.005,1);es="Linear";ed="In";};["000-offset.014"]={cf=cfr(0,0,0,.573,-.82,.013,.818,.573,.054,-.052,-.02,.998);es="Linear";ed="In";};["000-offset.006"]={cf=cfr(0,0,0,-.386,-.778,-.495,.479,-.628,.613,-.788,-.001,.615);es="Linear";ed="In";};["000-offset.003"]={cf=cfr(0,0,0,.325,-.934,.148,.151,-.103,-.983,.934,.342,.108);es="Linear";ed="In";};["000-offset.004"]={cf=cfr(0,0,0,.807,-.59,0,.59,.807,0,0,0,1);es="Linear";ed="In";};["000-offset.008"]={cf=cfr(0,0,0,.262,-.448,.855,.874,.485,-.014,-.408,.751,.519);es="Linear";ed="In";};["000-offset.005"]={cf=cfr(0,0,0,.763,-.601,-.239,.637,.634,.439,-.112,-.487,.866);es="Linear";ed="In";};};{tm=.292;["root"]={cf=cfr(0,1.974,-.254,0,0,1,0,1,0,-1,0,0);es="Linear";ed="In";};["000-offset"]={cf=cfr(0,0,0,-.418,.869,.263,-.893,-.447,.056,.166,-.211,.963);es="Linear";ed="In";};["000-offset.009"]={cf=cfr(0,0,0,.303,-.951,.058,.941,.289,-.176,.15,.108,.983);es="Linear";ed="In";};["000-offset.012"]={cf=cfr(0,0,0,-.454,-.86,-.231,.856,-.494,.154,-.247,-.128,.961);es="Linear";ed="In";};["000-offset.001"]={cf=cfr(0,0,0,.885,-.351,-.306,.447,.825,.346,.131,-.443,.887);es="Linear";ed="In";};["000-offset.010"]={cf=cfr(0,0,0,.612,.791,0,-.791,.612,0,0,0,1);es="Linear";ed="In";};["000-offset.013"]={cf=cfr(0,0,0,.615,.788,0,-.788,.615,0,0,0,1);es="Linear";ed="In";};["000-offset.002"]={cf=cfr(0,0,0,.974,.105,.2,.023,.837,-.547,-.225,.537,.813);es="Linear";ed="In";};["000-offset.011"]={cf=cfr(0,0,0,.598,-.802,-.02,.801,.598,-.018,.026,-.006,1);es="Linear";ed="In";};["000-offset.014"]={cf=cfr(0,0,0,.557,-.831,.013,.829,.557,.054,-.052,-.019,.998);es="Linear";ed="In";};["000-offset.006"]={cf=cfr(0,0,0,-.4,-.773,-.492,.47,-.634,.614,-.787,.014,.617);es="Linear";ed="In";};["000-offset.003"]={cf=cfr(0,0,0,.272,-.948,.167,.108,-.142,-.984,.956,.285,.064);es="Linear";ed="In";};["000-offset.004"]={cf=cfr(0,0,0,.8,-.601,0,.601,.8,0,0,0,1);es="Linear";ed="In";};["000-offset.008"]={cf=cfr(0,0,0,.303,-.454,.838,.875,.481,-.055,-.378,.75,.543);es="Linear";ed="In";};["000-offset.005"]={cf=cfr(0,0,0,.771,-.587,-.247,.628,.637,.446,-.104,-.5,.86);es="Linear";ed="In";};};{tm=.333;["root"]={cf=cfr(0,2.03,-.24,0,0,1,0,1,0,-1,0,0);es="Linear";ed="In";};["000-offset"]={cf=cfr(0,0,0,-.438,.865,.245,-.886,-.462,.047,.154,-.196,.968);es="Linear";ed="In";};["000-offset.009"]={cf=cfr(0,0,0,.252,-.964,.08,.951,.231,-.205,.179,.128,.976);es="Linear";ed="In";};["000-offset.012"]={cf=cfr(0,0,0,-.445,-.859,-.252,.856,-.491,.163,-.264,-.143,.954);es="Linear";ed="In";};["000-offset.001"]={cf=cfr(0,0,0,.905,-.327,-.271,.407,.85,.334,.121,-.413,.903);es="Linear";ed="In";};["000-offset.010"]={cf=cfr(0,0,0,.583,.812,0,-.812,.583,0,0,0,1);es="Linear";ed="In";};["000-offset.013"]={cf=cfr(0,0,0,.59,.807,0,-.807,.59,0,0,0,1);es="Linear";ed="In";};["000-offset.002"]={cf=cfr(0,0,0,.975,.041,.218,.076,.863,-.5,-.209,.504,.838);es="Linear";ed="In";};["000-offset.011"]={cf=cfr(0,0,0,.586,-.81,-.02,.81,.586,-.018,.026,-.006,1);es="Linear";ed="In";};["000-offset.014"]={cf=cfr(0,0,0,.539,-.842,.013,.841,.539,.054,-.052,-.018,.998);es="Linear";ed="In";};["000-offset.006"]={cf=cfr(0,0,0,-.415,-.768,-.488,.461,-.64,.615,-.785,.03,.619);es="Linear";ed="In";};["000-offset.003"]={cf=cfr(0,0,0,.208,-.959,.192,.069,-.181,-.981,.976,.217,.028);es="Linear";ed="In";};["000-offset.004"]={cf=cfr(0,0,0,.791,-.612,0,.612,.791,0,0,0,1);es="Linear";ed="In";};["000-offset.008"]={cf=cfr(0,0,0,.347,-.46,.817,.872,.479,-.101,-.345,.747,.568);es="Linear";ed="In";};["000-offset.005"]={cf=cfr(0,0,0,.78,-.571,-.256,.619,.641,.455,-.096,-.513,.853);es="Linear";ed="In";};};{tm=.375;["root"]={cf=cfr(0,2.073,-.211,0,0,1,0,1,0,-1,0,0);es="Linear";ed="In";};["000-offset"]={cf=cfr(0,0,0,-.459,.859,.226,-.877,-.479,.039,.141,-.181,.973);es="Linear";ed="In";};["000-offset.009"]={cf=cfr(0,0,0,.197,-.974,.107,.958,.168,-.233,.209,.148,.967);es="Linear";ed="In";};["000-offset.012"]={cf=cfr(0,0,0,-.434,-.858,-.275,.855,-.488,.173,-.283,-.159,.946);es="Linear";ed="In";};["000-offset.001"]={cf=cfr(0,0,0,.925,-.298,-.236,.364,.875,.319,.111,-.381,.918);es="Linear";ed="In";};["000-offset.010"]={cf=cfr(0,0,0,.552,.834,0,-.834,.552,0,0,0,1);es="Linear";ed="In";};["000-offset.013"]={cf=cfr(0,0,0,.562,.827,0,-.827,.562,0,0,0,1);es="Linear";ed="In";};["000-offset.002"]={cf=cfr(0,0,0,.972,-.029,.231,.133,.884,-.449,-.192,.467,.863);es="Linear";ed="In";};["000-offset.011"]={cf=cfr(0,0,0,.573,-.819,-.02,.819,.573,-.018,.026,-.006,1);es="Linear";ed="In";};["000-offset.014"]={cf=cfr(0,0,0,.52,-.854,.013,.852,.52,.054,-.052,-.017,.998);es="Linear";ed="In";};["000-offset.006"]={cf=cfr(0,0,0,-.43,-.762,-.484,.45,-.646,.617,-.783,.048,.62);es="Linear";ed="In";};["000-offset.003"]={cf=cfr(0,0,0,.136,-.966,.222,.035,-.219,-.975,.99,.14,.004);es="Linear";ed="In";};["000-offset.004"]={cf=cfr(0,0,0,.782,-.623,0,.623,.782,0,0,0,1);es="Linear";ed="In";};["000-offset.008"]={cf=cfr(0,0,0,.394,-.468,.791,.865,.479,-.148,-.309,.743,.594);es="Linear";ed="In";};["000-offset.005"]={cf=cfr(0,0,0,.789,-.554,-.265,.608,.644,.464,-.087,-.527,.845);es="Linear";ed="In";};};{tm=.417;["root"]={cf=cfr(0,2.129,-.197,0,0,1,0,1,0,-1,0,0);es="Linear";ed="In";};["000-offset"]={cf=cfr(0,0,0,-.481,.852,.206,-.867,-.497,.03,.128,-.164,.978);es="Linear";ed="In";};["000-offset.009"]={cf=cfr(0,0,0,.141,-.98,.138,.96,.101,-.26,.241,.169,.956);es="Linear";ed="In";};["000-offset.012"]={cf=cfr(0,0,0,-.423,-.856,-.297,.854,-.486,.184,-.302,-.176,.937);es="Linear";ed="In";};["000-offset.001"]={cf=cfr(0,0,0,.943,-.266,-.201,.318,.899,.3,.101,-.347,.933);es="Linear";ed="In";};["000-offset.010"]={cf=cfr(0,0,0,.52,.854,0,-.854,.52,0,0,0,1);es="Linear";ed="In";};["000-offset.013"]={cf=cfr(0,0,0,.533,.846,0,-.846,.533,0,0,0,1);es="Linear";ed="In";};["000-offset.002"]={cf=cfr(0,0,0,.966,-.102,.238,.192,.898,-.395,-.174,.428,.887);es="Linear";ed="In";};["000-offset.011"]={cf=cfr(0,0,0,.559,-.829,-.02,.828,.56,-.018,.026,-.007,1);es="Linear";ed="In";};["000-offset.014"]={cf=cfr(0,0,0,.5,-.866,.013,.864,.5,.054,-.053,-.016,.998);es="Linear";ed="In";};["000-offset.006"]={cf=cfr(0,0,0,-.446,-.755,-.48,.438,-.652,.619,-.781,.066,.622);es="Linear";ed="In";};["000-offset.003"]={cf=cfr(0,0,0,.056,-.965,.255,.011,-.254,-.967,.998,.057,-.004);es="Linear";ed="In";};["000-offset.004"]={cf=cfr(0,0,0,.772,-.636,0,.636,.772,0,0,0,1);es="Linear";ed="In";};["000-offset.008"]={cf=cfr(0,0,0,.442,-.476,.76,.855,.481,-.196,-.272,.736,.62);es="Linear";ed="In";};["000-offset.005"]={cf=cfr(0,0,0,.798,-.537,-.274,.597,.647,.474,-.077,-.542,.837);es="Linear";ed="In";};};{tm=.458;["root"]={cf=cfr(0,2.185,-.169,0,0,1,0,1,0,-1,0,0);es="Linear";ed="In";};["000-offset"]={cf=cfr(0,0,0,-.503,.845,.185,-.857,-.515,.023,.114,-.147,.983);es="Linear";ed="In";};["000-offset.009"]={cf=cfr(0,0,0,.083,-.981,.174,.959,.031,-.283,.272,.19,.943);es="Linear";ed="In";};["000-offset.012"]={cf=cfr(0,0,0,-.412,-.853,-.32,.852,-.485,.195,-.322,-.192,.927);es="Linear";ed="In";};["000-offset.001"]={cf=cfr(0,0,0,.959,-.23,-.167,.27,.922,.277,.09,-.311,.946);es="Linear";ed="In";};["000-offset.010"]={cf=cfr(0,0,0,.485,.874,0,-.874,.485,0,0,0,1);es="Linear";ed="In";};["000-offset.013"]={cf=cfr(0,0,0,.502,.865,0,-.865,.502,0,0,0,1);es="Linear";ed="In";};["000-offset.002"]={cf=cfr(0,0,0,.955,-.177,.238,.253,.906,-.341,-.155,.386,.909);es="Linear";ed="In";};["000-offset.011"]={cf=cfr(0,0,0,.545,-.838,-.02,.838,.546,-.018,.026,-.007,1);es="Linear";ed="In";};["000-offset.014"]={cf=cfr(0,0,0,.479,-.877,.013,.876,.479,.053,-.053,-.014,.998);es="Linear";ed="In";};["000-offset.006"]={cf=cfr(0,0,0,-.462,-.748,-.476,.425,-.658,.621,-.778,.084,.622);es="Linear";ed="In";};["000-offset.003"]={cf=cfr(0,0,0,-.028,-.957,.289,-.003,-.289,-.957,1,-.028,.005);es="Linear";ed="In";};["000-offset.004"]={cf=cfr(0,0,0,.762,-.648,0,.648,.762,0,0,0,1);es="Linear";ed="In";};["000-offset.008"]={cf=cfr(0,0,0,.491,-.485,.724,.839,.486,-.244,-.233,.727,.646);es="Linear";ed="In";};["000-offset.005"]={cf=cfr(0,0,0,.807,-.518,-.282,.586,.65,.484,-.068,-.557,.828);es="Linear";ed="In";};};{tm=.5;["root"]={cf=cfr(0,2.242,-.155,0,0,1,0,1,0,-1,0,0);es="Linear";ed="In";};["000-offset"]={cf=cfr(0,0,0,-.524,.836,.163,-.846,-.534,.016,.101,-.129,.986);es="Linear";ed="In";};["000-offset.009"]={cf=cfr(0,0,0,.025,-.977,.213,.952,-.042,-.302,.304,.21,.929);es="Linear";ed="In";};["000-offset.012"]={cf=cfr(0,0,0,-.401,-.85,-.342,.85,-.484,.207,-.341,-.208,.917);es="Linear";ed="In";};["000-offset.001"]={cf=cfr(0,0,0,.972,-.192,-.135,.221,.942,.252,.079,-.275,.958);es="Linear";ed="In";};["000-offset.010"]={cf=cfr(0,0,0,.45,.893,0,-.893,.45,0,0,0,1);es="Linear";ed="In";};["000-offset.013"]={cf=cfr(0,0,0,.47,.883,0,-.883,.47,0,0,0,1);es="Linear";ed="In";};["000-offset.002"]={cf=cfr(0,0,0,.94,-.251,.23,.312,.905,-.287,-.136,.342,.93);es="Linear";ed="In";};["000-offset.011"]={cf=cfr(0,0,0,.531,-.847,-.02,.847,.532,-.018,.025,-.008,1);es="Linear";ed="In";};["000-offset.014"]={cf=cfr(0,0,0,.458,-.889,.013,.887,.458,.054,-.053,-.013,.998);es="Linear";ed="In";};["000-offset.006"]={cf=cfr(0,0,0,-.477,-.741,-.473,.412,-.664,.624,-.776,.103,.622);es="Linear";ed="In";};["000-offset.003"]={cf=cfr(0,0,0,-.114,-.94,.321,-.006,-.322,-.947,.993,-.11,.031);es="Linear";ed="In";};["000-offset.004"]={cf=cfr(0,0,0,.751,-.66,0,.66,.751,0,0,0,1);es="Linear";ed="In";};["000-offset.008"]={cf=cfr(0,0,0,.539,-.494,.683,.82,.493,-.29,-.194,.716,.67);es="Linear";ed="In";};["000-offset.005"]={cf=cfr(0,0,0,.817,-.499,-.291,.574,.652,.495,-.058,-.571,.819);es="Linear";ed="In";};};{tm=.542;["root"]={cf=cfr(0,2.298,-.127,0,0,1,0,1,0,-1,0,0);es="Linear";ed="In";};["000-offset"]={cf=cfr(0,0,0,-.545,.826,.141,-.834,-.552,.011,.087,-.112,.99);es="Linear";ed="In";};["000-offset.009"]={cf=cfr(0,0,0,-.031,-.967,.254,.942,-.114,-.317,.335,.23,.914);es="Linear";ed="In";};["000-offset.012"]={cf=cfr(0,0,0,-.389,-.846,-.364,.848,-.484,.218,-.361,-.224,.905);es="Linear";ed="In";};["000-offset.001"]={cf=cfr(0,0,0,.983,-.151,-.106,.171,.96,.224,.068,-.238,.969);es="Linear";ed="In";};["000-offset.010"]={cf=cfr(0,0,0,.413,.911,0,-.911,.413,0,0,0,1);es="Linear";ed="In";};["000-offset.013"]={cf=cfr(0,0,0,.438,.899,0,-.899,.438,0,0,0,1);es="Linear";ed="In";};["000-offset.002"]={cf=cfr(0,0,0,.921,-.324,.216,.371,.898,-.236,-.118,.297,.947);es="Linear";ed="In";};["000-offset.011"]={cf=cfr(0,0,0,.517,-.856,-.02,.856,.517,-.018,.025,-.008,1);es="Linear";ed="In";};["000-offset.014"]={cf=cfr(0,0,0,.437,-.899,.013,.898,.437,.053,-.054,-.012,.998);es="Linear";ed="In";};["000-offset.006"]={cf=cfr(0,0,0,-.492,-.733,-.47,.398,-.669,.627,-.774,.122,.621);es="Linear";ed="In";};["000-offset.003"]={cf=cfr(0,0,0,-.199,-.916,.349,.004,-.356,-.934,.98,-.185,.074);es="Linear";ed="In";};["000-offset.004"]={cf=cfr(0,0,0,.741,-.672,0,.672,.741,0,0,0,1);es="Linear";ed="In";};["000-offset.008"]={cf=cfr(0,0,0,.584,-.502,.638,.797,.504,-.334,-.154,.703,.694);es="Linear";ed="In";};["000-offset.005"]={cf=cfr(0,0,0,.825,-.479,-.298,.562,.654,.507,-.048,-.586,.809);es="Linear";ed="In";};};{tm=.583;["root"]={cf=cfr(0,2.355,-.113,0,0,1,0,1,0,-1,0,0);es="Linear";ed="In";};["000-offset"]={cf=cfr(0,0,0,-.566,.816,.12,-.821,-.57,.006,.073,-.095,.993);es="Linear";ed="In";};["000-offset.009"]={cf=cfr(0,0,0,-.085,-.951,.297,.927,-.185,-.327,.366,.248,.897);es="Linear";ed="In";};["000-offset.012"]={cf=cfr(0,0,0,-.378,-.842,-.385,.845,-.484,.229,-.379,-.239,.894);es="Linear";ed="In";};["000-offset.001"]={cf=cfr(0,0,0,.991,-.108,-.081,.122,.973,.194,.058,-.202,.978);es="Linear";ed="In";};["000-offset.010"]={cf=cfr(0,0,0,.378,.926,0,-.926,.378,0,0,0,1);es="Linear";ed="In";};["000-offset.013"]={cf=cfr(0,0,0,.406,.914,0,-.914,.406,0,0,0,1);es="Linear";ed="In";};["000-offset.002"]={cf=cfr(0,0,0,.899,-.392,.196,.427,.884,-.188,-.1,.253,.962);es="Linear";ed="In";};["000-offset.011"]={cf=cfr(0,0,0,.503,-.864,-.02,.864,.503,-.018,.025,-.009,1);es="Linear";ed="In";};["000-offset.014"]={cf=cfr(0,0,0,.416,-.909,.013,.908,.416,.054,-.054,-.011,.998);es="Linear";ed="In";};["000-offset.006"]={cf=cfr(0,0,0,-.507,-.725,-.467,.384,-.674,.631,-.772,.14,.62);es="Linear";ed="In";};["000-offset.003"]={cf=cfr(0,0,0,-.279,-.886,.37,.024,-.391,-.92,.96,-.248,.13);es="Linear";ed="In";};["000-offset.004"]={cf=cfr(0,0,0,.73,-.683,0,.683,.73,0,0,0,1);es="Linear";ed="In";};["000-offset.008"]={cf=cfr(0,0,0,.627,-.508,.59,.77,.517,-.374,-.115,.689,.716);es="Linear";ed="In";};["000-offset.005"]={cf=cfr(0,0,0,.834,-.46,-.305,.551,.655,.518,-.038,-.6,.799);es="Linear";ed="In";};};{tm=.625;["root"]={cf=cfr(0,2.411,-.085,0,0,1,0,1,0,-1,0,0);es="Linear";ed="In";};["000-offset"]={cf=cfr(0,0,0,-.585,.805,.099,-.809,-.588,.003,.06,-.078,.995);es="Linear";ed="In";};["000-offset.009"]={cf=cfr(0,0,0,-.135,-.931,.34,.909,-.253,-.331,.394,.264,.88);es="Linear";ed="In";};["000-offset.012"]={cf=cfr(0,0,0,-.367,-.838,-.405,.841,-.484,.24,-.397,-.253,.882);es="Linear";ed="In";};["000-offset.001"]={cf=cfr(0,0,0,.996,-.066,-.059,.075,.984,.163,.048,-.167,.985);es="Linear";ed="In";};["000-offset.010"]={cf=cfr(0,0,0,.342,.94,0,-.94,.342,0,0,0,1);es="Linear";ed="In";};["000-offset.013"]={cf=cfr(0,0,0,.375,.927,0,-.927,.375,0,0,0,1);es="Linear";ed="In";};["000-offset.002"]={cf=cfr(0,0,0,.874,-.455,.171,.48,.865,-.145,-.082,.209,.974);es="Linear";ed="In";};["000-offset.011"]={cf=cfr(0,0,0,.489,-.872,-.02,.872,.49,-.018,.025,-.009,1);es="Linear";ed="In";};["000-offset.014"]={cf=cfr(0,0,0,.395,-.918,.013,.917,.395,.054,-.054,-.009,.998);es="Linear";ed="In";};["000-offset.006"]={cf=cfr(0,0,0,-.52,-.717,-.464,.37,-.679,.634,-.77,.158,.619);es="Linear";ed="In";};["000-offset.003"]={cf=cfr(0,0,0,-.353,-.854,.383,.053,-.427,-.903,.934,-.298,.196);es="Linear";ed="In";};["000-offset.004"]={cf=cfr(0,0,0,.72,-.694,0,.694,.72,0,0,0,1);es="Linear";ed="In";};["000-offset.008"]={cf=cfr(0,0,0,.666,-.514,.541,.742,.532,-.409,-.077,.674,.735);es="Linear";ed="In";};["000-offset.005"]={cf=cfr(0,0,0,.842,-.441,-.311,.539,.656,.529,-.029,-.613,.79);es="Linear";ed="In";};};{tm=.667;["root"]={cf=cfr(0,2.467,-.07,0,0,1,0,1,0,-1,0,0);es="Linear";ed="In";};["000-offset"]={cf=cfr(0,0,0,-.603,.794,.079,-.796,-.605,.001,.048,-.062,.997);es="Linear";ed="In";};["000-offset.009"]={cf=cfr(0,0,0,-.18,-.907,.381,.889,-.316,-.332,.421,.279,.863);es="Linear";ed="In";};["000-offset.012"]={cf=cfr(0,0,0,-.356,-.833,-.423,.838,-.485,.25,-.414,-.265,.871);es="Linear";ed="In";};["000-offset.001"]={cf=cfr(0,0,0,.999,-.024,-.041,.03,.991,.132,.038,-.133,.99);es="Linear";ed="In";};["000-offset.010"]={cf=cfr(0,0,0,.309,.951,0,-.951,.309,0,0,0,1);es="Linear";ed="In";};["000-offset.013"]={cf=cfr(0,0,0,.345,.939,0,-.939,.345,0,0,0,1);es="Linear";ed="In";};["000-offset.002"]={cf=cfr(0,0,0,.847,-.512,.144,.528,.843,-.108,-.065,.168,.984);es="Linear";ed="In";};["000-offset.011"]={cf=cfr(0,0,0,.476,-.879,-.02,.879,.476,-.018,.025,-.009,1);es="Linear";ed="In";};["000-offset.014"]={cf=cfr(0,0,0,.376,-.927,.013,.925,.376,.054,-.055,-.008,.998);es="Linear";ed="In";};["000-offset.006"]={cf=cfr(0,0,0,-.533,-.709,-.462,.357,-.683,.637,-.768,.175,.617);es="Linear";ed="In";};["000-offset.003"]={cf=cfr(0,0,0,-.417,-.821,.389,.089,-.463,-.882,.904,-.334,.266);es="Linear";ed="In";};["000-offset.004"]={cf=cfr(0,0,0,.71,-.704,0,.704,.71,0,0,0,1);es="Linear";ed="In";};["000-offset.008"]={cf=cfr(0,0,0,.701,-.517,.491,.712,.548,-.44,-.042,.658,.752);es="Linear";ed="In";};["000-offset.005"]={cf=cfr(0,0,0,.849,-.423,-.317,.528,.656,.539,-.021,-.625,.78);es="Linear";ed="In";};};{tm=.708;["root"]={cf=cfr(0,2.51,-.056,0,0,1,0,1,0,-1,0,0);es="Linear";ed="In";};["000-offset"]={cf=cfr(0,0,0,-.619,.783,.06,-.785,-.62,-.001,.037,-.048,.998);es="Linear";ed="In";};["000-offset.009"]={cf=cfr(0,0,0,-.221,-.881,.419,.868,-.374,-.328,.445,.292,.846);es="Linear";ed="In";};["000-offset.012"]={cf=cfr(0,0,0,-.347,-.829,-.44,.834,-.487,.26,-.429,-.277,.86);es="Linear";ed="In";};["000-offset.001"]={cf=cfr(0,0,0,1,.015,-.028,-.012,.995,.102,.029,-.102,.994);es="Linear";ed="In";};["000-offset.010"]={cf=cfr(0,0,0,.278,.961,0,-.961,.278,0,0,0,1);es="Linear";ed="In";};["000-offset.013"]={cf=cfr(0,0,0,.317,.948,0,-.948,.317,0,0,0,1);es="Linear";ed="In";};["000-offset.002"]={cf=cfr(0,0,0,.82,-.561,.114,.571,.818,-.077,-.05,.129,.99);es="Linear";ed="In";};["000-offset.011"]={cf=cfr(0,0,0,.464,-.886,-.02,.885,.464,-.018,.025,-.01,1);es="Linear";ed="In";};["000-offset.014"]={cf=cfr(0,0,0,.358,-.934,.013,.932,.358,.054,-.055,-.007,.998);es="Linear";ed="In";};["000-offset.006"]={cf=cfr(0,0,0,-.544,-.702,-.46,.344,-.686,.641,-.766,.19,.614);es="Linear";ed="In";};["000-offset.003"]={cf=cfr(0,0,0,-.472,-.792,.388,.129,-.497,-.858,.872,-.355,.337);es="Linear";ed="In";};["000-offset.004"]={cf=cfr(0,0,0,.701,-.713,0,.713,.701,0,0,0,1);es="Linear";ed="In";};["000-offset.008"]={cf=cfr(0,0,0,.731,-.519,.442,.682,.565,-.465,-.009,.642,.767);es="Linear";ed="In";};["000-offset.005"]={cf=cfr(0,0,0,.855,-.407,-.321,.518,.656,.549,-.013,-.636,.772);es="Linear";ed="In";};};{tm=.75;["root"]={cf=cfr(0,2.552,-.042,0,0,1,0,1,0,-1,0,0);es="Linear";ed="In";};["000-offset"]={cf=cfr(0,0,0,-.633,.773,.044,-.774,-.634,-.001,.027,-.034,.999);es="Linear";ed="In";};["000-offset.009"]={cf=cfr(0,0,0,-.256,-.853,.454,.846,-.425,-.321,.467,.302,.831);es="Linear";ed="In";};["000-offset.012"]={cf=cfr(0,0,0,-.338,-.824,-.454,.83,-.488,.268,-.443,-.286,.85);es="Linear";ed="In";};["000-offset.001"]={cf=cfr(0,0,0,.999,.051,-.017,-.05,.996,.075,.021,-.074,.997);es="Linear";ed="In";};["000-offset.010"]={cf=cfr(0,0,0,.249,.968,0,-.968,.249,0,0,0,1);es="Linear";ed="In";};["000-offset.013"]={cf=cfr(0,0,0,.291,.957,0,-.957,.291,0,0,0,1);es="Linear";ed="In";};["000-offset.002"]={cf=cfr(0,0,0,.793,-.603,.085,.608,.792,-.052,-.036,.093,.995);es="Linear";ed="In";};["000-offset.011"]={cf=cfr(0,0,0,.453,-.891,-.02,.891,.453,-.018,.025,-.01,1);es="Linear";ed="In";};["000-offset.014"]={cf=cfr(0,0,0,.341,-.94,.013,.938,.341,.054,-.055,-.006,.998);es="Linear";ed="In";};["000-offset.006"]={cf=cfr(0,0,0,-.553,-.695,-.459,.332,-.689,.644,-.764,.204,.612);es="Linear";ed="In";};["000-offset.003"]={cf=cfr(0,0,0,-.517,-.766,.383,.169,-.529,-.831,.839,-.365,.403);es="Linear";ed="In";};["000-offset.004"]={cf=cfr(0,0,0,.692,-.722,0,.722,.692,0,0,0,1);es="Linear";ed="In";};["000-offset.008"]={cf=cfr(0,0,0,.757,-.519,.397,.653,.581,-.485,.021,.627,.779);es="Linear";ed="In";};["000-offset.005"]={cf=cfr(0,0,0,.861,-.391,-.325,.509,.655,.558,-.005,-.646,.763);es="Linear";ed="In";};};{tm=.792;["root"]={cf=cfr(0,2.594,-.028,0,0,1,0,1,0,-1,0,0);es="Linear";ed="In";};["000-offset"]={cf=cfr(0,0,0,-.645,.763,.029,-.764,-.646,-.001,.018,-.023,1);es="Linear";ed="In";};["000-offset.009"]={cf=cfr(0,0,0,-.284,-.827,.485,.827,-.468,-.313,.486,.311,.817);es="Linear";ed="In";};["000-offset.012"]={cf=cfr(0,0,0,-.331,-.82,-.467,.827,-.49,.276,-.455,-.295,.84);es="Linear";ed="In";};["000-offset.001"]={cf=cfr(0,0,0,.997,.083,-.01,-.082,.995,.05,.014,-.049,.999);es="Linear";ed="In";};["000-offset.010"]={cf=cfr(0,0,0,.224,.975,0,-.975,.224,0,0,0,1);es="Linear";ed="In";};["000-offset.013"]={cf=cfr(0,0,0,.269,.963,0,-.963,.269,0,0,0,1);es="Linear";ed="In";};["000-offset.002"]={cf=cfr(0,0,0,.769,-.637,.058,.639,.768,-.032,-.024,.062,.998);es="Linear";ed="In";};["000-offset.011"]={cf=cfr(0,0,0,.443,-.896,-.02,.896,.444,-.018,.025,-.01,1);es="Linear";ed="In";};["000-offset.014"]={cf=cfr(0,0,0,.327,-.945,.013,.944,.327,.054,-.055,-.005,.998);es="Linear";ed="In";};["000-offset.006"]={cf=cfr(0,0,0,-.562,-.689,-.458,.321,-.692,.647,-.763,.216,.61);es="Linear";ed="In";};["000-offset.003"]={cf=cfr(0,0,0,-.551,-.746,.375,.208,-.557,-.804,.808,-.365,.462);es="Linear";ed="In";};["000-offset.004"]={cf=cfr(0,0,0,.685,-.729,0,.729,.685,0,0,0,1);es="Linear";ed="In";};["000-offset.008"]={cf=cfr(0,0,0,.777,-.518,.356,.627,.596,-.501,.047,.613,.789);es="Linear";ed="In";};["000-offset.005"]={cf=cfr(0,0,0,.866,-.378,-.328,.5,.655,.566,.001,-.654,.756);es="Linear";ed="In";};};{tm=.833;["root"]={cf=cfr(0,2.623,-.014,0,0,1,0,1,0,-1,0,0);es="Linear";ed="In";};["000-offset"]={cf=cfr(0,0,0,-.655,.755,.017,-.755,-.655,-.001,.01,-.014,1);es="Linear";ed="In";};["000-offset.009"]={cf=cfr(0,0,0,-.307,-.804,.509,.809,-.502,-.305,.501,.318,.805);es="Linear";ed="In";};["000-offset.012"]={cf=cfr(0,0,0,-.324,-.817,-.477,.824,-.492,.282,-.464,-.302,.833);es="Linear";ed="In";};["000-offset.001"]={cf=cfr(0,0,0,.994,.109,-.005,-.109,.994,.03,.008,-.029,1);es="Linear";ed="In";};["000-offset.010"]={cf=cfr(0,0,0,.203,.979,0,-.979,.203,0,0,0,1);es="Linear";ed="In";};["000-offset.013"]={cf=cfr(0,0,0,.251,.968,0,-.968,.251,0,0,0,1);es="Linear";ed="In";};["000-offset.002"]={cf=cfr(0,0,0,.747,-.664,.035,.664,.747,-.018,-.014,.037,.999);es="Linear";ed="In";};["000-offset.011"]={cf=cfr(0,0,0,.435,-.9,-.02,.9,.436,-.018,.025,-.01,1);es="Linear";ed="In";};["000-offset.014"]={cf=cfr(0,0,0,.315,-.949,.013,.948,.315,.054,-.056,-.005,.998);es="Linear";ed="In";};["000-offset.006"]={cf=cfr(0,0,0,-.568,-.684,-.457,.312,-.693,.649,-.761,.226,.607);es="Linear";ed="In";};["000-offset.003"]={cf=cfr(0,0,0,-.576,-.731,.366,.242,-.58,-.778,.781,-.36,.511);es="Linear";ed="In";};["000-offset.004"]={cf=cfr(0,0,0,.679,-.734,0,.734,.679,0,0,0,1);es="Linear";ed="In";};["000-offset.008"]={cf=cfr(0,0,0,.793,-.517,.322,.605,.61,-.512,.068,.601,.796);es="Linear";ed="In";};["000-offset.005"]={cf=cfr(0,0,0,.87,-.367,-.33,.494,.654,.573,.006,-.661,.75);es="Linear";ed="In";};};{tm=.875;["root"]={cf=cfr(0,2.637,0,0,0,1,0,1,0,-1,0,0);es="Linear";ed="In";};["000-offset"]={cf=cfr(0,0,0,-.663,.749,.008,-.749,-.663,-.001,.005,-.006,1);es="Linear";ed="In";};["000-offset.009"]={cf=cfr(0,0,0,-.324,-.785,.528,.795,-.528,-.298,.512,.323,.796);es="Linear";ed="In";};["000-offset.012"]={cf=cfr(0,0,0,-.32,-.814,-.484,.822,-.493,.286,-.472,-.307,.827);es="Linear";ed="In";};["000-offset.001"]={cf=cfr(0,0,0,.992,.129,-.002,-.129,.992,.014,.004,-.014,1);es="Linear";ed="In";};["000-offset.010"]={cf=cfr(0,0,0,.188,.982,0,-.982,.188,0,0,0,1);es="Linear";ed="In";};["000-offset.013"]={cf=cfr(0,0,0,.237,.972,0,-.972,.237,0,0,0,1);es="Linear";ed="In";};["000-offset.002"]={cf=cfr(0,0,0,.731,-.683,.017,.683,.731,-.008,-.007,.017,1);es="Linear";ed="In";};["000-offset.011"]={cf=cfr(0,0,0,.429,-.903,-.02,.903,.43,-.018,.025,-.011,1);es="Linear";ed="In";};["000-offset.014"]={cf=cfr(0,0,0,.306,-.952,.013,.951,.306,.054,-.056,-.004,.998);es="Linear";ed="In";};["000-offset.006"]={cf=cfr(0,0,0,-.573,-.68,-.457,.305,-.695,.651,-.761,.234,.606);es="Linear";ed="In";};["000-offset.003"]={cf=cfr(0,0,0,-.594,-.72,.358,.269,-.597,-.756,.759,-.352,.548);es="Linear";ed="In";};["000-offset.004"]={cf=cfr(0,0,0,.674,-.739,0,.739,.674,0,0,0,1);es="Linear";ed="In";};["000-offset.008"]={cf=cfr(0,0,0,.805,-.515,.296,.588,.62,-.52,.084,.592,.802);es="Linear";ed="In";};["000-offset.005"]={cf=cfr(0,0,0,.873,-.358,-.332,.488,.654,.578,.01,-.666,.745);es="Linear";ed="In";};};{tm=.917;["root"]={cf=cfr(0,2.651,0,0,0,1,0,1,0,-1,0,0);es="Linear";ed="In";};["000-offset"]={cf=cfr(0,0,0,-.667,.745,.002,-.745,-.667,0,.001,-.002,1);es="Linear";ed="In";};["000-offset.009"]={cf=cfr(0,0,0,-.334,-.773,.54,.786,-.544,-.292,.52,.327,.789);es="Linear";ed="In";};["000-offset.012"]={cf=cfr(0,0,0,-.317,-.812,-.489,.82,-.494,.289,-.476,-.31,.823);es="Linear";ed="In";};["000-offset.001"]={cf=cfr(0,0,0,.99,.142,0,-.142,.99,.004,.001,-.004,1);es="Linear";ed="In";};["000-offset.010"]={cf=cfr(0,0,0,.177,.984,0,-.984,.177,0,0,0,1);es="Linear";ed="In";};["000-offset.013"]={cf=cfr(0,0,0,.228,.974,0,-.974,.228,0,0,0,1);es="Linear";ed="In";};["000-offset.002"]={cf=cfr(0,0,0,.72,-.694,.005,.694,.72,-.002,-.002,.005,1);es="Linear";ed="In";};["000-offset.011"]={cf=cfr(0,0,0,.425,-.905,-.02,.905,.426,-.018,.025,-.011,1);es="Linear";ed="In";};["000-offset.014"]={cf=cfr(0,0,0,.3,-.954,.013,.952,.3,.054,-.056,-.004,.998);es="Linear";ed="In";};["000-offset.006"]={cf=cfr(0,0,0,-.576,-.678,-.457,.301,-.696,.653,-.76,.239,.605);es="Linear";ed="In";};["000-offset.003"]={cf=cfr(0,0,0,-.604,-.715,.353,.286,-.608,-.741,.744,-.346,.572);es="Linear";ed="In";};["000-offset.004"]={cf=cfr(0,0,0,.671,-.741,0,.741,.671,0,0,0,1);es="Linear";ed="In";};["000-offset.008"]={cf=cfr(0,0,0,.812,-.513,.278,.576,.627,-.524,.095,.586,.805);es="Linear";ed="In";};["000-offset.005"]={cf=cfr(0,0,0,.874,-.353,-.333,.485,.653,.581,.012,-.67,.743);es="Linear";ed="In";};};{tm=.958;["RootNode"]={cf=cfr(0,0,0,-1,0,0,0,1,0,0,0,-1);es="Linear";ed="In";};["root"]={cf=cfr(0,2.665,0,0,0,1,0,1,0,-1,0,0);es="Linear";ed="In";};["000-offset"]={cf=cfr(0,0,0,-.669,.743,0,-.743,-.669,0,0,0,1);es="Linear";ed="In";};["004-offset.001"]={cf=cfr(0,0,0,-.015,-1,0,1,-.015,0,0,0,1);es="Linear";ed="In";};["006-offset"]={cf=cfr(0,0,0,-.015,-1,0,1,-.015,0,0,0,1);es="Linear";ed="In";};["000-offset.009"]={cf=cfr(0,0,0,-.338,-.768,.544,.783,-.551,-.29,.523,.328,.787);es="Linear";ed="In";};["000-offset.012"]={cf=cfr(0,0,0,-.316,-.812,-.491,.82,-.494,.29,-.478,-.311,.821);es="Linear";ed="In";};["000-offset.001"]={cf=cfr(0,0,0,.989,.147,0,-.147,.989,0,0,0,1);es="Linear";ed="In";};["000-offset.010"]={cf=cfr(0,0,0,.174,.985,0,-.985,.174,0,0,0,1);es="Linear";ed="In";};["000-offset.013"]={cf=cfr(0,0,0,.224,.975,0,-.975,.224,0,0,0,1);es="Linear";ed="In";};["004-offset"]={cf=cfr(0,0,0,.002,-.99,-.139,1,.002,.002,-.001,-.139,.99);es="Linear";ed="In";};["002-offset"]={cf=cfr(0,0,0,.001,-.991,.131,1,0,-.008,.008,.131,.991);es="Linear";ed="In";};["000-offset.002"]={cf=cfr(0,0,0,.715,-.699,0,.699,.715,0,0,0,1);es="Linear";ed="In";};["000-offset.011"]={cf=cfr(0,0,0,.424,-.905,-.02,.905,.424,-.018,.025,-.011,1);es="Linear";ed="In";};["000-offset.014"]={cf=cfr(0,0,0,.297,-.955,.013,.953,.298,.054,-.056,-.004,.998);es="Linear";ed="In";};["000-offset.006"]={cf=cfr(0,0,0,-.577,-.677,-.457,.299,-.696,.653,-.76,.241,.604);es="Linear";ed="In";};["000-offset.003"]={cf=cfr(0,0,0,-.608,-.712,.351,.293,-.612,-.734,.738,-.343,.581);es="Linear";ed="In";};["000-offset.007"]={cf=cfr(0,0,0,.952,-.305,0,.305,.952,0,0,0,1);es="Linear";ed="In";};["000-offset.004"]={cf=cfr(0,0,0,.67,-.742,0,.742,.67,0,0,0,1);es="Linear";ed="In";};["000-offset.008"]={cf=cfr(0,0,0,.814,-.513,.271,.572,.63,-.526,.099,.583,.806);es="Linear";ed="In";};["000-offset.005"]={cf=cfr(0,0,0,.875,-.351,-.333,.484,.653,.583,.013,-.671,.741);es="Linear";ed="In";};};}