local cfr = CFrame.new

return {{tm=0;["RootNode"]={cf=cfr(0,0,0,-1,0,0,0,1,0,0,0,-1);es="Linear";ed="In";};["root"]={cf=cfr(-.014,1.579,-2.651,0,0,1,0,1,0,-1,0,0);es="Linear";ed="In";};["000-offset"]={cf=cfr(0,0,0,-.348,.898,.269,-.935,-.351,-.039,.06,-.265,.962);es="Linear";ed="In";};["004-offset.001"]={cf=cfr(0,0,0,-.015,-1,0,1,-.015,0,0,0,1);es="Linear";ed="In";};["006-offset"]={cf=cfr(0,0,0,-.015,-1,0,1,-.015,0,0,0,1);es="Linear";ed="In";};["000-offset.009"]={cf=cfr(0,0,0,-.939,.16,-.304,-.17,-.985,.009,-.298,.06,.953);es="Linear";ed="In";};["000-offset.012"]={cf=cfr(0,0,0,-.066,-.864,-.499,.994,-.099,.041,-.085,-.493,.866);es="Linear";ed="In";};["000-offset.001"]={cf=cfr(0,0,0,.946,-.051,-.321,.184,.898,.399,.268,-.436,.859);es="Linear";ed="In";};["000-offset.010"]={cf=cfr(0,0,0,.036,.999,0,-.999,.036,0,0,0,1);es="Linear";ed="In";};["000-offset.013"]={cf=cfr(0,0,0,-.403,.915,0,-.915,-.403,0,0,0,1);es="Linear";ed="In";};["004-offset"]={cf=cfr(0,0,0,.035,-.999,0,.999,.035,0,0,0,1);es="Linear";ed="In";};["002-offset"]={cf=cfr(0,0,0,.035,-.999,0,.999,.035,0,0,0,1);es="Linear";ed="In";};["000-offset.002"]={cf=cfr(0,0,0,.946,-.244,.215,.324,.658,-.68,.024,.713,.701);es="Linear";ed="In";};["000-offset.011"]={cf=cfr(0,0,0,.219,-.971,-.096,.976,.217,.028,-.007,-.1,.995);es="Linear";ed="In";};["000-offset.014"]={cf=cfr(0,0,0,.12,-.991,-.053,.993,.121,-.007,.014,-.052,.999);es="Linear";ed="In";};["000-offset.006"]={cf=cfr(0,0,0,.04,-.988,.147,-.087,.143,.986,-.995,-.053,-.08);es="Linear";ed="In";};["000-offset.003"]={cf=cfr(0,0,0,.226,-.973,-.052,.295,.119,-.948,.929,.199,.313);es="Linear";ed="In";};["000-offset.007"]={cf=cfr(0,0,0,.863,-.505,0,.505,.863,0,0,0,1);es="Linear";ed="In";};["000-offset.004"]={cf=cfr(0,0,0,.66,-.751,0,.751,.66,0,0,0,1);es="Linear";ed="In";};["000-offset.008"]={cf=cfr(0,0,0,.188,-.584,.79,-.033,.8,.599,-.982,-.139,.131);es="Linear";ed="In";};["000-offset.005"]={cf=cfr(0,0,0,.78,-.625,.044,.479,.55,-.684,.403,.555,.728);es="Linear";ed="In";};};{tm=.042;["root"]={cf=cfr(-.014,1.65,-2.496,0,0,1,0,1,0,-1,0,0);es="Linear";ed="In";};["000-offset"]={cf=cfr(0,0,0,-.312,.914,.26,-.949,-.315,-.031,.053,-.256,.965);es="Linear";ed="In";};["000-offset.009"]={cf=cfr(0,0,0,-.956,.101,-.276,-.113,-.993,.031,-.271,.061,.961);es="Linear";ed="In";};["000-offset.012"]={cf=cfr(0,0,0,-.084,-.869,-.488,.992,-.118,.039,-.092,-.481,.872);es="Linear";ed="In";};["000-offset.001"]={cf=cfr(0,0,0,.966,-.04,-.257,.13,.93,.343,.225,-.364,.904);es="Linear";ed="In";};["000-offset.010"]={cf=cfr(0,0,0,.167,.986,0,-.986,.167,0,0,0,1);es="Linear";ed="In";};["000-offset.013"]={cf=cfr(0,0,0,-.37,.929,0,-.929,-.37,0,0,0,1);es="Linear";ed="In";};["000-offset.002"]={cf=cfr(0,0,0,.964,-.219,.153,.266,.73,-.629,.026,.647,.762);es="Linear";ed="In";};["000-offset.011"]={cf=cfr(0,0,0,.206,-.974,-.093,.979,.204,.026,-.007,-.097,.995);es="Linear";ed="In";};["000-offset.014"]={cf=cfr(0,0,0,.043,-.998,-.041,.999,.043,-.009,.011,-.041,.999);es="Linear";ed="In";};["000-offset.006"]={cf=cfr(0,0,0,.028,-.989,.148,-.065,.146,.987,-.998,-.037,-.06);es="Linear";ed="In";};["000-offset.003"]={cf=cfr(0,0,0,.226,-.972,-.061,.298,.128,-.946,.928,.196,.318);es="Linear";ed="In";};["000-offset.007"]={cf=cfr(0,0,0,.849,-.529,0,.529,.849,0,0,0,1);es="Linear";ed="In";};["000-offset.004"]={cf=cfr(0,0,0,.665,-.747,0,.747,.665,0,0,0,1);es="Linear";ed="In";};["000-offset.008"]={cf=cfr(0,0,0,.251,-.564,.787,-.029,.808,.589,-.968,-.17,.186);es="Linear";ed="In";};["000-offset.005"]={cf=cfr(0,0,0,.785,-.619,.032,.478,.572,-.667,.394,.538,.745);es="Linear";ed="In";};};{tm=.083;["root"]={cf=cfr(-.014,1.791,-2.171,0,0,1,0,1,0,-1,0,0);es="Linear";ed="In";};["000-offset"]={cf=cfr(0,0,0,-.236,.942,.239,-.971,-.239,-.018,.04,-.236,.971);es="Linear";ed="In";};["000-offset.009"]={cf=cfr(0,0,0,-.974,0,-.225,-.013,-.998,.058,-.225,.06,.973);es="Linear";ed="In";};["000-offset.012"]={cf=cfr(0,0,0,-.113,-.876,-.469,.988,-.148,.038,-.103,-.459,.882);es="Linear";ed="In";};["000-offset.001"]={cf=cfr(0,0,0,.989,.004,-.151,.031,.973,.229,.148,-.231,.962);es="Linear";ed="In";};["000-offset.010"]={cf=cfr(0,0,0,.382,.924,0,-.924,.382,0,0,0,1);es="Linear";ed="In";};["000-offset.013"]={cf=cfr(0,0,0,-.323,.946,0,-.946,-.323,0,0,0,1);es="Linear";ed="In";};["000-offset.002"]={cf=cfr(0,0,0,.986,-.156,.058,.163,.835,-.526,.034,.528,.848);es="Linear";ed="In";};["000-offset.011"]={cf=cfr(0,0,0,.191,-.978,-.09,.982,.189,.024,-.006,-.093,.996);es="Linear";ed="In";};["000-offset.014"]={cf=cfr(0,0,0,-.104,-.994,-.019,.995,-.104,-.008,.006,-.02,1);es="Linear";ed="In";};["000-offset.006"]={cf=cfr(0,0,0,.014,-.989,.15,-.036,.149,.988,-.999,-.019,-.034);es="Linear";ed="In";};["000-offset.003"]={cf=cfr(0,0,0,.226,-.971,-.073,.302,.142,-.943,.926,.191,.325);es="Linear";ed="In";};["000-offset.007"]={cf=cfr(0,0,0,.82,-.573,0,.573,.82,0,0,0,1);es="Linear";ed="In";};["000-offset.004"]={cf=cfr(0,0,0,.672,-.741,0,.741,.672,0,0,0,1);es="Linear";ed="In";};["000-offset.008"]={cf=cfr(0,0,0,.334,-.533,.777,-.02,.82,.571,-.942,-.207,.263);es="Linear";ed="In";};["000-offset.005"]={cf=cfr(0,0,0,.793,-.61,.015,.476,.604,-.639,.381,.513,.769);es="Linear";ed="In";};};{tm=.125;["root"]={cf=cfr(-.014,1.96,-1.791,0,0,1,0,1,0,-1,0,0);es="Linear";ed="In";};["000-offset"]={cf=cfr(0,0,0,-.143,.967,.212,-.989,-.145,-.006,.025,-.211,.977);es="Linear";ed="In";};["000-offset.009"]={cf=cfr(0,0,0,-.979,-.127,-.158,.116,-.99,.079,-.167,.059,.984);es="Linear";ed="In";};["000-offset.012"]={cf=cfr(0,0,0,-.151,-.883,-.445,.982,-.187,.038,-.117,-.431,.895);es="Linear";ed="In";};["000-offset.001"]={cf=cfr(0,0,0,.994,.098,-.049,-.095,.993,.072,.056,-.067,.996);es="Linear";ed="In";};["000-offset.010"]={cf=cfr(0,0,0,.612,.791,0,-.791,.612,0,0,0,1);es="Linear";ed="In";};["000-offset.013"]={cf=cfr(0,0,0,-.264,.965,0,-.965,-.264,0,0,0,1);es="Linear";ed="In";};["000-offset.002"]={cf=cfr(0,0,0,.998,-.051,-.027,.038,.928,-.372,.044,.37,.928);es="Linear";ed="In";};["000-offset.011"]={cf=cfr(0,0,0,.173,-.981,-.087,.985,.172,.021,-.006,-.089,.996);es="Linear";ed="In";};["000-offset.014"]={cf=cfr(0,0,0,-.277,-.961,.004,.961,-.277,.001,.001,.004,1);es="Linear";ed="In";};["000-offset.006"]={cf=cfr(0,0,0,.001,-.988,.152,-.002,.152,.988,-1,-.001,-.002);es="Linear";ed="In";};["000-offset.003"]={cf=cfr(0,0,0,.226,-.97,-.089,.307,.158,-.938,.924,.185,.334);es="Linear";ed="In";};["000-offset.007"]={cf=cfr(0,0,0,.779,-.627,0,.627,.779,0,0,0,1);es="Linear";ed="In";};["000-offset.004"]={cf=cfr(0,0,0,.679,-.734,0,.734,.679,0,0,0,1);es="Linear";ed="In";};["000-offset.008"]={cf=cfr(0,0,0,.431,-.491,.757,-.006,.837,.547,-.902,-.24,.358);es="Linear";ed="In";};["000-offset.005"]={cf=cfr(0,0,0,.802,-.597,-.006,.474,.643,-.601,.363,.479,.799);es="Linear";ed="In";};};{tm=.167;["root"]={cf=cfr(-.014,2.129,-1.424,0,0,1,0,1,0,-1,0,0);es="Linear";ed="In";};["000-offset"]={cf=cfr(0,0,0,-.058,.981,.184,-.998,-.059,0,.01,-.183,.983);es="Linear";ed="In";};["000-offset.009"]={cf=cfr(0,0,0,-.962,-.261,-.083,.254,-.963,.087,-.103,.062,.993);es="Linear";ed="In";};["000-offset.012"]={cf=cfr(0,0,0,-.194,-.887,-.419,.972,-.231,.039,-.132,-.399,.907);es="Linear";ed="In";};["000-offset.001"]={cf=cfr(0,0,0,.974,.224,.01,-.223,.971,-.088,-.03,.083,.996);es="Linear";ed="In";};["000-offset.010"]={cf=cfr(0,0,0,.795,.607,0,-.607,.795,0,0,0,1);es="Linear";ed="In";};["000-offset.013"]={cf=cfr(0,0,0,-.193,.981,0,-.981,-.193,0,0,0,1);es="Linear";ed="In";};["000-offset.002"]={cf=cfr(0,0,0,.995,.071,-.07,-.084,.978,-.192,.054,.197,.979);es="Linear";ed="In";};["000-offset.011"]={cf=cfr(0,0,0,.153,-.985,-.083,.988,.152,.018,-.005,-.084,.996);es="Linear";ed="In";};["000-offset.014"]={cf=cfr(0,0,0,-.433,-.901,.021,.901,-.433,.015,-.004,.025,1);es="Linear";ed="In";};["000-offset.006"]={cf=cfr(0,0,0,-.01,-.988,.155,.037,.155,.987,-.999,.016,.035);es="Linear";ed="In";};["000-offset.003"]={cf=cfr(0,0,0,.226,-.968,-.107,.313,.177,-.933,.922,.178,.343);es="Linear";ed="In";};["000-offset.007"]={cf=cfr(0,0,0,.73,-.684,0,.684,.73,0,0,0,1);es="Linear";ed="In";};["000-offset.004"]={cf=cfr(0,0,0,.681,-.732,0,.732,.681,0,0,0,1);es="Linear";ed="In";};["000-offset.008"]={cf=cfr(0,0,0,.536,-.441,.72,.015,.857,.514,-.844,-.265,.466);es="Linear";ed="In";};["000-offset.005"]={cf=cfr(0,0,0,.813,-.582,-.029,.471,.686,-.555,.343,.437,.832);es="Linear";ed="In";};};{tm=.208;["root"]={cf=cfr(-.014,2.242,-1.072,0,0,1,0,1,0,-1,0,0);es="Linear";ed="In";};["000-offset"]={cf=cfr(0,0,0,-.005,.987,.159,-1,-.005,.001,.001,-.159,.987);es="Linear";ed="In";};["000-offset.009"]={cf=cfr(0,0,0,-.923,-.383,-.012,.381,-.921,.081,-.042,.07,.997);es="Linear";ed="In";};["000-offset.012"]={cf=cfr(0,0,0,-.241,-.888,-.393,.96,-.278,.041,-.145,-.367,.919);es="Linear";ed="In";};["000-offset.001"]={cf=cfr(0,0,0,.94,.34,.023,-.33,.924,-.193,-.087,.174,.981);es="Linear";ed="In";};["000-offset.010"]={cf=cfr(0,0,0,.902,.431,0,-.431,.902,0,0,0,1);es="Linear";ed="In";};["000-offset.013"]={cf=cfr(0,0,0,-.114,.994,0,-.994,-.114,0,0,0,1);es="Linear";ed="In";};["000-offset.002"]={cf=cfr(0,0,0,.983,.173,-.068,-.176,.984,-.031,.062,.042,.997);es="Linear";ed="In";};["000-offset.011"]={cf=cfr(0,0,0,.131,-.988,-.078,.991,.13,.015,-.005,-.079,.997);es="Linear";ed="In";};["000-offset.014"]={cf=cfr(0,0,0,-.537,-.843,.027,.843,-.537,.026,-.008,.037,.999);es="Linear";ed="In";};["000-offset.006"]={cf=cfr(0,0,0,-.017,-.987,.159,.081,.157,.984,-.997,.03,.077);es="Linear";ed="In";};["000-offset.003"]={cf=cfr(0,0,0,.226,-.966,-.127,.32,.197,-.927,.92,.169,.354);es="Linear";ed="In";};["000-offset.007"]={cf=cfr(0,0,0,.679,-.734,0,.734,.679,0,0,0,1);es="Linear";ed="In";};["000-offset.004"]={cf=cfr(0,0,0,.677,-.736,0,.736,.677,0,0,0,1);es="Linear";ed="In";};["000-offset.008"]={cf=cfr(0,0,0,.64,-.388,.664,.042,.88,.473,-.768,-.275,.579);es="Linear";ed="In";};["000-offset.005"]={cf=cfr(0,0,0,.824,-.564,-.051,.468,.729,-.5,.32,.388,.864);es="Linear";ed="In";};};{tm=.25;["root"]={cf=cfr(0,2.312,-.691,0,0,1,0,1,0,-1,0,0);es="Linear";ed="In";};["000-offset"]={cf=cfr(0,0,0,.015,.991,.136,-1,.015,0,-.002,-.136,.991);es="Linear";ed="In";};["000-offset.009"]={cf=cfr(0,0,0,-.877,-.477,.049,.48,-.875,.071,.009,.086,.996);es="Linear";ed="In";};["000-offset.012"]={cf=cfr(0,0,0,-.289,-.883,-.369,.944,-.326,.041,-.157,-.337,.929);es="Linear";ed="In";};["000-offset.001"]={cf=cfr(0,0,0,.897,.442,.014,-.427,.874,-.232,-.115,.202,.973);es="Linear";ed="In";};["000-offset.010"]={cf=cfr(0,0,0,.942,.336,0,-.336,.942,0,0,0,1);es="Linear";ed="In";};["000-offset.013"]={cf=cfr(0,0,0,-.027,1,0,-1,-.027,0,0,0,1);es="Linear";ed="In";};["000-offset.002"]={cf=cfr(0,0,0,.975,.219,-.048,-.215,.974,.074,.063,-.062,.996);es="Linear";ed="In";};["000-offset.011"]={cf=cfr(0,0,0,.108,-.991,-.073,.994,.107,.012,-.004,-.074,.997);es="Linear";ed="In";};["000-offset.014"]={cf=cfr(0,0,0,-.363,-.931,-.022,.932,-.363,-.012,.003,-.024,1);es="Linear";ed="In";};["000-offset.006"]={cf=cfr(0,0,0,-.019,-.987,.162,.127,.159,.979,-.992,.039,.122);es="Linear";ed="In";};["000-offset.003"]={cf=cfr(0,0,0,.226,-.963,-.149,.328,.219,-.919,.917,.159,.365);es="Linear";ed="In";};["000-offset.007"]={cf=cfr(0,0,0,.634,-.774,0,.774,.634,0,0,0,1);es="Linear";ed="In";};["000-offset.004"]={cf=cfr(0,0,0,.663,-.749,0,.749,.663,0,0,0,1);es="Linear";ed="In";};["000-offset.008"]={cf=cfr(0,0,0,.736,-.335,.588,.074,.903,.423,-.673,-.268,.69);es="Linear";ed="In";};["000-offset.005"]={cf=cfr(0,0,0,.836,-.545,-.073,.464,.77,-.439,.295,.333,.895);es="Linear";ed="In";};};{tm=.292;["root"]={cf=cfr(.028,2.355,-.381,0,0,1,0,1,0,-1,0,0);es="Linear";ed="In";};["000-offset"]={cf=cfr(0,0,0,.021,.994,.111,-1,.022,-.001,-.004,-.111,.994);es="Linear";ed="In";};["000-offset.009"]={cf=cfr(0,0,0,-.833,-.544,.098,.551,-.833,.06,.049,.104,.993);es="Linear";ed="In";};["000-offset.012"]={cf=cfr(0,0,0,-.337,-.874,-.35,.927,-.373,.038,-.164,-.312,.936);es="Linear";ed="In";};["000-offset.001"]={cf=cfr(0,0,0,.839,.544,.002,-.528,.816,-.236,-.13,.197,.972);es="Linear";ed="In";};["000-offset.010"]={cf=cfr(0,0,0,.933,.36,0,-.36,.933,0,0,0,1);es="Linear";ed="In";};["000-offset.013"]={cf=cfr(0,0,0,.063,.998,0,-.998,.063,0,0,0,1);es="Linear";ed="In";};["000-offset.002"]={cf=cfr(0,0,0,.98,.194,-.036,-.188,.975,.12,.058,-.111,.992);es="Linear";ed="In";};["000-offset.011"]={cf=cfr(0,0,0,.083,-.994,-.068,.997,.083,.009,-.004,-.069,.998);es="Linear";ed="In";};["000-offset.014"]={cf=cfr(0,0,0,-.294,-.956,-.012,.956,-.294,-.016,.011,-.016,1);es="Linear";ed="In";};["000-offset.006"]={cf=cfr(0,0,0,-.016,-.986,.166,.174,.161,.972,-.985,.044,.169);es="Linear";ed="In";};["000-offset.003"]={cf=cfr(0,0,0,.225,-.959,-.171,.335,.242,-.911,.915,.148,.376);es="Linear";ed="In";};["000-offset.007"]={cf=cfr(0,0,0,.591,-.806,0,.806,.591,0,0,0,1);es="Linear";ed="In";};["000-offset.004"]={cf=cfr(0,0,0,.637,-.771,0,.771,.637,0,0,0,1);es="Linear";ed="In";};["000-offset.008"]={cf=cfr(0,0,0,.82,-.29,.494,.108,.925,.363,-.563,-.245,.79);es="Linear";ed="In";};["000-offset.005"]={cf=cfr(0,0,0,.847,-.524,-.092,.459,.806,-.373,.27,.274,.923);es="Linear";ed="In";};};{tm=.333;["root"]={cf=cfr(.056,2.369,-.211,0,0,1,0,1,0,-1,0,0);es="Linear";ed="In";};["000-offset"]={cf=cfr(0,0,0,.019,.996,.085,-1,.019,-.002,-.004,-.085,.996);es="Linear";ed="In";};["000-offset.009"]={cf=cfr(0,0,0,-.79,-.597,.14,.607,-.793,.047,.083,.122,.989);es="Linear";ed="In";};["000-offset.012"]={cf=cfr(0,0,0,-.398,-.857,-.327,.904,-.428,.022,-.159,-.287,.945);es="Linear";ed="In";};["000-offset.001"]={cf=cfr(0,0,0,.774,.634,-.004,-.619,.755,-.216,-.134,.17,.976);es="Linear";ed="In";};["000-offset.010"]={cf=cfr(0,0,0,.883,.469,0,-.469,.883,0,0,0,1);es="Linear";ed="In";};["000-offset.013"]={cf=cfr(0,0,0,.155,.988,0,-.988,.155,0,0,0,1);es="Linear";ed="In";};["000-offset.002"]={cf=cfr(0,0,0,.993,.116,-.034,-.111,.985,.131,.048,-.126,.991);es="Linear";ed="In";};["000-offset.011"]={cf=cfr(0,0,0,.058,-.996,-.063,.998,.057,.007,-.003,-.063,.998);es="Linear";ed="In";};["000-offset.014"]={cf=cfr(0,0,0,-.233,-.973,.004,.972,-.233,-.019,.02,0,1);es="Linear";ed="In";};["000-offset.006"]={cf=cfr(0,0,0,-.006,-.986,.169,.221,.163,.962,-.975,.043,.217);es="Linear";ed="In";};["000-offset.003"]={cf=cfr(0,0,0,.225,-.955,-.194,.343,.264,-.901,.912,.136,.387);es="Linear";ed="In";};["000-offset.007"]={cf=cfr(0,0,0,.544,-.839,0,.839,.544,0,0,0,1);es="Linear";ed="In";};["000-offset.004"]={cf=cfr(0,0,0,.602,-.799,0,.799,.602,0,0,0,1);es="Linear";ed="In";};["000-offset.008"]={cf=cfr(0,0,0,.885,-.255,.389,.142,.945,.296,-.443,-.207,.872);es="Linear";ed="In";};["000-offset.005"]={cf=cfr(0,0,0,.857,-.503,-.108,.453,.837,-.306,.244,.213,.946);es="Linear";ed="In";};};{tm=.375;["root"]={cf=cfr(.07,2.369,-.113,0,0,1,0,1,0,-1,0,0);es="Linear";ed="In";};["000-offset"]={cf=cfr(0,0,0,.01,.998,.06,-1,.01,-.002,-.003,-.06,.998);es="Linear";ed="In";};["000-offset.009"]={cf=cfr(0,0,0,-.747,-.639,.182,.654,-.755,.036,.114,.146,.983);es="Linear";ed="In";};["000-offset.012"]={cf=cfr(0,0,0,-.472,-.83,-.297,.87,-.493,-.003,-.144,-.259,.955);es="Linear";ed="In";};["000-offset.001"]={cf=cfr(0,0,0,.711,.703,.001,-.691,.699,-.186,-.131,.132,.982);es="Linear";ed="In";};["000-offset.010"]={cf=cfr(0,0,0,.788,.615,0,-.615,.788,0,0,0,1);es="Linear";ed="In";};["000-offset.013"]={cf=cfr(0,0,0,.245,.97,0,-.97,.245,0,0,0,1);es="Linear";ed="In";};["000-offset.002"]={cf=cfr(0,0,0,.999,.009,-.035,-.005,.993,.119,.036,-.119,.992);es="Linear";ed="In";};["000-offset.011"]={cf=cfr(0,0,0,.032,-.998,-.057,.999,.031,.004,-.003,-.057,.998);es="Linear";ed="In";};["000-offset.014"]={cf=cfr(0,0,0,-.176,-.984,.024,.984,-.177,-.024,.028,.019,.999);es="Linear";ed="In";};["000-offset.006"]={cf=cfr(0,0,0,.008,-.985,.17,.266,.166,.95,-.964,.038,.264);es="Linear";ed="In";};["000-offset.003"]={cf=cfr(0,0,0,.224,-.95,-.217,.351,.286,-.892,.909,.123,.398);es="Linear";ed="In";};["000-offset.007"]={cf=cfr(0,0,0,.493,-.87,0,.87,.493,0,0,0,1);es="Linear";ed="In";};["000-offset.004"]={cf=cfr(0,0,0,.56,-.829,0,.829,.56,0,0,0,1);es="Linear";ed="In";};["000-offset.008"]={cf=cfr(0,0,0,.931,-.235,.279,.175,.959,.223,-.32,-.159,.934);es="Linear";ed="In";};["000-offset.005"]={cf=cfr(0,0,0,.867,-.484,-.121,.447,.862,-.238,.22,.152,.964);es="Linear";ed="In";};};{tm=.417;["root"]={cf=cfr(.056,2.355,-.056,0,0,1,0,1,0,-1,0,0);es="Linear";ed="In";};["000-offset"]={cf=cfr(0,0,0,-.001,.999,.036,-1,-.001,-.002,-.002,-.036,.999);es="Linear";ed="In";};["000-offset.009"]={cf=cfr(0,0,0,-.703,-.673,.229,.696,-.718,.028,.146,.179,.973);es="Linear";ed="In";};["000-offset.012"]={cf=cfr(0,0,0,-.543,-.795,-.268,.83,-.557,-.028,-.128,-.238,.963);es="Linear";ed="In";};["000-offset.001"]={cf=cfr(0,0,0,.666,.745,.012,-.735,.66,-.156,-.125,.095,.988);es="Linear";ed="In";};["000-offset.010"]={cf=cfr(0,0,0,.659,.752,0,-.752,.659,0,0,0,1);es="Linear";ed="In";};["000-offset.013"]={cf=cfr(0,0,0,.33,.944,0,-.944,.33,0,0,0,1);es="Linear";ed="In";};["000-offset.002"]={cf=cfr(0,0,0,.994,-.105,-.033,.108,.99,.095,.022,-.098,.995);es="Linear";ed="In";};["000-offset.011"]={cf=cfr(0,0,0,.005,-.999,-.051,1,.005,.002,-.002,-.051,.999);es="Linear";ed="In";};["000-offset.014"]={cf=cfr(0,0,0,-.123,-.991,.043,.992,-.125,-.03,.035,.039,.999);es="Linear";ed="In";};["000-offset.006"]={cf=cfr(0,0,0,.027,-.985,.17,.308,.17,.936,-.951,.027,.308);es="Linear";ed="In";};["000-offset.003"]={cf=cfr(0,0,0,.223,-.945,-.239,.359,.307,-.881,.906,.111,.407);es="Linear";ed="In";};["000-offset.007"]={cf=cfr(0,0,0,.44,-.898,0,.898,.44,0,0,0,1);es="Linear";ed="In";};["000-offset.004"]={cf=cfr(0,0,0,.512,-.859,0,.859,.512,0,0,0,1);es="Linear";ed="In";};["000-offset.008"]={cf=cfr(0,0,0,.958,-.23,.173,.206,.967,.147,-.201,-.105,.974);es="Linear";ed="In";};["000-offset.005"]={cf=cfr(0,0,0,.875,-.466,-.131,.442,.88,-.175,.197,.095,.976);es="Linear";ed="In";};};{tm=.458;["root"]={cf=cfr(.014,2.312,-.014,0,0,1,0,1,0,-1,0,0);es="Linear";ed="In";};["000-offset"]={cf=cfr(0,0,0,-.011,1,.016,-1,-.011,-.001,0,-.016,1);es="Linear";ed="In";};["000-offset.009"]={cf=cfr(0,0,0,-.654,-.699,.289,.735,-.678,.023,.179,.227,.957);es="Linear";ed="In";};["000-offset.012"]={cf=cfr(0,0,0,-.598,-.759,-.257,.792,-.609,-.046,-.121,-.231,.965);es="Linear";ed="In";};["000-offset.001"]={cf=cfr(0,0,0,.654,.756,.023,-.747,.651,-.134,-.117,.07,.991);es="Linear";ed="In";};["000-offset.010"]={cf=cfr(0,0,0,.527,.85,0,-.85,.527,0,0,0,1);es="Linear";ed="In";};["000-offset.013"]={cf=cfr(0,0,0,.408,.913,0,-.913,.408,0,0,0,1);es="Linear";ed="In";};["000-offset.002"]={cf=cfr(0,0,0,.979,-.201,-.025,.202,.977,.072,.01,-.076,.997);es="Linear";ed="In";};["000-offset.011"]={cf=cfr(0,0,0,-.022,-.999,-.046,1,-.022,.001,-.002,-.046,.999);es="Linear";ed="In";};["000-offset.014"]={cf=cfr(0,0,0,-.071,-.996,.057,.997,-.073,-.037,.041,.054,.998);es="Linear";ed="In";};["000-offset.006"]={cf=cfr(0,0,0,.049,-.985,.168,.345,.175,.922,-.937,.013,.349);es="Linear";ed="In";};["000-offset.003"]={cf=cfr(0,0,0,.222,-.94,-.259,.366,.327,-.871,.904,.098,.416);es="Linear";ed="In";};["000-offset.007"]={cf=cfr(0,0,0,.387,-.922,0,.922,.387,0,0,0,1);es="Linear";ed="In";};["000-offset.004"]={cf=cfr(0,0,0,.461,-.887,0,.887,.461,0,0,0,1);es="Linear";ed="In";};["000-offset.008"]={cf=cfr(0,0,0,.968,-.239,.078,.234,.97,.071,-.092,-.051,.994);es="Linear";ed="In";};["000-offset.005"]={cf=cfr(0,0,0,.882,-.45,-.138,.437,.892,-.118,.176,.043,.983);es="Linear";ed="In";};};{tm=.5;["root"]={cf=cfr(0,2.298,0,0,0,1,0,1,0,-1,0,0);es="Linear";ed="In";};["000-offset"]={cf=cfr(0,0,0,-.015,1,0,-1,-.015,0,0,0,1);es="Linear";ed="In";};["000-offset.009"]={cf=cfr(0,0,0,-.597,-.714,.365,.772,-.635,.02,.218,.294,.931);es="Linear";ed="In";};["000-offset.012"]={cf=cfr(0,0,0,-.625,-.73,-.276,.769,-.636,-.057,-.134,-.248,.959);es="Linear";ed="In";};["000-offset.001"]={cf=cfr(0,0,0,.696,.718,.033,-.711,.694,-.112,-.103,.055,.993);es="Linear";ed="In";};["000-offset.010"]={cf=cfr(0,0,0,.442,.897,0,-.897,.442,0,0,0,1);es="Linear";ed="In";};["000-offset.013"]={cf=cfr(0,0,0,.477,.879,0,-.879,.477,0,0,0,1);es="Linear";ed="In";};["000-offset.002"]={cf=cfr(0,0,0,.967,-.256,-.018,.257,.965,.06,.002,-.062,.998);es="Linear";ed="In";};["000-offset.011"]={cf=cfr(0,0,0,-.048,-.998,-.04,.999,-.048,0,-.001,-.04,.999);es="Linear";ed="In";};["000-offset.014"]={cf=cfr(0,0,0,-.017,-.998,.062,.999,-.02,-.043,.044,.061,.997);es="Linear";ed="In";};["000-offset.006"]={cf=cfr(0,0,0,.073,-.984,.166,.377,.181,.908,-.923,-.004,.384);es="Linear";ed="In";};["000-offset.003"]={cf=cfr(0,0,0,.221,-.935,-.278,.373,.344,-.862,.901,.087,.424);es="Linear";ed="In";};["000-offset.007"]={cf=cfr(0,0,0,.337,-.942,0,.942,.337,0,0,0,1);es="Linear";ed="In";};["000-offset.004"]={cf=cfr(0,0,0,.41,-.912,0,.912,.41,0,0,0,1);es="Linear";ed="In";};["000-offset.008"]={cf=cfr(0,0,0,.966,-.26,0,.26,.966,0,0,0,1);es="Linear";ed="In";};["000-offset.005"]={cf=cfr(0,0,0,.888,-.438,-.143,.432,.899,-.07,.159,0,.987);es="Linear";ed="In";};};{tm=.542;["root"]={cf=cfr(0,2.298,0,0,0,1,0,1,0,-1,0,0);es="Linear";ed="In";};["000-offset"]={cf=cfr(0,0,0,-.015,1,-.009,-1,-.015,0,0,.009,1);es="Linear";ed="In";};["000-offset.009"]={cf=cfr(0,0,0,-.518,-.702,.488,.811,-.585,.02,.272,.406,.873);es="Linear";ed="In";};["000-offset.012"]={cf=cfr(0,0,0,-.611,-.71,-.351,.771,-.634,-.06,-.18,-.307,.934);es="Linear";ed="In";};["000-offset.001"]={cf=cfr(0,0,0,.778,.627,.038,-.623,.778,-.08,-.08,.039,.996);es="Linear";ed="In";};["000-offset.010"]={cf=cfr(0,0,0,.43,.903,0,-.903,.43,0,0,0,1);es="Linear";ed="In";};["000-offset.013"]={cf=cfr(0,0,0,.547,.837,0,-.837,.547,0,0,0,1);es="Linear";ed="In";};["000-offset.002"]={cf=cfr(0,0,0,.966,-.257,-.011,.257,.965,.051,-.002,-.052,.999);es="Linear";ed="In";};["000-offset.011"]={cf=cfr(0,0,0,-.106,-.994,-.031,.994,-.106,-.001,-.002,-.031,1);es="Linear";ed="In";};["000-offset.014"]={cf=cfr(0,0,0,.045,-.998,.054,.998,.043,-.045,.043,.056,.998);es="Linear";ed="In";};["000-offset.006"]={cf=cfr(0,0,0,.096,-.982,.161,.404,.187,.896,-.91,-.021,.415);es="Linear";ed="In";};["000-offset.003"]={cf=cfr(0,0,0,.22,-.93,-.295,.378,.359,-.853,.899,.076,.431);es="Linear";ed="In";};["000-offset.007"]={cf=cfr(0,0,0,.29,-.957,0,.957,.29,0,0,0,1);es="Linear";ed="In";};["000-offset.004"]={cf=cfr(0,0,0,.361,-.933,0,.933,.361,0,0,0,1);es="Linear";ed="In";};["000-offset.008"]={cf=cfr(0,0,0,.96,-.277,-.042,.276,.96,-.044,.053,.031,.998);es="Linear";ed="In";};["000-offset.005"]={cf=cfr(0,0,0,.891,-.431,-.146,.429,.902,-.043,.15,-.025,.988);es="Linear";ed="In";};};{tm=.583;["root"]={cf=cfr(0,2.326,0,0,0,1,0,1,0,-1,0,0);es="Linear";ed="In";};["000-offset"]={cf=cfr(0,0,0,-.015,1,-.01,-1,-.015,0,0,.01,1);es="Linear";ed="In";};["000-offset.009"]={cf=cfr(0,0,0,-.42,-.641,.642,.842,-.539,.014,.337,.547,.766);es="Linear";ed="In";};["000-offset.012"]={cf=cfr(0,0,0,-.564,-.681,-.467,.786,-.616,-.052,-.252,-.397,.883);es="Linear";ed="In";};["000-offset.001"]={cf=cfr(0,0,0,.866,.5,.034,-.498,.866,-.047,-.053,.024,.998);es="Linear";ed="In";};["000-offset.010"]={cf=cfr(0,0,0,.471,.882,0,-.882,.471,0,0,0,1);es="Linear";ed="In";};["000-offset.013"]={cf=cfr(0,0,0,.618,.786,0,-.786,.618,0,0,0,1);es="Linear";ed="In";};["000-offset.002"]={cf=cfr(0,0,0,.976,-.218,-.005,.218,.975,.036,-.003,-.036,.999);es="Linear";ed="In";};["000-offset.011"]={cf=cfr(0,0,0,-.147,-.989,-.022,.989,-.147,0,-.003,-.021,1);es="Linear";ed="In";};["000-offset.014"]={cf=cfr(0,0,0,.114,-.993,.037,.993,.112,-.041,.037,.041,.998);es="Linear";ed="In";};["000-offset.006"]={cf=cfr(0,0,0,.117,-.981,.157,.424,.192,.885,-.898,-.036,.439);es="Linear";ed="In";};["000-offset.003"]={cf=cfr(0,0,0,.219,-.926,-.308,.383,.372,-.845,.897,.067,.436);es="Linear";ed="In";};["000-offset.007"]={cf=cfr(0,0,0,.25,-.968,0,.968,.25,0,0,0,1);es="Linear";ed="In";};["000-offset.004"]={cf=cfr(0,0,0,.317,-.948,0,.948,.317,0,0,0,1);es="Linear";ed="In";};["000-offset.008"]={cf=cfr(0,0,0,.959,-.28,-.047,.277,.959,-.05,.059,.035,.998);es="Linear";ed="In";};["000-offset.005"]={cf=cfr(0,0,0,.891,-.43,-.146,.429,.902,-.039,.148,-.028,.989);es="Linear";ed="In";};};{tm=.625;["root"]={cf=cfr(0,2.355,0,0,0,1,0,1,0,-1,0,0);es="Linear";ed="In";};["000-offset"]={cf=cfr(0,0,0,-.015,1,-.006,-1,-.015,0,0,.006,1);es="Linear";ed="In";};["000-offset.009"]={cf=cfr(0,0,0,-.324,-.541,.776,.857,-.515,-.001,.401,.665,.63);es="Linear";ed="In";};["000-offset.012"]={cf=cfr(0,0,0,-.502,-.639,-.582,.8,-.599,-.032,-.328,-.482,.812);es="Linear";ed="In";};["000-offset.001"]={cf=cfr(0,0,0,.932,.362,.021,-.362,.932,-.021,-.027,.012,1);es="Linear";ed="In";};["000-offset.010"]={cf=cfr(0,0,0,.533,.846,0,-.846,.533,0,0,0,1);es="Linear";ed="In";};["000-offset.013"]={cf=cfr(0,0,0,.679,.734,0,-.734,.679,0,0,0,1);es="Linear";ed="In";};["000-offset.002"]={cf=cfr(0,0,0,.987,-.162,-.001,.162,.987,.019,-.002,-.019,1);es="Linear";ed="In";};["000-offset.011"]={cf=cfr(0,0,0,-.111,-.994,-.013,.994,-.111,.001,-.002,-.012,1);es="Linear";ed="In";};["000-offset.014"]={cf=cfr(0,0,0,.176,-.984,.017,.984,.176,-.033,.029,.023,.999);es="Linear";ed="In";};["000-offset.006"]={cf=cfr(0,0,0,.133,-.979,.154,.439,.197,.876,-.888,-.05,.456);es="Linear";ed="In";};["000-offset.003"]={cf=cfr(0,0,0,.218,-.922,-.319,.387,.381,-.839,.896,.06,.44);es="Linear";ed="In";};["000-offset.007"]={cf=cfr(0,0,0,.219,-.976,0,.976,.219,0,0,0,1);es="Linear";ed="In";};["000-offset.004"]={cf=cfr(0,0,0,.282,-.959,0,.959,.282,0,0,0,1);es="Linear";ed="In";};["000-offset.008"]={cf=cfr(0,0,0,.962,-.273,-.032,.272,.962,-.033,.039,.023,.999);es="Linear";ed="In";};["000-offset.005"]={cf=cfr(0,0,0,.89,-.432,-.145,.43,.901,-.049,.152,-.018,.988);es="Linear";ed="In";};};{tm=.667;["root"]={cf=cfr(0,2.383,0,0,0,1,0,1,0,-1,0,0);es="Linear";ed="In";};["000-offset"]={cf=cfr(0,0,0,-.015,1,-.002,-1,-.015,0,0,.002,1);es="Linear";ed="In";};["000-offset.009"]={cf=cfr(0,0,0,-.251,-.445,.86,.858,-.513,-.015,.448,.734,.511);es="Linear";ed="In";};["000-offset.012"]={cf=cfr(0,0,0,-.448,-.598,-.665,.806,-.592,-.01,-.387,-.54,.747);es="Linear";ed="In";};["000-offset.001"]={cf=cfr(0,0,0,.968,.252,.007,-.252,.968,-.005,-.008,.003,1);es="Linear";ed="In";};["000-offset.010"]={cf=cfr(0,0,0,.588,.809,0,-.809,.588,0,0,0,1);es="Linear";ed="In";};["000-offset.013"]={cf=cfr(0,0,0,.721,.693,0,-.693,.721,0,0,0,1);es="Linear";ed="In";};["000-offset.002"]={cf=cfr(0,0,0,.994,-.111,0,.111,.994,.006,-.001,-.006,1);es="Linear";ed="In";};["000-offset.011"]={cf=cfr(0,0,0,-.051,-.999,-.004,.999,-.051,0,-.001,-.004,1);es="Linear";ed="In";};["000-offset.014"]={cf=cfr(0,0,0,.222,-.975,.002,.975,.222,-.024,.023,.007,1);es="Linear";ed="In";};["000-offset.006"]={cf=cfr(0,0,0,.145,-.978,.151,.448,.201,.871,-.882,-.058,.467);es="Linear";ed="In";};["000-offset.003"]={cf=cfr(0,0,0,.217,-.92,-.325,.389,.387,-.836,.895,.055,.442);es="Linear";ed="In";};["000-offset.007"]={cf=cfr(0,0,0,.199,-.98,0,.98,.199,0,0,0,1);es="Linear";ed="In";};["000-offset.004"]={cf=cfr(0,0,0,.259,-.966,0,.966,.259,0,0,0,1);es="Linear";ed="In";};["000-offset.008"]={cf=cfr(0,0,0,.964,-.264,-.011,.264,.964,-.011,.013,.008,1);es="Linear";ed="In";};["000-offset.005"]={cf=cfr(0,0,0,.888,-.436,-.144,.431,.9,-.063,.157,-.006,.988);es="Linear";ed="In";};};{tm=.708;["RootNode"]={cf=cfr(0,0,0,-1,0,0,0,1,0,0,0,-1);es="Linear";ed="In";};["root"]={cf=cfr(0,2.397,0,0,0,1,0,1,0,-1,0,0);es="Linear";ed="In";};["000-offset"]={cf=cfr(0,0,0,-.015,1,0,-1,-.015,0,0,0,1);es="Linear";ed="In";};["004-offset.001"]={cf=cfr(0,0,0,-.015,-1,0,1,-.015,0,0,0,1);es="Linear";ed="In";};["006-offset"]={cf=cfr(0,0,0,-.015,-1,0,1,-.015,0,0,0,1);es="Linear";ed="In";};["000-offset.009"]={cf=cfr(0,0,0,-.223,-.403,.888,.856,-.516,-.019,.466,.756,.46);es="Linear";ed="In";};["000-offset.012"]={cf=cfr(0,0,0,-.424,-.579,-.696,.807,-.591,0,-.411,-.561,.718);es="Linear";ed="In";};["000-offset.001"]={cf=cfr(0,0,0,.978,.207,0,-.207,.978,0,0,0,1);es="Linear";ed="In";};["000-offset.010"]={cf=cfr(0,0,0,.611,.792,0,-.792,.611,0,0,0,1);es="Linear";ed="In";};["000-offset.013"]={cf=cfr(0,0,0,.736,.677,0,-.677,.736,0,0,0,1);es="Linear";ed="In";};["004-offset"]={cf=cfr(0,0,0,.035,-.999,0,.999,.035,0,0,0,1);es="Linear";ed="In";};["002-offset"]={cf=cfr(0,0,0,.035,-.999,0,.999,.035,0,0,0,1);es="Linear";ed="In";};["000-offset.002"]={cf=cfr(0,0,0,.996,-.089,0,.089,.996,0,0,0,1);es="Linear";ed="In";};["000-offset.011"]={cf=cfr(0,0,0,-.018,-1,0,1,-.018,0,0,0,1);es="Linear";ed="In";};["000-offset.014"]={cf=cfr(0,0,0,.239,-.971,-.005,.971,.239,-.019,.02,0,1);es="Linear";ed="In";};["000-offset.006"]={cf=cfr(0,0,0,.149,-.977,.15,.451,.202,.869,-.88,-.062,.471);es="Linear";ed="In";};["000-offset.003"]={cf=cfr(0,0,0,.217,-.919,-.328,.39,.39,-.834,.895,.053,.443);es="Linear";ed="In";};["000-offset.007"]={cf=cfr(0,0,0,.192,-.981,0,.981,.192,0,0,0,1);es="Linear";ed="In";};["000-offset.004"]={cf=cfr(0,0,0,.25,-.968,0,.968,.25,0,0,0,1);es="Linear";ed="In";};["000-offset.008"]={cf=cfr(0,0,0,.966,-.26,0,.26,.966,0,0,0,1);es="Linear";ed="In";};["000-offset.005"]={cf=cfr(0,0,0,.888,-.438,-.143,.432,.899,-.07,.159,0,.987);es="Linear";ed="In";};};}