local cfr = CFrame.new

return {{tm=0;["RootNode"]={cf=cfr(0,0,0,-1,0,0,0,1,0,0,0,-1);es="Linear";ed="In";};["root"]={cf=cfr(0,2.707,0,0,0,1,0,1,0,-1,0,0);es="Linear";ed="In";};["000-offset"]={cf=cfr(0,0,0,.134,.991,0,-.991,.134,0,0,0,1);es="Linear";ed="In";};["004-offset.001"]={cf=cfr(0,0,0,.144,-.99,0,.99,.144,0,0,0,1);es="Linear";ed="In";};["006-offset"]={cf=cfr(0,0,0,-.015,-1,0,1,-.015,0,0,0,1);es="Linear";ed="In";};["000-offset.009"]={cf=cfr(0,0,0,.34,-.94,-.019,.94,.34,.007,0,-.02,1);es="Linear";ed="In";};["000-offset.012"]={cf=cfr(0,0,0,-.962,-.274,-.003,.274,-.962,-.01,0,-.01,1);es="Linear";ed="In";};["000-offset.001"]={cf=cfr(0,0,0,1,-.012,.007,.014,.882,-.471,0,.471,.882);es="Linear";ed="In";};["000-offset.010"]={cf=cfr(0,0,0,.087,.996,0,-.996,.087,0,0,0,1);es="Linear";ed="In";};["000-offset.013"]={cf=cfr(0,0,0,.779,.627,0,-.627,.779,0,0,0,1);es="Linear";ed="In";};["004-offset"]={cf=cfr(0,0,0,.035,-.999,0,.999,.035,0,0,0,1);es="Linear";ed="In";};["002-offset"]={cf=cfr(0,0,0,.035,-.999,0,.999,.035,0,0,0,1);es="Linear";ed="In";};["000-offset.002"]={cf=cfr(0,0,0,.999,.033,.018,-.038,.879,.475,0,-.475,.88);es="Linear";ed="In";};["000-offset.011"]={cf=cfr(0,0,0,.541,-.841,0,.841,.541,0,0,0,1);es="Linear";ed="In";};["000-offset.014"]={cf=cfr(0,0,0,.081,-.997,0,.997,.081,0,0,0,1);es="Linear";ed="In";};["000-offset.006"]={cf=cfr(0,0,0,.322,-.639,.699,.086,.755,.65,-.943,-.149,.298);es="Linear";ed="In";};["000-offset.003"]={cf=cfr(0,0,0,.025,-.524,.851,-.224,-.833,-.506,.974,-.178,-.138);es="Linear";ed="In";};["000-offset.007"]={cf=cfr(0,0,0,.747,-.665,0,.665,.747,0,0,0,1);es="Linear";ed="In";};["000-offset.004"]={cf=cfr(0,0,0,.698,-.716,0,.716,.698,0,0,0,1);es="Linear";ed="In";};["000-offset.008"]={cf=cfr(0,0,0,.966,-.26,0,.26,.966,0,0,0,1);es="Linear";ed="In";};["000-offset.005"]={cf=cfr(0,0,0,.894,-.238,.38,.435,.667,-.605,-.11,.706,.7);es="Linear";ed="In";};};{tm=.042;["root"]={cf=cfr(0,2.665,0,0,0,1,0,1,0,-1,0,0);es="Linear";ed="In";};["000-offset"]={cf=cfr(0,0,0,.131,.991,0,-.991,.131,0,0,0,1);es="Linear";ed="In";};["004-offset.001"]={cf=cfr(0,0,0,.145,-.989,-.002,.989,.145,-.016,.016,0,1);es="Linear";ed="In";};["000-offset.009"]={cf=cfr(0,0,0,.319,-.948,-.004,.948,.319,.002,-.001,-.004,1);es="Linear";ed="In";};["000-offset.012"]={cf=cfr(0,0,0,-.955,-.295,-.002,.295,-.955,-.01,.001,-.01,1);es="Linear";ed="In";};["000-offset.001"]={cf=cfr(0,0,0,1,-.011,.005,.012,.893,-.449,0,.45,.893);es="Linear";ed="In";};["000-offset.010"]={cf=cfr(0,0,0,.076,.997,0,-.997,.076,0,0,0,1);es="Linear";ed="In";};["000-offset.013"]={cf=cfr(0,0,0,.774,.634,0,-.634,.774,0,0,0,1);es="Linear";ed="In";};["000-offset.002"]={cf=cfr(0,0,0,.999,.035,.019,-.04,.881,.472,0,-.473,.881);es="Linear";ed="In";};["000-offset.011"]={cf=cfr(0,0,0,.53,-.848,0,.848,.53,0,0,0,1);es="Linear";ed="In";};["000-offset.014"]={cf=cfr(0,0,0,.083,-.997,0,.997,.083,0,0,0,1);es="Linear";ed="In";};["000-offset.006"]={cf=cfr(0,0,0,.321,-.642,.696,.087,.752,.654,-.943,-.15,.297);es="Linear";ed="In";};["000-offset.003"]={cf=cfr(0,0,0,.024,-.53,.848,-.221,-.83,-.512,.975,-.175,-.137);es="Linear";ed="In";};["000-offset.007"]={cf=cfr(0,0,0,.746,-.666,0,.666,.746,0,0,0,1);es="Linear";ed="In";};["000-offset.004"]={cf=cfr(0,0,0,.694,-.72,0,.72,.694,0,0,0,1);es="Linear";ed="In";};["000-offset.008"]={cf=cfr(0,0,0,.966,-.26,0,.26,.966,.004,-.001,-.004,1);es="Linear";ed="In";};["000-offset.005"]={cf=cfr(0,0,0,.894,-.24,.379,.435,.669,-.603,-.109,.704,.702);es="Linear";ed="In";};};{tm=.083;["root"]={cf=cfr(0,2.594,0,0,0,1,0,1,0,-1,0,0);es="Linear";ed="In";};["000-offset"]={cf=cfr(0,0,0,.123,.992,0,-.992,.123,0,0,0,1);es="Linear";ed="In";};["004-offset.001"]={cf=cfr(0,0,0,.147,-.989,-.008,.988,.147,-.057,.058,0,.998);es="Linear";ed="In";};["000-offset.009"]={cf=cfr(0,0,0,.261,-.965,.037,.965,.261,-.008,-.002,.037,.999);es="Linear";ed="In";};["000-offset.012"]={cf=cfr(0,0,0,-.936,-.351,0,.351,-.936,-.011,.004,-.01,1);es="Linear";ed="In";};["000-offset.001"]={cf=cfr(0,0,0,1,-.005,.003,.006,.905,-.426,0,.426,.905);es="Linear";ed="In";};["000-offset.010"]={cf=cfr(0,0,0,.046,.999,0,-.999,.046,0,0,0,1);es="Linear";ed="In";};["000-offset.013"]={cf=cfr(0,0,0,.758,.652,0,-.652,.758,0,0,0,1);es="Linear";ed="In";};["000-offset.002"]={cf=cfr(0,0,0,.999,.04,.021,-.045,.884,.465,0,-.466,.885);es="Linear";ed="In";};["000-offset.011"]={cf=cfr(0,0,0,.501,-.865,0,.865,.501,0,0,0,1);es="Linear";ed="In";};["000-offset.014"]={cf=cfr(0,0,0,.087,-.996,0,.996,.087,0,0,0,1);es="Linear";ed="In";};["000-offset.006"]={cf=cfr(0,0,0,.318,-.653,.687,.088,.742,.665,-.944,-.151,.293);es="Linear";ed="In";};["000-offset.003"]={cf=cfr(0,0,0,.021,-.546,.837,-.214,-.821,-.53,.977,-.168,-.134);es="Linear";ed="In";};["000-offset.007"]={cf=cfr(0,0,0,.746,-.666,0,.666,.746,0,0,0,1);es="Linear";ed="In";};["000-offset.004"]={cf=cfr(0,0,0,.685,-.729,0,.729,.685,0,0,0,1);es="Linear";ed="In";};["000-offset.008"]={cf=cfr(0,0,0,.966,-.259,.001,.259,.966,.017,-.006,-.017,1);es="Linear";ed="In";};["000-offset.005"]={cf=cfr(0,0,0,.894,-.244,.375,.435,.673,-.598,-.107,.698,.708);es="Linear";ed="In";};};{tm=.125;["root"]={cf=cfr(0,2.538,0,0,0,1,0,1,0,-1,0,0);es="Linear";ed="In";};["000-offset"]={cf=cfr(0,0,0,.111,.994,0,-.994,.111,0,0,0,1);es="Linear";ed="In";};["004-offset.001"]={cf=cfr(0,0,0,.145,-.989,-.017,.983,.146,-.116,.117,0,.993);es="Linear";ed="In";};["000-offset.009"]={cf=cfr(0,0,0,.178,-.979,.096,.984,.177,-.014,-.004,.097,.995);es="Linear";ed="In";};["000-offset.012"]={cf=cfr(0,0,0,-.903,-.43,.003,.43,-.903,-.013,.008,-.01,1);es="Linear";ed="In";};["000-offset.001"]={cf=cfr(0,0,0,1,.002,-.001,-.002,.917,-.399,0,.399,.917);es="Linear";ed="In";};["000-offset.010"]={cf=cfr(0,0,0,.004,1,0,-1,.004,0,0,0,1);es="Linear";ed="In";};["000-offset.013"]={cf=cfr(0,0,0,.735,.678,0,-.678,.735,0,0,0,1);es="Linear";ed="In";};["000-offset.002"]={cf=cfr(0,0,0,.999,.046,.024,-.052,.89,.454,0,-.454,.891);es="Linear";ed="In";};["000-offset.011"]={cf=cfr(0,0,0,.457,-.889,0,.889,.457,0,0,0,1);es="Linear";ed="In";};["000-offset.014"]={cf=cfr(0,0,0,.093,-.996,0,.996,.093,0,0,0,1);es="Linear";ed="In";};["000-offset.006"]={cf=cfr(0,0,0,.312,-.67,.673,.089,.726,.682,-.946,-.153,.286);es="Linear";ed="In";};["000-offset.003"]={cf=cfr(0,0,0,.016,-.572,.82,-.202,-.805,-.558,.979,-.157,-.128);es="Linear";ed="In";};["000-offset.007"]={cf=cfr(0,0,0,.746,-.666,0,.666,.746,0,0,0,1);es="Linear";ed="In";};["000-offset.004"]={cf=cfr(0,0,0,.676,-.737,0,.737,.676,0,0,0,1);es="Linear";ed="In";};["000-offset.008"]={cf=cfr(0,0,0,.966,-.257,.003,.257,.966,.038,-.013,-.036,.999);es="Linear";ed="In";};["000-offset.005"]={cf=cfr(0,0,0,.894,-.252,.369,.435,.68,-.59,-.103,.688,.718);es="Linear";ed="In";};};{tm=.167;["root"]={cf=cfr(0,2.496,0,0,0,1,0,1,0,-1,0,0);es="Linear";ed="In";};["000-offset"]={cf=cfr(0,0,0,.098,.995,0,-.995,.098,0,0,0,1);es="Linear";ed="In";};["004-offset.001"]={cf=cfr(0,0,0,.136,-.99,-.025,.973,.138,-.182,.184,0,.983);es="Linear";ed="In";};["000-offset.009"]={cf=cfr(0,0,0,.079,-.983,.164,.997,.079,-.008,-.005,.164,.986);es="Linear";ed="In";};["000-offset.012"]={cf=cfr(0,0,0,-.853,-.522,.006,.522,-.853,-.016,.014,-.01,1);es="Linear";ed="In";};["000-offset.001"]={cf=cfr(0,0,0,1,.01,-.004,-.011,.929,-.37,0,.37,.929);es="Linear";ed="In";};["000-offset.010"]={cf=cfr(0,0,0,-.045,.999,0,-.999,-.045,0,0,0,1);es="Linear";ed="In";};["000-offset.013"]={cf=cfr(0,0,0,.708,.706,0,-.706,.708,0,0,0,1);es="Linear";ed="In";};["000-offset.002"]={cf=cfr(0,0,0,.998,.052,.025,-.058,.897,.438,0,-.439,.898);es="Linear";ed="In";};["000-offset.011"]={cf=cfr(0,0,0,.404,-.915,0,.915,.404,0,0,0,1);es="Linear";ed="In";};["000-offset.014"]={cf=cfr(0,0,0,.102,-.995,0,.995,.102,0,0,0,1);es="Linear";ed="In";};["000-offset.006"]={cf=cfr(0,0,0,.305,-.693,.654,.091,.704,.704,-.948,-.155,.278);es="Linear";ed="In";};["000-offset.003"]={cf=cfr(0,0,0,.01,-.606,.795,-.185,-.783,-.594,.983,-.141,-.12);es="Linear";ed="In";};["000-offset.007"]={cf=cfr(0,0,0,.746,-.666,0,.666,.746,0,0,0,1);es="Linear";ed="In";};["000-offset.004"]={cf=cfr(0,0,0,.673,-.74,0,.74,.673,0,0,0,1);es="Linear";ed="In";};["000-offset.008"]={cf=cfr(0,0,0,.967,-.256,.005,.255,.965,.067,-.022,-.063,.998);es="Linear";ed="In";};["000-offset.005"]={cf=cfr(0,0,0,.895,-.262,.361,.435,.69,-.578,-.098,.675,.731);es="Linear";ed="In";};};{tm=.208;["root"]={cf=cfr(0,2.467,0,0,0,1,0,1,0,-1,0,0);es="Linear";ed="In";};["000-offset"]={cf=cfr(0,0,0,.085,.996,0,-.996,.085,0,0,0,1);es="Linear";ed="In";};["004-offset.001"]={cf=cfr(0,0,0,.118,-.993,-.031,.961,.122,-.248,.25,0,.968);es="Linear";ed="In";};["000-offset.009"]={cf=cfr(0,0,0,-.021,-.973,.232,1,-.019,.011,-.006,.232,.973);es="Linear";ed="In";};["000-offset.012"]={cf=cfr(0,0,0,-.788,-.615,.009,.615,-.788,-.019,.019,-.01,1);es="Linear";ed="In";};["000-offset.001"]={cf=cfr(0,0,0,1,.019,-.007,-.02,.941,-.338,0,.339,.941);es="Linear";ed="In";};["000-offset.010"]={cf=cfr(0,0,0,-.094,.996,0,-.996,-.094,0,0,0,1);es="Linear";ed="In";};["000-offset.013"]={cf=cfr(0,0,0,.679,.734,0,-.734,.679,0,0,0,1);es="Linear";ed="In";};["000-offset.002"]={cf=cfr(0,0,0,.998,.058,.027,-.064,.906,.419,0,-.42,.908);es="Linear";ed="In";};["000-offset.011"]={cf=cfr(0,0,0,.346,-.938,0,.938,.346,0,0,0,1);es="Linear";ed="In";};["000-offset.014"]={cf=cfr(0,0,0,.113,-.994,0,.994,.113,0,0,0,1);es="Linear";ed="In";};["000-offset.006"]={cf=cfr(0,0,0,.295,-.72,.629,.093,.676,.731,-.951,-.157,.267);es="Linear";ed="In";};["000-offset.003"]={cf=cfr(0,0,0,.004,-.647,.762,-.164,-.752,-.638,.986,-.123,-.109);es="Linear";ed="In";};["000-offset.007"]={cf=cfr(0,0,0,.745,-.667,0,.667,.745,0,0,0,1);es="Linear";ed="In";};["000-offset.004"]={cf=cfr(0,0,0,.675,-.738,0,.738,.675,0,0,0,1);es="Linear";ed="In";};["000-offset.008"]={cf=cfr(0,0,0,.967,-.254,.008,.252,.962,.102,-.033,-.096,.995);es="Linear";ed="In";};["000-offset.005"]={cf=cfr(0,0,0,.895,-.274,.351,.436,.701,-.564,-.091,.658,.747);es="Linear";ed="In";};};{tm=.25;["root"]={cf=cfr(0,2.439,0,0,0,1,0,1,0,-1,0,0);es="Linear";ed="In";};["000-offset"]={cf=cfr(0,0,0,.073,.997,0,-.997,.073,0,0,0,1);es="Linear";ed="In";};["004-offset.001"]={cf=cfr(0,0,0,.088,-.996,-.029,.948,.093,-.306,.307,0,.952);es="Linear";ed="In";};["000-offset.009"]={cf=cfr(0,0,0,-.111,-.951,.288,.994,-.105,.038,-.006,.291,.957);es="Linear";ed="In";};["000-offset.012"]={cf=cfr(0,0,0,-.715,-.699,.01,.699,-.715,-.024,.024,-.01,1);es="Linear";ed="In";};["000-offset.001"]={cf=cfr(0,0,0,1,.026,-.008,-.027,.952,-.305,0,.305,.952);es="Linear";ed="In";};["000-offset.010"]={cf=cfr(0,0,0,-.137,.991,0,-.991,-.137,0,0,0,1);es="Linear";ed="In";};["000-offset.013"]={cf=cfr(0,0,0,.652,.759,0,-.759,.652,0,0,0,1);es="Linear";ed="In";};["000-offset.002"]={cf=cfr(0,0,0,.997,.065,.028,-.071,.915,.396,0,-.397,.918);es="Linear";ed="In";};["000-offset.011"]={cf=cfr(0,0,0,.288,-.958,0,.958,.288,0,0,0,1);es="Linear";ed="In";};["000-offset.014"]={cf=cfr(0,0,0,.127,-.992,0,.992,.127,0,0,0,1);es="Linear";ed="In";};["000-offset.006"]={cf=cfr(0,0,0,.284,-.75,.598,.095,.642,.761,-.954,-.159,.254);es="Linear";ed="In";};["000-offset.003"]={cf=cfr(0,0,0,-.002,-.693,.721,-.14,-.714,-.687,.99,-.102,-.095);es="Linear";ed="In";};["000-offset.007"]={cf=cfr(0,0,0,.744,-.668,0,.668,.744,0,0,0,1);es="Linear";ed="In";};["000-offset.004"]={cf=cfr(0,0,0,.676,-.737,0,.737,.676,0,0,0,1);es="Linear";ed="In";};["000-offset.008"]={cf=cfr(0,0,0,.968,-.252,.011,.248,.958,.143,-.047,-.135,.99);es="Linear";ed="In";};["000-offset.005"]={cf=cfr(0,0,0,.896,-.288,.338,.436,.714,-.548,-.084,.638,.765);es="Linear";ed="In";};};{tm=.292;["root"]={cf=cfr(0,2.411,0,0,0,1,0,1,0,-1,0,0);es="Linear";ed="In";};["000-offset"]={cf=cfr(0,0,0,.065,.998,0,-.998,.065,0,0,0,1);es="Linear";ed="In";};["004-offset.001"]={cf=cfr(0,0,0,.045,-.999,-.017,.937,.048,-.346,.347,0,.938);es="Linear";ed="In";};["000-offset.009"]={cf=cfr(0,0,0,-.179,-.928,.327,.984,-.167,.063,-.004,.333,.943);es="Linear";ed="In";};["000-offset.012"]={cf=cfr(0,0,0,-.64,-.768,.01,.768,-.64,-.028,.028,-.01,1);es="Linear";ed="In";};["000-offset.001"]={cf=cfr(0,0,0,.999,.031,-.009,-.032,.963,-.269,0,.269,.963);es="Linear";ed="In";};["000-offset.010"]={cf=cfr(0,0,0,-.168,.986,0,-.986,-.168,0,0,0,1);es="Linear";ed="In";};["000-offset.013"]={cf=cfr(0,0,0,.63,.776,0,-.776,.63,0,0,0,1);es="Linear";ed="In";};["000-offset.002"]={cf=cfr(0,0,0,.997,.072,.029,-.077,.926,.37,0,-.371,.929);es="Linear";ed="In";};["000-offset.011"]={cf=cfr(0,0,0,.238,-.971,0,.971,.238,0,0,0,1);es="Linear";ed="In";};["000-offset.014"]={cf=cfr(0,0,0,.143,-.99,0,.99,.143,0,0,0,1);es="Linear";ed="In";};["000-offset.006"]={cf=cfr(0,0,0,.272,-.782,.561,.097,.602,.792,-.957,-.161,.239);es="Linear";ed="In";};["000-offset.003"]={cf=cfr(0,0,0,-.006,-.742,.67,-.112,-.666,-.738,.994,-.079,-.079);es="Linear";ed="In";};["000-offset.007"]={cf=cfr(0,0,0,.743,-.67,0,.67,.743,0,0,0,1);es="Linear";ed="In";};["000-offset.004"]={cf=cfr(0,0,0,.678,-.735,0,.735,.678,0,0,0,1);es="Linear";ed="In";};["000-offset.008"]={cf=cfr(0,0,0,.968,-.252,.015,.244,.951,.189,-.062,-.179,.982);es="Linear";ed="In";};["000-offset.005"]={cf=cfr(0,0,0,.897,-.303,.323,.436,.728,-.528,-.075,.615,.785);es="Linear";ed="In";};};{tm=.333;["root"]={cf=cfr(0,2.425,0,0,0,1,0,1,0,-1,0,0);es="Linear";ed="In";};["000-offset"]={cf=cfr(0,0,0,.062,.998,0,-.998,.062,0,0,0,1);es="Linear";ed="In";};["004-offset.001"]={cf=cfr(0,0,0,-.014,-1,.006,.932,-.015,-.362,.362,0,.932);es="Linear";ed="In";};["000-offset.009"]={cf=cfr(0,0,0,-.211,-.915,.344,.977,-.198,.074,0,.352,.936);es="Linear";ed="In";};["000-offset.012"]={cf=cfr(0,0,0,-.575,-.818,.009,.818,-.575,-.03,.03,-.01,1);es="Linear";ed="In";};["000-offset.001"]={cf=cfr(0,0,0,.999,.032,-.008,-.033,.972,-.232,0,.232,.973);es="Linear";ed="In";};["000-offset.010"]={cf=cfr(0,0,0,-.182,.983,0,-.983,-.182,0,0,0,1);es="Linear";ed="In";};["000-offset.013"]={cf=cfr(0,0,0,.619,.785,0,-.785,.619,0,0,0,1);es="Linear";ed="In";};["000-offset.002"]={cf=cfr(0,0,0,.997,.074,.027,-.079,.937,.34,0,-.341,.94);es="Linear";ed="In";};["000-offset.011"]={cf=cfr(0,0,0,.2,-.98,0,.98,.2,0,0,0,1);es="Linear";ed="In";};["000-offset.014"]={cf=cfr(0,0,0,.161,-.987,0,.987,.161,0,0,0,1);es="Linear";ed="In";};["000-offset.006"]={cf=cfr(0,0,0,.258,-.815,.519,.098,.556,.825,-.961,-.162,.224);es="Linear";ed="In";};["000-offset.003"]={cf=cfr(0,0,0,-.008,-.792,.61,-.081,-.608,-.79,.997,-.056,-.059);es="Linear";ed="In";};["000-offset.007"]={cf=cfr(0,0,0,.741,-.671,0,.671,.741,0,0,0,1);es="Linear";ed="In";};["000-offset.004"]={cf=cfr(0,0,0,.681,-.733,0,.733,.681,0,0,0,1);es="Linear";ed="In";};["000-offset.008"]={cf=cfr(0,0,0,.968,-.252,.02,.24,.941,.239,-.079,-.226,.971);es="Linear";ed="In";};["000-offset.005"]={cf=cfr(0,0,0,.897,-.319,.306,.437,.743,-.507,-.066,.588,.806);es="Linear";ed="In";};};{tm=.375;["root"]={cf=cfr(0,2.453,0,0,0,1,0,1,0,-1,0,0);es="Linear";ed="In";};["000-offset"]={cf=cfr(0,0,0,.063,.998,0,-.998,.063,0,0,0,1);es="Linear";ed="In";};["004-offset.001"]={cf=cfr(0,0,0,-.092,-.995,.035,.93,-.098,-.355,.357,0,.934);es="Linear";ed="In";};["000-offset.009"]={cf=cfr(0,0,0,-.217,-.913,.345,.976,-.205,.071,.006,.353,.936);es="Linear";ed="In";};["000-offset.012"]={cf=cfr(0,0,0,-.519,-.855,.008,.854,-.519,-.032,.031,-.01,.999);es="Linear";ed="In";};["000-offset.001"]={cf=cfr(0,0,0,1,.03,-.006,-.031,.981,-.193,0,.193,.981);es="Linear";ed="In";};["000-offset.010"]={cf=cfr(0,0,0,-.185,.983,0,-.983,-.185,0,0,0,1);es="Linear";ed="In";};["000-offset.013"]={cf=cfr(0,0,0,.617,.787,0,-.787,.617,0,0,0,1);es="Linear";ed="In";};["000-offset.002"]={cf=cfr(0,0,0,.997,.074,.024,-.078,.948,.308,0,-.309,.951);es="Linear";ed="In";};["000-offset.011"]={cf=cfr(0,0,0,.172,-.985,0,.985,.172,0,0,0,1);es="Linear";ed="In";};["000-offset.014"]={cf=cfr(0,0,0,.181,-.983,0,.983,.181,0,0,0,1);es="Linear";ed="In";};["000-offset.006"]={cf=cfr(0,0,0,.243,-.848,.47,.099,.504,.858,-.965,-.162,.207);es="Linear";ed="In";};["000-offset.003"]={cf=cfr(0,0,0,-.007,-.841,.541,-.047,-.54,-.84,.999,-.031,-.036);es="Linear";ed="In";};["000-offset.007"]={cf=cfr(0,0,0,.74,-.673,0,.673,.74,0,0,0,1);es="Linear";ed="In";};["000-offset.004"]={cf=cfr(0,0,0,.683,-.73,0,.73,.683,0,0,0,1);es="Linear";ed="In";};["000-offset.008"]={cf=cfr(0,0,0,.967,-.253,.025,.235,.927,.293,-.097,-.277,.956);es="Linear";ed="In";};["000-offset.005"]={cf=cfr(0,0,0,.898,-.335,.286,.437,.759,-.483,-.055,.559,.827);es="Linear";ed="In";};};{tm=.417;["root"]={cf=cfr(0,2.482,0,0,0,1,0,1,0,-1,0,0);es="Linear";ed="In";};["000-offset"]={cf=cfr(0,0,0,.064,.998,0,-.998,.064,0,0,0,1);es="Linear";ed="In";};["004-offset.001"]={cf=cfr(0,0,0,-.183,-.981,.067,.921,-.195,-.337,.343,0,.939);es="Linear";ed="In";};["000-offset.009"]={cf=cfr(0,0,0,-.212,-.916,.34,.977,-.204,.061,.013,.345,.938);es="Linear";ed="In";};["000-offset.012"]={cf=cfr(0,0,0,-.464,-.886,.006,.885,-.464,-.033,.032,-.01,.999);es="Linear";ed="In";};["000-offset.001"]={cf=cfr(0,0,0,1,.027,-.004,-.028,.988,-.152,0,.153,.988);es="Linear";ed="In";};["000-offset.010"]={cf=cfr(0,0,0,-.189,.982,0,-.982,-.189,0,0,0,1);es="Linear";ed="In";};["000-offset.013"]={cf=cfr(0,0,0,.621,.784,0,-.784,.621,0,0,0,1);es="Linear";ed="In";};["000-offset.002"]={cf=cfr(0,0,0,.997,.073,.021,-.076,.959,.273,0,-.273,.962);es="Linear";ed="In";};["000-offset.011"]={cf=cfr(0,0,0,.144,-.99,0,.99,.144,0,0,0,1);es="Linear";ed="In";};["000-offset.014"]={cf=cfr(0,0,0,.204,-.979,0,.979,.204,0,0,0,1);es="Linear";ed="In";};["000-offset.006"]={cf=cfr(0,0,0,.227,-.88,.417,.099,.447,.889,-.969,-.16,.189);es="Linear";ed="In";};["000-offset.003"]={cf=cfr(0,0,0,-.002,-.886,.463,-.012,-.463,-.886,1,-.008,-.009);es="Linear";ed="In";};["000-offset.007"]={cf=cfr(0,0,0,.738,-.675,0,.675,.738,0,0,0,1);es="Linear";ed="In";};["000-offset.004"]={cf=cfr(0,0,0,.686,-.728,0,.728,.686,0,0,0,1);es="Linear";ed="In";};["000-offset.008"]={cf=cfr(0,0,0,.966,-.256,.03,.23,.908,.349,-.117,-.33,.937);es="Linear";ed="In";};["000-offset.005"]={cf=cfr(0,0,0,.898,-.351,.265,.437,.774,-.458,-.044,.527,.849);es="Linear";ed="In";};};{tm=.458;["root"]={cf=cfr(0,2.524,0,0,0,1,0,1,0,-1,0,0);es="Linear";ed="In";};["000-offset"]={cf=cfr(0,0,0,.065,.998,0,-.998,.065,0,0,0,1);es="Linear";ed="In";};["004-offset.001"]={cf=cfr(0,0,0,-.285,-.954,.097,.903,-.301,-.307,.322,0,.947);es="Linear";ed="In";};["000-offset.009"]={cf=cfr(0,0,0,-.197,-.923,.329,.98,-.193,.046,.021,.332,.943);es="Linear";ed="In";};["000-offset.012"]={cf=cfr(0,0,0,-.409,-.913,.004,.912,-.409,-.034,.032,-.01,.999);es="Linear";ed="In";};["000-offset.001"]={cf=cfr(0,0,0,1,.024,-.003,-.024,.994,-.111,0,.111,.994);es="Linear";ed="In";};["000-offset.010"]={cf=cfr(0,0,0,-.193,.981,0,-.981,-.193,0,0,0,1);es="Linear";ed="In";};["000-offset.013"]={cf=cfr(0,0,0,.63,.777,0,-.777,.63,0,0,0,1);es="Linear";ed="In";};["000-offset.002"]={cf=cfr(0,0,0,.997,.07,.017,-.073,.969,.235,0,-.236,.972);es="Linear";ed="In";};["000-offset.011"]={cf=cfr(0,0,0,.118,-.993,0,.993,.118,0,0,0,1);es="Linear";ed="In";};["000-offset.014"]={cf=cfr(0,0,0,.227,-.974,0,.974,.227,0,0,0,1);es="Linear";ed="In";};["000-offset.006"]={cf=cfr(0,0,0,.21,-.909,.359,.098,.385,.918,-.973,-.158,.17);es="Linear";ed="In";};["000-offset.003"]={cf=cfr(0,0,0,.006,-.926,.378,.024,-.378,-.926,1,.015,.02);es="Linear";ed="In";};["000-offset.007"]={cf=cfr(0,0,0,.735,-.678,0,.678,.735,0,0,0,1);es="Linear";ed="In";};["000-offset.004"]={cf=cfr(0,0,0,.688,-.725,0,.725,.688,0,0,0,1);es="Linear";ed="In";};["000-offset.008"]={cf=cfr(0,0,0,.965,-.26,.035,.224,.886,.407,-.137,-.385,.913);es="Linear";ed="In";};["000-offset.005"]={cf=cfr(0,0,0,.899,-.366,.241,.437,.79,-.431,-.033,.492,.87);es="Linear";ed="In";};};{tm=.5;["root"]={cf=cfr(0,2.58,0,0,0,1,0,1,0,-1,0,0);es="Linear";ed="In";};["000-offset"]={cf=cfr(0,0,0,.066,.998,0,-.998,.066,0,0,0,1);es="Linear";ed="In";};["004-offset.001"]={cf=cfr(0,0,0,-.393,-.911,.121,.871,-.412,-.268,.295,0,.956);es="Linear";ed="In";};["000-offset.009"]={cf=cfr(0,0,0,-.175,-.934,.313,.984,-.175,.027,.03,.312,.95);es="Linear";ed="In";};["000-offset.012"]={cf=cfr(0,0,0,-.355,-.935,.002,.934,-.355,-.034,.033,-.01,.999);es="Linear";ed="In";};["000-offset.001"]={cf=cfr(0,0,0,1,.019,-.001,-.019,.997,-.069,0,.069,.998);es="Linear";ed="In";};["000-offset.010"]={cf=cfr(0,0,0,-.193,.981,0,-.981,-.193,0,0,0,1);es="Linear";ed="In";};["000-offset.013"]={cf=cfr(0,0,0,.641,.768,0,-.768,.641,0,0,0,1);es="Linear";ed="In";};["000-offset.002"]={cf=cfr(0,0,0,.998,.068,.013,-.069,.978,.195,0,-.196,.981);es="Linear";ed="In";};["000-offset.011"]={cf=cfr(0,0,0,.093,-.996,0,.996,.093,0,0,0,1);es="Linear";ed="In";};["000-offset.014"]={cf=cfr(0,0,0,.252,-.968,0,.968,.252,0,0,0,1);es="Linear";ed="In";};["000-offset.006"]={cf=cfr(0,0,0,.193,-.935,.296,.096,.319,.943,-.976,-.154,.152);es="Linear";ed="In";};["000-offset.003"]={cf=cfr(0,0,0,.019,-.958,.286,.061,-.284,-.957,.998,.036,.053);es="Linear";ed="In";};["000-offset.007"]={cf=cfr(0,0,0,.733,-.68,0,.68,.733,0,0,0,1);es="Linear";ed="In";};["000-offset.004"]={cf=cfr(0,0,0,.691,-.723,0,.723,.691,0,0,0,1);es="Linear";ed="In";};["000-offset.008"]={cf=cfr(0,0,0,.963,-.266,.04,.218,.858,.465,-.158,-.439,.884);es="Linear";ed="In";};["000-offset.005"]={cf=cfr(0,0,0,.899,-.381,.216,.437,.804,-.402,-.021,.456,.89);es="Linear";ed="In";};};{tm=.542;["root"]={cf=cfr(0,2.623,0,0,0,1,0,1,0,-1,0,0);es="Linear";ed="In";};["000-offset"]={cf=cfr(0,0,0,.069,.998,0,-.998,.069,0,0,0,1);es="Linear";ed="In";};["004-offset.001"]={cf=cfr(0,0,0,-.504,-.853,.137,.823,-.522,-.224,.262,0,.965);es="Linear";ed="In";};["000-offset.009"]={cf=cfr(0,0,0,-.146,-.945,.291,.988,-.151,.005,.039,.289,.957);es="Linear";ed="In";};["000-offset.012"]={cf=cfr(0,0,0,-.301,-.954,0,.953,-.301,-.034,.033,-.01,.999);es="Linear";ed="In";};["000-offset.001"]={cf=cfr(0,0,0,1,.014,0,-.014,1,-.027,0,.027,1);es="Linear";ed="In";};["000-offset.010"]={cf=cfr(0,0,0,-.193,.981,0,-.981,-.193,0,0,0,1);es="Linear";ed="In";};["000-offset.013"]={cf=cfr(0,0,0,.654,.756,0,-.756,.654,0,0,0,1);es="Linear";ed="In";};["000-offset.002"]={cf=cfr(0,0,0,.998,.064,.01,-.065,.986,.154,0,-.154,.988);es="Linear";ed="In";};["000-offset.011"]={cf=cfr(0,0,0,.069,-.998,0,.998,.069,0,0,0,1);es="Linear";ed="In";};["000-offset.014"]={cf=cfr(0,0,0,.278,-.961,0,.961,.278,0,0,0,1);es="Linear";ed="In";};["000-offset.006"]={cf=cfr(0,0,0,.176,-.957,.23,.094,.249,.964,-.98,-.148,.133);es="Linear";ed="In";};["000-offset.003"]={cf=cfr(0,0,0,.037,-.981,.189,.096,-.185,-.978,.995,.054,.088);es="Linear";ed="In";};["000-offset.007"]={cf=cfr(0,0,0,.73,-.684,0,.684,.73,0,0,0,1);es="Linear";ed="In";};["000-offset.004"]={cf=cfr(0,0,0,.694,-.72,0,.72,.694,0,0,0,1);es="Linear";ed="In";};["000-offset.008"]={cf=cfr(0,0,0,.961,-.274,.044,.212,.826,.523,-.18,-.493,.851);es="Linear";ed="In";};["000-offset.005"]={cf=cfr(0,0,0,.899,-.395,.189,.438,.818,-.372,-.008,.418,.908);es="Linear";ed="In";};};{tm=.583;["root"]={cf=cfr(0,2.679,0,0,0,1,0,1,0,-1,0,0);es="Linear";ed="In";};["000-offset"]={cf=cfr(0,0,0,.072,.997,0,-.997,.072,0,0,0,1);es="Linear";ed="In";};["004-offset.001"]={cf=cfr(0,0,0,-.61,-.78,.142,.759,-.626,-.176,.226,0,.974);es="Linear";ed="In";};["000-offset.009"]={cf=cfr(0,0,0,-.113,-.957,.266,.992,-.122,-.017,.049,.262,.964);es="Linear";ed="In";};["000-offset.012"]={cf=cfr(0,0,0,-.248,-.969,-.002,.968,-.248,-.034,.032,-.01,.999);es="Linear";ed="In";};["000-offset.001"]={cf=cfr(0,0,0,1,.008,0,-.008,1,.016,0,-.016,1);es="Linear";ed="In";};["000-offset.010"]={cf=cfr(0,0,0,-.193,.981,0,-.981,-.193,0,0,0,1);es="Linear";ed="In";};["000-offset.013"]={cf=cfr(0,0,0,.668,.744,0,-.744,.668,0,0,0,1);es="Linear";ed="In";};["000-offset.002"]={cf=cfr(0,0,0,.998,.061,.007,-.061,.992,.111,0,-.112,.994);es="Linear";ed="In";};["000-offset.011"]={cf=cfr(0,0,0,.047,-.999,0,.999,.047,0,0,0,1);es="Linear";ed="In";};["000-offset.014"]={cf=cfr(0,0,0,.304,-.953,0,.953,.304,0,0,0,1);es="Linear";ed="In";};["000-offset.006"]={cf=cfr(0,0,0,.158,-.974,.162,.089,.177,.98,-.983,-.141,.115);es="Linear";ed="In";};["000-offset.003"]={cf=cfr(0,0,0,.059,-.994,.09,.13,-.081,-.988,.99,.07,.125);es="Linear";ed="In";};["000-offset.007"]={cf=cfr(0,0,0,.727,-.687,0,.687,.727,0,0,0,1);es="Linear";ed="In";};["000-offset.004"]={cf=cfr(0,0,0,.697,-.717,0,.717,.697,0,0,0,1);es="Linear";ed="In";};["000-offset.008"]={cf=cfr(0,0,0,.958,-.284,.047,.206,.789,.58,-.202,-.545,.814);es="Linear";ed="In";};["000-offset.005"]={cf=cfr(0,0,0,.899,-.407,.162,.438,.831,-.342,.005,.379,.926);es="Linear";ed="In";};};{tm=.625;["root"]={cf=cfr(0,2.735,0,0,0,1,0,1,0,-1,0,0);es="Linear";ed="In";};["000-offset"]={cf=cfr(0,0,0,.075,.997,0,-.997,.075,0,0,0,1);es="Linear";ed="In";};["004-offset.001"]={cf=cfr(0,0,0,-.708,-.693,.136,.681,-.721,-.131,.188,0,.982);es="Linear";ed="In";};["000-offset.009"]={cf=cfr(0,0,0,-.078,-.968,.237,.995,-.089,-.039,.059,.233,.971);es="Linear";ed="In";};["000-offset.012"]={cf=cfr(0,0,0,-.195,-.981,-.004,.98,-.194,-.033,.032,-.01,.999);es="Linear";ed="In";};["000-offset.001"]={cf=cfr(0,0,0,1,.002,0,-.002,.998,.058,0,-.058,.998);es="Linear";ed="In";};["000-offset.010"]={cf=cfr(0,0,0,-.185,.983,0,-.983,-.185,0,0,0,1);es="Linear";ed="In";};["000-offset.013"]={cf=cfr(0,0,0,.682,.732,0,-.732,.682,0,0,0,1);es="Linear";ed="In";};["000-offset.002"]={cf=cfr(0,0,0,.998,.057,.004,-.057,.996,.068,0,-.068,.998);es="Linear";ed="In";};["000-offset.011"]={cf=cfr(0,0,0,.027,-1,0,1,.027,0,0,0,1);es="Linear";ed="In";};["000-offset.014"]={cf=cfr(0,0,0,.33,-.944,0,.944,.33,0,0,0,1);es="Linear";ed="In";};["000-offset.006"]={cf=cfr(0,0,0,.141,-.986,.092,.084,.104,.991,-.986,-.132,.098);es="Linear";ed="In";};["000-offset.003"]={cf=cfr(0,0,0,.084,-.996,-.01,.161,.024,-.987,.983,.081,.163);es="Linear";ed="In";};["000-offset.007"]={cf=cfr(0,0,0,.723,-.691,0,.691,.723,0,0,0,1);es="Linear";ed="In";};["000-offset.004"]={cf=cfr(0,0,0,.7,-.714,0,.714,.7,0,0,0,1);es="Linear";ed="In";};["000-offset.008"]={cf=cfr(0,0,0,.954,-.295,.049,.199,.748,.634,-.224,-.595,.772);es="Linear";ed="In";};["000-offset.005"]={cf=cfr(0,0,0,.899,-.417,.133,.438,.843,-.312,.018,.339,.941);es="Linear";ed="In";};};{tm=.667;["root"]={cf=cfr(0,2.778,0,0,0,1,0,1,0,-1,0,0);es="Linear";ed="In";};["000-offset"]={cf=cfr(0,0,0,.079,.997,0,-.997,.079,0,0,0,1);es="Linear";ed="In";};["004-offset.001"]={cf=cfr(0,0,0,-.792,-.598,.12,.592,-.801,-.089,.149,0,.989);es="Linear";ed="In";};["000-offset.009"]={cf=cfr(0,0,0,-.041,-.978,.206,.997,-.055,-.059,.069,.202,.977);es="Linear";ed="In";};["000-offset.012"]={cf=cfr(0,0,0,-.141,-.99,-.005,.989,-.141,-.033,.032,-.01,.999);es="Linear";ed="In";};["000-offset.001"]={cf=cfr(0,0,0,1,-.004,0,.004,.995,.1,0,-.1,.995);es="Linear";ed="In";};["000-offset.010"]={cf=cfr(0,0,0,-.17,.985,0,-.985,-.17,0,0,0,1);es="Linear";ed="In";};["000-offset.013"]={cf=cfr(0,0,0,.693,.721,0,-.721,.693,0,0,0,1);es="Linear";ed="In";};["000-offset.002"]={cf=cfr(0,0,0,.999,.054,.001,-.054,.998,.023,0,-.023,1);es="Linear";ed="In";};["000-offset.011"]={cf=cfr(0,0,0,.009,-1,0,1,.009,0,0,0,1);es="Linear";ed="In";};["000-offset.014"]={cf=cfr(0,0,0,.356,-.934,0,.934,.356,0,0,0,1);es="Linear";ed="In";};["000-offset.006"]={cf=cfr(0,0,0,.124,-.992,.022,.078,.031,.996,-.989,-.122,.082);es="Linear";ed="In";};["000-offset.003"]={cf=cfr(0,0,0,.113,-.988,-.108,.19,.128,-.973,.975,.089,.202);es="Linear";ed="In";};["000-offset.007"]={cf=cfr(0,0,0,.719,-.695,0,.695,.719,0,0,0,1);es="Linear";ed="In";};["000-offset.004"]={cf=cfr(0,0,0,.703,-.711,0,.711,.703,0,0,0,1);es="Linear";ed="In";};["000-offset.008"]={cf=cfr(0,0,0,.95,-.308,.049,.192,.703,.685,-.245,-.641,.727);es="Linear";ed="In";};["000-offset.005"]={cf=cfr(0,0,0,.899,-.426,.104,.437,.854,-.281,.031,.298,.954);es="Linear";ed="In";};};{tm=.708;["root"]={cf=cfr(0,2.82,0,0,0,1,0,1,0,-1,0,0);es="Linear";ed="In";};["000-offset"]={cf=cfr(0,0,0,.083,.997,0,-.997,.083,0,0,0,1);es="Linear";ed="In";};["004-offset.001"]={cf=cfr(0,0,0,-.861,-.499,.097,.496,-.867,-.056,.112,0,.994);es="Linear";ed="In";};["000-offset.009"]={cf=cfr(0,0,0,-.006,-.985,.174,.997,-.02,-.076,.079,.173,.982);es="Linear";ed="In";};["000-offset.012"]={cf=cfr(0,0,0,-.088,-.996,-.007,.996,-.087,-.032,.031,-.01,.999);es="Linear";ed="In";};["000-offset.001"]={cf=cfr(0,0,0,1,-.01,-.001,.01,.99,.14,0,-.14,.99);es="Linear";ed="In";};["000-offset.010"]={cf=cfr(0,0,0,-.149,.989,0,-.989,-.149,0,0,0,1);es="Linear";ed="In";};["000-offset.013"]={cf=cfr(0,0,0,.703,.712,0,-.712,.703,0,0,0,1);es="Linear";ed="In";};["000-offset.002"]={cf=cfr(0,0,0,.999,.052,-.001,-.052,.998,-.021,0,.021,1);es="Linear";ed="In";};["000-offset.011"]={cf=cfr(0,0,0,-.006,-1,0,1,-.006,0,0,0,1);es="Linear";ed="In";};["000-offset.014"]={cf=cfr(0,0,0,.382,-.924,0,.924,.382,0,0,0,1);es="Linear";ed="In";};["000-offset.006"]={cf=cfr(0,0,0,.107,-.993,-.048,.071,-.041,.997,-.992,-.11,.067);es="Linear";ed="In";};["000-offset.003"]={cf=cfr(0,0,0,.144,-.969,-.203,.215,.231,-.949,.966,.093,.241);es="Linear";ed="In";};["000-offset.007"]={cf=cfr(0,0,0,.714,-.7,0,.7,.714,0,0,0,1);es="Linear";ed="In";};["000-offset.004"]={cf=cfr(0,0,0,.706,-.708,0,.708,.706,0,0,0,1);es="Linear";ed="In";};["000-offset.008"]={cf=cfr(0,0,0,.946,-.322,.048,.186,.655,.732,-.267,-.684,.679);es="Linear";ed="In";};["000-offset.005"]={cf=cfr(0,0,0,.898,-.433,.075,.437,.864,-.251,.044,.259,.965);es="Linear";ed="In";};};{tm=.75;["root"]={cf=cfr(0,2.862,0,0,0,1,0,1,0,-1,0,0);es="Linear";ed="In";};["000-offset"]={cf=cfr(0,0,0,.087,.996,0,-.996,.087,0,0,0,1);es="Linear";ed="In";};["004-offset.001"]={cf=cfr(0,0,0,-.914,-.401,.07,.4,-.916,-.031,.076,0,.997);es="Linear";ed="In";};["000-offset.009"]={cf=cfr(0,0,0,.026,-.989,.142,.996,.013,-.09,.088,.144,.986);es="Linear";ed="In";};["000-offset.012"]={cf=cfr(0,0,0,-.033,-.999,-.009,.999,-.033,-.031,.031,-.01,.999);es="Linear";ed="In";};["000-offset.001"]={cf=cfr(0,0,0,1,-.017,-.003,.017,.983,.18,0,-.18,.984);es="Linear";ed="In";};["000-offset.010"]={cf=cfr(0,0,0,-.118,.993,0,-.993,-.118,0,0,0,1);es="Linear";ed="In";};["000-offset.013"]={cf=cfr(0,0,0,.708,.706,0,-.706,.708,0,0,0,1);es="Linear";ed="In";};["000-offset.002"]={cf=cfr(0,0,0,.999,.049,-.003,-.05,.997,-.065,0,.066,.998);es="Linear";ed="In";};["000-offset.011"]={cf=cfr(0,0,0,-.019,-1,0,1,-.019,0,0,0,1);es="Linear";ed="In";};["000-offset.014"]={cf=cfr(0,0,0,.406,-.914,0,.914,.406,0,0,0,1);es="Linear";ed="In";};["000-offset.006"]={cf=cfr(0,0,0,.091,-.989,-.116,.064,-.11,.992,-.994,-.098,.053);es="Linear";ed="In";};["000-offset.003"]={cf=cfr(0,0,0,.177,-.94,-.291,.236,.328,-.915,.955,.094,.28);es="Linear";ed="In";};["000-offset.007"]={cf=cfr(0,0,0,.709,-.705,0,.705,.709,0,0,0,1);es="Linear";ed="In";};["000-offset.004"]={cf=cfr(0,0,0,.71,-.705,0,.705,.71,0,0,0,1);es="Linear";ed="In";};["000-offset.008"]={cf=cfr(0,0,0,.941,-.336,.045,.179,.605,.776,-.288,-.722,.629);es="Linear";ed="In";};["000-offset.005"]={cf=cfr(0,0,0,.898,-.438,.047,.437,.872,-.222,.057,.22,.974);es="Linear";ed="In";};};{tm=.792;["root"]={cf=cfr(0,2.905,0,0,0,1,0,1,0,-1,0,0);es="Linear";ed="In";};["000-offset"]={cf=cfr(0,0,0,.091,.996,0,-.996,.091,0,0,0,1);es="Linear";ed="In";};["004-offset.001"]={cf=cfr(0,0,0,-.95,-.309,.042,.309,-.951,-.014,.045,0,.999);es="Linear";ed="In";};["000-offset.009"]={cf=cfr(0,0,0,.053,-.992,.113,.994,.042,-.101,.096,.118,.988);es="Linear";ed="In";};["000-offset.012"]={cf=cfr(0,0,0,.022,-1,-.011,.999,.022,-.03,.03,-.01,.999);es="Linear";ed="In";};["000-offset.001"]={cf=cfr(0,0,0,1,-.023,-.005,.023,.976,.219,0,-.219,.976);es="Linear";ed="In";};["000-offset.010"]={cf=cfr(0,0,0,-.078,.997,0,-.997,-.078,0,0,0,1);es="Linear";ed="In";};["000-offset.013"]={cf=cfr(0,0,0,.71,.705,0,-.705,.71,0,0,0,1);es="Linear";ed="In";};["000-offset.002"]={cf=cfr(0,0,0,.999,.047,-.005,-.048,.993,-.109,0,.109,.994);es="Linear";ed="In";};["000-offset.011"]={cf=cfr(0,0,0,-.028,-1,0,1,-.028,0,0,0,1);es="Linear";ed="In";};["000-offset.014"]={cf=cfr(0,0,0,.43,-.903,0,.903,.43,0,0,0,1);es="Linear";ed="In";};["000-offset.006"]={cf=cfr(0,0,0,.076,-.981,-.181,.055,-.177,.983,-.996,-.085,.041);es="Linear";ed="In";};["000-offset.003"]={cf=cfr(0,0,0,.211,-.904,-.372,.253,.419,-.872,.944,.09,.317);es="Linear";ed="In";};["000-offset.007"]={cf=cfr(0,0,0,.704,-.71,0,.71,.704,0,0,0,1);es="Linear";ed="In";};["000-offset.004"]={cf=cfr(0,0,0,.713,-.702,0,.702,.713,0,0,0,1);es="Linear";ed="In";};["000-offset.008"]={cf=cfr(0,0,0,.935,-.351,.04,.173,.554,.815,-.308,-.755,.579);es="Linear";ed="In";};["000-offset.005"]={cf=cfr(0,0,0,.897,-.442,.019,.437,.879,-.194,.069,.182,.981);es="Linear";ed="In";};};{tm=.833;["root"]={cf=cfr(0,2.947,0,0,0,1,0,1,0,-1,0,0);es="Linear";ed="In";};["000-offset"]={cf=cfr(0,0,0,.095,.995,0,-.995,.095,0,0,0,1);es="Linear";ed="In";};["004-offset.001"]={cf=cfr(0,0,0,-.973,-.229,.018,.229,-.973,-.004,.019,0,1);es="Linear";ed="In";};["000-offset.009"]={cf=cfr(0,0,0,.074,-.993,.089,.992,.064,-.11,.103,.096,.99);es="Linear";ed="In";};["000-offset.012"]={cf=cfr(0,0,0,.079,-.997,-.012,.996,.079,-.029,.03,-.01,1);es="Linear";ed="In";};["000-offset.001"]={cf=cfr(0,0,0,1,-.029,-.008,.03,.966,.255,0,-.256,.967);es="Linear";ed="In";};["000-offset.010"]={cf=cfr(0,0,0,-.026,1,0,-1,-.026,0,0,0,1);es="Linear";ed="In";};["000-offset.013"]={cf=cfr(0,0,0,.705,.709,0,-.709,.705,0,0,0,1);es="Linear";ed="In";};["000-offset.002"]={cf=cfr(0,0,0,.999,.045,-.007,-.046,.987,-.151,0,.151,.988);es="Linear";ed="In";};["000-offset.011"]={cf=cfr(0,0,0,-.035,-.999,0,.999,-.035,0,0,0,1);es="Linear";ed="In";};["000-offset.014"]={cf=cfr(0,0,0,.452,-.892,0,.892,.452,0,0,0,1);es="Linear";ed="In";};["000-offset.006"]={cf=cfr(0,0,0,.062,-.968,-.242,.047,-.24,.97,-.997,-.071,.03);es="Linear";ed="In";};["000-offset.003"]={cf=cfr(0,0,0,.245,-.861,-.445,.267,.501,-.823,.932,.083,.353);es="Linear";ed="In";};["000-offset.007"]={cf=cfr(0,0,0,.698,-.716,0,.716,.698,0,0,0,1);es="Linear";ed="In";};["000-offset.004"]={cf=cfr(0,0,0,.716,-.698,0,.698,.716,0,0,0,1);es="Linear";ed="In";};["000-offset.008"]={cf=cfr(0,0,0,.93,-.366,.034,.166,.502,.849,-.328,-.783,.528);es="Linear";ed="In";};["000-offset.005"]={cf=cfr(0,0,0,.896,-.444,-.008,.436,.884,-.168,.082,.147,.986);es="Linear";ed="In";};};{tm=.875;["root"]={cf=cfr(0,2.975,0,0,0,1,0,1,0,-1,0,0);es="Linear";ed="In";};["000-offset"]={cf=cfr(0,0,0,.1,.995,0,-.995,.1,0,0,0,1);es="Linear";ed="In";};["004-offset.001"]={cf=cfr(0,0,0,-.986,-.165,0,.165,-.986,0,0,0,1);es="Linear";ed="In";};["000-offset.009"]={cf=cfr(0,0,0,.086,-.994,.07,.99,.078,-.116,.11,.079,.991);es="Linear";ed="In";};["000-offset.012"]={cf=cfr(0,0,0,.136,-.991,-.014,.99,.137,-.028,.03,-.01,1);es="Linear";ed="In";};["000-offset.001"]={cf=cfr(0,0,0,.999,-.034,-.01,.036,.956,.29,0,-.291,.957);es="Linear";ed="In";};["000-offset.010"]={cf=cfr(0,0,0,.037,.999,0,-.999,.037,0,0,0,1);es="Linear";ed="In";};["000-offset.013"]={cf=cfr(0,0,0,.694,.72,0,-.72,.694,0,0,0,1);es="Linear";ed="In";};["000-offset.002"]={cf=cfr(0,0,0,.999,.043,-.008,-.044,.98,-.192,0,.192,.981);es="Linear";ed="In";};["000-offset.011"]={cf=cfr(0,0,0,-.038,-.999,0,.999,-.038,0,0,0,1);es="Linear";ed="In";};["000-offset.014"]={cf=cfr(0,0,0,.472,-.882,0,.882,.472,0,0,0,1);es="Linear";ed="In";};["000-offset.006"]={cf=cfr(0,0,0,.048,-.953,-.299,.037,-.297,.954,-.998,-.057,.021);es="Linear";ed="In";};["000-offset.003"]={cf=cfr(0,0,0,.278,-.815,-.509,.277,.575,-.77,.92,.073,.385);es="Linear";ed="In";};["000-offset.007"]={cf=cfr(0,0,0,.691,-.722,0,.722,.691,0,0,0,1);es="Linear";ed="In";};["000-offset.004"]={cf=cfr(0,0,0,.719,-.695,0,.695,.719,0,0,0,1);es="Linear";ed="In";};["000-offset.008"]={cf=cfr(0,0,0,.924,-.381,.027,.16,.451,.878,-.346,-.807,.478);es="Linear";ed="In";};["000-offset.005"]={cf=cfr(0,0,0,.895,-.444,-.033,.436,.889,-.144,.094,.114,.989);es="Linear";ed="In";};};{tm=.917;["root"]={cf=cfr(0,3.017,0,0,0,1,0,1,0,-1,0,0);es="Linear";ed="In";};["000-offset"]={cf=cfr(0,0,0,.104,.995,0,-.995,.104,0,0,0,1);es="Linear";ed="In";};["004-offset.001"]={cf=cfr(0,0,0,-.993,-.119,-.012,.118,-.993,.001,-.012,0,1);es="Linear";ed="In";};["000-offset.009"]={cf=cfr(0,0,0,.086,-.995,.059,.99,.079,-.12,.115,.068,.991);es="Linear";ed="In";};["000-offset.012"]={cf=cfr(0,0,0,.2,-.98,-.016,.979,.2,-.027,.03,-.01,1);es="Linear";ed="In";};["000-offset.001"]={cf=cfr(0,0,0,.999,-.039,-.013,.041,.945,.323,0,-.323,.946);es="Linear";ed="In";};["000-offset.010"]={cf=cfr(0,0,0,.138,.99,0,-.99,.138,0,0,0,1);es="Linear";ed="In";};["000-offset.013"]={cf=cfr(0,0,0,.67,.742,0,-.742,.67,0,0,0,1);es="Linear";ed="In";};["000-offset.002"]={cf=cfr(0,0,0,.999,.041,-.01,-.042,.972,-.231,0,.231,.973);es="Linear";ed="In";};["000-offset.011"]={cf=cfr(0,0,0,-.035,-.999,0,.999,-.035,0,0,0,1);es="Linear";ed="In";};["000-offset.014"]={cf=cfr(0,0,0,.491,-.871,0,.871,.491,0,0,0,1);es="Linear";ed="In";};["000-offset.006"]={cf=cfr(0,0,0,.035,-.936,-.35,.028,-.349,.937,-.999,-.043,.014);es="Linear";ed="In";};["000-offset.003"]={cf=cfr(0,0,0,.309,-.766,-.564,.284,.64,-.714,.908,.06,.415);es="Linear";ed="In";};["000-offset.007"]={cf=cfr(0,0,0,.684,-.729,0,.729,.684,0,0,0,1);es="Linear";ed="In";};["000-offset.004"]={cf=cfr(0,0,0,.722,-.692,0,.692,.722,0,0,0,1);es="Linear";ed="In";};["000-offset.008"]={cf=cfr(0,0,0,.919,-.395,.018,.155,.401,.903,-.363,-.827,.429);es="Linear";ed="In";};["000-offset.005"]={cf=cfr(0,0,0,.894,-.444,-.057,.435,.892,-.122,.105,.084,.991);es="Linear";ed="In";};};{tm=.958;["root"]={cf=cfr(0,3.046,0,0,0,1,0,1,0,-1,0,0);es="Linear";ed="In";};["000-offset"]={cf=cfr(0,0,0,.108,.994,0,-.994,.108,0,0,0,1);es="Linear";ed="In";};["004-offset.001"]={cf=cfr(0,0,0,-.996,-.088,-.02,.088,-.996,.002,-.021,0,1);es="Linear";ed="In";};["000-offset.009"]={cf=cfr(0,0,0,.074,-.996,.054,.99,.067,-.122,.118,.062,.991);es="Linear";ed="In";};["000-offset.012"]={cf=cfr(0,0,0,.269,-.963,-.018,.963,.269,-.026,.03,-.01,1);es="Linear";ed="In";};["000-offset.001"]={cf=cfr(0,0,0,.999,-.044,-.017,.047,.934,.354,0,-.354,.935);es="Linear";ed="In";};["000-offset.010"]={cf=cfr(0,0,0,.285,.959,0,-.959,.285,0,0,0,1);es="Linear";ed="In";};["000-offset.013"]={cf=cfr(0,0,0,.63,.776,0,-.776,.63,0,0,0,1);es="Linear";ed="In";};["000-offset.002"]={cf=cfr(0,0,0,.999,.039,-.011,-.04,.963,-.268,0,.268,.963);es="Linear";ed="In";};["000-offset.011"]={cf=cfr(0,0,0,-.024,-1,0,1,-.024,0,0,0,1);es="Linear";ed="In";};["000-offset.014"]={cf=cfr(0,0,0,.507,-.862,0,.862,.507,0,0,0,1);es="Linear";ed="In";};["000-offset.006"]={cf=cfr(0,0,0,.024,-.918,-.395,.019,-.395,.919,-1,-.03,.008);es="Linear";ed="In";};["000-offset.003"]={cf=cfr(0,0,0,.337,-.718,-.609,.289,.695,-.659,.896,.046,.441);es="Linear";ed="In";};["000-offset.007"]={cf=cfr(0,0,0,.677,-.736,0,.736,.677,0,0,0,1);es="Linear";ed="In";};["000-offset.004"]={cf=cfr(0,0,0,.724,-.689,0,.689,.724,0,0,0,1);es="Linear";ed="In";};["000-offset.008"]={cf=cfr(0,0,0,.913,-.407,.008,.149,.354,.923,-.379,-.842,.384);es="Linear";ed="In";};["000-offset.005"]={cf=cfr(0,0,0,.893,-.443,-.078,.435,.895,-.103,.115,.058,.992);es="Linear";ed="In";};};{tm=1;["root"]={cf=cfr(0,3.06,0,0,0,1,0,1,0,-1,0,0);es="Linear";ed="In";};["000-offset"]={cf=cfr(0,0,0,.112,.994,0,-.994,.112,0,0,0,1);es="Linear";ed="In";};["004-offset.001"]={cf=cfr(0,0,0,-.997,-.072,-.025,.072,-.997,.002,-.025,0,1);es="Linear";ed="In";};["000-offset.009"]={cf=cfr(0,0,0,.053,-.997,.054,.991,.046,-.122,.12,.06,.991);es="Linear";ed="In";};["000-offset.012"]={cf=cfr(0,0,0,.339,-.941,-.02,.94,.339,-.025,.03,-.01,1);es="Linear";ed="In";};["000-offset.001"]={cf=cfr(0,0,0,.999,-.048,-.02,.052,.923,.382,0,-.382,.924);es="Linear";ed="In";};["000-offset.010"]={cf=cfr(0,0,0,.455,.891,0,-.891,.455,0,0,0,1);es="Linear";ed="In";};["000-offset.013"]={cf=cfr(0,0,0,.576,.818,0,-.818,.576,0,0,0,1);es="Linear";ed="In";};["000-offset.002"]={cf=cfr(0,0,0,.999,.037,-.012,-.039,.952,-.302,0,.302,.953);es="Linear";ed="In";};["000-offset.011"]={cf=cfr(0,0,0,-.007,-1,0,1,-.007,0,0,0,1);es="Linear";ed="In";};["000-offset.014"]={cf=cfr(0,0,0,.522,-.853,0,.853,.522,0,0,0,1);es="Linear";ed="In";};["000-offset.006"]={cf=cfr(0,0,0,.013,-.901,-.434,.011,-.434,.901,-1,-.017,.004);es="Linear";ed="In";};["000-offset.003"]={cf=cfr(0,0,0,.361,-.672,-.647,.291,.74,-.606,.886,.03,.463);es="Linear";ed="In";};["000-offset.007"]={cf=cfr(0,0,0,.668,-.744,0,.744,.668,0,0,0,1);es="Linear";ed="In";};["000-offset.004"]={cf=cfr(0,0,0,.727,-.686,0,.686,.727,0,0,0,1);es="Linear