local cfr = CFrame.new

return {{tm=0;["Head"]={cf=cfr(0,0,0,.938,-.041,.344,.109,.978,-.179,-.329,.206,.922);es="Sine";ed="Out";};["LeftUpperArm"]={cf=cfr(1.112,-.06,-1.389,.829,.095,-.551,-.362,-.66,-.658,-.426,.745,-.513);es="Sine";ed="Out";};["RightUpperArm"]={cf=cfr(0,0,0,1,0,0,0,.174,.985,0,-.985,.174);es="Sine";ed="Out";};["LeftUpperLeg"]={cf=cfr(0,0,0,.454,-.432,.78,-.055,.86,.508,-.89,-.273,.366);es="Sine";ed="Out";};["RightUpperLeg"]={cf=cfr(-.193,.213,-.17,.564,.657,.5,-.019,.616,-.788,-.825,.435,.36);es="Sine";ed="Out";};["UpperTorso"]={cf=cfr(0,0,0,.88,.105,.462,-.096,.994,-.044,-.464,-.005,.886);es="Sine";ed="Out";};["LeftLowerLeg"]={cf=cfr(0,0,0,1,0,0,0,.985,.174,0,-.174,.985);es="Sine";ed="Out";};["RightLowerLeg"]={cf=cfr(0,0,0,1,0,0,0,.707,.707,0,-.707,.707);es="Sine";ed="Out";};["LeftLowerArm"]={cf=cfr(0,0,0,1,0,0,0,.766,-.643,0,.643,.766);es="Sine";ed="Out";};["LowerTorso"]={cf=cfr(0,-.567,-1.604,.638,-.059,-.768,.163,.985,.059,.753,-.163,.638);es="Sine";ed="Out";};["RightLowerArm"]={cf=cfr(0,0,0,1,0,0,0,.5,-.866,0,.866,.5);es="Sine";ed="Out";};};{tm=.017;["RightUpperArm"]={cf=cfr(-.007,0,-.007,.996,.09,.003,-.021,.195,.981,.088,-.977,.196);es="Linear";ed="In";};["LeftUpperArm"]={cf=cfr(.931,-.158,-1.298,.726,.282,-.628,-.327,-.661,-.675,-.606,.695,-.387);es="Linear";ed="In";};["Head"]={cf=cfr(.009,0,-.005,.831,-.033,.556,.159,.971,-.18,-.534,.238,.812);es="Linear";ed="In";};["UpperTorso"]={cf=cfr(-.014,-.008,.026,.955,.189,.226,-.183,.982,-.051,-.232,.007,.973);es="Linear";ed="In";};["RightUpperLeg"]={cf=cfr(-.207,.129,-.174,.581,.628,.518,-.028,.651,-.759,-.814,.426,.396);es="Linear";ed="In";};["LeftUpperLeg"]={cf=cfr(.04,.148,.024,.439,-.144,.887,-.034,.984,.177,-.898,-.108,.427);es="Linear";ed="In";};["LeftLowerLeg"]={cf=cfr(0,.042,-.048,1,0,0,0,.932,.362,0,-.362,.932);es="Linear";ed="In";};["RightLowerLeg"]={cf=cfr(0,.002,-.002,1,0,0,0,.753,.658,0,-.658,.753);es="Linear";ed="In";};["LeftLowerArm"]={cf=cfr(0,.001,.001,1,0,0,0,.721,-.693,0,.693,.721);es="Linear";ed="In";};["LowerTorso"]={cf=cfr(0,-.454,-1.604,.638,-.059,-.768,.163,.985,.059,.753,-.163,.638);es="Linear";ed="In";};["RightLowerArm"]={cf=cfr(0,0,0,1,0,0,0,.519,-.855,0,.855,.519);es="Linear";ed="In";};};{tm=.033;["RightUpperArm"]={cf=cfr(-.008,0,-.01,.985,.174,.004,-.041,.213,.976,.169,-.962,.216);es="Linear";ed="In";};["LeftUpperArm"]={cf=cfr(.732,-.247,-1.214,.594,.443,-.671,-.297,-.655,-.695,-.748,.612,-.258);es="Linear";ed="In";};["Head"]={cf=cfr(.011,0,-.008,.689,-.018,.725,.204,.964,-.17,-.696,.265,.667);es="Linear";ed="In";};["UpperTorso"]={cf=cfr(-.021,-.009,.033,.965,.262,-.006,-.262,.964,-.037,-.004,.037,.999);es="Linear";ed="In";};["RightUpperLeg"]={cf=cfr(-.22,.051,-.178,.596,.601,.532,-.036,.683,-.73,-.802,.416,.429);es="Linear";ed="In";};["LeftUpperLeg"]={cf=cfr(.087,.231,.051,.433,.143,.89,-.011,.988,-.153,-.901,.057,.429);es="Linear";ed="In";};["LeftLowerLeg"]={cf=cfr(0,.066,-.088,1,0,0,0,.851,.525,0,-.525,.851);es="Linear";ed="In";};["RightLowerLeg"]={cf=cfr(0,.003,-.002,1,0,0,0,.793,.609,0,-.609,.793);es="Linear";ed="In";};["LeftLowerArm"]={cf=cfr(0,.002,.002,1,0,0,0,.676,-.737,0,.737,.676);es="Linear";ed="In";};["LowerTorso"]={cf=cfr(0,-.35,-1.604,.638,-.059,-.768,.163,.985,.059,.753,-.163,.638);es="Linear";ed="In";};["RightLowerArm"]={cf=cfr(0,0,0,1,0,0,0,.537,-.843,0,.843,.537);es="Linear";ed="In";};};{tm=.05;["RightUpperArm"]={cf=cfr(-.007,0,-.008,.97,.244,.003,-.06,.226,.972,.237,-.943,.234);es="Linear";ed="In";};["LeftUpperArm"]={cf=cfr(.539,-.322,-1.139,.459,.564,-.686,-.274,-.645,-.713,-.845,.515,-.142);es="Linear";ed="In";};["Head"]={cf=cfr(.009,0,-.007,.54,0,.842,.24,.958,-.154,-.807,.285,.517);es="Linear";ed="In";};["UpperTorso"]={cf=cfr(-.019,-.007,.026,.927,.315,-.205,-.324,.946,-.01,.191,.076,.979);es="Linear";ed="In";};["RightUpperLeg"]={cf=cfr(-.231,-.018,-.182,.609,.577,.544,-.042,.709,-.704,-.792,.406,.456);es="Linear";ed="In";};["LeftUpperLeg"]={cf=cfr(.121,.258,.072,.432,.379,.818,.01,.905,-.424,-.902,.192,.388);es="Linear";ed="In";};["LeftLowerLeg"]={cf=cfr(0,.077,-.115,1,0,0,0,.759,.651,0,-.651,.759);es="Linear";ed="In";};["RightLowerLeg"]={cf=cfr(0,.003,-.002,1,0,0,0,.825,.565,0,-.565,.825);es="Linear";ed="In";};["LeftLowerArm"]={cf=cfr(0,.001,.002,1,0,0,0,.635,-.773,0,.773,.635);es="Linear";ed="In";};["LowerTorso"]={cf=cfr(0,-.259,-1.604,.638,-.059,-.768,.163,.985,.059,.753,-.163,.638);es="Linear";ed="In";};["RightLowerArm"]={cf=cfr(0,0,0,1,0,0,0,.552,-.834,0,.834,.552);es="Linear";ed="In";};};{tm=.067;["RightUpperArm"]={cf=cfr(-.004,0,-.005,.955,.298,.002,-.075,.236,.969,.288,-.925,.248);es="Linear";ed="In";};["LeftUpperArm"]={cf=cfr(.378,-.381,-1.075,.344,.644,-.683,-.258,-.634,-.728,-.903,.427,-.052);es="Linear";ed="In";};["Head"]={cf=cfr(.005,0,-.004,.412,.016,.911,.266,.954,-.137,-.872,.299,.389);es="Linear";ed="In";};["UpperTorso"]={cf=cfr(-.012,-.004,.014,.869,.35,-.351,-.367,.93,.019,.333,.112,.936);es="Linear";ed="In";};["RightUpperLeg"]={cf=cfr(-.24,-.07,-.186,.62,.558,.552,-.047,.728,-.684,-.784,.398,.477);es="Linear";ed="In";};["LeftUpperLeg"]={cf=cfr(.138,.253,.082,.436,.54,.72,.026,.792,-.61,-.9,.285,.331);es="Linear";ed="In";};["LeftLowerLeg"]={cf=cfr(0,.079,-.132,1,0,0,0,.675,.738,0,-.738,.675);es="Linear";ed="In";};["RightLowerLeg"]={cf=cfr(0,.001,-.001,1,0,0,0,.848,.53,0,-.53,.848);es="Linear";ed="In";};["LeftLowerArm"]={cf=cfr(0,.001,.001,1,0,0,0,.602,-.799,0,.799,.602);es="Linear";ed="In";};["LowerTorso"]={cf=cfr(0,-.19,-1.604,.638,-.059,-.768,.163,.985,.059,.753,-.163,.638);es="Linear";ed="In";};["RightLowerArm"]={cf=cfr(0,0,0,1,0,0,0,.564,-.826,0,.826,.564);es="Linear";ed="In";};};{tm=.083;["RightUpperArm"]={cf=cfr(-.001,0,-.001,.944,.331,.001,-.085,.241,.967,.32,-.912,.256);es="Linear";ed="In";};["LeftUpperArm"]={cf=cfr(.271,-.418,-1.033,.268,.688,-.675,-.25,-.627,-.738,-.93,.367,.004);es="Linear";ed="In";};["Head"]={cf=cfr(.001,0,-.001,.327,.027,.945,.28,.952,-.124,-.902,.306,.304);es="Linear";ed="In";};["UpperTorso"]={cf=cfr(-.003,-.001,.004,.82,.368,-.438,-.391,.919,.041,.418,.138,.898);es="Linear";ed="In";};["RightUpperLeg"]={cf=cfr(-.246,-.103,-.189,.626,.546,.557,-.049,.74,-.67,-.778,.392,.49);es="Linear";ed="In";};["LeftUpperLeg"]={cf=cfr(.143,.24,.085,.439,.63,.641,.035,.701,-.713,-.898,.336,.286);es="Linear";ed="In";};["LeftLowerLeg"]={cf=cfr(0,.079,-.139,1,0,0,0,.618,.786,0,-.786,.618);es="Linear";ed="In";};["RightLowerLeg"]={cf=cfr(0,0,0,1,0,0,0,.862,.508,0,-.508,.862);es="Linear";ed="In";};["LeftLowerArm"]={cf=cfr(0,0,0,1,0,0,0,.581,-.814,0,.814,.581);es="Linear";ed="In";};["LowerTorso"]={cf=cfr(0,-.147,-1.604,.638,-.059,-.768,.163,.985,.059,.753,-.163,.638);es="Linear";ed="In";};["RightLowerArm"]={cf=cfr(0,0,0,1,0,0,0,.571,-.821,0,.821,.571);es="Linear";ed="In";};};{tm=.1;["Head"]={cf=cfr(0,0,0,.298,.031,.954,.285,.951,-.119,-.911,.308,.274);es="Sine";ed="Out";};["LeftUpperArm"]={cf=cfr(.233,-.43,-1.018,.242,.701,-.671,-.247,-.624,-.741,-.938,.345,.023);es="Sine";ed="Out";};["RightUpperArm"]={cf=cfr(0,0,0,.94,.342,0,-.089,.243,.966,.33,-.908,.259);es="Sine";ed="Out";};["LeftUpperLeg"]={cf=cfr(.143,.234,.085,.441,.657,.611,.038,.666,-.745,-.897,.352,.269);es="Sine";ed="Out";};["RightUpperLeg"]={cf=cfr(-.248,-.115,-.189,.628,.542,.559,-.05,.744,-.666,-.777,.39,.495);es="Sine";ed="Out";};["UpperTorso"]={cf=cfr(0,0,0,.802,.374,-.466,-.399,.916,.049,.445,.147,.883);es="Sine";ed="Out";};["LeftLowerLeg"]={cf=cfr(0,.078,-.142,1,0,0,0,.597,.802,0,-.802,.597);es="Sine";ed="Out";};["RightLowerLeg"]={cf=cfr(0,0,0,1,0,0,0,.866,.5,0,-.5,.866);es="Sine";ed="Out";};["LeftLowerArm"]={cf=cfr(0,0,0,1,0,0,0,.574,-.819,0,.819,.574);es="Sine";ed="Out";};["LowerTorso"]={cf=cfr(0,-.132,-1.604,.638,-.059,-.768,.163,.985,.059,.753,-.163,.638);es="Sine";ed="Out";};["RightLowerArm"]={cf=cfr(0,0,0,1,0,0,0,.574,-.819,0,.819,.574);es="Sine";ed="Out";};};{tm=.117;["RightUpperArm"]={cf=cfr(0,0,0,.94,.342,0,-.089,.243,.966,.33,-.908,.259);es="Linear";ed="In";};["LeftUpperArm"]={cf=cfr(.233,-.43,-1.018,.242,.701,-.671,-.247,-.624,-.741,-.938,.345,.023);es="Linear";ed="In";};["Head"]={cf=cfr(0,0,0,.298,.031,.954,.285,.951,-.119,-.911,.308,.274);es="Linear";ed="In";};["UpperTorso"]={cf=cfr(0,0,0,.802,.374,-.466,-.399,.916,.049,.445,.147,.883);es="Linear";ed="In";};["RightUpperLeg"]={cf=cfr(-.248,-.115,-.189,.628,.542,.559,-.05,.744,-.666,-.777,.39,.495);es="Linear";ed="In";};["LeftUpperLeg"]={cf=cfr(.143,.234,.085,.441,.657,.611,.038,.666,-.745,-.897,.352,.269);es="Linear";ed="In";};["LeftLowerLeg"]={cf=cfr(0,.078,-.142,1,0,0,0,.597,.802,0,-.802,.597);es="Linear";ed="In";};["RightLowerLeg"]={cf=cfr(0,0,0,1,0,0,0,.866,.5,0,-.5,.866);es="Linear";ed="In";};["LeftLowerArm"]={cf=cfr(0,0,0,1,0,0,0,.574,-.819,0,.819,.574);es="Linear";ed="In";};["LowerTorso"]={cf=cfr(0,-.132,-1.604,.638,-.059,-.768,.163,.985,.059,.753,-.163,.638);es="Linear";ed="In";};["RightLowerArm"]={cf=cfr(0,0,0,1,0,0,0,.574,-.819,0,.819,.574);es="Linear";ed="In";};};{tm=.133;["Head"]={cf=cfr(0,0,0,.298,.031,.954,.285,.951,-.119,-.911,.308,.274);es="Sine";ed="In";};["LeftUpperArm"]={cf=cfr(.233,-.43,-1.018,.242,.701,-.671,-.247,-.624,-.741,-.938,.345,.023);es="Sine";ed="In";};["RightUpperArm"]={cf=cfr(0,0,0,.94,.342,0,-.089,.243,.966,.33,-.908,.259);es="Sine";ed="In";};["LeftUpperLeg"]={cf=cfr(.143,.234,.085,.441,.657,.611,.038,.666,-.745,-.897,.352,.269);es="Sine";ed="In";};["RightUpperLeg"]={cf=cfr(-.248,-.115,-.189,.628,.542,.559,-.05,.744,-.666,-.777,.39,.495);es="Sine";ed="In";};["UpperTorso"]={cf=cfr(0,0,0,.802,.374,-.466,-.399,.916,.049,.445,.147,.883);es="Sine";ed="In";};["LeftLowerLeg"]={cf=cfr(0,.078,-.142,1,0,0,0,.597,.802,0,-.802,.597);es="Sine";ed="In";};["RightLowerLeg"]={cf=cfr(0,0,0,1,0,0,0,.866,.5,0,-.5,.866);es="Sine";ed="In";};["LeftLowerArm"]={cf=cfr(0,0,0,1,0,0,0,.574,-.819,0,.819,.574);es="Quad";ed="Out";};["LowerTorso"]={cf=cfr(0,-.132,-1.604,.638,-.059,-.768,.163,.985,.059,.753,-.163,.638);es="Sine";ed="In";};["RightLowerArm"]={cf=cfr(0,0,0,1,0,0,0,.574,-.819,0,.819,.574);es="Sine";ed="In";};};{tm=.15;["RightUpperArm"]={cf=cfr(-.001,.007,-.006,.943,.331,-.005,-.091,.273,.958,.319,-.903,.287);es="Linear";ed="In";};["LeftUpperArm"]={cf=cfr(.232,-.505,-1.003,.243,.683,-.689,-.302,-.622,-.723,-.922,.383,.055);es="Linear";ed="In";};["Head"]={cf=cfr(.001,0,-.001,.317,.027,.948,.282,.952,-.122,-.905,.306,.294);es="Linear";ed="In";};["UpperTorso"]={cf=cfr(-.001,0,.002,.814,.369,-.448,-.395,.918,.039,.426,.145,.893);es="Linear";ed="In";};["RightUpperLeg"]={cf=cfr(-.248,-.115,-.189,.628,.543,.557,-.05,.743,-.668,-.776,.392,.494);es="Linear";ed="In";};["LeftUpperLeg"]={cf=cfr(.139,.225,.082,.442,.668,.599,.039,.653,-.757,-.896,.357,.263);es="Linear";ed="In";};["LeftLowerLeg"]={cf=cfr(0,.075,-.137,1,0,0,0,.596,.803,0,-.803,.596);es="Linear";ed="In";};["RightLowerLeg"]={cf=cfr(0,.002,-.001,1,0,0,0,.857,.515,0,-.515,.857);es="Linear";ed="In";};["LeftLowerArm"]={cf=cfr(0,0,0,1,0,0,0,.586,-.81,0,.81,.586);es="Linear";ed="In";};["LowerTorso"]={cf=cfr(0,-.132,-1.572,.638,-.059,-.768,.17,.983,.065,.751,-.172,.637);es="Linear";ed="In";};["RightLowerArm"]={cf=cfr(0,0,0,1,0,0,0,.581,-.814,0,.814,.581);es="Linear";ed="In";};};{tm=.167;["RightUpperArm"]={cf=cfr(-.002,.024,-.019,.954,.3,-.018,-.095,.357,.929,.285,-.885,.369);es="Linear";ed="In";};["LeftUpperArm"]={cf=cfr(.223,-.712,-.952,.237,.627,-.742,-.455,-.603,-.655,-.858,.493,.142);es="Linear";ed="In";};["Head"]={cf=cfr(.002,0,-.003,.373,.017,.928,.274,.953,-.128,-.887,.302,.351);es="Linear";ed="In";};["UpperTorso"]={cf=cfr(-.002,-.002,.006,.848,.355,-.392,-.381,.924,.013,.367,.138,.92);es="Linear";ed="In";};["RightUpperLeg"]={cf=cfr(-.248,-.115,-.189,.629,.548,.552,-.049,.737,-.674,-.776,.397,.49);es="Linear";ed="In";};["LeftUpperLeg"]={cf=cfr(.127,.198,.075,.445,.697,.562,.039,.611,-.79,-.895,.374,.245);es="Linear";ed="In";};["LeftLowerLeg"]={cf=cfr(0,.068,-.123,1,0,0,0,.594,.804,0,-.804,.594);es="Linear";ed="In";};["RightLowerLeg"]={cf=cfr(0,.005,-.005,1,0,0,0,.829,.559,0,-.559,.829);es="Linear";ed="In";};["LeftLowerArm"]={cf=cfr(0,0,.001,1,0,0,0,.598,-.801,0,.801,.598);es="Linear";ed="In";};["LowerTorso"]={cf=cfr(0,-.133,-1.479,.638,-.059,-.768,.189,.978,.082,.746,-.198,.635);es="Linear";ed="In";};["RightLowerArm"]={cf=cfr(0,.001,.001,1,0,0,0,.602,-.799,0,.799,.602);es="Linear";ed="In";};};{tm=.183;["RightUpperArm"]={cf=cfr(-.005,.044,-.032,.969,.246,-.032,-.095,.486,.869,.229,-.839,.494);es="Linear";ed="In";};["LeftUpperArm"]={cf=cfr(.192,-1.004,-.847,.203,.538,-.818,-.672,-.531,-.516,-.712,.655,.254);es="Linear";ed="In";};["Head"]={cf=cfr(.004,0,-.005,.46,.003,.888,.259,.956,-.137,-.85,.293,.439);es="Linear";ed="In";};["UpperTorso"]={cf=cfr(-.003,-.003,.01,.895,.332,-.3,-.355,.934,-.027,.271,.13,.954);es="Linear";ed="In";};["RightUpperLeg"]={cf=cfr(-.248,-.114,-.189,.629,.555,.544,-.049,.727,-.685,-.776,.404,.485);es="Linear";ed="In";};["LeftUpperLeg"]={cf=cfr(.106,.154,.061,.45,.74,.5,.04,.542,-.839,-.892,.398,.214);es="Linear";ed="In";};["LeftLowerLeg"]={cf=cfr(0,.055,-.1,1,0,0,0,.59,.807,0,-.807,.59);es="Linear";ed="In";};["RightLowerLeg"]={cf=cfr(0,.009,-.009,1,0,0,0,.779,.626,0,-.626,.779);es="Linear";ed="In";};["LeftLowerArm"]={cf=cfr(0,.001,.001,1,0,0,0,.609,-.793,0,.793,.609);es="Linear";ed="In";};["LowerTorso"]={cf=cfr(0,-.134,-1.33,.638,-.059,-.768,.22,.969,.108,.738,-.238,.631);es="Linear";ed="In";};["RightLowerArm"]={cf=cfr(0,.001,.002,1,0,0,0,.635,-.773,0,.773,.635);es="Linear";ed="In";};};{tm=.2;["RightUpperArm"]={cf=cfr(-.008,.055,-.035,.984,.174,-.039,-.082,.638,.765,.158,-.75,.642);es="Linear";ed="In";};["LeftUpperArm"]={cf=cfr(.127,-1.306,-.688,.115,.432,-.895,-.883,-.368,-.291,-.455,.823,.339);es="Linear";ed="In";};["Head"]={cf=cfr(.005,0,-.006,.566,-.015,.824,.239,.96,-.146,-.789,.28,.547);es="Linear";ed="In";};["UpperTorso"]={cf=cfr(-.003,-.004,.013,.938,.3,-.172,-.316,.946,-.074,.141,.124,.982);es="Linear";ed="In";};["RightUpperLeg"]={cf=cfr(-.248,-.114,-.189,.63,.563,.534,-.048,.715,-.698,-.775,.414,.477);es="Linear";ed="In";};["LeftUpperLeg"]={cf=cfr(.074,.093,.042,.457,.787,.413,.04,.446,-.894,-.888,.426,.172);es="Linear";ed="In";};["LeftLowerLeg"]={cf=cfr(0,.039,-.071,1,0,0,0,.585,.811,0,-.811,.585);es="Linear";ed="In";};["RightLowerLeg"]={cf=cfr(0,.011,-.011,1,0,0,0,.707,.707,0,-.707,.707);es="Linear";ed="In";};["LeftLowerArm"]={cf=cfr(0,.001,.001,1,0,0,0,.62,-.785,0,.785,.62);es="Linear";ed="In";};["LowerTorso"]={cf=cfr(0,-.134,-1.137,.638,-.059,-.768,.26,.955,.142,.725,-.29,.625);es="Linear";ed="In";};["RightLowerArm"]={cf=cfr(0,.002,.002,1,0,0,0,.676,-.737,0,.737,.676);es="Linear";ed="In";};};{tm=.217;["RightUpperArm"]={cf=cfr(-.008,.044,-.024,.996,.088,-.03,-.051,.788,.614,.077,-.61,.789);es="Linear";ed="In";};["LeftUpperArm"]={cf=cfr(.034,-1.537,-.507,-.035,.336,-.941,-.994,-.109,-.002,-.103,.936,.337);es="Linear";ed="In";};["Head"]={cf=cfr(.004,0,-.004,.679,-.034,.733,.214,.965,-.154,-.702,.262,.662);es="Linear";ed="In";};["UpperTorso"]={cf=cfr(-.002,-.003,.01,.965,.261,-.018,-.261,.958,-.121,-.014,.122,.992);es="Linear";ed="In";};["RightUpperLeg"]={cf=cfr(-.248,-.114,-.189,.631,.573,.522,-.047,.7,-.712,-.774,.425,.469);es="Linear";ed="In";};["LeftUpperLeg"]={cf=cfr(.03,.019,.016,.466,.83,.307,.04,.327,-.944,-.884,.452,.119);es="Linear";ed="In";};["LeftLowerLeg"]={cf=cfr(0,.02,-.037,1,0,0,0,.58,.815,0,-.815,.58);es="Linear";ed="In";};["RightLowerLeg"]={cf=cfr(0,.008,-.009,1,0,0,0,.612,.791,0,-.791,.612);es="Linear";ed="In";};["LeftLowerArm"]={cf=cfr(0,.001,.001,1,0,0,0,.63,-.777,0,.777,.63);es="Linear";ed="In";};["LowerTorso"]={cf=cfr(0,-.133,-.912,.638,-.059,-.768,.305,.935,.181,.707,-.35,.614);es="Linear";ed="In";};["RightLowerArm"]={cf=cfr(0,.001,.001,1,0,0,0,.721,-.693,0,.693,.721);es="Linear";ed="In";};};{tm=.233;["LeftLowerArm"]={cf=cfr(0,.001,.001,1,0,0,0,.639,-.769,0,.769,.639);es="Linear";ed="In";};["Head"]={cf=cfr(0,0,0,.784,-.051,.619,.187,.97,-.158,-.592,.239,.77);es="Quad";ed="Out";};["LeftUpperArm"]={cf=cfr(-.061,-1.651,-.369,-.226,.284,-.932,-.934,.208,.289,.276,.936,.218);es="Quad";ed="Out";};["RightUpperArm"]={cf=cfr(0,0,0,1,0,0,0,.906,.423,0,-.423,.906);es="Quad";ed="Out";};["LeftUpperLeg"]={cf=cfr(-.025,-.064,-.016,.474,.86,.188,.038,.194,-.98,-.88,.472,.06);es="Linear";ed="In";};["RightUpperLeg"]={cf=cfr(-.248,-.115,-.189,.632,.584,.509,-.045,.684,-.728,-.773,.437,.459);es="Quad";ed="In";};["UpperTorso"]={cf=cfr(0,0,0,.964,.219,.15,-.195,.967,-.162,-.18,.127,.975);es="Quad";ed="Out";};["RightLowerLeg"]={cf=cfr(0,0,0,1,0,0,0,.5,.866,0,-.866,.5);es="Quad";ed="In";};["LeftLowerLeg"]={cf=cfr(0,0,0,1,0,0,0,.574,.819,0,-.819,.574);es="Linear";ed="In";};["LowerTorso"]={cf=cfr(0,-.132,-.671,.638,-.059,-.768,.352,.909,.222,.685,-.413,.601);es="Quad";ed="Out";};["RightLowerArm"]={cf=cfr(0,0,0,1,0,0,0,.766,-.643,0,.643,.766);es="Quad";ed="Out";};};{tm=.25;["LeftLowerArm"]={cf=cfr(0,.001,.001,1,0,0,0,.647,-.762,0,.762,.647);es="Linear";ed="In";};["RightUpperArm"]={cf=cfr(-.001,.002,.001,1,-.021,-.002,.02,.915,.403,-.007,-.403,.915);es="Linear";ed="In";};["LeftUpperArm"]={cf=cfr(.009,-1.498,-.229,-.065,.396,-.916,-.928,.314,.202,.367,.863,.347);es="Linear";ed="In";};["Head"]={cf=cfr(.008,-.003,.001,.832,-.053,.553,.16,.976,-.146,-.532,.21,.82);es="Linear";ed="In";};["UpperTorso"]={cf=cfr(.002,-.007,-.002,.972,.191,.136,-.175,.977,-.12,-.156,.093,.983);es="Linear";ed="In";};["RightUpperLeg"]={cf=cfr(-.243,-.113,-.181,.649,.574,.499,-.044,.683,-.729,-.76,.451,.468);es="Linear";ed="In";};["RightLowerLeg"]={cf=cfr(0,0,0,1,0,0,0,.498,.867,0,-.867,.498);es="Linear";ed="In";};["LowerTorso"]={cf=cfr(.005,-.163,-.618,.715,-.073,-.695,.303,.928,.215,.63,-.364,.686);es="Linear";ed="In";};["RightLowerArm"]={cf=cfr(0,.001,.001,1,0,0,0,.745,-.667,0,.667,.745);es="Linear";ed="In";};};{tm=.267;["LeftLowerArm"]={cf=cfr(0,.001,.001,1,0,0,0,.655,-.755,0,.755,.655);es="Linear";ed="In";};["RightUpperArm"]={cf=cfr(-.002,.003,.001,.999,-.041,-.003,.039,.922,.385,-.013,-.385,.923);es="Linear";ed="In";};["LeftUpperArm"]={cf=cfr(.069,-1.338,-.123,.094,.476,-.874,-.899,.418,.131,.428,.773,.468);es="Linear";ed="In";};["Head"]={cf=cfr(.013,-.005,.001,.871,-.053,.488,.135,.982,-.133,-.472,.182,.863);es="Linear";ed="In";};["UpperTorso"]={cf=cfr(.003,-.013,-.004,.979,.164,.122,-.155,.985,-.081,-.133,.06,.989);es="Linear";ed="In";};["RightUpperLeg"]={cf=cfr(-.231,-.108,-.156,.696,.544,.468,-.038,.68,-.733,-.717,.492,.494);es="Linear";ed="In";};["RightLowerLeg"]={cf=cfr(0,0,-.001,1,0,0,0,.491,.871,0,-.871,.491);es="Linear";ed="In";};["LowerTorso"]={cf=cfr(.008,-.192,-.568,.781,-.08,-.62,.257,.945,.202,.569,-.317,.758);es="Linear";ed="In";};["RightLowerArm"]={cf=cfr(0,.001,.001,1,0,0,0,.725,-.689,0,.689,.725);es="Linear";ed="In";};};{tm=.283;["LeftLowerArm"]={cf=cfr(0,.001,.001,1,0,0,0,.663,-.749,0,.749,.663);es="Linear";ed="In";};["RightUpperArm"]={cf=cfr(-.002,.003,.001,.998,-.059,-.003,.056,.928,.368,-.019,-.368,.93);es="Linear";ed="In";};["LeftUpperArm"]={cf=cfr(.116,-1.176,-.048,.245,.528,-.813,-.853,.516,.078,.461,.674,.577);es="Linear";ed="In";};["Head"]={cf=cfr(.017,-.006,.002,.904,-.052,.425,.113,.986,-.119,-.413,.156,.897);es="Linear";ed="In";};["UpperTorso"]={cf=cfr(.004,-.016,-.004,.984,.14,.108,-.136,.99,-.045,-.113,.029,.993);es="Linear";ed="In";};["RightUpperLeg"]={cf=cfr(-.214,-.099,-.116,.769,.487,.413,-.029,.673,-.739,-.638,.556,.532);es="Linear";ed="In";};["RightLowerLeg"]={cf=cfr(0,.001,-.001,1,0,0,0,.48,.877,0,-.877,.48);es="Linear";ed="In";};["LowerTorso"]={cf=cfr(.01,-.218,-.523,.835,-.082,-.544,.216,.959,.186,.506,-.273,.818);es="Linear";ed="In";};["RightLowerArm"]={cf=cfr(0,.002,.002,1,0,0,0,.706,-.708,0,.708,.706);es="Linear";ed="In";};};{tm=.3;["LeftLowerArm"]={cf=cfr(0,.001,.001,1,0,0,0,.669,-.743,0,.743,.669);es="Linear";ed="In";};["RightUpperArm"]={cf=cfr(-.003,.004,.001,.997,-.076,-.004,.073,.933,.352,-.023,-.352,.936);es="Linear";ed="In";};["LeftUpperArm"]={cf=cfr(.147,-1.018,.003,.382,.555,-.739,-.796,.604,.042,.47,.572,.672);es="Linear";ed="In";};["Head"]={cf=cfr(.018,-.006,.003,.93,-.049,.365,.093,.99,-.105,-.356,.132,.925);es="Linear";ed="In";};["UpperTorso"]={cf=cfr(.005,-.017,-.005,.989,.118,.094,-.118,.993,-.011,-.095,0,.996);es="Linear";ed="In";};["RightUpperLeg"]={cf=cfr(-.195,-.088,-.067,.856,.397,.33,-.019,.663,-.748,-.516,.635,.576);es="Linear";ed="In";};["RightLowerLeg"]={cf=cfr(0,.001,-.002,1,0,0,0,.464,.886,0,-.886,.464);es="Linear";ed="In";};["LowerTorso"]={cf=cfr(.011,-.242,-.481,.879,-.08,-.47,.178,.97,.168,.442,-.231,.867);es="Linear";ed="In";};["RightLowerArm"]={cf=cfr(0,.002,.002,1,0,0,0,.688,-.726,0,.726,.688);es="Linear";ed="In";};};{tm=.317;["LeftLowerArm"]={cf=cfr(0,.001,.001,1,0,0,0,.676,-.737,0,.737,.676);es="Linear";ed="In";};["RightUpperArm"]={cf=cfr(-.003,.004,.001,.996,-.092,-.004,.088,.937,.338,-.027,-.336,.941);es="Linear";ed="In";};["LeftUpperArm"]={cf=cfr(.163,-.867,.035,.503,.56,-.658,-.732,.681,.02,.459,.472,.752);es="Linear";ed="In";};["Head"]={cf=cfr(.018,-.007,.003,.95,-.044,.309,.076,.993,-.091,-.302,.11,.947);es="Linear";ed="In";};["UpperTorso"]={cf=cfr(.005,-.017,-.005,.992,.098,.08,-.1,.995,.019,-.078,-.027,.997);es="Linear";ed="In";};["RightUpperLeg"]={cf=cfr(-.179,-.075,-.014,.94,.266,.215,-.009,.648,-.761,-.342,.714,.612);es="Linear";ed="In";};["RightLowerLeg"]={cf=cfr(0,.002,-.003,1,0,0,0,.444,.896,0,-.896,.444);es="Linear";ed="In";};["LowerTorso"]={cf=cfr(.011,-.264,-.442,.914,-.075,-.398,.145,.978,.147,.379,-.192,.905);es="Linear";ed="In";};["RightLowerArm"]={cf=cfr(0,.002,.002,1,0,0,0,.67,-.742,0,.742,.67);es="Linear";ed="In";};};{tm=.333;["LeftLowerArm"]={cf=cfr(0,.001,.001,1,0,0,0,.681,-.732,0,.732,.681);es="Linear";ed="In";};["RightUpperArm"]={cf=cfr(-.003,.004,.001,.994,-.106,-.004,.102,.941,.324,-.031,-.323,.946);es="Linear";ed="In";};["LeftUpperArm"]={cf=cfr(.166,-.726,.053,.607,.549,-.576,-.666,.746,.01,.435,.377,.818);es="Linear";ed="In";};["Head"]={cf=cfr(.017,-.006,.003,.966,-.039,.256,.061,.995,-.077,-.252,.09,.964);es="Linear";ed="In";};["UpperTorso"]={cf=cfr(.005,-.017,-.004,.994,.08,.068,-.084,.995,.047,-.064,-.052,.997);es="Linear";ed="In";};["RightUpperLeg"]={cf=cfr(-.167,-.06,.032,.994,.089,.069,-.002,.628,-.778,-.112,.773,.624);es="Linear";ed="In";};["RightLowerLeg"]={cf=cfr(0,.002,-.003,1,0,0,0,.418,.908,0,-.908,.418);es="Linear";ed="In";};["LowerTorso"]={cf=cfr(.011,-.284,-.406,.941,-.068,-.331,.116,.985,.126,.318,-.157,.935);es="Linear";ed="In";};["RightLowerArm"]={cf=cfr(0,.002,.002,1,0,0,0,.654,-.756,0,.756,.654);es="Linear";ed="In";};};{tm=.35;["LeftLowerArm"]={cf=cfr(0,0,0,1,0,0,0,.686,-.727,0,.727,.686);es="Linear";ed="In";};["RightUpperArm"]={cf=cfr(-.002,.003,.001,.993,-.119,-.003,.114,.943,.312,-.034,-.31,.95);es="Linear";ed="In";};["LeftUpperArm"]={cf=cfr(.157,-.598,.06,.692,.525,-.495,-.6,.8,.009,.4,.291,.869);es="Linear";ed="In";};["Head"]={cf=cfr(.016,-.006,.003,.978,-.033,.208,.048,.997,-.064,-.205,.072,.976);es="Linear";ed="In";};["UpperTorso"]={cf=cfr(.005,-.015,-.004,.996,.065,.056,-.068,.995,.071,-.051,-.075,.996);es="Linear";ed="In";};["RightUpperLeg"]={cf=cfr(-.159,-.042,.057,.986,-.132,-.102,-.002,.603,-.798,.167,.787,.594);es="Linear";ed="In";};["RightLowerLeg"]={cf=cfr(0,.003,-.004,1,0,0,0,.388,.922,0,-.922,.388);es="Linear";ed="In";};["LowerTorso"]={cf=cfr(.01,-.301,-.374,.961,-.059,-.27,.091,.99,.106,.261,-.126,.957);es="Linear";ed="In";};["RightLowerArm"]={cf=cfr(0,.002,.002,1,0,0,0,.639,-.769,0,.769,.639);es="Linear";ed="In";};};{tm=.367;["LeftLowerArm"]={cf=cfr(0,0,0,1,0,0,0,.691,-.723,0,.723,.691);es="Linear";ed="In";};["RightUpperArm"]={cf=cfr(-.002,.003,.001,.991,-.131,-.003,.125,.945,.301,-.037,-.298,.954);es="Linear";ed="In";};["LeftUpperArm"]={cf=cfr(.14,-.484,.061,.762,.494,-.419,-.538,.843,.016,.36,.213,.908);es="Linear";ed="In";};["Head"]={cf=cfr(.014,-.005,.003,.986,-.028,.165,.037,.998,-.051,-.163,.056,.985);es="Linear";ed="In";};["LowerTorso"]={cf=cfr(.008,-.317,-.345,.976,-.05,-.214,.07,.994,.086,.208,-.098,.973);es="Linear";ed="In";};["RightLowerArm"]={cf=cfr(0,.001,.001,1,0,0,0,.626,-.78,0,.78,.626);es="Linear";ed="In";};["UpperTorso"]={cf=cfr(.004,-.013,-.003,.998,.051,.044,-.055,.994,.093,-.04,-.095,.995);es="Linear";ed="In";};["RightUpperLeg"]={cf=cfr(-.146,-.022,.048,.882,-.378,-.28,-.014,.574,-.818,.471,.726,.502);es="Quad";ed="Out";};["LeftUpperLeg"]={cf=cfr(.083,-.006,.008,.884,.369,.286,-.044,.675,-.736,-.465,.638,.613);es="Quad";ed="Out";};["LeftLowerLeg"]={cf=cfr(0,.002,-.002,1,0,0,0,.526,.851,0,-.851,.526);es="Quad";ed="Out";};["RightLowerLeg"]={cf=cfr(0,.003,-.004,1,0,0,0,.353,.936,0,-.936,.353);es="Quad";ed="Out";};};{tm=.383;["LeftLowerArm"]={cf=cfr(0,0,0,1,0,0,0,.695,-.719,0,.719,.695);es="Linear";ed="In";};["RightUpperArm"]={cf=cfr(-.002,.002,.001,.99,-.141,-.002,.135,.947,.291,-.039,-.288,.957);es="Linear";ed="In";};["LeftUpperArm"]={cf=cfr(.117,-.383,.058,.817,.459,-.349,-.481,.876,.026,.318,.146,.937);es="Linear";ed="In";};["Head"]={cf=cfr(.011,-.004,.003,.992,-.022,.126,.027,.999,-.04,-.125,.043,.991);es="Linear";ed="In";};["UpperTorso"]={cf=cfr(.003,-.011,-.002,.999,.038,.034,-.042,.993,.112,-.03,-.114,.993);es="Linear";ed="In";};["LeftUpperLeg"]={cf=cfr(.09,-.005,.009,.839,.416,.351,-.032,.682,-.731,-.544,.602,.585);es="Linear";ed="In";};["RightUpperLeg"]={cf=cfr(-.14,-.016,.041,.836,-.427,-.344,-.016,.607,-.794,.548,.67,.501);es="Linear";ed="In";};["LowerTorso"]={cf=cfr(.007,-.33,-.32,.986,-.04,-.164,.052,.996,.067,.16,-.075,.984);es="Linear";ed="In";};["RightLowerArm"]={cf=cfr(0,.001,.001,1,0,0,0,.614,-.789,0,.789,.614);es="Linear";ed="In";};["LeftLowerLeg"]={cf=cfr(0,.004,-.005,1,0,0,0,.588,.809,0,-.809,.588);es="Linear";ed="In";};["RightLowerLeg"]={cf=cfr(0,.008,-.012,1,0,0,0,.462,.887,0,-.887,.462);es="Linear";ed="In";};};{tm=.4;["LeftLowerArm"]={cf=cfr(0,0,0,1,0,0,0,.698,-.716,0,.716,.698);es="Linear";ed="In";};["RightUpperArm"]={cf=cfr(-.001,.002,.001,.989,-.149,-.002,.144,.948,.282,-.04,-.28,.959);es="Linear";ed="In";};["LeftUpperArm"]={cf=cfr(.091,-.297,.053,.859,.423,-.288,-.431,.901,.04,.277,.09,.957);es="Linear";ed="In";};["Head"]={cf=cfr(.009,-.003,.002,.996,-.017,.093,.02,.999,-.029,-.092,.031,.995);es="Linear";ed="In";};["UpperTorso"]={cf=cfr(.003,-.008,-.002,.999,.028,.026,-.031,.991,.129,-.022,-.129,.991);es="Linear";ed="In";};["LeftUpperLeg"]={cf=cfr(.095,-.004,.008,.794,.454,.406,-.023,.688,-.725,-.608,.566,.556);es="Linear";ed="In";};["RightUpperLeg"]={cf=cfr(-.133,-.011,.032,.791,-.464,-.398,-.016,.635,-.772,.611,.617,.495);es="Linear";ed="In";};["LowerTorso"]={cf=cfr(.005,-.342,-.297,.992,-.031,-.12,.037,.998,.05,.118,-.054,.991);es="Linear";ed="In";};["RightLowerArm"]={cf=cfr(0,.001,.001,1,0,0,0,.603,-.797,0,.797,.603);es="Linear";ed="In";};["LeftLowerLeg"]={cf=cfr(0,.005,-.005,1,0,0,0,.639,.769,0,-.769,.639);es="Linear";ed="In";};["RightLowerLeg"]={cf=cfr(0,.01,-.014,1,0,0,0,.552,.834,0,-.834,.552);es="Linear";ed="In";};};{tm=.417;["LeftLowerArm"]={cf=cfr(0,0,0,1,0,0,0,.701,-.713,0,.713,.701);es="Linear";ed="In";};["RightUpperArm"]={cf=cfr(-.001,.001,.001,.988,-.157,-.001,.151,.949,.275,-.042,-.272,.961);es="Linear";ed="In";};["LeftUpperArm"]={cf=cfr(.064,-.226,.048,.89,.389,-.236,-.388,.92,.054,.239,.044,.97);es="Linear";ed="In";};["Head"]={cf=cfr(.006,-.002,.002,.998,-.012,.064,.013,1,-.021,-.064,.021,.998);es="Linear";ed="In";};["UpperTorso"]={cf=cfr(.002,-.006,-.001,1,.019,.018,-.022,.99,.143,-.015,-.143,.99);es="Linear";ed="In";};["LeftUpperLeg"]={cf=cfr(.098,-.003,.007,.751,.483,.45,-.015,.694,-.72,-.66,.534,.528);es="Linear";ed="In";};["RightUpperLeg"]={cf=cfr(-.125,-.007,.024,.749,-.492,-.443,-.013,.658,-.753,.662,.57,.487);es="Linear";ed="In";};["LowerTorso"]={cf=cfr(.004,-.351,-.278,.996,-.022,-.083,.025,.999,.035,.083,-.037,.996);es="Linear";ed="In";};["RightLowerArm"]={cf=cfr(0,.001,.001,1,0,0,0,.594,-.804,0,.804,.594);es="Linear";ed="In";};["LeftLowerLeg"]={cf=cfr(0,.004,-.005,1,0,0,0,.68,.733,0,-.733,.68);es="Linear";ed="In";};["RightLowerLeg"]={cf=cfr(0,.01,-.013,1,0,0,0,.623,.782,0,-.782,.623);es="Linear";ed="In";};};{tm=.433;["LeftLowerArm"]={cf=cfr(0,0,0,1,0,0,0,.703,-.711,0,.711,.703);es="Linear";ed="In";};["RightUpperArm"]={cf=cfr(-.001,.001,0,.987,-.163,-.001,.157,.95,.269,-.043,-.266,.963);es="Linear";ed="In";};["LeftUpperArm"]={cf=cfr(.039,-.168,.042,.913,.359,-.194,-.352,.933,.067,.205,.007,.979);es="Linear";ed="In";};["Head"]={cf=cfr(.004,-.002,.001,.999,-.008,.041,.008,1,-.013,-.041,.014,.999);es="Linear";ed="In";};["UpperTorso"]={cf=cfr(.001,-.004,-.001,1,.012,.012,-.014,.988,.154,-.009,-.154,.988);es="Linear";ed="In";};["LeftUpperLeg"]={cf=cfr(.099,-.002,.005,.714,.506,.484,-.009,.698,-.716,-.7,.507,.503);es="Linear";ed="In";};["RightUpperLeg"]={cf=cfr(-.117,-.004,.016,.713,-.512,-.479,-.01,.676,-.737,.701,.53,.477);es="Linear";ed="In";};["LowerTorso"]={cf=cfr(.003,-.359,-.263,.998,-.014,-.053,.016,1,.023,.053,-.024,.998);es="Linear";ed="In";};["RightLowerArm"]={cf=cfr(0,0,0,1,0,0,0,.587,-.81,0,.81,.587);es="Linear";ed="In";};["LeftLowerLeg"]={cf=cfr(0,.003,-.004,1,0,0,0,.712,.702,0,-.702,.712);es="Linear";ed="In";};["RightLowerLeg"]={cf=cfr(0,.008,-.01,1,0,0,0,.678,.735,0,-.735,.678);es="Linear";ed="In";};};{tm=.45;["LeftLowerArm"]={cf=cfr(0,0,0,1,0,0,0,.705,-.709,0,.709,.705);es="Linear";ed="In";};["RightUpperArm"]={cf=cfr(0,.001,0,.986,-.168,-.001,.162,.951,.265,-.044,-.261,.964);es="Linear";ed="In";};["LeftUpperArm"]={cf=cfr(.018,-.123,.037,.929,.334,-.161,-.325,.942,.079,.178,-.021,.984);es="Linear";ed="In";};["Head"]={cf=cfr(.002,-.001,.001,1,-.004,.023,.005,1,-.008,-.023,.008,1);es="Linear";ed="In";};["UpperTorso"]={cf=cfr(.001,-.002,0,1,.007,.007,-.008,.987,.163,-.005,-.163,.987);es="Linear";ed="In";};["LeftUpperLeg"]={cf=cfr(.1,-.001,.003,.684,.522,.51,-.005,.702,-.712,-.73,.484,.483);es="Linear";ed="In";};["RightUpperLeg"]={cf=cfr(-.11,-.002,.009,.683,-.526,-.507,-.006,.69,-.724,.731,.497,.468);es="Linear";ed="In";};["LowerTorso"]={cf=cfr(.001,-.365,-.251,1,-.008,-.03,.009,1,.013,.03,-.013,.999);es="Linear";ed="In";};["RightLowerArm"]={cf=cfr(0,0,0,1,0,0,0,.581,-.814,0,.814,.581);es="Linear";ed="In";};["LeftLowerLeg"]={cf=cfr(0,.002,-.002,1,0,0,0,.736,.676,0,-.676,.736);es="Linear";ed="In";};["RightLowerLeg"]={cf=cfr(0,.005,-.006,1,0,0,0,.718,.696,0,-.696,.718);es="Linear";ed="In";};};{tm=.467;["LeftLowerArm"]={cf=cfr(0,0,0,1,0,0,0,.706,-.708,0,.708,.706);es="Linear";ed="In";};["RightUpperArm"]={cf=cfr(0,0,0,.985,-.171,0,.165,.951,.261,-.044,-.258,.965);es="Linear";ed="In";};["LeftUpperArm"]={cf=cfr(.001,-.092,.034,.939,.315,-.137,-.305,.948,.088,.158,-.041,.987);es="Linear";ed="In";};["Head"]={cf=cfr(.001,0,0,1,-.002,.01,.002,1,-.003,-.01,.003,1);es="Linear";ed="In";};["UpperTorso"]={cf=cfr(0,-.001,0,1,.003,.003,-.004,.986,.169,-.002,-.169,.986);es="Linear";ed="In";};["LeftUpperLeg"]={cf=cfr(.1,-.001,.001,.661,.533,.528,-.002,.705,-.709,-.75,.468,.467);es="Linear";ed="In";};["RightUpperLeg"]={cf=cfr(-.105,-.001,.004,.661,-.535,-.526,-.003,.7,-.715,.751,.474,.461);es="Linear";ed="In";};["LowerTorso"]={cf=cfr(.001,-.37,-.242,1,-.004,-.013,.004,1,.006,.013,-.006,1);es="Linear";ed="In";};["RightLowerArm"]={cf=cfr(0,0,0,1,0,0,0,.577,-.817,0,.817,.577);es="Linear";ed="In";};["LeftLowerLeg"]={cf=cfr(0,.001,-.001,1,0,0,0,.753,.658,0,-.658,.753);es="Linear";ed="In";};["RightLowerLeg"]={cf=cfr(0,.002,-.003,1,0,0,0,.745,.667,0,-.667,.745);es="Linear";ed="In";};};{tm=.483;["LeftLowerArm"]={cf=cfr(0,0,0,1,0,0,0,.707,-.707,0,.707,.707);es="Linear";ed="In";};["RightUpperArm"]={cf=cfr(0,0,0,.985,-.173,0,.167,.951,.259,-.045,-.256,.966);es="Linear";ed="In";};["LeftUpperArm"]={cf=cfr(-.009,-.073,.032,.945,.304,-.123,-.294,.951,.093,.146,-.052,.988);es="Linear";ed="In";};["Head"]={cf=cfr(0,0,0,1,-.001,.003,.001,1,-.001,-.003,.001,1);es="Linear";ed="In";};["UpperTorso"]={cf=cfr(0,0,0,1,.001,.001,-.001,.985,.172,-.001,-.172,.985);es="Linear";ed="In";};["LeftUpperLeg"]={cf=cfr(.1,0,0,.647,.54,.538,-.001,.707,-.708,-.762,.458,.458);es="Linear";ed="In";};["RightUpperLeg"]={cf=cfr(-.101,0,.001,.647,-.54,-.538,-.001,.705,-.709,.762,.459,.456);es="Linear";ed="In";};["LowerTorso"]={cf=cfr(0,-.372,-.237,1,-.001,-.003,.001,1,.001,.003,-.001,1);es="Linear";ed="In";};["RightLowerArm"]={cf=cfr(0,0,0,1,0,0,0,.574,-.819,0,.819,.574);es="Linear";ed="In";};["LeftLowerLeg"]={cf=cfr(0,0,0,1,0,0,0,.763,.647,0,-.647,.763);es="Linear";ed="In";};["RightLowerLeg"]={cf=cfr(0,.001,-.001,1,0,0,0,.761,.649,0,-.649,.761);es="Linear";ed="In";};};{tm=.5;["Head"]={cf=cfr(0,0,0,1,0,0,0,1,0,0,0,1);es="Linear";ed="In";};["LeftUpperArm"]={cf=cfr(-.012,-.067,.031,.947,.3,-.119,-.29,.952,.095,.142,-.056,.988);es="Linear";ed="In";};["RightUpperArm"]={cf=cfr(0,0,0,.985,-.174,0,.168,.951,.259,-.045,-.255,.966);es="Linear";ed="In";};["LeftUpperLeg"]={cf=cfr(.1,0,0,.643,.542,.542,0,.707,-.707,-.766,.455,.455);es="Linear";ed="In";};["RightUpperLeg"]={cf=cfr(-.1,0,0,.643,-.542,-.542,0,.707,-.707,.766,.455,.455);es="Linear";ed="In";};["UpperTorso"]={cf=cfr(0,0,0,1,0,0,0,.985,.174,0,-.174,.985);es="Linear";ed="In";};["LeftLowerLeg"]={cf=cfr(0,0,0,1,0,0,0,.766,.643,0,-.643,.766);es="Linear";ed="In";};["RightLowerLeg"]={cf=cfr(0,0,0,1,0,0,0,.766,.643,0,-.643,.766);es="Linear";ed="In";};["LeftLowerArm"]={cf=cfr(0,0,0,1,0,0,0,.707,-.707,0,.707,.707);es="Linear";ed="In";};["LowerTorso"]={cf=cfr(0,-.373,-.235,1,0,0,0,1,0,0,0,1);es="Linear";ed="In";};["RightLowerArm"]={cf=cfr(0,0,0,1,0,0,0,.574,-.819,0,.819,.574);es="Linear";ed="In";};};}