local cfr = CFrame.new

return {{tm=0;["Head"]={cf=cfr(0,0,0,.866,0,-.5,0,1,0,.5,0,.866);es="Linear";ed="In";};["LeftUpperArm"]={cf=cfr(0,0,0,.492,.766,.413,-.805,.22,.551,.332,-.604,.725);es="Linear";ed="In";};["RightUpperArm"]={cf=cfr(0,0,0,.46,.619,.636,-.064,.738,-.672,-.886,.268,.379);es="Linear";ed="In";};["LeftUpperLeg"]={cf=cfr(0,0,0,.94,.046,-.338,-.057,.998,-.021,.336,.039,.941);es="Linear";ed="In";};["RightUpperLeg"]={cf=cfr(0,0,0,.768,-.571,-.29,-.117,.32,-.94,.63,.756,.179);es="Linear";ed="In";};["UpperTorso"]={cf=cfr(0,0,0,.967,.182,-.175,-.111,.929,.353,.227,-.322,.919);es="Linear";ed="In";};["LeftLowerArm"]={cf=cfr(0,0,0,1,0,0,0,.342,-.94,0,.94,.342);es="Linear";ed="In";};["LeftLowerLeg"]={cf=cfr(0,0,0,1,0,0,0,.643,.766,0,-.766,.643);es="Linear";ed="In";};["RightLowerLeg"]={cf=cfr(0,0,0,1,0,0,0,.5,.866,0,-.866,.5);es="Linear";ed="In";};["LowerTorso"]={cf=cfr(0,-.567,.247,.645,-.059,.762,-.087,.985,.15,-.759,-.163,.63);es="Linear";ed="In";};["RightLowerArm"]={cf=cfr(0,0,0,1,0,0,0,.766,-.643,0,.643,.766);es="Linear";ed="In";};};{tm=.05;["RightUpperLeg"]={cf=cfr(-.052,.407,.146,.996,-.016,-.091,-.066,.56,-.826,.065,.828,.557);es="Linear";ed="In";};["UpperTorso"]={cf=cfr(.03,-.015,.012,.969,.122,.216,-.163,.969,.186,-.187,-.215,.958);es="Linear";ed="In";};["LowerTorso"]={cf=cfr(0,-.817,.01,.976,-.059,.211,.023,.985,.172,-.218,-.163,.962);es="Linear";ed="In";};["Head"]={cf=cfr(.016,-.003,-.003,.922,-.147,-.358,.063,.969,-.237,.382,.196,.903);es="Linear";ed="In";};["LeftUpperArm"]={cf=cfr(1.129,-1.05,-.287,.7,.064,-.711,-.329,.913,-.242,.634,.403,.66);es="Sine";ed="Out";};["RightLowerLeg"]={cf=cfr(0,0,0,1,0,0,0,.707,.707,0,-.707,.707);es="Linear";ed="In";};};{tm=.067;["LeftUpperArm"]={cf=cfr(1.107,-.84,-.447,.746,.028,-.665,-.57,.543,-.616,.344,.839,.421);es="Linear";ed="In";};};{tm=.083;["LeftUpperArm"]={cf=cfr(1.104,-.613,-.752,.789,.032,-.614,-.615,.05,-.787,.005,.998,.059);es="Linear";ed="In";};};{tm=.1;["LeftUpperArm"]={cf=cfr(1.108,-.356,-1.077,.815,.059,-.576,-.522,-.357,-.775,-.251,.932,-.261);es="Linear";ed="In";};};{tm=.117;["LeftUpperArm"]={cf=cfr(1.112,-.143,-1.308,.827,.085,-.556,-.409,-.589,-.697,-.387,.803,-.453);es="Linear";ed="In";};};{tm=.133;["Head"]={cf=cfr(0,0,0,.938,-.041,.344,.109,.978,-.179,-.329,.206,.922);es="Linear";ed="In";};["LeftUpperArm"]={cf=cfr(1.112,-.06,-1.389,.829,.095,-.551,-.362,-.66,-.658,-.426,.745,-.513);es="Linear";ed="In";};["RightUpperArm"]={cf=cfr(0,0,0,1,0,0,0,.174,.985,0,-.985,.174);es="Linear";ed="In";};["LeftUpperLeg"]={cf=cfr(0,0,0,.454,-.432,.78,-.055,.86,.508,-.89,-.273,.366);es="Linear";ed="In";};["RightUpperLeg"]={cf=cfr(-.193,.213,-.17,.564,.657,.5,-.019,.616,-.788,-.825,.435,.36);es="Linear";ed="In";};["UpperTorso"]={cf=cfr(0,0,0,.88,.105,.462,-.096,.994,-.044,-.464,-.005,.886);es="Linear";ed="In";};["LeftLowerArm"]={cf=cfr(0,0,0,1,0,0,0,.766,-.643,0,.643,.766);es="Linear";ed="In";};["LeftLowerLeg"]={cf=cfr(0,0,0,1,0,0,0,.985,.174,0,-.174,.985);es="Linear";ed="In";};["RightLowerLeg"]={cf=cfr(0,0,0,1,0,0,0,.707,.707,0,-.707,.707);es="Linear";ed="In";};["LowerTorso"]={cf=cfr(0,-.567,-1.604,.638,-.059,-.768,.163,.985,.059,.753,-.163,.638);es="Linear";ed="In";};["RightLowerArm"]={cf=cfr(0,0,0,1,0,0,0,.5,-.866,0,.866,.5);es="Linear";ed="In";};};}