local cfr = CFrame.new

return {{tm=0;["Head"]={cf=cfr(0,0,0,.62,-.071,.781,-.088,.983,.159,-.779,-.168,.604);es="Quad";ed="InOut";};["LeftUpperArm"]={cf=cfr(0,0,0,.985,.144,-.093,-.124,.973,.192,.118,-.178,.977);es="Quad";ed="InOut";};["RightUpperArm"]={cf=cfr(0,0,0,.991,-.084,.105,.076,.994,.078,-.111,-.069,.991);es="Quad";ed="InOut";};["LeftUpperLeg"]={cf=cfr(0,.1,-.006,.909,.239,.342,-.087,.91,-.405,-.408,.338,.848);es="Quad";ed="InOut";};["RightUpperLeg"]={cf=cfr(0,.124,-.007,.885,-.227,-.406,.058,.92,-.388,.462,.319,.828);es="Linear";ed="In";};["UpperTorso"]={cf=cfr(0,0,-.015,.999,-.035,0,.035,.999,-.027,.001,.027,1);es="Sine";ed="In";};["LeftFoot"]={cf=cfr(0,0,0,1,0,0,0,1,0,0,0,1);es="Quad";ed="InOut";};["LeftLowerLeg"]={cf=cfr(0,0,0,1,0,0,0,.866,.5,0,-.5,.866);es="Quad";ed="InOut";};["RightHand"]={cf=cfr(0,0,0,1,0,0,0,1,0,0,0,1);es="Quad";ed="InOut";};["LeftHand"]={cf=cfr(0,0,0,1,0,0,0,1,0,0,0,1);es="Quad";ed="InOut";};["RightFoot"]={cf=cfr(0,0,0,1,0,0,0,1,0,0,0,1);es="Quad";ed="InOut";};["RightLowerLeg"]={cf=cfr(0,0,0,1,0,0,0,.866,.5,0,-.5,.866);es="Quad";ed="InOut";};["LeftLowerArm"]={cf=cfr(0,0,0,1,0,0,0,.985,-.174,0,.174,.985);es="Quad";ed="InOut";};["LowerTorso"]={cf=cfr(0,-.268,-.004,1,0,0,0,.998,-.055,0,.055,.998);es="Sine";ed="In";};["RightLowerArm"]={cf=cfr(0,0,0,1,0,0,0,.985,-.174,0,.174,.985);es="Quad";ed="InOut";};};{tm=.017;["RightUpperArm"]={cf=cfr(0,0,0,.991,-.084,.105,.076,.994,.078,-.111,-.069,.991);es="Linear";ed="In";};["LeftUpperArm"]={cf=cfr(0,0,0,.985,.144,-.093,-.124,.973,.192,.118,-.178,.977);es="Linear";ed="In";};["Head"]={cf=cfr(0,0,0,.62,-.071,.781,-.088,.983,.159,-.779,-.168,.604);es="Linear";ed="In";};["UpperTorso"]={cf=cfr(0,0,-.015,.999,-.035,0,.035,.999,-.027,.001,.027,1);es="Linear";ed="In";};["LeftUpperLeg"]={cf=cfr(0,.1,-.005,.909,.24,.342,-.087,.91,-.406,-.408,.339,.848);es="Linear";ed="In";};["LeftFoot"]={cf=cfr(0,0,0,1,0,0,0,1,0,0,0,1);es="Linear";ed="In";};["LeftLowerLeg"]={cf=cfr(0,0,0,1,0,0,0,.866,.501,0,-.501,.866);es="Linear";ed="In";};["RightHand"]={cf=cfr(0,0,0,1,0,0,0,1,0,0,0,1);es="Linear";ed="In";};["LeftHand"]={cf=cfr(0,0,0,1,0,0,0,1,0,0,0,1);es="Linear";ed="In";};["RightFoot"]={cf=cfr(0,0,0,1,0,0,0,1,0,0,0,1);es="Linear";ed="In";};["RightLowerLeg"]={cf=cfr(0,0,0,1,0,0,0,.866,.5,0,-.5,.866);es="Linear";ed="In";};["LeftLowerArm"]={cf=cfr(0,0,0,1,0,0,0,.985,-.174,0,.174,.985);es="Linear";ed="In";};["LowerTorso"]={cf=cfr(0,-.268,-.004,1,0,0,0,.998,-.055,0,.055,.998);es="Linear";ed="In";};["RightLowerArm"]={cf=cfr(0,0,0,1,0,0,0,.985,-.174,0,.174,.985);es="Linear";ed="In";};};{tm=.033;["RightUpperArm"]={cf=cfr(0,0,0,.991,-.084,.105,.076,.994,.078,-.111,-.069,.991);es="Linear";ed="In";};["LeftUpperArm"]={cf=cfr(0,0,0,.985,.144,-.093,-.124,.973,.192,.118,-.178,.977);es="Linear";ed="In";};["Head"]={cf=cfr(0,0,0,.621,-.071,.781,-.088,.983,.159,-.779,-.168,.604);es="Linear";ed="In";};["UpperTorso"]={cf=cfr(0,0,-.015,.999,-.034,0,.034,.999,-.027,.001,.027,1);es="Linear";ed="In";};["LeftUpperLeg"]={cf=cfr(0,.1,-.005,.908,.241,.342,-.088,.909,-.408,-.409,.341,.846);es="Linear";ed="In";};["LeftFoot"]={cf=cfr(0,0,0,1,0,0,0,1,0,0,0,1);es="Linear";ed="In";};["LeftLowerLeg"]={cf=cfr(0,0,0,1,0,0,0,.865,.502,0,-.502,.865);es="Linear";ed="In";};["RightHand"]={cf=cfr(0,0,0,1,0,0,0,1,0,0,0,1);es="Linear";ed="In";};["LeftHand"]={cf=cfr(0,0,0,1,0,0,0,1,0,0,0,1);es="Linear";ed="In";};["RightFoot"]={cf=cfr(0,0,0,1,0,0,0,1,0,0,0,1);es="Linear";ed="In";};["RightLowerLeg"]={cf=cfr(0,0,0,1,0,0,0,.866,.5,0,-.5,.866);es="Linear";ed="In";};["LeftLowerArm"]={cf=cfr(0,0,0,1,0,0,0,.985,-.174,0,.174,.985);es="Linear";ed="In";};["LowerTorso"]={cf=cfr(0,-.269,-.004,1,0,0,0,.998,-.055,0,.055,.998);es="Linear";ed="In";};["RightLowerArm"]={cf=cfr(0,0,0,1,0,0,0,.985,-.175,0,.175,.985);es="Linear";ed="In";};};{tm=.05;["RightUpperArm"]={cf=cfr(0,0,0,.991,-.085,.105,.077,.994,.079,-.111,-.07,.991);es="Linear";ed="In";};["LeftUpperArm"]={cf=cfr(0,0,0,.985,.145,-.093,-.125,.973,.192,.118,-.178,.977);es="Linear";ed="In";};["Head"]={cf=cfr(0,0,0,.621,-.071,.78,-.088,.983,.159,-.779,-.168,.605);es="Linear";ed="In";};["UpperTorso"]={cf=cfr(0,0,-.015,.999,-.034,0,.034,.999,-.028,.001,.028,1);es="Linear";ed="In";};["LeftUpperLeg"]={cf=cfr(0,.1,-.004,.908,.244,.342,-.088,.907,-.413,-.411,.345,.844);es="Linear";ed="In";};["LeftFoot"]={cf=cfr(0,0,0,1,0,0,0,1,0,0,0,1);es="Linear";ed="In";};["LeftLowerLeg"]={cf=cfr(0,0,0,1,0,0,0,.863,.505,0,-.505,.863);es="Linear";ed="In";};["RightHand"]={cf=cfr(0,0,0,1,0,0,0,1,0,0,0,1);es="Linear";ed="In";};["LeftHand"]={cf=cfr(0,0,0,1,0,0,0,1,0,0,0,1);es="Linear";ed="In";};["RightFoot"]={cf=cfr(0,0,0,1,0,0,0,1,0,0,0,1);es="Linear";ed="In";};["RightLowerLeg"]={cf=cfr(0,0,0,1,0,0,0,.866,.5,0,-.5,.866);es="Linear";ed="In";};["LeftLowerArm"]={cf=cfr(0,0,0,1,0,0,0,.984,-.175,0,.175,.984);es="Linear";ed="In";};["LowerTorso"]={cf=cfr(0,-.269,-.004,1,0,0,0,.998,-.055,0,.055,.998);es="Linear";ed="In";};["RightLowerArm"]={cf=cfr(0,0,0,1,0,0,0,.984,-.177,0,.177,.984);es="Linear";ed="In";};};{tm=.067;["RightUpperArm"]={cf=cfr(0,0,0,.991,-.087,.105,.079,.994,.079,-.111,-.07,.991);es="Linear";ed="In";};["LeftUpperArm"]={cf=cfr(0,0,0,.985,.145,-.093,-.125,.973,.192,.118,-.178,.977);es="Linear";ed="In";};["Head"]={cf=cfr(0,0,0,.622,-.071,.78,-.088,.983,.159,-.778,-.168,.605);es="Linear";ed="In";};["UpperTorso"]={cf=cfr(0,0,-.015,.999,-.033,0,.033,.999,-.028,.001,.028,1);es="Linear";ed="In";};["LeftUpperLeg"]={cf=cfr(.001,.1,-.003,.907,.247,.342,-.089,.904,-.419,-.413,.35,.841);es="Linear";ed="In";};["LeftFoot"]={cf=cfr(0,0,0,1,0,0,0,1,0,0,0,1);es="Linear";ed="In";};["LeftLowerLeg"]={cf=cfr(0,.001,-.001,1,0,0,0,.861,.508,0,-.508,.861);es="Linear";ed="In";};["RightHand"]={cf=cfr(0,0,0,1,0,0,0,1,0,0,0,1);es="Linear";ed="In";};["LeftHand"]={cf=cfr(0,0,0,1,0,0,0,1,0,0,0,1);es="Linear";ed="In";};["RightFoot"]={cf=cfr(0,0,0,1,0,0,0,1,0,0,0,1);es="Linear";ed="In";};["RightLowerLeg"]={cf=cfr(0,0,0,1,0,0,0,.866,.501,0,-.501,.866);es="Linear";ed="In";};["LeftLowerArm"]={cf=cfr(0,0,0,1,0,0,0,.984,-.177,0,.177,.984);es="Linear";ed="In";};["LowerTorso"]={cf=cfr(0,-.27,-.004,1,.001,0,-.001,.998,-.055,0,.055,.998);es="Linear";ed="In";};["RightLowerArm"]={cf=cfr(0,0,0,1,0,0,0,.984,-.18,0,.18,.984);es="Linear";ed="In";};};{tm=.083;["RightUpperArm"]={cf=cfr(0,0,0,.991,-.089,.104,.081,.993,.08,-.111,-.071,.991);es="Linear";ed="In";};["LeftUpperArm"]={cf=cfr(0,0,0,.985,.146,-.093,-.126,.973,.192,.118,-.178,.977);es="Linear";ed="In";};["Head"]={cf=cfr(0,0,0,.623,-.071,.779,-.088,.983,.16,-.777,-.168,.606);es="Linear";ed="In";};["UpperTorso"]={cf=cfr(0,-.001,-.015,.999,-.032,0,.032,.999,-.028,.001,.028,1);es="Linear";ed="In";};["LeftUpperLeg"]={cf=cfr(.001,.101,-.002,.905,.252,.342,-.089,.9,-.427,-.415,.356,.837);es="Linear";ed="In";};["LeftFoot"]={cf=cfr(0,0,0,1,0,0,0,1,0,0,0,1);es="Linear";ed="In";};["LeftLowerLeg"]={cf=cfr(0,.001,-.001,1,0,0,0,.859,.513,0,-.513,.859);es="Linear";ed="In";};["RightHand"]={cf=cfr(0,0,0,1,0,0,0,1,0,0,0,1);es="Linear";ed="In";};["LeftHand"]={cf=cfr(0,0,0,1,0,0,0,1,0,0,0,1);es="Linear";ed="In";};["RightFoot"]={cf=cfr(0,0,0,1,0,0,0,1,0,0,0,1);es="Linear";ed="In";};["RightLowerLeg"]={cf=cfr(0,0,0,1,0,0,0,.865,.501,0,-.501,.865);es="Linear";ed="In";};["LeftLowerArm"]={cf=cfr(0,0,0,1,0,0,0,.984,-.179,0,.179,.984);es="Linear";ed="In";};["LowerTorso"]={cf=cfr(0,-.272,-.004,1,.001,0,-.001,.998,-.055,0,.055,.998);es="Linear";ed="In";};["RightLowerArm"]={cf=cfr(0,.001,0,1,0,0,0,.983,-.184,0,.184,.983);es="Linear";ed="In";};};{tm=.1;["RightUpperArm"]={cf=cfr(0,0,0,.99,-.091,.104,.083,.993,.081,-.111,-.072,.991);es="Linear";ed="In";};["LeftUpperArm"]={cf=cfr(0,0,0,.985,.147,-.093,-.127,.973,.192,.118,-.178,.977);es="Linear";ed="In";};["Head"]={cf=cfr(0,0,0,.624,-.071,.778,-.087,.983,.16,-.776,-.168,.608);es="Linear";ed="In";};["UpperTorso"]={cf=cfr(0,-.001,-.015,1,-.031,0,.031,.999,-.029,.001,.029,1);es="Linear";ed="In";};["LeftUpperLeg"]={cf=cfr(.001,.101,0,.904,.258,.342,-.09,.895,-.437,-.418,.364,.832);es="Linear";ed="In";};["LeftFoot"]={cf=cfr(0,0,0,1,0,0,0,1,0,0,0,1);es="Linear";ed="In";};["LeftLowerLeg"]={cf=cfr(0,.002,-.001,1,0,0,0,.855,.518,0,-.518,.855);es="Linear";ed="In";};["RightHand"]={cf=cfr(0,0,0,1,0,0,0,1,0,0,0,1);es="Linear";ed="In";};["LeftHand"]={cf=cfr(0,0,0,1,0,0,0,1,0,0,0,1);es="Linear";ed="In";};["RightFoot"]={cf=cfr(0,0,0,1,0,0,0,1,0,0,0,1);es="Linear";ed="In";};["RightLowerLeg"]={cf=cfr(0,0,0,1,0,0,0,.865,.502,0,-.502,.865);es="Linear";ed="In";};["LeftLowerArm"]={cf=cfr(0,0,0,1,0,0,0,.983,-.181,0,.181,.983);es="Linear";ed="In";};["LowerTorso"]={cf=cfr(0,-.273,-.004,1,.001,0,-.001,.998,-.055,0,.055,.998);es="Linear";ed="In";};["RightLowerArm"]={cf=cfr(0,.001,0,1,0,0,0,.982,-.188,0,.188,.982);es="Linear";ed="In";};};{tm=.117;["RightUpperArm"]={cf=cfr(-.001,0,0,.99,-.094,.104,.086,.993,.083,-.111,-.073,.991);es="Linear";ed="In";};["LeftUpperArm"]={cf=cfr(0,0,0,.985,.149,-.093,-.129,.973,.192,.119,-.177,.977);es="Linear";ed="In";};["Head"]={cf=cfr(0,0,0,.626,-.071,.777,-.087,.983,.16,-.775,-.168,.609);es="Linear";ed="In";};["UpperTorso"]={cf=cfr(0,-.001,-.015,1,-.029,-.001,.029,.999,-.029,.002,.029,1);es="Linear";ed="In";};["LeftUpperLeg"]={cf=cfr(.002,.101,.001,.902,.265,.341,-.091,.889,-.449,-.422,.373,.826);es="Linear";ed="In";};["LeftFoot"]={cf=cfr(0,0,0,1,0,0,0,1,0,0,0,1);es="Linear";ed="In";};["LeftLowerLeg"]={cf=cfr(0,.002,-.002,1,0,0,0,.851,.525,0,-.525,.851);es="Linear";ed="In";};["RightHand"]={cf=cfr(0,0,0,1,0,0,0,1,0,0,0,1);es="Linear";ed="In";};["LeftHand"]={cf=cfr(0,0,0,1,0,0,0,1,0,0,0,1);es="Linear";ed="In";};["RightFoot"]={cf=cfr(0,0,0,1,0,0,0,1,0,0,0,1);es="Linear";ed="In";};["RightLowerLeg"]={cf=cfr(0,0,0,1,0,0,0,.865,.503,0,-.503,.865);es="Linear";ed="In";};["LeftLowerArm"]={cf=cfr(0,0,0,1,0,0,0,.983,-.184,0,.184,.983);es="Linear";ed="In";};["LowerTorso"]={cf=cfr(0,-.275,-.004,1,.002,0,-.002,.998,-.055,0,.055,.998);es="Linear";ed="In";};["RightLowerArm"]={cf=cfr(0,.001,0,1,0,0,0,.981,-.194,0,.194,.981);es="Linear";ed="In";};};{tm=.133;["RightUpperArm"]={cf=cfr(-.001,.001,0,.99,-.097,.104,.089,.992,.084,-.111,-.074,.991);es="Linear";ed="In";};["LeftUpperArm"]={cf=cfr(0,0,0,.984,.15,-.093,-.13,.973,.192,.119,-.177,.977);es="Linear";ed="In";};["Head"]={cf=cfr(0,0,0,.627,-.071,.776,-.087,.983,.16,-.774,-.168,.611);es="Linear";ed="In";};["UpperTorso"]={cf=cfr(0,-.001,-.015,1,-.028,-.001,.028,.999,-.03,.002,.03,1);es="Linear";ed="In";};["LeftUpperLeg"]={cf=cfr(.002,.101,.003,.9,.272,.341,-.092,.882,-.462,-.427,.384,.819);es="Linear";ed="In";};["LeftFoot"]={cf=cfr(0,0,0,1,0,0,0,1,0,0,0,1);es="Linear";ed="In";};["LeftLowerLeg"]={cf=cfr(0,.003,-.003,1,0,0,0,.846,.533,0,-.533,.846);es="Linear";ed="In";};["RightHand"]={cf=cfr(0,0,0,1,0,0,0,1,0,0,0,1);es="Linear";ed="In";};["LeftHand"]={cf=cfr(0,0,0,1,0,0,0,1,0,0,0,1);es="Linear";ed="In";};["RightFoot"]={cf=cfr(0,0,0,1,0,0,0,1,0,0,0,1);es="Linear";ed="In";};["RightLowerLeg"]={cf=cfr(0,0,0,1,0,0,0,.864,.503,0,-.503,.864);es="Linear";ed="In";};["LeftLowerArm"]={cf=cfr(0,0,0,1,0,0,0,.982,-.187,0,.187,.982);es="Linear";ed="In";};["LowerTorso"]={cf=cfr(0,-.277,-.004,1,.002,0,-.002,.998,-.055,0,.055,.998);es="Linear";ed="In";};["RightLowerArm"]={cf=cfr(0,.001,0,1,0,0,0,.98,-.2,0,.2,.98);es="Linear";ed="In";};};{tm=.15;["RightUpperArm"]={cf=cfr(-.001,.001,0,.989,-.101,.103,.092,.992,.086,-.111,-.076,.991);es="Linear";ed="In";};["LeftUpperArm"]={cf=cfr(0,0,0,.984,.152,-.093,-.132,.972,.192,.119,-.177,.977);es="Linear";ed="In";};["Head"]={cf=cfr(0,0,0,.629,-.071,.774,-.086,.983,.16,-.772,-.168,.613);es="Linear";ed="In";};["UpperTorso"]={cf=cfr(0,-.001,-.015,1,-.026,-.001,.026,.999,-.031,.002,.031,1);es="Linear";ed="In";};["LeftUpperLeg"]={cf=cfr(.003,.101,.006,.897,.281,.34,-.093,.874,-.477,-.432,.396,.811);es="Linear";ed="In";};["LeftFoot"]={cf=cfr(0,0,0,1,0,0,0,1,0,0,0,1);es="Linear";ed="In";};["LeftLowerLeg"]={cf=cfr(0,.004,-.003,1,0,0,0,.841,.541,0,-.541,.841);es="Linear";ed="In";};["RightHand"]={cf=cfr(0,0,0,1,0,0,0,1,0,0,0,1);es="Linear";ed="In";};["LeftHand"]={cf=cfr(0,0,0,1,0,0,0,1,0,0,0,1);es="Linear";ed="In";};["RightFoot"]={cf=cfr(0,0,0,1,0,0,0,1,0,0,0,1);es="Linear";ed="In";};["RightLowerLeg"]={cf=cfr(0,0,0,1,0,0,0,.864,.504,0,-.504,.864);es="Linear";ed="In";};["LeftLowerArm"]={cf=cfr(0,0,0,1,0,0,0,.982,-.19,0,.19,.982);es="Linear";ed="In";};["LowerTorso"]={cf=cfr(0,-.28,-.004,1,.003,0,-.003,.998,-.055,0,.055,.998);es="Linear";ed="In";};["RightLowerArm"]={cf=cfr(0,.002,0,1,0,0,0,.978,-.207,0,.207,.978);es="Linear";ed="In";};};{tm=.167;["RightUpperArm"]={cf=cfr(-.001,.001,0,.989,-.105,.103,.096,.991,.088,-.111,-.077,.991);es="Linear";ed="In";};["LeftUpperArm"]={cf=cfr(0,0,0,.984,.154,-.093,-.134,.972,.192,.12,-.177,.977);es="Linear";ed="In";};["Head"]={cf=cfr(0,0,0,.631,-.071,.772,-.086,.983,.16,-.771,-.168,.615);es="Linear";ed="In";};["UpperTorso"]={cf=cfr(0,-.002,-.015,1,-.024,-.001,.024,.999,-.032,.002,.032,.999);es="Linear";ed="In";};["LeftUpperLeg"]={cf=cfr(.004,.101,.008,.894,.291,.34,-.094,.865,-.493,-.437,.409,.801);es="Linear";ed="In";};["LeftFoot"]={cf=cfr(0,0,0,1,0,0,0,1,0,0,0,1);es="Linear";ed="In";};["LeftLowerLeg"]={cf=cfr(0,.004,-.004,1,0,0,0,.835,.55,0,-.55,.835);es="Linear";ed="In";};["RightHand"]={cf=cfr(0,0,0,1,0,0,0,1,0,0,0,1);es="Linear";ed="In";};["LeftHand"]={cf=cfr(0,0,0,1,0,0,0,1,0,0,0,1);es="Linear";ed="In";};["RightFoot"]={cf=cfr(0,0,0,1,0,0,0,1,0,0,0,1);es="Linear";ed="In";};["RightLowerLeg"]={cf=cfr(0,0,0,1,0,0,0,.863,.505,0,-.505,.863);es="Linear";ed="In";};["LeftLowerArm"]={cf=cfr(0,0,0,1,0,0,0,.981,-.194,0,.194,.981);es="Linear";ed="In";};["LowerTorso"]={cf=cfr(0,-.282,-.004,1,.003,0,-.003,.998,-.055,0,.055,.998);es="Linear";ed="In";};["RightLowerArm"]={cf=cfr(0,.002,.001,1,0,0,0,.977,-.214,0,.214,.977);es="Linear";ed="In";};};{tm=.183;["RightUpperArm"]={cf=cfr(-.001,.001,-.001,.989,-.11,.103,.101,.991,.09,-.112,-.079,.991);es="Linear";ed="In";};["LeftUpperArm"]={cf=cfr(0,0,0,.983,.156,-.093,-.136,.972,.192,.12,-.177,.977);es="Linear";ed="In";};["Head"]={cf=cfr(0,0,0,.633,-.071,.771,-.085,.983,.161,-.769,-.168,.617);es="Linear";ed="In";};["UpperTorso"]={cf=cfr(0,-.002,-.015,1,-.022,-.001,.022,.999,-.033,.002,.032,.999);es="Linear";ed="In";};["LeftUpperLeg"]={cf=cfr(.004,.101,.01,.891,.302,.338,-.095,.854,-.511,-.443,.423,.79);es="Linear";ed="In";};["LeftFoot"]={cf=cfr(0,0,0,1,0,0,0,1,0,0,0,1);es="Linear";ed="In";};["LeftLowerLeg"]={cf=cfr(0,.005,-.005,1,0,0,0,.828,.561,0,-.561,.828);es="Linear";ed="In";};["RightHand"]={cf=cfr(0,0,0,1,0,0,0,1,0,0,0,1);es="Linear";ed="In";};["LeftHand"]={cf=cfr(0,0,0,1,0,0,0,1,0,0,0,1);es="Linear";ed="In";};["RightFoot"]={cf=cfr(0,0,0,1,0,0,0,1,0,0,0,1);es="Linear";ed="In";};["RightLowerLeg"]={cf=cfr(0,0,0,1,0,0,0,.862,.506,0,-.506,.862);es="Linear";ed="In";};["LeftLowerArm"]={cf=cfr(0,.001,0,1,0,0,0,.98,-.198,0,.198,.98);es="Linear";ed="In";};["LowerTorso"]={cf=cfr(0,-.286,-.004,1,.004,0,-.004,.998,-.055,0,.055,.998);es="Linear";ed="In";};["RightLowerArm"]={cf=cfr(0,.002,.001,1,0,0,0,.975,-.223,0,.223,.975);es="Linear";ed="In";};};{tm=.2;["RightUpperArm"]={cf=cfr(-.002,.001,-.001,.988,-.115,.102,.105,.99,.092,-.112,-.081,.99);es="Linear";ed="In";};["LeftUpperArm"]={cf=cfr(0,0,0,.983,.158,-.093,-.138,.972,.192,.12,-.176,.977);es="Linear";ed="In";};["Head"]={cf=cfr(0,0,0,.636,-.071,.768,-.085,.983,.161,-.767,-.168,.619);es="Linear";ed="In";};["UpperTorso"]={cf=cfr(0,-.002,-.014,1,-.019,-.002,.019,.999,-.033,.002,.033,.999);es="Linear";ed="In";};["LeftUpperLeg"]={cf=cfr(.005,.1,.013,.888,.314,.337,-.096,.842,-.531,-.45,.439,.778);es="Linear";ed="In";};["LeftFoot"]={cf=cfr(0,0,0,1,0,0,0,1,0,0,0,1);es="Linear";ed="In";};["LeftLowerLeg"]={cf=cfr(0,.006,-.005,1,0,0,0,.82,.572,0,-.572,.82);es="Linear";ed="In";};["RightHand"]={cf=cfr(0,0,0,1,0,0,0,1,0,0,0,1);es="Linear";ed="In";};["LeftHand"]={cf=cfr(0,0,0,1,0,0,0,1,0,0,0,1);es="Linear";ed="In";};["RightFoot"]={cf=cfr(0,0,0,1,0,0,0,1,0,0,0,1);es="Linear";ed="In";};["RightLowerLeg"]={cf=cfr(0,0,0,1,0,0,0,.862,.507,0,-.507,.862);es="Linear";ed="In";};["LeftLowerArm"]={cf=cfr(0,.001,0,1,0,0,0,.979,-.203,0,.203,.979);es="Linear";ed="In";};["LowerTorso"]={cf=cfr(0,-.289,-.004,1,.005,0,-.005,.998,-.055,0,.055,.998);es="Linear";ed="In";};["RightLowerArm"]={cf=cfr(0,.003,.001,1,0,0,0,.973,-.232,0,.232,.973);es="Linear";ed="In";};};{tm=.217;["RightUpperArm"]={cf=cfr(-.002,.001,-.001,.988,-.12,.102,.11,.989,.095,-.112,-.083,.99);es="Linear";ed="In";};["LeftUpperArm"]={cf=cfr(0,0,0,.983,.161,-.093,-.141,.971,.192,.121,-.176,.977);es="Linear";ed="In";};["Head"]={cf=cfr(0,0,0,.639,-.071,.766,-.084,.983,.161,-.765,-.168,.622);es="Linear";ed="In";};["UpperTorso"]={cf=cfr(0,-.002,-.014,1,-.016,-.002,.016,.999,-.035,.003,.034,.999);es="Linear";ed="In";};["LeftUpperLeg"]={cf=cfr(.006,.099,.015,.884,.327,.335,-.097,.829,-.551,-.457,.455,.764);es="Linear";ed="In";};["LeftFoot"]={cf=cfr(0,0,0,1,0,0,0,1,0,0,0,1);es="Linear";ed="In";};["LeftLowerLeg"]={cf=cfr(0,.007,-.006,1,0,0,0,.812,.584,0,-.584,.812);es="Linear";ed="In";};["RightHand"]={cf=cfr(0,0,0,1,0,0,0,1,0,0,0,1);es="Linear";ed="In";};["LeftHand"]={cf=cfr(0,0,0,1,0,0,0,1,0,0,0,1);es="Linear";ed="In";};["RightFoot"]={cf=cfr(0,0,0,1,0,0,0,1,0,0,0,1);es="Linear";ed="In";};["RightLowerLeg"]={cf=cfr(0,0,0,1,0,0,0,.861,.509,0,-.509,.861);es="Linear";ed="In";};["LeftLowerArm"]={cf=cfr(0,.001,0,1,0,0,0,.978,-.208,0,.208,.978);es="Linear";ed="In";};["LowerTorso"]={cf=cfr(0,-.292,-.004,1,.006,0,-.006,.998,-.055,0,.055,.998);es="Linear";ed="In";};["RightLowerArm"]={cf=cfr(0,.003,.001,1,0,0,0,.97,-.242,0,.242,.97);es="Linear";ed="In";};};{tm=.233;["RightUpperArm"]={cf=cfr(-.002,.001,-.001,.987,-.126,.101,.116,.988,.098,-.112,-.085,.99);es="Linear";ed="In";};["LeftUpperArm"]={cf=cfr(0,0,0,.982,.164,-.093,-.144,.971,.192,.121,-.176,.977);es="Linear";ed="In";};["Head"]={cf=cfr(0,0,0,.641,-.071,.764,-.084,.983,.162,-.763,-.168,.625);es="Linear";ed="In";};["UpperTorso"]={cf=cfr(0,-.003,-.014,1,-.013,-.002,.013,.999,-.036,.003,.036,.999);es="Linear";ed="In";};["LeftUpperLeg"]={cf=cfr(.007,.098,.018,.88,.34,.332,-.098,.813,-.574,-.465,.472,.749);es="Linear";ed="In";};["LeftFoot"]={cf=cfr(0,0,0,1,0,0,0,1,0,0,0,1);es="Linear";ed="In";};["LeftLowerLeg"]={cf=cfr(0,.008,-.007,1,0,0,0,.802,.597,0,-.597,.802);es="Linear";ed="In";};["RightHand"]={cf=cfr(0,0,0,1,0,0,0,1,0,0,0,1);es="Linear";ed="In";};["LeftHand"]={cf=cfr(0,0,0,1,0,0,0,1,0,0,0,1);es="Linear";ed="In";};["RightFoot"]={cf=cfr(0,0,0,1,0,0,0,1,0,0,0,1);es="Linear";ed="In";};["RightLowerLeg"]={cf=cfr(0,0,0,1,0,0,0,.86,.51,0,-.51,.86);es="Linear";ed="In";};["LeftLowerArm"]={cf=cfr(0,.001,0,1,0,0,0,.977,-.214,0,.214,.977);es="Linear";ed="In";};["LowerTorso"]={cf=cfr(0,-.296,-.004,1,.007,0,-.007,.998,-.055,0,.055,.998);es="Linear";ed="In";};["RightLowerArm"]={cf=cfr(0,.003,.001,1,0,0,0,.967,-.253,0,.253,.967);es="Linear";ed="In";};};{tm=.25;["RightUpperArm"]={cf=cfr(-.002,.001,-.001,.986,-.132,.1,.122,.987,.101,-.112,-.087,.99);es="Linear";ed="In";};["LeftUpperArm"]={cf=cfr(.001,0,0,.982,.167,-.093,-.147,.97,.192,.122,-.175,.977);es="Linear";ed="In";};["Head"]={cf=cfr(0,0,0,.645,-.071,.761,-.083,.983,.162,-.76,-.168,.628);es="Linear";ed="In";};["UpperTorso"]={cf=cfr(0,-.003,-.014,1,-.01,-.003,.01,.999,-.037,.003,.037,.999);es="Linear";ed="In";};["LeftUpperLeg"]={cf=cfr(.007,.097,.021,.875,.355,.329,-.099,.796,-.597,-.474,.49,.732);es="Linear";ed="In";};["LeftFoot"]={cf=cfr(0,0,0,1,0,0,0,1,0,0,0,1);es="Linear";ed="In";};["LeftLowerLeg"]={cf=cfr(0,.008,-.007,1,0,0,0,.792,.611,0,-.611,.792);es="Linear";ed="In";};["RightHand"]={cf=cfr(0,0,0,1,0,0,0,1,0,0,0,1);es="Linear";ed="In";};["LeftHand"]={cf=cfr(0,0,0,1,0,0,0,1,0,0,0,1);es="Linear";ed="In";};["RightFoot"]={cf=cfr(0,0,0,1,0,0,0,1,0,0,0,1);es="Linear";ed="In";};["RightLowerLeg"]={cf=cfr(0,0,0,1,0,0,0,.859,.512,0,-.512,.859);es="Linear";ed="In";};["LeftLowerArm"]={cf=cfr(0,.001,0,1,0,0,0,.976,-.219,0,.219,.976);es="Linear";ed="In";};["LowerTorso"]={cf=cfr(0,-.3,-.004,1,.008,0,-.008,.998,-.055,-.001,.055,.998);es="Linear";ed="In";};["RightLowerArm"]={cf=cfr(0,.004,.001,1,0,0,0,.964,-.265,0,.265,.964);es="Linear";ed="In";};};{tm=.267;["RightUpperArm"]={cf=cfr(-.003,.001,-.001,.985,-.139,.1,.128,.986,.104,-.113,-.089,.99);es="Linear";ed="In";};["LeftUpperArm"]={cf=cfr(.001,0,0,.981,.17,-.093,-.15,.97,.192,.123,-.175,.977);es="Linear";ed="In";};["Head"]={cf=cfr(0,0,0,.648,-.071,.758,-.082,.983,.162,-.757,-.168,.631);es="Linear";ed="In";};["UpperTorso"]={cf=cfr(0,-.003,-.014,1,-.007,-.003,.007,.999,-.038,.003,.038,.999);es="Linear";ed="In";};["LeftUpperLeg"]={cf=cfr(.008,.095,.023,.87,.371,.325,-.099,.777,-.621,-.483,.509,.713);es="Linear";ed="In";};["LeftFoot"]={cf=cfr(0,0,0,1,0,0,0,1,0,0,0,1);es="Linear";ed="In";};["LeftLowerLeg"]={cf=cfr(0,.009,-.008,1,0,0,0,.78,.625,0,-.625,.78);es="Linear";ed="In";};["RightHand"]={cf=cfr(0,0,0,1,0,0,0,1,0,0,0,1);es="Linear";ed="In";};["LeftHand"]={cf=cfr(0,0,0,1,0,0,0,1,0,0,0,1);es="Linear";ed="In";};["RightFoot"]={cf=cfr(0,0,0,1,0,0,0,1,0,0,0,1);es="Linear";ed="In";};["RightLowerLeg"]={cf=cfr(0,0,0,1,0,0,0,.858,.513,0,-.513,.858);es="Linear";ed="In";};["LeftLowerArm"]={cf=cfr(0,.001,0,1,0,0,0,.974,-.226,0,.226,.974);es="Linear";ed="In";};["LowerTorso"]={cf=cfr(0,-.305,-.004,1,.009,0,-.009,.998,-.055,-.001,.055,.998);es="Linear";ed="In";};["RightLowerArm"]={cf=cfr(0,.004,.001,1,0,0,0,.961,-.277,0,.277,.961);es="Linear";ed="In";};};{tm=.283;["RightUpperArm"]={cf=cfr(-.003,.002,-.001,.984,-.146,.099,.135,.985,.107,-.113,-.092,.989);es="Linear";ed="In";};["LeftUpperArm"]={cf=cfr(.001,0,0,.981,.173,-.093,-.153,.969,.192,.123,-.174,.977);es="Linear";ed="In";};["Head"]={cf=cfr(0,0,0,.651,-.071,.755,-.082,.983,.163,-.754,-.168,.635);es="Linear";ed="In";};["UpperTorso"]={cf=cfr(0,-.004,-.014,1,-.004,-.003,.003,.999,-.04,.004,.04,.999);es="Linear";ed="In";};["LeftUpperLeg"]={cf=cfr(.009,.092,.025,.865,.387,.32,-.099,.756,-.647,-.492,.528,.692);es="Linear";ed="In";};["LeftFoot"]={cf=cfr(0,0,0,1,0,0,0,1,0,0,0,1);es="Linear";ed="In";};["LeftLowerLeg"]={cf=cfr(0,.009,-.009,1,0,0,0,.768,.64,0,-.64,.768);es="Linear";ed="In";};["RightHand"]={cf=cfr(0,0,0,1,0,0,0,1,0,0,0,1);es="Linear";ed="In";};["LeftHand"]={cf=cfr(0,0,0,1,0,0,0,1,0,0,0,1);es="Linear";ed="In";};["RightFoot"]={cf=cfr(0,0,0,1,0,0,0,1,0,0,0,1);es="Linear";ed="In";};["RightLowerLeg"]={cf=cfr(0,0,0,1,0,0,0,.857,.515,0,-.515,.857);es="Linear";ed="In";};["LeftLowerArm"]={cf=cfr(0,.001,0,1,0,0,0,.973,-.232,0,.232,.973);es="Linear";ed="In";};["LowerTorso"]={cf=cfr(0,-.309,-.004,1,.01,0,-.01,.998,-.055,-.001,.055,.998);es="Linear";ed="In";};["RightLowerArm"]={cf=cfr(0,.004,.001,1,0,0,0,.957,-.29,0,.29,.957);es="Linear";ed="In";};};{tm=.3;["RightUpperArm"]={cf=cfr(-.003,.002,-.001,.983,-.153,.098,.142,.984,.111,-.113,-.095,.989);es="Linear";ed="In";};["LeftUpperArm"]={cf=cfr(.001,0,0,.98,.177,-.093,-.157,.969,.192,.124,-.174,.977);es="Linear";ed="In";};["Head"]={cf=cfr(0,0,0,.655,-.071,.752,-.081,.983,.163,-.751,-.168,.638);es="Linear";ed="In";};["UpperTorso"]={cf=cfr(0,-.004,-.014,1,0,-.004,0,.999,-.041,.004,.041,.999);es="Linear";ed="In";};["LeftUpperLeg"]={cf=cfr(.01,.089,.027,.859,.404,.315,-.098,.733,-.673,-.503,.547,.669);es="Linear";ed="In";};["LeftFoot"]={cf=cfr(0,0,0,1,0,0,0,1,0,0,0,1);es="Linear";ed="In";};["LeftLowerLeg"]={cf=cfr(0,.01,-.009,1,0,0,0,.755,.656,0,-.656,.755);es="Linear";ed="In";};["RightHand"]={cf=cfr(0,0,0,1,0,0,0,1,0,0,0,1);es="Linear";ed="In";};["LeftHand"]={cf=cfr(0,0,0,1,0,0,0,1,0,0,0,1);es="Linear";ed="In";};["RightFoot"]={cf=cfr(0,0,0,1,0,0,0,1,0,0,0,1);es="Linear";ed="In";};["RightLowerLeg"]={cf=cfr(0,0,0,1,0,0,0,.856,.517,0,-.517,.856);es="Linear";ed="In";};["LeftLowerArm"]={cf=cfr(0,.001,0,1,0,0,0,.971,-.239,0,.239,.971);es="Linear";ed="In";};["LowerTorso"]={cf=cfr(0,-.314,-.004,1,.011,0,-.011,.998,-.055,-.001,.055,.998);es="Linear";ed="In";};["RightLowerArm"]={cf=cfr(0,.004,.001,1,0,0,0,.953,-.304,0,.304,.953);es="Linear";ed="In";};};{tm=.317;["RightUpperArm"]={cf=cfr(-.003,.002,-.001,.982,-.161,.097,.15,.982,.114,-.114,-.098,.989);es="Linear";ed="In";};["LeftUpperArm"]={cf=cfr(.001,0,0,.979,.18,-.093,-.16,.968,.192,.124,-.174,.977);es="Linear";ed="In";};["Head"]={cf=cfr(0,0,0,.659,-.071,.749,-.08,.983,.163,-.748,-.168,.642);es="Linear";ed="In";};["UpperTorso"]={cf=cfr(0,-.004,-.014,1,.004,-.004,-.004,.999,-.042,.004,.042,.999);es="Linear";ed="In";};["LeftUpperLeg"]={cf=cfr(.01,.085,.029,.853,.422,.308,-.097,.708,-.7,-.513,.567,.645);es="Linear";ed="In";};["LeftFoot"]={cf=cfr(0,0,0,1,0,0,0,1,0,0,0,1);es="Linear";ed="In";};["LeftLowerLeg"]={cf=cfr(0,.01,-.01,1,0,0,0,.74,.673,0,-.673,.74);es="Linear";ed="In";};["RightHand"]={cf=cfr(0,0,0,1,0,0,0,1,0,0,0,1);es="Linear";ed="In";};["LeftHand"]={cf=cfr(0,0,0,1,0,0,0,1,0,0,0,1);es="Linear";ed="In";};["RightFoot"]={cf=cfr(0,0,0,1,0,0,0,1,0,0,0,1);es="Linear";ed="In";};["RightLowerLeg"]={cf=cfr(0,0,0,1,0,0,0,.855,.519,0,-.519,.855);es="Linear";ed="In";};["LeftLowerArm"]={cf=cfr(0,.001,0,1,0,0,0,.969,-.247,0,.247,.969);es="Linear";ed="In";};["LowerTorso"]={cf=cfr(0,-.319,-.004,1,.012,0,-.012,.998,-.055,-.001,.055,.998);es="Linear";ed="In";};["RightLowerArm"]={cf=cfr(0,.004,.002,1,0,0,0,.948,-.319,0,.319,.948);es="Linear";ed="In";};};{tm=.333;["RightUpperArm"]={cf=cfr(-.003,.002,-.001,.981,-.17,.096,.158,.98,.118,-.114,-.101,.988);es="Linear";ed="In";};["LeftUpperArm"]={cf=cfr(.001,0,0,.978,.184,-.093,-.164,.967,.192,.125,-.173,.977);es="Linear";ed="In";};["Head"]={cf=cfr(0,0,0,.663,-.071,.745,-.079,.983,.164,-.744,-.168,.646);es="Linear";ed="In";};["UpperTorso"]={cf=cfr(-.001,-.005,-.014,1,.008,-.005,-.008,.999,-.044,.004,.044,.999);es="Linear";ed="In";};["LeftUpperLeg"]={cf=cfr(.011,.08,.03,.846,.44,.3,-.096,.68,-.727,-.524,.586,.618);es="Linear";ed="In";};["LeftFoot"]={cf=cfr(0,0,0,1,0,0,0,1,0,0,0,1);es="Linear";ed="In";};["LeftLowerLeg"]={cf=cfr(0,.01,-.01,1,0,0,0,.724,.69,0,-.69,.724);es="Linear";ed="In";};["RightHand"]={cf=cfr(0,0,0,1,0,0,0,1,0,0,0,1);es="Linear";ed="In";};["LeftHand"]={cf=cfr(0,0,0,1,0,0,0,1,0,0,0,1);es="Linear";ed="In";};["RightFoot"]={cf=cfr(0,0,0,1,0,0,0,1,0,0,0,1);es="Linear";ed="In";};["RightLowerLeg"]={cf=cfr(0,0,0,1,0,0,0,.854,.521,0,-.521,.854);es="Linear";ed="In";};["LeftLowerArm"]={cf=cfr(0,.001,0,1,0,0,0,.967,-.255,0,.255,.967);es="Linear";ed="In";};["LowerTorso"]={cf=cfr(0,-.325,-.004,1,.013,0,-.013,.998,-.055,-.001,.055,.998);es="Linear";ed="In";};["RightLowerArm"]={cf=cfr(0,.004,.002,1,0,0,0,.943,-.334,0,.334,.943);es="Linear";ed="In";};};{tm=.35;["RightUpperArm"]={cf=cfr(-.003,.002,-.001,.979,-.178,.095,.166,.978,.122,-.115,-.104,.988);es="Linear";ed="In";};["LeftUpperArm"]={cf=cfr(.001,0,0,.978,.189,-.093,-.168,.967,.192,.126,-.172,.977);es="Linear";ed="In";};["Head"]={cf=cfr(0,0,0,.667,-.071,.741,-.078,.983,.164,-.741,-.168,.651);es="Linear";ed="In";};["UpperTorso"]={cf=cfr(-.001,-.005,-.014,1,.012,-.005,-.013,.999,-.046,.005,.046,.999);es="Linear";ed="In";};["LeftUpperLeg"]={cf=cfr(.011,.075,.03,.839,.459,.292,-.094,.65,-.754,-.536,.605,.589);es="Linear";ed="In";};["LeftFoot"]={cf=cfr(0,0,0,1,0,0,0,1,0,0,0,1);es="Linear";ed="In";};["LeftLowerLeg"]={cf=cfr(0,.01,-.01,1,0,0,0,.707,.707,0,-.707,.707);es="Linear";ed="In";};["RightHand"]={cf=cfr(0,0,0,1,0,0,0,1,0,0,0,1);es="Linear";ed="In";};["LeftHand"]={cf=cfr(0,0,0,1,0,0,0,1,0,0,0,1);es="Linear";ed="In";};["RightFoot"]={cf=cfr(0,0,0,1,0,0,0,1,0,0,0,1);es="Linear";ed="In";};["RightLowerLeg"]={cf=cfr(0,0,0,1,0,0,0,.853,.523,0,-.523,.853);es="Linear";ed="In";};["LeftLowerArm"]={cf=cfr(0,.001,0,1,0,0,0,.965,-.263,0,.263,.965);es="Linear";ed="In";};["LowerTorso"]={cf=cfr(0,-.33,-.004,1,.015,0,-.015,.998,-.055,-.001,.055,.998);es="Linear";ed="In";};["RightLowerArm"]={cf=cfr(0,.004,.002,1,0,0,0,.937,-.35,0,.35,.937);es="Linear";ed="In";};};{tm=.367;["RightUpperArm"]={cf=cfr(-.003,.002,-.001,.978,-.187,.094,.174,.977,.126,-.115,-.107,.988);es="Linear";ed="In";};["LeftUpperArm"]={cf=cfr(.001,0,0,.977,.193,-.093,-.172,.966,.192,.127,-.172,.977);es="Linear";ed="In";};["Head"]={cf=cfr(0,0,0,.672,-.071,.737,-.077,.983,.165,-.737,-.168,.655);es="Linear";ed="In";};["UpperTorso"]={cf=cfr(-.001,-.005,-.014,1,.017,-.006,-.017,.999,-.047,.005,.047,.999);es="Linear";ed="In";};["LeftUpperLeg"]={cf=cfr(.011,.07,.03,.832,.477,.282,-.091,.62,-.779,-.547,.623,.56);es="Linear";ed="In";};["LeftFoot"]={cf=cfr(0,0,0,1,0,0,0,1,0,0,0,1);es="Linear";ed="In";};["LeftLowerLeg"]={cf=cfr(0,.01,-.01,1,0,0,0,.691,.723,0,-.723,.691);es="Linear";ed="In";};["RightHand"]={cf=cfr(0,0,0,1,0,0,0,1,0,0,0,1);es="Linear";ed="In";};["LeftHand"]={cf=cfr(0,0,0,1,0,0,0,1,0,0,0,1);es="Linear";ed="In";};["RightFoot"]={cf=cfr(0,0,0,1,0,0,0,1,0,0,0,1);es="Linear";ed="In";};["RightLowerLeg"]={cf=cfr(0,0,0,1,0,0,0,.851,.525,0,-.525,.851);es="Linear";ed="In";};["LeftLowerArm"]={cf=cfr(0,.001,0,1,0,0,0,.963,-.271,0,.271,.963);es="Linear";ed="In";};["LowerTorso"]={cf=cfr(0,-.336,-.004,1,.016,0,-.016,.998,-.055,-.001,.055,.998);es="Linear";ed="In";};["RightLowerArm"]={cf=cfr(0,.004,.002,1,0,0,0,.931,-.365,0,.365,.931);es="Linear";ed="In";};};{tm=.383;["RightUpperArm"]={cf=cfr(-.003,.002,-.001,.977,-.194,.093,.182,.975,.13,-.116,-.11,.987);es="Linear";ed="In";};["LeftUpperArm"]={cf=cfr(.001,0,0,.976,.196,-.093,-.176,.965,.192,.127,-.171,.977);es="Linear";ed="In";};["Head"]={cf=cfr(0,0,0,.676,-.071,.733,-.076,.983,.165,-.733,-.168,.66);es="Linear";ed="In";};["UpperTorso"]={cf=cfr(-.001,-.005,-.014,1,.021,-.006,-.022,.999,-.049,.005,.049,.999);es="Linear";ed="In";};["LeftUpperLeg"]={cf=cfr(.011,.064,.03,.826,.493,.273,-.088,.591,-.802,-.557,.638,.532);es="Linear";ed="In";};["LeftFoot"]={cf=cfr(0,0,0,1,0,0,0,1,0,0,0,1);es="Linear";ed="In";};["LeftLowerLeg"]={cf=cfr(0,.009,-.009,1,0,0,0,.675,.738,0,-.738,.675);es="Linear";ed="In";};["RightHand"]={cf=cfr(0,0,0,1,0,0,0,1,0,0,0,1);es="Linear";ed="In";};["LeftHand"]={cf=cfr(0,0,0,1,0,0,0,1,0,0,0,1);es="Linear";ed="In";};["RightFoot"]={cf=cfr(0,0,0,1,0,0,0,1,0,0,0,1);es="Linear";ed="In";};["RightLowerLeg"]={cf=cfr(0,0,0,1,0,0,0,.85,.527,0,-.527,.85);es="Linear";ed="In";};["LeftLowerArm"]={cf=cfr(0,.001,0,1,0,0,0,.961,-.278,0,.278,.961);es="Linear";ed="In";};["LowerTorso"]={cf=cfr(0,-.342,-.004,1,.017,0,-.017,.998,-.055,-.001,.055,.998);es="Linear";ed="In";};["RightLowerArm"]={cf=cfr(0,.004,.002,1,0,0,0,.925,-.379,0,.379,.925);es="Linear";ed="In";};};{tm=.4;["RightUpperArm"]={cf=cfr(-.003,.002,-.001,.975,-.202,.092,.189,.973,.133,-.116,-.113,.987);es="Linear";ed="In";};["LeftUpperArm"]={cf=cfr(.001,0,0,.975,.2,-.093,-.179,.965,.192,.128,-.171,.977);es="Linear";ed="In";};["Head"]={cf=cfr(0,0,0,.681,-.071,.729,-.075,.983,.166,-.728,-.168,.664);es="Linear";ed="In";};["UpperTorso"]={cf=cfr(-.001,-.006,-.014,1,.026,-.007,-.026,.998,-.051,.006,.051,.999);es="Linear";ed="In";};["LeftUpperLeg"]={cf=cfr(.011,.058,.029,.82,.508,.263,-.085,.563,-.822,-.566,.651,.505);es="Linear";ed="In";};["LeftFoot"]={cf=cfr(0,0,0,1,0,0,0,1,0,0,0,1);es="Linear";ed="In";};["LeftLowerLeg"]={cf=cfr(0,.009,-.009,1,0,0,0,.659,.752,0,-.752,.659);es="Linear";ed="In";};["RightHand"]={cf=cfr(0,0,0,1,0,0,0,1,0,0,0,1);es="Linear";ed="In";};["LeftHand"]={cf=cfr(0,0,0,1,0,0,0,1,0,0,0,1);es="Linear";ed="In";};["RightFoot"]={cf=cfr(0,0,0,1,0,0,0,1,0,0,0,1);es="Linear";ed="In";};["RightLowerLeg"]={cf=cfr(0,0,0,1,0,0,0,.848,.53,0,-.53,.848);es="Linear";ed="In";};["LeftLowerArm"]={cf=cfr(0,.001,0,1,0,0,0,.959,-.285,0,.285,.959);es="Linear";ed="In";};["LowerTorso"]={cf=cfr(0,-.348,-.004,1,.019,0,-.019,.998,-.055,-.001,.055,.998);es="Linear";ed="In";};["RightLowerArm"]={cf=cfr(0,.004,.002,1,0,0,0,.92,-.393,0,.393,.92);es="Linear";ed="In";};};{tm=.417;["RightUpperArm"]={cf=cfr(-.003,.001,-.001,.974,-.209,.091,.196,.971,.137,-.117,-.115,.986);es="Linear";ed="In";};["LeftUpperArm"]={cf=cfr(.001,0,0,.975,.203,-.093,-.183,.964,.192,.128,-.171,.977);es="Linear";ed="In";};["Head"]={cf=cfr(0,0,0,.686,-.071,.724,-.074,.983,.166,-.724,-.168,.669);es="Linear";ed="In";};["UpperTorso"]={cf=cfr(-.001,-.006,-.014,.999,.031,-.008,-.031,.998,-.053,.006,.053,.999);es="Linear";ed="In";};["LeftUpperLeg"]={cf=cfr(.01,.052,.027,.814,.522,.254,-.082,.536,-.84,-.575,.663,.479);es="Linear";ed="In";};["LeftFoot"]={cf=cfr(0,0,0,1,0,0,0,1,0,0,0,1);es="Linear";ed="In";};["LeftLowerLeg"]={cf=cfr(0,.008,-.009,1,0,0,0,.644,.765,0,-.765,.644);es="Linear";ed="In";};["RightHand"]={cf=cfr(0,0,0,1,0,0,0,1,0,0,0,1);es="Linear";ed="In";};["LeftHand"]={cf=cfr(0,0,0,1,0,0,0,1,0,0,0,1);es="Linear";ed="In";};["RightFoot"]={cf=cfr(0,0,0,1,0,0,0,1,0,0,0,1);es="Linear";ed="In";};["RightLowerLeg"]={cf=cfr(0,0,0,1,0,0,0,.847,.532,0,-.532,.847);es="Linear";ed="In";};["LeftLowerArm"]={cf=cfr(0,.001,0,1,0,0,0,.957,-.292,0,.292,.957);es="Linear";ed="In";};["LowerTorso"]={cf=cfr(0,-.355,-.004,1,.02,0,-.02,.998,-.055,-.001,.055,.998);es="Linear";ed="In";};["RightLowerArm"]={cf=cfr(0,.004,.001,1,0,0,0,.914,-.405,0,.405,.914);es="Linear";ed="In";};};{tm=.433;["RightUpperArm"]={cf=cfr(-.002,.001,-.001,.972,-.215,.09,.202,.969,.14,-.117,-.118,.986);es="Linear";ed="In";};["LeftUpperArm"]={cf=cfr(.001,0,0,.974,.206,-.093,-.186,.964,.192,.129,-.17,.977);es="Linear";ed="In";};["Head"]={cf=cfr(0,0,0,.691,-.071,.719,-.073,.983,.167,-.719,-.168,.674);es="Linear";ed="In";};["UpperTorso"]={cf=cfr(-.001,-.006,-.014,.999,.036,-.008,-.036,.998,-.055,.006,.055,.998);es="Linear";ed="In";};["LeftUpperLeg"]={cf=cfr(.01,.047,.025,.809,.535,.244,-.079,.51,-.857,-.583,.673,.455);es="Linear";ed="In";};["LeftFoot"]={cf=cfr(0,0,0,1,0,0,0,1,0,0,0,1);es="Linear";ed="In";};["LeftLowerLeg"]={cf=cfr(0,.008,-.008,1,0,0,0,.63,.776,0,-.776,.63);es="Linear";ed="In";};["RightHand"]={cf=cfr(0,0,0,1,0,0,0,1,0,0,0,1);es="Linear";ed="In";};["LeftHand"]={cf=cfr(0,0,0,1,0,0,0,1,0,0,0,1);es="Linear";ed="In";};["RightFoot"]={cf=cfr(0,0,0,1,0,0,0,1,0,0,0,1);es="Linear";ed="In";};["RightLowerLeg"]={cf=cfr(0,0,0,1,0,0,0,.845,.535,0,-.535,.845);es="Linear";ed="In";};["LeftLowerArm"]={cf=cfr(0,.001,0,1,0,0,0,.955,-.298,0,.298,.955);es="Linear";ed="In";};["LowerTorso"]={cf=cfr(0,-.361,-.004,1,.022,0,-.022,.998,-.055,-.001,.055,.998);es="Linear";ed="In";};["RightLowerArm"]={cf=cfr(0,.003,.001,1,0,0,0,.909,-.417,0,.417,.909);es="Linear";ed="In";};};{tm=.45;["RightUpperArm"]={cf=cfr(-.002,.001,-.001,.971,-.221,.089,.208,.968,.142,-.118,-.12,.986);es="Linear";ed="In";};["LeftUpperArm"]={cf=cfr(0,0,0,.973,.209,-.093,-.189,.963,.192,.129,-.17,.977);es="Linear";ed="In";};["Head"]={cf=cfr(0,0,0,.696,-.071,.715,-.072,.983,.167,-.715,-.168,.679);es="Linear";ed="In";};["UpperTorso"]={cf=cfr(-.001,-.007,-.014,.999,.041,-.009,-.042,.998,-.057,.007,.057,.998);es="Linear";ed="In";};["LeftUpperLeg"]={cf=cfr(.009,.041,.023,.804,.547,.235,-.075,.485,-.871,-.59,.682,.431);es="Linear";ed="In";};["LeftFoot"]={cf=cfr(0,0,0,1,0,0,0,1,0,0,0,1);es="Linear";ed="In";};["LeftLowerLeg"]={cf=cfr(0,.007,-.007,1,0,0,0,.617,.787,0,-.787,.617);es="Linear";ed="In";};["RightHand"]={cf=cfr(0,0,0,1,0,0,0,1,0,0,0,1);es="Linear";ed="In";};["LeftHand"]={cf=cfr(0,0,0,1,0,0,0,1,0,0,0,1);es="Linear";ed="In";};["RightFoot"]={cf=cfr(0,0,0,1,0,0,0,1,0,0,0,1);es="Linear";ed="In";};["RightLowerLeg"]={cf=cfr(0,0,0,1,0,0,0,.843,.537,0,-.537,.843);es="Linear";ed="In";};["LeftLowerArm"]={cf=cfr(0,.001,0,1,0,0,0,.953,-.304,0,.304,.953);es="Linear";ed="In";};["LowerTorso"]={cf=cfr(0,-.368,-.004,1,.024,0,-.024,.998,-.055,-.001,.055,.998);es="Linear";ed="In";};["RightLowerArm"]={cf=cfr(0,.003,.001,1,0,0,0,.904,-.428,0,.428,.904);es="Linear";ed="In";};};{tm=.467;["RightUpperArm"]={cf=cfr(-.002,.001,-.001,.97,-.227,.088,.213,.966,.145,-.118,-.122,.985);es="Linear";ed="In";};["LeftUpperArm"]={cf=cfr(0,0,0,.973,.212,-.093,-.191,.962,.192,.13,-.169,.977);es="Linear";ed="In";};["Head"]={cf=cfr(0,0,0,.7,-.071,.71,-.071,.983,.168,-.71,-.168,.683);es="Linear";ed="In";};["UpperTorso"]={cf=cfr(-.001,-.007,-.014,.999,.047,-.01,-.047,.997,-.059,.007,.059,.998);es="Linear";ed="In";};["LeftUpperLeg"]={cf=cfr(.008,.036,.021,.799,.557,.226,-.072,.462,-.884,-.597,.69,.409);es="Linear";ed="In";};["LeftFoot"]={cf=cfr(0,0,0,1,0,0,0,1,0,0,0,1);es="Linear";ed="In";};["LeftLowerLeg"]={cf=cfr(0,.006,-.007,1,0,0,0,.604,.797,0,-.797,.604);es="Linear";ed="In";};["RightHand"]={cf=cfr(0,0,0,1,0,0,0,1,0,0,0,1);es="Linear";ed="In";};["LeftHand"]={cf=cfr(0,0,0,1,0,0,0,1,0,0,0,1);es="Linear";ed="In";};["RightFoot"]={cf=cfr(0,0,0,1,0,0,0,1,0,0,0,1);es="Linear";ed="In";};["RightLowerLeg"]={cf=cfr(0,0,0,1,0,0,0,.842,.54,0,-.54,.842);es="Linear";ed="In";};["LeftLowerArm"]={cf=cfr(0,.001,0,1,0,0,0,.951,-.309,0,.309,.951);es="Linear";ed="In";};["LowerTorso"]={cf=cfr(0,-.375,-.004,1,.025,0,-.025,.998,-.055,-.002,.055,.998);es="Linear";ed="In";};["RightLowerArm"]={cf=cfr(0,.003,.001,1,0,0,0,.899,-.438,0,.438,.899);es="Linear";ed="In";};};{tm=.483;["RightUpperArm"]={cf=cfr(-.002,.001,-.001,.969,-.232,.087,.218,.965,.148,-.118,-.124,.985);es="Linear";ed="In";};["LeftUpperArm"]={cf=cfr(0,0,0,.972,.214,-.093,-.194,.962,.192,.13,-.169,.977);es="Linear";ed="In";};["Head"]={cf=cfr(0,0,0,.704,-.071,.706,-.07,.983,.168,-.706,-.168,.688);es="Linear";ed="In";};["UpperTorso"]={cf=cfr(-.001,-.007,-.014,.999,.052,-.01,-.053,.997,-.061,.007,.061,.998);es="Linear";ed="In";};["LeftUpperLeg"]={cf=cfr(.007,.031,.019,.794,.567,.218,-.068,.44,-.895,-.603,.696,.388);es="Linear";ed="In";};["LeftFoot"]={cf=cfr(0,0,0,1,0,0,0,1,0,0,0,1);es="Linear";ed="In";};["LeftLowerLeg"]={cf=cfr(0,.005,-.006,1,0,0,0,.592,.806,0,-.806,.592);es="Linear";ed="In";};["RightHand"]={cf=cfr(0,0,0,1,0,0,0,1,0,0,0,1);es="Linear";ed="In";};["LeftHand"]={cf=cfr(0,0,0,1,0,0,0,1,0,0,0,1);es="Linear";ed="In";};["RightFoot"]={cf=cfr(0,0,0,1,0,0,0,1,0,0,0,1);es="Linear";ed="In";};["RightLowerLeg"]={cf=cfr(0,0,0,1,0,0,0,.84,.543,0,-.543,.84);es="Linear";ed="In";};["LeftLowerArm"]={cf=cfr(0,.001,0,1,0,0,0,.949,-.314,0,.314,.949);es="Linear";ed="In";};["LowerTorso"]={cf=cfr(0,-.383,-.004,1,.027,0,-.027,.998,-.055,-.002,.055,.998);es="Linear";ed="In";};["RightLowerArm"]={cf=cfr(0,.002,.001,1,0,0,0,.894,-.447,0,.447,.894);es="Linear";ed="In";};};{tm=.5;["RightUpperArm"]={cf=cfr(-.001,.001,-.001,.968,-.237,.087,.223,.963,.15,-.119,-.126,.985);es="Linear";ed="In";};["LeftUpperArm"]={cf=cfr(0,0,0,.972,.217,-.093,-.196,.962,.192,.131,-.169,.977);es="Linear";ed="In";};["Head"]={cf=cfr(0,0,0,.708,-.071,.702,-.069,.983,.169,-.702,-.168,.692);es="Linear";ed="In";};["UpperTorso"]={cf=cfr(-.001,-.007,-.014,.998,.058,-.011,-.058,.996,-.063,.007,.064,.998);es="Linear";ed="In";};["LeftUpperLeg"]={cf=cfr(.006,.026,.016,.79,.576,.21,-.065,.42,-.905,-.609,.702,.369);es="Linear";ed="In";};["LeftFoot"]={cf=cfr(0,0,0,1,0,0,0,1,0,0,0,1);es="Linear";ed="In";};["LeftLowerLeg"]={cf=cfr(0,.005,-.005,1,0,0,0,.581,.814,0,-.814,.581);es="Linear";ed="In";};["RightHand"]={cf=cfr(0,0,0,1,0,0,0,1,0,0,0,1);es="Linear";ed="In";};["LeftHand"]={cf=cfr(0,0,0,1,0,0,0,1,0,0,0,1);es="Linear";ed="In";};["RightFoot"]={cf=cfr(0,0,0,1,0,0,0,1,0,0,0,1);es="Linear";ed="In";};["RightLowerLeg"]={cf=cfr(0,0,0,1,0,0,0,.838,.545,0,-.545,.838);es="Linear";ed="In";};["LeftLowerArm"]={cf=cfr(0,.001,0,1,0,0,0,.948,-.318,0,.318,.948);es="Linear";ed="In";};["LowerTorso"]={cf=cfr(0,-.39,-.004,1,.029,0,-.029,.998,-.055,-.002,.055,.998);es="Linear";ed="In";};["RightLowerArm"]={cf=cfr(0,.002,.001,1,0,0,0,.89,-.456,0,.456,.89);es="Linear";ed="In";};};{tm=.517;["RightUpperArm"]={cf=cfr(-.001,.001,0,.967,-.242,.086,.227,.962,.152,-.119,-.127,.985);es="Linear";ed="In";};["LeftUpperArm"]={cf=cfr(0,0,0,.971,.219,-.093,-.198,.961,.192,.131,-.168,.977);es="Linear";ed="In";};["Head"]={cf=cfr(0,0,0,.712,-.071,.698,-.068,.983,.169,-.699,-.168,.696);es="Linear";ed="In";};["UpperTorso"]={cf=cfr(-.001,-.007,-.014,.998,.064,-.012,-.064,.996,-.065,.008,.066,.998);es="Linear";ed="In";};["LeftUpperLeg"]={cf=cfr(.005,.022,.014,.787,.583,.202,-.062,.401,-.914,-.614,.707,.351);es="Linear";ed="In";};["LeftFoot"]={cf=cfr(0,0,0,1,0,0,0,1,0,0,0,1);es="Linear";ed="In";};["LeftLowerLeg"]={cf=cfr(0,.004,-.004,1,0,0,0,.571,.821,0,-.821,.571);es="Linear";ed="In";};["RightHand"]={cf=cfr(0,0,0,1,0,0,0,1,0,0,0,1);es="Linear";ed="In";};["LeftHand"]={cf=cfr(0,0,0,1,0,0,0,1,0,0,0,1);es="Linear";ed="In";};["RightFoot"]={cf=cfr(0,0,0,1,0,0,0,1,0,0,0,1);es="Linear";ed="In";};["RightLowerLeg"]={c