local cfr = CFrame.new

return {{tm=0;["Head"]={cf=cfr(0,0,0,.801,.337,-.494,-.126,.903,.411,.585,-.267,.766);es="Sine";ed="InOut";};["LeftUpperArm"]={cf=cfr(.032,-.221,-.015,.808,.326,.491,-.403,.913,.058,-.43,-.245,.869);es="Sine";ed="InOut";};["RightUpperArm"]={cf=cfr(0,0,0,.785,-.582,.212,.614,.778,-.132,-.088,.234,.968);es="Sine";ed="InOut";};["LeftUpperLeg"]={cf=cfr(.035,-.28,.005,.994,-.106,.024,-.038,-.543,-.839,.102,.833,-.544);es="Sine";ed="InOut";};["RightUpperLeg"]={cf=cfr(.21,.016,-.115,.71,-.639,-.298,0,.423,-.906,.705,.643,.3);es="Sine";ed="InOut";};["UpperTorso"]={cf=cfr(0,0,-.015,.967,-.143,-.21,.156,.987,.044,.201,-.076,.977);es="Sine";ed="InOut";};["LeftFoot"]={cf=cfr(0,0,0,1,0,0,0,1,0,0,0,1);es="Sine";ed="InOut";};["LeftLowerLeg"]={cf=cfr(0,0,0,1,0,0,0,0,1,0,-1,0);es="Sine";ed="InOut";};["RightHand"]={cf=cfr(0,0,0,1,0,0,0,1,0,0,0,1);es="Sine";ed="InOut";};["LeftHand"]={cf=cfr(0,0,0,1,0,0,0,1,0,0,0,1);es="Sine";ed="InOut";};["RightFoot"]={cf=cfr(0,0,0,1,0,0,0,1,0,0,0,1);es="Sine";ed="InOut";};["RightLowerLeg"]={cf=cfr(0,0,0,1,0,0,0,.866,.5,0,-.5,.866);es="Sine";ed="InOut";};["LeftLowerArm"]={cf=cfr(0,0,0,1,0,0,0,.966,-.259,0,.259,.966);es="Sine";ed="InOut";};["LowerTorso"]={cf=cfr(.056,-1.408,.188,.629,-.132,.766,.35,.928,-.127,-.694,.348,.63);es="Sine";ed="InOut";};["RightLowerArm"]={cf=cfr(0,0,0,1,0,0,0,.906,-.423,0,.423,.906);es="Sine";ed="InOut";};};{tm=.017;["RightUpperArm"]={cf=cfr(0,0,0,.785,-.583,.212,.614,.778,-.133,-.088,.234,.968);es="Linear";ed="In";};["LeftUpperArm"]={cf=cfr(.032,-.221,-.015,.808,.326,.491,-.404,.913,.058,-.43,-.245,.869);es="Linear";ed="In";};["Head"]={cf=cfr(0,0,0,.801,.337,-.494,-.126,.903,.411,.585,-.267,.766);es="Linear";ed="In";};["UpperTorso"]={cf=cfr(0,0,-.015,.967,-.143,-.21,.156,.987,.045,.201,-.076,.977);es="Linear";ed="In";};["RightUpperLeg"]={cf=cfr(.21,.016,-.115,.71,-.639,-.298,0,.423,-.906,.705,.643,.301);es="Linear";ed="In";};["LeftUpperLeg"]={cf=cfr(.036,-.28,.005,.994,-.106,.024,-.038,-.542,-.839,.102,.833,-.543);es="Linear";ed="In";};["LeftFoot"]={cf=cfr(0,0,0,1,0,0,0,1,0,0,0,1);es="Linear";ed="In";};["LeftLowerLeg"]={cf=cfr(0,0,0,1,0,0,0,.002,1,0,-1,.002);es="Linear";ed="In";};["RightHand"]={cf=cfr(0,0,0,1,0,0,0,1,0,0,0,1);es="Linear";ed="In";};["LeftHand"]={cf=cfr(0,0,0,1,0,0,0,1,0,0,0,1);es="Linear";ed="In";};["RightFoot"]={cf=cfr(0,0,0,1,0,0,0,1,0,0,0,1);es="Linear";ed="In";};["RightLowerLeg"]={cf=cfr(0,0,0,1,0,0,0,.867,.499,0,-.499,.867);es="Linear";ed="In";};["LeftLowerArm"]={cf=cfr(0,0,0,1,0,0,0,.966,-.259,0,.259,.966);es="Linear";ed="In";};["LowerTorso"]={cf=cfr(.056,-1.408,.188,.629,-.132,.766,.35,.928,-.127,-.694,.348,.63);es="Linear";ed="In";};["RightLowerArm"]={cf=cfr(0,0,0,1,0,0,0,.906,-.423,0,.423,.906);es="Linear";ed="In";};};{tm=.033;["RightUpperArm"]={cf=cfr(0,0,0,.785,-.583,.211,.614,.778,-.134,-.086,.235,.968);es="Linear";ed="In";};["LeftUpperArm"]={cf=cfr(.033,-.222,-.016,.807,.326,.492,-.405,.913,.059,-.43,-.246,.869);es="Linear";ed="In";};["Head"]={cf=cfr(0,0,0,.801,.336,-.495,-.126,.903,.41,.585,-.266,.766);es="Linear";ed="In";};["UpperTorso"]={cf=cfr(0,0,-.015,.967,-.143,-.21,.156,.987,.045,.2,-.076,.977);es="Linear";ed="In";};["RightUpperLeg"]={cf=cfr(.21,.016,-.115,.709,-.638,-.299,0,.425,-.905,.705,.642,.302);es="Linear";ed="In";};["LeftUpperLeg"]={cf=cfr(.036,-.279,.005,.994,-.107,.023,-.039,-.541,-.84,.102,.834,-.542);es="Linear";ed="In";};["LeftFoot"]={cf=cfr(0,0,0,1,0,0,0,1,0,0,0,1);es="Linear";ed="In";};["LeftLowerLeg"]={cf=cfr(0,0,-.001,1,0,0,0,.007,1,0,-1,.007);es="Linear";ed="In";};["RightHand"]={cf=cfr(0,0,0,1,0,0,0,1,0,0,0,1);es="Linear";ed="In";};["LeftHand"]={cf=cfr(0,0,0,1,0,0,0,1,0,0,0,1);es="Linear";ed="In";};["RightFoot"]={cf=cfr(0,0,0,1,0,0,0,1,0,0,0,1);es="Linear";ed="In";};["RightLowerLeg"]={cf=cfr(0,0,0,1,0,0,0,.868,.496,0,-.496,.868);es="Linear";ed="In";};["LeftLowerArm"]={cf=cfr(0,0,0,1,0,0,0,.965,-.261,0,.261,.965);es="Linear";ed="In";};["LowerTorso"]={cf=cfr(.056,-1.409,.188,.629,-.132,.766,.35,.928,-.127,-.694,.348,.63);es="Linear";ed="In";};["RightLowerArm"]={cf=cfr(0,0,0,1,0,0,0,.905,-.424,0,.424,.905);es="Linear";ed="In";};};{tm=.05;["RightUpperArm"]={cf=cfr(0,0,0,.785,-.583,.21,.614,.777,-.137,-.084,.236,.968);es="Linear";ed="In";};["LeftUpperArm"]={cf=cfr(.034,-.224,-.017,.807,.327,.492,-.406,.912,.06,-.429,-.249,.868);es="Linear";ed="In";};["Head"]={cf=cfr(0,0,0,.801,.336,-.495,-.126,.904,.409,.585,-.265,.767);es="Linear";ed="In";};["UpperTorso"]={cf=cfr(0,0,-.015,.967,-.144,-.209,.156,.987,.046,.2,-.077,.977);es="Linear";ed="In";};["RightUpperLeg"]={cf=cfr(.21,.017,-.115,.709,-.637,-.301,0,.427,-.904,.705,.641,.303);es="Linear";ed="In";};["LeftUpperLeg"]={cf=cfr(.036,-.277,.005,.994,-.107,.021,-.04,-.538,-.842,.101,.836,-.539);es="Linear";ed="In";};["LeftFoot"]={cf=cfr(0,0,0,1,0,0,0,1,0,0,0,1);es="Linear";ed="In";};["LeftLowerLeg"]={cf=cfr(0,0,-.002,1,0,0,0,.015,1,0,-1,.015);es="Linear";ed="In";};["RightHand"]={cf=cfr(0,0,0,1,0,0,0,1,0,0,0,1);es="Linear";ed="In";};["LeftHand"]={cf=cfr(0,0,0,1,0,0,0,1,0,0,0,1);es="Linear";ed="In";};["RightFoot"]={cf=cfr(0,0,0,1,0,0,0,1,0,0,0,1);es="Linear";ed="In";};["RightLowerLeg"]={cf=cfr(0,.001,0,1,0,0,0,.871,.492,0,-.492,.871);es="Linear";ed="In";};["LeftLowerArm"]={cf=cfr(0,0,0,1,0,0,0,.964,-.264,0,.264,.964);es="Linear";ed="In";};["LowerTorso"]={cf=cfr(.056,-1.41,.188,.629,-.132,.766,.35,.928,-.127,-.694,.348,.63);es="Linear";ed="In";};["RightLowerArm"]={cf=cfr(0,0,0,1,0,0,0,.904,-.427,0,.427,.904);es="Linear";ed="In";};};{tm=.067;["RightUpperArm"]={cf=cfr(0,0,0,.785,-.584,.209,.615,.776,-.14,-.08,.238,.968);es="Linear";ed="In";};["LeftUpperArm"]={cf=cfr(.036,-.227,-.018,.806,.328,.493,-.409,.911,.062,-.429,-.251,.868);es="Linear";ed="In";};["Head"]={cf=cfr(0,0,0,.801,.335,-.496,-.126,.905,.407,.585,-.264,.767);es="Linear";ed="In";};["UpperTorso"]={cf=cfr(0,0,-.015,.967,-.144,-.209,.157,.986,.047,.199,-.079,.977);es="Linear";ed="In";};["RightUpperLeg"]={cf=cfr(.21,.017,-.115,.709,-.636,-.304,0,.431,-.902,.705,.64,.306);es="Linear";ed="In";};["LeftUpperLeg"]={cf=cfr(.037,-.275,.005,.994,-.107,.019,-.041,-.534,-.845,.101,.839,-.535);es="Linear";ed="In";};["LeftFoot"]={cf=cfr(0,0,0,1,0,0,0,1,0,0,0,1);es="Linear";ed="In";};["LeftLowerLeg"]={cf=cfr(0,.001,-.003,1,0,0,0,.026,1,0,-1,.026);es="Linear";ed="In";};["RightHand"]={cf=cfr(0,0,0,1,0,0,0,1,0,0,0,1);es="Linear";ed="In";};["LeftHand"]={cf=cfr(0,0,0,1,0,0,0,1,0,0,0,1);es="Linear";ed="In";};["RightFoot"]={cf=cfr(0,0,0,1,0,0,0,1,0,0,0,1);es="Linear";ed="In";};["RightLowerLeg"]={cf=cfr(0,.001,0,1,0,0,0,.874,.486,0,-.486,.874);es="Linear";ed="In";};["LeftLowerArm"]={cf=cfr(0,0,0,1,0,0,0,.963,-.268,0,.268,.963);es="Linear";ed="In";};["LowerTorso"]={cf=cfr(.056,-1.411,.188,.629,-.132,.766,.35,.928,-.127,-.694,.348,.63);es="Linear";ed="In";};["RightLowerArm"]={cf=cfr(0,0,0,1,0,0,0,.903,-.43,0,.43,.903);es="Linear";ed="In";};};{tm=.083;["RightUpperArm"]={cf=cfr(0,0,0,.785,-.584,.207,.615,.775,-.144,-.076,.24,.968);es="Linear";ed="In";};["LeftUpperArm"]={cf=cfr(.037,-.231,-.02,.805,.329,.494,-.411,.909,.064,-.428,-.255,.867);es="Linear";ed="In";};["Head"]={cf=cfr(0,0,0,.801,.333,-.497,-.126,.906,.405,.585,-.262,.768);es="Linear";ed="In";};["UpperTorso"]={cf=cfr(0,0,-.015,.967,-.144,-.209,.158,.986,.049,.199,-.08,.977);es="Linear";ed="In";};["RightUpperLeg"]={cf=cfr(.21,.017,-.114,.709,-.635,-.307,.001,.435,-.9,.705,.638,.309);es="Linear";ed="In";};["LeftUpperLeg"]={cf=cfr(.038,-.272,.004,.994,-.107,.017,-.043,-.529,-.848,.1,.842,-.531);es="Linear";ed="In";};["LeftFoot"]={cf=cfr(0,0,0,1,0,0,0,1,0,0,0,1);es="Linear";ed="In";};["LeftLowerLeg"]={cf=cfr(0,.001,-.005,1,0,0,0,.041,.999,0,-.999,.041);es="Linear";ed="In";};["RightHand"]={cf=cfr(0,0,0,1,0,0,0,1,0,0,0,1);es="Linear";ed="In";};["LeftHand"]={cf=cfr(0,0,0,1,0,0,0,1,0,0,0,1);es="Linear";ed="In";};["RightFoot"]={cf=cfr(0,0,0,1,0,0,0,1,0,0,0,1);es="Linear";ed="In";};["RightLowerLeg"]={cf=cfr(0,.002,-.001,1,0,0,0,.878,.478,0,-.478,.878);es="Linear";ed="In";};["LeftLowerArm"]={cf=cfr(0,0,0,1,0,0,0,.962,-.274,0,.274,.962);es="Linear";ed="In";};["LowerTorso"]={cf=cfr(.056,-1.413,.188,.629,-.132,.766,.35,.928,-.127,-.694,.348,.63);es="Linear";ed="In";};["RightLowerArm"]={cf=cfr(0,0,0,1,0,0,0,.901,-.434,0,.434,.901);es="Linear";ed="In";};};{tm=.1;["RightUpperArm"]={cf=cfr(0,-.001,0,.785,-.585,.204,.616,.774,-.148,-.071,.242,.968);es="Linear";ed="In";};["LeftUpperArm"]={cf=cfr(.04,-.235,-.023,.803,.331,.496,-.415,.907,.067,-.428,-.259,.866);es="Linear";ed="In";};["Head"]={cf=cfr(0,0,0,.801,.332,-.498,-.126,.907,.402,.585,-.259,.769);es="Linear";ed="In";};["UpperTorso"]={cf=cfr(0,0,-.015,.967,-.145,-.208,.159,.986,.051,.198,-.082,.977);es="Linear";ed="In";};["RightUpperLeg"]={cf=cfr(.209,.017,-.114,.709,-.633,-.31,.001,.441,-.898,.705,.636,.313);es="Linear";ed="In";};["LeftUpperLeg"]={cf=cfr(.039,-.269,.004,.994,-.108,.013,-.045,-.523,-.851,.099,.845,-.525);es="Linear";ed="In";};["LeftFoot"]={cf=cfr(0,0,0,1,0,0,0,1,0,0,0,1);es="Linear";ed="In";};["LeftLowerLeg"]={cf=cfr(0,.002,-.007,1,0,0,0,.058,.998,0,-.998,.058);es="Linear";ed="In";};["RightHand"]={cf=cfr(0,0,0,1,0,0,0,1,0,0,0,1);es="Linear";ed="In";};["LeftHand"]={cf=cfr(0,0,0,1,0,0,0,1,0,0,0,1);es="Linear";ed="In";};["RightFoot"]={cf=cfr(0,0,0,1,0,0,0,1,0,0,0,1);es="Linear";ed="In";};["RightLowerLeg"]={cf=cfr(0,.002,-.001,1,0,0,0,.883,.469,0,-.469,.883);es="Linear";ed="In";};["LeftLowerArm"]={cf=cfr(0,.001,0,1,0,0,0,.96,-.28,0,.28,.96);es="Linear";ed="In";};["LowerTorso"]={cf=cfr(.056,-1.415,.188,.629,-.132,.766,.35,.928,-.127,-.694,.348,.63);es="Linear";ed="In";};["RightLowerArm"]={cf=cfr(0,0,0,1,0,0,0,.899,-.438,0,.438,.899);es="Linear";ed="In";};};{tm=.117;["RightUpperArm"]={cf=cfr(0,-.001,0,.785,-.586,.201,.616,.772,-.154,-.065,.245,.967);es="Linear";ed="In";};["LeftUpperArm"]={cf=cfr(.042,-.24,-.025,.802,.332,.497,-.419,.905,.07,-.427,-.264,.865);es="Linear";ed="In";};["Head"]={cf=cfr(0,-.001,0,.801,.33,-.499,-.126,.908,.399,.585,-.257,.769);es="Linear";ed="In";};["UpperTorso"]={cf=cfr(0,0,-.015,.967,-.145,-.207,.16,.986,.053,.197,-.085,.977);es="Linear";ed="In";};["RightUpperLeg"]={cf=cfr(.209,.017,-.114,.709,-.631,-.315,.001,.447,-.895,.705,.634,.317);es="Linear";ed="In";};["LeftUpperLeg"]={cf=cfr(.04,-.265,.004,.994,-.108,.01,-.048,-.516,-.855,.098,.85,-.518);es="Linear";ed="In";};["LeftFoot"]={cf=cfr(0,0,0,1,0,0,0,1,0,0,0,1);es="Linear";ed="In";};["LeftLowerLeg"]={cf=cfr(0,.002,-.009,1,0,0,0,.078,.997,0,-.997,.078);es="Linear";ed="In";};["RightHand"]={cf=cfr(0,0,0,1,0,0,0,1,0,0,0,1);es="Linear";ed="In";};["LeftHand"]={cf=cfr(0,0,0,1,0,0,0,1,0,0,0,1);es="Linear";ed="In";};["RightFoot"]={cf=cfr(0,0,0,1,0,0,0,1,0,0,0,1);es="Linear";ed="In";};["RightLowerLeg"]={cf=cfr(0,.003,-.001,1,0,0,0,.889,.458,0,-.458,.889);es="Linear";ed="In";};["LeftLowerArm"]={cf=cfr(0,.001,0,1,0,0,0,.958,-.287,0,.287,.958);es="Linear";ed="In";};["LowerTorso"]={cf=cfr(.056,-1.418,.188,.629,-.132,.766,.35,.928,-.127,-.694,.348,.63);es="Linear";ed="In";};["RightLowerArm"]={cf=cfr(0,.001,0,1,0,0,0,.896,-.444,0,.444,.896);es="Linear";ed="In";};};{tm=.133;["RightUpperArm"]={cf=cfr(0,-.001,0,.785,-.587,.198,.617,.771,-.16,-.059,.248,.967);es="Linear";ed="In";};["LeftUpperArm"]={cf=cfr(.045,-.245,-.028,.8,.334,.499,-.423,.903,.074,-.426,-.27,.864);es="Linear";ed="In";};["Head"]={cf=cfr(0,-.001,0,.801,.328,-.5,-.126,.91,.395,.585,-.254,.77);es="Linear";ed="In";};["UpperTorso"]={cf=cfr(0,-.001,-.015,.967,-.146,-.207,.161,.985,.056,.196,-.087,.977);es="Linear";ed="In";};["RightUpperLeg"]={cf=cfr(.209,.017,-.114,.709,-.629,-.319,.001,.454,-.891,.706,.631,.322);es="Linear";ed="In";};["LeftUpperLeg"]={cf=cfr(.042,-.261,.004,.994,-.109,.005,-.051,-.508,-.86,.096,.854,-.511);es="Linear";ed="In";};["LeftFoot"]={cf=cfr(0,0,0,1,0,0,0,1,0,0,0,1);es="Linear";ed="In";};["LeftLowerLeg"]={cf=cfr(0,.003,-.011,1,0,0,0,.101,.995,0,-.995,.101);es="Linear";ed="In";};["RightHand"]={cf=cfr(0,0,0,1,0,0,0,1,0,0,0,1);es="Linear";ed="In";};["LeftHand"]={cf=cfr(0,0,0,1,0,0,0,1,0,0,0,1);es="Linear";ed="In";};["RightFoot"]={cf=cfr(0,0,0,1,0,0,0,1,0,0,0,1);es="Linear";ed="In";};["RightLowerLeg"]={cf=cfr(0,.004,-.002,1,0,0,0,.895,.446,0,-.446,.895);es="Linear";ed="In";};["LeftLowerArm"]={cf=cfr(0,.001,0,1,0,0,0,.955,-.296,0,.296,.955);es="Linear";ed="In";};["LowerTorso"]={cf=cfr(.056,-1.421,.188,.629,-.132,.766,.35,.928,-.127,-.694,.348,.63);es="Linear";ed="In";};["RightLowerArm"]={cf=cfr(0,.001,0,1,0,0,0,.893,-.45,0,.45,.893);es="Linear";ed="In";};};{tm=.15;["RightUpperArm"]={cf=cfr(-.001,-.001,.001,.785,-.588,.195,.618,.769,-.167,-.052,.251,.967);es="Linear";ed="In";};["LeftUpperArm"]={cf=cfr(.048,-.252,-.032,.798,.336,.501,-.428,.9,.078,-.425,-.276,.862);es="Linear";ed="In";};["Head"]={cf=cfr(0,-.001,0,.801,.326,-.502,-.126,.912,.391,.585,-.25,.772);es="Linear";ed="In";};["UpperTorso"]={cf=cfr(0,-.001,-.015,.967,-.147,-.206,.162,.985,.059,.194,-.09,.977);es="Linear";ed="In";};["RightUpperLeg"]={cf=cfr(.209,.017,-.114,.708,-.627,-.325,.001,.461,-.887,.706,.628,.327);es="Linear";ed="In";};["LeftUpperLeg"]={cf=cfr(.044,-.257,.003,.994,-.109,.001,-.054,-.5,-.864,.095,.859,-.503);es="Linear";ed="In";};["LeftFoot"]={cf=cfr(0,0,0,1,0,0,0,1,0,0,0,1);es="Linear";ed="In";};["LeftLowerLeg"]={cf=cfr(0,.003,-.013,1,0,0,0,.126,.992,0,-.992,.126);es="Linear";ed="In";};["RightHand"]={cf=cfr(0,0,0,1,0,0,0,1,0,0,0,1);es="Linear";ed="In";};["LeftHand"]={cf=cfr(0,0,0,1,0,0,0,1,0,0,0,1);es="Linear";ed="In";};["RightFoot"]={cf=cfr(0,0,0,1,0,0,0,1,0,0,0,1);es="Linear";ed="In";};["RightLowerLeg"]={cf=cfr(0,.005,-.002,1,0,0,0,.902,.432,0,-.432,.902);es="Linear";ed="In";};["LeftLowerArm"]={cf=cfr(0,.001,0,1,0,0,0,.952,-.305,0,.305,.952);es="Linear";ed="In";};["LowerTorso"]={cf=cfr(.056,-1.424,.188,.629,-.132,.766,.35,.928,-.127,-.694,.348,.63);es="Linear";ed="In";};["RightLowerArm"]={cf=cfr(0,.001,0,1,0,0,0,.89,-.456,0,.456,.89);es="Linear";ed="In";};};{tm=.167;["RightUpperArm"]={cf=cfr(-.001,-.001,.001,.785,-.59,.191,.618,.766,-.174,-.044,.255,.966);es="Linear";ed="In";};["LeftUpperArm"]={cf=cfr(.052,-.258,-.035,.796,.338,.503,-.433,.898,.082,-.424,-.283,.861);es="Linear";ed="In";};["Head"]={cf=cfr(0,-.001,0,.801,.324,-.503,-.126,.913,.387,.585,-.247,.773);es="Linear";ed="In";};["UpperTorso"]={cf=cfr(0,-.001,-.015,.967,-.148,-.205,.163,.985,.062,.193,-.093,.977);es="Linear";ed="In";};["RightUpperLeg"]={cf=cfr(.209,.017,-.114,.708,-.624,-.33,.001,.469,-.883,.706,.625,.333);es="Linear";ed="In";};["LeftUpperLeg"]={cf=cfr(.045,-.251,.003,.994,-.11,-.004,-.058,-.49,-.87,.093,.865,-.494);es="Linear";ed="In";};["LeftFoot"]={cf=cfr(0,0,0,1,0,0,0,1,0,0,0,1);es="Linear";ed="In";};["LeftLowerLeg"]={cf=cfr(0,.004,-.015,1,0,0,0,.152,.988,0,-.988,.152);es="Linear";ed="In";};["RightHand"]={cf=cfr(0,0,0,1,0,0,0,1,0,0,0,1);es="Linear";ed="In";};["LeftHand"]={cf=cfr(0,0,0,1,0,0,0,1,0,0,0,1);es="Linear";ed="In";};["RightFoot"]={cf=cfr(0,0,0,1,0,0,0,1,0,0,0,1);es="Linear";ed="In";};["RightLowerLeg"]={cf=cfr(0,.005,-.002,1,0,0,0,.909,.418,0,-.418,.909);es="Linear";ed="In";};["LeftLowerArm"]={cf=cfr(0,.001,.001,1,0,0,0,.949,-.314,0,.314,.949);es="Linear";ed="In";};["LowerTorso"]={cf=cfr(.056,-1.427,.188,.629,-.132,.766,.35,.928,-.127,-.694,.348,.63);es="Linear";ed="In";};["RightLowerArm"]={cf=cfr(0,.001,0,1,0,0,0,.886,-.463,0,.463,.886);es="Linear";ed="In";};};{tm=.183;["RightUpperArm"]={cf=cfr(-.001,-.001,.001,.785,-.591,.187,.619,.764,-.182,-.036,.259,.965);es="Linear";ed="In";};["LeftUpperArm"]={cf=cfr(.055,-.265,-.039,.793,.34,.505,-.439,.895,.086,-.422,-.29,.859);es="Linear";ed="In";};["Head"]={cf=cfr(0,-.001,0,.801,.321,-.505,-.126,.915,.382,.585,-.243,.774);es="Linear";ed="In";};["UpperTorso"]={cf=cfr(0,-.001,-.015,.968,-.149,-.205,.165,.984,.065,.192,-.096,.977);es="Linear";ed="In";};["RightUpperLeg"]={cf=cfr(.209,.018,-.113,.708,-.621,-.336,.002,.478,-.879,.706,.621,.339);es="Linear";ed="In";};["LeftUpperLeg"]={cf=cfr(.047,-.246,.003,.994,-.11,-.009,-.061,-.48,-.875,.092,.87,-.484);es="Linear";ed="In";};["LeftFoot"]={cf=cfr(0,0,0,1,0,0,0,1,0,0,0,1);es="Linear";ed="In";};["LeftLowerLeg"]={cf=cfr(0,.005,-.017,1,0,0,0,.18,.984,0,-.984,.18);es="Linear";ed="In";};["RightHand"]={cf=cfr(0,0,0,1,0,0,0,1,0,0,0,1);es="Linear";ed="In";};["LeftHand"]={cf=cfr(0,0,0,1,0,0,0,1,0,0,0,1);es="Linear";ed="In";};["RightFoot"]={cf=cfr(0,0,0,1,0,0,0,1,0,0,0,1);es="Linear";ed="In";};["RightLowerLeg"]={cf=cfr(0,.006,-.002,1,0,0,0,.916,.402,0,-.402,.916);es="Linear";ed="In";};["LeftLowerArm"]={cf=cfr(0,.002,.001,1,0,0,0,.946,-.325,0,.325,.946);es="Linear";ed="In";};["LowerTorso"]={cf=cfr(.056,-1.431,.188,.629,-.132,.766,.35,.928,-.127,-.694,.348,.63);es="Linear";ed="In";};["RightLowerArm"]={cf=cfr(0,.001,.001,1,0,0,0,.882,-.471,0,.471,.882);es="Linear";ed="In";};};{tm=.2;["RightUpperArm"]={cf=cfr(-.001,-.002,.001,.784,-.592,.183,.62,.762,-.19,-.027,.263,.965);es="Linear";ed="In";};["LeftUpperArm"]={cf=cfr(.059,-.273,-.043,.791,.343,.507,-.444,.891,.091,-.421,-.297,.857);es="Linear";ed="In";};["Head"]={cf=cfr(0,-.001,0,.801,.318,-.506,-.126,.917,.377,.585,-.239,.775);es="Linear";ed="In";};["UpperTorso"]={cf=cfr(0,-.001,-.015,.968,-.149,-.204,.166,.984,.068,.19,-.1,.977);es="Linear";ed="In";};["RightUpperLeg"]={cf=cfr(.209,.018,-.113,.708,-.618,-.342,.002,.486,-.874,.707,.618,.345);es="Linear";ed="In";};["LeftUpperLeg"]={cf=cfr(.049,-.24,.002,.994,-.11,-.015,-.065,-.47,-.88,.09,.876,-.474);es="Linear";ed="In";};["LeftFoot"]={cf=cfr(0,0,0,1,0,0,0,1,0,0,0,1);es="Linear";ed="In";};["LeftLowerLeg"]={cf=cfr(0,.005,-.018,1,0,0,0,.21,.978,0,-.978,.21);es="Linear";ed="In";};["RightHand"]={cf=cfr(0,0,0,1,0,0,0,1,0,0,0,1);es="Linear";ed="In";};["LeftHand"]={cf=cfr(0,0,0,1,0,0,0,1,0,0,0,1);es="Linear";ed="In";};["RightFoot"]={cf=cfr(0,0,0,1,0,0,0,1,0,0,0,1);es="Linear";ed="In";};["RightLowerLeg"]={cf=cfr(0,.007,-.002,1,0,0,0,.923,.385,0,-.385,.923);es="Linear";ed="In";};["LeftLowerArm"]={cf=cfr(0,.002,.001,1,0,0,0,.942,-.335,0,.335,.942);es="Linear";ed="In";};["LowerTorso"]={cf=cfr(.056,-1.435,.188,.629,-.132,.766,.35,.928,-.127,-.694,.348,.63);es="Linear";ed="In";};["RightLowerArm"]={cf=cfr(0,.001,.001,1,0,0,0,.878,-.479,0,.479,.878);es="Linear";ed="In";};};{tm=.217;["RightUpperArm"]={cf=cfr(-.001,-.002,.001,.784,-.594,.179,.62,.759,-.198,-.018,.267,.964);es="Linear";ed="In";};["LeftUpperArm"]={cf=cfr(.063,-.28,-.047,.788,.345,.51,-.45,.888,.095,-.419,-.305,.855);es="Linear";ed="In";};["Head"]={cf=cfr(0,-.001,0,.801,.316,-.508,-.126,.919,.372,.585,-.234,.777);es="Linear";ed="In";};["UpperTorso"]={cf=cfr(0,-.001,-.015,.968,-.15,-.203,.168,.983,.071,.189,-.103,.977);es="Linear";ed="In";};["RightUpperLeg"]={cf=cfr(.208,.018,-.113,.707,-.615,-.349,.002,.495,-.869,.707,.614,.352);es="Linear";ed="In";};["LeftUpperLeg"]={cf=cfr(.052,-.234,.001,.994,-.111,-.021,-.07,-.459,-.886,.089,.882,-.464);es="Linear";ed="In";};["LeftFoot"]={cf=cfr(0,0,0,1,0,0,0,1,0,0,0,1);es="Linear";ed="In";};["LeftLowerLeg"]={cf=cfr(0,.006,-.019,1,0,0,0,.24,.971,0,-.971,.24);es="Linear";ed="In";};["RightHand"]={cf=cfr(0,0,0,1,0,0,0,1,0,0,0,1);es="Linear";ed="In";};["LeftHand"]={cf=cfr(0,0,0,1,0,0,0,1,0,0,0,1);es="Linear";ed="In";};["RightFoot"]={cf=cfr(0,0,0,1,0,0,0,1,0,0,0,1);es="Linear";ed="In";};["RightLowerLeg"]={cf=cfr(0,.007,-.003,1,0,0,0,.93,.368,0,-.368,.93);es="Linear";ed="In";};["LeftLowerArm"]={cf=cfr(0,.002,.001,1,0,0,0,.938,-.346,0,.346,.938);es="Linear";ed="In";};["LowerTorso"]={cf=cfr(.056,-1.439,.188,.629,-.132,.766,.35,.928,-.127,-.694,.348,.63);es="Linear";ed="In";};["RightLowerArm"]={cf=cfr(0,.001,.001,1,0,0,0,.873,-.487,0,.487,.873);es="Linear";ed="In";};};{tm=.233;["RightUpperArm"]={cf=cfr(-.001,-.002,.001,.784,-.596,.175,.621,.756,-.207,-.009,.271,.963);es="Linear";ed="In";};["LeftUpperArm"]={cf=cfr(.067,-.288,-.051,.786,.347,.512,-.456,.884,.1,-.418,-.312,.853);es="Linear";ed="In";};["Head"]={cf=cfr(0,-.001,0,.801,.313,-.51,-.126,.921,.367,.585,-.23,.778);es="Linear";ed="In";};["UpperTorso"]={cf=cfr(0,-.001,-.015,.968,-.151,-.202,.169,.983,.075,.187,-.107,.977);es="Linear";ed="In";};["RightUpperLeg"]={cf=cfr(.208,.018,-.113,.707,-.611,-.355,.002,.505,-.863,.707,.609,.358);es="Linear";ed="In";};["LeftUpperLeg"]={cf=cfr(.054,-.228,.001,.993,-.111,-.027,-.074,-.448,-.891,.087,.887,-.453);es="Linear";ed="In";};["LeftFoot"]={cf=cfr(0,0,0,1,0,0,0,1,0,0,0,1);es="Linear";ed="In";};["LeftLowerLeg"]={cf=cfr(0,.006,-.02,1,0,0,0,.27,.963,0,-.963,.27);es="Linear";ed="In";};["RightHand"]={cf=cfr(0,0,0,1,0,0,0,1,0,0,0,1);es="Linear";ed="In";};["LeftHand"]={cf=cfr(0,0,0,1,0,0,0,1,0,0,0,1);es="Linear";ed="In";};["RightFoot"]={cf=cfr(0,0,0,1,0,0,0,1,0,0,0,1);es="Linear";ed="In";};["RightLowerLeg"]={cf=cfr(0,.007,-.003,1,0,0,0,.937,.35,0,-.35,.937);es="Linear";ed="In";};["LeftLowerArm"]={cf=cfr(0,.002,.001,1,0,0,0,.934,-.357,0,.357,.934);es="Linear";ed="In";};["LowerTorso"]={cf=cfr(.056,-1.443,.188,.629,-.132,.766,.35,.928,-.127,-.694,.348,.63);es="Linear";ed="In";};["RightLowerArm"]={cf=cfr(0,.001,.001,1,0,0,0,.869,-.495,0,.495,.869);es="Linear";ed="In";};};{tm=.25;["RightUpperArm"]={cf=cfr(-.001,-.002,.001,.784,-.597,.17,.621,.754,-.216,0,.275,.961);es="Linear";ed="In";};["LeftUpperArm"]={cf=cfr(.071,-.296,-.055,.783,.35,.514,-.462,.88,.105,-.416,-.32,.851);es="Linear";ed="In";};["Head"]={cf=cfr(0,-.001,0,.801,.31,-.512,-.126,.924,.362,.585,-.226,.779);es="Linear";ed="In";};["UpperTorso"]={cf=cfr(0,-.001,-.015,.968,-.152,-.201,.171,.982,.079,.186,-.11,.976);es="Linear";ed="In";};["RightUpperLeg"]={cf=cfr(.208,.018,-.113,.707,-.608,-.362,.003,.514,-.858,.707,.605,.365);es="Linear";ed="In";};["LeftUpperLeg"]={cf=cfr(.056,-.222,0,.993,-.111,-.032,-.078,-.436,-.896,.085,.893,-.442);es="Linear";ed="In";};["LeftFoot"]={cf=cfr(0,0,0,1,0,0,0,1,0,0,0,1);es="Linear";ed="In";};["LeftLowerLeg"]={cf=cfr(0,.006,-.02,1,0,0,0,.301,.954,0,-.954,.301);es="Linear";ed="In";};["RightHand"]={cf=cfr(0,0,0,1,0,0,0,1,0,0,0,1);es="Linear";ed="In";};["LeftHand"]={cf=cfr(0,0,0,1,0,0,0,1,0,0,0,1);es="Linear";ed="In";};["RightFoot"]={cf=cfr(0,0,0,1,0,0,0,1,0,0,0,1);es="Linear";ed="In";};["RightLowerLeg"]={cf=cfr(0,.007,-.003,1,0,0,0,.943,.332,0,-.332,.943);es="Linear";ed="In";};["LeftLowerArm"]={cf=cfr(0,.002,.001,1,0,0,0,.93,-.369,0,.369,.93);es="Linear";ed="In";};["LowerTorso"]={cf=cfr(.056,-1.447,.188,.629,-.132,.766,.35,.928,-.127,-.694,.348,.63);es="Linear";ed="In";};["RightLowerArm"]={cf=cfr(0,.001,.001,1,0,0,0,.864,-.503,0,.503,.864);es="Linear";ed="In";};};{tm=.267;["RightUpperArm"]={cf=cfr(-.001,-.002,.001,.783,-.599,.166,.621,.751,-.224,.01,.279,.96);es="Linear";ed="In";};["LeftUpperArm"]={cf=cfr(.074,-.304,-.058,.78,.352,.517,-.468,.877,.11,-.415,-.328,.849);es="Linear";ed="In";};["Head"]={cf=cfr(0,-.001,0,.801,.307,-.513,-.126,.926,.357,.585,-.221,.78);es="Linear";ed="In";};["UpperTorso"]={cf=cfr(0,-.001,-.015,.968,-.153,-.2,.173,.982,.082,.184,-.114,.976);es="Linear";ed="In";};["RightUpperLeg"]={cf=cfr(.208,.018,-.113,.706,-.604,-.368,.003,.523,-.852,.708,.601,.371);es="Linear";ed="In";};["LeftUpperLeg"]={cf=cfr(.058,-.216,-.001,.993,-.111,-.038,-.082,-.425,-.902,.084,.899,-.431);es="Linear";ed="In";};["LeftFoot"]={cf=cfr(0,0,0,1,0,0,0,1,0,0,0,1);es="Linear";ed="In";};["LeftLowerLeg"]={cf=cfr(0,.006,-.02,1,0,0,0,.331,.944,0,-.944,.331);es="Linear";ed="In";};["RightHand"]={cf=cfr(0,0,0,1,0,0,0,1,0,0,0,1);es="Linear";ed="In";};["LeftHand"]={cf=cfr(0,0,0,1,0,0,0,1,0,0,0,1);es="Linear";ed="In";};["RightFoot"]={cf=cfr(0,0,0,1,0,0,0,1,0,0,0,1);es="Linear";ed="In";};["RightLowerLeg"]={cf=cfr(0,.007,-.003,1,0,0,0,.95,.313,0,-.313,.95);es="Linear";ed="In";};["LeftLowerArm"]={cf=cfr(0,.002,.001,1,0,0,0,.925,-.38,0,.38,.925);es="Linear";ed="In";};["LowerTorso"]={cf=cfr(.056,-1.451,.188,.629,-.132,.766,.35,.928,-.127,-.694,.348,.63);es="Linear";ed="In";};["RightLowerArm"]={cf=cfr(0,.001,.001,1,0,0,0,.859,-.512,0,.512,.859);es="Linear";ed="In";};};{tm=.283;["RightUpperArm"]={cf=cfr(-.001,-.002,.001,.783,-.6,.162,.622,.748,-.233,.019,.283,.959);es="Linear";ed="In";};["LeftUpperArm"]={cf=cfr(.078,-.312,-.062,.778,.354,.519,-.474,.873,.115,-.413,-.336,.847);es="Linear";ed="In";};["Head"]={cf=cfr(0,-.001,0,.801,.304,-.515,-.126,.928,.352,.585,-.217,.782);es="Linear";ed="In";};["UpperTorso"]={cf=cfr(0,-.001,-.015,.968,-.154,-.199,.174,.981,.086,.182,-.118,.976);es="Linear";ed="In";};["RightUpperLeg"]={cf=cfr(.208,.018,-.113,.706,-.601,-.375,.003,.532,-.847,.708,.597,.378);es="Linear";ed="In";};["LeftUpperLeg"]={cf=cfr(.061,-.21,-.002,.993,-.111,-.044,-.087,-.413,-.907,.083,.904,-.42);es="Linear";ed="In";};["LeftFoot"]={cf=cfr(0,0,0,1,0,0,0,1,0,0,0,1);es="Linear";ed="In";};["LeftLowerLeg"]={cf=cfr(0,.006,-.019,1,0,0,0,.361,.933,0,-.933,.361);es="Linear";ed="In";};["RightHand"]={cf=cfr(0,0,0,1,0,0,0,1,0,0,0,1);es="Linear";ed="In";};["LeftHand"]={cf=cfr(0,0,0,1,0,0,0,1,0,0,0,1);es="Linear";ed="In";};["RightFoot"]={cf=cfr(0,0,0,1,0,0,0,1,0,0,0,1);es="Linear";ed="In";};["RightLowerLeg"]={cf=cfr(0,.007,-.002,1,0,0,0,.955,.295,0,-.295,.955);es="Linear";ed="In";};["LeftLowerArm"]={cf=cfr(0,.002,.001,1,0,0,0,.92,-.391,0,.391,.92);es="Linear";ed="In";};["LowerTorso"]={cf=cfr(.056,-1.455,.188,.629,-.132,.766,.35,.928,-.127,-.694,.348,.63);es="Linear";ed="In";};["RightLowerArm"]={cf=cfr(0,.001,.001,1,0,0,0,.854,-.52,0,.52,.854);es="Linear";ed="In";};};{tm=.3;["RightUpperArm"]={cf=cfr(-.001,-.002,.001,.783,-.602,.158,.622,.745,-.241,.028,.287,.958);es="Linear";ed="In";};["LeftUpperArm"]={cf=cfr(.082,-.319,-.066,.775,.356,.522,-.48,.869,.119,-.411,-.343,.845);es="Linear";ed="In";};["Head"]={cf=cfr(0,-.001,0,.801,.302,-.517,-.126,.929,.347,.585,-.213,.783);es="Linear";ed="In";};["UpperTorso"]={cf=cfr(0,-.001,-.015,.968,-.155,-.199,.176,.98,.089,.181,-.121,.976);es="Linear";ed="In";};["RightUpperLeg"]={cf=cfr(.209,.018,-.113,.706,-.597,-.381,.004,.541,-.841,.708,.592,.384);es="Linear";ed="In";};["LeftUpperLeg"]={cf=cfr(.063,-.204,-.003,.993,-.111,-.05,-.091,-.402,-.911,.081,.909,-.409);es="Linear";ed="In";};["LeftFoot"]={cf=cfr(0,0,0,1,0,0,0,1,0,0,0,1);es="Linear";ed="In";};["LeftLowerLeg"]={cf=cfr(0,.006,-.018,1,0,0,0,.39,.921,0,-.921,.39);es="Linear";ed="In";};["RightHand"]={cf=cfr(0,0,0,1,0,0,0,1,0,0,0,1);es="Linear";ed="In";};["LeftHand"]={cf=cfr(0,0,0,1,0,0,0,1,0,0,0,1);es="Linear";ed="In";};["RightFoot"]={cf=cfr(0,0,0,1,0,0,0,1,0,0,0,1);es="Linear";ed="In";};["RightLowerLeg"]={cf=cfr(0,.007,-.002,1,0,0,0,.961,.277,0,-.277,.961);es="Linear";ed="In";};["LeftLowerArm"]={cf=cfr(0,.002,.001,1,0,0,0,.916,-.402,0,.402,.916);es="Linear";ed="In";};["LowerTorso"]={cf=cfr(.056,-1.459,.188,.629,-.132,.766,.35,.928,-.127,-.694,.348,.63);es="Linear";ed="In";};["RightLowerArm"]={cf=cfr(0,.001,.001,1,0,0,0,.85,-.528,0,.528,.85);es="Linear";ed="In";};};{tm=.317;["RightUpperArm"]={cf=cfr(-.001,-.001,.001,.782,-.604,.154,.622,.742,-.249,.036,.291,.956);es="Linear";ed="In";};["LeftUpperArm"]={cf=cfr(.085,-.327,-.069,.772,.359,.524,-.486,.865,.124,-.409,-.35,.843);es="Linear";ed="In";};["Head"]={cf=cfr(0,-.001,0,.801,.299,-.518,-.126,.931,.342,.585,-.209,.784);es="Linear";ed="In";};["UpperTorso"]={cf=cfr(0,-.001,-.015,.968,-.156,-.198,.177,.98,.092,.179,-.124,.976);es="Linear";ed="In";};["RightUpperLeg"]={cf=cfr(.209,.018,-.113,.706,-.594,-.387,.004,.55,-.835,.709,.588,.39);es="Linear";ed="In";};["LeftUpperLeg"]={cf=cfr(.066,-.198,-.004,.992,-.111,-.056,-.095,-.391,-.916,.08,.914,-.398);es="Linear";ed="In";};["LeftFoot"]={cf=cfr(0,0,0,1,0,0,0,1,0,0,0,1);es="Linear";ed="In";};["LeftLowerLeg"]={cf=cfr(0,.006,-.017,1,0,0,0,.417,.909,0,-.909,.417);es="Linear";ed="In";};["RightHand"]={cf=cfr(0,0,0,1,0,0,0,1,0,0,0,1);es="Linear";ed="In";};["LeftHand"]={cf=cfr(0,0,0,1,0,0,0,1,0,0,0,1);es="Linear";ed="In";};["RightFoot"]={cf=cfr(0,0,0,1,0,0,0,1,0,0,0,1);es="Linear";ed="In";};["RightLowerLeg"]={cf=cfr(0,.006,-.002,1,0,0,0,.966,.26,0,-.26,.966);es="Linear";ed="In";};["LeftLowerArm"]={cf=cfr(0,.002,.001,1,0,0,0,.911,-.412,0,.412,.911);es="Linear";ed="In";};["LowerTorso"]={cf=cfr(.056,-1.463,.188,.629,-.132,.766,.35,.928,-.127,-.694,.348,.63);es="Linear";ed="In";};["RightLowerArm"]={cf=cfr(0,.001,.001,1,0,0,0,.845,-.535,0,.535,.845);es="Linear";ed="In";};};{tm=.333;["RightUpperArm"]={cf=cfr(-.001,-.001,.001,.782,-.605,.15,.622,.74,-.257,.045,.294,.955);es="Linear";ed="In";};["LeftUpperArm"]={cf=cfr(.089,-.334,-.073,.77,.36,.527,-.491,.862,.128,-.408,-.357,.84);es="Linear";ed="In";};["Head"]={cf=cfr(0,-.001,0,.801,.296,-.52,-.126,.933,.337,.585,-.205,.785);es="Linear";ed="In";};["UpperTorso"]={cf=cfr(0,-.001,-.015,.968,-.157,-.197,.178,.979,.096,.178,-.128,.976);es="Linear";ed="In";};["RightUpperLeg"]={cf=cfr(.209,.017,-.114,.705,-.59,-.393,.004,.558,-.83,.709,.584,.396);es="Linear";ed="In";};["LeftUpperLeg"]={cf=cfr(.068,-.192,-.005,.992,-.111,-.061,-.099,-.38,-.92,.079,.918,-.388);es="Linear";ed="In";};["LeftFoot"]={cf=cfr(0,0,0,1,0,0,0,1,0,0,0,1);es="Linear";ed="In";};["LeftLowerLeg"]={cf=cfr(0,.006,-.015,1,0,0,0,.443,.897,0,-.897,.443);es="Linear";ed="In";};["RightHand"]={cf=cfr(0,0,0,1,0,0,0,1,0,0,0,1);es="Linear";ed="In";};["LeftHand"]={cf=cfr(0,0,0,1,0,0,0,1,0,0,0,1);es="Linear";ed="In";};["RightFoot"]={cf=cfr(0,0,0,1,0,0,0,1,0,0,0,1);es="Linear";ed="In";};["RightLowerLeg"]={cf=cfr(0,.006,-.002,1,0,0,0,.97,.243,0,-.243,.97);es="Linear";ed="In";};["LeftLowerArm"]={cf=cfr(0,.001,.001,1,0,0,0,.907,-.422,0,.422,.907);es="Linear";ed="In";};["LowerTorso"]={cf=cfr(.056,-1.466,.188,.629,-.132,.766,.35,.928,-.127,-.694,.348,.63);es="Linear";ed="In";};["RightLowerArm"]={cf=cfr(0,.001,0,1,0,0,0,.84,-.542,0,.542,.84);es="Linear";ed="In";};};{tm=.35;["RightUpperArm"]={cf=cfr(-.001,-.001,0,.781,-.607,.146,.622,.737,-.264,.052,.297,.953);es="Linear";ed="In";};["LeftUpperArm"]={cf=cfr(.092,-.341,-.076,.768,.362,.529,-.496,.858,.132,-.406,-.363,.839);es="Linear";ed="In";};["Head"]={cf=cfr(0,-.001,0,.801,.294,-.521,-.126,.934,.333,.585,-.201,.786);es="Linear";ed="In";};["UpperTorso"]={cf=cfr(0,-.001,-.015,.968,-.158,-.196,.18,.979,.099,.176,-.131,.976);es="Linear";ed="In";};["RightUpperLeg"]={cf=cfr(.209,.017,-.114,.705,-.587,-.398,.004,.565,-.825,.709,.58,.401);es="Linear";ed="In";};["LeftUpperLeg"]={cf=cfr(.07,-.187,-.006,.992,-.111,-.066,-.103,-.37,-.923,.078,.922,-.379);es="Linear";ed="In";};["LeftFoot"]={cf=cfr(0,0,0,1,0,0,0,1,0,0,0,1);es="Linear";ed="In";};["LeftLowerLeg"]={cf=cfr(0,.005,-.013,1,0,0,0,.467,.885,0,-.885,.467);es="Linear";ed="In";};["RightHand"]={cf=cfr(0,0,0,1,0,0,0,1,0,0,0,1);es="Linear";ed="In";};["LeftHand"]={cf=cfr(0,0,0,1,0,0,0,1,0,0,0,1);es="Linear";ed="In";};["RightFoot"]={cf=cfr(0,0,0,1,0,0,0,1,0,0,0,1);es="Linear";ed="In";};["RightLowerLeg"]={cf=cfr(0,.005,-.002,1,0,0,0,.974,.227,0,-.227,.974);es="Linear";ed="In";};["LeftLowerArm"]={cf=cfr(0,.001,.001,1,0,0,0,.902,-.431,0,.431,.902);es="Linear";ed="In";};["LowerTorso"]={cf=cfr(.056,-1.47,.188,.629,-.132,.766,.35,.928,-.127,-.694,.348,.63);es="Linear";ed="In";};["RightLowerArm"]={cf=cfr(0,.001,0,1,0,0,0,.836,-.549,0,.549,.836);es="Linear";ed="In";};};{tm=.367;["RightUpperArm"]={cf=cfr(0,-.001,0,.781,-.608,.143,.622,.735,-.271,.06,.3,.952);es="Linear";ed="In";};["LeftUpperArm"]={cf=cfr(.095,-.347,-.079,.765,.364,.531,-.501,.855,.136,-.404,-.369,.837);es="Linear";ed="In";};["Head"]={cf=cfr(0,-.001,0,.801,.291,-.522,-.126,.936,.329,.585,-.198,.787);es="Linear";ed="In";};["UpperTorso"]={cf=cfr(0,-.001,-.015,.968,-.159,-.196,.181,.978,.101,.175,-.134,.975);es="Linear";ed="In";};["RightUpperLeg"]={cf=cfr(.209,.017,-.114,.705,-.584,-.403,.005,.572,-.82,.709,.576,.406);es="Linear";ed="In";};["LeftUpperLeg"]={cf=cfr(.072,-.182,-.007,.991,-.11,-.07,-.106,-.361,-.926,.077,.926,-.37);es="Linear";ed="In";};["LeftFoot"]={cf=cfr(0,0,0,1,0,0,0,1,0,0,0,1);es="Linear";ed="In";};["LeftLowerLeg"]={cf=cfr(0,.004,-.011,1,0,0,0,.488,.873,0,-.873,.488);es="Linear";ed="In";};["RightHand"]={cf=cfr(0,0,0,1,0,0,0,1,0,0,0,1);es="Linear";ed="In";};["LeftHand"]={cf=cfr(0,0,0,1,0,0,0,1,0,0,0,1);es="Linear";ed="In";};["RightFoot"]={cf=cfr(0,0,0,1,0,0,0,1,0,0,0,1);es="Linear";ed="In";};["RightLowerLeg"]={cf=cfr(0,.004,-.001,1,0,0,0,.977,.213,0,-.213,.977);es="Linear";ed="In";};["LeftLowerArm"]={cf=cfr(0,.001,0,1,0,0,0,.898,-.44,0,.44,.898);es="Linear";ed="In";};["LowerTorso"]={cf=cfr(.056,-1.473,.188,.629,-.132,.766,.35,.928,-.127,-.694,.348,.63);es="Linear";ed="In";};["RightLowerArm"]={cf=cfr(0,.001,0,1,0,0,0,.832,-.555,0,.555,.832);es="Linear";ed="In";};};{tm=.383;["RightUpperArm"]={cf=cfr(0,-.001,0,.781,-.609,.14,.622,.733,-.277,.066,.303,.951);es="Linear";ed="In";};["LeftUpperArm"]={cf=cfr(.097,-.353,-.081,.763,.365,.532,-.505,.852,.139,-.403,-.375,.835);es="Linear";ed="In";};["Head"]={cf=cfr(0,-.001,0,.801,.289,-.524,-.126,.937,.325,.585,-.195,.787);es="Linear";ed="In";};["UpperTorso"]={cf=cfr(0,0,-.015,.968,-.159,-.195,.182,.978,.104,.174,-.136,.975);es="Linear";ed="In";};["RightUpperLeg"]={cf=cfr(.209,.017,-.114,.705,-.581,-.407,.005,.578,-.816,.709,.573,.41);es="Linear";ed="In";};["LeftUpperLeg"]={cf=cfr(.074,-.177,-.008,.991,-.11,-.075,-.109,-.353,-.929,.076,.929,-.362);es="Linear";ed="In";};["LeftFoot"]={cf=cfr(0,0,0,1,0,0,0,1,0,0,0,1);es="Linear";ed="In";};["LeftLowerLeg"]={cf=cfr(0,.004,-.009,1,0,0,0,.508,.861,0,-.861,.508);es="Linear";ed="In";};["RightHand"]={cf=cfr(0,0,0,1,0,0,0,1,0,0,0,1);es="Linear";ed="In";};["LeftHand"]={cf=cfr(0,0,0,1,0,0,0,1,0,0,0,1);es="Linear";ed="In";};["RightFoot"]={cf=cfr(0,0,0,1,0,0,0,1,0,0,0,1);es="Linear";ed="In";};["RightLowerLeg"]={cf=cfr(0,.003,-.001,1,0,0,0,.98,.199,0,-.199,.98);es="Linear";ed="In";};["LeftLowerArm"]={cf=cfr(0,.001,0,1,0,0,0,.894,-.447,0,.447,.894);es="Linear";ed="In";};["LowerTorso"]={cf=cfr(.056,-1.476,.188,.629,-.132,.766,.35,.928,-.127,-.694,.348,.63);es="Linear";ed="In";};["RightLowerArm"]={cf=cfr(0,0,0,1,0,0,0,.828,-.561,0,.561,.828);es="Linear";ed="In";};};{tm=.4;["RightUpperArm"]={cf=cfr(0,-.001,0,.78,-.61,.137,.621,.731,-.282,.072,.306,.949);es="Linear";ed="In";};["LeftUpperArm"]={cf=cfr(.1,-.358,-.084,.762,.367,.534,-.508,.849,.142,-.402,-.38,.833);es="Linear";ed="In";};["Head"]={cf=cfr(0,0,0,.801,.288,-.525,-.126,.938,.322,.585,-.192,.788);es="Linear";ed="In";};["UpperTorso"]={cf=cfr(0,0,-.015,.968,-.16,-.194,.183,.977,.106,.173,-.138,.975);es="Linear";ed="In";};["RightUpperLeg"]={cf=cfr(.209,.017,-.114,.705,-.578,-.411,.005,.584,-.812,.71,.57,.414);es="Linear";ed="In";};["LeftUpperLeg"]={cf=cfr(.075,-.173,-.009,.991,-.11,-.078,-.112,-.345,-.932,.075,.932,-.354);es="Linear";ed="In";};["LeftFoot"]={cf=cfr(0,0,0,1,0,0,0,1,0,0,0,1);es="Linear";ed="In";};["LeftLowerLeg"]={cf=cfr(0,.003,-.007,1,0,0,0,.525,.851,0,-.851,.525);es="Linear";ed="In";};["RightHand"]={cf=cfr(0,0,0,1,0,0,0,1,0,0,0,1);es="Linear";ed="In";};["LeftHand"]={cf=cfr(0,0,0,1,0,0,0,1,0,0,0,1);es="Linear";ed="In";};["RightFoot"]={cf=cfr(0,0,0,1,0,0,0,1,0,0,0,1);es="Linear";ed="In";};["RightLowerLeg"]={cf=cfr(0,.003,-.001,1,0,0,0,.982,.187,0,-.187,.982);es="Linear";ed="In";};["LeftLowerArm"]={cf=cfr(0,.001,0,1,0,0,0,.891,-.454,0,.454,.891);es="Linear";ed="In";};["LowerTorso"]={cf=cfr(.056,-1.478,.188,.629,-.132,.766,.35,.928,-.127,-.694,.348,.63);es="Linear";ed="In";};["RightLowerArm"]={cf=cfr(0,0,0,1,0,0,0,.825,-.566,0,.566,.825);es="Linear";ed="In";};};{tm=.417;["RightUpperArm"]={cf=cfr(0,0,0,.78,-.611,.135,.621,.729,-.287,.077,.308,.948);es="Linear";ed="In";};["LeftUpperArm"]={cf=cfr(.102,-.362,-.086,.76,.368,.536,-.512,.847,.144,-.4,-.384,.832);es="Linear";ed="In";};["Head"]={cf=cfr(0,0,0,.801,.286,-.526,-.126,.939,.319,.585,-.189,.789);es="Linear";ed="In";};["UpperTorso"]={cf=cfr(0,0,-.015,.968,-.161,-.194,.184,.977,.108,.172,-.14,.975);es="Linear";ed="In";};["RightUpperLeg"]={cf=cfr(.21,.017,-.114,.704,-.576,-.415,.005,.588,-.808,.71,.567,.418);es="Linear";ed="In";};["LeftUpperLeg"]={cf=cfr(.077,-.169,-.01,.991,-.11,-.082,-.114,-.339,-.934,.075,.935,-.348);es="Linear";ed="In";};["LeftFoot"]={cf=cfr(0,0,0,1,0,0,0,1,0,0,0,1);es="Linear";ed="In";};["LeftLowerLeg"]={cf=cfr(0,.002,-.005,1,0,0,0,.54,.842,0,-.842,.54);es="Linear";ed="In";};["RightHand"]={cf=cfr(0,0,0,1,0,0,0,1,0,0,0,1);es="Linear";ed="In";};["LeftHand"]={cf=cfr(0,0,0,1,0,0,0,1,0,0,0,1);es="Linear";ed="In";};["RightFoot"]={cf=cfr(0,0,0,1,0,0,0,1,0,0,0,1);es="Linear";ed="In";};["RightLowerLeg"]={cf=cfr(0,.002,-.001,1,0,0,0,.984,.177,0,-.177,.984);es="Linear";ed="In";};["LeftLowerArm"]={cf=cfr(0,0,0,1,0,0,0,.888,-.46,0,.46,.888);es="Linear";ed="In";};["LowerTorso"]={cf=cfr(.056,-1.481,.188,.629,-.132,.766,.35,.928,-.127,-.694,.348,.63);es="Linear";ed="In";};["RightLowerArm"]={cf=cfr(0,0,0,1,0,0,0,.822,-.57,0,.57,.822);es="Linear";ed="In";};};{tm=.433;["RightUpperArm"]={cf=cfr(0,0,0,.78,-.612,.133,.621,.728,-.291,.081,.309,.947);es="Linear";ed="In";};["LeftUpperArm"]={cf=cfr(.103,-.366,-.087,.759,.369,.537,-.514,.845,.146,-.399,-.387,.831);es="Linear";ed="In";};["Head"]={cf=cfr(0,0,0,.801,.285,-.526,-.126,.94,.317,.585,-.187,.789);es="Linear";ed="In";};["UpperTorso"]={cf=cfr(0,0,-.015,.968,-.161,-.194,.185,.977,.11,.171,-.142,.975);es="Linear";ed="In";};["RightUpperLeg"]={cf=cfr(.21,.017,-.115,.704,-.574,-.417,.005,.592,-.806,.71,.565,.42);es="Linear";ed="In";};["LeftUpperLeg"]={cf=cfr(.078,-.166,-.01,.99,-.109,-.084,-.116,-.333,-.936,.074,.937,-.343);es="Linear";ed="In";};["LeftFoot"]={cf=cfr(0,0,0,1,0,0,0,1,0,0,0,1);es="Linear";ed="In";};["LeftLowerLeg"]={cf=cfr(0,.001,-.003,1,0,0,0,.552,.834,0,-.834,.552);es="Linear";ed="In";};["RightHand"]={cf=cfr(0,0,0,1,0,0,0,1,0,0,0,1);es="Linear";ed="In";};["LeftHand"]={cf=cfr(0,0,0,1,0,0,0,1,0,0,0,1);es="Linear";ed="In";};["RightFoot"]={cf=cfr(0,0,0,1,0,0,0,1,0,0,0,1);es="Linear";ed="In";};["RightLowerLeg"]={cf=cfr(0,.001,0,1,0,0,0,.986,.168,0,-.168,.986);es="Linear";ed="In";};["LeftLowerArm"]={cf=cfr(0,0,0,1,0,0,0,.885,-.465,0,.465,.885);es="Linear";ed="In";};["LowerTorso"]={cf=cfr(.056,-1.482,.188,.629,-.132,.766,.35,.928,-.127,-.694,.348,.63);es="Linear";ed="In";};["RightLowerArm"]={cf=cfr(0,0,0,1,0,0,0,.819,-.574,0,.574,.819);es="Linear";ed="In";};};{tm=.45;["RightUpperArm"]={cf=cfr(0,0,0,.779,-.613,.132,.621,.727,-.294,.084,.311,.947);es="Linear";ed="In";};["LeftUpperArm"]={cf=cfr(.105,-.369,-.088,.758,.37,.538,-.516,.843,.148,-.399,-.39,.83);es="Linear";ed="In";};["Head"]={cf=cfr(0,0,0,.801,.284,-.527,-.126,.941,.315,.585,-.186,.79);es="Linear";ed="In";};["UpperTorso"]={cf=cfr(0,0,-.015,.968,-.162,-.193,.185,.976,.111,.171,-.143,.975);es="Linear";ed="In";};["RightUpperLeg"]={cf=cfr(.21,.017,-.115,.704,-.573,-.42,.006,.596,-.803,.71,.563,.423);es="Linear";ed="In";};["LeftUpperLeg"]={cf=cfr(.079,-.164,-.011,.99,-.109,-.086,-.118,-.329,-.937,.074,.938,-.338);es="Linear";ed="In";};["LeftFoot"]={cf=cfr(0,0,0,1,0,0,0,1,0,0,0,1);es="Linear";ed="In";};["LeftLowerLeg"]={cf=cfr(0,.001,-.002,1,0,0,0,.562,.827,0,-.827,.562);es="Linear";ed="In";};["RightHand"]={cf=cfr(0,0,0,1,0,0,0,1,0,0,0,1);es="Linear";ed="In";};["LeftHand"]={cf=cfr(0,0,0,1,0,0,0,1,0,0,0,1);es="Linear";ed="In";};["RightFoot"]={cf=cfr(0,0,0,1,0,0,0,1,0,0,0,1);es="Linear";ed="In";};["RightLowerLeg"]={cf=cfr(0,.001,0,1,0,0,0,.987,.161,0,-.161,.987);es="Linear";ed="In";};["LeftLowerArm"]={cf=cfr(0,0,0,1,0,0,0,.883,-.469,0,.469,.883);es="Linear";ed="In";};["LowerTorso"]={cf=cfr(.056,-1.484,.188,.629,-.132,.766,.35,.928,-.127,-.694,.348,.63);es="Linear";ed="In";};["RightLowerArm"]={cf=cfr(0,0,0,1,0,0,0,.817,-.576,0,.576,.817);es="Linear";ed="In";};};{tm=.467;["RightUpperArm"]={cf=cfr(0,0,0,.779,-.613,.131,.621,.726,-.296,.087,.312,.946);es="Linear";ed="In";};["LeftUpperArm"]={cf=cfr(.106,-.371,-.089,.757,.37,.538,-.518,.842,.149,-.398,-.392,.829);es="Linear";ed="In";};["Head"]={cf=cfr(0,0,0,.801,.283,-.527,-.126,.941,.313,.585,-.185,.79);es="Linear";ed="In";};["UpperTorso"]={cf=cfr(0,0,-.015,.968,-.162,-.193,.186,.976,.112,.17,-.144,.975);es="Linear";ed="In";};["RightUpperLeg"]={cf=cfr(.21,.016,-.115,.704,-.572,-.421,.006,.598,-.802,.71,.562,.424);es="Linear";ed="In";};["LeftUpperLeg"]={cf=cfr(.08,-.162,-.011,.99,-.109,-.088,-.119,-.326,-.938,.074,.939,-.335);es="Linear";ed="In";};["LeftFoot"]={cf=cfr(0,0,0,1,0,0,0,1,0,0,0,1);es="Linear";ed="In";};["LeftLowerLeg"]={cf=cfr(0,0,-.001,1,0,0,0,.568,.823,0,-.823,.568);es="Linear";ed="In";};["RightHand"]={cf=cfr(0,0,0,1,0,0,0,1,0,0,0,1);es="Linear";ed="In";};["LeftHand"]={cf=cfr(0,