local cfr = CFrame.new

return {{tm=0;["LeftUpperArm"]={cf=cfr(0,0,0,.985,-.174,0,.133,.754,.643,-.112,-.633,.766);es="Sine";ed="In";};["Head"]={cf=cfr(0,0,0,.998,-.012,-.066,.065,.437,.897,.018,-.899,.437);es="Linear";ed="In";};["RightUpperArm"]={cf=cfr(0,0,0,.985,.174,0,-.133,.754,.643,.112,-.633,.766);es="Sine";ed="In";};["LeftUpperLeg"]={cf=cfr(0,0,0,.878,.419,.229,.081,.342,-.936,-.471,.841,.266);es="Sine";ed="In";};["RightUpperLeg"]={cf=cfr(0,0,0,.859,-.472,-.197,-.037,.327,-.944,.51,.819,.264);es="Sine";ed="In";};["UpperTorso"]={cf=cfr(0,0,-.015,1,.012,-.018,-.009,.988,.157,.019,-.157,.987);es="Sine";ed="In";};["LeftLowerArm"]={cf=cfr(0,0,0,1,0,0,0,.94,-.342,0,.342,.94);es="Sine";ed="Out";};["LeftFoot"]={cf=cfr(0,0,0,1,0,0,0,1,0,0,0,1);es="Sine";ed="Out";};["LeftLowerLeg"]={cf=cfr(0,0,0,1,0,0,0,.94,.342,0,-.342,.94);es="Sine";ed="In";};["RightLowerArm"]={cf=cfr(0,0,0,1,0,0,0,.94,-.342,0,.342,.94);es="Sine";ed="Out";};["LowerTorso"]={cf=cfr(0,-2.187,2.311,1,0,0,0,.833,-.553,0,.553,.833);es="Sine";ed="Out";};["RightFoot"]={cf=cfr(0,0,0,1,0,0,0,1,0,0,0,1);es="Sine";ed="Out";};["RightLowerLeg"]={cf=cfr(0,0,0,1,0,0,0,.985,.174,0,-.174,.985);es="Sine";ed="In";};["LeftHand"]={cf=cfr(0,0,0,1,0,0,0,1,0,0,0,1);es="Sine";ed="Out";};["RightHand"]={cf=cfr(0,0,0,1,0,0,0,1,0,0,0,1);es="Sine";ed="Out";};};{tm=.017;["RightUpperArm"]={cf=cfr(0,0,0,.985,.174,0,-.133,.754,.643,.112,-.633,.766);es="Linear";ed="In";};["LeftUpperArm"]={cf=cfr(0,0,0,.985,-.174,0,.133,.754,.643,-.112,-.633,.766);es="Linear";ed="In";};["UpperTorso"]={cf=cfr(0,0,-.015,1,.012,-.018,-.009,.988,.157,.019,-.157,.987);es="Linear";ed="In";};["RightUpperLeg"]={cf=cfr(0,0,0,.859,-.472,-.197,-.037,.327,-.944,.51,.819,.264);es="Linear";ed="In";};["LeftUpperLeg"]={cf=cfr(0,0,0,.878,.419,.229,.081,.342,-.936,-.471,.841,.266);es="Linear";ed="In";};["LeftLowerArm"]={cf=cfr(0,0,0,1,0,0,0,.94,-.342,0,.342,.94);es="Linear";ed="In";};["LeftFoot"]={cf=cfr(0,0,0,1,0,0,0,1,0,0,0,1);es="Linear";ed="In";};["LeftLowerLeg"]={cf=cfr(0,0,0,1,0,0,0,.94,.342,0,-.342,.94);es="Linear";ed="In";};["RightLowerArm"]={cf=cfr(0,0,0,1,0,0,0,.94,-.342,0,.342,.94);es="Linear";ed="In";};["LowerTorso"]={cf=cfr(0,-2.187,2.311,1,0,0,0,.833,-.553,0,.553,.833);es="Linear";ed="In";};["RightFoot"]={cf=cfr(0,0,0,1,0,0,0,1,0,0,0,1);es="Linear";ed="In";};["RightLowerLeg"]={cf=cfr(0,0,0,1,0,0,0,.985,.174,0,-.174,.985);es="Linear";ed="In";};["LeftHand"]={cf=cfr(0,0,0,1,0,0,0,1,0,0,0,1);es="Linear";ed="In";};["RightHand"]={cf=cfr(0,0,0,1,0,0,0,1,0,0,0,1);es="Linear";ed="In";};};{tm=.033;["RightUpperArm"]={cf=cfr(0,0,0,.985,.174,0,-.133,.754,.643,.112,-.633,.766);es="Linear";ed="In";};["LeftUpperArm"]={cf=cfr(0,0,0,.985,-.174,0,.133,.754,.643,-.112,-.633,.766);es="Linear";ed="In";};["UpperTorso"]={cf=cfr(0,0,-.015,1,.012,-.018,-.009,.988,.157,.019,-.157,.987);es="Linear";ed="In";};["RightUpperLeg"]={cf=cfr(0,0,0,.859,-.472,-.197,-.037,.327,-.944,.51,.819,.263);es="Linear";ed="In";};["LeftUpperLeg"]={cf=cfr(0,0,0,.878,.419,.229,.081,.342,-.936,-.471,.841,.266);es="Linear";ed="In";};["LeftLowerArm"]={cf=cfr(0,0,0,1,0,0,0,.94,-.342,0,.342,.94);es="Linear";ed="In";};["LeftFoot"]={cf=cfr(0,0,0,1,0,0,0,1,0,0,0,1);es="Linear";ed="In";};["LeftLowerLeg"]={cf=cfr(0,0,0,1,0,0,0,.94,.342,0,-.342,.94);es="Linear";ed="In";};["RightLowerArm"]={cf=cfr(0,0,0,1,0,0,0,.94,-.342,0,.342,.94);es="Linear";ed="In";};["LowerTorso"]={cf=cfr(0,-2.187,2.311,1,0,0,0,.833,-.553,0,.553,.833);es="Linear";ed="In";};["RightFoot"]={cf=cfr(0,0,0,1,0,0,0,1,0,0,0,1);es="Linear";ed="In";};["RightLowerLeg"]={cf=cfr(0,0,0,1,0,0,0,.985,.174,0,-.174,.985);es="Linear";ed="In";};["LeftHand"]={cf=cfr(0,0,0,1,0,0,0,1,0,0,0,1);es="Linear";ed="In";};["RightHand"]={cf=cfr(0,0,0,1,0,0,0,1,0,0,0,1);es="Linear";ed="In";};};{tm=.05;["UpperTorso"]={cf=cfr(0,0,-.015,1,.012,-.018,-.009,.988,.157,.019,-.157,.987);es="Linear";ed="In";};["RightUpperLeg"]={cf=cfr(0,0,0,.859,-.472,-.197,-.037,.327,-.944,.51,.819,.263);es="Linear";ed="In";};["LeftUpperLeg"]={cf=cfr(0,0,0,.878,.419,.229,.081,.342,-.936,-.471,.841,.266);es="Linear";ed="In";};["LeftLowerArm"]={cf=cfr(0,0,0,1,0,0,0,.94,-.342,0,.342,.94);es="Linear";ed="In";};["LeftFoot"]={cf=cfr(0,0,0,1,0,0,0,1,0,0,0,1);es="Linear";ed="In";};["LeftLowerLeg"]={cf=cfr(0,0,0,1,0,0,0,.94,.342,0,-.342,.94);es="Linear";ed="In";};["RightLowerArm"]={cf=cfr(0,0,0,1,0,0,0,.94,-.342,0,.342,.94);es="Linear";ed="In";};["LowerTorso"]={cf=cfr(0,-2.187,2.311,1,0,0,0,.833,-.553,0,.553,.833);es="Linear";ed="In";};["RightFoot"]={cf=cfr(0,0,0,1,0,0,0,1,0,0,0,1);es="Linear";ed="In";};["RightLowerLeg"]={cf=cfr(0,0,0,1,0,0,0,.985,.174,0,-.174,.985);es="Linear";ed="In";};["LeftHand"]={cf=cfr(0,0,0,1,0,0,0,1,0,0,0,1);es="Linear";ed="In";};["RightHand"]={cf=cfr(0,0,0,1,0,0,0,1,0,0,0,1);es="Linear";ed="In";};["LeftUpperArm"]={cf=cfr(0,0,0,.985,-.174,0,.133,.755,.643,-.112,-.633,.766);es="Linear";ed="In";};["RightUpperArm"]={cf=cfr(0,0,0,.985,.174,0,-.133,.755,.643,.112,-.633,.766);es="Linear";ed="In";};["Head"]={cf=cfr(0,0,0,.998,-.012,-.066,.065,.431,.9,.017,-.902,.431);es="Linear";ed="In";};};{tm=.067;["RightUpperArm"]={cf=cfr(0,0,0,.985,.173,0,-.133,.755,.643,.111,-.633,.766);es="Linear";ed="In";};["LeftUpperArm"]={cf=cfr(0,0,0,.985,-.173,0,.133,.755,.643,-.111,-.633,.766);es="Linear";ed="In";};["UpperTorso"]={cf=cfr(0,0,-.015,1,.012,-.018,-.009,.988,.157,.019,-.157,.987);es="Linear";ed="In";};["RightUpperLeg"]={cf=cfr(0,0,0,.859,-.472,-.197,-.037,.327,-.944,.51,.819,.263);es="Linear";ed="In";};["LeftUpperLeg"]={cf=cfr(0,0,0,.878,.419,.229,.081,.342,-.936,-.471,.841,.266);es="Linear";ed="In";};["LeftLowerArm"]={cf=cfr(0,0,0,1,0,0,0,.94,-.342,0,.342,.94);es="Linear";ed="In";};["LeftFoot"]={cf=cfr(0,0,0,1,0,0,0,1,0,0,0,1);es="Linear";ed="In";};["LeftLowerLeg"]={cf=cfr(0,0,0,1,0,0,0,.94,.342,0,-.342,.94);es="Linear";ed="In";};["RightLowerArm"]={cf=cfr(0,0,0,1,0,0,0,.94,-.342,0,.342,.94);es="Linear";ed="In";};["LowerTorso"]={cf=cfr(0,-2.187,2.311,1,0,0,0,.833,-.553,0,.553,.833);es="Linear";ed="In";};["RightFoot"]={cf=cfr(0,0,0,1,0,0,0,1,0,0,0,1);es="Linear";ed="In";};["RightLowerLeg"]={cf=cfr(0,0,0,1,0,0,0,.985,.174,0,-.174,.985);es="Linear";ed="In";};["LeftHand"]={cf=cfr(0,0,0,1,0,0,0,1,0,0,0,1);es="Linear";ed="In";};["RightHand"]={cf=cfr(0,0,0,1,0,0,0,1,0,0,0,1);es="Linear";ed="In";};};{tm=.083;["RightUpperArm"]={cf=cfr(0,0,0,.985,.173,0,-.133,.755,.643,.111,-.633,.766);es="Linear";ed="In";};["LeftUpperArm"]={cf=cfr(0,0,0,.985,-.173,0,.133,.755,.643,-.111,-.633,.766);es="Linear";ed="In";};["UpperTorso"]={cf=cfr(0,0,-.015,1,.012,-.018,-.009,.987,.157,.019,-.157,.987);es="Linear";ed="In";};["RightUpperLeg"]={cf=cfr(0,0,0,.859,-.472,-.197,-.037,.326,-.944,.51,.819,.263);es="Linear";ed="In";};["LeftUpperLeg"]={cf=cfr(0,0,0,.878,.419,.229,.081,.342,-.936,-.471,.841,.266);es="Linear";ed="In";};["LeftLowerArm"]={cf=cfr(0,0,0,1,0,0,0,.94,-.342,0,.342,.94);es="Linear";ed="In";};["LeftFoot"]={cf=cfr(0,0,0,1,0,0,0,1,0,0,0,1);es="Linear";ed="In";};["LeftLowerLeg"]={cf=cfr(0,0,0,1,0,0,0,.94,.342,0,-.342,.94);es="Linear";ed="In";};["RightLowerArm"]={cf=cfr(0,0,0,1,0,0,0,.94,-.342,0,.342,.94);es="Linear";ed="In";};["LowerTorso"]={cf=cfr(0,-2.187,2.311,1,0,0,0,.833,-.553,0,.553,.833);es="Linear";ed="In";};["RightFoot"]={cf=cfr(0,0,0,1,0,0,0,1,0,0,0,1);es="Linear";ed="In";};["RightLowerLeg"]={cf=cfr(0,0,0,1,0,0,0,.985,.174,0,-.174,.985);es="Linear";ed="In";};["LeftHand"]={cf=cfr(0,0,0,1,0,0,0,1,0,0,0,1);es="Linear";ed="In";};["RightHand"]={cf=cfr(0,0,0,1,0,0,0,1,0,0,0,1);es="Linear";ed="In";};};{tm=.1;["RightUpperArm"]={cf=cfr(0,0,0,.985,.173,0,-.133,.755,.642,.111,-.633,.766);es="Linear";ed="In";};["LeftUpperArm"]={cf=cfr(0,0,0,.985,-.173,0,.133,.755,.642,-.111,-.633,.766);es="Linear";ed="In";};["UpperTorso"]={cf=cfr(0,0,-.015,1,.012,-.018,-.009,.987,.158,.019,-.158,.987);es="Linear";ed="In";};["RightUpperLeg"]={cf=cfr(0,0,0,.859,-.472,-.197,-.037,.326,-.945,.51,.819,.263);es="Linear";ed="In";};["LeftUpperLeg"]={cf=cfr(0,0,0,.878,.419,.229,.081,.342,-.936,-.471,.841,.266);es="Linear";ed="In";};["LeftLowerArm"]={cf=cfr(0,0,0,1,0,0,0,.94,-.342,0,.342,.94);es="Linear";ed="In";};["LeftFoot"]={cf=cfr(0,0,0,1,0,0,0,1,0,0,0,1);es="Linear";ed="In";};["LeftLowerLeg"]={cf=cfr(0,0,0,1,0,0,0,.94,.342,0,-.342,.94);es="Linear";ed="In";};["RightLowerArm"]={cf=cfr(0,0,0,1,0,0,0,.94,-.342,0,.342,.94);es="Linear";ed="In";};["LowerTorso"]={cf=cfr(0,-2.187,2.311,1,0,0,0,.833,-.553,0,.553,.833);es="Linear";ed="In";};["RightFoot"]={cf=cfr(0,0,0,1,0,0,0,1,0,0,0,1);es="Linear";ed="In";};["RightLowerLeg"]={cf=cfr(0,0,0,1,0,0,0,.985,.174,0,-.174,.985);es="Linear";ed="In";};["LeftHand"]={cf=cfr(0,0,0,1,0,0,0,1,0,0,0,1);es="Linear";ed="In";};["RightHand"]={cf=cfr(0,0,0,1,0,0,0,1,0,0,0,1);es="Linear";ed="In";};};{tm=.117;["RightUpperArm"]={cf=cfr(0,0,0,.985,.173,0,-.133,.755,.642,.111,-.633,.766);es="Linear";ed="In";};["LeftUpperArm"]={cf=cfr(0,0,0,.985,-.173,0,.133,.755,.642,-.111,-.633,.766);es="Linear";ed="In";};["UpperTorso"]={cf=cfr(0,0,-.015,1,.012,-.018,-.009,.987,.158,.019,-.158,.987);es="Linear";ed="In";};["RightUpperLeg"]={cf=cfr(0,0,0,.859,-.472,-.196,-.037,.326,-.945,.51,.819,.263);es="Linear";ed="In";};["LeftUpperLeg"]={cf=cfr(0,0,0,.878,.419,.229,.081,.341,-.936,-.471,.841,.266);es="Linear";ed="In";};["LeftLowerArm"]={cf=cfr(0,0,0,1,0,0,0,.94,-.342,0,.342,.94);es="Linear";ed="In";};["LeftFoot"]={cf=cfr(0,0,0,1,0,0,0,1,0,0,0,1);es="Linear";ed="In";};["LeftLowerLeg"]={cf=cfr(0,0,0,1,0,0,0,.939,.343,0,-.343,.939);es="Linear";ed="In";};["RightLowerArm"]={cf=cfr(0,0,0,1,0,0,0,.94,-.342,0,.342,.94);es="Linear";ed="In";};["LowerTorso"]={cf=cfr(0,-2.187,2.311,1,0,0,0,.833,-.553,0,.553,.833);es="Linear";ed="In";};["RightFoot"]={cf=cfr(0,0,0,1,0,0,0,1,0,0,0,1);es="Linear";ed="In";};["RightLowerLeg"]={cf=cfr(0,0,0,1,0,0,0,.985,.174,0,-.174,.985);es="Linear";ed="In";};["LeftHand"]={cf=cfr(0,0,0,1,0,0,0,1,0,0,0,1);es="Linear";ed="In";};["RightHand"]={cf=cfr(0,0,0,1,0,0,0,1,0,0,0,1);es="Linear";ed="In";};};{tm=.133;["RightUpperArm"]={cf=cfr(0,-.001,0,.985,.173,0,-.132,.755,.642,.111,-.632,.767);es="Linear";ed="In";};["LeftUpperArm"]={cf=cfr(0,-.001,0,.985,-.173,0,.132,.755,.642,-.111,-.632,.767);es="Linear";ed="In";};["UpperTorso"]={cf=cfr(0,0,-.015,1,.012,-.018,-.009,.987,.158,.019,-.158,.987);es="Linear";ed="In";};["RightUpperLeg"]={cf=cfr(0,0,0,.859,-.472,-.196,-.037,.326,-.945,.51,.819,.263);es="Linear";ed="In";};["LeftUpperLeg"]={cf=cfr(0,0,0,.878,.419,.229,.081,.341,-.936,-.471,.841,.266);es="Linear";ed="In";};["LeftLowerArm"]={cf=cfr(0,0,0,1,0,0,0,.94,-.342,0,.342,.94);es="Linear";ed="In";};["LeftFoot"]={cf=cfr(0,0,0,1,0,0,0,1,0,0,0,1);es="Linear";ed="In";};["LeftLowerLeg"]={cf=cfr(0,0,0,1,0,0,0,.939,.343,0,-.343,.939);es="Linear";ed="In";};["RightLowerArm"]={cf=cfr(0,0,0,1,0,0,0,.94,-.342,0,.342,.94);es="Linear";ed="In";};["LowerTorso"]={cf=cfr(0,-2.187,2.311,1,0,0,0,.833,-.553,0,.553,.833);es="Linear";ed="In";};["RightFoot"]={cf=cfr(0,0,0,1,0,0,0,1,0,0,0,1);es="Linear";ed="In";};["RightLowerLeg"]={cf=cfr(0,0,0,1,0,0,0,.985,.174,0,-.174,.985);es="Linear";ed="In";};["LeftHand"]={cf=cfr(0,0,0,1,0,0,0,1,0,0,0,1);es="Linear";ed="In";};["RightHand"]={cf=cfr(0,0,0,1,0,0,0,1,0,0,0,1);es="Linear";ed="In";};};{tm=.15;["RightUpperArm"]={cf=cfr(0,-.001,0,.985,.173,0,-.132,.755,.642,.111,-.632,.767);es="Linear";ed="In";};["LeftUpperArm"]={cf=cfr(0,-.001,0,.985,-.173,0,.132,.755,.642,-.111,-.632,.767);es="Linear";ed="In";};["UpperTorso"]={cf=cfr(0,0,-.015,1,.012,-.018,-.009,.987,.159,.019,-.159,.987);es="Linear";ed="In";};["RightUpperLeg"]={cf=cfr(0,0,0,.859,-.472,-.196,-.037,.326,-.945,.51,.819,.263);es="Linear";ed="In";};["LeftUpperLeg"]={cf=cfr(0,0,0,.878,.419,.229,.081,.341,-.937,-.471,.841,.266);es="Linear";ed="In";};["LeftLowerArm"]={cf=cfr(0,0,0,1,0,0,0,.94,-.342,0,.342,.94);es="Linear";ed="In";};["LeftFoot"]={cf=cfr(0,0,0,1,0,0,0,1,0,0,0,1);es="Linear";ed="In";};["LeftLowerLeg"]={cf=cfr(0,0,0,1,0,0,0,.939,.343,0,-.343,.939);es="Linear";ed="In";};["RightLowerArm"]={cf=cfr(0,0,0,1,0,0,0,.94,-.342,0,.342,.94);es="Linear";ed="In";};["LowerTorso"]={cf=cfr(0,-2.187,2.311,1,0,0,0,.833,-.553,0,.553,.833);es="Linear";ed="In";};["RightFoot"]={cf=cfr(0,0,0,1,0,0,0,1,0,0,0,1);es="Linear";ed="In";};["RightLowerLeg"]={cf=cfr(0,0,0,1,0,0,0,.985,.175,0,-.175,.985);es="Linear";ed="In";};["LeftHand"]={cf=cfr(0,0,0,1,0,0,0,1,0,0,0,1);es="Linear";ed="In";};["RightHand"]={cf=cfr(0,0,0,1,0,0,0,1,0,0,0,1);es="Linear";ed="In";};};{tm=.167;["RightUpperArm"]={cf=cfr(0,-.001,0,.985,.172,0,-.132,.755,.642,.111,-.632,.767);es="Linear";ed="In";};["LeftUpperArm"]={cf=cfr(0,-.001,0,.985,-.172,0,.132,.755,.642,-.111,-.632,.767);es="Linear";ed="In";};["UpperTorso"]={cf=cfr(0,0,-.015,1,.012,-.018,-.009,.987,.159,.019,-.159,.987);es="Linear";ed="In";};["RightUpperLeg"]={cf=cfr(0,0,0,.859,-.472,-.196,-.037,.326,-.945,.51,.819,.262);es="Linear";ed="In";};["LeftUpperLeg"]={cf=cfr(0,0,0,.878,.419,.229,.081,.341,-.937,-.471,.841,.265);es="Linear";ed="In";};["LeftLowerArm"]={cf=cfr(0,0,0,1,0,0,0,.94,-.342,0,.342,.94);es="Linear";ed="In";};["LeftFoot"]={cf=cfr(0,0,0,1,0,0,0,1,0,0,0,1);es="Linear";ed="In";};["LeftLowerLeg"]={cf=cfr(0,0,0,1,0,0,0,.939,.343,0,-.343,.939);es="Linear";ed="In";};["RightLowerArm"]={cf=cfr(0,0,0,1,0,0,0,.94,-.342,0,.342,.94);es="Linear";ed="In";};["LowerTorso"]={cf=cfr(0,-2.187,2.311,1,0,0,0,.833,-.553,0,.553,.833);es="Linear";ed="In";};["RightFoot"]={cf=cfr(0,0,0,1,0,0,0,1,0,0,0,1);es="Linear";ed="In";};["RightLowerLeg"]={cf=cfr(0,0,0,1,0,0,0,.985,.175,0,-.175,.985);es="Linear";ed="In";};["LeftHand"]={cf=cfr(0,0,0,1,0,0,0,1,0,0,0,1);es="Linear";ed="In";};["RightHand"]={cf=cfr(0,0,0,1,0,0,0,1,0,0,0,1);es="Linear";ed="In";};};{tm=.183;["RightUpperArm"]={cf=cfr(0,-.001,0,.985,.172,0,-.132,.756,.642,.111,-.632,.767);es="Linear";ed="In";};["LeftUpperArm"]={cf=cfr(0,-.001,0,.985,-.172,0,.132,.756,.642,-.111,-.632,.767);es="Linear";ed="In";};["UpperTorso"]={cf=cfr(0,0,-.015,1,.012,-.018,-.009,.987,.16,.019,-.16,.987);es="Linear";ed="In";};["RightUpperLeg"]={cf=cfr(0,0,0,.859,-.472,-.196,-.037,.325,-.945,.51,.819,.262);es="Linear";ed="In";};["LeftUpperLeg"]={cf=cfr(0,0,0,.878,.42,.229,.081,.341,-.937,-.471,.841,.265);es="Linear";ed="In";};["LeftLowerArm"]={cf=cfr(0,0,0,1,0,0,0,.94,-.342,0,.342,.94);es="Linear";ed="In";};["LeftFoot"]={cf=cfr(0,0,0,1,0,0,0,1,0,0,0,1);es="Linear";ed="In";};["LeftLowerLeg"]={cf=cfr(0,0,0,1,0,0,0,.939,.344,0,-.344,.939);es="Linear";ed="In";};["RightLowerArm"]={cf=cfr(0,0,0,1,0,0,0,.94,-.342,0,.342,.94);es="Linear";ed="In";};["LowerTorso"]={cf=cfr(0,-2.187,2.311,1,0,0,0,.833,-.553,0,.553,.833);es="Linear";ed="In";};["RightFoot"]={cf=cfr(0,0,0,1,0,0,0,1,0,0,0,1);es="Linear";ed="In";};["RightLowerLeg"]={cf=cfr(0,0,0,1,0,0,0,.985,.175,0,-.175,.985);es="Linear";ed="In";};["LeftHand"]={cf=cfr(0,0,0,1,0,0,0,1,0,0,0,1);es="Linear";ed="In";};["RightHand"]={cf=cfr(0,0,0,1,0,0,0,1,0,0,0,1);es="Linear";ed="In";};};{tm=.2;["UpperTorso"]={cf=cfr(0,0,-.015,1,.012,-.018,-.009,.987,.161,.019,-.16,.987);es="Linear";ed="In";};["RightUpperLeg"]={cf=cfr(0,0,0,.859,-.472,-.196,-.037,.325,-.945,.51,.819,.262);es="Linear";ed="In";};["LeftUpperLeg"]={cf=cfr(0,0,0,.878,.42,.228,.081,.34,-.937,-.471,.842,.265);es="Linear";ed="In";};["LeftLowerArm"]={cf=cfr(0,0,0,1,0,0,0,.94,-.342,0,.342,.94);es="Linear";ed="In";};["LeftFoot"]={cf=cfr(0,0,0,1,0,0,0,1,0,0,0,1);es="Linear";ed="In";};["LeftLowerLeg"]={cf=cfr(0,0,0,1,0,0,0,.939,.344,0,-.344,.939);es="Linear";ed="In";};["RightLowerArm"]={cf=cfr(0,0,0,1,0,0,0,.94,-.342,0,.342,.94);es="Linear";ed="In";};["LowerTorso"]={cf=cfr(0,-2.187,2.311,1,0,0,0,.833,-.553,0,.553,.833);es="Linear";ed="In";};["RightFoot"]={cf=cfr(0,0,0,1,0,0,0,1,0,0,0,1);es="Linear";ed="In";};["RightLowerLeg"]={cf=cfr(0,0,0,1,0,0,0,.984,.176,0,-.176,.984);es="Linear";ed="In";};["LeftHand"]={cf=cfr(0,0,0,1,0,0,0,1,0,0,0,1);es="Linear";ed="In";};["RightHand"]={cf=cfr(0,0,0,1,0,0,0,1,0,0,0,1);es="Linear";ed="In";};["LeftUpperArm"]={cf=cfr(0,-.001,.001,.985,-.172,0,.132,.756,.641,-.11,-.632,.767);es="Linear";ed="In";};["RightUpperArm"]={cf=cfr(0,-.001,.001,.985,.172,0,-.132,.756,.641,.11,-.632,.767);es="Linear";ed="In";};["Head"]={cf=cfr(0,-.001,.001,.998,-.014,-.066,.065,.46,.885,.018,-.888,.46);es="Linear";ed="Out";};};{tm=.217;["RightUpperArm"]={cf=cfr(0,-.002,.001,.985,.171,0,-.131,.756,.641,.11,-.632,.767);es="Linear";ed="In";};["LeftUpperArm"]={cf=cfr(0,-.002,.001,.985,-.171,0,.131,.756,.641,-.11,-.632,.767);es="Linear";ed="In";};["UpperTorso"]={cf=cfr(0,0,-.015,1,.012,-.018,-.009,.987,.161,.019,-.161,.987);es="Linear";ed="In";};["RightUpperLeg"]={cf=cfr(0,0,0,.859,-.472,-.196,-.037,.325,-.945,.51,.819,.262);es="Linear";ed="In";};["LeftUpperLeg"]={cf=cfr(0,0,0,.878,.42,.228,.081,.34,-.937,-.471,.842,.265);es="Linear";ed="In";};["LeftLowerArm"]={cf=cfr(0,0,0,1,0,0,0,.94,-.342,0,.342,.94);es="Linear";ed="In";};["LeftFoot"]={cf=cfr(0,0,0,1,0,0,0,1,0,0,0,1);es="Linear";ed="In";};["LeftLowerLeg"]={cf=cfr(0,0,0,1,0,0,0,.939,.344,0,-.344,.939);es="Linear";ed="In";};["RightLowerArm"]={cf=cfr(0,0,0,1,0,0,0,.94,-.342,0,.342,.94);es="Linear";ed="In";};["LowerTorso"]={cf=cfr(0,-2.187,2.311,1,0,0,0,.833,-.553,0,.553,.833);es="Linear";ed="In";};["RightFoot"]={cf=cfr(0,0,0,1,0,0,0,1,0,0,0,1);es="Linear";ed="In";};["RightLowerLeg"]={cf=cfr(0,0,0,1,0,0,0,.984,.176,0,-.176,.984);es="Linear";ed="In";};["LeftHand"]={cf=cfr(0,0,0,1,0,0,0,1,0,0,0,1);es="Linear";ed="In";};["RightHand"]={cf=cfr(0,0,0,1,0,0,0,1,0,0,0,1);es="Linear";ed="In";};};{tm=.233;["RightUpperArm"]={cf=cfr(0,-.002,.001,.985,.171,0,-.131,.756,.641,.11,-.631,.768);es="Linear";ed="In";};["LeftUpperArm"]={cf=cfr(0,-.002,.001,.985,-.171,0,.131,.756,.641,-.11,-.631,.768);es="Linear";ed="In";};["UpperTorso"]={cf=cfr(0,0,-.015,1,.012,-.018,-.009,.987,.162,.019,-.162,.987);es="Linear";ed="In";};["RightUpperLeg"]={cf=cfr(0,0,0,.859,-.472,-.196,-.037,.324,-.945,.51,.82,.261);es="Linear";ed="In";};["LeftUpperLeg"]={cf=cfr(0,0,0,.878,.42,.228,.081,.34,-.937,-.471,.842,.264);es="Linear";ed="In";};["LeftLowerArm"]={cf=cfr(0,0,0,1,0,0,0,.94,-.342,0,.342,.94);es="Linear";ed="In";};["LeftFoot"]={cf=cfr(0,0,0,1,0,0,0,1,0,0,0,1);es="Linear";ed="In";};["LeftLowerLeg"]={cf=cfr(0,0,0,1,0,0,0,.939,.344,0,-.344,.939);es="Linear";ed="In";};["RightLowerArm"]={cf=cfr(0,0,0,1,0,0,0,.94,-.342,0,.342,.94);es="Linear";ed="In";};["LowerTorso"]={cf=cfr(0,-2.187,2.311,1,0,0,0,.833,-.553,0,.553,.833);es="Linear";ed="In";};["RightFoot"]={cf=cfr(0,0,0,1,0,0,0,1,0,0,0,1);es="Linear";ed="In";};["RightLowerLeg"]={cf=cfr(0,0,0,1,0,0,0,.984,.176,0,-.176,.984);es="Linear";ed="In";};["LeftHand"]={cf=cfr(0,0,0,1,0,0,0,1,0,0,0,1);es="Linear";ed="In";};["RightHand"]={cf=cfr(0,0,0,1,0,0,0,1,0,0,0,1);es="Linear";ed="In";};};{tm=.25;["RightUpperArm"]={cf=cfr(0,-.002,.001,.985,.171,-.001,-.131,.757,.641,.11,-.631,.768);es="Linear";ed="In";};["LeftUpperArm"]={cf=cfr(0,-.002,.001,.985,-.171,.001,.131,.757,.641,-.11,-.631,.768);es="Linear";ed="In";};["UpperTorso"]={cf=cfr(0,0,-.015,1,.012,-.018,-.009,.987,.163,.019,-.162,.987);es="Linear";ed="In";};["RightUpperLeg"]={cf=cfr(0,0,0,.859,-.472,-.195,-.037,.324,-.945,.51,.82,.261);es="Linear";ed="In";};["LeftUpperLeg"]={cf=cfr(0,0,0,.878,.42,.228,.081,.339,-.937,-.471,.842,.264);es="Linear";ed="In";};["LeftLowerArm"]={cf=cfr(0,0,0,1,0,0,0,.94,-.342,0,.342,.94);es="Linear";ed="In";};["LeftFoot"]={cf=cfr(0,0,0,1,0,0,0,1,0,0,0,1);es="Linear";ed="In";};["LeftLowerLeg"]={cf=cfr(0,0,0,1,0,0,0,.939,.345,0,-.345,.939);es="Linear";ed="In";};["RightLowerArm"]={cf=cfr(0,0,0,1,0,0,0,.94,-.342,0,.342,.94);es="Linear";ed="In";};["LowerTorso"]={cf=cfr(0,-2.187,2.311,1,0,0,0,.833,-.553,0,.553,.833);es="Linear";ed="In";};["RightFoot"]={cf=cfr(0,0,0,1,0,0,0,1,0,0,0,1);es="Linear";ed="In";};["RightLowerLeg"]={cf=cfr(0,0,0,1,0,0,0,.984,.177,0,-.177,.984);es="Linear";ed="In";};["LeftHand"]={cf=cfr(0,0,0,1,0,0,0,1,0,0,0,1);es="Linear";ed="In";};["RightHand"]={cf=cfr(0,0,0,1,0,0,0,1,0,0,0,1);es="Linear";ed="In";};};{tm=.267;["RightUpperArm"]={cf=cfr(0,-.002,.001,.985,.17,-.001,-.13,.757,.64,.11,-.631,.768);es="Linear";ed="In";};["LeftUpperArm"]={cf=cfr(0,-.002,.001,.985,-.17,.001,.13,.757,.64,-.11,-.631,.768);es="Linear";ed="In";};["UpperTorso"]={cf=cfr(0,0,-.015,1,.012,-.018,-.009,.987,.163,.019,-.163,.986);es="Linear";ed="In";};["RightUpperLeg"]={cf=cfr(0,0,0,.859,-.473,-.195,-.037,.324,-.945,.51,.82,.261);es="Linear";ed="In";};["LeftUpperLeg"]={cf=cfr(0,0,0,.878,.42,.228,.081,.339,-.937,-.471,.842,.264);es="Linear";ed="In";};["LeftLowerArm"]={cf=cfr(0,0,0,1,0,0,0,.94,-.342,0,.342,.94);es="Linear";ed="In";};["LeftFoot"]={cf=cfr(0,0,0,1,0,0,0,1,0,0,0,1);es="Linear";ed="In";};["LeftLowerLeg"]={cf=cfr(0,0,0,1,0,0,0,.939,.345,0,-.345,.939);es="Linear";ed="In";};["RightLowerArm"]={cf=cfr(0,0,0,1,0,0,0,.94,-.342,0,.342,.94);es="Linear";ed="In";};["LowerTorso"]={cf=cfr(0,-2.187,2.311,1,0,0,0,.833,-.553,0,.553,.833);es="Linear";ed="In";};["RightFoot"]={cf=cfr(0,0,0,1,0,0,0,1,0,0,0,1);es="Linear";ed="In";};["RightLowerLeg"]={cf=cfr(0,0,0,1,0,0,0,.984,.177,0,-.177,.984);es="Linear";ed="In";};["LeftHand"]={cf=cfr(0,0,0,1,0,0,0,1,0,0,0,1);es="Linear";ed="In";};["RightHand"]={cf=cfr(0,0,0,1,0,0,0,1,0,0,0,1);es="Linear";ed="In";};};{tm=.283;["RightUpperArm"]={cf=cfr(0,-.003,.001,.985,.17,-.001,-.13,.757,.64,.109,-.631,.768);es="Linear";ed="In";};["LeftUpperArm"]={cf=cfr(0,-.003,.001,.985,-.17,.001,.13,.757,.64,-.109,-.631,.768);es="Linear";ed="In";};["UpperTorso"]={cf=cfr(0,0,-.015,1,.012,-.018,-.009,.986,.164,.019,-.164,.986);es="Linear";ed="In";};["RightUpperLeg"]={cf=cfr(0,0,0,.859,-.473,-.195,-.037,.323,-.946,.51,.82,.26);es="Linear";ed="In";};["LeftUpperLeg"]={cf=cfr(0,0,0,.878,.42,.228,.081,.339,-.937,-.471,.842,.263);es="Linear";ed="In";};["LeftLowerArm"]={cf=cfr(0,0,0,1,0,0,0,.94,-.342,0,.342,.94);es="Linear";ed="In";};["LeftFoot"]={cf=cfr(0,0,0,1,0,0,0,1,0,0,0,1);es="Linear";ed="In";};["LeftLowerLeg"]={cf=cfr(0,0,0,1,0,0,0,.938,.346,0,-.346,.938);es="Linear";ed="In";};["RightLowerArm"]={cf=cfr(0,0,0,1,0,0,0,.94,-.342,0,.342,.94);es="Linear";ed="In";};["LowerTorso"]={cf=cfr(0,-2.187,2.311,1,0,0,0,.833,-.553,0,.553,.833);es="Linear";ed="In";};["RightFoot"]={cf=cfr(0,0,0,1,0,0,0,1,0,0,0,1);es="Linear";ed="In";};["RightLowerLeg"]={cf=cfr(0,0,0,1,0,0,0,.984,.177,0,-.177,.984);es="Linear";ed="In";};["LeftHand"]={cf=cfr(0,0,0,1,0,0,0,1,0,0,0,1);es="Linear";ed="In";};["RightHand"]={cf=cfr(0,0,0,1,0,0,0,1,0,0,0,1);es="Linear";ed="In";};};{tm=.3;["RightUpperArm"]={cf=cfr(0,-.003,.001,.986,.17,-.001,-.13,.758,.64,.109,-.63,.769);es="Linear";ed="In";};["LeftUpperArm"]={cf=cfr(0,-.003,.001,.986,-.17,.001,.13,.758,.64,-.109,-.63,.769);es="Linear";ed="In";};["UpperTorso"]={cf=cfr(0,0,-.015,1,.012,-.018,-.009,.986,.165,.019,-.165,.986);es="Linear";ed="In";};["RightUpperLeg"]={cf=cfr(0,0,0,.859,-.473,-.195,-.037,.323,-.946,.51,.82,.26);es="Linear";ed="In";};["LeftUpperLeg"]={cf=cfr(0,0,0,.878,.42,.227,.081,.338,-.938,-.471,.842,.263);es="Linear";ed="In";};["LeftLowerArm"]={cf=cfr(0,0,0,1,0,0,0,.94,-.342,0,.342,.94);es="Linear";ed="In";};["LeftFoot"]={cf=cfr(0,0,0,1,0,0,0,1,0,0,0,1);es="Linear";ed="In";};["LeftLowerLeg"]={cf=cfr(0,0,0,1,0,0,0,.938,.346,0,-.346,.938);es="Linear";ed="In";};["RightLowerArm"]={cf=cfr(0,0,0,1,0,0,0,.94,-.342,0,.342,.94);es="Linear";ed="In";};["LowerTorso"]={cf=cfr(0,-2.187,2.311,1,0,0,0,.833,-.553,0,.553,.833);es="Linear";ed="In";};["RightFoot"]={cf=cfr(0,0,0,1,0,0,0,1,0,0,0,1);es="Linear";ed="In";};["RightLowerLeg"]={cf=cfr(0,0,0,1,0,0,0,.984,.178,0,-.178,.984);es="Linear";ed="In";};["LeftHand"]={cf=cfr(0,0,0,1,0,0,0,1,0,0,0,1);es="Linear";ed="In";};["RightHand"]={cf=cfr(0,0,0,1,0,0,0,1,0,0,0,1);es="Linear";ed="In";};};{tm=.317;["RightUpperArm"]={cf=cfr(0,-.003,.001,.986,.169,-.001,-.129,.758,.639,.109,-.63,.769);es="Linear";ed="In";};["LeftUpperArm"]={cf=cfr(0,-.003,.001,.986,-.169,.001,.129,.758,.639,-.109,-.63,.769);es="Linear";ed="In";};["UpperTorso"]={cf=cfr(0,0,-.015,1,.012,-.018,-.009,.986,.166,.019,-.166,.986);es="Linear";ed="In";};["RightUpperLeg"]={cf=cfr(0,0,0,.859,-.473,-.195,-.037,.322,-.946,.51,.82,.26);es="Linear";ed="In";};["LeftUpperLeg"]={cf=cfr(0,0,0,.878,.42,.227,.081,.338,-.938,-.471,.842,.263);es="Linear";ed="In";};["LeftLowerArm"]={cf=cfr(0,0,0,1,0,0,0,.94,-.342,0,.342,.94);es="Linear";ed="In";};["LeftFoot"]={cf=cfr(0,0,0,1,0,0,0,1,0,0,0,1);es="Linear";ed="In";};["LeftLowerLeg"]={cf=cfr(0,0,0,1,0,0,0,.938,.346,0,-.346,.938);es="Linear";ed="In";};["RightLowerArm"]={cf=cfr(0,0,0,1,0,0,0,.94,-.342,0,.342,.94);es="Linear";ed="In";};["LowerTorso"]={cf=cfr(0,-2.187,2.311,1,0,0,0,.833,-.553,0,.553,.833);es="Linear";ed="In";};["RightFoot"]={cf=cfr(0,0,0,1,0,0,0,1,0,0,0,1);es="Linear";ed="In";};["RightLowerLeg"]={cf=cfr(0,0,0,1,0,0,0,.984,.178,0,-.178,.984);es="Linear";ed="In";};["LeftHand"]={cf=cfr(0,0,0,1,0,0,0,1,0,0,0,1);es="Linear";ed="In";};["RightHand"]={cf=cfr(0,0,0,1,0,0,0,1,0,0,0,1);es="Linear";ed="In";};};{tm=.333;["RightUpperArm"]={cf=cfr(0,-.004,.002,.986,.169,-.001,-.129,.758,.639,.108,-.63,.769);es="Linear";ed="In";};["LeftUpperArm"]={cf=cfr(0,-.004,.002,.986,-.169,.001,.129,.758,.639,-.108,-.63,.769);es="Linear";ed="In";};["UpperTorso"]={cf=cfr(0,0,-.015,1,.012,-.018,-.009,.986,.167,.019,-.167,.986);es="Linear";ed="In";};["RightUpperLeg"]={cf=cfr(0,0,0,.859,-.473,-.194,-.037,.322,-.946,.51,.82,.259);es="Linear";ed="In";};["LeftUpperLeg"]={cf=cfr(0,0,0,.878,.42,.227,.081,.337,-.938,-.471,.842,.262);es="Linear";ed="In";};["LeftLowerArm"]={cf=cfr(0,0,0,1,0,0,0,.94,-.342,0,.342,.94);es="Linear";ed="In";};["LeftFoot"]={cf=cfr(0,0,0,1,0,0,0,1,0,0,0,1);es="Linear";ed="In";};["LeftLowerLeg"]={cf=cfr(0,0,0,1,0,0,0,.938,.347,0,-.347,.938);es="Linear";ed="In";};["RightLowerArm"]={cf=cfr(0,0,0,1,0,0,0,.94,-.342,0,.342,.94);es="Linear";ed="In";};["LowerTorso"]={cf=cfr(0,-2.187,2.311,1,0,0,0,.833,-.553,0,.553,.833);es="Linear";ed="In";};["RightFoot"]={cf=cfr(0,0,0,1,0,0,0,1,0,0,0,1);es="Linear";ed="In";};["RightLowerLeg"]={cf=cfr(0,0,0,1,0,0,0,.984,.179,0,-.179,.984);es="Linear";ed="In";};["LeftHand"]={cf=cfr(0,0,0,1,0,0,0,1,0,0,0,1);es="Linear";ed="In";};["RightHand"]={cf=cfr(0,0,0,1,0,0,0,1,0,0,0,1);es="Linear";ed="In";};};{tm=.35;["RightUpperArm"]={cf=cfr(0,-.004,.002,.986,.168,-.001,-.129,.759,.639,.108,-.629,.77);es="Linear";ed="In";};["LeftUpperArm"]={cf=cfr(0,-.004,.002,.986,-.168,.001,.129,.759,.639,-.108,-.629,.77);es="Linear";ed="In";};["UpperTorso"]={cf=cfr(0,0,-.015,1,.012,-.018,-.009,.986,.168,.019,-.168,.986);es="Linear";ed="In";};["RightUpperLeg"]={cf=cfr(0,0,0,.859,-.473,-.194,-.037,.322,-.946,.51,.82,.259);es="Linear";ed="In";};["LeftUpperLeg"]={cf=cfr(0,0,0,.878,.42,.227,.081,.337,-.938,-.471,.842,.262);es="Linear";ed="In";};["LeftLowerArm"]={cf=cfr(0,0,0,1,0,0,0,.94,-.342,0,.342,.94);es="Linear";ed="In";};["LeftFoot"]={cf=cfr(0,0,0,1,0,0,0,1,0,0,0,1);es="Linear";ed="In";};["LeftLowerLeg"]={cf=cfr(0,0,0,1,0,0,0,.938,.347,0,-.347,.938);es="Linear";ed="In";};["RightLowerArm"]={cf=cfr(0,0,0,1,0,0,0,.94,-.342,0,.342,.94);es="Linear";ed="In";};["LowerTorso"]={cf=cfr(0,-2.187,2.311,1,0,0,0,.833,-.553,0,.553,.833);es="Linear";ed="In";};["RightFoot"]={cf=cfr(0,0,0,1,0,0,0,1,0,0,0,1);es="Linear";ed="In";};["RightLowerLeg"]={cf=cfr(0,0,0,1,0,0,0,.984,.179,0,-.179,.984);es="Linear";ed="In";};["LeftHand"]={cf=cfr(0,0,0,1,0,0,0,1,0,0,0,1);es="Linear";ed="In";};["RightHand"]={cf=cfr(0,0,0,1,0,0,0,1,0,0,0,1);es="Linear";ed="In";};};{tm=.367;["RightUpperArm"]={cf=cfr(0,-.004,.002,.986,.168,-.001,-.128,.759,.638,.108,-.629,.77);es="Linear";ed="In";};["LeftUpperArm"]={cf=cfr(0,-.004,.002,.986,-.168,.001,.128,.759,.638,-.108,-.629,.77);es="Linear";ed="In";};["UpperTorso"]={cf=cfr(0,0,-.015,1,.012,-.018,-.009,.986,.169,.019,-.169,.985);es="Linear";ed="In";};["RightUpperLeg"]={cf=cfr(0,0,0,.859,-.473,-.194,-.037,.321,-.946,.51,.82,.259);es="Linear";ed="In";};["LeftUpperLeg"]={cf=cfr(0,0,0,.878,.421,.227,.081,.336,-.938,-.471,.843,.261);es="Linear";ed="In";};["LeftLowerArm"]={cf=cfr(0,0,0,1,0,0,0,.94,-.342,0,.342,.94);es="Linear";ed="In";};["LeftFoot"]={cf=cfr(0,0,0,1,0,0,0,1,0,0,0,1);es="Linear";ed="In";};["LeftLowerLeg"]={cf=cfr(0,0,0,1,0,0,0,.938,.348,0,-.348,.938);es="Linear";ed="In";};["RightLowerArm"]={cf=cfr(0,0,0,1,0,0,0,.94,-.342,0,.342,.94);es="Linear";ed="In";};["LowerTorso"]={cf=cfr(0,-2.187,2.311,1,0,0,0,.833,-.553,0,.553,.833);es="Linear";ed="In";};["RightFoot"]={cf=cfr(0,0,0,1,0,0,0,1,0,0,0,1);es="Linear";ed="In";};["RightLowerLeg"]={cf=cfr(0,0,0,1,0,0,0,.984,.18,0,-.18,.984);es="Linear";ed="In";};["LeftHand"]={cf=cfr(0,0,0,1,0,0,0,1,0,0,0,1);es="Linear";ed="In";};["RightHand"]={cf=cfr(0,0,0,1,0,0,0,1,0,0,0,1);es="Linear";ed="In";};};{tm=.383;["RightUpperArm"]={cf=cfr(0,-.005,.002,.986,.167,-.001,-.128,.76,.638,.107,-.629,.77);es="Linear";ed="In";};["LeftUpperArm"]={cf=cfr(0,-.005,.002,.986,-.167,.001,.128,.76,.638,-.107,-.629,.77);es="Linear";ed="In";};["UpperTorso"]={cf=cfr(0,0,-.015,1,.012,-.018,-.009,.985,.17,.019,-.17,.985);es="Linear";ed="In";};["RightUpperLeg"]={cf=cfr(0,0,0,.859,-.473,-.194,-.037,.321,-.947,.51,.821,.258);es="Linear";ed="In";};["LeftUpperLeg"]={cf=cfr(0,0,0,.878,.421,.226,.081,.336,-.938,-.471,.843,.261);es="Linear";ed="In";};["LeftLowerArm"]={cf=cfr(0,0,0,1,0,0,0,.94,-.342,0,.342,.94);es="Linear";ed="In";};["LeftFoot"]={cf=cfr(0,0,0,1,0,0,0,1,0,0,0,1);es="Linear";ed="In";};["LeftLowerLeg"]={cf=cfr(0,0,0,1,0,0,0,.937,.348,0,-.348,.937);es="Linear";ed="In";};["RightLowerArm"]={cf=cfr(0,0,0,1,0,0,0,.94,-.342,0,.342,.94);es="Linear";ed="In";};["LowerTorso"]={cf=cfr(0,-2.187,2.311,1,0,0,0,.833,-.553,0,.553,.833);es="Linear";ed="In";};["RightFoot"]={cf=cfr(0,0,0,1,0,0,0,1,0,0,0,1);es="Linear";ed="In";};["RightLowerLeg"]={cf=cfr(0,0,0,1,0,0,0,.984,.18,0,-.18,.984);es="Linear";ed="In";};["LeftHand"]={cf=cfr(0,0,0,1,0,0,0,1,0,0,0,1);es="Linear";ed="In";};["RightHand"]={cf=cfr(0,0,0,1,0,0,0,1,0,0,0,1);es="Linear";ed="In";};};{tm=.4;["RightUpperArm"]={cf=cfr(0,-.005,.002,.986,.167,-.001,-.128,.76,.637,.107,-.628,.771);es="Linear";ed="In";};["LeftUpperArm"]={cf=cfr(0,-.005,.002,.986,-.167,.001,.128,.76,.637,-.107,-.628,.771);es="Linear";ed="In";};["UpperTorso"]={cf=cfr(0,0,-.015,1,.012,-.018,-.009,.985,.171,.019,-.171,.985);es="Linear";ed="In";};["RightUpperLeg"]={cf=cfr(0,0,0,.859,-.473,-.193,-.037,.32,-.947,.51,.821,.258);es="Linear";ed="In";};["LeftUpperLeg"]={cf=cfr(0,0,0,.878,.421,.226,.081,.335,-.939,-.471,.843,.26);es="Linear";ed="In";};["LeftLowerArm"]={cf=cfr(0,0,0,1,0,0,0,.94,-.342,0,.342,.94);es="Linear";ed="In";};["LeftFoot"]={cf=cfr(0,0,0,1,0,0,0,1,0,0,0,1);es="Linear";ed="In";};["LeftLowerLeg"]={cf=cfr(0,0,0,1,0,0,0,.937,.349,0,-.349,.937);es="Linear";ed="In";};["RightLowerArm"]={cf=cfr(0,0,0,1,0,0,0,.94,-.342,0,.342,.94);es="Linear";ed="In";};["LowerTorso"]={cf=cfr(0,-2.187,2.311,1,0,0,0,.833,-.553,0,.553,.833);es="Linear";ed="In";};["RightFoot"]={cf=cfr(0,0,0,1,0,0,0,1,0,0,0,1);es="Linear";ed="In";};["RightLowerLeg"]={cf=cfr(0,0,0,1,0,0,0,.984,.181,0,-.181,.984);es="Linear";ed="In";};["LeftHand"]={cf=cfr(0,0,0,1,0,0,0,1,0,0,0,1);es="Linear";ed="In";};["RightHand"]={cf=cfr(0,0,0,1,0,0,0,1,0,0,0,1);es="Linear";ed="In";};};{tm=.417;["RightUpperArm"]={cf=cfr(0,-.006,.002,.986,.166,-.001,-.127,.76,.637,.107,-.628,.771);es="Linear";ed="In";};["LeftUpperArm"]={cf=cfr(0,-.006,.002,.986,-.166,.001,.127,.76,.637,-.107,-.628,.771);es="Linear";ed="In";};["UpperTorso"]={cf=cfr(0,0,-.015,1,.012,-.018,-.009,.985,.172,.019,-.172,.985);es="Linear";ed="In";};["RightUpperLeg"]={cf=cfr(0,0,0,.859,-.473,-.193,-.037,.319,-.947,.51,.821,.257);es="Linear";ed="In";};["LeftUpperLeg"]={cf=cfr(0,0,0,.878,.421,.226,.081,.335,-.939,-.471,.843,.26);es="Linear";ed="In";};["LeftLowerArm"]={cf=cfr(0,0,0,1,0,0,0,.94,-.342,0,.342,.94);es="Linear";ed="In";};["LeftFoot"]={cf=cfr(0,0,0,1,0,0,0,1,0,0,0,1);es="Linear";ed="In";};["LeftLowerLeg"]={cf=cfr(0,0,0,1,0,0,0,.937,.349,0,-.349,.937);es="Linear";ed="In";};["RightLowerArm"]={cf=cfr(0,0,0,1,0,0,0,.94,-.342,0,.342,.94);es="Linear";ed="In";};["LowerTorso"]={cf=cfr(0,-2.187,2.311,1,0,0,0,.833,-.553,0,.553,.833);es="Linear";ed="In";};["RightFoot"]={cf=cfr(0,0,0,1,0,0,0,1,0,0,0,1);es="Linear";ed="In";};["RightLowerLeg"]={cf=cfr(0,0,0,1,0,0,0,.983,.181,0,-.181,.983);es="Linear";ed="In";};["LeftHand"]={cf=cfr(0,0,0,1,0,0,0,1,0,0,0,1);es="Linear";ed="In";};["RightHand"]={cf=cfr(0,0,0,1,0,0,0,1,0,0,0,1);es="Linear";ed="In";};};{tm=.433;["UpperTorso"]={cf=cfr(0,0,-.015,1,.012,-.018,-.009,.985,.173,.019,-.173,.985);es="Linear";ed="In";};["RightUpperLeg"]={cf=cfr(0,0,0,.859,-.474,-.193,-.037,.319,-.947,.51,.821,.257);es="Linear";ed="In";};["LeftUpperLeg"]={cf=cfr(0,0,0,.878,.421,.226,.081,.334,-.939,-.471,.843,.259);es="Linear";ed="In";};["LeftLowerArm"]={cf=cfr(0,0,0,1,0,0,0,.94,-.342,0,.342,.94);es="Linear";ed="In";};["LeftFoot"]={cf=cfr(0,0,0,1,0,0,0,1,0,0,0,1);es="Linear";ed="In";};["LeftLowerLeg"]={cf=cfr(0,0,0,1,0,0,0,.937,.35,0,-.35,.937);es="Linear";ed="In";};["RightLowerArm"]={cf=cfr(0,0,0,1,0,0,0,.94,-.342,0,.342,.94);es="Linear";ed="In";};["LowerTorso"]={cf=cfr(0,-2.187,2.311,1,0,0,0,.833,-.553,0,.553,.833);es="Linear";ed="In";};["RightFoot"]={cf=cfr(0,0,0,1,0,0,0,1,0,0,0,1);es="Linear";ed="In";};["RightLowerLeg"]={cf=cfr(0,0,0,1,0,0,0,.983,.182,0,-.182,.983);es="Linear";ed="In";};["LeftHand"]={cf=cfr(0,0,0,1,0,0,0,1,0,0,0,1);es="Linear";ed="In";};["RightHand"]={cf=cfr(0,0,0,1,0,0,0,1,0,0,0,1);es="Linear";ed="In";};["LeftUpperArm"]={cf=cfr(0,-.006,.003,.986,-.165,.001,.127,.761,.636,-.106,-.628,.771);es="Linear";ed="In";};["RightUpperArm"]={cf=cfr(0,-.006,.003,.986,.165,-.001,-.127,.761,.636,.106,-.628,.771);es="Linear";ed="In";};["Head"]={cf=cfr(0,-.002,.003,.998,-.017,-.065,.065,.51,.858,.019,-.86,.51);es="Linear";ed="In";};};{tm=.45;["RightUpperArm"]={cf=cfr(0,-.007,.003,.986,.165,-.002,-.126,.761,.636,.106,-.627,.772);es="Linear";ed="In";};["LeftUpperArm"]={cf=cfr(0,-.007,.003,.986,-.165,.002,.126,.761,.636,-.106,-.627,.772);es="Linear";ed="In";};["UpperTorso"]={cf=cfr(0,0,-.015,1,.012,-.018,-.009,.985,.174,.019,-.174,.985);es="Linear";ed="In";};["RightUpperLeg"]={cf=cfr(0,0,0,.859,-.474,-.193,-.037,.318,-.947,.51,.821,.256);es="Linear";ed="In";};["LeftUpperLeg"]={cf=cfr(0,0,0,.878,.421,.225,.081,.334,-.939,-.471,.843,.259);es="Linear";ed="In";};["LeftLowerArm"]={cf=cfr(0,0,0,1,0,0,0,.94,-.342,0,.342,.94);es="Linear";ed="In";};["LeftFoot"]={cf=cfr(0,0,0,1,0,0,0,1,0,0,0,1);es="Linear";ed="In";};["LeftLowerLeg"]={cf=cfr(0,0,0,1,0,0,0,.937,.35,0,-.35,.937);es="Linear";ed="In";};["RightLowerArm"]={cf=cfr(0,0,0,1,0,0,0,.94,-.342,0,.342,.94);es="Linear";ed="In";};["LowerTorso"]={cf=cfr(0,-2.187,2.311,1,0,0,0,.833,-.553,0,.553,.833);es="Linear";ed="In";};["RightFoot"]={cf=cfr(0,0,0,1,0,0,0,1,0,0,0,1);es="Linear";ed="In";};["RightLowerLeg"]={cf=cfr(0,0,0,1,0,0,0,.983,.182,0,-.182,.983);es="Linear";ed="In";};["LeftHand"]={cf=cfr(0,0,0,1,0,0,0,1,0,0,0,1);es="Linear";ed="In";};["RightHand"]={cf=cfr(0,0,0,1,0,0,0,1,0,0,0,1);es="Linear";ed="In";};};{tm=.467;["RightUpperArm"]={cf=cfr(0,-.007,.003,.986,.164,-.002,-.126,.762,.636,.106,-.627,.772);es="Linear";ed="In";};["LeftUpperArm"]={cf=cfr(0,-.007,.003,.986,-.164,.002,.126,.762,.636,-.106,-.627,.772);es="Linear";ed="In";};["UpperTorso"]={cf=cfr(0,0,-.015,1,.012,-.018,-.009,.984,.176,.019,-.175,.984);es="Linear";ed="In";};["RightUpperLeg"]={cf=cfr(0,0,0,.859,-.474,-.192,-.037,.318,-.947,.51,.821,.256);es="Linear";ed="In";};["LeftUpperLeg"]={cf=cfr(0,0,0,.878,.421,.225,.081,.333,-.939,-.471,.844,.258);es="Linear";ed="In";};["LeftLowerArm"]={cf=cfr(0,0,0,1,0,0,0,.94,-.342,0,.342,.94);es="Linear";ed="In";};["LeftFoot"]={cf=cfr(0,0,0,1,0,0,0,1,0,0,0,1);es="Linear";ed="In";};["LeftLowerLeg"]={cf=cfr(0,0,0,1,0,0,0,.936,.351,0,-.351,.936);es="Linear";ed="In";};["RightLowerArm"]={cf=cfr(0,0,0,1,0,0,0,.94,-.342,0,.342,.94);es="Linear";ed="In";};["LowerTorso"]={cf=cfr(0,-2.187,2.311,1,0,0,0,.833,-.553,0,.553,.833);es="Linear";ed="In";};["RightFoot"]={cf=cfr(0,0,0,1,0,0,0,1,0,0,0,1);es="Linear";ed="In";};["RightLowerLeg"]={cf=cfr(0,0,0,1,0,0,0,.983,.183,0,-.183,.983);es="Linear";ed="In";};["LeftHand"]={cf=cfr(0,0,0,1,0,0,0,1,0,0,0,1);es="Linear";ed="In";};["RightHand"]={cf=cfr(0,0,0,1,0,0,0,1,0,0,0,1);es="Linear";ed="In";};};{tm=.483;["RightUpperArm"]={cf=cfr(0,-.007,.003,.987,.164,-.002,-.125,.762,.635,.105,-.626,.772);es="Linear";ed="In";};["LeftUpperArm"]={cf=cfr(0,-.007,.003,.987,-.164,.002,.125,.762,.635,-.105,-.626,.772);es="Linear";ed="In";};["UpperTorso"]={cf=cfr(0,0,-.015,1,.012,-.018,-.009,.984,.177,.019,-.177,.984);es="Linear";ed="In";};["RightUpperLeg"]={cf=cfr(0,0,0,.859,-.474,-.192,-.037,.317,-.948,.51,.821,.255);es="Linear";ed="In";};["LeftUpperLeg"]={cf=cfr(0,0,0,.878,.421,.225,.081,.333,-.94,-.471,.844,.258);es="Linear";ed="In";};["LeftLowerArm"]={cf=cfr(0,0,0,1,0,0,0,.94,-.342,0,.342,.94);es="Linear";ed="In";};["LeftFoot"]={cf=cfr(0,0,0,1,0,0,0,1,0,0,0,1);es="Linear";ed="In";};["LeftLowerLeg"]={cf=cfr(0,0,0,1,0,0,0,.936,.352,0,-.352,.936);es="Linear";ed="In";};["RightLowerArm"]={cf=cfr(0,0,0,1,0,0,0,.94,-.342,0,.342,.94);es="Linear";ed="In";};["LowerTorso"]={cf=cfr(0,-2.187,2.311,1,0,0,0,.833,-.553,0,.553,.833);es="Linear";ed="In";};["RightFoot"]={cf=cfr(0,0,0,1,0,0,0,1,0,0,0,1);es="Linear";ed="In";};["RightLowerLeg"]={cf=cfr(0,0,0,1,0,0,0,.983,.184,0,-.184,.983);es="Linear";ed="In";};["LeftHand"]={cf=cfr(0,0,0,1,0,0,0,1,0,0,0,1);es="Linear";ed="In";};["RightHand"]={cf=cfr(0,0,0,1,0,0,0,1,0,0,0,1);es="Linear";ed="In";};};{tm=.5;["RightUpperArm"]={cf=cfr(0,-.008,.003,.987,.163,-.002,-.125,.763,.635,.105,-.626,.773);es="Linear";ed="In";};["LeftUpperArm"]={cf=cfr(0,-.008,.003,.987,-.163,.002,.125,.763,.635,-.105,-.626,.773);es="Linear";ed="In";};["UpperTorso"]={cf=cfr(0,0,-.015,1,.012,-.018,-.009,.984,.178,.019,-.178,.984);es="Linear";ed="In";};["RightUpperLeg"]={cf=cfr(0,0,0,.859,-.474,-.192,-.037,.317,-.948,.51,.822,.255);es="Linear";ed="In";};["LeftUpperLeg"]={cf=cfr(0,0,0,.878,.422,.225,.081,.332,-.94,-.471,.844,.257);es="Linear";ed="In";};["LeftLowerArm"]={cf=cfr(0,0,0,1,0,0,0,.94,-.342,0,.342,.94);es="Linear";ed="In";};["LeftFoot"]={cf=cfr(0,0,0,1,0,0,0,1,0,0,0,1);es="Linear";ed="In";};["LeftLowerLeg"]={cf=cfr(0,0,0,1,0,0,0,.936,.352,0,-.352,.936);es="Linear";ed="In";};["RightLowerArm"]={cf=cfr(0,0,0,1,0,0,0,.94,-.342,0,.342,.94);es="Linear";ed="In";};["LowerTorso"]={cf=cfr(0,-2.187,2.311,1,0,0,0,.833,-.553,0,.553,.833);es="Linear";ed="In";};["RightFoot"]={cf=cfr(0,0,0,1,0,0,0,1,0,0,0,1);es="Linear";ed="In";};["RightLowerLeg"]={cf=cfr(0,0,0,1,0,0,0,.983,.184,0,-.184,.983);es="Linear";ed="In";};["LeftHand"]={cf=cfr(0,0,0,1,0,0,0,1,0,0,0,1);es="Linear";ed="In";};["RightHand"]={cf=cfr(0,0,0,1,0,0,0,1,0,0,0,1);es="Linear";ed="In";};};{tm=.517;["RightUpperArm"]={cf=cfr(0,-.008,.004,.987,.162,-.002,-.124,.763,.634,.105,-.625,.773);es="Linear";ed="In";};["LeftUpperArm"]={cf=cfr(0,-.008,.004,.987,-.162,.002,.124,.763,.634,-.105,-.625,.773);es="Linear";ed="In";};["UpperTorso"]={cf=cfr(0,0,-.015,1,.012,-.018,-.009,.984,.179,.019,-.179,.984);es="Linear";ed="In";};["RightUpperLeg"]={cf=cfr(0,0,0,.859,-.474,-.191,-.037,.316,-.948,.51,.822,.254);es="Linear";ed="In";};["LeftUpperLeg"]={cf=cfr(0,0,0,.878,.422,.224,.081,.331,-.94,-.471,.844,.257);es="Linear";ed="In";};["LeftLowerArm"]={cf=cfr(0,0,0,1,0,0,0,.94,-.342,0,.342,.94);es="Linear";ed="In";};["LeftFoot"]={cf=cfr(0,0,0,1,0,0,0,1,0,0,0,1);es="Linear";ed="In";};["LeftLowerLeg"]={cf=cfr(0,0,0,1,0,0,0,.936,.353,0,-.353,.936);es="Linear";ed="In";};["RightLowerArm"]={cf=cfr(0,0,0,1,0,0,0,.94,-.342,0,.342,.94);es="Linear";ed="In";};["LowerTorso"]={cf=cfr(0,-2.187,2.311,1,0,0,0,.833,-.553,0,.553,.833);es="Linear";ed="In";};["RightFoot"]={cf=cfr(0,0,0,1,0,0,0,1,0,0,0,1);es="Linear";ed="In";};["RightLowerLeg"]={cf=cfr(0,0,0,1,0,0,0,.983,.185,0,-.185,.983);es="Linear";ed="In";};["LeftHand"]={cf=cfr(0,0,0,1,0,0,0,1,0,0,0,1);es="Linear";ed="In";};["RightHand"]={cf=cfr(0,0,0,1,0,0,0,1,0,0,0,1);es="Linear";ed="In";};};{tm=.533;["RightUpperArm"]={cf=cfr(0,-.009,.004,.987,.162,-.002,-.124,.764,.634,.104,-.625,.774);es="Linear";ed="In";};["LeftUpperArm"]={cf=cfr(0,-.009,.004,.987,-.162,.002,.124,.764,.634,-.104,-.625,.774);es="Linear";ed="In";};["UpperTorso"]={cf=cfr(0,0,-.015,1,.012,-.017,-.009,.984,.181,.019,-.18,.983);es="Linear";ed=