local cfr = CFrame.new

return {{tm=0;["Head"]={cf=cfr(0,0,0,.998,-.012,-.066,.065,.437,.897,.018,-.899,.437);es="Quad";ed="In";};["LeftUpperArm"]={cf=cfr(0,0,0,.985,-.174,0,.133,.754,.643,-.112,-.633,.766);es="Sine";ed="Out";};["RightUpperArm"]={cf=cfr(0,0,0,.985,.174,0,-.133,.754,.643,.112,-.633,.766);es="Quad";ed="In";};["LeftUpperLeg"]={cf=cfr(0,0,0,.878,.419,.229,.081,.342,-.936,-.471,.841,.266);es="Quad";ed="In";};["RightUpperLeg"]={cf=cfr(0,0,0,.859,-.472,-.197,-.037,.327,-.944,.51,.819,.264);es="Quad";ed="In";};["UpperTorso"]={cf=cfr(0,0,-.015,1,.012,-.018,-.009,.988,.157,.019,-.157,.987);es="Quad";ed="In";};["LeftFoot"]={cf=cfr(0,0,0,1,0,0,0,1,0,0,0,1);es="Linear";ed="In";};["LeftLowerLeg"]={cf=cfr(0,0,0,1,0,0,0,.94,.342,0,-.342,.94);es="Linear";ed="In";};["RightHand"]={cf=cfr(0,0,0,1,0,0,0,1,0,0,0,1);es="Sine";ed="Out";};["LeftHand"]={cf=cfr(0,0,0,1,0,0,0,1,0,0,0,1);es="Sine";ed="Out";};["RightFoot"]={cf=cfr(0,0,0,1,0,0,0,1,0,0,0,1);es="Quad";ed="In";};["RightLowerLeg"]={cf=cfr(0,0,0,1,0,0,0,.985,.174,0,-.174,.985);es="Linear";ed="In";};["LeftLowerArm"]={cf=cfr(0,0,0,1,0,0,0,.94,-.342,0,.342,.94);es="Sine";ed="Out";};["LowerTorso"]={cf=cfr(0,-2.187,2.311,1,0,0,0,.833,-.553,0,.553,.833);es="Quad";ed="In";};["RightLowerArm"]={cf=cfr(0,0,0,1,0,0,0,.94,-.342,0,.342,.94);es="Quad";ed="In";};};{tm=.017;["RightUpperArm"]={cf=cfr(-.001,0,0,.985,.172,0,-.132,.755,.642,.111,-.633,.766);es="Linear";ed="In";};["LeftUpperArm"]={cf=cfr(.004,.002,0,.985,-.171,-.004,.135,.761,.635,-.106,-.626,.773);es="Linear";ed="In";};["Head"]={cf=cfr(0,0,0,.998,-.013,-.067,.065,.437,.897,.018,-.899,.437);es="Linear";ed="In";};["UpperTorso"]={cf=cfr(0,0,-.015,1,.012,-.018,-.009,.988,.157,.019,-.157,.987);es="Linear";ed="In";};["RightUpperLeg"]={cf=cfr(0,0,0,.86,-.472,-.196,-.037,.327,-.944,.51,.819,.264);es="Linear";ed="In";};["LeftUpperLeg"]={cf=cfr(0,0,0,.879,.419,.229,.081,.342,-.936,-.471,.841,.267);es="Linear";ed="In";};["RightHand"]={cf=cfr(0,0,0,1,0,0,0,1,0,0,0,1);es="Linear";ed="In";};["LeftHand"]={cf=cfr(0,0,0,1,0,0,0,1,0,0,0,1);es="Linear";ed="In";};["RightFoot"]={cf=cfr(0,0,0,1,0,0,0,1,0,0,0,1);es="Linear";ed="In";};["LeftLowerArm"]={cf=cfr(0,0,0,1,0,0,0,.94,-.342,0,.342,.94);es="Linear";ed="In";};["LowerTorso"]={cf=cfr(0,-2.187,2.31,1,0,0,0,.834,-.552,0,.552,.834);es="Linear";ed="In";};["RightLowerArm"]={cf=cfr(0,0,0,1,0,0,0,.94,-.342,0,.342,.94);es="Linear";ed="In";};};{tm=.033;["RightUpperArm"]={cf=cfr(-.004,.001,.001,.986,.168,0,-.129,.756,.641,.108,-.632,.767);es="Linear";ed="In";};["LeftUpperArm"]={cf=cfr(.009,.004,-.001,.986,-.169,-.009,.137,.767,.627,-.099,-.619,.779);es="Linear";ed="In";};["Head"]={cf=cfr(0,0,0,.998,-.014,-.068,.067,.438,.897,.017,-.899,.437);es="Linear";ed="In";};["UpperTorso"]={cf=cfr(0,0,-.015,1,.012,-.017,-.009,.988,.157,.019,-.157,.987);es="Linear";ed="In";};["RightUpperLeg"]={cf=cfr(-.001,.001,0,.86,-.471,-.196,-.036,.326,-.945,.508,.82,.264);es="Linear";ed="In";};["LeftUpperLeg"]={cf=cfr(0,0,0,.879,.419,.229,.081,.342,-.936,-.471,.841,.267);es="Linear";ed="In";};["RightHand"]={cf=cfr(0,0,0,1,0,0,0,1,0,0,0,1);es="Linear";ed="In";};["LeftHand"]={cf=cfr(0,0,0,1,0,0,0,1,0,0,0,1);es="Linear";ed="In";};["RightFoot"]={cf=cfr(0,0,0,1,0,0,0,1,0,0,0,1);es="Linear";ed="In";};["LeftLowerArm"]={cf=cfr(0,0,0,1,0,0,0,.94,-.342,0,.342,.94);es="Linear";ed="In";};["LowerTorso"]={cf=cfr(0,-2.187,2.309,1,.002,-.001,-.002,.834,-.552,0,.552,.834);es="Linear";ed="In";};["RightLowerArm"]={cf=cfr(0,0,0,1,0,0,0,.939,-.343,0,.343,.939);es="Linear";ed="In";};};{tm=.05;["RightUpperArm"]={cf=cfr(-.01,.003,.002,.987,.161,.001,-.124,.759,.639,.102,-.631,.769);es="Linear";ed="In";};["LeftUpperArm"]={cf=cfr(.013,.006,-.001,.986,-.167,-.013,.139,.773,.619,-.093,-.612,.786);es="Linear";ed="In";};["Head"]={cf=cfr(0,-.001,0,.997,-.015,-.069,.069,.438,.896,.017,-.899,.438);es="Linear";ed="In";};["UpperTorso"]={cf=cfr(0,0,-.015,1,.012,-.017,-.01,.988,.157,.019,-.157,.987);es="Linear";ed="In";};["RightUpperLeg"]={cf=cfr(-.002,.002,0,.862,-.469,-.194,-.036,.325,-.945,.506,.821,.263);es="Linear";ed="In";};["LeftUpperLeg"]={cf=cfr(0,0,0,.879,.419,.229,.081,.343,-.936,-.47,.841,.268);es="Linear";ed="In";};["RightHand"]={cf=cfr(0,0,0,1,0,0,0,1,0,0,0,1);es="Linear";ed="In";};["LeftHand"]={cf=cfr(0,0,0,1,0,0,0,1,0,0,0,1);es="Linear";ed="In";};["RightFoot"]={cf=cfr(0,0,0,1,0,0,0,1,0,0,0,1);es="Linear";ed="In";};["LeftLowerArm"]={cf=cfr(0,0,0,1,0,0,0,.94,-.342,0,.342,.94);es="Linear";ed="In";};["LowerTorso"]={cf=cfr(0,-2.187,2.306,1,.004,-.003,-.005,.834,-.552,0,.552,.834);es="Linear";ed="In";};["RightLowerArm"]={cf=cfr(0,0,0,1,0,0,0,.939,-.343,0,.343,.939);es="Linear";ed="In";};};{tm=.067;["RightUpperArm"]={cf=cfr(-.017,.005,.004,.988,.151,.001,-.118,.762,.636,.095,-.629,.771);es="Linear";ed="In";};["LeftUpperArm"]={cf=cfr(.018,.008,-.001,.986,-.165,-.018,.141,.779,.61,-.087,-.604,.792);es="Linear";ed="In";};["Head"]={cf=cfr(0,-.001,0,.997,-.017,-.072,.072,.438,.896,.016,-.899,.438);es="Linear";ed="In";};["UpperTorso"]={cf=cfr(0,0,-.015,1,.013,-.016,-.01,.988,.157,.018,-.157,.987);es="Linear";ed="In";};["RightUpperLeg"]={cf=cfr(-.004,.003,0,.863,-.466,-.192,-.036,.324,-.945,.503,.823,.263);es="Linear";ed="In";};["LeftUpperLeg"]={cf=cfr(0,0,0,.879,.418,.23,.081,.344,-.936,-.47,.841,.268);es="Linear";ed="In";};["RightHand"]={cf=cfr(0,0,0,1,0,0,0,1,0,0,0,1);es="Linear";ed="In";};["LeftHand"]={cf=cfr(0,0,0,1,0,0,0,1,0,0,0,1);es="Linear";ed="In";};["RightFoot"]={cf=cfr(0,0,0,1,0,0,0,1,0,0,0,1);es="Linear";ed="In";};["LeftLowerArm"]={cf=cfr(0,0,0,1,0,0,0,.94,-.342,0,.342,.94);es="Linear";ed="In";};["LowerTorso"]={cf=cfr(0,-2.187,2.303,1,.007,-.005,-.009,.834,-.551,0,.551,.834);es="Linear";ed="In";};["RightLowerArm"]={cf=cfr(0,0,.001,1,0,0,0,.939,-.344,0,.344,.939);es="Linear";ed="In";};};{tm=.083;["RightUpperArm"]={cf=cfr(-.027,.008,.006,.99,.139,.002,-.109,.767,.633,.086,-.627,.774);es="Linear";ed="In";};["LeftUpperArm"]={cf=cfr(.022,.009,-.002,.986,-.163,-.022,.143,.785,.602,-.081,-.597,.798);es="Linear";ed="In";};["Head"]={cf=cfr(0,-.002,.001,.997,-.02,-.075,.076,.438,.896,.015,-.899,.438);es="Linear";ed="In";};["UpperTorso"]={cf=cfr(0,0,-.015,1,.014,-.016,-.011,.987,.157,.018,-.157,.987);es="Linear";ed="In";};["RightUpperLeg"]={cf=cfr(-.006,.005,0,.866,-.463,-.19,-.035,.323,-.946,.5,.825,.263);es="Linear";ed="In";};["LeftUpperLeg"]={cf=cfr(0,0,0,.879,.417,.23,.081,.345,-.935,-.469,.841,.269);es="Linear";ed="In";};["RightHand"]={cf=cfr(0,0,0,1,0,0,0,1,0,0,0,1);es="Linear";ed="In";};["LeftHand"]={cf=cfr(0,0,0,1,0,0,0,1,0,0,0,1);es="Linear";ed="In";};["RightFoot"]={cf=cfr(0,0,0,1,0,0,0,1,0,0,0,1);es="Linear";ed="In";};["LeftLowerArm"]={cf=cfr(0,0,0,1,0,0,0,.94,-.342,0,.342,.94);es="Linear";ed="In";};["LowerTorso"]={cf=cfr(0,-2.188,2.298,1,.011,-.008,-.013,.835,-.55,.001,.55,.835);es="Linear";ed="In";};["RightLowerArm"]={cf=cfr(0,.001,.001,1,0,0,0,.938,-.346,0,.346,.938);es="Linear";ed="In";};};{tm=.1;["RightUpperArm"]={cf=cfr(-.039,.012,.009,.992,.124,.003,-.098,.772,.628,.075,-.624,.778);es="Linear";ed="In";};["LeftUpperArm"]={cf=cfr(.026,.011,-.002,.987,-.161,-.026,.145,.791,.594,-.075,-.59,.804);es="Linear";ed="In";};["Head"]={cf=cfr(.001,-.003,.001,.997,-.023,-.079,.081,.438,.895,.014,-.899,.439);es="Linear";ed="In";};["UpperTorso"]={cf=cfr(0,0,-.015,1,.015,-.015,-.012,.987,.157,.017,-.157,.987);es="Linear";ed="In";};["RightUpperLeg"]={cf=cfr(-.009,.007,0,.868,-.46,-.187,-.034,.321,-.946,.495,.828,.263);es="Linear";ed="In";};["LeftUpperLeg"]={cf=cfr(0,0,0,.88,.416,.23,.081,.346,-.935,-.469,.841,.271);es="Linear";ed="In";};["RightHand"]={cf=cfr(0,0,0,1,0,0,0,1,0,0,0,1);es="Linear";ed="In";};["LeftHand"]={cf=cfr(0,0,0,1,0,0,0,1,0,0,0,1);es="Linear";ed="In";};["RightFoot"]={cf=cfr(0,0,0,1,0,0,0,1,0,0,0,1);es="Linear";ed="In";};["LeftLowerArm"]={cf=cfr(0,0,0,1,0,0,0,.94,-.342,0,.342,.94);es="Linear";ed="In";};["LowerTorso"]={cf=cfr(0,-2.188,2.293,1,.016,-.011,-.019,.835,-.549,.001,.549,.836);es="Linear";ed="In";};["RightLowerArm"]={cf=cfr(0,.001,.001,1,0,0,0,.938,-.347,0,.347,.938);es="Linear";ed="In";};};{tm=.117;["RightUpperArm"]={cf=cfr(-.052,.015,.012,.994,.105,.005,-.085,.777,.623,.062,-.62,.782);es="Linear";ed="In";};["LeftUpperArm"]={cf=cfr(.03,.013,-.002,.987,-.159,-.031,.147,.797,.586,-.069,-.582,.81);es="Linear";ed="In";};["Head"]={cf=cfr(.001,-.004,.001,.996,-.027,-.083,.086,.439,.894,.012,-.898,.439);es="Linear";ed="In";};["UpperTorso"]={cf=cfr(0,0,-.015,1,.016,-.014,-.013,.987,.158,.016,-.157,.987);es="Linear";ed="In";};["RightUpperLeg"]={cf=cfr(-.012,.01,0,.871,-.455,-.184,-.033,.319,-.947,.49,.831,.263);es="Linear";ed="In";};["LeftUpperLeg"]={cf=cfr(0,0,0,.88,.415,.23,.081,.347,-.934,-.468,.841,.272);es="Linear";ed="In";};["RightHand"]={cf=cfr(0,0,0,1,0,0,0,1,0,0,0,1);es="Linear";ed="In";};["LeftHand"]={cf=cfr(0,0,0,1,0,0,0,1,0,0,0,1);es="Linear";ed="In";};["RightFoot"]={cf=cfr(0,0,0,1,0,0,0,1,0,0,0,1);es="Linear";ed="In";};["LeftLowerArm"]={cf=cfr(0,0,0,1,0,0,0,.94,-.342,0,.342,.94);es="Linear";ed="In";};["LowerTorso"]={cf=cfr(0,-2.189,2.287,1,.021,-.016,-.026,.836,-.548,.001,.548,.836);es="Linear";ed="In";};["RightLowerArm"]={cf=cfr(0,.001,.002,1,0,0,0,.937,-.349,0,.349,.937);es="Linear";ed="In";};};{tm=.133;["RightUpperArm"]={cf=cfr(-.068,.019,.016,.996,.084,.007,-.071,.784,.617,.047,-.615,.787);es="Linear";ed="In";};["LeftUpperArm"]={cf=cfr(.034,.014,-.002,.987,-.158,-.035,.149,.803,.577,-.063,-.575,.816);es="Linear";ed="In";};["Head"]={cf=cfr(.001,-.005,.001,.996,-.032,-.088,.093,.439,.894,.01,-.898,.44);es="Linear";ed="In";};["UpperTorso"]={cf=cfr(0,-.001,-.015,1,.017,-.013,-.015,.987,.158,.015,-.158,.987);es="Linear";ed="In";};["RightUpperLeg"]={cf=cfr(-.015,.013,-.001,.875,-.45,-.18,-.032,.317,-.948,.483,.835,.263);es="Linear";ed="In";};["LeftUpperLeg"]={cf=cfr(0,0,0,.88,.414,.231,.081,.349,-.934,-.467,.841,.274);es="Linear";ed="In";};["RightHand"]={cf=cfr(0,0,0,1,0,0,0,1,0,0,0,1);es="Linear";ed="In";};["LeftHand"]={cf=cfr(0,0,0,1,0,0,0,1,0,0,0,1);es="Linear";ed="In";};["RightFoot"]={cf=cfr(0,0,0,1,0,0,0,1,0,0,0,1);es="Linear";ed="In";};["LeftLowerArm"]={cf=cfr(0,0,0,1,0,0,0,.94,-.342,0,.342,.94);es="Linear";ed="In";};["LowerTorso"]={cf=cfr(0,-2.189,2.279,.999,.028,-.02,-.034,.837,-.547,.002,.547,.837);es="Linear";ed="In";};["RightLowerArm"]={cf=cfr(0,.002,.002,1,0,0,0,.936,-.351,0,.351,.936);es="Linear";ed="In";};};{tm=.15;["RightUpperArm"]={cf=cfr(-.085,.024,.021,.998,.061,.009,-.053,.79,.61,.03,-.61,.792);es="Linear";ed="In";};["LeftUpperArm"]={cf=cfr(.038,.015,-.002,.987,-.156,-.04,.151,.809,.569,-.056,-.567,.822);es="Linear";ed="In";};["Head"]={cf=cfr(.001,-.007,.002,.995,-.037,-.094,.1,.439,.893,.008,-.898,.441);es="Linear";ed="In";};["UpperTorso"]={cf=cfr(0,-.001,-.015,1,.018,-.011,-.016,.987,.158,.014,-.158,.987);es="Linear";ed="In";};["RightUpperLeg"]={cf=cfr(-.02,.016,-.001,.879,-.444,-.175,-.031,.314,-.949,.476,.839,.263);es="Linear";ed="In";};["LeftUpperLeg"]={cf=cfr(0,0,0,.881,.413,.231,.081,.351,-.933,-.466,.841,.276);es="Linear";ed="In";};["RightHand"]={cf=cfr(0,0,0,1,0,0,0,1,0,0,0,1);es="Linear";ed="In";};["LeftHand"]={cf=cfr(0,0,0,1,0,0,0,1,0,0,0,1);es="Linear";ed="In";};["RightFoot"]={cf=cfr(0,0,0,1,0,0,0,1,0,0,0,1);es="Linear";ed="In";};["LeftLowerArm"]={cf=cfr(0,0,0,1,0,0,0,.94,-.342,0,.342,.94);es="Linear";ed="In";};["LowerTorso"]={cf=cfr(0,-2.19,2.271,.999,.035,-.026,-.043,.837,-.545,.002,.546,.838);es="Linear";ed="In";};["RightLowerArm"]={cf=cfr(0,.002,.003,1,0,0,0,.935,-.354,0,.354,.935);es="Linear";ed="In";};};{tm=.167;["RightUpperArm"]={cf=cfr(-.103,.028,.026,.999,.034,.012,-.034,.797,.603,.011,-.603,.798);es="Linear";ed="In";};["LeftUpperArm"]={cf=cfr(.043,.017,-.002,.987,-.154,-.044,.152,.814,.56,-.05,-.56,.827);es="Linear";ed="In";};["Head"]={cf=cfr(.001,-.008,.002,.994,-.042,-.1,.108,.44,.892,.006,-.897,.442);es="Linear";ed="In";};["UpperTorso"]={cf=cfr(0,-.001,-.015,1,.02,-.01,-.018,.987,.159,.013,-.158,.987);es="Linear";ed="In";};["RightUpperLeg"]={cf=cfr(-.024,.02,-.001,.883,-.437,-.17,-.029,.311,-.95,.468,.844,.262);es="Linear";ed="In";};["LeftUpperLeg"]={cf=cfr(0,0,.001,.881,.412,.232,.08,.353,-.932,-.465,.84,.278);es="Linear";ed="In";};["RightHand"]={cf=cfr(0,0,0,1,0,0,0,1,0,0,0,1);es="Linear";ed="In";};["LeftHand"]={cf=cfr(0,0,0,1,0,0,0,1,0,0,0,1);es="Linear";ed="In";};["RightFoot"]={cf=cfr(0,0,0,1,0,0,0,1,0,0,0,1);es="Linear";ed="In";};["LeftLowerArm"]={cf=cfr(0,0,0,1,0,0,0,.94,-.342,0,.342,.94);es="Linear";ed="In";};["LowerTorso"]={cf=cfr(0,-2.191,2.261,.999,.043,-.032,-.054,.838,-.543,.003,.544,.839);es="Linear";ed="In";};["RightLowerArm"]={cf=cfr(0,.002,.003,1,0,0,0,.934,-.356,0,.356,.934);es="Linear";ed="In";};};{tm=.183;["RightUpperArm"]={cf=cfr(-.123,.033,.032,1,.004,.015,-.013,.804,.594,-.009,-.594,.804);es="Linear";ed="In";};["LeftUpperArm"]={cf=cfr(.047,.018,-.002,.987,-.152,-.049,.154,.82,.552,-.044,-.552,.833);es="Linear";ed="In";};["Head"]={cf=cfr(.002,-.01,.003,.993,-.049,-.107,.118,.44,.89,.004,-.897,.443);es="Linear";ed="In";};["UpperTorso"]={cf=cfr(0,-.001,-.015,1,.022,-.008,-.02,.987,.159,.011,-.159,.987);es="Linear";ed="In";};["RightUpperLeg"]={cf=cfr(-.029,.024,-.001,.888,-.429,-.165,-.027,.308,-.951,.459,.849,.262);es="Linear";ed="In";};["LeftUpperLeg"]={cf=cfr(0,0,.001,.882,.41,.232,.08,.355,-.931,-.464,.84,.28);es="Linear";ed="In";};["RightHand"]={cf=cfr(0,0,0,1,0,0,0,1,0,0,0,1);es="Linear";ed="In";};["LeftHand"]={cf=cfr(0,0,0,1,0,0,0,1,0,0,0,1);es="Linear";ed="In";};["RightFoot"]={cf=cfr(0,0,0,1,0,0,0,1,0,0,0,1);es="Linear";ed="In";};["LeftLowerArm"]={cf=cfr(0,0,0,1,0,0,0,.94,-.342,0,.342,.94);es="Linear";ed="In";};["LowerTorso"]={cf=cfr(-.001,-2.191,2.251,.998,.052,-.038,-.065,.839,-.541,.004,.542,.84);es="Linear";ed="In";};["RightLowerArm"]={cf=cfr(0,.003,.004,1,0,0,0,.933,-.359,0,.359,.933);es="Linear";ed="In";};};{tm=.2;["RightUpperArm"]={cf=cfr(-.145,.037,.039,.999,-.028,.019,.011,.811,.585,-.032,-.584,.811);es="Linear";ed="In";};["LeftUpperArm"]={cf=cfr(.05,.019,-.002,.987,-.151,-.053,.155,.825,.543,-.038,-.544,.838);es="Linear";ed="In";};["Head"]={cf=cfr(.002,-.012,.003,.992,-.056,-.115,.128,.44,.889,.001,-.896,.444);es="Linear";ed="In";};["UpperTorso"]={cf=cfr(0,-.001,-.015,1,.024,-.006,-.023,.987,.159,.01,-.159,.987);es="Linear";ed="In";};["RightUpperLeg"]={cf=cfr(-.034,.029,-.002,.893,-.421,-.158,-.025,.304,-.952,.449,.854,.261);es="Linear";ed="In";};["LeftUpperLeg"]={cf=cfr(0,0,.001,.883,.408,.233,.08,.357,-.931,-.463,.84,.283);es="Linear";ed="In";};["RightHand"]={cf=cfr(0,0,0,1,0,0,0,1,0,0,0,1);es="Linear";ed="In";};["LeftHand"]={cf=cfr(0,0,0,1,0,0,0,1,0,0,0,1);es="Linear";ed="In";};["RightFoot"]={cf=cfr(0,0,0,1,0,0,0,1,0,0,0,1);es="Linear";ed="In";};["LeftLowerArm"]={cf=cfr(0,0,0,1,0,0,0,.94,-.342,0,.342,.94);es="Linear";ed="In";};["LowerTorso"]={cf=cfr(-.001,-2.192,2.24,.997,.062,-.046,-.077,.839,-.538,.005,.54,.841);es="Linear";ed="In";};["RightLowerArm"]={cf=cfr(0,.003,.005,1,0,0,0,.932,-.363,0,.363,.932);es="Linear";ed="In";};};{tm=.217;["RightUpperArm"]={cf=cfr(-.167,.041,.046,.998,-.063,.024,.037,.817,.575,-.056,-.573,.818);es="Linear";ed="In";};["LeftUpperArm"]={cf=cfr(.054,.02,-.002,.987,-.149,-.058,.157,.83,.535,-.032,-.537,.843);es="Linear";ed="In";};["Head"]={cf=cfr(.003,-.013,.004,.99,-.063,-.123,.138,.44,.887,-.002,-.896,.445);es="Linear";ed="In";};["UpperTorso"]={cf=cfr(0,-.001,-.015,1,.026,-.004,-.025,.987,.16,.008,-.16,.987);es="Linear";ed="In";};["RightUpperLeg"]={cf=cfr(-.04,.034,-.002,.898,-.412,-.152,-.023,.301,-.953,.439,.86,.261);es="Linear";ed="In";};["LeftUpperLeg"]={cf=cfr(0,0,.001,.883,.406,.233,.08,.36,-.93,-.462,.84,.286);es="Linear";ed="In";};["RightHand"]={cf=cfr(0,0,0,1,0,0,0,1,0,0,0,1);es="Linear";ed="In";};["LeftHand"]={cf=cfr(0,0,0,1,0,0,0,1,0,0,0,1);es="Linear";ed="In";};["RightFoot"]={cf=cfr(0,0,0,1,0,0,0,1,0,0,0,1);es="Linear";ed="In";};["LeftLowerArm"]={cf=cfr(0,0,0,1,0,0,0,.94,-.342,0,.342,.94);es="Linear";ed="In";};["LowerTorso"]={cf=cfr(-.001,-2.193,2.227,.996,.073,-.053,-.09,.84,-.536,.006,.538,.843);es="Linear";ed="In";};["RightLowerArm"]={cf=cfr(0,.004,.005,1,0,0,0,.931,-.366,0,.366,.931);es="Linear";ed="In";};};{tm=.233;["RightUpperArm"]={cf=cfr(-.19,.045,.055,.995,-.1,.03,.066,.823,.564,-.081,-.559,.825);es="Linear";ed="In";};["LeftUpperArm"]={cf=cfr(.058,.021,-.002,.987,-.147,-.062,.158,.836,.526,-.026,-.529,.848);es="Linear";ed="In";};["Head"]={cf=cfr(.003,-.015,.004,.989,-.071,-.132,.15,.44,.885,-.005,-.895,.446);es="Linear";ed="In";};["UpperTorso"]={cf=cfr(0,-.001,-.015,1,.028,-.002,-.028,.987,.16,.006,-.16,.987);es="Linear";ed="In";};["RightUpperLeg"]={cf=cfr(-.047,.039,-.003,.904,-.402,-.145,-.021,.297,-.955,.427,.866,.26);es="Linear";ed="In";};["LeftUpperLeg"]={cf=cfr(0,0,.001,.884,.404,.234,.08,.363,-.928,-.46,.84,.289);es="Linear";ed="In";};["RightHand"]={cf=cfr(0,0,0,1,0,0,0,1,0,0,0,1);es="Linear";ed="In";};["LeftHand"]={cf=cfr(0,0,0,1,0,0,0,1,0,0,0,1);es="Linear";ed="In";};["RightFoot"]={cf=cfr(0,0,0,1,0,0,0,1,0,0,0,1);es="Linear";ed="In";};["LeftLowerArm"]={cf=cfr(0,0,0,1,0,0,0,.94,-.342,0,.342,.94);es="Linear";ed="In";};["LowerTorso"]={cf=cfr(-.001,-2.194,2.214,.994,.085,-.062,-.105,.84,-.533,.007,.536,.844);es="Linear";ed="In";};["RightLowerArm"]={cf=cfr(0,.005,.006,1,0,0,0,.929,-.37,0,.37,.929);es="Linear";ed="In";};};{tm=.25;["RightUpperArm"]={cf=cfr(-.214,.048,.064,.989,-.14,.036,.097,.828,.552,-.108,-.543,.833);es="Linear";ed="In";};["LeftUpperArm"]={cf=cfr(.062,.022,-.001,.987,-.146,-.067,.159,.841,.517,-.019,-.521,.853);es="Linear";ed="In";};["Head"]={cf=cfr(.003,-.017,.004,.987,-.08,-.142,.163,.44,.883,-.008,-.894,.448);es="Linear";ed="In";};["UpperTorso"]={cf=cfr(0,-.001,-.015,1,.031,.001,-.03,.987,.161,.004,-.161,.987);es="Linear";ed="In";};["RightUpperLeg"]={cf=cfr(-.053,.045,-.004,.91,-.391,-.137,-.018,.292,-.956,.414,.873,.259);es="Linear";ed="In";};["LeftUpperLeg"]={cf=cfr(0,0,.001,.885,.402,.235,.08,.366,-.927,-.459,.839,.292);es="Linear";ed="In";};["RightHand"]={cf=cfr(0,0,0,1,0,0,0,1,0,0,0,1);es="Linear";ed="In";};["LeftHand"]={cf=cfr(0,0,0,1,0,0,0,1,0,0,0,1);es="Linear";ed="In";};["RightFoot"]={cf=cfr(0,0,0,1,0,0,0,1,0,0,0,1);es="Linear";ed="In";};["LeftLowerArm"]={cf=cfr(0,0,0,1,0,0,0,.94,-.342,0,.342,.94);es="Linear";ed="In";};["LowerTorso"]={cf=cfr(-.001,-2.195,2.2,.993,.098,-.071,-.12,.84,-.529,.008,.534,.846);es="Linear";ed="In";};["RightLowerArm"]={cf=cfr(0,.005,.007,1,0,0,0,.927,-.374,0,.374,.927);es="Linear";ed="In";};};{tm=.267;["RightUpperArm"]={cf=cfr(-.238,.05,.074,.982,-.183,.044,.13,.831,.54,-.135,-.525,.84);es="Linear";ed="In";};["LeftUpperArm"]={cf=cfr(.066,.023,-.001,.987,-.144,-.071,.16,.846,.509,-.013,-.513,.858);es="Linear";ed="In";};["Head"]={cf=cfr(.004,-.019,.005,.984,-.089,-.152,.176,.44,.88,-.012,-.893,.449);es="Linear";ed="In";};["UpperTorso"]={cf=cfr(0,-.001,-.015,.999,.033,.003,-.033,.986,.161,.002,-.161,.987);es="Linear";ed="In";};["RightUpperLeg"]={cf=cfr(-.06,.051,-.005,.916,-.38,-.129,-.015,.287,-.958,.401,.879,.257);es="Linear";ed="In";};["LeftUpperLeg"]={cf=cfr(0,0,.001,.886,.4,.235,.08,.369,-.926,-.457,.839,.295);es="Linear";ed="In";};["RightHand"]={cf=cfr(0,0,0,1,0,0,0,1,0,0,0,1);es="Linear";ed="In";};["LeftHand"]={cf=cfr(0,0,0,1,0,0,0,1,0,0,0,1);es="Linear";ed="In";};["RightFoot"]={cf=cfr(0,0,0,1,0,0,0,1,0,0,0,1);es="Linear";ed="In";};["LeftLowerArm"]={cf=cfr(0,0,0,1,0,0,0,.94,-.342,0,.342,.94);es="Linear";ed="In";};["LowerTorso"]={cf=cfr(-.002,-2.196,2.184,.991,.111,-.08,-.137,.84,-.525,.009,.531,.847);es="Linear";ed="In";};["RightLowerArm"]={cf=cfr(0,.006,.008,1,0,0,0,.926,-.378,0,.378,.926);es="Linear";ed="In";};};{tm=.283;["RightUpperArm"]={cf=cfr(-.262,.051,.084,.972,-.227,.053,.166,.833,.527,-.164,-.504,.848);es="Linear";ed="In";};["LeftUpperArm"]={cf=cfr(.069,.024,-.001,.987,-.143,-.076,.162,.851,.5,-.007,-.506,.863);es="Linear";ed="In";};["Head"]={cf=cfr(.004,-.021,.005,.982,-.099,-.163,.19,.44,.878,-.016,-.892,.451);es="Linear";ed="In";};["UpperTorso"]={cf=cfr(0,-.002,-.016,.999,.036,.006,-.037,.986,.162,0,-.162,.987);es="Linear";ed="In";};["RightUpperLeg"]={cf=cfr(-.068,.058,-.006,.922,-.367,-.12,-.012,.283,-.959,.386,.886,.256);es="Linear";ed="In";};["LeftUpperLeg"]={cf=cfr(0,.001,.002,.887,.397,.236,.079,.373,-.925,-.455,.839,.299);es="Linear";ed="In";};["RightHand"]={cf=cfr(0,0,0,1,0,0,0,1,0,0,0,1);es="Linear";ed="In";};["LeftHand"]={cf=cfr(0,0,0,1,0,0,0,1,0,0,0,1);es="Linear";ed="In";};["RightFoot"]={cf=cfr(0,0,0,1,0,0,0,1,0,0,0,1);es="Linear";ed="In";};["LeftLowerArm"]={cf=cfr(0,0,0,1,0,0,0,.94,-.342,0,.342,.94);es="Linear";ed="In";};["LowerTorso"]={cf=cfr(-.002,-2.196,2.168,.988,.125,-.09,-.154,.84,-.521,.011,.528,.849);es="Linear";ed="In";};["RightLowerArm"]={cf=cfr(0,.007,.009,1,0,0,0,.924,-.383,0,.383,.924);es="Linear";ed="In";};};{tm=.3;["RightUpperArm"]={cf=cfr(-.286,.052,.096,.96,-.274,.063,.204,.833,.514,-.193,-.48,.856);es="Linear";ed="In";};["LeftUpperArm"]={cf=cfr(.073,.024,-.001,.987,-.142,-.08,.163,.856,.491,-.001,-.498,.867);es="Linear";ed="In";};["Head"]={cf=cfr(.005,-.023,.006,.979,-.11,-.174,.205,.44,.874,-.02,-.891,.453);es="Linear";ed="In";};["UpperTorso"]={cf=cfr(-.001,-.002,-.016,.999,.039,.009,-.04,.986,.162,-.002,-.163,.987);es="Linear";ed="In";};["RightUpperLeg"]={cf=cfr(-.076,.065,-.007,.929,-.354,-.111,-.009,.277,-.961,.371,.893,.254);es="Linear";ed="In";};["LeftUpperLeg"]={cf=cfr(0,.001,.002,.888,.394,.237,.079,.376,-.923,-.453,.838,.303);es="Linear";ed="In";};["RightHand"]={cf=cfr(0,0,0,1,0,0,0,1,0,0,0,1);es="Linear";ed="In";};["LeftHand"]={cf=cfr(0,0,0,1,0,0,0,1,0,0,0,1);es="Linear";ed="In";};["RightFoot"]={cf=cfr(0,0,0,1,0,0,0,1,0,0,0,1);es="Linear";ed="In";};["LeftLowerArm"]={cf=cfr(0,0,0,1,0,0,0,.94,-.342,0,.342,.94);es="Linear";ed="In";};["LowerTorso"]={cf=cfr(-.002,-2.197,2.151,.985,.141,-.101,-.173,.839,-.516,.012,.526,.851);es="Linear";ed="In";};["RightLowerArm"]={cf=cfr(0,.008,.01,1,0,0,0,.922,-.388,0,.388,.922);es="Linear";ed="In";};};{tm=.317;["RightUpperArm"]={cf=cfr(-.308,.051,.108,.944,-.322,.075,.244,.831,.5,-.223,-.454,.863);es="Linear";ed="In";};["LeftUpperArm"]={cf=cfr(.077,.025,0,.987,-.14,-.085,.164,.86,.483,.005,-.49,.872);es="Linear";ed="In";};["Head"]={cf=cfr(.005,-.024,.006,.975,-.121,-.186,.221,.439,.871,-.024,-.89,.455);es="Linear";ed="In";};["UpperTorso"]={cf=cfr(-.001,-.002,-.016,.999,.042,.012,-.043,.986,.163,-.005,-.163,.987);es="Linear";ed="In";};["RightUpperLeg"]={cf=cfr(-.084,.073,-.008,.935,-.34,-.101,-.005,.272,-.962,.354,.9,.253);es="Linear";ed="In";};["LeftUpperLeg"]={cf=cfr(0,.001,.002,.889,.391,.238,.079,.38,-.921,-.451,.838,.307);es="Linear";ed="In";};["RightHand"]={cf=cfr(0,0,0,1,0,0,0,1,0,0,0,1);es="Linear";ed="In";};["LeftHand"]={cf=cfr(0,0,0,1,0,0,0,1,0,0,0,1);es="Linear";ed="In";};["RightFoot"]={cf=cfr(0,0,0,1,0,0,0,1,0,0,0,1);es="Linear";ed="In";};["LeftLowerArm"]={cf=cfr(0,0,0,1,0,0,0,.94,-.342,0,.342,.94);es="Linear";ed="In";};["LowerTorso"]={cf=cfr(-.002,-2.198,2.133,.981,.157,-.112,-.192,.838,-.511,.014,.523,.853);es="Linear";ed="In";};["RightLowerArm"]={cf=cfr(0,.008,.011,1,0,0,0,.919,-.393,0,.393,.919);es="Linear";ed="In";};};{tm=.333;["RightUpperArm"]={cf=cfr(-.33,.05,.12,.924,-.372,.087,.286,.826,.486,-.253,-.424,.87);es="Linear";ed="In";};["LeftUpperArm"]={cf=cfr(.08,.026,0,.986,-.139,-.089,.165,.865,.474,.011,-.482,.876);es="Linear";ed="In";};["Head"]={cf=cfr(.006,-.026,.007,.971,-.133,-.199,.237,.438,.867,-.028,-.889,.457);es="Linear";ed="In";};["UpperTorso"]={cf=cfr(-.001,-.002,-.016,.999,.045,.015,-.047,.985,.163,-.007,-.164,.986);es="Linear";ed="In";};["RightUpperLeg"]={cf=cfr(-.092,.081,-.01,.942,-.324,-.091,-.001,.266,-.964,.337,.908,.25);es="Linear";ed="In";};["LeftUpperLeg"]={cf=cfr(0,.001,.002,.89,.388,.239,.079,.384,-.92,-.449,.837,.312);es="Linear";ed="In";};["RightHand"]={cf=cfr(0,0,0,1,0,0,0,1,0,0,0,1);es="Linear";ed="In";};["LeftHand"]={cf=cfr(0,0,0,1,0,0,0,1,0,0,0,1);es="Linear";ed="In";};["RightFoot"]={cf=cfr(0,0,0,1,0,0,0,1,0,0,0,1);es="Linear";ed="In";};["LeftLowerArm"]={cf=cfr(0,0,0,1,0,0,0,.94,-.342,0,.342,.94);es="Linear";ed="In";};["LowerTorso"]={cf=cfr(-.003,-2.199,2.113,.977,.174,-.124,-.213,.837,-.505,.016,.519,.854);es="Linear";ed="In";};["RightLowerArm"]={cf=cfr(0,.009,.013,1,0,0,0,.917,-.399,0,.399,.917);es="Linear";ed="In";};};{tm=.35;["RightUpperArm"]={cf=cfr(-.35,.047,.133,.9,-.423,.102,.331,.818,.471,-.283,-.39,.876);es="Linear";ed="In";};["LeftUpperArm"]={cf=cfr(.084,.026,0,.986,-.138,-.093,.165,.87,.465,.017,-.474,.88);es="Linear";ed="In";};["Head"]={cf=cfr(.006,-.028,.007,.966,-.145,-.212,.255,.437,.863,-.032,-.888,.459);es="Linear";ed="In";};["UpperTorso"]={cf=cfr(-.001,-.002,-.016,.999,.049,.018,-.051,.985,.164,-.01,-.165,.986);es="Linear";ed="In";};["RightUpperLeg"]={cf=cfr(-.101,.089,-.012,.948,-.308,-.08,.003,.26,-.966,.318,.915,.248);es="Linear";ed="In";};["LeftUpperLeg"]={cf=cfr(0,.001,.002,.891,.385,.24,.079,.389,-.918,-.447,.837,.316);es="Linear";ed="In";};["RightHand"]={cf=cfr(0,0,0,1,0,0,0,1,0,0,0,1);es="Linear";ed="In";};["LeftHand"]={cf=cfr(0,0,0,1,0,0,0,1,0,0,0,1);es="Linear";ed="In";};["RightFoot"]={cf=cfr(0,0,0,1,0,0,0,1,0,0,0,1);es="Linear";ed="In";};["LeftLowerArm"]={cf=cfr(0,0,0,1,0,0,0,.94,-.342,0,.342,.94);es="Linear";ed="In";};["LowerTorso"]={cf=cfr(-.003,-2.2,2.093,.972,.191,-.136,-.234,.835,-.498,.018,.516,.856);es="Linear";ed="In";};["RightLowerArm"]={cf=cfr(0,.01,.014,1,0,0,0,.915,-.404,0,.404,.915);es="Linear";ed="In";};};{tm=.367;["RightUpperArm"]={cf=cfr(-.368,.043,.146,.873,-.474,.118,.376,.806,.456,-.312,-.354,.882);es="Linear";ed="In";};["LeftUpperArm"]={cf=cfr(.087,.026,.001,.986,-.136,-.098,.166,.874,.456,.023,-.466,.884);es="Linear";ed="In";};["Head"]={cf=cfr(.007,-.029,.008,.961,-.158,-.226,.273,.436,.858,-.037,-.886,.462);es="Linear";ed="In";};["UpperTorso"]={cf=cfr(-.001,-.002,-.016,.998,.052,.022,-.055,.985,.165,-.013,-.166,.986);es="Linear";ed="In";};["RightUpperLeg"]={cf=cfr(-.11,.098,-.014,.954,-.291,-.069,.008,.254,-.967,.299,.922,.245);es="Linear";ed="In";};["LeftUpperLeg"]={cf=cfr(.001,.001,.002,.892,.382,.24,.079,.393,-.916,-.444,.836,.321);es="Linear";ed="In";};["RightHand"]={cf=cfr(0,0,0,1,0,0,0,1,0,0,0,1);es="Linear";ed="In";};["LeftHand"]={cf=cfr(0,0,0,1,0,0,0,1,0,0,0,1);es="Linear";ed="In";};["RightFoot"]={cf=cfr(0,0,0,1,0,0,0,1,0,0,0,1);es="Linear";ed="In";};["LeftLowerArm"]={cf=cfr(0,0,0,1,0,0,0,.94,-.342,0,.342,.94);es="Linear";ed="In";};["LowerTorso"]={cf=cfr(-.003,-2.2,2.072,.966,.21,-.148,-.256,.833,-.491,.02,.513,.858);es="Linear";ed="In";};["RightLowerArm"]={cf=cfr(0,.011,.015,1,0,0,0,.912,-.41,0,.41,.912);es="Linear";ed="In";};};{tm=.383;["RightUpperArm"]={cf=cfr(-.384,.037,.159,.84,-.526,.136,.424,.791,.441,-.339,-.313,.887);es="Linear";ed="In";};["LeftUpperArm"]={cf=cfr(.09,.027,.001,.986,-.135,-.102,.167,.878,.448,.029,-.458,.888);es="Linear";ed="In";};["Head"]={cf=cfr(.008,-.03,.008,.956,-.171,-.24,.292,.434,.852,-.042,-.885,.465);es="Linear";ed="In";};["UpperTorso"]={cf=cfr(-.001,-.002,-.016,.998,.056,.025,-.06,.984,.165,-.016,-.167,.986);es="Linear";ed="In";};["RightUpperLeg"]={cf=cfr(-.12,.107,-.016,.96,-.273,-.057,.013,.248,-.969,.278,.93,.242);es="Linear";ed="In";};["LeftUpperLeg"]={cf=cfr(.001,.001,.002,.894,.378,.241,.078,.398,-.914,-.442,.836,.326);es="Linear";ed="In";};["RightHand"]={cf=cfr(0,0,0,1,0,0,0,1,0,0,0,1);es="Linear";ed="In";};["LeftHand"]={cf=cfr(0,0,0,1,0,0,0,1,0,0,0,1);es="Linear";ed="In";};["RightFoot"]={cf=cfr(0,0,0,1,0,0,0,1,0,0,0,1);es="Linear";ed="In";};["LeftLowerArm"]={cf=cfr(0,0,0,1,0,0,0,.94,-.342,0,.342,.94);es="Linear";ed="In";};["LowerTorso"]={cf=cfr(-.004,-2.201,2.049,.96,.229,-.161,-.279,.83,-.484,.023,.509,.86);es="Linear";ed="In";};["RightLowerArm"]={cf=cfr(0,.012,.017,1,0,0,0,.909,-.417,0,.417,.909);es="Linear";ed="In";};};{tm=.4;["RightUpperArm"]={cf=cfr(-.396,.031,.172,.802,-.577,.155,.472,.772,.427,-.366,-.269,.891);es="Linear";ed="In";};["LeftUpperArm"]={cf=cfr(.094,.027,.002,.985,-.134,-.107,.168,.883,.439,.035,-.45,.892);es="Linear";ed="In";};["Head"]={cf=cfr(.008,-.031,.008,.949,-.185,-.255,.311,.432,.846,-.047,-.883,.467);es="Linear";ed="In";};["UpperTorso"]={cf=cfr(-.001,-.002,-.016,.998,.06,.029,-.064,.984,.166,-.019,-.168,.986);es="Linear";ed="In";};["RightUpperLeg"]={cf=cfr(-.13,.117,-.019,.966,-.253,-.045,.018,.241,-.97,.257,.937,.238);es="Linear";ed="In";};["LeftUpperLeg"]={cf=cfr(.001,.001,.002,.895,.375,.242,.078,.403,-.912,-.439,.835,.331);es="Linear";ed="In";};["RightHand"]={cf=cfr(0,0,0,1,0,0,0,1,0,0,0,1);es="Linear";ed="In";};["LeftHand"]={cf=cfr(0,0,0,1,0,0,0,1,0,0,0,1);es="Linear";ed="In";};["RightFoot"]={cf=cfr(0,0,0,1,0,0,0,1,0,0,0,1);es="Linear";ed="In";};["LeftLowerArm"]={cf=cfr(0,0,0,1,0,0,0,.94,-.342,0,.342,.94);es="Linear";ed="In";};["LowerTorso"]={cf=cfr(-.004,-2.201,2.026,.953,.249,-.175,-.303,.826,-.475,.026,.506,.862);es="Linear";ed="In";};["RightLowerArm"]={cf=cfr(0,.013,.018,1,0,0,0,.906,-.423,0,.423,.906);es="Linear";ed="In";};};{tm=.417;["RightUpperArm"]={cf=cfr(-.406,.023,.184,.759,-.626,.177,.521,.748,.412,-.39,-.221,.894);es="Linear";ed="In";};["LeftUpperArm"]={cf=cfr(.097,.027,.002,.985,-.133,-.111,.168,.887,.43,.041,-.443,.896);es="Linear";ed="In";};["Head"]={cf=cfr(.009,-.032,.008,.942,-.2,-.27,.332,.429,.84,-.052,-.881,.471);es="Linear";ed="In";};["UpperTorso"]={cf=cfr(-.001,-.002,-.016,.997,.064,.033,-.069,.984,.167,-.022,-.169,.985);es="Linear";ed="In";};["RightUpperLeg"]={cf=cfr(-.14,.127,-.023,.972,-.233,-.033,.024,.235,-.972,.234,.944,.234);es="Linear";ed="In";};["LeftUpperLeg"]={cf=cfr(.001,.001,.002,.896,.371,.243,.078,.408,-.91,-.437,.834,.337);es="Linear";ed="In";};["RightHand"]={cf=cfr(0,0,0,1,0,0,0,1,0,0,0,1);es="Linear";ed="In";};["LeftHand"]={cf=cfr(0,0,0,1,0,0,0,1,0,0,0,1);es="Linear";ed="In";};["RightFoot"]={cf=cfr(0,0,0,1,0,0,0,1,0,0,0,1);es="Linear";ed="In";};["LeftLowerArm"]={cf=cfr(0,0,0,1,0,0,0,.94,-.342,0,.342,.94);es="Linear";ed="In";};["LowerTorso"]={cf=cfr(-.004,-2.202,2.002,.944,.27,-.188,-.328,.822,-.466,.029,.502,.865);es="Linear";ed="In";};["RightLowerArm"]={cf=cfr(0,.014,.02,1,0,0,0,.903,-.43,0,.43,.903);es="Linear";ed="In";};};{tm=.433;["RightUpperArm"]={cf=cfr(-.411,.014,.195,.711,-.674,.2,.57,.719,.398,-.412,-.169,.895);es="Linear";ed="In";};["LeftUpperArm"]={cf=cfr(.1,.027,.003,.985,-.132,-.115,.169,.891,.422,.047,-.435,.899);es="Linear";ed="In";};["Head"]={cf=cfr(.009,-.033,.008,.934,-.215,-.286,.353,.426,.833,-.057,-.879,.474);es="Linear";ed="In";};["UpperTorso"]={cf=cfr(-.001,-.002,-.016,.997,.069,.037,-.074,.983,.167,-.025,-.17,.985);es="Linear";ed="In";};["RightUpperLeg"]={cf=cfr(-.151,.138,-.026,.977,-.212,-.02,.03,.228,-.973,.211,.95,.229);es="Linear";ed="In";};["LeftUpperLeg"]={cf=cfr(.001,.001,.002,.898,.367,.244,.078,.413,-.907,-.434,.834,.342);es="Linear";ed="In";};["RightHand"]={cf=cfr(0,0,0,1,0,0,0,1,0,0,0,1);es="Linear";ed="In";};["LeftHand"]={cf=cfr(0,0,0,1,0,0,0,1,0,0,0,1);es="Linear";ed="In";};["RightFoot"]={cf=cfr(0,0,0,1,0,0,0,1,0,0,0,1);es="Linear";ed="In";};["LeftLowerArm"]={cf=cfr(0,0,0,1,0,0,0,.94,-.342,0,.342,.94);es="Linear";ed="In";};["LowerTorso"]={cf=cfr(-.004,-2.202,1.977,.935,.292,-.202,-.354,.817,-.456,.032,.498,.867);es="Linear";ed="In";};["RightLowerArm"]={cf=cfr(0,.015,.021,1,0,0,0,.9,-.437,0,.437,.9);es="Linear";ed="In";};};{tm=.45;["RightUpperArm"]={cf=cfr(-.412,.004,.205,.657,-.72,.224,.619,.685,.385,-.431,-.114,.895);es="Linear";ed="In";};["LeftUpperArm"]={cf=cfr(.103,.027,.003,.984,-.131,-.12,.169,.895,.413,.053,-.427,.903);es="Linear";ed="In";};["Head"]={cf=cfr(.009,-.033,.009,.925,-.23,-.302,.374,.423,.825,-.062,-.876,.477);es="Linear";ed="In";};["UpperTorso"]={cf=cfr(-.001,-.002,-.016,.996,.073,.042,-.079,.983,.168,-.029,-.171,.985);es="Linear";ed="In";};["RightUpperLeg"]={cf=cfr(-.162,.149,-.03,.982,-.19,-.006,.036,.221,-.975,.186,.957,.224);es="Linear";ed="In";};["LeftUpperLeg"]={cf=cfr(.001,.001,.002,.899,.363,.245,.078,.419,-.905,-.431,.833,.348);es="Linear";ed="In";};["RightHand"]={cf=cfr(0,0,0,1,0,0,0,1,0,0,0,1);es="Linear";ed="In";};["LeftHand"]={cf=cfr(0,0,0,1,0,0,0,1,0,0,0,1);es="Linear";ed="In";};["RightFoot"]={cf=cfr(0,0,0,1,0,0,0,1,0,0,0,1);es="Linear";ed="In";};["LeftLowerArm"]={cf=cfr(0,0,0,1,0,0,0,.94,-.342,0,.342,.94);es="Linear";ed="In";};["LowerTorso"]={cf=cfr(-.005,-2.202,1.95,.924,.314,-.216,-.38,.811,-.446,.035,.494,.869);es="Linear";ed="In";};["RightLowerArm"]={cf=cfr(0,.016,.023,1,0,0,0,.896,-.444,0,.444,.896);es="Linear";ed="In";};};{tm=.467;["RightUpperArm"]={cf=cfr(-.409,-.006,.213,.597,-.762,.25,.667,.645,.373,-.446,-.056,.893);es="Linear";ed="In";};["LeftUpperArm"]={cf=cfr(.106,.027,.004,.984,-.13,-.124,.17,.899,.405,.059,-.419,.906);es="Linear";ed="In";};["Head"]={cf=cfr(.01,-.033,.008,.915,-.246,-.318,.397,.419,.817,-.068,-.874,.481);es="Linear";ed="In";};["UpperTorso"]={cf=cfr(-.001,-.002,-.016,.996,.078,.046,-.084,.982,.169,-.032,-.172,.985);es="Linear";ed="In";};["RightUpperLeg"]={cf=cfr(-.173,.161,-.035,.986,-.166,.007,.043,.214,-.976,.161,.963,.218);es="Linear";ed="In";};["LeftUpperLeg"]={cf=cfr(.001,.001,.002,.901,.358,.246,.078,.424,-.902,-.428,.832,.354);es="Linear";ed="In";};["RightHand"]={cf=cfr(0,0,0,1,0,0,0,1,0,0,0,1);es="Linear";ed="In";};["LeftHand"]={cf=cfr(0,0,0,1,0,0,0,1,0,0,0,1);es="Linear";ed="In";};["RightFoot"]={cf=cfr(0,0,0,1,0,0,0,1,0,0,0,1);es="Linear";ed="In";};["LeftLowerArm"]={cf=cfr(0,0,0,1,0,0,0,.94,-.342,0,.342,.94);es="Linear";ed="In";};["LowerTorso"]={cf=cfr(-.005,-2.202,1.923,.913,.337,-.231,-.407,.804,-.434,.039,.49,.871);es="Linear";ed="In";};["RightLowerArm"]={cf=cfr(0,.017,.024,1,0,0,0,.892,-.452,0,.452,.892);es="Linear";ed="In";};};{tm=.483;["RightUpperArm"]={cf=cfr(-.4,-.016,.218,.532,-.8,.278,.713,.6,.362,-.456,.006,.89);es="Linear";ed="In";};["LeftUpperArm"]={cf=cfr(.109,.027,.004,.983,-.129,-.128,.17,.902,.396,.064,-.411,.909);es="Linear";ed="In";};["Head"]={cf=cfr(.01,-.033,.008,.905,-.263,-.335,.419,.415,.808,-.073,-.871,.485);es="Linear";ed="In";};["UpperTorso"]={cf=cfr(-.001,-.002,-.016,.995,.082,.051,-.09,.981,.169,-.036,-.173,.984);es="Linear";ed="In";};["RightUpperLeg"]={cf=cfr(-.184,.173,-.04,.99,-.142,.021,.051,.207,-.977,.134,.968,.212);es="Linear";ed="In";};["LeftUpperLeg"]={cf=cfr(.001,.001,.002,.902,.354,.247,.078,.43,-.899,-.424,.831,.361);es="Linear";ed="In";};["RightHand"]={cf=cfr(0,0,0,1,0,0,0,1,0,0,0,1);es="Linear";ed="In";};["LeftHand"]={cf=cfr(0,0,0,1,0,0,0,1,0,0,0,1);es="Linear";ed="In";};["RightFoot"]={cf=cfr(0,0,0,1,0,0,0,1,0,0,0,1);es="Linear";ed="In";};["LeftLowerArm"]={cf=cfr(0,0,0,1,0,0,0,.94,-.342,0,.342,.94);es="Linear";ed="In";};["LowerTorso"]={cf=cfr(-.005,-2.202,1.895,.9,.361,-.245,-.434,.796,-.422,.043,.486,.873);es="Linear";ed="In";};["RightLowerArm"]={cf=cfr(0,.018,.026,1,0,0,0,.888,-.459,0,.459,.888);es="Linear";ed="In";};};{tm=.5;["RightUpperArm"]={cf=cfr(-.386,-.026,.221,.461,-.833,.307,.758,.55,.352,-.462,.07,.884);es="Linear";ed="In";};["LeftUpperArm"]={cf=cfr(.112,.027,.005,.983,-.129,-.132,.171,.906,.387,.07,-.403,.912);es="Linear";ed="In";};["Head"]={cf=cfr(.01,-.032,.008,.893,-.279,-.352,.443,.41,.798,-.079,-.868,.489);es="Linear";ed="In";};["UpperTorso"]={cf=cfr(-.001,-.002,-.016,.995,.087,.056,-.096,.981,.17,-.04,-.174,.984);es="Linear";ed="In";};["RightUpperLeg"]={cf=cfr(-.196,.186,-.045,.993,-.116,.036,.059,.2,-.978,.106,.973,.205);es="Linear";ed="In";};["LeftUpperLeg"]={cf=cfr(.001,.001,.002,.904,.349,.248,.078,.436,-.896,-.421,.829,.367);es="Linear";ed="In";};["RightHand"]={cf=cfr(0,0,0,1,0,0,0,1,0,0,0,1);es="Linear";ed="In";};["LeftHand"]={cf=cfr(0,0,0,1,0,0,0,1,0,0,0,1);es="Linear";ed="In";};["RightFoot"]={cf=cfr(0,0,0,1,0,0,0,1,0,0,0,1);es="Linear";ed="In";};["LeftLowerArm"]={cf=cfr(0,0,0,1,0,0,0,.94,-.342,0,.342,.94);es="Linear";ed="In";};["LowerTorso"]={cf=cfr(-.005,-2.201,1.866,.885,.385,-.26,-.462,.787,-.409,.047,.482,.875);es="Linear";ed="In";};["RightLowerArm"]={cf=cfr(0,.019,.028,1,0,0,0,.884,-.467,0,.467,.884);es="Linear";ed="In";};};{tm=.517;["RightUpperArm"]={cf=cfr(-.366,-.036,.219,.385,-.859,.337,.799,.493,.345,-.462,.137,.876);es="Linear";ed="In";};["LeftUpperArm"]={cf=cfr(.115,.026,.005,.982,-.128,-.137,.171,.91,.379,.076,-.396,.915);es="Linear";ed="In";};["Head"]={cf=cfr(.01,-.031,.008,.88,-.297,-.37,.467,.404,.787,-.084,-.865,.494);es="Linear";ed="In";};["UpperTorso"]={cf=cfr(-.001,-.002,-.016,.994,.092,.061,-.102,.98,.171,-.044,-.176,.983);es="Linear";ed="In";};["RightUpperLeg"]={cf=cfr(-.208,.199,-.052,.995,-.09,.051,.067,.192,-.979,.078,.977,.197);es="Linear";ed="In";};["LeftUpperLeg"]={cf=cfr(.001,.001,.002,.905,.344,.249,.078,.443,-.893,-.418,.828,.374);es="Linear";ed="In";};["RightHand"]={cf=cfr(0,0,0,1,0,0,0,1,0,0,0,1);es="Linear";ed="In";};["LeftHand"]={cf=cfr(0,0,0,1,0,0,0,1,0,0,0,1);es="Linear";ed="In";};["RightFoot"]={cf=cfr(0,0,0,1,0,0,0,1,0,0,0,1);es="Linear";ed="In";};["LeftLowerArm"]={cf=cfr(0,0,0,1,0,0,0,.94,-.342,0,.342,.94);es="Linear";ed="In";};["LowerTorso"]={cf=cfr(-.005,-2.201,1.835,.87,.41,-.275,-.491,.777,-.394,.052,.478,.877);es="Linear";ed="In";};["RightLowerArm"]={cf=cfr(0,.02,.03,1,0,0,0,.88,-.475,0,.475,.88);es="Linear";ed="In";};};{tm=.533;["RightUpperArm"]={cf=cfr(-.34,-.044,.214,.304,-.879,.368,.836,.431,.339,-.457,.205,.866);es="Linear";ed="In";};["LeftUpperArm"]={cf=cfr(.118,.026,.006,.982,-.127,-.141,.171,.913,.37,.081,-.388,.918);es="Linear";ed="In";};["Head"]={cf=cfr(.01,-.029,.007,.867,-.314,-.387,.491,.397,.775,-.09,-.862,.499);es="Linear";ed="In";};["UpperTorso"]={cf=cfr(-.001,-.002,-.016,.993,.098,.066,-.108,.979,.171,-.048,-.177,.983);es="Linear";ed="In";};["RightUpperLeg"]={cf=cfr(-.22,.213,-.058,.996,-.062,.066,.076,.185,-.98,.048,.981,.189);es="Linear";ed="In";};["LeftUpperLeg"]={cf=cfr(.001,.001,.002,.907,.339,.25,.078,.449,-.89,-.414,.827,.381);es="Linear";ed="In";};["RightHand"]={cf=cfr(0,0,0,1,0,0,0,1,0,0,0,1);es="Linear";ed="In";};["LeftHand"]={cf=cfr(0,0,0,1,0,0,0,1,0,0,0,1);es="Linear";ed="In";};["RightFoot"]={cf=cfr(0,0,0,1,0,0,0,1,0,0,0,1);es="Linear";ed="In";};["LeftLowerArm"]={cf=cfr(0,0,0,1,0,0,0,.94,-.342,0,.342,.94);es="Linear";ed="In";};["LowerTorso"]={cf=cfr(-.005,-2.2,1.804,.853,.435,-.289,-.519,.766,-.379,.056,.474,.879);es="Linear";ed="In";};["RightLowerArm"]={cf=cfr(0,.022,.032,1,0,0,0,.875,-.484,0,.484,.875);es="Linear";ed="In";};};{tm=.55;["RightUpperArm"]={cf=cfr(-.308,-.05,.203,.219,-.89,.4,.869,.364,.335,-.444,.274,.853);es="Linear";ed="In";};["LeftUpperArm"]={cf=cfr(.121,.026,.006,.981,-.126,-.145,.171,.916,.362,.087,-.38,.921);es="Linear";ed="In";};["Head"]={cf=cfr(.009,-.027,.007,.852,-.332,-.405,.515,.39,.763,-.095,-.859,.504);es="Linear";ed="In";};["UpperTorso"]={cf=cfr(-.001,-.002,-.016,.992,.103,.071,-.114,.978,.172,-.052,-.179,.983);es="Linear";ed="In";};["RightUpperLeg"]={cf=cfr(-.233,.228,-.066,.996,-.033,.081,.085,.178,-.98,.018,.984,.18);es="Linear";ed="In";};["LeftUpperLeg"]={cf=cfr(.001,.001,.002,.909,.334,.251,.078,.456,-.887,-.41,.825,.388);es="Linear";ed="In";};["RightHand"]={cf=cfr(0,0,0,1,0,0,0,1,0,0,0,1);es="Linear";ed="In";};["LeftHand"]={cf=cfr(0,0,0,1,0,0,0,1,0,0,0,1);es="Linear";ed="In";};["RightFoot"]={cf=cfr(0,0,0,1,0,0,0,1,0,0,0,1);es="Linear";ed="In";};["LeftLowerArm"]={cf=cfr(0,0,0,1,0,0,0,.94,-.342,0,.342,.94);es="Linear";ed="In";};["LowerTorso"]={cf=cfr(-.005,-2.199,1.771,.834,.461,-.304,-.548,.753,-.363,.062,.469,.881);es="Linear";ed="In";};["RightLowerArm"]={cf=cfr(0,.023,.033,1,0,0,0,.87,-.493,0,.493,.87);es="Linear";ed="In";};};{tm=.567;["RightUpperArm"]={cf=cfr(-.27,-.054,.187,.13,-.893,.432,.896,.292,.334,-.425,.343,.838);es="Linear";ed="In";};["LeftUpperArm"]={cf=cfr(.123,.025,.007,.981,-.126,-.149,.171,.92,.354,.093,-.372,.923);es="Linear";ed="In";};["Head"]={cf=cfr(.008,-.024,.006,.835,-.351,-.423,.54,.383,.749,-.101,-.855,.509);es="Linear";ed="In";};["UpperTorso"]={cf=cfr(-.001,-.002,-.016,.991,.108,.077,-.12,.978,.173,-.056,-.18,.982);es="Linear";ed="In";};["RightUpperLeg"]={cf=cfr(-.246,.243,-.074,.995,-.003,.096,.095,.171,-.981,-.013,.985,.17);es="Linear";ed="In";};["LeftUpperLeg"]={cf=cfr(0,.001,.002,.91,.328,.252,.078,.462,-.883,-.407,.824,.395);es="Linear";ed="In";};["RightHand"]={cf=cfr(0,0,0,1,0,0,0,1,0,0,0,1);es="Linear";ed="In";};["LeftHand"]={cf=cfr(0,0,0,1,0,0,0,1,0,0,0,1);es="Linear";ed="In";};["RightFoot"]={cf=cfr(0,0,0,1,0,0,0,1,0,0,