local cfr = CFrame.new

return {{tm=0;["LeftUpperArm"]={cf=cfr(.199,-.032,.032,.949,-.124,-.291,.145,.988,.051,.281,-.09,.955);es="Sine";ed="InOut";};["Head"]={cf=cfr(0,0,0,.822,-.544,-.171,.569,.767,.296,-.03,-.341,.94);es="Sine";ed="InOut";};["RightUpperArm"]={cf=cfr(.003,.043,-.075,.171,-.03,.985,.852,-.498,-.163,.495,.867,-.059);es="Sine";ed="InOut";};["LeftUpperLeg"]={cf=cfr(0,0,0,.769,-.056,.637,.073,.997,0,-.636,.047,.771);es="Sine";ed="InOut";};["RightUpperLeg"]={cf=cfr(0,0,0,1,0,0,0,.985,-.174,0,.174,.985);es="Sine";ed="InOut";};["UpperTorso"]={cf=cfr(0,0,0,.985,-.163,-.059,.174,.925,.337,0,-.342,.94);es="Sine";ed="InOut";};["LeftLowerArm"]={cf=cfr(0,0,0,1,0,0,0,.94,-.342,0,.342,.94);es="Sine";ed="InOut";};["LeftFoot"]={cf=cfr(0,0,0,1,0,0,0,1,0,0,0,1);es="Sine";ed="InOut";};["LeftLowerLeg"]={cf=cfr(0,0,0,1,0,0,0,.5,.866,0,-.866,.5);es="Sine";ed="InOut";};["RightLowerArm"]={cf=cfr(0,0,0,1,0,0,0,0,-1,0,1,0);es="Sine";ed="InOut";};["LowerTorso"]={cf=cfr(-.686,-1.263,2.04,-.05,.989,-.14,-.996,-.059,-.06,-.068,.136,.988);es="Sine";ed="InOut";};["RightFoot"]={cf=cfr(0,0,0,1,0,0,0,1,0,0,0,1);es="Sine";ed="InOut";};["RightLowerLeg"]={cf=cfr(0,0,0,1,0,0,0,.643,.766,0,-.766,.643);es="Sine";ed="InOut";};["LeftHand"]={cf=cfr(0,0,0,1,0,0,0,1,0,0,0,1);es="Sine";ed="InOut";};["RightHand"]={cf=cfr(0,0,0,1,0,0,0,1,0,0,0,1);es="Sine";ed="InOut";};};{tm=.017;["RightUpperArm"]={cf=cfr(.003,.043,-.075,.171,-.03,.985,.852,-.498,-.163,.495,.867,-.059);es="Linear";ed="In";};["Head"]={cf=cfr(0,0,0,.822,-.543,-.171,.569,.767,.296,-.03,-.341,.94);es="Linear";ed="In";};["LeftUpperArm"]={cf=cfr(.199,-.032,.032,.949,-.124,-.291,.145,.988,.051,.281,-.091,.955);es="Linear";ed="In";};["UpperTorso"]={cf=cfr(0,0,0,.985,-.163,-.059,.174,.925,.337,0,-.342,.94);es="Linear";ed="In";};["RightUpperLeg"]={cf=cfr(0,0,0,1,0,0,0,.985,-.174,0,.174,.985);es="Linear";ed="In";};["LeftUpperLeg"]={cf=cfr(0,0,0,.769,-.056,.637,.073,.997,0,-.636,.047,.771);es="Linear";ed="In";};["LeftLowerArm"]={cf=cfr(0,0,0,1,0,0,0,.94,-.342,0,.342,.94);es="Linear";ed="In";};["LeftFoot"]={cf=cfr(0,0,0,1,0,0,0,1,0,0,0,1);es="Linear";ed="In";};["LeftLowerLeg"]={cf=cfr(0,0,0,1,0,0,0,.5,.866,0,-.866,.5);es="Linear";ed="In";};["RightLowerArm"]={cf=cfr(0,0,0,1,0,0,0,0,-1,0,1,0);es="Linear";ed="In";};["LowerTorso"]={cf=cfr(-.686,-1.263,2.04,-.05,.989,-.14,-.996,-.059,-.06,-.068,.136,.988);es="Linear";ed="In";};["RightFoot"]={cf=cfr(0,0,0,1,0,0,0,1,0,0,0,1);es="Linear";ed="In";};["RightLowerLeg"]={cf=cfr(0,0,0,1,0,0,0,.643,.766,0,-.766,.643);es="Linear";ed="In";};["LeftHand"]={cf=cfr(0,0,0,1,0,0,0,1,0,0,0,1);es="Linear";ed="In";};["RightHand"]={cf=cfr(0,0,0,1,0,0,0,1,0,0,0,1);es="Linear";ed="In";};};{tm=.033;["RightUpperArm"]={cf=cfr(.003,.043,-.075,.171,-.03,.985,.852,-.498,-.163,.495,.867,-.059);es="Linear";ed="In";};["Head"]={cf=cfr(0,0,0,.822,-.543,-.171,.569,.767,.296,-.03,-.341,.94);es="Linear";ed="In";};["LeftUpperArm"]={cf=cfr(.199,-.032,.032,.949,-.124,-.291,.145,.988,.051,.281,-.091,.955);es="Linear";ed="In";};["UpperTorso"]={cf=cfr(0,0,0,.985,-.163,-.059,.174,.925,.337,0,-.342,.94);es="Linear";ed="In";};["RightUpperLeg"]={cf=cfr(0,0,0,1,0,0,0,.985,-.173,0,.173,.985);es="Linear";ed="In";};["LeftUpperLeg"]={cf=cfr(0,0,0,.769,-.056,.637,.073,.997,0,-.636,.047,.771);es="Linear";ed="In";};["LeftLowerArm"]={cf=cfr(0,0,0,1,0,0,0,.94,-.342,0,.342,.94);es="Linear";ed="In";};["LeftFoot"]={cf=cfr(0,0,0,1,0,0,0,1,0,0,0,1);es="Linear";ed="In";};["LeftLowerLeg"]={cf=cfr(0,0,0,1,0,0,0,.5,.866,0,-.866,.5);es="Linear";ed="In";};["RightLowerArm"]={cf=cfr(0,0,0,1,0,0,0,0,-1,0,1,0);es="Linear";ed="In";};["LowerTorso"]={cf=cfr(-.686,-1.263,2.04,-.05,.989,-.14,-.996,-.059,-.06,-.068,.136,.988);es="Linear";ed="In";};["RightFoot"]={cf=cfr(0,0,0,1,0,0,0,1,0,0,0,1);es="Linear";ed="In";};["RightLowerLeg"]={cf=cfr(0,0,0,1,0,0,0,.643,.766,0,-.766,.643);es="Linear";ed="In";};["LeftHand"]={cf=cfr(0,0,0,1,0,0,0,1,0,0,0,1);es="Linear";ed="In";};["RightHand"]={cf=cfr(0,0,0,1,0,0,0,1,0,0,0,1);es="Linear";ed="In";};};{tm=.05;["RightUpperArm"]={cf=cfr(.003,.043,-.075,.171,-.03,.985,.852,-.498,-.163,.495,.867,-.059);es="Linear";ed="In";};["Head"]={cf=cfr(0,0,0,.822,-.543,-.171,.568,.767,.297,-.03,-.341,.94);es="Linear";ed="In";};["LeftUpperArm"]={cf=cfr(.199,-.032,.032,.949,-.124,-.291,.145,.988,.052,.281,-.091,.955);es="Linear";ed="In";};["UpperTorso"]={cf=cfr(0,0,0,.985,-.163,-.059,.174,.925,.337,0,-.342,.94);es="Linear";ed="In";};["RightUpperLeg"]={cf=cfr(0,0,0,1,0,0,0,.985,-.173,0,.173,.985);es="Linear";ed="In";};["LeftUpperLeg"]={cf=cfr(0,0,0,.769,-.056,.637,.073,.997,0,-.636,.047,.771);es="Linear";ed="In";};["LeftLowerArm"]={cf=cfr(0,0,0,1,0,0,0,.94,-.343,0,.343,.94);es="Linear";ed="In";};["LeftFoot"]={cf=cfr(0,0,0,1,0,0,0,1,0,0,0,1);es="Linear";ed="In";};["LeftLowerLeg"]={cf=cfr(0,0,0,1,0,0,0,.5,.866,0,-.866,.5);es="Linear";ed="In";};["RightLowerArm"]={cf=cfr(0,0,0,1,0,.001,.001,0,-1,0,1,0);es="Linear";ed="In";};["LowerTorso"]={cf=cfr(-.686,-1.263,2.04,-.05,.989,-.14,-.996,-.059,-.06,-.068,.136,.988);es="Linear";ed="In";};["RightFoot"]={cf=cfr(0,0,0,1,0,0,0,1,0,0,0,1);es="Linear";ed="In";};["RightLowerLeg"]={cf=cfr(0,0,0,1,0,0,0,.643,.765,0,-.765,.643);es="Linear";ed="In";};["LeftHand"]={cf=cfr(0,0,0,1,0,0,0,1,0,0,0,1);es="Linear";ed="In";};["RightHand"]={cf=cfr(0,0,0,1,0,0,0,1,0,0,0,1);es="Linear";ed="In";};};{tm=.067;["RightUpperArm"]={cf=cfr(.003,.043,-.075,.171,-.03,.985,.852,-.498,-.163,.495,.867,-.059);es="Linear";ed="In";};["Head"]={cf=cfr(0,0,0,.822,-.543,-.17,.568,.768,.297,-.03,-.341,.94);es="Linear";ed="In";};["LeftUpperArm"]={cf=cfr(.199,-.032,.032,.949,-.124,-.291,.145,.988,.052,.281,-.091,.955);es="Linear";ed="In";};["UpperTorso"]={cf=cfr(0,0,0,.985,-.163,-.059,.173,.925,.337,0,-.342,.94);es="Linear";ed="In";};["RightUpperLeg"]={cf=cfr(0,0,0,1,0,0,0,.985,-.173,0,.173,.985);es="Linear";ed="In";};["LeftUpperLeg"]={cf=cfr(0,0,0,.769,-.056,.637,.073,.997,0,-.636,.047,.771);es="Linear";ed="In";};["LeftLowerArm"]={cf=cfr(0,0,0,1,0,0,0,.939,-.343,0,.343,.939);es="Linear";ed="In";};["LeftFoot"]={cf=cfr(0,0,0,1,0,0,0,1,0,0,0,1);es="Linear";ed="In";};["LeftLowerLeg"]={cf=cfr(0,0,0,1,0,0,0,.5,.866,0,-.866,.5);es="Linear";ed="In";};["RightLowerArm"]={cf=cfr(0,0,0,1,0,.001,.001,.001,-1,0,1,.001);es="Linear";ed="In";};["LowerTorso"]={cf=cfr(-.686,-1.263,2.04,-.05,.989,-.14,-.996,-.059,-.06,-.068,.136,.988);es="Linear";ed="In";};["RightFoot"]={cf=cfr(0,0,0,1,0,0,0,1,0,0,0,1);es="Linear";ed="In";};["RightLowerLeg"]={cf=cfr(0,0,0,1,0,0,0,.644,.765,0,-.765,.644);es="Linear";ed="In";};["LeftHand"]={cf=cfr(0,0,0,1,0,0,0,1,0,0,0,1);es="Linear";ed="In";};["RightHand"]={cf=cfr(0,0,0,1,0,0,0,1,0,0,0,1);es="Linear";ed="In";};};{tm=.083;["RightUpperArm"]={cf=cfr(.003,.043,-.075,.171,-.03,.985,.852,-.498,-.163,.495,.867,-.059);es="Linear";ed="In";};["Head"]={cf=cfr(0,0,0,.823,-.542,-.17,.567,.768,.297,-.031,-.341,.94);es="Linear";ed="In";};["LeftUpperArm"]={cf=cfr(.199,-.032,.032,.949,-.124,-.291,.145,.988,.052,.281,-.092,.955);es="Linear";ed="In";};["UpperTorso"]={cf=cfr(0,0,0,.985,-.163,-.059,.173,.925,.337,0,-.342,.94);es="Linear";ed="In";};["RightUpperLeg"]={cf=cfr(0,0,0,1,0,0,0,.985,-.172,0,.172,.985);es="Linear";ed="In";};["LeftUpperLeg"]={cf=cfr(0,0,0,.768,-.057,.637,.073,.997,0,-.636,.047,.771);es="Linear";ed="In";};["LeftLowerArm"]={cf=cfr(0,0,0,1,0,0,0,.939,-.343,0,.343,.939);es="Linear";ed="In";};["LeftFoot"]={cf=cfr(0,0,0,1,0,0,0,1,0,0,0,1);es="Linear";ed="In";};["LeftLowerLeg"]={cf=cfr(0,0,0,1,0,0,0,.501,.866,0,-.866,.501);es="Linear";ed="In";};["RightLowerArm"]={cf=cfr(0,0,0,1,0,.001,.001,.001,-1,0,1,.001);es="Linear";ed="In";};["LowerTorso"]={cf=cfr(-.686,-1.263,2.04,-.05,.989,-.14,-.996,-.059,-.06,-.068,.136,.988);es="Linear";ed="In";};["RightFoot"]={cf=cfr(0,0,0,1,0,0,0,1,0,0,0,1);es="Linear";ed="In";};["RightLowerLeg"]={cf=cfr(0,0,0,1,0,0,0,.645,.765,0,-.765,.645);es="Linear";ed="In";};["LeftHand"]={cf=cfr(0,0,0,1,0,0,0,1,0,0,0,1);es="Linear";ed="In";};["RightHand"]={cf=cfr(0,0,0,1,0,0,0,1,0,0,0,1);es="Linear";ed="In";};};{tm=.1;["RightUpperArm"]={cf=cfr(.003,.043,-.075,.171,-.03,.985,.852,-.498,-.163,.495,.867,-.059);es="Linear";ed="In";};["Head"]={cf=cfr(0,0,0,.823,-.542,-.169,.567,.768,.297,-.031,-.341,.94);es="Linear";ed="In";};["LeftUpperArm"]={cf=cfr(.199,-.032,.032,.949,-.123,-.291,.145,.988,.053,.281,-.093,.955);es="Linear";ed="In";};["UpperTorso"]={cf=cfr(0,0,0,.985,-.163,-.059,.173,.925,.337,0,-.342,.94);es="Linear";ed="In";};["RightUpperLeg"]={cf=cfr(0,0,0,1,0,0,0,.985,-.172,0,.172,.985);es="Linear";ed="In";};["LeftUpperLeg"]={cf=cfr(0,0,0,.768,-.057,.637,.074,.997,0,-.636,.047,.771);es="Linear";ed="In";};["LeftLowerArm"]={cf=cfr(0,0,0,1,0,0,0,.939,-.344,0,.344,.939);es="Linear";ed="In";};["LeftFoot"]={cf=cfr(0,0,0,1,0,0,0,1,0,0,0,1);es="Linear";ed="In";};["LeftLowerLeg"]={cf=cfr(0,0,0,1,0,0,0,.501,.865,0,-.865,.501);es="Linear";ed="In";};["RightLowerArm"]={cf=cfr(0,0,0,1,0,.002,.002,.002,-1,0,1,.002);es="Linear";ed="In";};["LowerTorso"]={cf=cfr(-.686,-1.263,2.04,-.05,.989,-.14,-.996,-.059,-.06,-.068,.136,.988);es="Linear";ed="In";};["RightFoot"]={cf=cfr(0,0,0,1,0,0,0,1,0,0,0,1);es="Linear";ed="In";};["RightLowerLeg"]={cf=cfr(0,0,0,1,0,0,0,.645,.764,0,-.764,.645);es="Linear";ed="In";};["LeftHand"]={cf=cfr(0,0,0,1,0,0,0,1,0,0,0,1);es="Linear";ed="In";};["RightHand"]={cf=cfr(0,0,0,1,0,0,0,1,0,0,0,1);es="Linear";ed="In";};};{tm=.117;["RightUpperArm"]={cf=cfr(.003,.043,-.075,.171,-.03,.985,.852,-.498,-.163,.495,.867,-.059);es="Linear";ed="In";};["Head"]={cf=cfr(0,0,0,.824,-.541,-.169,.566,.769,.298,-.032,-.341,.94);es="Linear";ed="In";};["LeftUpperArm"]={cf=cfr(.199,-.032,.032,.949,-.123,-.292,.145,.988,.054,.281,-.093,.955);es="Linear";ed="In";};["UpperTorso"]={cf=cfr(0,0,0,.985,-.163,-.059,.173,.926,.337,0,-.342,.94);es="Linear";ed="In";};["RightUpperLeg"]={cf=cfr(0,0,0,1,0,0,0,.985,-.171,0,.171,.985);es="Linear";ed="In";};["LeftUpperLeg"]={cf=cfr(0,0,0,.768,-.057,.637,.074,.997,.001,-.636,.047,.771);es="Linear";ed="In";};["LeftLowerArm"]={cf=cfr(0,0,0,1,0,0,0,.939,-.345,0,.345,.939);es="Linear";ed="In";};["LeftFoot"]={cf=cfr(0,0,0,1,0,0,0,1,0,0,0,1);es="Linear";ed="In";};["LeftLowerLeg"]={cf=cfr(0,0,0,1,0,0,0,.502,.865,0,-.865,.502);es="Linear";ed="In";};["RightLowerArm"]={cf=cfr(0,0,0,1,0,.003,.003,.003,-1,0,1,.003);es="Linear";ed="In";};["LowerTorso"]={cf=cfr(-.686,-1.263,2.04,-.05,.989,-.14,-.996,-.059,-.06,-.068,.136,.988);es="Linear";ed="In";};["RightFoot"]={cf=cfr(0,0,0,1,0,0,0,1,0,0,0,1);es="Linear";ed="In";};["RightLowerLeg"]={cf=cfr(0,0,0,1,0,0,0,.646,.763,0,-.763,.646);es="Linear";ed="In";};["LeftHand"]={cf=cfr(0,0,0,1,0,0,0,1,0,0,0,1);es="Linear";ed="In";};["RightHand"]={cf=cfr(0,0,0,1,0,0,0,1,0,0,0,1);es="Linear";ed="In";};};{tm=.133;["RightUpperArm"]={cf=cfr(.003,.043,-.075,.171,-.03,.985,.852,-.498,-.163,.495,.867,-.059);es="Linear";ed="In";};["Head"]={cf=cfr(0,0,0,.824,-.54,-.168,.565,.769,.298,-.032,-.341,.94);es="Linear";ed="In";};["LeftUpperArm"]={cf=cfr(.199,-.032,.032,.949,-.123,-.292,.145,.988,.055,.281,-.094,.955);es="Linear";ed="In";};["UpperTorso"]={cf=cfr(0,0,0,.985,-.162,-.059,.173,.926,.337,0,-.342,.94);es="Linear";ed="In";};["RightUpperLeg"]={cf=cfr(0,0,0,1,0,0,0,.985,-.171,0,.171,.985);es="Linear";ed="In";};["LeftUpperLeg"]={cf=cfr(0,0,0,.768,-.057,.637,.074,.997,.001,-.636,.047,.77);es="Linear";ed="In";};["LeftLowerArm"]={cf=cfr(0,0,0,1,0,0,0,.938,-.346,0,.346,.938);es="Linear";ed="In";};["LeftFoot"]={cf=cfr(0,0,0,1,0,0,0,1,0,0,0,1);es="Linear";ed="In";};["LeftLowerLeg"]={cf=cfr(0,0,0,1,0,0,0,.502,.865,0,-.865,.502);es="Linear";ed="In";};["RightLowerArm"]={cf=cfr(0,0,0,1,0,.004,.004,.003,-1,0,1,.003);es="Linear";ed="In";};["LowerTorso"]={cf=cfr(-.686,-1.263,2.04,-.05,.989,-.14,-.996,-.059,-.06,-.068,.136,.988);es="Linear";ed="In";};["RightFoot"]={cf=cfr(0,0,0,1,0,0,0,1,0,0,0,1);es="Linear";ed="In";};["RightLowerLeg"]={cf=cfr(0,0,0,1,0,0,0,.647,.762,0,-.762,.647);es="Linear";ed="In";};["LeftHand"]={cf=cfr(0,0,0,1,0,0,0,1,0,0,0,1);es="Linear";ed="In";};["RightHand"]={cf=cfr(0,0,0,1,0,0,0,1,0,0,0,1);es="Linear";ed="In";};};{tm=.15;["RightUpperArm"]={cf=cfr(.003,.043,-.075,.171,-.03,.985,.852,-.498,-.163,.495,.867,-.059);es="Linear";ed="In";};["Head"]={cf=cfr(0,0,0,.825,-.54,-.167,.564,.77,.299,-.033,-.341,.939);es="Linear";ed="In";};["LeftUpperArm"]={cf=cfr(.199,-.032,.032,.949,-.123,-.292,.145,.988,.056,.282,-.095,.955);es="Linear";ed="In";};["UpperTorso"]={cf=cfr(0,0,0,.985,-.162,-.059,.173,.926,.337,0,-.342,.94);es="Linear";ed="In";};["RightUpperLeg"]={cf=cfr(0,0,0,1,0,0,0,.985,-.17,0,.17,.985);es="Linear";ed="In";};["LeftUpperLeg"]={cf=cfr(0,0,0,.768,-.058,.637,.074,.997,.001,-.636,.047,.77);es="Linear";ed="In";};["LeftLowerArm"]={cf=cfr(0,0,0,1,0,0,0,.938,-.346,0,.346,.938);es="Linear";ed="In";};["LeftFoot"]={cf=cfr(0,0,0,1,0,0,0,1,0,0,0,1);es="Linear";ed="In";};["LeftLowerLeg"]={cf=cfr(0,0,0,1,0,0,0,.502,.865,0,-.865,.502);es="Linear";ed="In";};["RightLowerArm"]={cf=cfr(0,0,0,1,0,.005,.005,.004,-1,0,1,.004);es="Linear";ed="In";};["LowerTorso"]={cf=cfr(-.686,-1.263,2.04,-.05,.989,-.14,-.996,-.059,-.06,-.068,.136,.988);es="Linear";ed="In";};["RightFoot"]={cf=cfr(0,0,0,1,0,0,0,1,0,0,0,1);es="Linear";ed="In";};["RightLowerLeg"]={cf=cfr(0,0,0,1,0,0,0,.649,.761,0,-.761,.649);es="Linear";ed="In";};["LeftHand"]={cf=cfr(0,0,0,1,0,0,0,1,0,0,0,1);es="Linear";ed="In";};["RightHand"]={cf=cfr(0,0,0,1,0,0,0,1,0,0,0,1);es="Linear";ed="In";};};{tm=.167;["RightUpperArm"]={cf=cfr(.003,.043,-.075,.171,-.03,.985,.852,-.498,-.163,.495,.867,-.059);es="Linear";ed="In";};["Head"]={cf=cfr(0,0,0,.826,-.539,-.166,.563,.77,.3,-.033,-.341,.939);es="Linear";ed="In";};["LeftUpperArm"]={cf=cfr(.199,-.032,.032,.949,-.122,-.292,.145,.988,.057,.282,-.096,.955);es="Linear";ed="In";};["UpperTorso"]={cf=cfr(0,0,0,.985,-.162,-.059,.173,.926,.337,0,-.342,.94);es="Linear";ed="In";};["RightUpperLeg"]={cf=cfr(0,0,0,1,0,0,0,.986,-.169,0,.169,.986);es="Linear";ed="In";};["LeftUpperLeg"]={cf=cfr(0,0,0,.768,-.058,.638,.075,.997,.001,-.636,.047,.77);es="Linear";ed="In";};["LeftLowerArm"]={cf=cfr(0,0,0,1,0,0,0,.938,-.348,0,.348,.938);es="Linear";ed="In";};["LeftFoot"]={cf=cfr(0,0,0,1,0,0,0,1,0,0,0,1);es="Linear";ed="In";};["LeftLowerLeg"]={cf=cfr(0,0,0,1,0,0,0,.503,.864,0,-.864,.503);es="Linear";ed="In";};["RightLowerArm"]={cf=cfr(0,0,0,1,0,.006,.006,.005,-1,0,1,.005);es="Linear";ed="In";};["LowerTorso"]={cf=cfr(-.686,-1.263,2.04,-.05,.989,-.14,-.996,-.059,-.06,-.068,.136,.988);es="Linear";ed="In";};["RightFoot"]={cf=cfr(0,0,0,1,0,0,0,1,0,0,0,1);es="Linear";ed="In";};["RightLowerLeg"]={cf=cfr(0,0,0,1,0,0,0,.65,.76,0,-.76,.65);es="Linear";ed="In";};["LeftHand"]={cf=cfr(0,0,0,1,0,0,0,1,0,0,0,1);es="Linear";ed="In";};["RightHand"]={cf=cfr(0,0,0,1,0,0,0,1,0,0,0,1);es="Linear";ed="In";};};{tm=.183;["RightUpperArm"]={cf=cfr(.003,.043,-.075,.171,-.03,.985,.852,-.498,-.163,.495,.867,-.059);es="Linear";ed="In";};["Head"]={cf=cfr(0,0,0,.827,-.538,-.165,.562,.771,.3,-.034,-.341,.939);es="Linear";ed="In";};["LeftUpperArm"]={cf=cfr(.199,-.032,.032,.949,-.122,-.292,.145,.988,.058,.282,-.097,.955);es="Linear";ed="In";};["UpperTorso"]={cf=cfr(0,0,0,.985,-.162,-.059,.172,.926,.337,0,-.342,.94);es="Linear";ed="In";};["RightUpperLeg"]={cf=cfr(0,0,0,1,0,0,0,.986,-.168,0,.168,.986);es="Linear";ed="In";};["LeftUpperLeg"]={cf=cfr(0,0,0,.768,-.059,.638,.075,.997,.002,-.636,.047,.77);es="Linear";ed="In";};["LeftLowerArm"]={cf=cfr(0,0,0,1,0,0,0,.937,-.349,0,.349,.937);es="Linear";ed="In";};["LeftFoot"]={cf=cfr(0,0,0,1,0,0,0,1,0,0,0,1);es="Linear";ed="In";};["LeftLowerLeg"]={cf=cfr(0,0,0,1,0,0,0,.504,.864,0,-.864,.504);es="Linear";ed="In";};["RightLowerArm"]={cf=cfr(0,0,0,1,0,.007,.007,.006,-1,0,1,.006);es="Linear";ed="In";};["LowerTorso"]={cf=cfr(-.686,-1.263,2.04,-.05,.989,-.14,-.996,-.059,-.06,-.068,.136,.988);es="Linear";ed="In";};["RightFoot"]={cf=cfr(0,0,0,1,0,0,0,1,0,0,0,1);es="Linear";ed="In";};["RightLowerLeg"]={cf=cfr(0,0,0,1,0,0,0,.651,.759,0,-.759,.651);es="Linear";ed="In";};["LeftHand"]={cf=cfr(0,0,0,1,0,0,0,1,0,0,0,1);es="Linear";ed="In";};["RightHand"]={cf=cfr(0,0,0,1,0,0,0,1,0,0,0,1);es="Linear";ed="In";};};{tm=.2;["RightUpperArm"]={cf=cfr(.003,.043,-.075,.171,-.03,.985,.852,-.498,-.163,.495,.867,-.059);es="Linear";ed="In";};["Head"]={cf=cfr(0,0,0,.828,-.537,-.164,.56,.772,.301,-.035,-.341,.939);es="Linear";ed="In";};["LeftUpperArm"]={cf=cfr(.199,-.032,.032,.948,-.122,-.293,.145,.988,.059,.282,-.098,.954);es="Linear";ed="In";};["UpperTorso"]={cf=cfr(0,0,0,.985,-.162,-.059,.172,.926,.337,.001,-.342,.94);es="Linear";ed="In";};["RightUpperLeg"]={cf=cfr(0,0,0,1,0,0,0,.986,-.167,0,.167,.986);es="Linear";ed="In";};["LeftUpperLeg"]={cf=cfr(0,0,0,.768,-.059,.638,.075,.997,.002,-.636,.046,.77);es="Linear";ed="In";};["LeftLowerArm"]={cf=cfr(0,0,0,1,0,0,0,.937,-.35,0,.35,.937);es="Linear";ed="In";};["LeftFoot"]={cf=cfr(0,0,0,1,0,0,0,1,0,0,0,1);es="Linear";ed="In";};["LeftLowerLeg"]={cf=cfr(0,0,0,1,0,0,0,.504,.864,0,-.864,.504);es="Linear";ed="In";};["RightLowerArm"]={cf=cfr(0,0,0,1,0,.008,.008,.008,-1,0,1,.008);es="Linear";ed="In";};["LowerTorso"]={cf=cfr(-.686,-1.263,2.04,-.05,.989,-.14,-.996,-.059,-.06,-.068,.136,.988);es="Linear";ed="In";};["RightFoot"]={cf=cfr(0,0,0,1,0,0,0,1,0,0,0,1);es="Linear";ed="In";};["RightLowerLeg"]={cf=cfr(0,0,0,1,0,0,0,.653,.757,0,-.757,.653);es="Linear";ed="In";};["LeftHand"]={cf=cfr(0,0,0,1,0,0,0,1,0,0,0,1);es="Linear";ed="In";};["RightHand"]={cf=cfr(0,0,0,1,0,0,0,1,0,0,0,1);es="Linear";ed="In";};};{tm=.217;["RightUpperArm"]={cf=cfr(.003,.043,-.075,.171,-.03,.985,.852,-.498,-.163,.495,.867,-.059);es="Linear";ed="In";};["Head"]={cf=cfr(0,0,0,.829,-.535,-.163,.559,.772,.302,-.036,-.341,.939);es="Linear";ed="In";};["LeftUpperArm"]={cf=cfr(.199,-.032,.032,.948,-.121,-.293,.145,.988,.06,.282,-.1,.954);es="Linear";ed="In";};["UpperTorso"]={cf=cfr(0,0,0,.985,-.161,-.059,.172,.926,.337,.001,-.342,.94);es="Linear";ed="In";};["RightUpperLeg"]={cf=cfr(0,0,0,1,0,0,0,.986,-.166,0,.166,.986);es="Linear";ed="In";};["LeftUpperLeg"]={cf=cfr(0,0,0,.768,-.06,.638,.076,.997,.002,-.636,.046,.77);es="Linear";ed="In";};["LeftLowerArm"]={cf=cfr(0,0,0,1,0,0,0,.936,-.351,0,.351,.936);es="Linear";ed="In";};["LeftFoot"]={cf=cfr(0,0,0,1,0,0,0,1,0,0,0,1);es="Linear";ed="In";};["LeftLowerLeg"]={cf=cfr(0,0,0,1,0,0,0,.505,.863,0,-.863,.505);es="Linear";ed="In";};["RightLowerArm"]={cf=cfr(0,0,0,1,0,.01,.01,.009,-1,0,1,.009);es="Linear";ed="In";};["LowerTorso"]={cf=cfr(-.686,-1.263,2.04,-.05,.989,-.14,-.996,-.059,-.06,-.068,.136,.988);es="Linear";ed="In";};["RightFoot"]={cf=cfr(0,0,0,1,0,0,0,1,0,0,0,1);es="Linear";ed="In";};["RightLowerLeg"]={cf=cfr(0,0,0,1,0,0,0,.655,.756,0,-.756,.655);es="Linear";ed="In";};["LeftHand"]={cf=cfr(0,0,0,1,0,0,0,1,0,0,0,1);es="Linear";ed="In";};["RightHand"]={cf=cfr(0,0,0,1,0,0,0,1,0,0,0,1);es="Linear";ed="In";};};{tm=.233;["RightUpperArm"]={cf=cfr(.003,.043,-.075,.171,-.03,.985,.852,-.498,-.163,.495,.867,-.059);es="Linear";ed="In";};["Head"]={cf=cfr(0,0,0,.83,-.534,-.162,.557,.773,.303,-.037,-.342,.939);es="Linear";ed="In";};["LeftUpperArm"]={cf=cfr(.199,-.032,.032,.948,-.121,-.293,.145,.988,.062,.282,-.101,.954);es="Linear";ed="In";};["UpperTorso"]={cf=cfr(0,0,0,.985,-.161,-.059,.172,.926,.337,.001,-.342,.94);es="Linear";ed="In";};["RightUpperLeg"]={cf=cfr(0,0,0,1,0,0,0,.986,-.165,0,.165,.986);es="Linear";ed="In";};["LeftUpperLeg"]={cf=cfr(0,0,0,.768,-.06,.638,.076,.997,.003,-.636,.046,.77);es="Linear";ed="In";};["LeftLowerArm"]={cf=cfr(0,0,0,1,0,0,0,.936,-.353,0,.353,.936);es="Linear";ed="In";};["LeftFoot"]={cf=cfr(0,0,0,1,0,0,0,1,0,0,0,1);es="Linear";ed="In";};["LeftLowerLeg"]={cf=cfr(0,0,0,1,0,0,0,.506,.863,0,-.863,.506);es="Linear";ed="In";};["RightLowerArm"]={cf=cfr(0,0,0,1,0,.011,.011,.01,-1,0,1,.01);es="Linear";ed="In";};["LowerTorso"]={cf=cfr(-.686,-1.263,2.04,-.05,.989,-.14,-.996,-.059,-.06,-.068,.136,.988);es="Linear";ed="In";};["RightFoot"]={cf=cfr(0,0,0,1,0,0,0,1,0,0,0,1);es="Linear";ed="In";};["RightLowerLeg"]={cf=cfr(0,0,0,1,0,0,0,.656,.754,0,-.754,.656);es="Linear";ed="In";};["LeftHand"]={cf=cfr(0,0,0,1,0,0,0,1,0,0,0,1);es="Linear";ed="In";};["RightHand"]={cf=cfr(0,0,0,1,0,0,0,1,0,0,0,1);es="Linear";ed="In";};};{tm=.25;["RightUpperArm"]={cf=cfr(.003,.043,-.075,.171,-.03,.985,.852,-.498,-.163,.495,.867,-.059);es="Linear";ed="In";};["Head"]={cf=cfr(0,0,0,.831,-.533,-.161,.555,.774,.304,-.037,-.342,.939);es="Linear";ed="In";};["LeftUpperArm"]={cf=cfr(.199,-.032,.032,.948,-.12,-.294,.145,.987,.063,.282,-.103,.954);es="Linear";ed="In";};["UpperTorso"]={cf=cfr(0,0,0,.985,-.161,-.059,.171,.926,.337,.001,-.342,.94);es="Linear";ed="In";};["RightUpperLeg"]={cf=cfr(0,0,0,1,0,0,0,.987,-.164,0,.164,.987);es="Linear";ed="In";};["LeftUpperLeg"]={cf=cfr(0,0,0,.768,-.061,.638,.077,.997,.003,-.636,.046,.77);es="Linear";ed="In";};["LeftLowerArm"]={cf=cfr(0,0,0,1,0,0,0,.935,-.354,0,.354,.935);es="Linear";ed="In";};["LeftFoot"]={cf=cfr(0,0,0,1,0,0,0,1,0,0,0,1);es="Linear";ed="In";};["LeftLowerLeg"]={cf=cfr(0,0,0,1,0,0,0,.507,.862,0,-.862,.507);es="Linear";ed="In";};["RightLowerArm"]={cf=cfr(0,0,0,1,0,.013,.013,.012,-1,0,1,.012);es="Linear";ed="In";};["LowerTorso"]={cf=cfr(-.686,-1.263,2.04,-.05,.989,-.14,-.996,-.059,-.06,-.068,.136,.988);es="Linear";ed="In";};["RightFoot"]={cf=cfr(0,0,0,1,0,0,0,1,0,0,0,1);es="Linear";ed="In";};["RightLowerLeg"]={cf=cfr(0,0,0,1,0,0,0,.658,.753,0,-.753,.658);es="Linear";ed="In";};["LeftHand"]={cf=cfr(0,0,0,1,0,0,0,1,0,0,0,1);es="Linear";ed="In";};["RightHand"]={cf=cfr(0,0,0,1,0,0,0,1,0,0,0,1);es="Linear";ed="In";};};{tm=.267;["RightUpperArm"]={cf=cfr(.003,.043,-.075,.171,-.03,.985,.852,-.498,-.163,.495,.867,-.059);es="Linear";ed="In";};["Head"]={cf=cfr(0,-.001,0,.832,-.532,-.159,.554,.775,.305,-.038,-.342,.939);es="Linear";ed="In";};["LeftUpperArm"]={cf=cfr(.199,-.032,.032,.948,-.12,-.294,.145,.987,.065,.282,-.104,.954);es="Linear";ed="In";};["UpperTorso"]={cf=cfr(0,0,0,.985,-.16,-.059,.171,.926,.337,.001,-.342,.94);es="Linear";ed="In";};["RightUpperLeg"]={cf=cfr(0,0,0,1,0,0,0,.987,-.162,0,.162,.987);es="Linear";ed="In";};["LeftUpperLeg"]={cf=cfr(0,0,0,.768,-.062,.638,.077,.997,.004,-.636,.046,.77);es="Linear";ed="In";};["LeftLowerArm"]={cf=cfr(0,0,0,1,0,0,0,.935,-.356,0,.356,.935);es="Linear";ed="In";};["LeftFoot"]={cf=cfr(0,0,0,1,0,0,0,1,0,0,0,1);es="Linear";ed="In";};["LeftLowerLeg"]={cf=cfr(0,0,0,1,0,0,0,.507,.862,0,-.862,.507);es="Linear";ed="In";};["RightLowerArm"]={cf=cfr(0,0,0,1,0,.014,.014,.013,-1,0,1,.013);es="Linear";ed="In";};["LowerTorso"]={cf=cfr(-.686,-1.263,2.04,-.05,.989,-.14,-.996,-.059,-.06,-.068,.136,.988);es="Linear";ed="In";};["RightFoot"]={cf=cfr(0,0,0,1,0,0,0,1,0,0,0,1);es="Linear";ed="In";};["RightLowerLeg"]={cf=cfr(0,0,0,1,0,0,0,.66,.751,0,-.751,.66);es="Linear";ed="In";};["LeftHand"]={cf=cfr(0,0,0,1,0,0,0,1,0,0,0,1);es="Linear";ed="In";};["RightHand"]={cf=cfr(0,0,0,1,0,0,0,1,0,0,0,1);es="Linear";ed="In";};};{tm=.283;["RightUpperArm"]={cf=cfr(.003,.043,-.075,.171,-.03,.985,.852,-.498,-.163,.495,.867,-.059);es="Linear";ed="In";};["Head"]={cf=cfr(0,-.001,0,.833,-.53,-.158,.552,.776,.306,-.039,-.342,.939);es="Linear";ed="In";};["LeftUpperArm"]={cf=cfr(.199,-.032,.032,.948,-.119,-.294,.145,.987,.067,.283,-.106,.953);es="Linear";ed="In";};["UpperTorso"]={cf=cfr(0,0,0,.985,-.16,-.059,.171,.926,.337,.001,-.342,.94);es="Linear";ed="In";};["RightUpperLeg"]={cf=cfr(0,0,0,1,0,0,0,.987,-.161,0,.161,.987);es="Linear";ed="In";};["LeftUpperLeg"]={cf=cfr(0,0,0,.768,-.062,.638,.078,.997,.004,-.636,.046,.77);es="Linear";ed="In";};["LeftLowerArm"]={cf=cfr(0,0,0,1,0,0,0,.934,-.357,0,.357,.934);es="Linear";ed="In";};["LeftFoot"]={cf=cfr(0,0,0,1,0,0,0,1,0,0,0,1);es="Linear";ed="In";};["LeftLowerLeg"]={cf=cfr(0,0,0,1,0,0,0,.508,.861,0,-.861,.508);es="Linear";ed="In";};["RightLowerArm"]={cf=cfr(0,0,0,1,0,.016,.016,.015,-1,0,1,.015);es="Linear";ed="In";};["LowerTorso"]={cf=cfr(-.686,-1.263,2.04,-.05,.989,-.14,-.996,-.059,-.06,-.068,.136,.988);es="Linear";ed="In";};["RightFoot"]={cf=cfr(0,0,0,1,0,0,0,1,0,0,0,1);es="Linear";ed="In";};["RightLowerLeg"]={cf=cfr(0,0,0,1,0,0,0,.662,.749,0,-.749,.662);es="Linear";ed="In";};["LeftHand"]={cf=cfr(0,0,0,1,0,0,0,1,0,0,0,1);es="Linear";ed="In";};["RightHand"]={cf=cfr(0,0,0,1,0,0,0,1,0,0,0,1);es="Linear";ed="In";};};{tm=.3;["RightUpperArm"]={cf=cfr(.003,.043,-.075,.171,-.03,.985,.852,-.498,-.163,.495,.867,-.059);es="Linear";ed="In";};["Head"]={cf=cfr(0,-.001,0,.834,-.529,-.157,.55,.777,.307,-.041,-.342,.939);es="Linear";ed="In";};["LeftUpperArm"]={cf=cfr(.199,-.032,.032,.948,-.119,-.295,.145,.987,.068,.283,-.108,.953);es="Linear";ed="In";};["UpperTorso"]={cf=cfr(0,0,0,.985,-.16,-.059,.17,.926,.337,.001,-.342,.94);es="Linear";ed="In";};["RightUpperLeg"]={cf=cfr(0,0,0,1,0,0,0,.987,-.159,0,.159,.987);es="Linear";ed="In";};["LeftUpperLeg"]={cf=cfr(0,0,0,.767,-.063,.638,.078,.997,.005,-.636,.046,.77);es="Linear";ed="In";};["LeftLowerArm"]={cf=cfr(0,0,0,1,0,0,0,.933,-.359,0,.359,.933);es="Linear";ed="In";};["LeftFoot"]={cf=cfr(0,0,0,1,0,0,0,1,0,0,0,1);es="Linear";ed="In";};["LeftLowerLeg"]={cf=cfr(0,0,0,1,0,0,0,.509,.861,0,-.861,.509);es="Linear";ed="In";};["RightLowerArm"]={cf=cfr(0,0,0,1,0,.018,.018,.016,-1,0,1,.016);es="Linear";ed="In";};["LowerTorso"]={cf=cfr(-.686,-1.263,2.04,-.05,.989,-.14,-.996,-.059,-.06,-.068,.136,.988);es="Linear";ed="In";};["RightFoot"]={cf=cfr(0,0,0,1,0,0,0,1,0,0,0,1);es="Linear";ed="In";};["RightLowerLeg"]={cf=cfr(0,0,-.001,1,0,0,0,.665,.747,0,-.747,.665);es="Linear";ed="In";};["LeftHand"]={cf=cfr(0,0,0,1,0,0,0,1,0,0,0,1);es="Linear";ed="In";};["RightHand"]={cf=cfr(0,0,0,1,0,0,0,1,0,0,0,1);es="Linear";ed="In";};};{tm=.317;["RightUpperArm"]={cf=cfr(.003,.043,-.075,.171,-.03,.985,.852,-.498,-.163,.495,.867,-.059);es="Linear";ed="In";};["Head"]={cf=cfr(0,-.001,0,.836,-.527,-.155,.548,.778,.308,-.042,-.342,.939);es="Linear";ed="In";};["LeftUpperArm"]={cf=cfr(.199,-.032,.032,.948,-.118,-.295,.145,.987,.07,.283,-.109,.953);es="Linear";ed="In";};["UpperTorso"]={cf=cfr(0,0,0,.985,-.159,-.059,.17,.926,.337,.001,-.342,.94);es="Linear";ed="In";};["RightUpperLeg"]={cf=cfr(0,0,0,1,0,0,0,.987,-.158,0,.158,.987);es="Linear";ed="In";};["LeftUpperLeg"]={cf=cfr(0,0,0,.767,-.064,.638,.079,.997,.005,-.636,.046,.77);es="Linear";ed="In";};["LeftLowerArm"]={cf=cfr(0,0,0,1,0,0,0,.933,-.361,0,.361,.933);es="Linear";ed="In";};["LeftFoot"]={cf=cfr(0,0,0,1,0,0,0,1,0,0,0,1);es="Linear";ed="In";};["LeftLowerLeg"]={cf=cfr(0,0,0,1,0,0,0,.51,.86,0,-.86,.51);es="Linear";ed="In";};["RightLowerArm"]={cf=cfr(0,0,0,1,0,.02,.02,.018,-1,0,1,.018);es="Linear";ed="In";};["LowerTorso"]={cf=cfr(-.686,-1.263,2.04,-.05,.989,-.14,-.996,-.059,-.06,-.068,.136,.988);es="Linear";ed="In";};["RightFoot"]={cf=cfr(0,0,0,1,0,0,0,1,0,0,0,1);es="Linear";ed="In";};["RightLowerLeg"]={cf=cfr(0,.001,-.001,1,0,0,0,.667,.745,0,-.745,.667);es="Linear";ed="In";};["LeftHand"]={cf=cfr(0,0,0,1,0,0,0,1,0,0,0,1);es="Linear";ed="In";};["RightHand"]={cf=cfr(0,0,0,1,0,0,0,1,0,0,0,1);es="Linear";ed="In";};};{tm=.333;["RightUpperArm"]={cf=cfr(.003,.043,-.075,.171,-.03,.985,.852,-.498,-.163,.495,.867,-.059);es="Linear";ed="In";};["Head"]={cf=cfr(0,-.001,0,.837,-.525,-.153,.546,.779,.309,-.043,-.342,.939);es="Linear";ed="In";};["LeftUpperArm"]={cf=cfr(.199,-.032,.032,.948,-.118,-.295,.145,.987,.072,.283,-.111,.953);es="Linear";ed="In";};["UpperTorso"]={cf=cfr(0,0,0,.986,-.159,-.059,.17,.926,.337,.001,-.342,.94);es="Linear";ed="In";};["RightUpperLeg"]={cf=cfr(0,0,0,1,0,0,0,.988,-.156,0,.156,.988);es="Linear";ed="In";};["LeftUpperLeg"]={cf=cfr(0,0,0,.767,-.065,.638,.079,.997,.006,-.637,.046,.77);es="Linear";ed="In";};["LeftLowerArm"]={cf=cfr(0,0,0,1,0,0,0,.932,-.362,0,.362,.932);es="Linear";ed="In";};["LeftFoot"]={cf=cfr(0,0,0,1,0,0,0,1,0,0,0,1);es="Linear";ed="In";};["LeftLowerLeg"]={cf=cfr(0,0,0,1,0,0,0,.511,.859,0,-.859,.511);es="Linear";ed="In";};["RightLowerArm"]={cf=cfr(0,0,0,1,0,.022,.022,.02,-1,0,1,.02);es="Linear";ed="In";};["LowerTorso"]={cf=cfr(-.686,-1.263,2.04,-.05,.989,-.14,-.996,-.059,-.06,-.068,.136,.988);es="Linear";ed="In";};["RightFoot"]={cf=cfr(0,0,0,1,0,0,0,1,0,0,0,1);es="Linear";ed="In";};["RightLowerLeg"]={cf=cfr(0,.001,-.001,1,0,0,0,.669,.743,0,-.743,.669);es="Linear";ed="In";};["LeftHand"]={cf=cfr(0,0,0,1,0,0,0,1,0,0,0,1);es="Linear";ed="In";};["RightHand"]={cf=cfr(0,0,0,1,0,0,0,1,0,0,0,1);es="Linear";ed="In";};};{tm=.35;["RightUpperArm"]={cf=cfr(.003,.043,-.075,.171,-.03,.985,.852,-.498,-.163,.495,.867,-.059);es="Linear";ed="In";};["Head"]={cf=cfr(0,-.001,0,.838,-.524,-.152,.543,.78,.31,-.044,-.343,.938);es="Linear";ed="In";};["LeftUpperArm"]={cf=cfr(.199,-.032,.032,.948,-.117,-.296,.145,.987,.074,.283,-.113,.952);es="Linear";ed="In";};["UpperTorso"]={cf=cfr(0,0,0,.986,-.158,-.059,.169,.926,.337,.002,-.342,.94);es="Linear";ed="In";};["RightUpperLeg"]={cf=cfr(0,0,0,1,0,0,0,.988,-.155,0,.155,.988);es="Linear";ed="In";};["LeftUpperLeg"]={cf=cfr(0,0,0,.767,-.065,.638,.08,.997,.006,-.637,.046,.77);es="Linear";ed="In";};["LeftLowerArm"]={cf=cfr(0,0,0,1,0,0,0,.931,-.364,0,.364,.931);es="Linear";ed="In";};["LeftFoot"]={cf=cfr(0,0,0,1,0,0,0,1,0,0,0,1);es="Linear";ed="In";};["LeftLowerLeg"]={cf=cfr(0,0,0,1,0,0,0,.512,.859,0,-.859,.512);es="Linear";ed="In";};["RightLowerArm"]={cf=cfr(0,0,0,1,0,.024,.024,.022,-.999,0,1,.022);es="Linear";ed="In";};["LowerTorso"]={cf=cfr(-.686,-1.263,2.04,-.05,.989,-.14,-.996,-.059,-.06,-.068,.136,.988);es="Linear";ed="In";};["RightFoot"]={cf=cfr(0,0,0,1,0,0,0,1,0,0,0,1);es="Linear";ed="In";};["RightLowerLeg"]={cf=cfr(0,.001,-.001,1,0,0,0,.672,.741,0,-.741,.672);es="Linear";ed="In";};["LeftHand"]={cf=cfr(0,0,0,1,0,0,0,1,0,0,0,1);es="Linear";ed="In";};["RightHand"]={cf=cfr(0,0,0,1,0,0,0,1,0,0,0,1);es="Linear";ed="In";};};{tm=.367;["RightUpperArm"]={cf=cfr(.003,.043,-.075,.171,-.03,.985,.852,-.498,-.163,.495,.867,-.059);es="Linear";ed="In";};["Head"]={cf=cfr(0,-.001,0,.84,-.522,-.15,.541,.781,.311,-.045,-.343,.938);es="Linear";ed="In";};["LeftUpperArm"]={cf=cfr(.199,-.032,.032,.948,-.116,-.296,.145,.987,.076,.283,-.115,.952);es="Linear";ed="In";};["UpperTorso"]={cf=cfr(0,0,0,.986,-.158,-.059,.169,.926,.337,.002,-.342,.94);es="Linear";ed="In";};["RightUpperLeg"]={cf=cfr(0,0,0,1,0,0,0,.988,-.153,0,.153,.988);es="Linear";ed="In";};["LeftUpperLeg"]={cf=cfr(0,0,0,.767,-.066,.638,.08,.997,.007,-.637,.046,.77);es="Linear";ed="In";};["LeftLowerArm"]={cf=cfr(0,0,0,1,0,0,0,.931,-.366,0,.366,.931);es="Linear";ed="In";};["LeftFoot"]={cf=cfr(0,0,0,1,0,0,0,1,0,0,0,1);es="Linear";ed="In";};["LeftLowerLeg"]={cf=cfr(0,0,0,1,0,0,0,.513,.858,0,-.858,.513);es="Linear";ed="In";};["RightLowerArm"]={cf=cfr(0,0,0,1,0,.026,.026,.024,-.999,0,1,.024);es="Linear";ed="In";};["LowerTorso"]={cf=cfr(-.686,-1.263,2.04,-.05,.989,-.14,-.996,-.059,-.06,-.068,.136,.988);es="Linear";ed="In";};["RightFoot"]={cf=cfr(0,0,0,1,0,0,0,1,0,0,0,1);es="Linear";ed="In";};["RightLowerLeg"]={cf=cfr(0,.001,-.001,1,0,0,0,.674,.739,0,-.739,.674);es="Linear";ed="In";};["LeftHand"]={cf=cfr(0,0,0,1,0,0,0,1,0,0,0,1);es="Linear";ed="In";};["RightHand"]={cf=cfr(0,0,0,1,0,0,0,1,0,0,0,1);es="Linear";ed="In";};};{tm=.383;["RightUpperArm"]={cf=cfr(.003,.043,-.075,.171,-.03,.985,.852,-.498,-.163,.495,.867,-.059);es="Linear";ed="In";};["Head"]={cf=cfr(0,-.001,0,.841,-.52,-.148,.539,.782,.313,-.047,-.343,.938);es="Linear";ed="In";};["LeftUpperArm"]={cf=cfr(.199,-.032,.032,.948,-.116,-.297,.145,.986,.078,.283,-.117,.952);es="Linear";ed="In";};["UpperTorso"]={cf=cfr(0,0,0,.986,-.158,-.059,.168,.926,.337,.002,-.342,.94);es="Linear";ed="In";};["RightUpperLeg"]={cf=cfr(0,0,0,1,0,0,0,.988,-.152,0,.152,.988);es="Linear";ed="In";};["LeftUpperLeg"]={cf=cfr(0,0,0,.767,-.067,.638,.081,.997,.007,-.637,.046,.77);es="Linear";ed="In";};["LeftLowerArm"]={cf=cfr(0,0,0,1,0,0,0,.93,-.368,0,.368,.93);es="Linear";ed="In";};["LeftFoot"]={cf=cfr(0,0,0,1,0,0,0,1,0,0,0,1);es="Linear";ed="In";};["LeftLowerLeg"]={cf=cfr(0,0,0,1,0,0,0,.514,.858,0,-.858,.514);es="Linear";ed="In";};["RightLowerArm"]={cf=cfr(0,0,0,1,0,.028,.028,.026,-.999,0,1,.026);es="Linear";ed="In";};["LowerTorso"]={cf=cfr(-.686,-1.263,2.04,-.05,.989,-.14,-.996,-.059,-.06,-.068,.136,.988);es="Linear";ed="In";};["RightFoot"]={cf=cfr(0,0,0,1,0,0,0,1,0,0,0,1);es="Linear";ed="In";};["RightLowerLeg"]={cf=cfr(0,.001,-.001,1,0,0,0,.676,.736,0,-.736,.676);es="Linear";ed="In";};["LeftHand"]={cf=cfr(0,0,0,1,0,0,0,1,0,0,0,1);es="Linear";ed="In";};["RightHand"]={cf=cfr(0,0,0,1,0,0,0,1,0,0,0,1);es="Linear";ed="In";};};{tm=.4;["RightUpperArm"]={cf=cfr(.003,.043,-.075,.171,-.03,.985,.852,-.498,-.163,.495,.867,-.059);es="Linear";ed="In";};["Head"]={cf=cfr(0,-.001,0,.843,-.518,-.147,.536,.783,.314,-.048,-.343,.938);es="Linear";ed="In";};["LeftUpperArm"]={cf=cfr(.199,-.032,.032,.948,-.115,-.297,.145,.986,.08,.284,-.119,.951);es="Linear";ed="In";};["UpperTorso"]={cf=cfr(0,0,0,.986,-.157,-.059,.168,.926,.337,.002,-.342,.94);es="Linear";ed="In";};["RightUpperLeg"]={cf=cfr(0,0,0,1,0,0,0,.989,-.15,0,.15,.989);es="Linear";ed="In";};["LeftUpperLeg"]={cf=cfr(0,0,0,.767,-.068,.639,.082,.997,.008,-.637,.046,.77);es="Linear";ed="In";};["LeftLowerArm"]={cf=cfr(0,0,0,1,0,0,0,.929,-.37,0,.37,.929);es="Linear";ed="In";};["LeftFoot"]={cf=cfr(0,0,0,1,0,0,0,1,0,0,0,1);es="Linear";ed="In";};["LeftLowerLeg"]={cf=cfr(0,0,0,1,0,0,0,.516,.857,0,-.857,.516);es="Linear";ed="In";};["RightLowerArm"]={cf=cfr(0,0,0,1,-.001,.03,.03,.028,-.999,0,1,.028);es="Linear";ed="In";};["LowerTorso"]={cf=cfr(-.686,-1.263,2.04,-.05,.989,-.14,-.996,-.059,-.06,-.068,.136,.988);es="Linear";ed="In";};["RightFoot"]={cf=cfr(0,0,0,1,0,0,0,1,0,0,0,1);es="Linear";ed="In";};["RightLowerLeg"]={cf=cfr(0,.001,-.001,1,0,0,0,.679,.734,0,-.734,.679);es="Linear";ed="In";};["LeftHand"]={cf=cfr(0,0,0,1,0,0,0,1,0,0,0,1);es="Linear";ed="In";};["RightHand"]={cf=cfr(0,0,0,1,0,0,0,1,0,0,0,1);es="Linear";ed="In";};};{tm=.417;["RightUpperArm"]={cf=cfr(.003,.043,-.075,.171,-.03,.985,.852,-.498,-.163,.495,.867,-.059);es="Linear";ed="In";};["Head"]={cf=cfr(0,-.001,0,.844,-.516,-.145,.534,.785,.315,-.049,-.343,.938);es="Linear";ed="In";};["LeftUpperArm"]={cf=cfr(.199,-.031,.032,.948,-.114,-.297,.145,.986,.082,.284,-.121,.951);es="Linear";ed="In";};["UpperTorso"]={cf=cfr(0,0,0,.986,-.157,-.059,.168,.927,.337,.002,-.342,.94);es="Linear";ed="In";};["RightUpperLeg"]={cf=cfr(0,0,0,1,0,0,0,.989,-.148,0,.148,.989);es="Linear";ed="In";};["LeftUpperLeg"]={cf=cfr(0,0,0,.766,-.069,.639,.082,.997,.009,-.637,.046,.769);es="Linear";ed="In";};["LeftLowerArm"]={cf=cfr(0,0,0,1,0,0,0,.928,-.372,0,.372,.928);es="Linear";ed="In";};["LeftFoot"]={cf=cfr(0,0,0,1,0,0,0,1,0,0,0,1);es="Linear";ed="In";};["LeftLowerLeg"]={cf=cfr(0,0,0,1,0,0,0,.517,.856,0,-.856,.517);es="Linear";ed="In";};["RightLowerArm"]={cf=cfr(0,0,0,.999,-.001,.032,.032,.03,-.999,0,1,.03);es="Linear";ed="In";};["LowerTorso"]={cf=cfr(-.686,-1.263,2.04,-.05,.989,-.14,-.996,-.059,-.06,-.068,.136,.988);es="Linear";ed="In";};["RightFoot"]={cf=cfr(0,0,0,1,0,0,0,1,0,0,0,1);es="Linear";ed="In";};["RightLowerLeg"]={cf=cfr(0,.001,-.001,1,0,0,0,.682,.732,0,-.732,.682);es="Linear";ed="In";};["LeftHand"]={cf=cfr(0,0,0,1,0,0,0,1,0,0,0,1);es="Linear";ed="In";};["RightHand"]={cf=cfr(0,0,0,1,0,0,0,1,0,0,0,1);es="Linear";ed="In";};};{tm=.433;["RightUpperArm"]={cf=cfr(.003,.043,-.075,.171,-.03,.985,.852,-.498,-.163,.495,.867,-.059);es="Linear";ed="In";};["Head"]={cf=cfr(.001,-.001,0,.845,-.515,-.143,.532,.786,.316,-.05,-.344,.938);es="Linear";ed="In";};["LeftUpperArm"]={cf=cfr(.199,-.031,.032,.948,-.114,-.298,.145,.986,.085,.284,-.123,.951);es="Linear";ed="In";};["UpperTorso"]={cf=cfr(0,0,0,.986,-.156,-.059,.167,.927,.337,.002,-.342,.94);es="Linear";ed="In";};["RightUpperLeg"]={cf=cfr(0,0,0,1,0,0,0,.989,-.146,0,.146,.989);es="Linear";ed="In";};["LeftUpperLeg"]={cf=cfr(0,0,0,.766,-.07,.639,.083,.997,.009,-.637,.046,.769);es="Linear";ed="In";};["LeftLowerArm"]={cf=cfr(0,0,0,1,0,0,0,.927,-.374,0,.374,.927);es="Linear";ed="In";};["LeftFoot"]={cf=cfr(0,0,0,1,0,0,0,1,0,0,0,1);es="Linear";ed="In";};["LeftLowerLeg"]={cf=cfr(0,0,0,1,0,0,0,.518,.855,0,-.855,.518);es="Linear";ed="In";};["RightLowerArm"]={cf=cfr(0,0,0,.999,-.001,.034,.034,.032,-.999,0,.999,.032);es="Linear";ed="In";};["LowerTorso"]={cf=cfr(-.686,-1.263,2.04,-.05,.989,-.14,-.996,-.059,-.06,-.068,.136,.988);es="Linear";ed="In";};["RightFoot"]={cf=cfr(0,0,0,1,0,0,0,1,0,0,0,1);es="Linear";ed="In";};["RightLowerLeg"]={cf=cfr(0,.001,-.001,1,0,0,0,.684,.729,0,-.729,.684);es="Linear";ed="In";};["LeftHand"]={cf=cfr(0,0,0,1,0,0,0,1,0,0,0,1);es="Linear";ed="In";};["RightHand"]={cf=cfr(0,0,0,1,0,0,0,1,0,0,0,1);es="Linear";ed="In";};};{tm=.45;["RightUpperArm"]={cf=cfr(.003,.043,-.075,.171,-.03,.985,.852,-.498,-.163,.495,.867,-.059);es="Linear";ed="In";};["Head"]={cf=cfr(.001,-.001,0,.847,-.513,-.141,.529,.787,.318,-.052,-.344,.938);es="Linear";ed="In";};["LeftUpperArm"]={cf=cfr(.199,-.031,.032,.948,-.113,-.298,.145,.986,.087,.284,-.125,.951);es="Linear";ed="In";};["UpperTorso"]={cf=cfr(0,0,0,.986,-.156,-.059,.167,.927,.337,.003,-.342,.94);es="Linear";ed="In";};["RightUpperLeg"]={cf=cfr(0,0,0,1,0,0,0,.989,-.145,0,.145,.989);es="Linear";ed="In";};["LeftUpperLeg"]={cf=cfr(0,0,0,.766,-.07,.639,.083,.996,.01,-.637,.046,.769);es="Linear";ed="In";};["LeftLowerArm"]={cf=cfr(0,0,0,1,0,0,0,.926,-.376,0,.376,.926);es="Linear";ed="In";};["LeftFoot"]={cf=cfr(0,0,0,1,0,0,0,1,0,0,0,1);es="Linear";ed="In";};["LeftLowerLeg"]={cf=cfr(0,0,0,1,0,0,0,.519,.855,0,-.855,.519);es="Linear";ed="In";};["RightLowerArm"]={cf=cfr(0,0,0,.999,-.001,.037,.037,.034,-.999,-.001,.999,.034);es="Linear";ed="In";};["LowerTorso"]={cf=cfr(-.686,-1.263,2.04,-.05,.989,-.14,-.996,-.059,-.06,-.068,.136,.988);es="Linear";ed="In";};["RightFoot"]={cf=cfr(0,0,0,1,0,0,0,1,0,0,0,1);es="Linear";ed="In";};["RightLowerLeg"]={cf=cfr(0,.001,-.001,1,0,0,0,.687,.727,0,-.727,.687);es="Linear";ed="In";};["LeftHand"]={cf=cfr(0,0,0,1,0,0,0,1,0,0,0,1);es="Linear";ed="In";};["RightHand"]={cf=cfr(0,0,0,1,0,0,0,1,0,0,0,1);es="Linear";ed="In";};};{tm=.467;["RightUpperArm"]={cf=cfr(.003,.043,-.075,.171,-.03,.985,.852,-.498,-.163,.495,.867,-.059);es="Linear";ed="In";};["Head"]={cf=cfr(.001,-.001,0,.848,-.511,-.139,.527,.788,.319,-.053,-.344,.937);es="Linear";ed="In";};["LeftUpperArm"]={cf=cfr(.199,-.031,.032,.948,-.112,-.299,.145,.985,.089,.284,-.128,.95);es="Linear";ed="In";};["UpperTorso"]={cf=cfr(0,0,0,.986,-.155,-.059,.166,.927,.337,.003,-.342,.94);es="Linear";ed="In";};["RightUpperLeg"]={cf=cfr(0,0,0,1,0,0,0,.99,-.143,0,.143,.99);es="Linear";ed="In";};["LeftUpperLeg"]={cf=cfr(0,0,0,.766,-.071,.639,.084,.996,.01,-.637,.046,.769);es="Linear";ed="In";};["LeftLowerArm"]={cf=cfr(0,0,0,1,0,0,0,.926,-.378,0,.378,.926);es="Linear";ed="In";};["LeftFoot"]={cf=cfr(0,0,0,1,0,0,0,1,0,0,0,1);es="Linear";ed="In";};["LeftLowerLeg"]={cf=cfr(0,0,0,1,0,0,0,.52,.854,0,-.854,.52);es="Linear";ed="In";};["RightLowerArm"]={cf=cfr(0,0,0,.999,-.001,.039,.039,.036,-.999,-.001,.999,.036);es="Linear";ed="In";};["LowerTorso"]={cf=cfr(-.686,-1.263,2.04,-.05,.989,-.14,-.996,-.059,-.06,-.068,.136,.988);es="Linear";ed="In";};["RightFoot"]={cf=cfr(0,0,0,1,0,0,0,1,0,0,0,1);es="Linear";ed="In";};["RightLowerLeg"]={cf=cfr(0,.001,-.001,1,0,0,0,.689,.724,0,-.724,.689);es="Linear";ed="In";};["LeftHand"]={cf=cfr(0,0,0,1,0,0,0,1,0,0,0,1);es="Linear";ed="In";};["RightHand"]={cf=cfr(0,0,0,1,0,0,0,1,0,0,0,1);es="Linear";ed="In";};};{tm=.483;["RightUpperArm"]={cf=cfr(.003,.043,-.075,.171,-.03,.985,.852,-.498,-.163,.495,.867,-.059);es="Linear";ed="In";};["Head"]={cf=cfr(.001,-.001,-.001,.85,-.509,-.137,.524,.789,.32,-.054,-.344,.937);es="Linear";ed="In";};["LeftUpperArm"]={cf=cfr(.199,-.031,.032,.948,-.112,-.299,.145,.985,.091,.285,-.13,.95);es="Linear";ed="In";};["UpperTorso"]={cf=cfr(0,0,0,.986,-.155,-.059,.166,.927,.337,.003,-.342,.94);es="Linear";ed="In";};["RightUpperLeg"]={cf=cfr(0,0,0,1,0,0,0,.99,-.141,0,.141,.99);es="Linear";ed="In";};["LeftUpperLeg"]={cf=cfr(0,0,0,.766,-.072,.639,.085,.996,.011,-.637,.046,.769);es="Linear";ed="In";};["LeftLowerArm"]={cf=cfr(0,0,0,1,0,0,0,.925,-.381,0,.381,.925);es="Linear";ed="In";};["LeftFoot"]={cf=cfr(0,0,0,1,0,0,0,1,0,0,0,1);es="Linear";ed="In";};["LeftLowerLeg"]={cf=cfr(0,0,0,1,0,0,0,.521,.853,0,-.853,.521);es="Linear";ed="In";};["RightLowerArm"]={cf=cfr(0,0,0,.999,-.001,.041,.041,.038,-.998,-.001,.999,.038);es="Linear";ed="In";};["LowerTorso"]={cf=cfr(-.686,-1.