local cfr = CFrame.new

return {{tm=0;["LeftUpperArm"]={cf=cfr(.157,-.132,.564,.206,.917,-.343,-.059,.361,.931,.977,-.171,.129);es="Sine";ed="In";};["Head"]={cf=cfr(0,0,0,.929,-.27,-.252,.257,.963,-.082,.264,.011,.964);es="Sine";ed="In";};["RightUpperArm"]={cf=cfr(-.234,-.444,-.194,.866,-.47,-.171,0,.342,-.94,.5,.814,.296);es="Sine";ed="In";};["LeftUpperLeg"]={cf=cfr(0,0,0,-.064,.861,.505,.191,.507,-.841,-.98,.043,-.196);es="Sine";ed="In";};["RightUpperLeg"]={cf=cfr(-.01,.094,-.033,.89,-.085,.447,.402,-.311,-.861,.212,.946,-.243);es="Sine";ed="In";};["UpperTorso"]={cf=cfr(0,0,0,.938,-.018,.346,-.141,.892,.43,-.317,-.453,.834);es="Sine";ed="In";};["LeftLowerArm"]={cf=cfr(0,0,0,1,0,0,0,.866,-.5,0,.5,.866);es="Sine";ed="In";};["LeftLowerLeg"]={cf=cfr(0,0,0,1,0,0,0,.259,.966,0,-.966,.259);es="Linear";ed="In";};["LowerTorso"]={cf=cfr(0,-1.142,-.018,.264,.04,-.964,-.476,.874,-.094,.839,.484,.25);es="Linear";ed="In";};["RightLowerLeg"]={cf=cfr(0,0,0,1,0,0,0,-.259,.966,0,-.966,-.259);es="Sine";ed="In";};["LeftHand"]={cf=cfr(0,0,0,1,0,0,0,1,0,0,0,1);es="Linear";ed="In";};["RightLowerArm"]={cf=cfr(0,0,0,1,0,0,0,.985,-.174,0,.174,.985);es="Sine";ed="In";};};{tm=.017;["RightUpperArm"]={cf=cfr(-.225,-.415,-.185,.861,-.477,-.178,.019,.38,-.925,.509,.793,.336);es="Linear";ed="In";};["Head"]={cf=cfr(.002,-.002,.001,.928,-.26,-.266,.251,.966,-.069,.275,-.003,.962);es="Linear";ed="In";};["LeftUpperArm"]={cf=cfr(.159,-.132,.568,.201,.923,-.327,-.06,.345,.937,.978,-.169,.125);es="Linear";ed="In";};["UpperTorso"]={cf=cfr(0,0,.003,.946,-.005,.324,-.143,.891,.431,-.29,-.454,.842);es="Linear";ed="In";};["RightUpperLeg"]={cf=cfr(-.016,.101,-.037,.887,-.091,.453,.405,-.316,-.858,.221,.944,-.244);es="Linear";ed="In";};["LeftUpperLeg"]={cf=cfr(-.008,.038,.026,-.046,.838,.543,.166,.543,-.823,-.985,.052,-.164);es="Linear";ed="In";};["LeftLowerArm"]={cf=cfr(0,0,0,1,0,0,0,.872,-.489,0,.489,.872);es="Linear";ed="In";};["RightLowerLeg"]={cf=cfr(0,0,0,1,0,0,0,-.267,.964,0,-.964,-.267);es="Linear";ed="In";};["RightLowerArm"]={cf=cfr(0,.001,0,1,0,0,0,.981,-.195,0,.195,.981);es="Linear";ed="In";};};{tm=.033;["RightUpperArm"]={cf=cfr(-.195,-.336,-.158,.845,-.496,-.201,.076,.484,-.872,.53,.721,.446);es="Linear";ed="In";};["Head"]={cf=cfr(.006,-.008,.004,.924,-.23,-.306,.233,.972,-.029,.304,-.044,.951);es="Linear";ed="In";};["LeftUpperArm"]={cf=cfr(.164,-.134,.582,.189,.941,-.282,-.062,.298,.953,.98,-.163,.115);es="Linear";ed="In";};["UpperTorso"]={cf=cfr(-.001,0,.011,.966,.034,.256,-.146,.889,.434,-.213,-.456,.864);es="Linear";ed="In";};["RightUpperLeg"]={cf=cfr(-.034,.121,-.049,.877,-.107,.469,.413,-.331,-.848,.246,.938,-.246);es="Linear";ed="In";};["LeftUpperLeg"]={cf=cfr(-.035,.145,.096,.012,.764,.645,.098,.641,-.761,-.995,.072,-.068);es="Linear";ed="In";};["LeftLowerArm"]={cf=cfr(0,.001,.001,1,0,0,0,.89,-.456,0,.456,.89);es="Linear";ed="In";};["RightLowerLeg"]={cf=cfr(0,0,-.001,1,0,0,0,-.291,.957,0,-.957,-.291);es="Linear";ed="In";};["RightLowerArm"]={cf=cfr(0,.004,.002,1,0,0,0,.967,-.255,0,.255,.967);es="Linear";ed="In";};};{tm=.05;["RightUpperArm"]={cf=cfr(-.146,-.224,-.118,.821,-.517,-.243,.169,.625,-.762,.546,.585,.6);es="Linear";ed="In";};["Head"]={cf=cfr(.009,-.012,.007,.913,-.18,-.366,.207,.978,.033,.352,-.106,.93);es="Linear";ed="In";};["LeftUpperArm"]={cf=cfr(.169,-.135,.604,.17,.963,-.209,-.064,.222,.973,.983,-.152,.099);es="Linear";ed="In";};["UpperTorso"]={cf=cfr(-.002,0,.018,.984,.094,.149,-.151,.886,.438,-.091,-.454,.886);es="Linear";ed="In";};["RightUpperLeg"]={cf=cfr(-.061,.152,-.069,.859,-.132,.494,.425,-.354,-.833,.285,.926,-.248);es="Linear";ed="In";};["LeftUpperLeg"]={cf=cfr(-.09,.304,.194,.117,.624,.773,.007,.777,-.629,-.993,.079,.086);es="Linear";ed="In";};["LeftLowerArm"]={cf=cfr(0,.002,.001,1,0,0,0,.915,-.404,0,.404,.915);es="Linear";ed="In";};["RightLowerLeg"]={cf=cfr(0,-.001,-.002,1,0,0,0,-.328,.945,0,-.945,-.328);es="Linear";ed="In";};["RightLowerArm"]={cf=cfr(0,.007,.003,1,0,0,0,.938,-.347,0,.347,.938);es="Linear";ed="In";};};{tm=.067;["RightUpperArm"]={cf=cfr(-.08,-.105,-.066,.792,-.531,-.301,.288,.76,-.583,.538,.375,.755);es="Linear";ed="In";};["Head"]={cf=cfr(.007,-.011,.007,.894,-.112,-.434,.178,.977,.114,.412,-.179,.893);es="Linear";ed="In";};["LeftUpperArm"]={cf=cfr(.172,-.137,.631,.146,.983,-.115,-.064,.125,.99,.987,-.137,.081);es="Linear";ed="In";};["UpperTorso"]={cf=cfr(-.003,0,.015,.986,.169,.011,-.156,.882,.445,.065,-.44,.895);es="Linear";ed="In";};["RightUpperLeg"]={cf=cfr(-.094,.191,-.096,.835,-.162,.525,.437,-.383,-.814,.333,.909,-.249);es="Linear";ed="In";};["LeftUpperLeg"]={cf=cfr(-.174,.482,.296,.267,.419,.868,-.076,.907,-.414,-.961,.045,.274);es="Linear";ed="In";};["LeftLowerArm"]={cf=cfr(0,.002,.001,1,0,0,0,.942,-.336,0,.336,.942);es="Linear";ed="In";};["RightLowerLeg"]={cf=cfr(0,-.001,-.001,1,0,0,0,-.373,.928,0,-.928,-.373);es="Linear";ed="In";};["RightLowerArm"]={cf=cfr(0,.006,.003,1,0,0,0,.889,-.458,0,.458,.889);es="Linear";ed="In";};};{tm=.083;["Head"]={cf=cfr(0,0,0,.865,-.03,-.501,.152,.967,.205,.478,-.254,.841);es="Sine";ed="In";};["LeftUpperArm"]={cf=cfr(.169,-.138,.663,.12,.993,-.009,-.061,.016,.998,.991,-.119,.062);es="Linear";ed="In";};["RightUpperArm"]={cf=cfr(0,0,0,.766,-.527,-.369,.413,.843,-.345,.492,.112,.863);es="Linear";ed="In";};["LeftUpperLeg"]={cf=cfr(-.276,.646,.382,.442,.174,.88,-.119,.984,-.134,-.889,-.045,.456);es="Linear";ed="In";};["RightUpperLeg"]={cf=cfr(-.13,.234,-.126,.806,-.194,.559,.449,-.415,-.791,.386,.889,-.247);es="Linear";ed="In";};["UpperTorso"]={cf=cfr(0,0,0,.958,.248,-.141,-.16,.877,.453,.236,-.412,.88);es="Linear";ed="In";};["LeftLowerArm"]={cf=cfr(0,0,0,1,0,0,0,.966,-.259,0,.259,.966);es="Linear";ed="In";};["RightLowerLeg"]={cf=cfr(0,0,0,1,0,0,0,-.423,.906,0,-.906,-.423);es="Linear";ed="In";};["LowerTorso"]={cf=cfr(0,-1.142,-.018,.264,.04,-.964,-.476,.874,-.094,.839,.484,.25);es="Linear";ed="In";};["RightLowerArm"]={cf=cfr(0,0,0,1,0,0,0,.819,-.574,0,.574,.819);es="Linear";ed="In";};};{tm=.1;["Head"]={cf=cfr(0,0,0,.866,-.03,-.498,.151,.967,.204,.476,-.252,.843);es="Linear";ed="In";};};{tm=.117;["Head"]={cf=cfr(.001,-.001,0,.871,-.031,-.491,.148,.968,.202,.469,-.248,.848);es="Linear";ed="In";};};{tm=.133;["Head"]={cf=cfr(.003,-.001,0,.878,-.032,-.478,.142,.97,.197,.458,-.241,.856);es="Linear";ed="In";};};{tm=.15;["Head"]={cf=cfr(.005,-.002,0,.887,-.033,-.461,.135,.972,.191,.442,-.232,.867);es="Linear";ed="In";};};{tm=.167;["Head"]={cf=cfr(.007,-.003,0,.898,-.034,-.439,.126,.975,.183,.421,-.22,.88);es="Linear";ed="In";};};{tm=.183;["Head"]={cf=cfr(.009,-.004,0,.911,-.035,-.411,.115,.978,.173,.396,-.205,.895);es="Linear";ed="In";};["RightUpperArm"]={cf=cfr(0,0,0,.906,-.423,0,.423,.906,0,0,0,1);es="Linear";ed="In";};["LeftUpperArm"]={cf=cfr(0,0,0,.866,.5,0,-.5,.866,0,0,0,1);es="Linear";ed="In";};};{tm=.2;["Head"]={cf=cfr(.012,-.005,0,.925,-.035,-.38,.104,.981,.161,.367,-.188,.911);es="Linear";ed="In";};};{tm=.217;["Head"]={cf=cfr(.014,-.006,0,.939,-.035,-.343,.091,.985,.147,.333,-.169,.928);es="Linear";ed="In";};["LowerTorso"]={cf=cfr(0,0,0,-.163,.059,-.985,.342,.94,0,.925,-.337,-.174);es="Linear";ed="In";};["LeftUpperLeg"]={cf=cfr(0,0,0,.906,.423,0,-.423,.906,0,0,0,1);es="Sine";ed="In";};["RightUpperLeg"]={cf=cfr(0,0,0,.837,-.339,-.431,.224,.929,-.295,.5,.15,.853);es="Sine";ed="In";};["UpperTorso"]={cf=cfr(0,0,0,.866,.5,0,-.5,.866,0,0,0,1);es="Linear";ed="In";};["LeftLowerLeg"]={cf=cfr(0,0,0,1,0,0,0,.985,.174,0,-.174,.985);es="Sine";ed="Out";};["RightLowerLeg"]={cf=cfr(0,0,0,1,0,0,0,.94,.342,0,-.342,.94);es="Sine";ed="Out";};["RightLowerArm"]={cf=cfr(0,0,0,1,0,0,0,.94,-.342,0,.342,.94);es="Linear";ed="In";};};{tm=.233;["Head"]={cf=cfr(.015,-.007,-.001,.953,-.034,-.303,.077,.988,.131,.295,-.148,.944);es="Linear";ed="In";};["RightUpperLeg"]={cf=cfr(-.002,.004,-.003,.835,-.358,-.418,.249,.923,-.294,.491,.141,.859);es="Linear";ed="In";};["LeftUpperLeg"]={cf=cfr(.002,.002,0,.899,.438,0,-.438,.899,0,0,0,1);es="Linear";ed="In";};["LeftLowerLeg"]={cf=cfr(0,.001,0,1,0,0,0,.982,.189,0,-.189,.982);es="Linear";ed="In";};["RightLowerLeg"]={cf=cfr(0,.001,0,1,0,0,0,.934,.357,0,-.357,.934);es="Linear";ed="In";};};{tm=.25;["RightUpperLeg"]={cf=cfr(-.009,.016,-.01,.826,-.416,-.381,.321,.902,-.288,.464,.116,.878);es="Linear";ed="In";};["LeftUpperLeg"]={cf=cfr(.007,.008,0,.875,.484,0,-.484,.875,0,0,0,1);es="Linear";ed="In";};["LeftLowerLeg"]={cf=cfr(0,.001,0,1,0,0,0,.979,.205,0,-.205,.979);es="Linear";ed="In";};["RightLowerLeg"]={cf=cfr(0,.001,0,1,0,0,0,.928,.372,0,-.372,.928);es="Linear";ed="In";};["Head"]={cf=cfr(.015,-.007,-.001,.966,-.032,-.258,.063,.992,.114,.253,-.126,.959);es="Linear";ed="In";};["RightUpperArm"]={cf=cfr(0,0,0,.423,-.893,.157,.906,.416,-.073,0,.174,.985);es="Sine";ed="Out";};["LeftUpperArm"]={cf=cfr(0,0,0,.342,.925,-.163,-.94,.337,-.059,0,.174,.985);es="Sine";ed="Out";};};{tm=.267;["Head"]={cf=cfr(.015,-.007,-.001,.977,-.028,-.211,.049,.994,.094,.207,-.102,.973);es="Linear";ed="In";};["LeftUpperArm"]={cf=cfr(.028,.027,.073,.354,.866,-.354,-.933,.301,-.195,-.062,.4,.915);es="Linear";ed="In";};["RightUpperArm"]={cf=cfr(-.031,.03,.081,.432,-.834,.342,.9,.377,-.217,.052,.402,.914);es="Linear";ed="In";};["RightUpperLeg"]={cf=cfr(-.018,.029,-.019,.8,-.506,-.321,.433,.859,-.273,.414,.079,.907);es="Linear";ed="In";};["LeftUpperLeg"]={cf=cfr(.014,.016,0,.832,.555,0,-.555,.832,0,0,0,1);es="Linear";ed="In";};["LeftLowerLeg"]={cf=cfr(0,.001,0,1,0,0,0,.975,.22,0,-.22,.975);es="Linear";ed="In";};["RightLowerLeg"]={cf=cfr(0,.001,-.001,1,0,0,0,.922,.386,0,-.386,.922);es="Linear";ed="In";};};{tm=.283;["Head"]={cf=cfr(.013,-.006,-.001,.987,-.024,-.16,.036,.997,.072,.158,-.077,.984);es="Linear";ed="In";};["LeftUpperArm"]={cf=cfr(.044,.045,.138,.377,.764,-.524,-.919,.235,-.317,-.119,.601,.79);es="Linear";ed="In";};["RightUpperArm"]={cf=cfr(-.048,.049,.153,.451,-.735,.507,.887,.306,-.346,.099,.605,.79);es="Linear";ed="In";};["RightUpperLeg"]={cf=cfr(-.027,.039,-.027,.746,-.619,-.244,.572,.784,-.24,.34,.04,.939);es="Linear";ed="In";};["LeftUpperLeg"]={cf=cfr(.02,.021,0,.765,.644,0,-.644,.765,0,0,0,1);es="Linear";ed="In";};["LeftLowerLeg"]={cf=cfr(0,.002,0,1,0,0,0,.972,.235,0,-.235,.972);es="Linear";ed="In";};["RightLowerLeg"]={cf=cfr(0,.001,-.001,1,0,0,0,.916,.401,0,-.401,.916);es="Linear";ed="In";};};{tm=.3;["Head"]={cf=cfr(.01,-.005,-.001,.994,-.017,-.108,.023,.999,.049,.107,-.051,.993);es="Linear";ed="In";};["LeftUpperArm"]={cf=cfr(.049,.055,.191,.41,.628,-.662,-.897,.145,-.419,-.167,.765,.622);es="Linear";ed="In";};["RightUpperArm"]={cf=cfr(-.053,.059,.212,.478,-.602,.64,.867,.207,-.452,.14,.771,.621);es="Linear";ed="In";};["RightUpperLeg"]={cf=cfr(-.031,.038,-.029,.653,-.741,-.158,.718,.671,-.184,.243,.007,.97);es="Linear";ed="In";};["LeftUpperLeg"]={cf=cfr(.021,.021,0,.674,.739,0,-.739,.674,0,0,0,1);es="Linear";ed="In";};["LeftLowerLeg"]={cf=cfr(0,.002,0,1,0,0,0,.968,.25,0,-.25,.968);es="Linear";ed="In";};["RightLowerLeg"]={cf=cfr(0,.002,-.001,1,0,0,0,.91,.414,0,-.414,.91);es="Linear";ed="In";};};{tm=.317;["Head"]={cf=cfr(.006,-.003,-.001,.998,-.009,-.054,.011,1,.025,.054,-.026,.998);es="Linear";ed="In";};["LeftUpperArm"]={cf=cfr(.047,.06,.23,.451,.467,-.76,-.869,.036,-.493,-.203,.883,.422);es="Linear";ed="In";};["RightUpperArm"]={cf=cfr(-.051,.063,.256,.511,-.445,.736,.843,.09,-.53,.17,.891,.422);es="Linear";ed="In";};["RightUpperLeg"]={cf=cfr(-.024,.024,-.021,.516,-.854,-.072,.847,.521,-.103,.126,-.008,.992);es="Linear";ed="In";};["LeftUpperLeg"]={cf=cfr(.016,.014,0,.558,.83,0,-.83,.558,0,0,0,1);es="Linear";ed="In";};["LeftLowerLeg"]={cf=cfr(0,.002,0,1,0,0,0,.965,.263,0,-.263,.965);es="Linear";ed="In";};["RightLowerLeg"]={cf=cfr(0,.002,-.001,1,0,0,0,.904,.427,0,-.427,.904);es="Linear";ed="In";};};{tm=.333;["LeftLowerLeg"]={cf=cfr(0,.002,0,1,0,0,0,.961,.276,0,-.276,.961);es="Linear";ed="In";};["RightLowerLeg"]={cf=cfr(0,.001,-.001,1,0,0,0,.899,.439,0,-.439,.899);es="Linear";ed="In";};["LeftUpperLeg"]={cf=cfr(0,0,0,.423,.906,0,-.906,.423,0,0,0,1);es="Sine";ed="Out";};["RightUpperLeg"]={cf=cfr(0,0,0,.342,-.94,0,.94,.342,0,0,0,1);es="Sine";ed="Out";};["UpperTorso"]={cf=cfr(0,0,0,1,0,0,0,.966,-.259,0,.259,.966);es="Linear";ed="In";};["RightUpperArm"]={cf=cfr(-.043,.062,.282,.547,-.277,.79,.815,-.038,-.578,.19,.96,.205);es="Linear";ed="In";};["LeftUpperArm"]={cf=cfr(.04,.061,.254,.496,.295,-.817,-.838,-.083,-.539,-.227,.952,.206);es="Linear";ed="In";};["Head"]={cf=cfr(0,0,0,1,0,0,0,1,0,0,0,1);es="Sine";ed="In";};["LowerTorso"]={cf=cfr(0,0,0,0,0,-1,.866,.5,0,.5,-.866,0);es="Linear";ed="In";};};{tm=.35;["LeftLowerLeg"]={cf=cfr(0,.001,0,1,0,0,0,.958,.288,0,-.288,.958);es="Linear";ed="In";};["RightLowerLeg"]={cf=cfr(0,.001,-.001,1,0,0,0,.893,.45,0,-.45,.893);es="Linear";ed="In";};["LeftUpperArm"]={cf=cfr(.032,.06,.262,.542,.121,-.832,-.806,-.204,-.555,-.237,.971,-.013);es="Linear";ed="In";};["RightUpperArm"]={cf=cfr(-.034,.059,.292,.584,-.107,.805,.787,-.168,-.594,.198,.98,-.014);es="Linear";ed="In";};["Head"]={cf=cfr(0,-.002,0,1,0,0,0,1,0,0,0,1);es="Linear";ed="In";};["RightUpperLeg"]={cf=cfr(-.026,.007,-.054,.419,-.884,-.206,.876,.454,-.165,.239,-.111,.965);es="Linear";ed="In";};["LeftUpperLeg"]={cf=cfr(.022,.006,-.049,.486,.848,.211,-.84,.52,-.156,-.242,-.101,.965);es="Linear";ed="In";};};{tm=.367;["LeftLowerLeg"]={cf=cfr(0,.001,0,1,0,0,0,.954,.299,0,-.299,.954);es="Linear";ed="In";};["RightLowerLeg"]={cf=cfr(0,.001,-.001,1,0,0,0,.888,.46,0,-.46,.888);es="Linear";ed="In";};["LeftUpperArm"]={cf=cfr(.026,.06,.258,.587,-.044,-.809,-.775,-.321,-.545,-.235,.946,-.222);es="Linear";ed="In";};["RightUpperArm"]={cf=cfr(-.026,.057,.287,.621,.055,.782,.759,-.292,-.582,.197,.955,-.223);es="Linear";ed="In";};["Head"]={cf=cfr(0,-.01,0,1,0,0,0,1,0,0,0,1);es="Linear";ed="In";};["RightUpperLeg"]={cf=cfr(-.036,.018,-.09,.44,-.8,-.409,.768,.571,-.291,.466,-.186,.865);es="Linear";ed="In";};["LeftUpperLeg"]={cf=cfr(.03,.016,-.082,.492,.765,.416,-.733,.622,-.276,-.47,-.169,.866);es="Linear";ed="In";};};{tm=.383;["LeftLowerLeg"]={cf=cfr(0,.001,0,1,0,0,0,.951,.309,0,-.309,.951);es="Linear";ed="In";};["RightLowerLeg"]={cf=cfr(0,.001,0,1,0,0,0,.883,.469,0,-.469,.883);es="Linear";ed="In";};["LeftUpperArm"]={cf=cfr(.022,.061,.242,.628,-.193,-.754,-.746,-.427,-.512,-.223,.884,-.412);es="Linear";ed="In";};["RightUpperArm"]={cf=cfr(-.021,.056,.269,.654,.201,.73,.733,-.405,-.546,.186,.892,-.412);es="Linear";ed="In";};["Head"]={cf=cfr(0,-.022,0,1,0,0,0,1,0,0,0,1);es="Linear";ed="In";};["RightUpperLeg"]={cf=cfr(-.034,.029,-.106,.408,-.698,-.589,.631,.682,-.371,.66,-.22,.718);es="Linear";ed="In";};["LeftUpperLeg"]={cf=cfr(.028,.024,-.096,.446,.667,.597,-.6,.718,-.353,-.664,-.201,.72);es="Linear";ed="In";};};{tm=.4;["LeftLowerLeg"]={cf=cfr(0,.001,0,1,0,0,0,.948,.317,0,-.317,.948);es="Linear";ed="In";};["RightLowerLeg"]={cf=cfr(0,.001,0,1,0,0,0,.879,.477,0,-.477,.879);es="Linear";ed="In";};["LeftUpperArm"]={cf=cfr(.023,.065,.217,.664,-.32,-.676,-.72,-.518,-.462,-.203,.793,-.574);es="Linear";ed="In";};["RightUpperArm"]={cf=cfr(-.021,.059,.242,.683,.325,.654,.711,-.503,-.492,.169,.801,-.575);es="Linear";ed="In";};["Head"]={cf=cfr(0,-.038,0,1,0,0,0,1,0,0,0,1);es="Linear";ed="In";};["RightUpperLeg"]={cf=cfr(-.026,.034,-.104,.335,-.591,-.734,.483,.777,-.405,.809,-.219,.546);es="Linear";ed="In";};["LeftUpperLeg"]={cf=cfr(.021,.029,-.094,.362,.566,.741,-.459,.8,-.387,-.812,-.2,.549);es="Linear";ed="In";};};{tm=.417;["LeftLowerLeg"]={cf=cfr(0,.001,0,1,0,0,0,.946,.325,0,-.325,.946);es="Linear";ed="In";};["RightLowerLeg"]={cf=cfr(0,.001,0,1,0,0,0,.875,.484,0,-.484,.875);es="Linear";ed="In";};["LeftUpperArm"]={cf=cfr(.028,.071,.188,.694,-.423,-.583,-.698,-.593,-.4,-.177,.685,-.707);es="Linear";ed="In";};["RightUpperArm"]={cf=cfr(-.026,.065,.209,.707,.426,.564,.692,-.583,-.426,.148,.691,-.707);es="Linear";ed="In";};["Head"]={cf=cfr(0,-.059,0,1,0,0,0,1,0,0,0,1);es="Linear";ed="In";};["RightUpperLeg"]={cf=cfr(-.017,.034,-.088,.239,-.491,-.838,.341,.85,-.401,.909,-.19,.371);es="Linear";ed="In";};["LeftUpperLeg"]={cf=cfr(.013,.029,-.08,.256,.473,.843,-.324,.864,-.386,-.911,-.174,.375);es="Linear";ed="In";};};{tm=.433;["LeftLowerLeg"]={cf=cfr(0,0,0,1,0,0,0,.944,.331,0,-.331,.944);es="Linear";ed="In";};["RightLowerLeg"]={cf=cfr(0,0,0,1,0,0,0,.872,.49,0,-.49,.872);es="Linear";ed="In";};["LeftUpperArm"]={cf=cfr(.038,.081,.155,.717,-.503,-.483,-.681,-.652,-.333,-.148,.568,-.81);es="Linear";ed="In";};["RightUpperArm"]={cf=cfr(-.035,.074,.174,.726,.504,.467,.676,-.646,-.354,.123,.573,-.81);es="Linear";ed="In";};["Head"]={cf=cfr(0,-.082,0,1,0,0,0,1,0,0,0,1);es="Linear";ed="In";};["LeftUpperLeg"]={cf=cfr(.006,.024,-.059,.148,.394,.907,-.207,.909,-.361,-.967,-.135,.216);es="Linear";ed="In";};["RightUpperLeg"]={cf=cfr(-.009,.028,-.065,.138,-.406,-.903,.219,.902,-.372,.966,-.146,.213);es="Linear";ed="In";};["UpperTorso"]={cf=cfr(0,0,0,1,0,0,0,1,0,0,0,1);es="Linear";ed="In";};["LowerTorso"]={cf=cfr(0,0,0,-.003,.035,-.999,.967,-.256,-.011,-.256,-.966,-.033);es="Linear";ed="In";};};{tm=.45;["LeftLowerLeg"]={cf=cfr(0,0,0,1,0,0,0,.942,.336,0,-.336,.942);es="Linear";ed="In";};["RightLowerLeg"]={cf=cfr(0,0,0,1,0,0,0,.869,.494,0,-.494,.869);es="Linear";ed="In";};["LeftUpperArm"]={cf=cfr(.051,.092,.123,.735,-.56,-.383,-.668,-.696,-.265,-.118,.45,-.885);es="Linear";ed="In";};["RightUpperArm"]={cf=cfr(-.048,.086,.138,.741,.561,.37,.665,-.692,-.281,.099,.455,-.885);es="Linear";ed="In";};["Head"]={cf=cfr(0,-.109,0,1,0,0,0,1,0,0,0,1);es="Linear";ed="In";};["RightUpperLeg"]={cf=cfr(-.004,.019,-.04,.046,-.34,-.939,.122,.935,-.332,.991,-.099,.085);es="Linear";ed="In";};["LeftUpperLeg"]={cf=cfr(.002,.016,-.036,.051,.333,.942,-.116,.938,-.325,-.992,-.092,.087);es="Linear";ed="In";};};{tm=.467;["LeftLowerLeg"]={cf=cfr(0,0,0,1,0,0,0,.941,.339,0,-.339,.941);es="Linear";ed="In";};["RightLowerLeg"]={cf=cfr(0,0,0,1,0,0,0,.868,.497,0,-.497,.868);es="Linear";ed="In";};["LeftUpperArm"]={cf=cfr(.066,.104,.092,.747,-.599,-.288,-.658,-.726,-.2,-.089,.339,-.937);es="Linear";ed="In";};["RightUpperArm"]={cf=cfr(-.063,.099,.104,.751,.599,.279,.656,-.724,-.212,.075,.342,-.937);es="Linear";ed="In";};["Head"]={cf=cfr(0,-.138,0,1,0,0,0,1,0,0,0,1);es="Linear";ed="In";};["RightUpperLeg"]={cf=cfr(-.001,.009,-.019,-.026,-.294,-.956,.054,.954,-.295,.998,-.059,-.009);es="Linear";ed="In";};["LeftUpperLeg"]={cf=cfr(0,.008,-.017,-.024,.291,.957,-.051,.955,-.291,-.998,-.056,-.008);es="Linear";ed="In";};};{tm=.483;["LeftLowerLeg"]={cf=cfr(0,0,0,1,0,0,0,.94,.341,0,-.341,.94);es="Linear";ed="In";};["RightLowerLeg"]={cf=cfr(0,0,0,1,0,0,0,.866,.499,0,-.499,.866);es="Linear";ed="In";};["LeftUpperArm"]={cf=cfr(.081,.117,.065,.756,-.622,-.203,-.652,-.745,-.142,-.063,.239,-.969);es="Linear";ed="In";};["RightUpperArm"]={cf=cfr(-.08,.113,.073,.758,.622,.197,.65,-.745,-.15,.053,.242,-.969);es="Linear";ed="In";};["Head"]={cf=cfr(0,-.169,0,1,0,0,0,1,0,0,0,1);es="Linear";ed="In";};["RightUpperLeg"]={cf=cfr(0,.003,-.005,-.072,-.267,-.961,.013,.963,-.268,.997,-.032,-.065);es="Linear";ed="In";};["LeftUpperLeg"]={cf=cfr(0,.002,-.004,-.071,.266,.961,-.013,.964,-.267,-.997,-.031,-.065);es="Linear";ed="In";};};{tm=.5;["RightLowerLeg"]={cf=cfr(0,0,0,1,0,0,0,.866,.5,0,-.5,.866);es="Linear";ed="In";};["LeftUpperLeg"]={cf=cfr(0,0,0,-.087,.258,.962,0,.966,-.259,-.996,-.023,-.084);es="Linear";ed="In";};["RightUpperLeg"]={cf=cfr(0,0,0,-.087,-.258,-.962,0,.966,-.259,.996,-.023,-.084);es="Linear";ed="In";};["LeftLowerLeg"]={cf=cfr(0,0,0,1,0,0,0,.94,.342,0,-.342,.94);es="Linear";ed="In";};["RightUpperArm"]={cf=cfr(-.095,.126,.047,.762,.635,.127,.647,-.756,-.097,.034,.157,-.987);es="Linear";ed="In";};["LeftUpperArm"]={cf=cfr(.097,.129,.042,.761,-.635,-.132,-.647,-.757,-.092,-.041,.155,-.987);es="Linear";ed="In";};["Head"]={cf=cfr(0,-.2,0,1,0,0,0,1,0,0,0,1);es="Linear";ed="In";};};{tm=.517;["LeftUpperArm"]={cf=cfr(.11,.139,.024,.764,-.641,-.074,-.645,-.762,-.052,-.023,.088,-.996);es="Linear";ed="In";};["RightUpperArm"]={cf=cfr(-.109,.137,.027,.764,.641,.072,.645,-.762,-.055,.02,.089,-.996);es="Linear";ed="In";};};{tm=.533;["LeftUpperArm"]={cf=cfr(.12,.147,.011,.765,-.643,-.033,-.644,-.765,-.023,-.01,.039,-.999);es="Linear";ed="In";};["RightUpperArm"]={cf=cfr(-.12,.146,.012,.765,.643,.032,.643,-.765,-.025,.009,.04,-.999);es="Linear";ed="In";};};{tm=.55;["LeftUpperArm"]={cf=cfr(.126,.152,.003,.766,-.643,-.008,-.643,-.766,-.006,-.003,.01,-1);es="Linear";ed="In";};["RightUpperArm"]={cf=cfr(-.126,.151,.003,.766,.643,.008,.643,-.766,-.006,.002,.01,-1);es="Linear";ed="In";};};{tm=.567;["RightUpperArm"]={cf=cfr(-.129,.153,0,.766,.643,0,.643,-.766,0,0,0,-1);es="Linear";ed="In";};["LeftUpperArm"]={cf=cfr(.129,.153,0,.766,-.643,0,-.643,-.766,0,0,0,-1);es="Linear";ed="In";};};{tm=.583;["UpperTorso"]={cf=cfr(-.001,-.018,-.004,.793,.11,.599,-.099,.994,-.051,-.601,-.019,.799);es="Linear";ed="In";};["LowerTorso"]={cf=cfr(0,-.338,-.005,-.587,.058,-.808,.425,-.827,-.368,-.689,-.559,.461);es="Linear";ed="In";};};{tm=.65;["RightUpperLeg"]={cf=cfr(0,0,0,.656,-.683,-.321,.688,.716,-.117,.31,-.145,.94);es="Sine";ed="Out";};["UpperTorso"]={cf=cfr(-.001,-.06,-.003,.419,.298,.858,-.172,.954,-.247,-.891,-.044,.451);es="Linear";ed="In";};["LeftUpperLeg"]={cf=cfr(0,0,0,.648,.6,.47,-.6,.782,-.171,-.47,-.171,.866);es="Sine";ed="Out";};["LowerTorso"]={cf=cfr(0,0,0,-.826,.189,-.531,-.221,-.975,-.004,-.519,.115,.847);es="Linear";ed="In";};["LeftLowerLeg"]={cf=cfr(0,0,0,1,0,0,0,.985,.174,0,-.174,.985);es="Linear";ed="In";};["Head"]={cf=cfr(0,0,0,1,0,0,0,.985,-.174,0,.174,.985);es="Linear";ed="In";};["RightLowerLeg"]={cf=cfr(0,0,0,1,0,0,0,.985,.174,0,-.174,.985);es="Linear";ed="In";};};{tm=.667;["LeftUpperLeg"]={cf=cfr(0,.019,-.007,.659,.606,.446,-.551,.792,-.264,-.513,-.072,.855);es="Linear";ed="In";};["RightUpperLeg"]={cf=cfr(-.006,.006,.001,.68,-.675,-.288,.664,.732,-.149,.311,-.09,.946);es="Linear";ed="In";};};{tm=.683;["LeftUpperLeg"]={cf=cfr(-.002,.032,-.013,.671,.61,.422,-.498,.792,-.354,-.55,.027,.835);es="Linear";ed="In";};["RightUpperLeg"]={cf=cfr(-.01,.012,.002,.703,-.665,-.254,.64,.746,-.181,.31,-.035,.95);es="Linear";ed="In";};["RightUpperArm"]={cf=cfr(0,0,0,.957,-.239,-.166,-.291,-.805,-.517,-.01,.543,-.84);es="Sine";ed="Out";};["LeftUpperArm"]={cf=cfr(0,0,0,.996,-.087,0,-.082,-.936,-.342,.03,.341,-.94);es="Linear";ed="In";};};{tm=.7;["LeftUpperLeg"]={cf=cfr(-.005,.041,-.019,.684,.611,.398,-.442,.782,-.44,-.58,.125,.805);es="Linear";ed="In";};["RightUpperLeg"]={cf=cfr(-.014,.016,.003,.725,-.652,-.222,.616,.758,-.214,.308,.018,.951);es="Linear";ed="In";};["RightUpperArm"]={cf=cfr(-.004,.029,.023,.964,-.249,-.093,-.239,-.658,-.714,.117,.711,-.694);es="Linear";ed="In";};};{tm=.717;["LeftUpperLeg"]={cf=cfr(-.01,.044,-.026,.698,.61,.376,-.385,.762,-.521,-.604,.218,.766);es="Linear";ed="In";};["RightUpperLeg"]={cf=cfr(-.016,.018,.004,.746,-.638,-.191,.592,.767,-.246,.303,.071,.95);es="Linear";ed="In";};["RightUpperArm"]={cf=cfr(-.008,.056,.036,.961,-.275,-.024,-.158,-.476,-.865,.226,.835,-.501);es="Linear";ed="In";};};{tm=.733;["LeftUpperLeg"]={cf=cfr(-.015,.042,-.034,.711,.606,.356,-.328,.734,-.595,-.621,.306,.721);es="Linear";ed="In";};["RightUpperLeg"]={cf=cfr(-.017,.02,.005,.766,-.622,-.161,.569,.774,-.278,.298,.121,.947);es="Linear";ed="In";};["RightUpperArm"]={cf=cfr(-.013,.078,.041,.949,-.313,.036,-.055,-.275,-.96,.311,.909,-.278);es="Linear";ed="In";};};{tm=.75;["LeftUpperLeg"]={cf=cfr(-.021,.037,-.044,.725,.6,.336,-.272,.699,-.661,-.632,.388,.671);es="Linear";ed="In";};["RightUpperLeg"]={cf=cfr(-.018,.02,.005,.785,-.605,-.134,.547,.778,-.309,.291,.169,.942);es="Linear";ed="In";};["RightUpperArm"]={cf=cfr(-.017,.093,.039,.929,-.361,.082,.061,-.071,-.996,.366,.93,-.044);es="Linear";ed="In";};};{tm=.767;["RightLowerLeg"]={cf=cfr(0,0,0,1,0,0,0,.643,.766,0,-.766,.643);es="Sine";ed="Out";};["LowerTorso"]={cf=cfr(0,0,0,-.037,.153,-.988,-.995,-.098,.022,-.094,.983,.156);es="Sine";ed="Out";};["RightUpperLeg"]={cf=cfr(-.017,.02,.005,.802,-.587,-.108,.526,.781,-.338,.283,.214,.935);es="Linear";ed="In";};["LeftUpperLeg"]={cf=cfr(-.028,.029,-.054,.739,.593,.319,-.218,.659,-.719,-.637,.462,.617);es="Linear";ed="In";};["UpperTorso"]={cf=cfr(0,-.004,-.001,.951,.296,.091,-.302,.821,.485,.069,-.488,.87);es="Sine";ed="Out";};["LeftLowerArm"]={cf=cfr(0,0,0,1,0,0,0,.574,-.819,0,.819,.574);es="Sine";ed="Out";};["RightUpperArm"]={cf=cfr(-.02,.101,.033,.903,-.415,.114,.18,.123,-.976,.391,.902,.186);es="Linear";ed="In";};["Head"]={cf=cfr(-.021,-.013,0,.801,.286,.525,-.182,.953,-.242,-.57,.098,.816);es="Sine";ed="Out";};["LeftUpperArm"]={cf=cfr(.023,-.062,-.424,.064,.991,-.118,-.032,-.116,-.993,-.997,.068,.024);es="Sine";ed="Out";};["LeftLowerLeg"]={cf=cfr(0,0,0,1,0,0,0,.342,.94,0,-.94,.342);es="Sine";ed="Out";};["RightLowerArm"]={cf=cfr(0,0,0,1,0,0,0,.5,-.866,0,.866,.5);es="Sine";ed="Out";};};{tm=.783;["LeftUpperLeg"]={cf=cfr(-.035,.017,-.066,.752,.585,.304,-.167,.616,-.77,-.637,.528,.561);es="Linear";ed="In";};["RightUpperLeg"]={cf=cfr(-.016,.019,.005,.818,-.569,-.085,.506,.781,-.366,.274,.256,.927);es="Linear";ed="In";};["UpperTorso"]={cf=cfr(-.009,-.046,.008,.967,.248,.057,-.25,.885,.393,.047,-.394,.918);es="Linear";ed="In";};["RightUpperArm"]={cf=cfr(-.022,.102,.025,.873,-.469,.131,.295,.294,-.909,.388,.833,.395);es="Linear";ed="In";};["LeftUpperArm"]={cf=cfr(.025,-.073,-.371,.121,.991,-.053,-.125,-.038,-.991,-.985,.126,.119);es="Linear";ed="In";};["Head"]={cf=cfr(-.018,-.02,-.002,.812,.245,.529,-.171,.967,-.187,-.557,.061,.828);es="Linear";ed="In";};["RightLowerLeg"]={cf=cfr(0,.008,-.024,1,0,0,0,.532,.846,0,-.846,.532);es="Linear";ed="In";};["LowerTorso"]={cf=cfr(-.03,-.037,-.043,.038,.287,-.957,-.983,.183,.016,.18,.94,.289);es="Linear";ed="In";};["LeftLowerArm"]={cf=cfr(0,.004,.004,1,0,0,0,.633,-.774,0,.774,.633);es="Linear";ed="In";};["LeftLowerLeg"]={cf=cfr(0,.02,-.022,1,0,0,0,.478,.878,0,-.878,.478);es="Linear";ed="In";};["RightLowerArm"]={cf=cfr(0,.011,.009,1,0,0,0,.603,-.797,0,.797,.603);es="Linear";ed="In";};};{tm=.8;["LeftUpperLeg"]={cf=cfr(-.043,.005,-.079,.764,.575,.291,-.12,.571,-.812,-.633,.586,.506);es="Linear";ed="In";};["RightUpperLeg"]={cf=cfr(-.014,.017,.005,.832,-.551,-.063,.487,.781,-.392,.265,.295,.918);es="Linear";ed="In";};["UpperTorso"]={cf=cfr(-.013,-.074,.012,.98,.196,.029,-.196,.935,.296,.031,-.296,.955);es="Linear";ed="In";};["RightUpperArm"]={cf=cfr(-.022,.097,.016,.843,-.52,.135,.398,.436,-.807,.362,.734,.575);es="Linear";ed="In";};["LeftUpperArm"]={cf=cfr(.025,-.078,-.316,.181,.984,.005,-.21,.044,-.977,-.961,.175,.215);es="Linear";ed="In";};["Head"]={cf=cfr(-.015,-.024,-.002,.823,.205,.53,-.159,.978,-.132,-.546,.024,.838);es="Linear";ed="In";};["RightLowerLeg"]={cf=cfr(0,.012,-.04,1,0,0,0,.415,.91,0,-.91,.415);es="Linear";ed="In";};["LowerTorso"]={cf=cfr(-.052,-.07,-.063,.144,.388,-.91,-.896,.443,.047,.421,.809,.411);es="Linear";ed="In";};["LeftLowerArm"]={cf=cfr(0,.006,.006,1,0,0,0,.688,-.726,0,.726,.688);es="Linear";ed="In";};["LeftLowerLeg"]={cf=cfr(0,.035,-.034,1,0,0,0,.6,.8,0,-.8,.6);es="Linear";ed="In";};["RightLowerArm"]={cf=cfr(0,.018,.015,1,0,0,0,.696,-.718,0,.718,.696);es="Linear";ed="In";};};{tm=.817;["LeftUpperLeg"]={cf=cfr(-.05,-.009,-.092,.776,.566,.28,-.077,.526,-.847,-.626,.635,.452);es="Linear";ed="In";};["RightUpperLeg"]={cf=cfr(-.012,.015,.005,.844,-.534,-.044,.47,.779,-.415,.256,.33,.909);es="Linear";ed="In";};["UpperTorso"]={cf=cfr(-.013,-.088,.012,.99,.144,.007,-.142,.97,.2,.021,-.199,.98);es="Linear";ed="In";};["RightUpperArm"]={cf=cfr(-.02,.087,.008,.814,-.567,.127,.486,.545,-.683,.318,.618,.719);es="Linear";ed="In";};["LeftUpperArm"]={cf=cfr(.025,-.076,-.261,.242,.969,.055,-.285,.125,-.95,-.927,.215,.307);es="Linear";ed="In";};["Head"]={cf=cfr(-.012,-.025,-.003,.832,.167,.529,-.147,.986,-.079,-.535,-.012,.845);es="Linear";ed="In";};["RightLowerLeg"]={cf=cfr(0,.012,-.048,1,0,0,0,.295,.956,0,-.956,.295);es="Linear";ed="In";};["LowerTorso"]={cf=cfr(-.064,-.092,-.065,.267,.447,-.854,-.749,.654,.108,.607,.611,.509);es="Linear";ed="In";};["LeftLowerArm"]={cf=cfr(0,.008,.007,1,0,0,0,.737,-.676,0,.676,.737);es="Linear";ed="In";};["LeftLowerLeg"]={cf=cfr(0,.044,-.039,1,0,0,0,.706,.708,0,-.708,.706);es="Linear";ed="In";};["RightLowerArm"]={cf=cfr(0,.023,.017,1,0,0,0,.775,-.632,0,.632,.775);es="Linear";ed="In";};};{tm=.833;["LeftUpperLeg"]={cf=cfr(-.057,-.022,-.106,.786,.556,.271,-.04,.482,-.875,-.617,.677,.401);es="Linear";ed="In";};["RightUpperLeg"]={cf=cfr(-.01,.012,.004,.855,-.517,-.028,.455,.776,-.437,.248,.361,.899);es="Linear";ed="In";};["UpperTorso"]={cf=cfr(-.012,-.09,.009,.996,.092,-.008,-.091,.99,.106,.017,-.105,.994);es="Linear";ed="In";};["RightUpperArm"]={cf=cfr(-.018,.073,.002,.788,-.606,.111,.557,.623,-.55,.264,.495,.828);es="Linear";ed="In";};["LeftUpperArm"]={cf=cfr(.024,-.07,-.207,.302,.948,.096,-.349,.203,-.915,-.887,.243,.392);es="Linear";ed="In";};["Head"]={cf=cfr(-.009,-.024,-.002,.84,.131,.526,-.135,.99,-.03,-.525,-.046,.85);es="Linear";ed="In";};["RightLowerLeg"]={cf=cfr(0,.01,-.05,1,0,0,0,.178,.984,0,-.984,.178);es="Linear";ed="In";};["LowerTorso"]={cf=cfr(-.066,-.1,-.056,.391,.464,-.795,-.567,.802,.189,.725,.377,.576);es="Linear";ed="In";};["LeftLowerArm"]={cf=cfr(0,.008,.007,1,0,0,0,.78,-.626,0,.626,.78);es="Linear";ed="In";};["LeftLowerLeg"]={cf=cfr(0,.047,-.038,1,0,0,0,.793,.61,0,-.61,.793);es="Linear";ed="In";};["RightLowerArm"]={cf=cfr(0,.024,.016,1,0,0,0,.839,-.544,0,.544,.839);es="Linear";ed="In";};};{tm=.85;["LeftUpperLeg"]={cf=cfr(-.064,-.035,-.119,.795,.547,.264,-.007,.442,-.897,-.607,.711,.355);es="Linear";ed="In";};["RightUpperLeg"]={cf=cfr(-.008,.009,.003,.865,-.502,-.014,.442,.773,-.455,.239,.388,.89);es="Linear";ed="In";};["UpperTorso"]={cf=cfr(-.01,-.082,.006,.999,.044,-.017,-.043,.999,.019,.018,-.018,1);es="Linear";ed="In";};["RightUpperArm"]={cf=cfr(-.015,.058,-.001,.765,-.638,.09,.61,.673,-.418,.207,.375,.904);es="Linear";ed="In";};["LeftUpperArm"]={cf=cfr(.021,-.059,-.156,.359,.925,.127,-.4,.275,-.874,-.843,.263,.469);es="Linear";ed="In";};["Head"]={cf=cfr(-.007,-.021,-.002,.847,.098,.522,-.124,.992,.015,-.516,-.078,.853);es="Linear";ed="In";};["RightLowerLeg"]={cf=cfr(0,.008,-.046,1,0,0,0,.069,.998,0,-.998,.069);es="Linear";ed="In";};["LowerTorso"]={cf=cfr(-.06,-.096,-.041,.503,.446,-.74,-.376,.884,.277,.778,.139,.612);es="Linear";ed="In";};["LeftLowerArm"]={cf=cfr(0,.007,.006,1,0,0,0,.816,-.579,0,.579,.816);es="Linear";ed="In";};["LeftLowerLeg"]={cf=cfr(0,.044,-.033,1,0,0,0,.86,.511,0,-.511,.86);es="Linear";ed="In";};["RightLowerArm"]={cf=cfr(0,.022,.014,1,0,0,0,.889,-.458,0,.458,.889);es="Linear";ed="In";};};{tm=.867;["LeftUpperLeg"]={cf=cfr(-.07,-.047,-.131,.802,.539,.258,.021,.405,-.914,-.597,.739,.314);es="Linear";ed="In";};["RightUpperLeg"]={cf=cfr(-.006,.007,.003,.872,-.489,-.002,.431,.77,-.472,.232,.411,.882);es="Linear";ed="In";};["UpperTorso"]={cf=cfr(-.007,-.067,.003,1,.001,-.022,-.002,.998,-.058,.022,.058,.998);es="Linear";ed="In";};["RightUpperArm"]={cf=cfr(-.011,.043,-.003,.746,-.663,.067,.649,.7,-.297,.15,.266,.952);es="Linear";ed="In";};["LeftUpperArm"]={cf=cfr(.017,-.046,-.111,.409,.9,.151,-.439,.339,-.832,-.8,.274,.534);es="Linear";ed="In";};["Head"]={cf=cfr(-.004,-.017,-.002,.853,.069,.517,-.114,.992,.055,-.509,-.106,.854);es="Linear";ed="In";};["RightLowerLeg"]={cf=cfr(0,.005,-.038,1,0,0,0,-.027,1,0,-1,-.027);es="Linear";ed="In";};["LowerTorso"]={cf=cfr(-.048,-.081,-.026,.596,.404,-.694,-.197,.911,.362,.779,-.079,.622);es="Linear";ed="In";};["LeftLowerArm"]={cf=cfr(0,.006,.005,1,0,0,0,.845,-.535,0,.535,.845);es="Linear";ed="In";};["LeftLowerLeg"]={cf=cfr(0,.037,-.026,1,0,0,0,.909,.417,0,-.417,.909);es="Linear";ed="In";};["RightLowerArm"]={cf=cfr(0,.018,.011,1,0,0,0,.926,-.378,0,.378,.926);es="Linear";ed="In";};};{tm=.883;["LeftUpperLeg"]={cf=cfr(-.075,-.058,-.142,.808,.532,.253,.044,.374,-.926,-.587,.76,.279);es="Linear";ed="In";};["RightUpperLeg"]={cf=cfr(-.004,.005,.002,.878,-.478,.008,.421,.766,-.485,.225,.429,.875);es="Linear";ed="In";};["UpperTorso"]={cf=cfr(-.004,-.048,.001,.999,-.036,-.023,.033,.992,-.123,.028,.123,.992);es="Linear";ed="In";};["RightUpperArm"]={cf=cfr(-.008,.028,-.003,.731,-.681,.045,.675,.712,-.193,.099,.172,.98);es="Linear";ed="In";};["LeftUpperArm"]={cf=cfr(.012,-.032,-.072,.452,.876,.167,-.468,.392,-.792,-.759,.279,.588);es="Linear";ed="In";};["Head"]={cf=cfr(-.003,-.012,-.001,.858,.045,.512,-.104,.991,.088,-.503,-.129,.855);es="Linear";ed="In";};["RightLowerLeg"]={cf=cfr(0,.003,-.027,1,0,0,0,-.109,.994,0,-.994,-.109);es="Linear";ed="In";};["LowerTorso"]={cf=cfr(-.034,-.059,-.015,.665,.352,-.658,-.045,.899,.436,.745,-.261,.614);es="Linear";ed="In";};["LeftLowerArm"]={cf=cfr(0,.005,.003,1,0,0,0,.868,-.496,0,.496,.868);es="Linear";ed="In";};["LeftLowerLeg"]={cf=cfr(0,.027,-.018,1,0,0,0,.942,.334,0,-.334,.942);es="Linear";ed="In";};["RightLowerArm"]={cf=cfr(0,.014,.008,1,0,0,0,.951,-.308,0,.308,.951);es="Linear";ed="In";};};{tm=.9;["LeftUpperLeg"]={cf=cfr(-.079,-.066,-.151,.813,.526,.25,.061,.349,-.935,-.579,.776,.252);es="Linear";ed="In";};["RightUpperLeg"]={cf=cfr(-.002,.003,.001,.883,-.469,.016,.414,.764,-.495,.22,.444,.869);es="Linear";ed="In";};["UpperTorso"]={cf=cfr(-.002,-.03,0,.998,-.066,-.023,.061,.983,-.175,.034,.173,.984);es="Linear";ed="In";};["RightUpperArm"]={cf=cfr(-.005,.016,-.002,.72,-.693,.027,.691,.714,-.11,.057,.097,.994);es="Linear";ed="In";};["LeftUpperArm"]={cf=cfr(.007,-.019,-.041,.486,.856,.178,-.489,.434,-.757,-.725,.281,.629);es="Linear";ed="In";};["Head"]={cf=cfr(-.002,-.007,-.001,.862,.025,.507,-.097,.989,.115,-.498,-.148,.854);es="Linear";ed="In";};["RightLowerLeg"]={cf=cfr(0,.001,-.017,1,0,0,0,-.174,.985,0,-.985,-.174);es="Linear";ed="In";};["LowerTorso"]={cf=cfr(-.021,-.037,-.007,.714,.3,-.633,.074,.866,.494,.696,-.399,.596);es="Linear";ed="In";};["LeftLowerArm"]={cf=cfr(0,.003,.002,1,0,0,0,.885,-.465,0,.465,.885);es="Linear";ed="In";};["LeftLowerLeg"]={cf=cfr(0,.017,-.01,1,0,0,0,.964,.266,0,-.266,.964);es="Linear";ed="In";};["RightLowerArm"]={cf=cfr(0,.008,.004,1,0,0,0,.968,-.251,0,.251,.968);es="Linear";ed="In";};};{tm=.917;["LeftUpperLeg"]={cf=cfr(-.082,-.073,-.158,.817,.521,.248,.074,.331,-.941,-.573,.786,.232);es="Linear";ed="In";};["RightUpperLeg"]={cf=cfr(-.001,.001,0,.887,-.462,.021,.409,.762,-.503,.216,.454,.864);es="Linear";ed="In";};["UpperTorso"]={cf=cfr(-.001,-.014,0,.996,-.087,-.021,.081,.974,-.213,.039,.21,.977);es="Linear";ed="In";};["RightUpperArm"]={cf=cfr(-.002,.007,-.001,.713,-.701,.012,.701,.712,-.049,.026,.043,.999);es="Linear";ed="In";};["LeftUpperArm"]={cf=cfr(.003,-.009,-.018,.511,.84,.184,-.502,.465,-.73,-.698,.28,.659);es="Linear";ed="In";};["Head"]={cf=cfr(-.001,-.003,0,.864,.011,.503,-.091,.987,.135,-.495,-.162,.854);es="Linear";ed="In";};["RightLowerLeg"]={cf=cfr(0,.001,-.008,1,0,0,0,-.221,.975,0,-.975,-.221);es="Linear";ed="In";};["LowerTorso"]={cf=cfr(-.01,-.017,-.002,.745,.257,-.616,.156,.83,.535,.649,-.495,.578);es="Linear";ed="In";};["LeftLowerArm"]={cf=cfr(0,.001,.001,1,0,0,0,.897,-.442,0,.442,.897);es="Linear";ed="In";};["LeftLowerLeg"]={cf=cfr(0,.008,-.005,1,0,0,0,.977,.215,0,-.215,.977);es="Linear";ed="In";};["RightLowerArm"]={cf=cfr(0,.004,.002,1,0,0,0,.978,-.208,0,.208,.978);es="Linear";ed="In";};};{tm=.933;["LeftUpperLeg"]={cf=cfr(-.084,-.076,-.162,.819,.519,.246,.081,.32,-.944,-.569,.793,.22);es="Linear";ed="In";};["RightUpperLeg"]={cf=cfr(0,0,0,.889,-.458,.024,.406,.76,-.507,.214,.46,.861);es="Linear";ed="In";};["UpperTorso"]={cf=cfr(0,-.004,0,.995,-.1,-.02,.093,.967,-.235,.043,.232,.972);es="Linear";ed="In";};["RightUpperArm"]={cf=cfr(-.001,.002,0,.709,-.706,.003,.706,.708,-.012,.006,.011,1);es="Linear";ed="In";};["LeftUpperArm"]={cf=cfr(.001,-.002,-.005,.525,.83,.187,-.509,.483,-.713,-.682,.279,.676);es="Linear";ed="In";};["Head"]={cf=cfr(0,-.001,0,.866,.003,.501,-.088,.985,.146,-.493,-.171,.853);es="Linear";ed="In";};["RightLowerLeg"]={cf=cfr(0,0,-.002,1,0,0,0,-.249,.968,0,-.968,-.249);es="Linear";ed="In";};["LowerTorso"]={cf=cfr(-.002,-.005,-.001,.761,.229,-.607,.204,.803,.56,.616,-.55,.564);es="Linear";ed="In";};["LeftLowerArm"]={cf=cfr(0,0,0,1,0,0,0,.904,-.427,0,.427,.904);es="Linear";ed="In";};["LeftLowerLeg"]={cf=cfr(0,.002,-.001,1,0,0,0,.983,.184,0,-.184,.983);es="Linear";ed="In";};["RightLowerArm"]={cf=cfr(0,.001,.001,1,0,0,0,.983,-.182,0,.182,.983);es="Linear";ed="In";};};{tm=.95;["Head"]={cf=cfr(0,0,0,.866,0,.5,-.087,.985,.15,-.492,-.174,.853);es="Linear";ed="In";};["LeftUpperArm"]={cf=cfr(0,0,0,.53,.827,.188,-.511,.489,-.707,-.676,.279,.682);es="Linear";ed="In";};["RightUpperArm"]={cf=cfr(0,0,0,.707,-.707,0,.707,.707,0,0,0,1);es="Linear";ed="In";};["LeftUpperLeg"]={cf=cfr(-.084,-.078,-.164,.819,.518,.246,.084,.316,-.945,-.567,.795,.216);es="Linear";ed="In";};["RightUpperLeg"]={cf=cfr(0,0,0,.889,-.457,.025,.405,.76,-.509,.213,.463,.861);es="Linear";ed="In";};["UpperTorso"]={cf=cfr(0,0,0,.994,-.105,-.02,.097,.965,-.243,.044,.24,.97);es="Linear";ed="In";};["LeftLowerArm"]={cf=cfr(0,0,0,1,0,0,0,.906,-.423,0,.423,.906);es="Linear";ed="In";};["LeftLowerLeg"]={cf=cfr(0,0,0,1,0,0,0,.985,.174,0,-.174,.985);es="Linear";ed="In";};["RightLowerLeg"]={cf=cfr(0,0,0,1,0,0,0,-.259,.966,0,-.966,-.259);es="Linear";ed="In";};["LowerTorso"]={cf=cfr(0,0,0,.766,.22,-.604,.22,.793,.568,.604,-.568,.559);es="Linear";ed="In";};["RightLowerArm"]={cf=cfr(0,0,0,1,0,0,0,.985,-.174,0,.174,.985);es="Linear";ed="In";};};}