local cfr = CFrame.new

return {{tm=0;["Head"]={cf=cfr(0,0,0,1,0,0,0,.94,.342,0,-.342,.94);es="Linear";ed="In";};["LeftUpperArm"]={cf=cfr(0,0,0,.643,.766,0,-.766,.643,0,0,0,1);es="Sine";ed="Out";};["RightUpperArm"]={cf=cfr(0,0,0,.643,-.766,0,.766,.643,0,0,0,1);es="Sine";ed="Out";};["LeftUpperLeg"]={cf=cfr(0,0,0,.979,.133,.154,.05,.575,-.817,-.197,.807,.556);es="Linear";ed="In";};["RightUpperLeg"]={cf=cfr(0,0,0,.979,-.133,-.154,-.05,.575,-.817,.197,.807,.556);es="Linear";ed="In";};["UpperTorso"]={cf=cfr(0,0,0,1,0,0,0,.643,.766,0,-.766,.643);es="Linear";ed="In";};["LeftLowerLeg"]={cf=cfr(0,0,0,1,0,0,0,.866,.5,0,-.5,.866);es="Linear";ed="In";};["RightLowerLeg"]={cf=cfr(0,0,0,1,0,0,0,.866,.5,0,-.5,.866);es="Linear";ed="In";};["LeftLowerArm"]={cf=cfr(0,0,0,1,0,0,0,.94,-.342,0,.342,.94);es="Sine";ed="Out";};["LowerTorso"]={cf=cfr(0,-.304,.083,-1,0,0,0,.766,-.643,0,-.643,-.766);es="Linear";ed="In";};["RightLowerArm"]={cf=cfr(0,0,0,1,0,0,0,.94,-.342,0,.342,.94);es="Sine";ed="Out";};};{tm=.017;["RightUpperArm"]={cf=cfr(-.012,.001,.004,.678,-.735,-.006,.735,.678,.017,-.009,-.016,1);es="Linear";ed="In";};["LeftUpperArm"]={cf=cfr(.008,-.005,.004,.672,.74,-.006,-.74,.672,.009,.011,-.001,1);es="Linear";ed="In";};["LeftLowerArm"]={cf=cfr(0,.002,.001,1,0,0,0,.929,-.37,0,.37,.929);es="Linear";ed="In";};["RightLowerArm"]={cf=cfr(0,.003,.002,1,0,0,0,.925,-.381,0,.381,.925);es="Linear";ed="In";};};{tm=.033;["RightUpperArm"]={cf=cfr(-.023,.002,.008,.712,-.702,-.011,.702,.712,.035,-.017,-.032,.999);es="Linear";ed="In";};["LeftUpperArm"]={cf=cfr(.014,-.01,.008,.7,.714,-.013,-.714,.7,.017,.021,-.003,1);es="Linear";ed="In";};["LeftLowerArm"]={cf=cfr(0,.003,.002,1,0,0,0,.918,-.397,0,.397,.918);es="Linear";ed="In";};["RightLowerArm"]={cf=cfr(0,.006,.004,1,0,0,0,.908,-.419,0,.419,.908);es="Linear";ed="In";};};{tm=.05;["RightUpperArm"]={cf=cfr(-.031,.003,.011,.744,-.668,-.015,.667,.743,.052,-.024,-.049,.999);es="Linear";ed="In";};["LeftUpperArm"]={cf=cfr(.019,-.015,.011,.727,.686,-.019,-.686,.727,.025,.031,-.005,1);es="Linear";ed="In";};["LeftLowerArm"]={cf=cfr(0,.004,.002,1,0,0,0,.906,-.424,0,.424,.906);es="Linear";ed="In";};["RightLowerArm"]={cf=cfr(0,.008,.005,1,0,0,0,.89,-.456,0,.456,.89);es="Linear";ed="In";};};{tm=.067;["LeftLowerArm"]={cf=cfr(0,.005,.003,1,0,0,0,.893,-.45,0,.45,.893);es="Linear";ed="In";};["RightLowerArm"]={cf=cfr(0,.009,.006,1,0,0,0,.871,-.492,0,.492,.871);es="Linear";ed="In";};["RightUpperLeg"]={cf=cfr(-.044,.415,.04,.974,-.192,-.116,-.123,-.023,-.992,.188,.981,-.046);es="Linear";ed="In";};["UpperTorso"]={cf=cfr(0,0,0,1,0,0,0,.866,.5,0,-.5,.866);es="Linear";ed="In";};["LeftUpperLeg"]={cf=cfr(0,1.054,-.22,.934,.271,.231,.056,.529,-.847,-.352,.804,.479);es="Linear";ed="In";};["LowerTorso"]={cf=cfr(0,-1.086,.083,-1,0,0,0,.985,-.174,0,-.174,-.985);es="Linear";ed="In";};["LeftLowerLeg"]={cf=cfr(0,0,0,1,0,0,0,.342,.94,0,-.94,.342);es="Linear";ed="In";};["LeftUpperArm"]={cf=cfr(.023,-.019,.014,.752,.658,-.026,-.658,.753,.032,.041,-.007,.999);es="Linear";ed="In";};["RightUpperArm"]={cf=cfr(-.038,.004,.013,.774,-.632,-.018,.632,.772,.07,-.03,-.065,.997);es="Linear";ed="In";};["Head"]={cf=cfr(0,0,0,1,0,0,0,.94,.342,0,-.342,.94);es="Linear";ed="In";};["RightLowerLeg"]={cf=cfr(0,0,0,1,0,0,0,.342,.94,0,-.94,.342);es="Linear";ed="In";};};{tm=.083;["RightUpperArm"]={cf=cfr(-.043,.005,.015,.802,-.596,-.021,.596,.798,.087,-.035,-.082,.996);es="Linear";ed="In";};["LeftUpperArm"]={cf=cfr(.026,-.023,.017,.776,.63,-.034,-.629,.776,.039,.051,-.01,.999);es="Linear";ed="In";};["LeftLowerArm"]={cf=cfr(0,.006,.003,1,0,0,0,.88,-.475,0,.475,.88);es="Linear";ed="In";};["RightLowerArm"]={cf=cfr(0,.01,.007,1,0,0,0,.851,-.526,0,.526,.851);es="Linear";ed="In";};};{tm=.1;["RightUpperArm"]={cf=cfr(-.046,.006,.016,.828,-.56,-.022,.559,.823,.104,-.04,-.098,.994);es="Linear";ed="In";};["LeftUpperArm"]={cf=cfr(.027,-.027,.019,.798,.602,-.041,-.6,.799,.046,.06,-.012,.998);es="Linear";ed="In";};["LeftLowerArm"]={cf=cfr(0,.006,.004,1,0,0,0,.866,-.499,0,.499,.866);es="Linear";ed="In";};["RightLowerArm"]={cf=cfr(0,.011,.008,1,0,0,0,.83,-.558,0,.558,.83);es="Linear";ed="In";};};{tm=.117;["RightUpperArm"]={cf=cfr(-.048,.007,.016,.851,-.524,-.023,.523,.844,.12,-.043,-.114,.993);es="Linear";ed="In";};["LeftUpperArm"]={cf=cfr(.028,-.031,.022,.818,.573,-.048,-.571,.819,.052,.069,-.016,.997);es="Linear";ed="In";};["LeftLowerArm"]={cf=cfr(0,.006,.004,1,0,0,0,.853,-.523,0,.523,.853);es="Linear";ed="In";};["RightLowerArm"]={cf=cfr(0,.011,.009,1,0,0,0,.808,-.589,0,.589,.808);es="Linear";ed="In";};};{tm=.133;["LeftLowerArm"]={cf=cfr(0,.006,.004,1,0,0,0,.839,-.544,0,.544,.839);es="Linear";ed="In";};["RightLowerArm"]={cf=cfr(0,.011,.009,1,0,0,0,.786,-.618,0,.618,.786);es="Linear";ed="In";};["RightUpperLeg"]={cf=cfr(-.104,.3,-.037,.849,-.51,-.142,.024,.306,-.952,.529,.804,.272);es="Sine";ed="Out";};["UpperTorso"]={cf=cfr(0,0,0,1,0,0,0,.643,.766,0,-.766,.643);es="Sine";ed="Out";};["LeftUpperLeg"]={cf=cfr(0,.2,0,.856,.502,.125,.056,.149,-.987,-.514,.852,.099);es="Sine";ed="Out";};["LowerTorso"]={cf=cfr(0,-1.086,.083,-1,0,0,0,1,0,0,0,-1);es="Sine";ed="Out";};["LeftLowerLeg"]={cf=cfr(0,0,0,1,0,0,0,0,1,0,-1,0);es="Sine";ed="Out";};["LeftUpperArm"]={cf=cfr(.027,-.034,.024,.836,.545,-.055,-.542,.838,.058,.078,-.019,.997);es="Linear";ed="In";};["RightUpperArm"]={cf=cfr(-.048,.008,.016,.873,-.488,-.023,.486,.863,.136,-.046,-.13,.99);es="Linear";ed="In";};["Head"]={cf=cfr(0,0,0,1,0,0,0,1,0,0,0,1);es="Linear";ed="In";};["RightLowerLeg"]={cf=cfr(0,0,0,1,0,0,0,.174,.985,0,-.985,.174);es="Sine";ed="Out";};};{tm=.15;["RightUpperArm"]={cf=cfr(-.047,.009,.016,.891,-.453,-.023,.451,.88,.151,-.048,-.145,.988);es="Linear";ed="In";};["LeftUpperArm"]={cf=cfr(.026,-.038,.025,.853,.518,-.062,-.514,.855,.064,.086,-.022,.996);es="Linear";ed="In";};["LeftLowerArm"]={cf=cfr(0,.006,.004,1,0,0,0,.825,-.565,0,.565,.825);es="Linear";ed="In";};["RightLowerArm"]={cf=cfr(0,.011,.009,1,0,0,0,.764,-.645,0,.645,.764);es="Linear";ed="In";};["LeftUpperLeg"]={cf=cfr(.018,.183,.008,.837,.522,.167,.06,.214,-.975,-.544,.826,.148);es="Linear";ed="In";};["UpperTorso"]={cf=cfr(0,-.018,.012,1,0,0,0,.697,.717,0,-.717,.697);es="Linear";ed="In";};["RightUpperLeg"]={cf=cfr(-.109,.271,-.029,.831,-.524,-.184,.015,.352,-.936,.556,.775,.3);es="Linear";ed="In";};["LowerTorso"]={cf=cfr(0,-1.011,.05,-1,0,0,0,1,0,0,0,-1);es="Linear";ed="In";};["LeftLowerLeg"]={cf=cfr(0,.005,-.015,1,0,0,0,.091,.996,0,-.996,.091);es="Linear";ed="In";};["RightLowerLeg"]={cf=cfr(0,.004,-.009,1,0,0,0,.245,.97,0,-.97,.245);es="Linear";ed="In";};};{tm=.167;["RightUpperArm"]={cf=cfr(-.045,.009,.015,.908,-.418,-.022,.416,.894,.165,-.05,-.159,.986);es="Linear";ed="In";};["LeftUpperArm"]={cf=cfr(.023,-.041,.027,.868,.491,-.069,-.487,.871,.068,.094,-.026,.995);es="Linear";ed="In";};["LeftLowerArm"]={cf=cfr(0,.006,.004,1,0,0,0,.811,-.585,0,.585,.811);es="Linear";ed="In";};["RightLowerArm"]={cf=cfr(0,.01,.008,1,0,0,0,.742,-.67,0,.67,.742);es="Linear";ed="In";};["LeftUpperLeg"]={cf=cfr(.034,.165,.013,.817,.538,.209,.062,.279,-.958,-.574,.796,.194);es="Linear";ed="In";};["UpperTorso"]={cf=cfr(0,-.032,.021,1,0,0,0,.747,.665,0,-.665,.747);es="Linear";ed="In";};["RightUpperLeg"]={cf=cfr(-.113,.242,-.022,.813,-.536,-.226,.007,.397,-.918,.582,.745,.327);es="Linear";ed="In";};["LowerTorso"]={cf=cfr(0,-.938,.017,-1,0,0,0,1,0,0,0,-1);es="Linear";ed="In";};["LeftLowerLeg"]={cf=cfr(0,.01,-.026,1,0,0,0,.18,.984,0,-.984,.18);es="Linear";ed="In";};["RightLowerLeg"]={cf=cfr(0,.008,-.016,1,0,0,0,.314,.949,0,-.949,.314);es="Linear";ed="In";};};{tm=.183;["RightUpperArm"]={cf=cfr(-.041,.009,.014,.922,-.385,-.02,.383,.906,.179,-.051,-.172,.984);es="Linear";ed="In";};["LeftUpperArm"]={cf=cfr(.021,-.044,.028,.882,.465,-.075,-.461,.885,.073,.101,-.029,.994);es="Linear";ed="In";};["LeftLowerArm"]={cf=cfr(0,.005,.004,1,0,0,0,.798,-.603,0,.603,.798);es="Linear";ed="In";};["RightLowerArm"]={cf=cfr(0,.01,.008,1,0,0,0,.721,-.693,0,.693,.721);es="Linear";ed="In";};["LeftUpperLeg"]={cf=cfr(.049,.148,.017,.797,.55,.252,.062,.34,-.938,-.601,.763,.237);es="Linear";ed="In";};["UpperTorso"]={cf=cfr(0,-.042,.027,1,0,0,0,.792,.611,0,-.611,.792);es="Linear";ed="In";};["RightUpperLeg"]={cf=cfr(-.116,.213,-.017,.794,-.546,-.267,.001,.441,-.898,.608,.713,.35);es="Linear";ed="In";};["LowerTorso"]={cf=cfr(0,-.866,-.015,-1,0,0,0,1,0,0,0,-1);es="Linear";ed="In";};["LeftLowerLeg"]={cf=cfr(0,.014,-.034,1,0,0,0,.266,.964,0,-.964,.266);es="Linear";ed="In";};["RightLowerLeg"]={cf=cfr(0,.011,-.021,1,0,0,0,.38,.925,0,-.925,.38);es="Linear";ed="In";};};{tm=.2;["RightUpperArm"]={cf=cfr(-.037,.009,.012,.935,-.354,-.018,.351,.917,.191,-.051,-.185,.981);es="Linear";ed="In";};["LeftUpperArm"]={cf=cfr(.017,-.047,.029,.894,.441,-.082,-.436,.897,.077,.107,-.033,.994);es="Linear";ed="In";};["LeftLowerArm"]={cf=cfr(0,.005,.003,1,0,0,0,.785,-.619,0,.619,.785);es="Linear";ed="In";};["RightLowerArm"]={cf=cfr(0,.009,.007,1,0,0,0,.7,-.714,0,.714,.7);es="Linear";ed="In";};["LeftUpperLeg"]={cf=cfr(.061,.13,.019,.776,.558,.293,.059,.398,-.915,-.628,.728,.276);es="Linear";ed="In";};["UpperTorso"]={cf=cfr(0,-.048,.029,1,0,0,0,.832,.555,0,-.555,.832);es="Linear";ed="In";};["RightUpperLeg"]={cf=cfr(-.117,.185,-.012,.775,-.552,-.307,-.004,.482,-.876,.632,.68,.371);es="Linear";ed="In";};["LowerTorso"]={cf=cfr(0,-.796,-.046,-1,0,0,0,1,0,0,0,-1);es="Linear";ed="In";};["LeftLowerLeg"]={cf=cfr(0,.016,-.038,1,0,0,0,.348,.938,0,-.938,.348);es="Linear";ed="In";};["RightLowerLeg"]={cf=cfr(0,.013,-.023,1,0,0,0,.443,.897,0,-.897,.443);es="Linear";ed="In";};};{tm=.217;["RightUpperArm"]={cf=cfr(-.033,.008,.011,.946,-.325,-.016,.321,.925,.203,-.051,-.197,.979);es="Linear";ed="In";};["LeftUpperArm"]={cf=cfr(.014,-.05,.029,.904,.418,-.088,-.412,.908,.08,.113,-.036,.993);es="Linear";ed="In";};["LeftLowerArm"]={cf=cfr(0,.004,.003,1,0,0,0,.773,-.635,0,.635,.773);es="Linear";ed="In";};["RightLowerArm"]={cf=cfr(0,.008,.007,1,0,0,0,.68,-.733,0,.733,.68);es="Linear";ed="In";};["LeftUpperLeg"]={cf=cfr(.071,.112,.019,.756,.563,.333,.055,.452,-.89,-.652,.691,.311);es="Linear";ed="In";};["UpperTorso"]={cf=cfr(0,-.05,.029,1,0,0,0,.866,.5,0,-.5,.866);es="Linear";ed="In";};["RightUpperLeg"]={cf=cfr(-.117,.157,-.009,.756,-.556,-.345,-.007,.52,-.854,.654,.648,.389);es="Linear";ed="In";};["LowerTorso"]={cf=cfr(0,-.729,-.076,-1,0,0,0,1,0,0,0,-1);es="Linear";ed="In";};["LeftLowerLeg"]={cf=cfr(0,.018,-.039,1,0,0,0,.423,.906,0,-.906,.423);es="Linear";ed="In";};["RightLowerLeg"]={cf=cfr(0,.014,-.024,1,0,0,0,.5,.866,0,-.866,.5);es="Linear";ed="In";};};{tm=.233;["LeftLowerArm"]={cf=cfr(0,.004,.003,1,0,0,0,.761,-.648,0,.648,.761);es="Linear";ed="In";};["RightLowerArm"]={cf=cfr(0,.006,.006,1,0,0,0,.661,-.75,0,.75,.661);es="Linear";ed="In";};["LeftUpperLeg"]={cf=cfr(.079,.095,.018,.737,.566,.37,.049,.502,-.864,-.674,.655,.342);es="Linear";ed="In";};["UpperTorso"]={cf=cfr(0,-.049,.027,1,0,0,0,.895,.446,0,-.446,.895);es="Linear";ed="In";};["RightUpperLeg"]={cf=cfr(-.117,.131,-.006,.737,-.558,-.38,-.008,.555,-.831,.675,.616,.405);es="Linear";ed="In";};["LowerTorso"]={cf=cfr(0,-.667,-.104,-1,0,0,0,1,0,0,0,-1);es="Linear";ed="In";};["LeftLowerLeg"]={cf=cfr(0,.018,-.037,1,0,0,0,.491,.871,0,-.871,.491);es="Linear";ed="In";};["RightLowerLeg"]={cf=cfr(0,.014,-.023,1,0,0,0,.552,.834,0,-.834,.552);es="Linear";ed="In";};["LeftUpperArm"]={cf=cfr(.01,-.053,.03,.913,.397,-.093,-.39,.917,.083,.119,-.04,.992);es="Linear";ed="In";};["RightUpperArm"]={cf=cfr(-.028,.007,.009,.955,-.297,-.014,.293,.932,.213,-.051,-.208,.977);es="Linear";ed="In";};["Head"]={cf=cfr(0,0,0,1,0,0,0,.766,.643,0,-.643,.766);es="Sine";ed="Out";};};{tm=.25;["RightUpperArm"]={cf=cfr(-.024,.006,.008,.962,-.272,-.011,.268,.937,.223,-.05,-.217,.975);es="Linear";ed="In";};["LeftUpperArm"]={cf=cfr(.006,-.056,.03,.921,.377,-.098,-.37,.925,.086,.123,-.043,.991);es="Linear";ed="In";};["Head"]={cf=cfr(0,-.028,.013,1,0,0,0,.838,.545,0,-.545,.838);es="Linear";ed="In";};["LeftLowerArm"]={cf=cfr(0,.003,.002,1,0,0,0,.751,-.661,0,.661,.751);es="Linear";ed="In";};["RightLowerArm"]={cf=cfr(0,.005,.005,1,0,0,0,.644,-.765,0,.765,.644);es="Linear";ed="In";};["LeftUpperLeg"]={cf=cfr(.085,.078,.016,.719,.565,.405,.042,.546,-.837,-.694,.618,.368);es="Linear";ed="In";};["UpperTorso"]={cf=cfr(0,-.045,.024,1,0,0,0,.919,.394,0,-.394,.919);es="Linear";ed="In";};["RightUpperLeg"]={cf=cfr(-.115,.106,-.004,.72,-.558,-.413,-.009,.587,-.809,.694,.586,.418);es="Linear";ed="In";};["LowerTorso"]={cf=cfr(0,-.609,-.13,-1,0,0,0,1,0,0,0,-1);es="Linear";ed="In";};["LeftLowerLeg"]={cf=cfr(0,.018,-.033,1,0,0,0,.551,.834,0,-.834,.551);es="Linear";ed="In";};["RightLowerLeg"]={cf=cfr(0,.013,-.021,1,0,0,0,.599,.801,0,-.801,.599);es="Linear";ed="In";};};{tm=.267;["RightUpperArm"]={cf=cfr(-.019,.005,.006,.968,-.25,-.009,.245,.942,.231,-.049,-.226,.973);es="Linear";ed="In";};["LeftUpperArm"]={cf=cfr(.002,-.058,.031,.927,.36,-.103,-.352,.932,.088,.128,-.046,.991);es="Linear";ed="In";};["Head"]={cf=cfr(0,-.045,.018,1,0,0,0,.896,.443,0,-.443,.896);es="Linear";ed="In";};["LeftLowerArm"]={cf=cfr(0,.002,.002,1,0,0,0,.741,-.672,0,.672,.741);es="Linear";ed="In";};["RightLowerArm"]={cf=cfr(0,.004,.004,1,0,0,0,.628,-.778,0,.778,.628);es="Linear";ed="In";};["LeftUpperLeg"]={cf=cfr(.09,.062,.014,.702,.563,.436,.034,.584,-.811,-.711,.584,.391);es="Linear";ed="In";};["UpperTorso"]={cf=cfr(0,-.039,.02,1,0,0,0,.938,.347,0,-.347,.938);es="Linear";ed="In";};["RightUpperLeg"]={cf=cfr(-.113,.083,-.003,.703,-.557,-.442,-.008,.616,-.788,.711,.558,.428);es="Linear";ed="In";};["LowerTorso"]={cf=cfr(0,-.556,-.153,-1,0,0,0,1,0,0,0,-1);es="Linear";ed="In";};["LeftLowerLeg"]={cf=cfr(0,.016,-.028,1,0,0,0,.604,.797,0,-.797,.604);es="Linear";ed="In";};["RightLowerLeg"]={cf=cfr(0,.011,-.018,1,0,0,0,.639,.769,0,-.769,.639);es="Linear";ed="In";};};{tm=.283;["RightUpperArm"]={cf=cfr(-.014,.004,.005,.973,-.23,-.007,.225,.945,.238,-.048,-.234,.971);es="Linear";ed="In";};["LeftUpperArm"]={cf=cfr(-.001,-.061,.031,.933,.344,-.107,-.335,.938,.09,.131,-.048,.99);es="Linear";ed="In";};["Head"]={cf=cfr(0,-.051,.019,1,0,0,0,.94,.342,0,-.342,.94);es="Linear";ed="In";};["LeftLowerArm"]={cf=cfr(0,.002,.001,1,0,0,0,.732,-.681,0,.681,.732);es="Linear";ed="In";};["RightLowerArm"]={cf=cfr(0,.003,.003,1,0,0,0,.614,-.789,0,.789,.614);es="Linear";ed="In";};["LeftUpperLeg"]={cf=cfr(.094,.047,.011,.687,.56,.463,.027,.618,-.786,-.726,.552,.409);es="Linear";ed="In";};["UpperTorso"]={cf=cfr(0,-.032,.016,1,0,0,0,.953,.303,0,-.303,.953);es="Linear";ed="In";};["RightUpperLeg"]={cf=cfr(-.11,.062,-.002,.688,-.555,-.468,-.007,.64,-.768,.726,.532,.436);es="Linear";ed="In";};["LowerTorso"]={cf=cfr(0,-.509,-.174,-1,0,0,0,1,0,0,0,-1);es="Linear";ed="In";};["LeftLowerLeg"]={cf=cfr(0,.013,-.023,1,0,0,0,.649,.761,0,-.761,.649);es="Linear";ed="In";};["RightLowerLeg"]={cf=cfr(0,.01,-.014,1,0,0,0,.674,.739,0,-.739,.674);es="Linear";ed="In";};};{tm=.3;["RightUpperArm"]={cf=cfr(-.01,.003,.003,.977,-.213,-.005,.208,.947,.245,-.047,-.24,.97);es="Linear";ed="In";};["LeftUpperArm"]={cf=cfr(-.004,-.063,.031,.937,.331,-.111,-.322,.942,.092,.135,-.05,.99);es="Linear";ed="In";};["Head"]={cf=cfr(0,-.047,.015,1,0,0,0,.969,.247,0,-.247,.969);es="Linear";ed="In";};["LeftLowerArm"]={cf=cfr(0,.001,.001,1,0,0,0,.725,-.689,0,.689,.725);es="Linear";ed="In";};["RightLowerArm"]={cf=cfr(0,.002,.002,1,0,0,0,.602,-.798,0,.798,.602);es="Linear";ed="In";};["LeftUpperLeg"]={cf=cfr(.096,.033,.008,.674,.556,.487,.02,.646,-.763,-.739,.524,.424);es="Linear";ed="In";};["UpperTorso"]={cf=cfr(0,-.024,.011,1,0,0,0,.964,.265,0,-.265,.964);es="Linear";ed="In";};["RightUpperLeg"]={cf=cfr(-.108,.044,-.001,.675,-.552,-.49,-.006,.661,-.751,.738,.509,.443);es="Linear";ed="In";};["LowerTorso"]={cf=cfr(0,-.469,-.192,-1,0,0,0,1,0,0,0,-1);es="Linear";ed="In";};["LeftLowerLeg"]={cf=cfr(0,.01,-.017,1,0,0,0,.686,.728,0,-.728,.686);es="Linear";ed="In";};["RightLowerLeg"]={cf=cfr(0,.007,-.01,1,0,0,0,.703,.712,0,-.712,.703);es="Linear";ed="In";};};{tm=.317;["RightUpperArm"]={cf=cfr(-.007,.002,.002,.98,-.199,-.003,.193,.949,.25,-.047,-.245,.968);es="Linear";ed="In";};["LeftUpperArm"]={cf=cfr(-.007,-.064,.031,.941,.32,-.113,-.31,.946,.093,.137,-.052,.989);es="Linear";ed="In";};["Head"]={cf=cfr(0,-.037,.011,1,0,0,0,.987,.163,0,-.163,.987);es="Linear";ed="In";};["LeftLowerArm"]={cf=cfr(0,.001,.001,1,0,0,0,.718,-.696,0,.696,.718);es="Linear";ed="In";};["RightLowerArm"]={cf=cfr(0,.001,.001,1,0,0,0,.592,-.806,0,.806,.592);es="Linear";ed="In";};["LeftUpperLeg"]={cf=cfr(.098,.022,.006,.663,.551,.507,.013,.668,-.744,-.749,.5,.436);es="Linear";ed="In";};["UpperTorso"]={cf=cfr(0,-.017,.008,1,0,0,0,.973,.233,0,-.233,.973);es="Linear";ed="In";};["RightUpperLeg"]={cf=cfr(-.105,.029,-.001,.663,-.549,-.509,-.004,.677,-.736,.748,.49,.447);es="Linear";ed="In";};["LowerTorso"]={cf=cfr(0,-.435,-.208,-1,0,0,0,1,0,0,0,-1);es="Linear";ed="In";};["LeftLowerLeg"]={cf=cfr(0,.007,-.011,1,0,0,0,.715,.699,0,-.699,.715);es="Linear";ed="In";};["RightLowerLeg"]={cf=cfr(0,.005,-.007,1,0,0,0,.726,.688,0,-.688,.726);es="Linear";ed="In";};};{tm=.333;["RightUpperArm"]={cf=cfr(-.004,.001,.001,.982,-.188,-.002,.182,.95,.254,-.046,-.25,.967);es="Linear";ed="In";};["LeftUpperArm"]={cf=cfr(-.009,-.065,.031,.943,.311,-.116,-.301,.949,.094,.139,-.054,.989);es="Linear";ed="In";};["Head"]={cf=cfr(0,-.024,.007,1,0,0,0,.996,.093,0,-.093,.996);es="Linear";ed="In";};["LeftLowerArm"]={cf=cfr(0,0,0,1,0,0,0,.714,-.701,0,.701,.714);es="Linear";ed="In";};["RightLowerArm"]={cf=cfr(0,.001,.001,1,0,0,0,.584,-.812,0,.812,.584);es="Linear";ed="In";};["LeftUpperLeg"]={cf=cfr(.099,.013,.003,.654,.547,.522,.008,.685,-.728,-.756,.48,.444);es="Linear";ed="In";};["UpperTorso"]={cf=cfr(0,-.01,.004,1,0,0,0,.978,.207,0,-.207,.978);es="Linear";ed="In";};["RightUpperLeg"]={cf=cfr(-.103,.016,0,.655,-.546,-.523,-.002,.69,-.723,.756,.475,.451);es="Linear";ed="In";};["LowerTorso"]={cf=cfr(0,-.408,-.219,-1,0,0,0,1,0,0,0,-1);es="Linear";ed="In";};["LeftLowerLeg"]={cf=cfr(0,.004,-.007,1,0,0,0,.738,.675,0,-.675,.738);es="Linear";ed="In";};["RightLowerLeg"]={cf=cfr(0,.003,-.004,1,0,0,0,.744,.669,0,-.669,.744);es="Linear";ed="In";};};{tm=.35;["RightUpperArm"]={cf=cfr(-.002,.001,.001,.984,-.18,-.001,.174,.951,.257,-.045,-.253,.967);es="Linear";ed="In";};["LeftUpperArm"]={cf=cfr(-.011,-.066,.031,.945,.305,-.117,-.295,.951,.095,.14,-.055,.989);es="Linear";ed="In";};["Head"]={cf=cfr(0,-.012,.003,1,0,0,0,.999,.042,0,-.042,.999);es="Linear";ed="In";};["LeftLowerArm"]={cf=cfr(0,0,0,1,0,0,0,.71,-.704,0,.704,.71);es="Linear";ed="In";};["RightLowerArm"]={cf=cfr(0,0,0,1,0,0,0,.578,-.816,0,.816,.578);es="Linear";ed="In";};["LeftUpperLeg"]={cf=cfr(.1,.006,.001,.648,.544,.533,.003,.697,-.717,-.762,.466,.45);es="Linear";ed="In";};["UpperTorso"]={cf=cfr(0,-.005,.002,1,0,0,0,.982,.189,0,-.189,.982);es="Linear";ed="In";};["RightUpperLeg"]={cf=cfr(-.101,.007,0,.648,-.544,-.533,-.001,.7,-.714,.762,.464,.453);es="Linear";ed="In";};["LowerTorso"]={cf=cfr(0,-.389,-.228,-1,0,0,0,1,0,0,0,-1);es="Linear";ed="In";};["LeftLowerLeg"]={cf=cfr(0,.002,-.003,1,0,0,0,.754,.657,0,-.657,.754);es="Linear";ed="In";};["RightLowerLeg"]={cf=cfr(0,.001,-.002,1,0,0,0,.756,.654,0,-.654,.756);es="Linear";ed="In";};};{tm=.367;["RightUpperArm"]={cf=cfr(0,0,0,.985,-.175,0,.169,.951,.258,-.045,-.254,.966);es="Linear";ed="In";};["LeftUpperArm"]={cf=cfr(-.012,-.067,.031,.946,.301,-.118,-.291,.952,.095,.141,-.056,.988);es="Linear";ed="In";};["Head"]={cf=cfr(0,-.003,.001,1,0,0,0,1,.011,0,-.011,1);es="Linear";ed="In";};["LeftLowerArm"]={cf=cfr(0,0,0,1,0,0,0,.708,-.706,0,.706,.708);es="Linear";ed="In";};["RightLowerArm"]={cf=cfr(0,0,0,1,0,0,0,.575,-.818,0,.818,.575);es="Linear";ed="In";};["LeftUpperLeg"]={cf=cfr(.1,.001,0,.644,.542,.539,.001,.705,-.71,-.765,.457,.453);es="Linear";ed="In";};["UpperTorso"]={cf=cfr(0,-.001,0,1,0,0,0,.984,.177,0,-.177,.984);es="Linear";ed="In";};["RightUpperLeg"]={cf=cfr(-.1,.002,0,.644,-.542,-.54,0,.705,-.709,.765,.457,.454);es="Linear";ed="In";};["LowerTorso"]={cf=cfr(0,-.377,-.233,-1,0,0,0,1,0,0,0,-1);es="Linear";ed="In";};["LeftLowerLeg"]={cf=cfr(0,.001,-.001,1,0,0,0,.763,.646,0,-.646,.763);es="Linear";ed="In";};["RightLowerLeg"]={cf=cfr(0,0,0,1,0,0,0,.764,.646,0,-.646,.764);es="Linear";ed="In";};};{tm=.383;["Head"]={cf=cfr(0,0,0,1,0,0,0,1,0,0,0,1);es="Linear";ed="In";};["LeftUpperArm"]={cf=cfr(-.012,-.067,.031,.947,.3,-.119,-.29,.952,.095,.142,-.056,.988);es="Linear";ed="In";};["RightUpperArm"]={cf=cfr(0,0,0,.985,-.174,0,.168,.951,.259,-.045,-.255,.966);es="Linear";ed="In";};["LeftUpperLeg"]={cf=cfr(.1,0,0,.643,.542,.542,0,.707,-.707,-.766,.455,.455);es="Linear";ed="In";};["RightUpperLeg"]={cf=cfr(-.1,0,0,.643,-.542,-.542,0,.707,-.707,.766,.455,.455);es="Linear";ed="In";};["UpperTorso"]={cf=cfr(0,0,0,1,0,0,0,.985,.174,0,-.174,.985);es="Linear";ed="In";};["LeftLowerLeg"]={cf=cfr(0,0,0,1,0,0,0,.766,.643,0,-.643,.766);es="Linear";ed="In";};["RightLowerLeg"]={cf=cfr(0,0,0,1,0,0,0,.766,.643,0,-.643,.766);es="Linear";ed="In";};["LeftLowerArm"]={cf=cfr(0,0,0,1,0,0,0,.707,-.707,0,.707,.707);es="Linear";ed="In";};["LowerTorso"]={cf=cfr(0,-.373,-.235,-1,0,0,0,1,0,0,0,-1);es="Linear";ed="In";};["RightLowerArm"]={cf=cfr(0,0,0,1,0,0,0,.574,-.819,0,.819,.574);es="Linear";ed="In";};};}