local cfr = CFrame.new

return {{tm=0;["LeftUpperArm"]={cf=cfr(0,0,0,1,0,0,0,.985,.174,0,-.174,.985);es="Linear";ed="In";};["Head"]={cf=cfr(0,0,0,.661,-.236,.712,.748,.272,-.605,-.051,.933,.357);es="Linear";ed="In";};["RightUpperArm"]={cf=cfr(0,0,0,.94,-.059,-.337,-.059,.942,-.332,.337,.332,.881);es="Linear";ed="In";};["LeftUpperLeg"]={cf=cfr(0,0,0,.843,.169,.51,-.482,.659,.578,-.238,-.733,.637);es="Linear";ed="In";};["RightUpperLeg"]={cf=cfr(0,0,0,.757,-.347,.553,-.095,.78,.619,-.646,-.521,.558);es="Linear";ed="In";};["UpperTorso"]={cf=cfr(0,0,-.015,.919,.073,-.388,.292,.534,.793,.265,-.842,.47);es="Linear";ed="In";};["LeftLowerArm"]={cf=cfr(0,0,0,1,0,0,0,.94,-.342,0,.342,.94);es="Linear";ed="In";};["LeftFoot"]={cf=cfr(0,0,0,1,0,0,0,1,0,0,0,1);es="Linear";ed="In";};["LeftLowerLeg"]={cf=cfr(0,0,0,1,.017,-.006,.003,.148,.989,.018,-.989,.148);es="Linear";ed="In";};["RightLowerArm"]={cf=cfr(0,0,0,1,0,0,0,.174,-.985,0,.985,.174);es="Linear";ed="In";};["LowerTorso"]={cf=cfr(-.429,-.662,.017,.425,.835,-.349,-.724,.545,.423,.544,.073,.836);es="Linear";ed="In";};["RightFoot"]={cf=cfr(0,0,0,1,0,0,0,1,0,0,0,1);es="Linear";ed="In";};["RightLowerLeg"]={cf=cfr(0,0,0,1,0,0,0,.866,.5,0,-.5,.866);es="Linear";ed="In";};["LeftHand"]={cf=cfr(0,0,0,1,0,0,0,1,0,0,0,1);es="Linear";ed="In";};["RightHand"]={cf=cfr(0,0,0,1,0,0,0,1,0,0,0,1);es="Linear";ed="In";};};{tm=.05;["LeftUpperArm"]={cf=cfr(0,0,0,.94,0,.342,-.059,.985,.163,-.337,-.174,.925);es="Linear";ed="In";};["Head"]={cf=cfr(0,0,0,.559,-.542,.628,.697,.717,-.001,-.449,.438,.779);es="Linear";ed="In";};["RightUpperArm"]={cf=cfr(0,0,0,.768,-.274,-.579,-.169,.785,-.596,.618,.556,.556);es="Linear";ed="In";};["LeftUpperLeg"]={cf=cfr(0,0,0,.761,.542,.357,-.624,.763,.171,-.18,-.353,.918);es="Linear";ed="In";};["RightUpperLeg"]={cf=cfr(0,0,0,.911,.254,.325,-.274,.962,.015,-.309,-.102,.946);es="Linear";ed="In";};["UpperTorso"]={cf=cfr(0,0,-.015,.996,.038,-.08,.004,.885,.465,.089,-.463,.882);es="Linear";ed="In";};["LeftLowerLeg"]={cf=cfr(0,0,0,1,.012,-.013,.003,.623,.782,.018,-.782,.623);es="Linear";ed="In";};["RightLowerLeg"]={cf=cfr(0,0,0,1,0,0,0,.866,.5,0,-.5,.866);es="Linear";ed="In";};["LowerTorso"]={cf=cfr(-.249,-.662,.017,.213,.76,-.614,-.724,.545,.423,.656,.354,.666);es="Linear";ed="In";};};{tm=.1;["Head"]={cf=cfr(0,0,0,.517,-.533,.67,.366,.845,.389,-.774,.044,.632);es="Linear";ed="In";};["LeftUpperArm"]={cf=cfr(0,0,0,.683,-.22,.697,-.43,.65,.627,-.59,-.728,.349);es="Linear";ed="In";};["RightUpperArm"]={cf=cfr(0,0,0,.461,-.777,.429,.879,.465,-.102,-.12,.424,.898);es="Linear";ed="In";};["LeftUpperLeg"]={cf=cfr(0,0,0,.9,.42,.113,-.325,.822,-.467,-.289,.383,.877);es="Linear";ed="In";};["RightUpperLeg"]={cf=cfr(0,0,0,.861,-.391,.325,.408,.913,.015,-.302,.12,.946);es="Linear";ed="In";};["UpperTorso"]={cf=cfr(0,0,-.015,.88,-.474,-.026,.458,.832,.313,-.127,-.288,.949);es="Linear";ed="In";};["LeftLowerArm"]={cf=cfr(0,0,0,1,0,0,0,.766,-.643,0,.643,.766);es="Linear";ed="In";};["LowerTorso"]={cf=cfr(-.176,-.272,.772,-.366,.217,-.905,-.919,.067,.388,.145,.974,.175);es="Linear";ed="In";};["RightLowerArm"]={cf=cfr(0,0,0,1,0,0,0,.766,-.643,0,.643,.766);es="Linear";ed="In";};};{tm=.133;["RightUpperArm"]={cf=cfr(-.765,.17,-.04,.017,-.969,-.247,.667,-.173,.724,-.745,-.177,.644);es="Linear";ed="In";};};{tm=.167;["Head"]={cf=cfr(0,0,0,.735,-.56,-.383,.635,.37,.678,-.238,-.741,.628);es="Linear";ed="In";};["LeftUpperArm"]={cf=cfr(0,0,0,.793,-.012,.609,-.315,.847,.428,-.521,-.531,.668);es="Linear";ed="In";};["RightUpperArm"]={cf=cfr(-.017,.093,-.039,.577,-.243,-.78,.541,-.601,.588,-.612,-.761,-.216);es="Linear";ed="In";};["LeftUpperLeg"]={cf=cfr(0,0,0,.933,-.129,-.336,-.038,.894,-.447,.358,.43,.829);es="Linear";ed="In";};["RightUpperLeg"]={cf=cfr(0,0,0,.523,-.539,-.661,.619,-.294,.729,-.587,-.789,.18);es="Linear";ed="In";};["UpperTorso"]={cf=cfr(0,0,0,.973,.226,.045,-.191,.686,.702,.128,-.692,.71);es="Linear";ed="In";};["LeftLowerArm"]={cf=cfr(0,0,0,1,0,0,0,.866,-.5,0,.5,.866);es="Linear";ed="In";};["LeftLowerLeg"]={cf=cfr(0,0,0,1,0,0,0,.866,.5,0,-.5,.866);es="Linear";ed="In";};["RightLowerLeg"]={cf=cfr(0,0,0,1,0,0,0,.94,.342,0,-.342,.94);es="Linear";ed="In";};["LowerTorso"]={cf=cfr(-.216,.282,.296,.662,-.433,-.611,-.745,-.295,-.598,.079,.852,-.518);es="Linear";ed="In";};["RightLowerArm"]={cf=cfr(0,0,0,1,0,0,0,.866,-.5,0,.5,.866);es="Linear";ed="In";};};{tm=.283;["Head"]={cf=cfr(0,0,0,.955,-.27,.122,.167,.831,.53,-.245,-.486,.839);es="Linear";ed="In";};["LeftUpperArm"]={cf=cfr(0,0,0,.982,.173,.071,-.182,.974,.137,-.046,-.148,.988);es="Linear";ed="In";};["RightUpperArm"]={cf=cfr(-.183,-.169,.119,.577,-.753,-.315,.541,.064,.839,-.612,-.654,.444);es="Linear";ed="In";};["LeftUpperLeg"]={cf=cfr(.112,-.012,.166,.874,.224,.431,.068,.822,-.565,-.481,.523,.704);es="Linear";ed="In";};["RightUpperLeg"]={cf=cfr(-.167,.018,-.248,.962,-.072,-.262,.057,.996,-.066,.265,.048,.963);es="Linear";ed="In";};["UpperTorso"]={cf=cfr(0,0,0,.971,-.233,-.044,.196,.685,.702,-.133,-.69,.711);es="Linear";ed="In";};["LeftLowerArm"]={cf=cfr(0,0,0,1,0,0,0,.5,-.866,0,.866,.5);es="Linear";ed="In";};["LeftLowerLeg"]={cf=cfr(0,0,0,1,0,0,0,-.5,.866,0,-.866,-.5);es="Linear";ed="In";};["RightLowerLeg"]={cf=cfr(0,0,0,1,0,0,0,.985,.174,0,-.174,.985);es="Linear";ed="In";};["LowerTorso"]={cf=cfr(-.184,-1.718,.296,.83,.052,-.555,-.557,.061,-.828,-.009,.997,.08);es="Linear";ed="In";};["RightLowerArm"]={cf=cfr(0,0,0,1,0,0,0,.819,-.574,0,.574,.819);es="Linear";ed="In";};};}