local cfr = CFrame.new

return {{tm=0;["LeftUpperArm"]={cf=cfr(.027,.19,-.215,.993,-.005,.114,-.103,.393,.914,-.049,-.92,.39);es="Sine";ed="InOut";};["Head"]={cf=cfr(0,0,0,.989,.037,-.141,.071,.719,.691,.127,-.694,.709);es="Sine";ed="InOut";};["RightUpperArm"]={cf=cfr(0,0,0,.796,-.015,.605,.051,.998,-.042,-.603,.064,.795);es="Sine";ed="InOut";};["LeftUpperLeg"]={cf=cfr(0,.073,-.286,.94,.31,-.145,-.117,-.106,-.987,-.321,.945,-.063);es="Sine";ed="InOut";};["RightUpperLeg"]={cf=cfr(0,.073,-.286,.985,-.157,.073,.059,-.092,-.994,.163,.983,-.081);es="Sine";ed="InOut";};["UpperTorso"]={cf=cfr(0,0,0,.985,.041,.169,.015,.947,-.321,-.173,.319,.932);es="Sine";ed="InOut";};["LeftFoot"]={cf=cfr(0,0,0,1,0,0,0,1,0,0,0,1);es="Sine";ed="InOut";};["LeftLowerLeg"]={cf=cfr(0,0,0,1,0,0,0,.662,.75,0,-.75,.662);es="Sine";ed="InOut";};["RightHand"]={cf=cfr(0,0,0,1,0,0,0,1,0,0,0,1);es="Sine";ed="InOut";};["RightFoot"]={cf=cfr(0,0,0,1,0,0,0,1,0,0,0,1);es="Sine";ed="InOut";};["RightLowerLeg"]={cf=cfr(0,0,0,1,0,0,0,.707,.707,0,-.707,.707);es="Sine";ed="InOut";};["LeftLowerArm"]={cf=cfr(0,0,0,1,0,0,0,.901,-.434,0,.434,.901);es="Sine";ed="InOut";};["LowerTorso"]={cf=cfr(0,-2.318,-.227,1,0,0,0,.94,-.342,0,.342,.94);es="Sine";ed="InOut";};["LeftHand"]={cf=cfr(0,0,0,1,0,0,0,1,0,0,0,1);es="Sine";ed="InOut";};["RightLowerArm"]={cf=cfr(0,0,0,1,0,0,0,.756,-.654,0,.654,.756);es="Sine";ed="InOut";};};{tm=.017;["RightUpperArm"]={cf=cfr(0,0,0,.796,-.019,.605,.051,.998,-.036,-.603,.059,.796);es="Linear";ed="In";};["Head"]={cf=cfr(0,0,0,.989,.042,-.14,.067,.722,.689,.13,-.691,.711);es="Linear";ed="In";};["LeftUpperArm"]={cf=cfr(.027,.19,-.215,.993,-.004,.114,-.103,.399,.911,-.049,-.917,.396);es="Linear";ed="In";};["UpperTorso"]={cf=cfr(0,0,0,.985,.04,.17,.017,.948,-.319,-.174,.317,.932);es="Linear";ed="In";};["RightUpperLeg"]={cf=cfr(0,.073,-.286,.985,-.157,.074,.059,-.095,-.994,.163,.983,-.084);es="Linear";ed="In";};["LeftUpperLeg"]={cf=cfr(0,.073,-.286,.94,.309,-.146,-.117,-.109,-.987,-.321,.945,-.066);es="Linear";ed="In";};["LeftFoot"]={cf=cfr(0,0,0,1,0,0,0,1,0,0,0,1);es="Linear";ed="In";};["LeftLowerLeg"]={cf=cfr(0,0,0,1,0,0,0,.657,.754,0,-.754,.657);es="Linear";ed="In";};["RightHand"]={cf=cfr(0,0,0,1,0,0,0,1,0,0,0,1);es="Linear";ed="In";};["RightFoot"]={cf=cfr(0,0,0,1,0,0,0,1,0,0,0,1);es="Linear";ed="In";};["RightLowerLeg"]={cf=cfr(0,0,0,1,0,0,0,.705,.709,0,-.709,.705);es="Linear";ed="In";};["LeftLowerArm"]={cf=cfr(0,0,0,1,0,0,0,.904,-.428,0,.428,.904);es="Linear";ed="In";};["LowerTorso"]={cf=cfr(0,-2.316,-.227,1,0,0,0,.94,-.342,0,.342,.94);es="Linear";ed="In";};["LeftHand"]={cf=cfr(0,0,0,1,0,0,0,1,0,0,0,1);es="Linear";ed="In";};["RightLowerArm"]={cf=cfr(0,0,0,1,0,0,0,.754,-.657,0,.657,.754);es="Linear";ed="In";};};{tm=.033;["RightUpperArm"]={cf=cfr(0,.001,0,.796,-.03,.604,.051,.999,-.017,-.603,.044,.797);es="Linear";ed="In";};["Head"]={cf=cfr(0,-.001,.001,.989,.055,-.139,.055,.729,.682,.139,-.682,.718);es="Linear";ed="In";};["LeftUpperArm"]={cf=cfr(.027,.191,-.216,.993,-.002,.114,-.103,.416,.904,-.049,-.909,.413);es="Linear";ed="In";};["UpperTorso"]={cf=cfr(0,0,0,.984,.034,.174,.022,.95,-.313,-.175,.311,.934);es="Linear";ed="In";};["RightUpperLeg"]={cf=cfr(0,.073,-.286,.985,-.156,.075,.059,-.105,-.993,.163,.982,-.094);es="Linear";ed="In";};["LeftUpperLeg"]={cf=cfr(0,.073,-.286,.94,.308,-.148,-.117,-.118,-.986,-.321,.944,-.075);es="Linear";ed="In";};["LeftFoot"]={cf=cfr(0,0,0,1,0,0,0,1,0,0,0,1);es="Linear";ed="In";};["LeftLowerLeg"]={cf=cfr(0,.001,-.001,1,0,0,0,.642,.767,0,-.767,.642);es="Linear";ed="In";};["RightHand"]={cf=cfr(0,0,0,1,0,0,0,1,0,0,0,1);es="Linear";ed="In";};["RightFoot"]={cf=cfr(0,0,0,1,0,0,0,1,0,0,0,1);es="Linear";ed="In";};["RightLowerLeg"]={cf=cfr(0,0,0,1,0,0,0,.698,.716,0,-.716,.698);es="Linear";ed="In";};["LeftLowerArm"]={cf=cfr(0,.001,0,1,0,0,0,.912,-.411,0,.411,.912);es="Linear";ed="In";};["LowerTorso"]={cf=cfr(0,-2.311,-.227,1,0,0,0,.94,-.342,0,.342,.94);es="Linear";ed="In";};["LeftHand"]={cf=cfr(0,0,0,1,0,0,0,1,0,0,0,1);es="Linear";ed="In";};["RightLowerArm"]={cf=cfr(0,0,0,1,0,0,0,.746,-.666,0,.666,.746);es="Linear";ed="In";};};{tm=.05;["RightUpperArm"]={cf=cfr(0,.002,0,.796,-.048,.603,.051,.999,.012,-.603,.021,.798);es="Linear";ed="In";};["Head"]={cf=cfr(0,-.002,.002,.988,.076,-.137,.036,.74,.672,.152,-.668,.728);es="Linear";ed="In";};["LeftUpperArm"]={cf=cfr(.027,.191,-.216,.993,.001,.114,-.103,.441,.891,-.049,-.897,.438);es="Linear";ed="In";};["UpperTorso"]={cf=cfr(0,-.001,0,.984,.026,.179,.03,.953,-.303,-.178,.303,.936);es="Linear";ed="In";};["RightUpperLeg"]={cf=cfr(0,.072,-.286,.985,-.155,.078,.059,-.119,-.991,.163,.981,-.108);es="Linear";ed="In";};["LeftUpperLeg"]={cf=cfr(0,.072,-.286,.94,.306,-.153,-.117,-.132,-.984,-.321,.943,-.089);es="Linear";ed="In";};["LeftFoot"]={cf=cfr(0,0,0,1,0,0,0,1,0,0,0,1);es="Linear";ed="In";};["LeftLowerLeg"]={cf=cfr(0,.001,-.001,1,0,0,0,.62,.784,0,-.784,.62);es="Linear";ed="In";};["RightHand"]={cf=cfr(0,0,0,1,0,0,0,1,0,0,0,1);es="Linear";ed="In";};["RightFoot"]={cf=cfr(0,0,0,1,0,0,0,1,0,0,0,1);es="Linear";ed="In";};["RightLowerLeg"]={cf=cfr(0,0,0,1,0,0,0,.688,.726,0,-.726,.688);es="Linear";ed="In";};["LeftLowerArm"]={cf=cfr(0,.001,0,1,0,0,0,.923,-.385,0,.385,.923);es="Linear";ed="In";};["LowerTorso"]={cf=cfr(0,-2.303,-.227,1,0,0,0,.94,-.342,0,.342,.94);es="Linear";ed="In";};["LeftHand"]={cf=cfr(0,0,0,1,0,0,0,1,0,0,0,1);es="Linear";ed="In";};["RightLowerArm"]={cf=cfr(0,0,0,1,0,0,0,.735,-.678,0,.678,.735);es="Linear";ed="In";};};{tm=.067;["RightUpperArm"]={cf=cfr(0,.002,0,.796,-.068,.601,.051,.998,.045,-.603,-.005,.798);es="Linear";ed="In";};["Head"]={cf=cfr(0,-.002,.002,.986,.099,-.135,.014,.752,.659,.167,-.652,.74);es="Linear";ed="In";};["LeftUpperArm"]={cf=cfr(.027,.191,-.216,.993,.005,.114,-.103,.471,.876,-.049,-.882,.468);es="Linear";ed="In";};["UpperTorso"]={cf=cfr(0,-.001,0,.983,.016,.185,.039,.956,-.292,-.181,.294,.938);es="Linear";ed="In";};["RightUpperLeg"]={cf=cfr(0,.072,-.286,.985,-.154,.08,.059,-.135,-.989,.163,.979,-.124);es="Linear";ed="In";};["LeftUpperLeg"]={cf=cfr(0,.072,-.286,.94,.303,-.158,-.117,-.149,-.982,-.321,.941,-.104);es="Linear";ed="In";};["LeftFoot"]={cf=cfr(0,0,0,1,0,0,0,1,0,0,0,1);es="Linear";ed="In";};["LeftLowerLeg"]={cf=cfr(0,.001,-.001,1,0,0,0,.594,.805,0,-.805,.594);es="Linear";ed="In";};["RightHand"]={cf=cfr(0,0,0,1,0,0,0,1,0,0,0,1);es="Linear";ed="In";};["RightFoot"]={cf=cfr(0,0,0,1,0,0,0,1,0,0,0,1);es="Linear";ed="In";};["RightLowerLeg"]={cf=cfr(0,0,0,1,0,0,0,.676,.737,0,-.737,.676);es="Linear";ed="In";};["LeftLowerArm"]={cf=cfr(0,.001,0,1,0,0,0,.935,-.354,0,.354,.935);es="Linear";ed="In";};["LowerTorso"]={cf=cfr(0,-2.293,-.227,1,0,0,0,.94,-.342,0,.342,.94);es="Linear";ed="In";};["LeftHand"]={cf=cfr(0,0,0,1,0,0,0,1,0,0,0,1);es="Linear";ed="In";};["RightLowerArm"]={cf=cfr(0,0,0,1,0,0,0,.721,-.693,0,.693,.721);es="Linear";ed="In";};};{tm=.083;["RightUpperArm"]={cf=cfr(0,.002,0,.796,-.088,.599,.051,.996,.078,-.603,-.032,.797);es="Linear";ed="In";};["Head"]={cf=cfr(0,-.002,.002,.983,.123,-.133,-.008,.763,.646,.181,-.634,.751);es="Linear";ed="In";};["LeftUpperArm"]={cf=cfr(.027,.191,-.216,.993,.009,.114,-.103,.5,.86,-.049,-.866,.497);es="Linear";ed="In";};["UpperTorso"]={cf=cfr(0,-.001,0,.982,.006,.191,.049,.959,-.28,-.185,.285,.941);es="Linear";ed="In";};["RightUpperLeg"]={cf=cfr(0,.072,-.286,.985,-.153,.083,.059,-.152,-.987,.163,.977,-.14);es="Linear";ed="In";};["LeftUpperLeg"]={cf=cfr(0,.072,-.286,.94,.301,-.163,-.117,-.165,-.979,-.321,.939,-.12);es="Linear";ed="In";};["LeftFoot"]={cf=cfr(0,0,0,1,0,0,0,1,0,0,0,1);es="Linear";ed="In";};["LeftLowerLeg"]={cf=cfr(0,.001,-.001,1,0,0,0,.566,.824,0,-.824,.566);es="Linear";ed="In";};["RightHand"]={cf=cfr(0,0,0,1,0,0,0,1,0,0,0,1);es="Linear";ed="In";};["RightFoot"]={cf=cfr(0,0,0,1,0,0,0,1,0,0,0,1);es="Linear";ed="In";};["RightLowerLeg"]={cf=cfr(0,0,0,1,0,0,0,.663,.748,0,-.748,.663);es="Linear";ed="In";};["LeftLowerArm"]={cf=cfr(0,.001,0,1,0,0,0,.947,-.322,0,.322,.947);es="Linear";ed="In";};["LowerTorso"]={cf=cfr(0,-2.284,-.227,1,0,0,0,.94,-.342,0,.342,.94);es="Linear";ed="In";};["LeftHand"]={cf=cfr(0,0,0,1,0,0,0,1,0,0,0,1);es="Linear";ed="In";};["RightLowerArm"]={cf=cfr(0,0,0,1,0,0,0,.707,-.707,0,.707,.707);es="Linear";ed="In";};};{tm=.1;["RightUpperArm"]={cf=cfr(0,.001,0,.796,-.105,.596,.051,.993,.106,-.603,-.054,.796);es="Linear";ed="In";};["Head"]={cf=cfr(0,-.001,.001,.981,.143,-.132,-.027,.772,.635,.193,-.619,.761);es="Linear";ed="In";};["LeftUpperArm"]={cf=cfr(.027,.191,-.216,.993,.012,.114,-.103,.524,.846,-.049,-.852,.522);es="Linear";ed="In";};["UpperTorso"]={cf=cfr(0,0,0,.981,-.002,.196,.056,.961,-.271,-.188,.276,.942);es="Linear";ed="In";};["RightUpperLeg"]={cf=cfr(0,.073,-.286,.985,-.151,.085,.059,-.166,-.984,.163,.974,-.154);es="Linear";ed="In";};["LeftUpperLeg"]={cf=cfr(0,.072,-.286,.94,.298,-.167,-.117,-.179,-.977,-.321,.938,-.133);es="Linear";ed="In";};["LeftFoot"]={cf=cfr(0,0,0,1,0,0,0,1,0,0,0,1);es="Linear";ed="In";};["LeftLowerLeg"]={cf=cfr(0,0,-.001,1,0,0,0,.543,.84,0,-.84,.543);es="Linear";ed="In";};["RightHand"]={cf=cfr(0,0,0,1,0,0,0,1,0,0,0,1);es="Linear";ed="In";};["RightFoot"]={cf=cfr(0,0,0,1,0,0,0,1,0,0,0,1);es="Linear";ed="In";};["RightLowerLeg"]={cf=cfr(0,0,0,1,0,0,0,.653,.758,0,-.758,.653);es="Linear";ed="In";};["LeftLowerArm"]={cf=cfr(0,.001,0,1,0,0,0,.955,-.295,0,.295,.955);es="Linear";ed="In";};["LowerTorso"]={cf=cfr(0,-2.276,-.227,1,0,0,0,.94,-.342,0,.342,.94);es="Linear";ed="In";};["LeftHand"]={cf=cfr(0,0,0,1,0,0,0,1,0,0,0,1);es="Linear";ed="In";};["RightLowerArm"]={cf=cfr(0,0,0,1,0,0,0,.695,-.719,0,.719,.695);es="Linear";ed="In";};};{tm=.117;["RightUpperArm"]={cf=cfr(0,0,0,.796,-.116,.594,.051,.991,.125,-.603,-.069,.795);es="Linear";ed="In";};["Head"]={cf=cfr(0,0,0,.979,.157,-.132,-.04,.778,.627,.201,-.609,.767);es="Linear";ed="In";};["LeftUpperArm"]={cf=cfr(.027,.19,-.215,.993,.014,.114,-.103,.54,.835,-.049,-.842,.538);es="Linear";ed="In";};["UpperTorso"]={cf=cfr(0,0,0,.98,-.008,.199,.062,.963,-.264,-.19,.271,.944);es="Linear";ed="In";};["RightUpperLeg"]={cf=cfr(0,.073,-.286,.985,-.151,.086,.059,-.175,-.983,.163,.973,-.163);es="Linear";ed="In";};["LeftUpperLeg"]={cf=cfr(0,.073,-.286,.94,.297,-.17,-.117,-.188,-.975,-.321,.936,-.142);es="Linear";ed="In";};["LeftFoot"]={cf=cfr(0,0,0,1,0,0,0,1,0,0,0,1);es="Linear";ed="In";};["LeftLowerLeg"]={cf=cfr(0,0,0,1,0,0,0,.527,.85,0,-.85,.527);es="Linear";ed="In";};["RightHand"]={cf=cfr(0,0,0,1,0,0,0,1,0,0,0,1);es="Linear";ed="In";};["RightFoot"]={cf=cfr(0,0,0,1,0,0,0,1,0,0,0,1);es="Linear";ed="In";};["RightLowerLeg"]={cf=cfr(0,0,0,1,0,0,0,.645,.764,0,-.764,.645);es="Linear";ed="In";};["LeftLowerArm"]={cf=cfr(0,0,0,1,0,0,0,.961,-.277,0,.277,.961);es="Linear";ed="In";};["LowerTorso"]={cf=cfr(0,-2.271,-.227,1,0,0,0,.94,-.342,0,.342,.94);es="Linear";ed="In";};["LeftHand"]={cf=cfr(0,0,0,1,0,0,0,1,0,0,0,1);es="Linear";ed="In";};["RightLowerArm"]={cf=cfr(0,0,0,1,0,0,0,.687,-.727,0,.727,.687);es="Linear";ed="In";};};{tm=.133;["LeftFoot"]={cf=cfr(0,0,0,1,0,0,0,1,0,0,0,1);es="Linear";ed="In";};["RightHand"]={cf=cfr(0,0,0,1,0,0,0,1,0,0,0,1);es="Linear";ed="In";};["RightFoot"]={cf=cfr(0,0,0,1,0,0,0,1,0,0,0,1);es="Linear";ed="In";};["LeftHand"]={cf=cfr(0,0,0,1,0,0,0,1,0,0,0,1);es="Linear";ed="In";};["Head"]={cf=cfr(0,0,0,.978,.162,-.132,-.045,.779,.625,.204,-.605,.77);es="Sine";ed="InOut";};["LeftUpperArm"]={cf=cfr(.027,.19,-.215,.993,.015,.113,-.103,.545,.832,-.049,-.838,.543);es="Sine";ed="InOut";};["RightUpperArm"]={cf=cfr(0,0,0,.796,-.12,.593,.051,.99,.132,-.603,-.075,.794);es="Sine";ed="InOut";};["LeftUpperLeg"]={cf=cfr(0,.073,-.286,.94,.296,-.171,-.117,-.192,-.974,-.321,.936,-.145);es="Sine";ed="InOut";};["RightUpperLeg"]={cf=cfr(0,.073,-.286,.985,-.15,.087,.059,-.178,-.982,.163,.972,-.167);es="Sine";ed="InOut";};["UpperTorso"]={cf=cfr(0,0,0,.98,-.01,.201,.063,.963,-.262,-.191,.269,.944);es="Sine";ed="InOut";};["LeftLowerLeg"]={cf=cfr(0,0,0,1,0,0,0,.521,.853,0,-.853,.521);es="Sine";ed="InOut";};["RightLowerLeg"]={cf=cfr(0,0,0,1,0,0,0,.643,.766,0,-.766,.643);es="Sine";ed="InOut";};["LeftLowerArm"]={cf=cfr(0,0,0,1,0,0,0,.963,-.271,0,.271,.963);es="Sine";ed="InOut";};["LowerTorso"]={cf=cfr(0,-2.269,-.227,1,0,0,0,.94,-.342,0,.342,.94);es="Sine";ed="InOut";};["RightLowerArm"]={cf=cfr(0,0,0,1,0,0,0,.684,-.73,0,.73,.684);es="Sine";ed="InOut";};};{tm=.15;["LeftFoot"]={cf=cfr(0,0,0,1,0,0,0,1,0,0,0,1);es="Linear";ed="In";};["RightHand"]={cf=cfr(0,0,0,1,0,0,0,1,0,0,0,1);es="Linear";ed="In";};["RightFoot"]={cf=cfr(0,0,0,1,0,0,0,1,0,0,0,1);es="Linear";ed="In";};["LeftHand"]={cf=cfr(0,0,0,1,0,0,0,1,0,0,0,1);es="Linear";ed="In";};["RightUpperArm"]={cf=cfr(0,0,0,.796,-.117,.594,.051,.991,.126,-.603,-.071,.795);es="Linear";ed="In";};["LeftUpperArm"]={cf=cfr(.027,.19,-.215,.993,.014,.114,-.103,.541,.835,-.049,-.841,.539);es="Linear";ed="In";};["Head"]={cf=cfr(0,0,0,.979,.158,-.132,-.041,.778,.627,.201,-.608,.768);es="Linear";ed="In";};["UpperTorso"]={cf=cfr(0,0,0,.98,-.008,.2,.062,.963,-.264,-.19,.271,.944);es="Linear";ed="In";};["RightUpperLeg"]={cf=cfr(0,.073,-.286,.985,-.151,.086,.059,-.176,-.983,.163,.973,-.164);es="Linear";ed="In";};["LeftUpperLeg"]={cf=cfr(0,.073,-.286,.94,.297,-.17,-.117,-.189,-.975,-.321,.936,-.143);es="Linear";ed="In";};["LeftLowerLeg"]={cf=cfr(0,0,0,1,0,0,0,.526,.851,0,-.851,.526);es="Linear";ed="In";};["RightLowerLeg"]={cf=cfr(0,0,0,1,0,0,0,.645,.764,0,-.764,.645);es="Linear";ed="In";};["LeftLowerArm"]={cf=cfr(0,0,0,1,0,0,0,.961,-.276,0,.276,.961);es="Linear";ed="In";};["LowerTorso"]={cf=cfr(0,-2.27,-.227,1,0,0,0,.94,-.342,0,.342,.94);es="Linear";ed="In";};["RightLowerArm"]={cf=cfr(0,0,0,1,0,0,0,.686,-.728,0,.728,.686);es="Linear";ed="In";};};{tm=.167;["LeftFoot"]={cf=cfr(0,0,0,1,0,0,0,1,0,0,0,1);es="Linear";ed="In";};["RightHand"]={cf=cfr(0,0,0,1,0,0,0,1,0,0,0,1);es="Linear";ed="In";};["RightFoot"]={cf=cfr(0,0,0,1,0,0,0,1,0,0,0,1);es="Linear";ed="In";};["LeftHand"]={cf=cfr(0,0,0,1,0,0,0,1,0,0,0,1);es="Linear";ed="In";};["RightUpperArm"]={cf=cfr(0,.001,0,.796,-.108,.595,.051,.992,.111,-.603,-.058,.796);es="Linear";ed="In";};["LeftUpperArm"]={cf=cfr(.027,.19,-.215,.993,.013,.114,-.103,.528,.843,-.049,-.849,.526);es="Linear";ed="In";};["Head"]={cf=cfr(0,-.001,.001,.98,.147,-.132,-.031,.774,.633,.195,-.616,.763);es="Linear";ed="In";};["UpperTorso"]={cf=cfr(0,0,0,.98,-.004,.197,.058,.961,-.269,-.188,.275,.943);es="Linear";ed="In";};["RightUpperLeg"]={cf=cfr(0,.073,-.286,.985,-.151,.085,.059,-.168,-.984,.163,.974,-.157);es="Linear";ed="In";};["LeftUpperLeg"]={cf=cfr(0,.073,-.286,.94,.298,-.168,-.117,-.182,-.976,-.321,.937,-.136);es="Linear";ed="In";};["LeftLowerLeg"]={cf=cfr(0,0,-.001,1,0,0,0,.539,.843,0,-.843,.539);es="Linear";ed="In";};["RightLowerLeg"]={cf=cfr(0,0,0,1,0,0,0,.651,.759,0,-.759,.651);es="Linear";ed="In";};["LeftLowerArm"]={cf=cfr(0,0,0,1,0,0,0,.957,-.29,0,.29,.957);es="Linear";ed="In";};["LowerTorso"]={cf=cfr(0,-2.275,-.227,1,0,0,0,.94,-.342,0,.342,.94);es="Linear";ed="In";};["RightLowerArm"]={cf=cfr(0,0,0,1,0,0,0,.693,-.721,0,.721,.693);es="Linear";ed="In";};};{tm=.183;["LeftFoot"]={cf=cfr(0,0,0,1,0,0,0,1,0,0,0,1);es="Linear";ed="In";};["RightHand"]={cf=cfr(0,0,0,1,0,0,0,1,0,0,0,1);es="Linear";ed="In";};["RightFoot"]={cf=cfr(0,0,0,1,0,0,0,1,0,0,0,1);es="Linear";ed="In";};["LeftHand"]={cf=cfr(0,0,0,1,0,0,0,1,0,0,0,1);es="Linear";ed="In";};["RightUpperArm"]={cf=cfr(0,.001,0,.796,-.094,.598,.051,.995,.088,-.603,-.04,.797);es="Linear";ed="In";};["LeftUpperArm"]={cf=cfr(.027,.191,-.216,.993,.01,.114,-.103,.509,.855,-.049,-.861,.506);es="Linear";ed="In";};["Head"]={cf=cfr(0,-.002,.001,.982,.131,-.133,-.015,.766,.642,.186,-.629,.755);es="Linear";ed="In";};["UpperTorso"]={cf=cfr(0,-.001,0,.981,.003,.193,.052,.96,-.277,-.186,.282,.941);es="Linear";ed="In";};["RightUpperLeg"]={cf=cfr(0,.072,-.286,.985,-.152,.084,.059,-.157,-.986,.163,.976,-.145);es="Linear";ed="In";};["LeftUpperLeg"]={cf=cfr(0,.072,-.286,.94,.3,-.165,-.117,-.17,-.978,-.321,.939,-.125);es="Linear";ed="In";};["LeftLowerLeg"]={cf=cfr(0,.001,-.001,1,0,0,0,.558,.83,0,-.83,.558);es="Linear";ed="In";};["RightLowerLeg"]={cf=cfr(0,0,0,1,0,0,0,.659,.752,0,-.752,.659);es="Linear";ed="In";};["LeftLowerArm"]={cf=cfr(0,.001,0,1,0,0,0,.95,-.312,0,.312,.95);es="Linear";ed="In";};["LowerTorso"]={cf=cfr(0,-2.281,-.227,1,0,0,0,.94,-.342,0,.342,.94);es="Linear";ed="In";};["RightLowerArm"]={cf=cfr(0,0,0,1,0,0,0,.703,-.712,0,.712,.703);es="Linear";ed="In";};};{tm=.2;["LeftFoot"]={cf=cfr(0,0,0,1,0,0,0,1,0,0,0,1);es="Linear";ed="In";};["RightHand"]={cf=cfr(0,0,0,1,0,0,0,1,0,0,0,1);es="Linear";ed="In";};["RightFoot"]={cf=cfr(0,0,0,1,0,0,0,1,0,0,0,1);es="Linear";ed="In";};["LeftHand"]={cf=cfr(0,0,0,1,0,0,0,1,0,0,0,1);es="Linear";ed="In";};["RightUpperArm"]={cf=cfr(0,.002,0,.796,-.077,.6,.051,.997,.06,-.603,-.017,.798);es="Linear";ed="In";};["LeftUpperArm"]={cf=cfr(.027,.191,-.216,.993,.007,.114,-.103,.484,.869,-.049,-.875,.482);es="Linear";ed="In";};["Head"]={cf=cfr(0,-.002,.002,.985,.11,-.134,.004,.757,.653,.174,-.644,.745);es="Linear";ed="In";};["UpperTorso"]={cf=cfr(0,-.001,0,.982,.011,.188,.044,.957,-.287,-.183,.29,.939);es="Linear";ed="In";};["RightUpperLeg"]={cf=cfr(0,.072,-.286,.985,-.153,.081,.059,-.143,-.988,.163,.978,-.131);es="Linear";ed="In";};["LeftUpperLeg"]={cf=cfr(0,.072,-.286,.94,.302,-.16,-.117,-.156,-.981,-.321,.94,-.111);es="Linear";ed="In";};["LeftLowerLeg"]={cf=cfr(0,.001,-.001,1,0,0,0,.581,.814,0,-.814,.581);es="Linear";ed="In";};["RightLowerLeg"]={cf=cfr(0,0,0,1,0,0,0,.67,.742,0,-.742,.67);es="Linear";ed="In";};["LeftLowerArm"]={cf=cfr(0,.001,0,1,0,0,0,.941,-.339,0,.339,.941);es="Linear";ed="In";};["LowerTorso"]={cf=cfr(0,-2.289,-.227,1,0,0,0,.94,-.342,0,.342,.94);es="Linear";ed="In";};["RightLowerArm"]={cf=cfr(0,0,0,1,0,0,0,.715,-.699,0,.699,.715);es="Linear";ed="In";};};{tm=.217;["LeftFoot"]={cf=cfr(0,0,0,1,0,0,0,1,0,0,0,1);es="Linear";ed="In";};["RightHand"]={cf=cfr(0,0,0,1,0,0,0,1,0,0,0,1);es="Linear";ed="In";};["RightFoot"]={cf=cfr(0,0,0,1,0,0,0,1,0,0,0,1);es="Linear";ed="In";};["LeftHand"]={cf=cfr(0,0,0,1,0,0,0,1,0,0,0,1);es="Linear";ed="In";};["RightUpperArm"]={cf=cfr(0,.002,0,.796,-.059,.602,.051,.998,.03,-.603,.007,.798);es="Linear";ed="In";};["LeftUpperArm"]={cf=cfr(.027,.191,-.216,.993,.003,.114,-.103,.457,.883,-.049,-.889,.455);es="Linear";ed="In";};["Head"]={cf=cfr(0,-.002,.002,.987,.089,-.136,.024,.747,.665,.16,-.659,.735);es="Linear";ed="In";};["UpperTorso"]={cf=cfr(0,-.001,0,.983,.02,.182,.035,.954,-.297,-.18,.298,.937);es="Linear";ed="In";};["RightUpperLeg"]={cf=cfr(0,.072,-.286,.985,-.155,.079,.059,-.128,-.99,.163,.98,-.117);es="Linear";ed="In";};["LeftUpperLeg"]={cf=cfr(0,.072,-.286,.94,.305,-.156,-.117,-.141,-.983,-.321,.942,-.097);es="Linear";ed="In";};["LeftLowerLeg"]={cf=cfr(0,.001,-.001,1,0,0,0,.606,.796,0,-.796,.606);es="Linear";ed="In";};["RightLowerLeg"]={cf=cfr(0,0,0,1,0,0,0,.681,.732,0,-.732,.681);es="Linear";ed="In";};["LeftLowerArm"]={cf=cfr(0,.001,0,1,0,0,0,.93,-.368,0,.368,.93);es="Linear";ed="In";};["LowerTorso"]={cf=cfr(0,-2.298,-.227,1,0,0,0,.94,-.342,0,.342,.94);es="Linear";ed="In";};["RightLowerArm"]={cf=cfr(0,0,0,1,0,0,0,.727,-.686,0,.686,.727);es="Linear";ed="In";};};{tm=.233;["LeftFoot"]={cf=cfr(0,0,0,1,0,0,0,1,0,0,0,1);es="Linear";ed="In";};["RightHand"]={cf=cfr(0,0,0,1,0,0,0,1,0,0,0,1);es="Linear";ed="In";};["RightFoot"]={cf=cfr(0,0,0,1,0,0,0,1,0,0,0,1);es="Linear";ed="In";};["LeftHand"]={cf=cfr(0,0,0,1,0,0,0,1,0,0,0,1);es="Linear";ed="In";};["RightUpperArm"]={cf=cfr(0,.001,0,.796,-.041,.604,.051,.999,.001,-.603,.03,.797);es="Linear";ed="In";};["LeftUpperArm"]={cf=cfr(.027,.191,-.216,.993,0,.114,-.103,.432,.896,-.049,-.902,.429);es="Linear";ed="In";};["Head"]={cf=cfr(0,-.002,.001,.988,.068,-.138,.043,.736,.675,.147,-.673,.725);es="Linear";ed="In";};["UpperTorso"]={cf=cfr(0,0,0,.984,.029,.177,.027,.951,-.306,-.177,.306,.935);es="Linear";ed="In";};["RightUpperLeg"]={cf=cfr(0,.072,-.286,.985,-.156,.077,.059,-.114,-.992,.163,.981,-.103);es="Linear";ed="In";};["LeftUpperLeg"]={cf=cfr(0,.072,-.286,.94,.307,-.151,-.117,-.127,-.985,-.321,.943,-.084);es="Linear";ed="In";};["LeftLowerLeg"]={cf=cfr(0,.001,-.001,1,0,0,0,.628,.778,0,-.778,.628);es="Linear";ed="In";};["RightLowerLeg"]={cf=cfr(0,0,0,1,0,0,0,.692,.722,0,-.722,.692);es="Linear";ed="In";};["LeftLowerArm"]={cf=cfr(0,.001,0,1,0,0,0,.919,-.394,0,.394,.919);es="Linear";ed="In";};["LowerTorso"]={cf=cfr(0,-2.306,-.227,1,0,0,0,.94,-.342,0,.342,.94);es="Linear";ed="In";};["RightLowerArm"]={cf=cfr(0,0,0,1,0,0,0,.739,-.674,0,.674,.739);es="Linear";ed="In";};};{tm=.25;["LeftFoot"]={cf=cfr(0,0,0,1,0,0,0,1,0,0,0,1);es="Linear";ed="In";};["RightHand"]={cf=cfr(0,0,0,1,0,0,0,1,0,0,0,1);es="Linear";ed="In";};["RightFoot"]={cf=cfr(0,0,0,1,0,0,0,1,0,0,0,1);es="Linear";ed="In";};["LeftHand"]={cf=cfr(0,0,0,1,0,0,0,1,0,0,0,1);es="Linear";ed="In";};["RightUpperArm"]={cf=cfr(0,.001,0,.796,-.027,.604,.051,.998,-.022,-.603,.048,.796);es="Linear";ed="In";};["LeftUpperArm"]={cf=cfr(.027,.19,-.215,.993,-.003,.114,-.103,.411,.906,-.049,-.912,.408);es="Linear";ed="In";};["Head"]={cf=cfr(0,-.001,.001,.989,.052,-.139,.058,.727,.684,.137,-.684,.716);es="Linear";ed="In";};["UpperTorso"]={cf=cfr(0,0,0,.984,.036,.173,.021,.949,-.314,-.175,.313,.934);es="Linear";ed="In";};["RightUpperLeg"]={cf=cfr(0,.073,-.286,.985,-.157,.075,.059,-.102,-.993,.163,.982,-.091);es="Linear";ed="In";};["LeftUpperLeg"]={cf=cfr(0,.073,-.286,.94,.308,-.148,-.117,-.116,-.986,-.321,.944,-.073);es="Linear";ed="In";};["LeftLowerLeg"]={cf=cfr(0,0,-.001,1,0,0,0,.646,.763,0,-.763,.646);es="Linear";ed="In";};["RightLowerLeg"]={cf=cfr(0,0,0,1,0,0,0,.7,.714,0,-.714,.7);es="Linear";ed="In";};["LeftLowerArm"]={cf=cfr(0,0,0,1,0,0,0,.91,-.415,0,.415,.91);es="Linear";ed="In";};["LowerTorso"]={cf=cfr(0,-2.312,-.227,1,0,0,0,.94,-.342,0,.342,.94);es="Linear";ed="In";};["RightLowerArm"]={cf=cfr(0,0,0,1,0,0,0,.748,-.663,0,.663,.748);es="Linear";ed="In";};};{tm=.267;["LeftFoot"]={cf=cfr(0,0,0,1,0,0,0,1,0,0,0,1);es="Linear";ed="In";};["RightHand"]={cf=cfr(0,0,0,1,0,0,0,1,0,0,0,1);es="Linear";ed="In";};["RightFoot"]={cf=cfr(0,0,0,1,0,0,0,1,0,0,0,1);es="Linear";ed="In";};["LeftHand"]={cf=cfr(0,0,0,1,0,0,0,1,0,0,0,1);es="Linear";ed="In";};["RightUpperArm"]={cf=cfr(0,0,0,.796,-.018,.605,.051,.998,-.037,-.603,.06,.796);es="Linear";ed="In";};["LeftUpperArm"]={cf=cfr(.027,.19,-.215,.993,-.004,.114,-.103,.397,.912,-.049,-.918,.394);es="Linear";ed="In";};["Head"]={cf=cfr(0,0,0,.989,.041,-.14,.068,.721,.689,.13,-.692,.711);es="Linear";ed="In";};["UpperTorso"]={cf=cfr(0,0,0,.985,.04,.17,.017,.948,-.319,-.173,.317,.932);es="Linear";ed="In";};["RightUpperLeg"]={cf=cfr(0,.073,-.286,.985,-.157,.074,.059,-.094,-.994,.163,.983,-.084);es="Linear";ed="In";};["LeftUpperLeg"]={cf=cfr(0,.073,-.286,.94,.31,-.145,-.117,-.108,-.987,-.321,.945,-.066);es="Linear";ed="In";};["LeftLowerLeg"]={cf=cfr(0,0,0,1,0,0,0,.658,.753,0,-.753,.658);es="Linear";ed="In";};["RightLowerLeg"]={cf=cfr(0,0,0,1,0,0,0,.705,.709,0,-.709,.705);es="Linear";ed="In";};["LeftLowerArm"]={cf=cfr(0,0,0,1,0,0,0,.903,-.429,0,.429,.903);es="Linear";ed="In";};["LowerTorso"]={cf=cfr(0,-2.317,-.227,1,0,0,0,.94,-.342,0,.342,.94);es="Linear";ed="In";};["RightLowerArm"]={cf=cfr(0,0,0,1,0,0,0,.754,-.657,0,.657,.754);es="Linear";ed="In";};};{tm=.283;["LeftUpperArm"]={cf=cfr(.027,.19,-.215,.993,-.005,.114,-.103,.393,.914,-.049,-.92,.39);es="Linear";ed="In";};["Head"]={cf=cfr(0,0,0,.989,.037,-.141,.071,.719,.691,.127,-.694,.709);es="Linear";ed="In";};["RightUpperArm"]={cf=cfr(0,0,0,.796,-.015,.605,.051,.998,-.042,-.603,.064,.795);es="Linear";ed="In";};["LeftUpperLeg"]={cf=cfr(0,.073,-.286,.94,.31,-.145,-.117,-.106,-.987,-.321,.945,-.063);es="Linear";ed="In";};["RightUpperLeg"]={cf=cfr(0,.073,-.286,.985,-.157,.073,.059,-.092,-.994,.163,.983,-.081);es="Linear";ed="In";};["UpperTorso"]={cf=cfr(0,0,0,.985,.041,.169,.015,.947,-.321,-.173,.319,.932);es="Linear";ed="In";};["LeftFoot"]={cf=cfr(0,0,0,1,0,0,0,1,0,0,0,1);es="Linear";ed="In";};["LeftLowerLeg"]={cf=cfr(0,0,0,1,0,0,0,.662,.75,0,-.75,.662);es="Linear";ed="In";};["RightHand"]={cf=cfr(0,0,0,1,0,0,0,1,0,0,0,1);es="Linear";ed="In";};["RightFoot"]={cf=cfr(0,0,0,1,0,0,0,1,0,0,0,1);es="Linear";ed="In";};["RightLowerLeg"]={cf=cfr(0,0,0,1,0,0,0,.707,.707,0,-.707,.707);es="Linear";ed="In";};["LeftLowerArm"]={cf=cfr(0,0,0,1,0,0,0,.901,-.434,0,.434,.901);es="Linear";ed="In";};["LowerTorso"]={cf=cfr(0,-2.318,-.227,1,0,0,0,.94,-.342,0,.342,.94);es="Linear";ed="In";};["LeftHand"]={cf=cfr(0,0,0,1,0,0,0,1,0,0,0,1);es="Linear";ed="In";};["RightLowerArm"]={cf=cfr(0,0,0,1,0,0,0,.756,-.654,0,.654,.756);es="Linear";ed="In";};};}