local cfr = CFrame.new

return {{tm=0;["LowerTorso"]={cf=cfr(0,-.03,.946,.391,-.137,-.91,.403,.915,.035,.827,-.381,.413);es="Linear";ed="In";};["RightUpperLeg"]={cf=cfr(0,0,0,.959,-.069,-.275,-.252,.242,-.937,.131,.968,.215);es="Linear";ed="In";};["LeftUpperLeg"]={cf=cfr(0,0,0,.753,-.11,.649,.219,.972,-.09,-.62,.209,.756);es="Linear";ed="In";};["UpperTorso"]={cf=cfr(0,0,-.015,.991,-.112,-.067,.096,.276,.956,-.089,-.954,.285);es="Linear";ed="In";};["RightLowerLeg"]={cf=cfr(0,0,0,1,0,0,0,.423,.906,0,-.906,.423);es="Linear";ed="In";};["LeftLowerLeg"]={cf=cfr(0,0,0,1,0,0,0,.707,.707,0,-.707,.707);es="Linear";ed="In";};["RightUpperArm"]={cf=cfr(0,0,0,.455,-.678,-.578,.086,.679,-.729,.886,.282,.368);es="Linear";ed="In";};["Head"]={cf=cfr(0,0,0,.443,.389,.808,.321,.773,-.548,-.837,.502,.218);es="Linear";ed="In";};["LeftUpperArm"]={cf=cfr(-.654,-.49,-.178,-.073,-.254,-.964,-.979,-.168,.118,-.192,.952,-.237);es="Linear";ed="In";};["RightFoot"]={cf=cfr(0,0,0,1,0,0,0,1,0,0,0,1);es="Linear";ed="In";};["LeftFoot"]={cf=cfr(0,0,0,1,0,0,0,1,0,0,0,1);es="Linear";ed="In";};["RightLowerArm"]={cf=cfr(0,0,0,1,0,0,0,.866,-.5,0,.5,.866);es="Linear";ed="In";};["LeftLowerArm"]={cf=cfr(0,0,0,1,0,0,0,.966,-.259,0,.259,.966);es="Linear";ed="In";};["RightHand"]={cf=cfr(0,0,0,1,0,0,0,1,0,0,0,1);es="Linear";ed="In";};["LeftHand"]={cf=cfr(0,0,0,1,0,0,0,1,0,0,0,1);es="Linear";ed="In";};};{tm=.017;["LowerTorso"]={cf=cfr(0,-.027,.946,.402,-.137,-.905,.403,.915,.04,.823,-.381,.423);es="Linear";ed="In";};["RightUpperLeg"]={cf=cfr(0,0,0,.959,-.069,-.275,-.252,.242,-.937,.131,.968,.215);es="Linear";ed="In";};["LeftUpperLeg"]={cf=cfr(-.001,0,.001,.774,-.115,.623,.218,.972,-.092,-.595,.207,.777);es="Linear";ed="In";};["UpperTorso"]={cf=cfr(.001,-.004,-.008,.991,-.114,-.065,.096,.299,.949,-.089,-.947,.307);es="Linear";ed="In";};["RightLowerLeg"]={cf=cfr(0,0,-.001,1,0,0,0,.409,.912,0,-.912,.409);es="Linear";ed="In";};["LeftLowerLeg"]={cf=cfr(0,0,0,1,0,0,0,.713,.701,0,-.701,.713);es="Linear";ed="In";};["RightUpperArm"]={cf=cfr(0,0,0,.455,-.678,-.578,.086,.679,-.729,.886,.282,.368);es="Linear";ed="In";};["Head"]={cf=cfr(0,0,0,.45,.389,.804,.316,.773,-.551,-.835,.502,.225);es="Linear";ed="In";};["LeftUpperArm"]={cf=cfr(-.66,-.484,-.188,-.106,-.25,-.962,-.977,-.156,.148,-.187,.956,-.228);es="Linear";ed="In";};["RightFoot"]={cf=cfr(0,0,0,1,0,0,0,1,0,0,0,1);es="Linear";ed="In";};["LeftFoot"]={cf=cfr(0,0,0,1,0,0,0,1,0,0,0,1);es="Linear";ed="In";};["RightLowerArm"]={cf=cfr(0,0,0,1,0,0,0,.866,-.5,0,.5,.866);es="Linear";ed="In";};["LeftLowerArm"]={cf=cfr(0,.001,.001,1,0,0,0,.961,-.276,0,.276,.961);es="Linear";ed="In";};["RightHand"]={cf=cfr(0,0,0,1,0,0,0,1,0,0,0,1);es="Linear";ed="In";};["LeftHand"]={cf=cfr(0,0,0,1,0,0,0,1,0,0,0,1);es="Linear";ed="In";};};{tm=.033;["LowerTorso"]={cf=cfr(0,-.017,.946,.433,-.137,-.891,.401,.915,.054,.807,-.381,.451);es="Linear";ed="In";};["RightUpperLeg"]={cf=cfr(0,0,0,.959,-.069,-.275,-.252,.242,-.937,.131,.968,.215);es="Linear";ed="In";};["LeftUpperLeg"]={cf=cfr(-.003,0,.004,.828,-.131,.544,.218,.971,-.097,-.516,.199,.833);es="Linear";ed="In";};["UpperTorso"]={cf=cfr(.004,-.014,.008,.991,-.118,-.056,.096,.365,.926,-.089,-.924,.373);es="Linear";ed="In";};["RightLowerLeg"]={cf=cfr(0,.001,-.005,1,0,0,0,.369,.929,0,-.929,.369);es="Linear";ed="In";};["LeftLowerLeg"]={cf=cfr(0,.001,-.001,1,0,0,0,.731,.682,0,-.682,.731);es="Linear";ed="In";};["RightUpperArm"]={cf=cfr(0,0,0,.455,-.678,-.578,.086,.679,-.729,.886,.282,.368);es="Linear";ed="In";};["Head"]={cf=cfr(0,0,0,.471,.389,.792,.301,.773,-.559,-.829,.502,.247);es="Linear";ed="In";};["LeftUpperArm"]={cf=cfr(-.678,-.462,-.217,-.201,-.236,-.951,-.965,-.121,.234,-.17,.964,-.203);es="Linear";ed="In";};["RightFoot"]={cf=cfr(0,0,0,1,0,0,0,1,0,0,0,1);es="Linear";ed="In";};["LeftFoot"]={cf=cfr(0,0,0,1,0,0,0,1,0,0,0,1);es="Linear";ed="In";};["RightLowerArm"]={cf=cfr(0,0,0,1,0,0,0,.866,-.5,0,.5,.866);es="Linear";ed="In";};["LeftLowerArm"]={cf=cfr(0,.004,.002,1,0,0,0,.945,-.326,0,.326,.945);es="Linear";ed="In";};["RightHand"]={cf=cfr(0,0,0,1,0,0,0,1,0,0,0,1);es="Linear";ed="In";};["LeftHand"]={cf=cfr(0,0,0,1,0,0,0,1,0,0,0,1);es="Linear";ed="In";};};{tm=.05;["LowerTorso"]={cf=cfr(0,-.001,.946,.482,-.137,-.865,.397,.915,.076,.781,-.381,.495);es="Linear";ed="In";};["RightUpperLeg"]={cf=cfr(0,0,0,.959,-.069,-.275,-.252,.242,-.937,.131,.968,.215);es="Linear";ed="In";};["LeftUpperLeg"]={cf=cfr(-.007,0,.006,.899,-.155,.409,.215,.971,-.105,-.381,.182,.906);es="Linear";ed="In";};["UpperTorso"]={cf=cfr(.006,-.027,.025,.991,-.123,-.043,.096,.465,.88,-.089,-.877,.473);es="Linear";ed="In";};["RightLowerLeg"]={cf=cfr(0,.002,-.009,1,0,0,0,.304,.953,0,-.953,.304);es="Linear";ed="In";};["LeftLowerLeg"]={cf=cfr(0,.003,-.002,1,0,0,0,.759,.651,0,-.651,.759);es="Linear";ed="In";};["RightUpperArm"]={cf=cfr(0,0,0,.455,-.678,-.578,.086,.679,-.729,.886,.282,.368);es="Linear";ed="In";};["Head"]={cf=cfr(0,0,0,.504,.389,.771,.278,.773,-.571,-.818,.502,.281);es="Linear";ed="In";};["LeftUpperArm"]={cf=cfr(-.7,-.416,-.26,-.348,-.207,-.915,-.927,-.069,.368,-.139,.976,-.168);es="Linear";ed="In";};["RightFoot"]={cf=cfr(0,0,0,1,0,0,0,1,0,0,0,1);es="Linear";ed="In";};["LeftFoot"]={cf=cfr(0,0,0,1,0,0,0,1,0,0,0,1);es="Linear";ed="In";};["RightLowerArm"]={cf=cfr(0,0,0,1,0,0,0,.866,-.5,0,.5,.866);es="Linear";ed="In";};["LeftLowerArm"]={cf=cfr(0,.008,.004,1,0,0,0,.915,-.403,0,.403,.915);es="Linear";ed="In";};["RightHand"]={cf=cfr(0,0,0,1,0,0,0,1,0,0,0,1);es="Linear";ed="In";};["LeftHand"]={cf=cfr(0,0,0,1,0,0,0,1,0,0,0,1);es="Linear";ed="In";};};{tm=.067;["LowerTorso"]={cf=cfr(0,.02,.946,.543,-.137,-.828,.391,.915,.105,.743,-.381,.55);es="Linear";ed="In";};["RightUpperLeg"]={cf=cfr(0,0,0,.959,-.069,-.275,-.252,.242,-.937,.131,.968,.215);es="Linear";ed="In";};["LeftUpperLeg"]={cf=cfr(-.008,-.001,.007,.959,-.182,.219,.21,.971,-.115,-.191,.156,.969);es="Linear";ed="In";};["UpperTorso"]={cf=cfr(.008,-.034,.032,.991,-.128,-.025,.096,.587,.804,-.089,-.799,.594);es="Linear";ed="In";};["RightLowerLeg"]={cf=cfr(0,.002,-.011,1,0,0,0,.216,.976,0,-.976,.216);es="Linear";ed="In";};["LeftLowerLeg"]={cf=cfr(0,.003,-.002,1,0,0,0,.793,.609,0,-.609,.793);es="Linear";ed="In";};["RightUpperArm"]={cf=cfr(0,0,0,.455,-.678,-.578,.086,.679,-.729,.886,.282,.368);es="Linear";ed="In";};["Head"]={cf=cfr(0,0,0,.545,.389,.743,.246,.773,-.585,-.802,.502,.325);es="Linear";ed="In";};["LeftUpperArm"]={cf=cfr(-.714,-.338,-.312,-.525,-.156,-.836,-.846,-.007,.533,-.089,.988,-.129);es="Linear";ed="In";};["RightFoot"]={cf=cfr(0,0,0,1,0,0,0,1,0,0,0,1);es="Linear";ed="In";};["LeftFoot"]={cf=cfr(0,0,0,1,0,0,0,1,0,0,0,1);es="Linear";ed="In";};["RightLowerArm"]={cf=cfr(0,0,0,1,0,0,0,.866,-.5,0,.5,.866);es="Linear";ed="In";};["LeftLowerArm"]={cf=cfr(0,.009,.005,1,0,0,0,.866,-.5,0,.5,.866);es="Linear";ed="In";};["RightHand"]={cf=cfr(0,0,0,1,0,0,0,1,0,0,0,1);es="Linear";ed="In";};["LeftHand"]={cf=cfr(0,0,0,1,0,0,0,1,0,0,0,1);es="Linear";ed="In";};};{tm=.083;["LowerTorso"]={cf=cfr(0,.044,.946,.611,-.137,-.78,.381,.915,.137,.694,-.381,.611);es="Linear";ed="In";};["RightUpperLeg"]={cf=cfr(0,0,0,.959,-.069,-.275,-.252,.242,-.937,.131,.968,.215);es="Linear";ed="In";};["LeftUpperLeg"]={cf=cfr(-.007,0,.005,.979,-.205,-.014,.202,.971,-.125,.039,.119,.992);es="Linear";ed="In";};["UpperTorso"]={cf=cfr(.006,-.028,.019,.991,-.131,-.003,.096,.713,.694,-.089,-.689,.72);es="Linear";ed="In";};["RightLowerLeg"]={cf=cfr(0,.002,-.008,1,0,0,0,.113,.994,0,-.994,.113);es="Linear";ed="In";};["LeftLowerLeg"]={cf=cfr(0,.002,-.002,1,0,0,0,.83,.557,0,-.557,.83);es="Linear";ed="In";};["RightUpperArm"]={cf=cfr(0,0,0,.455,-.678,-.578,.086,.679,-.729,.886,.282,.368);es="Linear";ed="In";};["Head"]={cf=cfr(0,0,0,.591,.389,.707,.209,.773,-.6,-.779,.502,.375);es="Linear";ed="In";};["LeftUpperArm"]={cf=cfr(-.705,-.227,-.37,-.704,-.084,-.705,-.71,.05,.703,-.023,.995,-.095);es="Linear";ed="In";};["RightFoot"]={cf=cfr(0,0,0,1,0,0,0,1,0,0,0,1);es="Linear";ed="In";};["LeftFoot"]={cf=cfr(0,0,0,1,0,0,0,1,0,0,0,1);es="Linear";ed="In";};["RightLowerArm"]={cf=cfr(0,0,0,1,0,0,0,.866,-.5,0,.5,.866);es="Linear";ed="In";};["LeftLowerArm"]={cf=cfr(0,.007,.004,1,0,0,0,.796,-.605,0,.605,.796);es="Linear";ed="In";};["RightHand"]={cf=cfr(0,0,0,1,0,0,0,1,0,0,0,1);es="Linear";ed="In";};["LeftHand"]={cf=cfr(0,0,0,1,0,0,0,1,0,0,0,1);es="Linear";ed="In";};};{tm=.1;["LowerTorso"]={cf=cfr(0,.07,.946,.679,-.137,-.722,.367,.915,.171,.636,-.381,.671);es="Linear";ed="In";};["RightUpperLeg"]={cf=cfr(0,0,0,.959,-.069,-.275,-.252,.242,-.937,.131,.968,.215);es="Linear";ed="In";};["LeftUpperLeg"]={cf=cfr(0,0,0,.94,-.22,-.261,.191,.973,-.133,.284,.075,.956);es="Linear";ed="In";};["UpperTorso"]={cf=cfr(0,0,-.015,.991,-.129,.021,.096,.826,.555,-.089,-.548,.832);es="Linear";ed="In";};["RightLowerLeg"]={cf=cfr(0,0,0,1,0,0,0,0,1,0,-1,0);es="Linear";ed="In";};["LeftLowerLeg"]={cf=cfr(0,0,0,1,0,0,0,.866,.5,0,-.5,.866);es="Linear";ed="In";};["RightUpperArm"]={cf=cfr(0,0,0,.455,-.678,-.578,.086,.679,-.729,.886,.282,.368);es="Linear";ed="In";};["Head"]={cf=cfr(0,0,0,.637,.389,.665,.168,.773,-.612,-.752,.502,.427);es="Linear";ed="In";};["LeftUpperArm"]={cf=cfr(-.661,-.089,-.432,-.851,.006,-.524,-.522,.093,.848,.054,.996,-.076);es="Linear";ed="In";};["RightFoot"]={cf=cfr(0,0,0,1,0,0,0,1,0,0,0,1);es="Linear";ed="In";};["LeftFoot"]={cf=cfr(0,0,0,1,0,0,0,1,0,0,0,1);es="Linear";ed="In";};["RightLowerArm"]={cf=cfr(0,0,0,1,0,0,0,.866,-.5,0,.5,.866);es="Linear";ed="In";};["LeftLowerArm"]={cf=cfr(0,0,0,1,0,0,0,.707,-.707,0,.707,.707);es="Linear";ed="In";};["RightHand"]={cf=cfr(0,0,0,1,0,0,0,1,0,0,0,1);es="Linear";ed="In";};["LeftHand"]={cf=cfr(0,0,0,1,0,0,0,1,0,0,0,1);es="Linear";ed="In";};};{tm=.117;["LowerTorso"]={cf=cfr(.01,.069,.878,.76,-.158,-.63,.291,.95,.113,.581,-.269,.768);es="Linear";ed="In";};["RightUpperLeg"]={cf=cfr(0,0,0,.96,-.069,-.272,-.248,.244,-.938,.131,.967,.217);es="Linear";ed="In";};["LeftUpperLeg"]={cf=cfr(.001,.001,0,.942,-.216,-.258,.189,.974,-.126,.278,.07,.958);es="Linear";ed="In";};["RightLowerLeg"]={cf=cfr(0,0,-.001,1,0,0,0,.003,1,0,-1,.003);es="Linear";ed="In";};["RightFoot"]={cf=cfr(0,0,0,1,0,0,0,1,0,0,0,1);es="Linear";ed="In";};["LeftFoot"]={cf=cfr(0,0,0,1,0,0,0,1,0,0,0,1);es="Linear";ed="In";};};{tm=.133;["LowerTorso"]={cf=cfr(.016,.07,.815,.827,-.164,-.537,.226,.973,.05,.514,-.163,.842);es="Linear";ed="In";};["RightUpperLeg"]={cf=cfr(.001,0,0,.963,-.068,-.261,-.236,.25,-.939,.129,.966,.224);es="Linear";ed="In";};["LeftUpperLeg"]={cf=cfr(.002,.004,.001,.948,-.203,-.246,.182,.978,-.104,.261,.054,.964);es="Linear";ed="In";};["RightLowerLeg"]={cf=cfr(0,.001,-.003,1,0,0,0,.01,1,0,-1,.01);es="Linear";ed="In";};["RightFoot"]={cf=cfr(0,0,0,1,0,0,0,1,0,0,0,1);es="Linear";ed="In";};["LeftFoot"]={cf=cfr(0,0,0,1,0,0,0,1,0,0,0,1);es="Linear";ed="In";};};{tm=.15;["LowerTorso"]={cf=cfr(.019,.074,.756,.88,-.159,-.447,.171,.985,-.014,.443,-.064,.894);es="Linear";ed="In";};["RightUpperLeg"]={cf=cfr(.001,0,.001,.968,-.068,-.242,-.217,.258,-.941,.127,.964,.235);es="Linear";ed="In";};["LeftUpperLeg"]={cf=cfr(.005,.009,.003,.957,-.181,-.225,.17,.983,-.068,.233,.027,.972);es="Linear";ed="In";};["RightLowerLeg"]={cf=cfr(0,.002,-.006,1,0,0,0,.023,1,0,-1,.023);es="Linear";ed="In";};["RightFoot"]={cf=cfr(0,0,0,1,0,0,0,1,0,0,0,1);es="Linear";ed="In";};["LeftFoot"]={cf=cfr(0,0,0,1,0,0,0,1,0,0,0,1);es="Linear";ed="In";};};{tm=.167;["LowerTorso"]={cf=cfr(.019,.079,.704,.92,-.146,-.363,.126,.989,-.077,.37,.025,.929);es="Linear";ed="In";};["RightUpperLeg"]={cf=cfr(.002,0,.001,.974,-.068,-.216,-.191,.271,-.944,.122,.96,.251);es="Linear";ed="In";};["LeftUpperLeg"]={cf=cfr(.008,.015,.004,.969,-.152,-.194,.151,.988,-.018,.195,-.012,.981);es="Linear";ed="In";};["RightLowerLeg"]={cf=cfr(0,.004,-.01,1,0,0,0,.041,.999,0,-.999,.041);es="Linear";ed="In";};["RightFoot"]={cf=cfr(0,0,0,1,0,0,0,1,0,0,0,1);es="Linear";ed="In";};["LeftFoot"]={cf=cfr(0,0,0,1,0,0,0,1,0,0,0,1);es="Linear";ed="In";};};{tm=.183;["LowerTorso"]={cf=cfr(.018,.085,.657,.95,-.127,-.286,.09,.987,-.136,.299,.104,.949);es="Linear";ed="In";};["RightUpperLeg"]={cf=cfr(.003,.001,.001,.981,-.068,-.182,-.156,.287,-.945,.116,.956,.271);es="Linear";ed="In";};["LeftUpperLeg"]={cf=cfr(.011,.02,.005,.982,-.116,-.152,.124,.991,.045,.146,-.063,.987);es="Linear";ed="In";};["RightLowerLeg"]={cf=cfr(0,.007,-.015,1,0,0,0,.064,.998,0,-.998,.064);es="Linear";ed="In";};["RightFoot"]={cf=cfr(0,0,0,1,0,0,0,1,0,0,0,1);es="Linear";ed="In";};["LeftFoot"]={cf=cfr(0,0,0,1,0,0,0,1,0,0,0,1);es="Linear";ed="In";};};{tm=.2;["LowerTorso"]={cf=cfr(.016,.091,.616,.97,-.104,-.217,.063,.98,-.19,.233,.171,.957);es="Linear";ed="In";};["RightUpperLeg"]={cf=cfr(.003,.001,.002,.988,-.069,-.141,-.113,.306,-.945,.108,.95,.294);es="Linear";ed="In";};["LeftUpperLeg"]={cf=cfr(.014,.023,.005,.992,-.075,-.098,.086,.989,.12,.087,-.128,.988);es="Linear";ed="In";};["RightLowerLeg"]={cf=cfr(0,.01,-.021,1,0,0,0,.091,.996,0,-.996,.091);es="Linear";ed="In";};["RightFoot"]={cf=cfr(0,0,0,1,0,0,0,1,0,0,0,1);es="Linear";ed="In";};["LeftFoot"]={cf=cfr(0,0,0,1,0,0,0,1,0,0,0,1);es="Linear";ed="In";};};{tm=.217;["LowerTorso"]={cf=cfr(.013,.097,.581,.984,-.081,-.159,.042,.97,-.238,.173,.227,.958);es="Linear";ed="In";};["RightUpperLeg"]={cf=cfr(.003,.001,.002,.993,-.071,-.093,-.065,.327,-.943,.097,.942,.32);es="Linear";ed="In";};["UpperTorso"]={cf=cfr(0,0,-.015,.971,.204,-.121,-.227,.946,-.232,.067,.253,.965);es="Linear";ed="In";};["LeftUpperLeg"]={cf=cfr(.014,.023,.004,.999,-.033,-.032,.038,.979,.202,.024,-.203,.979);es="Linear";ed="In";};["RightLowerLeg"]={cf=cfr(0,.013,-.027,1,0,0,0,.123,.992,0,-.992,.123);es="Linear";ed="In";};["LeftUpperArm"]={cf=cfr(-.36,-.327,-.097,-.612,.33,-.719,-.773,-.438,.458,-.164,.836,.523);es="Linear";ed="In";};["Head"]={cf=cfr(0,0,0,.986,.007,.165,-.114,.749,.652,-.119,-.662,.74);es="Linear";ed="In";};["RightFoot"]={cf=cfr(0,0,0,1,0,0,0,1,0,0,0,1);es="Linear";ed="In";};["LeftFoot"]={cf=cfr(0,0,0,1,0,0,0,1,0,0,0,1);es="Linear";ed="In";};};{tm=.233;["LowerTorso"]={cf=cfr(.009,.103,.552,.992,-.059,-.109,.026,.96,-.279,.121,.274,.954);es="Linear";ed="In";};["RightUpperLeg"]={cf=cfr(.003,.001,.001,.996,-.074,-.051,-.023,.346,-.938,.087,.935,.343);es="Linear";ed="In";};["LeftUpperLeg"]={cf=cfr(.012,.019,.003,1,0,.029,-.008,.963,.271,-.028,-.271,.962);es="Linear";ed="In";};["RightLowerLeg"]={cf=cfr(0,.016,-.033,1,0,0,0,.159,.987,0,-.987,.159);es="Linear";ed="In";};["RightFoot"]={cf=cfr(0,0,0,1,0,0,0,1,0,0,0,1);es="Linear";ed="In";};["LeftFoot"]={cf=cfr(0,0,0,1,0,0,0,1,0,0,0,1);es="Linear";ed="In";};};{tm=.25;["LowerTorso"]={cf=cfr(.006,.108,.529,.997,-.039,-.069,.016,.95,-.312,.078,.31,.948);es="Linear";ed="In";};["RightUpperLeg"]={cf=cfr(.002,.001,.001,.997,-.077,-.017,.012,.361,-.932,.078,.929,.361);es="Linear";ed="In";};["LeftUpperLeg"]={cf=cfr(.009,.014,.002,.996,.024,.081,-.049,.945,.324,-.069,-.326,.943);es="Linear";ed="In";};["RightLowerLeg"]={cf=cfr(0,.02,-.04,1,0,0,0,.198,.98,0,-.98,.198);es="Linear";ed="In";};["RightFoot"]={cf=cfr(0,0,0,1,0,0,0,1,0,0,0,1);es="Linear";ed="In";};["LeftFoot"]={cf=cfr(0,0,0,1,0,0,0,1,0,0,0,1);es="Linear";ed="In";};};{tm=.267;["LowerTorso"]={cf=cfr(.004,.112,.511,.999,-.023,-.039,.008,.941,-.338,.044,.337,.94);es="Linear";ed="In";};["RightUpperLeg"]={cf=cfr(.001,0,.001,.997,-.079,.01,.039,.373,-.927,.07,.925,.375);es="Linear";ed="In";};["LeftUpperLeg"]={cf=cfr(.006,.009,.001,.992,.04,.121,-.082,.928,.362,-.098,-.369,.924);es="Linear";ed="In";};["RightLowerLeg"]={cf=cfr(0,.024,-.046,1,0,0,0,.24,.971,0,-.971,.24);es="Linear";ed="In";};["RightUpperArm"]={cf=cfr(-.177,-.278,-.226,.444,-.804,-.397,.696,.588,-.413,.565,-.093,.82);es="Linear";ed="In";};["LeftUpperArm"]={cf=cfr(-.609,-.439,-.032,-.695,.628,-.349,-.717,-.568,.404,.056,.531,.845);es="Linear";ed="In";};["RightFoot"]={cf=cfr(0,0,0,1,0,0,0,1,0,0,0,1);es="Linear";ed="In";};["LeftFoot"]={cf=cfr(0,0,0,1,0,0,0,1,0,0,0,1);es="Linear";ed="In";};["LeftLowerArm"]={cf=cfr(0,0,0,1,0,0,0,.966,-.259,0,.259,.966);es="Linear";ed="In";};};{tm=.283;["LowerTorso"]={cf=cfr(.002,.115,.498,1,-.01,-.017,.003,.934,-.357,.02,.357,.934);es="Linear";ed="In";};["RightUpperLeg"]={cf=cfr(.001,0,0,.996,-.081,.029,.058,.381,-.923,.064,.921,.384);es="Linear";ed="In";};["LeftUpperLeg"]={cf=cfr(.003,.004,0,.987,.051,.151,-.106,.915,.389,-.118,-.4,.909);es="Linear";ed="In";};["RightLowerLeg"]={cf=cfr(0,.029,-.052,1,0,0,0,.285,.958,0,-.958,.285);es="Linear";ed="In";};["RightFoot"]={cf=cfr(0,0,0,1,0,0,0,1,0,0,0,1);es="Linear";ed="In";};["LeftFoot"]={cf=cfr(0,0,0,1,0,0,0,1,0,0,0,1);es="Linear";ed="In";};};{tm=.3;["LowerTorso"]={cf=cfr(0,.117,.49,1,-.003,-.004,.001,.93,-.368,.005,.368,.93);es="Linear";ed="In";};["RightUpperLeg"]={cf=cfr(0,0,0,.996,-.083,.04,.069,.386,-.92,.061,.919,.39);es="Linear";ed="In";};["LeftUpperLeg"]={cf=cfr(.001,.001,0,.984,.056,.168,-.121,.907,.404,-.13,-.418,.899);es="Linear";ed="In";};["RightLowerLeg"]={cf=cfr(0,.033,-.057,1,0,0,0,.332,.943,0,-.943,.332);es="Linear";ed="In";};["RightFoot"]={cf=cfr(0,0,0,1,0,0,0,1,0,0,0,1);es="Linear";ed="In";};["LeftFoot"]={cf=cfr(0,0,0,1,0,0,0,1,0,0,0,1);es="Linear";ed="In";};};{tm=.317;["LowerTorso"]={cf=cfr(0,.118,.488,1,0,0,0,.928,-.371,0,.371,.928);es="Linear";ed="In";};["RightUpperLeg"]={cf=cfr(0,0,0,.996,-.083,.044,.073,.387,-.919,.059,.918,.392);es="Linear";ed="In";};["UpperTorso"]={cf=cfr(0,0,-.015,.986,.104,-.131,-.084,.985,.15,.145,-.137,.98);es="Linear";ed="In";};["LeftUpperLeg"]={cf=cfr(0,0,0,.983,.058,.174,-.126,.904,.409,-.134,-.424,.896);es="Linear";ed="In";};["RightLowerLeg"]={cf=cfr(0,.037,-.061,1,0,0,0,.38,.925,0,-.925,.38);es="Linear";ed="In";};["LeftLowerLeg"]={cf=cfr(0,.023,-.029,1,0,0,0,-.017,1,0,-1,-.017);es="Linear";ed="In";};["RightFoot"]={cf=cfr(0,0,0,1,0,0,0,1,0,0,0,1);es="Linear";ed="In";};["LeftFoot"]={cf=cfr(0,0,0,1,0,0,0,1,0,0,0,1);es="Linear";ed="In";};};{tm=.333;["LowerTorso"]={cf=cfr(0,.118,.486,1,0,0,0,.929,-.37,0,.37,.929);es="Linear";ed="In";};["LeftUpperLeg"]={cf=cfr(.001,.004,.001,.983,.06,.172,-.126,.908,.4,-.132,-.415,.9);es="Linear";ed="In";};["RightLowerLeg"]={cf=cfr(0,.04,-.065,1,0,0,0,.429,.903,0,-.903,.429);es="Linear";ed="In";};["LeftLowerLeg"]={cf=cfr(0,.023,-.029,1,0,0,0,-.016,1,0,-1,-.016);es="Linear";ed="In";};["RightFoot"]={cf=cfr(0,0,0,1,0,0,0,1,0,0,0,1);es="Linear";ed="In";};["LeftFoot"]={cf=cfr(0,0,0,1,0,0,0,1,0,0,0,1);es="Linear";ed="In";};};{tm=.35;["LowerTorso"]={cf=cfr(0,.117,.48,1,0,0,0,.931,-.365,0,.365,.931);es="Linear";ed="In";};["LeftUpperLeg"]={cf=cfr(.004,.016,.003,.984,.065,.167,-.124,.919,.373,-.129,-.388,.913);es="Linear";ed="In";};["RightLowerLeg"]={cf=cfr(0,.043,-.067,1,0,0,0,.478,.878,0,-.878,.478);es="Linear";ed="In";};["LeftLowerLeg"]={cf=cfr(0,.022,-.029,1,0,0,0,-.013,1,0,-1,-.013);es="Linear";ed="In";};["RightFoot"]={cf=cfr(0,0,0,1,0,0,0,1,0,0,0,1);es="Linear";ed="In";};["LeftFoot"]={cf=cfr(0,0,0,1,0,0,0,1,0,0,0,1);es="Linear";ed="In";};};{tm=.367;["LowerTorso"]={cf=cfr(0,.115,.471,1,0,0,0,.934,-.358,0,.358,.934);es="Linear";ed="In";};["LeftUpperLeg"]={cf=cfr(.009,.034,.006,.985,.074,.157,-.123,.937,.328,-.123,-.342,.932);es="Linear";ed="In";};["RightLowerLeg"]={cf=cfr(0,.046,-.068,1,0,0,0,.527,.85,0,-.85,.527);es="Linear";ed="In";};["LeftLowerLeg"]={cf=cfr(0,.022,-.028,1,0,0,0,-.007,1,0,-1,-.007);es="Linear";ed="In";};["RightFoot"]={cf=cfr(0,0,0,1,0,0,0,1,0,0,0,1);es="Linear";ed="In";};["LeftFoot"]={cf=cfr(0,0,0,1,0,0,0,1,0,0,0,1);es="Linear";ed="In";};};{tm=.383;["LowerTorso"]={cf=cfr(0,.114,.458,1,0,0,0,.938,-.347,0,.347,.938);es="Linear";ed="In";};["LeftUpperLeg"]={cf=cfr(.015,.058,.012,.986,.084,.143,-.12,.957,.265,-.115,-.278,.954);es="Linear";ed="In";};["LeftUpperArm"]={cf=cfr(-.265,-.164,-.057,-.609,.784,.12,-.787,-.578,-.214,-.098,-.225,.969);es="Linear";ed="In";};["RightLowerLeg"]={cf=cfr(0,.047,-.067,1,0,0,0,.574,.819,0,-.819,.574);es="Linear";ed="In";};["LeftLowerLeg"]={cf=cfr(0,.021,-.027,1,0,0,0,0,1,0,-1,0);es="Linear";ed="In";};["RightFoot"]={cf=cfr(0,0,0,1,0,0,0,1,0,0,0,1);es="Linear";ed="In";};["LeftFoot"]={cf=cfr(0,0,0,1,0,0,0,1,0,0,0,1);es="Linear";ed="In";};};{tm=.4;["LowerTorso"]={cf=cfr(0,.111,.441,1,0,0,0,.943,-.333,0,.333,.943);es="Linear";ed="In";};["LeftUpperLeg"]={cf=cfr(.023,.084,.02,.987,.096,.125,-.119,.976,.184,-.104,-.197,.975);es="Linear";ed="In";};["RightLowerLeg"]={cf=cfr(0,.048,-.066,1,0,0,0,.619,.786,0,-.786,.619);es="Linear";ed="In";};["LeftLowerLeg"]={cf=cfr(0,.02,-.026,1,0,0,0,.009,1,0,-1,.009);es="Linear";ed="In";};["RightFoot"]={cf=cfr(0,0,0,1,0,0,0,1,0,0,0,1);es="Linear";ed="In";};["LeftFoot"]={cf=cfr(0,0,0,1,0,0,0,1,0,0,0,1);es="Linear";ed="In";};};{tm=.417;["LowerTorso"]={cf=cfr(0,.108,.421,1,0,0,0,.949,-.316,0,.316,.949);es="Linear";ed="In";};["LeftUpperLeg"]={cf=cfr(.03,.11,.031,.989,.109,.103,-.118,.989,.088,-.092,-.099,.991);es="Linear";ed="In";};["RightUpperArm"]={cf=cfr(-.038,-.155,-.099,.893,-.303,-.332,.338,.94,.053,.296,-.159,.942);es="Linear";ed="Out";};["RightLowerLeg"]={cf=cfr(0,.048,-.063,1,0,0,0,.662,.75,0,-.75,.662);es="Linear";ed="In";};["LeftLowerLeg"]={cf=cfr(0,.019,-.025,1,0,0,0,.019,1,0,-1,.019);es="Linear";ed="In";};["RightFoot"]={cf=cfr(0,0,0,1,0,0,0,1,0,0,0,1);es="Linear";ed="In";};["LeftFoot"]={cf=cfr(0,0,0,1,0,0,0,1,0,0,0,1);es="Linear";ed="In";};};{tm=.433;["LowerTorso"]={cf=cfr(0,.105,.397,1,0,0,0,.955,-.296,0,.296,.955);es="Linear";ed="In";};["LeftUpperLeg"]={cf=cfr(.037,.134,.043,.99,.119,.076,-.118,.993,-.022,-.078,.012,.997);es="Linear";ed="In";};["RightLowerLeg"]={cf=cfr(0,.047,-.06,1,0,0,0,.702,.712,0,-.712,.702);es="Linear";ed="In";};["LeftLowerLeg"]={cf=cfr(0,.017,-.023,1,0,0,0,.031,1,0,-1,.031);es="Linear";ed="In";};["RightFoot"]={cf=cfr(0,0,0,1,0,0,0,1,0,0,0,1);es="Linear";ed="In";};["LeftFoot"]={cf=cfr(0,0,0,1,0,0,0,1,0,0,0,1);es="Linear";ed="In";};};{tm=.45;["LowerTorso"]={cf=cfr(0,.101,.37,1,0,0,0,.962,-.273,0,.273,.962);es="Linear";ed="In";};["LeftUpperLeg"]={cf=cfr(.043,.153,.057,.991,.128,.045,-.12,.983,-.141,-.063,.134,.989);es="Linear";ed="In";};["RightLowerLeg"]={cf=cfr(0,.045,-.055,1,0,0,0,.739,.674,0,-.674,.739);es="Linear";ed="In";};["LeftLowerLeg"]={cf=cfr(0,.016,-.022,1,0,0,0,.044,.999,0,-.999,.044);es="Linear";ed="In";};["RightFoot"]={cf=cfr(0,0,0,1,0,0,0,1,0,0,0,1);es="Linear";ed="In";};["LeftFoot"]={cf=cfr(0,0,0,1,0,0,0,1,0,0,0,1);es="Linear";ed="In";};};{tm=.467;["LowerTorso"]={cf=cfr(0,.098,.339,1,0,0,0,.969,-.246,0,.246,.969);es="Linear";ed="In";};["LeftUpperLeg"]={cf=cfr(.047,.165,.07,.991,.132,.012,-.124,.956,-.264,-.047,.261,.964);es="Linear";ed="In";};["RightLowerLeg"]={cf=cfr(0,.043,-.05,1,0,0,0,.773,.635,0,-.635,.773);es="Linear";ed="In";};["LeftLowerLeg"]={cf=cfr(0,.014,-.02,1,0,0,0,.057,.998,0,-.998,.057);es="Linear";ed="In";};["RightFoot"]={cf=cfr(0,0,0,1,0,0,0,1,0,0,0,1);es="Linear";ed="In";};["LeftFoot"]={cf=cfr(0,0,0,1,0,0,0,1,0,0,0,1);es="Linear";ed="In";};};{tm=.483;["LowerTorso"]={cf=cfr(0,.093,.304,1,0,0,0,.976,-.216,0,.216,.976);es="Linear";ed="In";};["LeftUpperLeg"]={cf=cfr(.049,.169,.082,.991,.133,-.022,-.131,.912,-.388,-.031,.387,.921);es="Linear";ed="In";};["RightLowerLeg"]={cf=cfr(0,.039,-.045,1,0,0,0,.803,.596,0,-.596,.803);es="Linear";ed="In";};["LeftLowerLeg"]={cf=cfr(0,.012,-.018,1,0,0,0,.072,.997,0,-.997,.072);es="Linear";ed="In";};["RightFoot"]={cf=cfr(0,0,0,1,0,0,0,1,0,0,0,1);es="Linear";ed="In";};["LeftFoot"]={cf=cfr(0,0,0,1,0,0,0,1,0,0,0,1);es="Linear";ed="In";};};{tm=.5;["LowerTorso"]={cf=cfr(0,.089,.266,1,0,0,0,.983,-.183,0,.183,.983);es="Linear";ed="In";};["LeftUpperLeg"]={cf=cfr(.049,.165,.09,.99,.128,-.057,-.139,.852,-.505,-.016,.508,.861);es="Linear";ed="In";};["RightLowerLeg"]={cf=cfr(0,.035,-.039,1,0,0,0,.83,.558,0,-.558,.83);es="Linear";ed="In";};["LeftLowerLeg"]={cf=cfr(0,.011,-.016,1,0,0,0,.086,.996,0,-.996,.086);es="Linear";ed="In";};["RightFoot"]={cf=cfr(0,0,0,1,0,0,0,1,0,0,0,1);es="Linear";ed="In";};["LeftFoot"]={cf=cfr(0,0,0,1,0,0,0,1,0,0,0,1);es="Linear";ed="In";};};{tm=.517;["LowerTorso"]={cf=cfr(0,.085,.232,1,0,0,0,.988,-.152,0,.152,.988);es="Linear";ed="In";};["RightUpperLeg"]={cf=cfr(0,.003,.005,.988,-.047,-.148,.115,.863,.493,.105,-.504,.858);es="Linear";ed="In";};["LeftUpperLeg"]={cf=cfr(.047,.153,.093,.989,.119,-.09,-.15,.776,-.612,-.003,.619,.786);es="Linear";ed="In";};["UpperTorso"]={cf=cfr(-.001,-.001,-.004,.975,.015,-.22,-.018,1,-.014,.219,.018,.975);es="Linear";ed="In";};["RightLowerLeg"]={cf=cfr(0,.03,-.033,1,0,0,0,.853,.521,0,-.521,.853);es="Linear";ed="In";};["LeftLowerLeg"]={cf=cfr(0,.009,-.013,1,0,0,0,.1,.995,0,-.995,.1);es="Linear";ed="In";};["RightUpperArm"]={cf=cfr(0,0,0,.978,-.207,-.008,.203,.951,.235,-.041,-.232,.972);es="Linear";ed="In";};["Head"]={cf=cfr(0,0,0,.981,.085,.173,-.088,.996,.015,-.171,-.03,.985);es="Linear";ed="In";};["LeftUpperArm"]={cf=cfr(.07,-.193,.348,.096,.992,.081,-.946,.065,.318,.31,-.107,.945);es="Linear";ed="In";};["RightFoot"]={cf=cfr(0,0,0,1,0,0,0,1,0,0,0,1);es="Linear";ed="In";};["LeftFoot"]={cf=cfr(0,0,0,1,0,0,0,1,0,0,0,1);es="Linear";ed="In";};["RightLowerArm"]={cf=cfr(0,.001,0,1,0,0,0,.922,-.386,0,.386,.922);es="Linear";ed="In";};["LeftLowerArm"]={cf=cfr(0,.001,0,1,0,0,0,.836,-.548,0,.548,.836);es="Linear";ed="In";};};{tm=.533;["LowerTorso"]={cf=cfr(0,.082,.2,1,0,0,0,.992,-.125,0,.125,.992);es="Linear";ed="In";};["RightUpperLeg"]={cf=cfr(-.001,.011,.004,.988,-.049,-.146,.112,.878,.465,.105,-.475,.873);es="Linear";ed="In";};["UpperTorso"]={cf=cfr(-.001,-.001,-.004,.976,.016,-.216,-.019,1,-.012,.216,.015,.976);es="Linear";ed="In";};["LeftUpperLeg"]={cf=cfr(.042,.136,.091,.987,.107,-.121,-.161,.691,-.705,.008,.715,.699);es="Linear";ed="In";};["RightLowerLeg"]={cf=cfr(0,.026,-.027,1,0,0,0,.873,.487,0,-.487,.873);es="Linear";ed="In";};["LeftUpperArm"]={cf=cfr(.067,-.167,.296,.17,.982,.076,-.921,.132,.367,.35,-.132,.927);es="Linear";ed="In";};["LeftLowerLeg"]={cf=cfr(0,.007,-.011,1,0,0,0,.114,.994,0,-.994,.114);es="Linear";ed="In";};["RightFoot"]={cf=cfr(0,0,0,1,0,0,0,1,0,0,0,1);es="Linear";ed="In";};["LeftFoot"]={cf=cfr(0,0,0,1,0,0,0,1,0,0,0,1);es="Linear";ed="In";};};{tm=.55;["LowerTorso"]={cf=cfr(0,.08,.173,1,0,0,0,.995,-.101,0,.101,.995);es="Linear";ed="In";};["RightUpperLeg"]={cf=cfr(-.003,.032,.001,.989,-.053,-.139,.103,.919,.381,.107,-.391,.914);es="Linear";ed="In";};["UpperTorso"]={cf=cfr(-.001,-.001,-.004,.978,.02,-.206,-.021,1,-.004,.206,.008,.979);es="Linear";ed="In";};["LeftUpperLeg"]={cf=cfr(.036,.114,.084,.985,.091,-.148,-.173,.6,-.781,.018,.795,.606);es="Linear";ed="In";};["RightLowerLeg"]={cf=cfr(0,.021,-.021,1,0,0,0,.89,.455,0,-.455,.89);es="Linear";ed="In";};["LeftUpperArm"]={cf=cfr(.06,-.138,.241,.242,.968,.067,-.89,.194,.413,.387,-.159,.908);es="Linear";ed="In";};["LeftLowerLeg"]={cf=cfr(0,.006,-.009,1,0,0,0,.126,.992,0,-.992,.126);es="Linear";ed="In";};["RightFoot"]={cf=cfr(0,0,0,1,0,0,0,1,0,0,0,1);es="Linear";ed="In";};["RightLowerArm"]={cf=cfr(0,.002,.001,1,0,0,0,.81,-.587,0,.587,.81);es="Linear";ed="In";};["LeftFoot"]={cf=cfr(0,0,0,1,0,0,0,1,0,0,0,1);es="Linear";ed="In";};};{tm=.567;["LowerTorso"]={cf=cfr(0,.077,.149,1,0,0,0,.997,-.079,0,.079,.997);es="Linear";ed="In";};["RightUpperLeg"]={cf=cfr(-.005,.055,-.001,.99,-.059,-.127,.089,.965,.248,.108,-.257,.96);es="Linear";ed="In";};["UpperTorso"]={cf=cfr(-.002,-.002,-.004,.982,.026,-.188,-.025,1,.009,.189,-.004,.982);es="Linear";ed="In";};["LeftUpperLeg"]={cf=cfr(.029,.09,.072,.982,.074,-.172,-.185,.509,-.841,.025,.858,.513);es="Linear";ed="In";};["RightLowerLeg"]={cf=cfr(0,.016,-.016,1,0,0,0,.905,.426,0,-.426,.905);es="Linear";ed="In";};["LeftUpperArm"]={cf=cfr(.051,-.108,.188,.307,.95,.056,-.855,.25,.454,.418,-.187,.889);es="Linear";ed="In";};["LeftLowerLeg"]={cf=cfr(0,.004,-.007,1,0,0,0,.138,.99,0,-.99,.138);es="Linear";ed="In";};["RightFoot"]={cf=cfr(0,0,0,1,0,0,0,1,0,0,0,1);es="Linear";ed="In";};["LeftFoot"]={cf=cfr(0,0,0,1,0,0,0,1,0,0,0,1);es="Linear";ed="In";};};{tm=.583;["LowerTorso"]={cf=cfr(0,.076,.129,1,0,0,0,.998,-.062,0,.062,.998);es="Linear";ed="In";};["RightUpperLeg"]={cf=cfr(-.006,.07,.001,.992,-.063,-.112,.072,.994,.077,.106,-.084,.991);es="Linear";ed="In";};["UpperTorso"]={cf=cfr(-.002,-.002,-.003,.986,.034,-.164,-.03,.999,.027,.165,-.022,.986);es="Linear";ed="In";};["LeftUpperLeg"]={cf=cfr(.021,.066,.057,.98,.057,-.19,-.196,.423,-.885,.03,.905,.425);es="Linear";ed="In";};["RightLowerLeg"]={cf=cfr(0,.012,-.011,1,0,0,0,.916,.401,0,-.401,.916);es="Linear";ed="In";};["LeftUpperArm"]={cf=cfr(.04,-.079,.137,.365,.93,.043,-.819,.299,.49,.443,-.214,.87);es="Linear";ed="In";};["LeftLowerLeg"]={cf=cfr(0,.003,-.005,1,0,0,0,.148,.989,0,-.989,.148);es="Linear";ed="In";};["RightFoot"]={cf=cfr(0,0,0,1,0,0,0,1,0,0,0,1);es="Linear";ed="In";};["LeftFoot"]={cf=cfr(0,0,0,1,0,0,0,1,0,0,0,1);es="Linear";ed="In";};};{tm=.6;["LowerTorso"]={cf=cfr(0,.074,.113,1,0,0,0,.999,-.047,0,.047,.999);es="Linear";ed="In";};["RightUpperLeg"]={cf=cfr(-.006,.07,.005,.993,-.065,-.095,.055,.993,-.107,.101,.102,.99);es="Linear";ed="In";};["UpperTorso"]={cf=cfr(-.002,-.002,-.002,.99,.044,-.134,-.037,.998,.049,.136,-.044,.99);es="Linear";ed="In";};["LeftUpperLeg"]={cf=cfr(.014,.044,.04,.978,.041,-.205,-.206,.346,-.915,.034,.937,.347);es="Linear";ed="In";};["RightLowerLeg"]={cf=cfr(0,.008,-.007,1,0,0,0,.925,.38,0,-.38,.925);es="Linear";ed="In";};["LeftUpperArm"]={cf=cfr(.028,-.053,.091,.413,.91,.03,-.784,.339,.52,.464,-.238,.853);es="Linear";ed="In";};["LeftLowerLeg"]={cf=cfr(0,.002,-.003,1,0,0,0,.157,.988,0,-.988,.157);es="Linear";ed="In";};["RightFoot"]={cf=cfr(0,0,0,1,0,0,0,1,0,0,0,1);es="Linear";ed="In";};["LeftFoot"]={cf=cfr(0,0,0,1,0,0,0,1,0,0,0,1);es="Linear";ed="In";};};{tm=.617;["LowerTorso"]={cf=cfr(0,.073,.1,1,0,0,0,.999,-.035,0,.035,.999);es="Linear";ed="In";};["RightUpperLeg"]={cf=cfr(-.005,.053,.006,.995,-.064,-.079,.039,.96,-.278,.094,.273,.957);es="Linear";ed="In";};["UpperTorso"]={cf=cfr(-.001,-.001,-.001,.993,.051,-.108,-.044,.997,.067,.112,-.062,.992);es="Linear";ed="In";};["LeftUpperLeg"]={cf=cfr(.008,.025,.024,.976,.027,-.216,-.214,.283,-.935,.036,.959,.282);es="Linear";ed="In";};["RightLowerLeg"]={cf=cfr(0,.004,-.004,1,0,0,0,.931,.364,0,-.364,.931);es="Linear";ed="In";};["LeftUpperArm"]={cf=cfr(.017,-.031,.053,.451,.892,.018,-.753,.37,.544,.479,-.259,.839);es="Linear";ed="In";};["LeftLowerLeg"]={cf=cfr(0,.001,-.002,1,0,0,0,.164,.986,0,-.986,.164);es="Linear";ed="In";};["RightFoot"]={cf=cfr(0,0,0,1,0,0,0,1,0,0,0,1);es="Linear";ed="In";};["LeftFoot"]={cf=cfr(0,0,0,1,0,0,0,1,0,0,0,1);es="Linear";ed="In";};};{tm=.633;["LowerTorso"]={cf=cfr(0,.073,.091,1,0,0,0,1,-.027,0,.027,1);es="Linear";ed="In";};["RightUpperLeg"]={cf=cfr(-.003,.029,.005,.996,-.061,-.067,.028,.911,-.411,.086,.407,.909);es="Linear";ed="In";};["UpperTorso"]={cf=cfr(-.001,-.001,-.001,.994,.056,-.09,-.049,.996,.079,.094,-.075,.993);es="Linear";ed="In";};["LeftUpperLeg"]={cf=cfr(.004,.011,.011,.975,.016,-.223,-.22,.237,-.946,.037,.971,.234);es="Linear";ed="In";};["RightLowerLeg"]={cf=cfr(0,.002,-.002,1,0,0,0,.936,.352,0,-.352,.936);es="Linear";ed="In";};["LeftUpperArm"]={cf=cfr(.008,-.014,.024,.478,.878,.008,-.73,.392,.56,.489,-.274,.828);es="Linear";ed="In";};["LeftLowerLeg"]={cf=cfr(0,.001,-.001,1,0,0,0,.169,.986,0,-.986,.169);es="Linear";ed="In";};["RightFoot"]={cf=cfr(0,0,0,1,0,0,0,1,0,0,0,1);es="Linear";ed="In";};["LeftFoot"]={cf=cfr(0,0,0,1,0,0,0,1,0,0,0,1);es="Linear";ed="In";};};{tm=.65;["LowerTorso"]={cf=cfr(0,.072,.086,1,0,0,0,1,-.022,0,.022,1);es="Linear";ed="In";};["RightUpperLeg"]={cf=cfr(-.001,.008,.002,.997,-.058,-.059,.021,.87,-.493,.08,.49,.868);es="Linear";ed="In";};["UpperTorso"]={cf=cfr(0,0,0,.995,.059,-.08,-.052,.995,.087,.084,-.082,.993);es="Linear";ed="In";};["LeftUpperLeg"]={cf=cfr(.001,.003,.003,.974,.01,-.227,-.224,.208,-.952,.038,.978,.205);es="Linear";ed="In";};["RightLowerLeg"]={cf=cfr(0,.001,0,1,0,0,0,.939,.344,0,-.344,.939);es="Linear";ed="In";};["LeftUpperArm"]={cf=cfr(.002,-.004,.006,.495,.869,.002,-.715,.405,.57,.495,-.284,.821);es="Linear";ed="In";};["LeftLowerLeg"]={cf=cfr(0,0,0,1,0,0,0,.173,.985,0,-.985,.173);es="Linear";ed="In";};["RightFoot"]={cf=cfr(0,0,0,1,0,0,0,1,0,0,0,1);es="Linear";ed="In";};["LeftFoot"]={cf=cfr(0,0,0,1,0,0,0,1,0,0,0,1);es="Linear";ed="In";};};{tm=.667;["LowerTorso"]={cf=cfr(0,.072,.084,1,0,0,0,1,-.021,0,.021,1);es="Linear";ed="In";};["RightUpperLeg"]={cf=cfr(0,0,0,.997,-.057,-.056,.019,.853,-.521,.078,.518,.852);es="Linear";ed="In";};["LeftUpperLeg"]={cf=cfr(0,0,0,.974,.007,-.228,-.225,.198,-.954,.038,.98,.195);es="Linear";ed="In";};["UpperTorso"]={cf=cfr(0,0,0,.995,.06,-.076,-.053,.995,.089,.081,-.085,.993);es="Linear";ed="In";};["RightLowerLeg"]={cf=cfr(0,0,0,1,0,0,0,.94,.342,0,-.342,.94);es="Linear";ed="In";};["LeftLowerLeg"]={cf=cfr(0,0,0,1,0,0,0,.174,.985,0,-.985,.174);es="Linear";ed="In";};["RightUpperArm"]={cf=cfr(0,0,0,.94,-.342,0,.31,.852,.423,-.145,-.397,.906);es="Linear";ed="In";};["Head"]={cf=cfr(0,0,0,.995,-.066,.071,.054,.986,.16,-.081,-.155,.985);es="Linear";ed="In";};["LeftUpperArm"]={cf=cfr(0,0,0,.5,.866,0,-.709,.41,.574,.497,-.287,.819);es="Linear";ed="In";};["RightFoot"]={cf=cfr(0,0,0,1,0,0,0,1,0,0,0,1);es="Linear";ed="In";};["LeftFoot"]={cf=cfr(0,0,0,1,0,0,0,1,0,0,0,1);es="Linear";ed="In";};["RightLowerArm"]={cf=cfr(0,0,0,1,0,0,0,.906,-.423,0,.423,.906);es="Linear";ed="In";};["LeftLowerArm"]={cf=cfr(0,0,0,1,0,0,0,.94,-.342,0,.342,.94);es="Linear";ed="In";};["RightHand"]={cf=cfr(0,0,0,1,0,0,0,1,0,0,0,1);es="Linear";ed="In";};["LeftHand"]={cf=cfr(0,0,0,1,0,0,0,1,0,0,0,1);es="Linear";ed="In";};};{tm=8.3;["LowerTorso"]={cf=cfr(0,.072,.084,1,0,0,0,1,-.021,0,.021,1);es="Linear";ed="In";};["RightUpperLeg"]={cf=cfr(0,0,0,.997,-.057,-.056,.019,.853,-.521,.078,.518,.852);es="Linear";ed="In";};["LeftUpperLeg"]={cf=cfr(0,0,0,.974,.007,-.228,-.225,.198,-.954,.038,.98,.195);es="Linear";ed="In";};["UpperTorso"]={cf=cfr(0,0,0,.995,.06,-.076,-.053,.995,.089,.081,-.085,.993);es="Linear";ed="In";};["RightLowerLeg"]={cf=cfr(0,0,0,1,0,0,0,.94,.342,0,-.342,.94);es="Linear";ed="In";};["LeftLowerLeg"]={cf=cfr(0,0,0,1,0,0,0,.174,.985,0,-.985,.174);es="Linear";ed="In";};["RightUpperArm"]={cf=cfr(0,0,0,.94,-.342,0,.31,.852,.423,-.145,-.397,.906);es="Linear";ed="In";};["Head"]={cf=cfr(0,0,0,.995,-.066,.071,.054,.986,.16,-.081,-.155,.985);es="Linear";ed="In";};["LeftUpperArm"]={cf=cfr(0,0,0,.5,.866,0,-.709,.41,.574,.497,-.287,.819);es="Linear";ed="In";};["RightFoot"]={cf=cfr(0,0,0,1,0,0,0,1,0,0,0,1);es="Linear";ed="In";};["LeftFoot"]={cf=cfr(0,0,0,1,0,0,0,1,0,0,0,1);es="Linear";ed="In";};["RightLowerArm"]={cf=cfr(0,0,0,1,0,0,0,.906,-.423,0,.423,.906);es="Linear";ed="In";};["LeftLowerArm"]={cf=cfr(0,0,0,1,0,0,0,.94,-.342,0,.342,.94);es="Linear";ed="In";};["RightHand"]={cf=cfr(0,0,0,1,0,0,0,1,0,0,0,1);es="Linear";ed="In";};["LeftHand"]={cf=cfr(0,0,0,1,0,0,0,1,0,0,0,1);es="Linear";ed="In";};};{tm=8.35;["LowerTorso"]={cf=cfr(0,-.268,-.004,1,0,0,0,1,-.022,0,.022,1);es="Linear";ed="In";};["RightUpperLeg"]={cf=cfr(0,0,0,.934,-.058,-.353,.132,.973,.191,.332,-.225,.916);es="Linear";ed="In";};["LeftUpperLeg"]={cf=cfr(0,0,0,.944,.166,.284,-.031,.904,-.427,-.328,.394,.858);es="Linear";ed="In";};["UpperTorso"]={cf=cfr(0,0,-.015,1,-.015,.007,.016,.997,-.077,-.006,.078,.997);es="Linear";ed="In";};["RightLowerLeg"]={cf=cfr(0,0,0,1,0,0,0,.766,.643,0,-.643,.766);es="Linear";ed="In";};["LeftLowerLeg"]={cf=cfr(0,0,0,1,0,0,0,.5,.866,0,-.866,.5);es="Linear";ed="In";};["RightUpperArm"]={cf=cfr(0,0,0,.952,.237,-.192,-.243,.97,-.006,.185,.052,.981);es="Linear";ed="In";};["Head"]={cf=cfr(0,0,0,.999,.05,-.017,-.051,.861,-.507,-.011,.507,.862);es="Linear";ed="In";};["LeftUpperArm"]={cf=cfr(0,0,0,.95,-.278,.143,.273,.961,.051,-.152,-.01,.988);es="Linear";ed="In";};["RightFoot"]={cf=cfr(0,0,0,1,0,0,0,1,0,0,0,1);es="Linear";ed="In";};["LeftFoot"]={cf=cfr(0,0,0,1,0,0,0,1,0,0,0,1);es="Linear";ed="In";};["RightLowerArm"]={cf=cfr(0,0,0,1,0,0,0,.94,-.342,0,.342,.94);es="Linear";ed="In";};["LeftLowerArm"]={cf=cfr(0,0,0,1,0,0,0,.94,-.342,0,.342,.94);es="Linear";ed="In";};["RightHand"]={cf=cfr(0,0,0,1,0,0,0,1,0,0,0,1);es="Linear";ed="In";};["LeftHand"]={cf=cfr(0,0,0,1,0,0,0,1,0,0,0,1);es="Linear";ed="In";};};}