local cfr = CFrame.new

return {{tm=0;["RootNode"]={cf=cfr(0,0,0,-1,0,0,0,1,0,0,0,-1);es="Linear";ed="In";};["root"]={cf=cfr(0,2.496,.493,0,0,1,0,1,0,-1,0,0);es="Linear";ed="In";};["000-offset"]={cf=cfr(0,0,0,-.115,.993,0,-.993,-.115,0,0,0,1);es="Linear";ed="In";};["004-offset.001"]={cf=cfr(0,0,0,-.015,-1,0,1,-.015,0,0,0,1);es="Linear";ed="In";};["006-offset"]={cf=cfr(0,0,0,-.015,-1,0,1,-.015,0,0,0,1);es="Linear";ed="In";};["000-offset.009"]={cf=cfr(0,0,0,-.785,-.606,.133,.594,-.796,-.117,.177,-.013,.984);es="Linear";ed="In";};["000-offset.012"]={cf=cfr(0,0,0,.054,-.998,-.018,.997,.053,.053,-.052,-.021,.998);es="Linear";ed="In";};["000-offset.001"]={cf=cfr(0,0,0,.686,.726,.038,-.727,.687,0,-.026,-.027,.999);es="Linear";ed="In";};["000-offset.010"]={cf=cfr(0,0,0,-.364,.932,0,-.932,-.364,0,0,0,1);es="Linear";ed="In";};["000-offset.013"]={cf=cfr(0,0,0,.58,.815,0,-.815,.58,0,0,0,1);es="Linear";ed="In";};["004-offset"]={cf=cfr(0,0,0,.035,-.999,0,.999,.035,0,0,0,1);es="Linear";ed="In";};["002-offset"]={cf=cfr(0,0,0,.035,-.999,0,.999,.035,0,0,0,1);es="Linear";ed="In";};["000-offset.002"]={cf=cfr(0,0,0,.962,-.261,-.08,.259,.965,-.031,.085,.009,.996);es="Linear";ed="In";};["000-offset.011"]={cf=cfr(0,0,0,.192,-.975,.109,.98,.196,.023,-.044,.102,.994);es="Linear";ed="In";};["000-offset.014"]={cf=cfr(0,0,0,.711,-.7,.072,.703,.708,-.066,-.004,.098,.995);es="Linear";ed="In";};["000-offset.006"]={cf=cfr(0,0,0,-.723,-.578,-.379,.188,-.693,.696,-.665,.432,.609);es="Linear";ed="In";};["000-offset.003"]={cf=cfr(0,0,0,-.959,-.225,.175,.124,-.882,-.455,.256,-.414,.873);es="Linear";ed="In";};["000-offset.007"]={cf=cfr(0,0,0,.639,-.769,0,.769,.639,0,0,0,1);es="Linear";ed="In";};["000-offset.004"]={cf=cfr(0,0,0,.925,-.38,0,.38,.925,0,0,0,1);es="Linear";ed="In";};["000-offset.008"]={cf=cfr(0,0,0,.891,-.401,.215,.143,.695,.704,-.432,-.597,.677);es="Linear";ed="In";};["000-offset.005"]={cf=cfr(0,0,0,.759,-.553,-.344,.586,.81,-.011,.285,-.193,.939);es="Linear";ed="In";};};{tm=.042;["root"]={cf=cfr(0,2.425,.493,0,0,1,0,1,0,-1,0,0);es="Linear";ed="In";};["000-offset"]={cf=cfr(0,0,0,-.108,.994,0,-.994,-.108,0,0,0,1);es="Linear";ed="In";};["000-offset.009"]={cf=cfr(0,0,0,-.646,-.753,.123,.745,-.658,-.111,.164,.02,.986);es="Linear";ed="In";};["000-offset.012"]={cf=cfr(0,0,0,.042,-.999,-.018,.998,.041,.054,-.053,-.02,.998);es="Linear";ed="In";};["000-offset.001"]={cf=cfr(0,0,0,.858,.512,.033,-.513,.859,.001,-.028,-.018,.999);es="Linear";ed="In";};["000-offset.010"]={cf=cfr(0,0,0,-.278,.961,0,-.961,-.278,0,0,0,1);es="Linear";ed="In";};["000-offset.013"]={cf=cfr(0,0,0,.349,.937,0,-.937,.349,0,0,0,1);es="Linear";ed="In";};["000-offset.002"]={cf=cfr(0,0,0,.964,-.252,-.08,.251,.968,-.031,.085,.01,.996);es="Linear";ed="In";};["000-offset.014"]={cf=cfr(0,0,0,.581,-.811,.069,.814,.578,-.063,.011,.092,.996);es="Linear";ed="In";};["000-offset.006"]={cf=cfr(0,0,0,-.533,-.809,-.248,.576,-.562,.593,-.619,.174,.766);es="Linear";ed="In";};["000-offset.003"]={cf=cfr(0,0,0,-.721,-.678,.142,.633,-.728,-.262,.281,-.099,.955);es="Linear";ed="In";};["000-offset.007"]={cf=cfr(0,0,0,.712,-.702,0,.702,.712,0,0,0,1);es="Linear";ed="In";};["000-offset.004"]={cf=cfr(0,0,0,.942,-.335,0,.335,.942,0,0,0,1);es="Linear";ed="In";};["000-offset.005"]={cf=cfr(0,0,0,.755,-.581,-.302,.586,.806,-.086,.293,-.112,.949);es="Linear";ed="In";};};{tm=.083;["root"]={cf=cfr(0,2.355,.493,0,0,1,0,1,0,-1,0,0);es="Linear";ed="In";};["000-offset"]={cf=cfr(0,0,0,-.095,.995,0,-.995,-.095,0,0,0,1);es="Linear";ed="In";};["000-offset.009"]={cf=cfr(0,0,0,-.299,-.946,.123,.944,-.312,-.106,.139,.084,.987);es="Linear";ed="In";};["000-offset.012"]={cf=cfr(0,0,0,0,-1,-.018,.999,-.001,.054,-.054,-.018,.998);es="Linear";ed="In";};["000-offset.001"]={cf=cfr(0,0,0,.999,-.001,.032,.001,1,-.001,-.032,.001,.999);es="Linear";ed="In";};["000-offset.010"]={cf=cfr(0,0,0,-.105,.994,0,-.994,-.105,0,0,0,1);es="Linear";ed="In";};["000-offset.013"]={cf=cfr(0,0,0,-.155,.988,0,-.988,-.155,0,0,0,1);es="Linear";ed="In";};["000-offset.002"]={cf=cfr(0,0,0,.969,-.235,-.08,.233,.972,-.031,.085,.012,.996);es="Linear";ed="In";};["000-offset.014"]={cf=cfr(0,0,0,.281,-.957,.067,.959,.277,-.063,.042,.082,.996);es="Linear";ed="In";};["000-offset.006"]={cf=cfr(0,0,0,.308,-.894,-.326,.794,.053,.605,-.523,-.445,.727);es="Linear";ed="In";};["000-offset.003"]={cf=cfr(0,0,0,.289,-.859,.422,.899,.092,-.428,.329,.503,.799);es="Linear";ed="In";};["000-offset.007"]={cf=cfr(0,0,0,.835,-.551,0,.551,.835,0,0,0,1);es="Linear";ed="In";};["000-offset.004"]={cf=cfr(0,0,0,.97,-.244,0,.244,.97,0,0,0,1);es="Linear";ed="In";};["000-offset.005"]={cf=cfr(0,0,0,.749,-.627,-.214,.586,.778,-.229,.31,.046,.95);es="Linear";ed="In";};};{tm=.125;["root"]={cf=cfr(0,2.27,.493,0,0,1,0,1,0,-1,0,0);es="Linear";ed="In";};["000-offset"]={cf=cfr(0,0,0,-.085,.996,0,-.996,-.085,0,0,0,1);es="Linear";ed="In";};["000-offset.009"]={cf=cfr(0,0,0,-.023,-.991,.133,.992,-.039,-.117,.121,.129,.984);es="Linear";ed="In";};["000-offset.012"]={cf=cfr(0,0,0,-.086,-.996,-.019,.995,-.087,.053,-.054,-.014,.998);es="Linear";ed="In";};["000-offset.001"]={cf=cfr(0,0,0,.929,-.367,.038,.367,.93,0,-.035,.014,.999);es="Linear";ed="In";};["000-offset.010"]={cf=cfr(0,0,0,.018,1,0,-1,.018,0,0,0,1);es="Linear";ed="In";};["000-offset.013"]={cf=cfr(0,0,0,-.49,.872,0,-.872,-.49,0,0,0,1);es="Linear";ed="In";};["000-offset.002"]={cf=cfr(0,0,0,.972,-.222,-.08,.221,.975,-.031,.085,.013,.996);es="Linear";ed="In";};["000-offset.014"]={cf=cfr(0,0,0,.053,-.996,.072,.997,.048,-.066,.063,.075,.995);es="Linear";ed="In";};["000-offset.006"]={cf=cfr(0,0,0,.812,-.557,-.174,.369,.259,.893,-.453,-.789,.416);es="Linear";ed="In";};["000-offset.003"]={cf=cfr(0,0,0,.837,-.506,.205,.409,.332,-.85,.362,.796,.485);es="Linear";ed="In";};["000-offset.007"]={cf=cfr(0,0,0,.901,-.433,0,.433,.901,0,0,0,1);es="Linear";ed="In";};["000-offset.004"]={cf=cfr(0,0,0,.984,-.179,0,.179,.984,0,0,0,1);es="Linear";ed="In";};["000-offset.005"]={cf=cfr(0,0,0,.744,-.651,-.149,.585,.743,-.325,.322,.155,.934);es="Linear";ed="In";};};{tm=.167;["root"]={cf=cfr(0,2.2,.493,0,0,1,0,1,0,-1,0,0);es="Linear";ed="In";};["000-offset"]={cf=cfr(0,0,0,-.087,.996,0,-.996,-.087,0,0,0,1);es="Linear";ed="In";};["000-offset.009"]={cf=cfr(0,0,0,.069,-.988,.137,.991,.052,-.125,.116,.144,.983);es="Linear";ed="In";};["000-offset.012"]={cf=cfr(0,0,0,-.208,-.978,-.019,.977,-.209,.049,-.052,-.008,.999);es="Linear";ed="In";};["000-offset.001"]={cf=cfr(0,0,0,.881,-.471,.04,.471,.882,.001,-.036,.018,.999);es="Linear";ed="In";};["000-offset.010"]={cf=cfr(0,0,0,.064,.998,0,-.998,.064,0,0,0,1);es="Linear";ed="In";};["000-offset.013"]={cf=cfr(0,0,0,-.564,.826,0,-.826,-.564,0,0,0,1);es="Linear";ed="In";};["000-offset.002"]={cf=cfr(0,0,0,.973,-.217,-.08,.215,.976,-.031,.085,.013,.996);es="Linear";ed="In";};["000-offset.014"]={cf=cfr(0,0,0,-.013,-.997,.074,.998,-.018,-.067,.069,.073,.995);es="Linear";ed="In";};["000-offset.006"]={cf=cfr(0,0,0,.883,-.466,-.057,.189,.241,.952,-.43,-.852,.301);es="Linear";ed="In";};["000-offset.003"]={cf=cfr(0,0,0,.906,-.419,.053,.207,.332,-.92,.368,.845,.387);es="Linear";ed="In";};["000-offset.007"]={cf=cfr(0,0,0,.919,-.394,0,.394,.919,0,0,0,1);es="Linear";ed="In";};["000-offset.004"]={cf=cfr(0,0,0,.988,-.155,0,.155,.988,0,0,0,1);es="Linear";ed="In";};["000-offset.005"]={cf=cfr(0,0,0,.743,-.656,-.132,.585,.733,-.348,.325,.182,.928);es="Linear";ed="In";};};{tm=.208;["root"]={cf=cfr(0,2.129,.493,0,0,1,0,1,0,-1,0,0);es="Linear";ed="In";};["000-offset"]={cf=cfr(0,0,0,-.088,.996,0,-.996,-.088,0,0,0,1);es="Linear";ed="In";};["000-offset.009"]={cf=cfr(0,0,0,.12,-.983,.138,.986,.102,-.131,.115,.152,.982);es="Linear";ed="In";};["000-offset.012"]={cf=cfr(0,0,0,-.344,-.939,-.018,.938,-.344,.045,-.049,-.002,.999);es="Linear";ed="In";};["000-offset.001"]={cf=cfr(0,0,0,.856,-.515,.041,.515,.857,.002,-.036,.019,.999);es="Linear";ed="In";};["000-offset.010"]={cf=cfr(0,0,0,.096,.995,0,-.995,.096,0,0,0,1);es="Linear";ed="In";};["000-offset.013"]={cf=cfr(0,0,0,-.569,.823,0,-.823,-.569,0,0,0,1);es="Linear";ed="In";};["000-offset.002"]={cf=cfr(0,0,0,.974,-.213,-.08,.211,.977,-.031,.085,.013,.996);es="Linear";ed="In";};["000-offset.014"]={cf=cfr(0,0,0,-.034,-.997,.074,.997,-.039,-.068,.071,.072,.995);es="Linear";ed="In";};["000-offset.006"]={cf=cfr(0,0,0,.899,-.439,-.017,.134,.236,.962,-.418,-.867,.271);es="Linear";ed="In";};["000-offset.003"]={cf=cfr(0,0,0,.921,-.39,-.009,.139,.349,-.927,.365,.852,.375);es="Linear";ed="In";};["000-offset.007"]={cf=cfr(0,0,0,.927,-.375,0,.375,.927,0,0,0,1);es="Linear";ed="In";};["000-offset.004"]={cf=cfr(0,0,0,.99,-.139,0,.139,.99,0,0,0,1);es="Linear";ed="In";};["000-offset.005"]={cf=cfr(0,0,0,.743,-.656,-.13,.584,.731,-.351,.325,.185,.927);es="Linear";ed="In";};};{tm=.25;["root"]={cf=cfr(0,2.044,.493,0,0,1,0,1,0,-1,0,0);es="Linear";ed="In";};["000-offset"]={cf=cfr(0,0,0,-.09,.996,0,-.996,-.09,0,0,0,1);es="Linear";ed="In";};["000-offset.009"]={cf=cfr(0,0,0,.125,-.982,.138,.985,.107,-.133,.116,.153,.981);es="Linear";ed="In";};["000-offset.012"]={cf=cfr(0,0,0,-.482,-.876,-.018,.875,-.482,.042,-.046,.005,.999);es="Linear";ed="In";};["000-offset.001"]={cf=cfr(0,0,0,.86,-.509,.041,.509,.86,.002,-.036,.019,.999);es="Linear";ed="In";};["000-offset.010"]={cf=cfr(0,0,0,.107,.994,0,-.994,.107,0,0,0,1);es="Linear";ed="In";};["000-offset.013"]={cf=cfr(0,0,0,-.537,.844,0,-.844,-.537,0,0,0,1);es="Linear";ed="In";};["000-offset.002"]={cf=cfr(0,0,0,.974,-.211,-.08,.209,.977,-.031,.085,.014,.996);es="Linear";ed="In";};["000-offset.014"]={cf=cfr(0,0,0,-.022,-.997,.073,.997,-.027,-.068,.069,.072,.995);es="Linear";ed="In";};["000-offset.006"]={cf=cfr(0,0,0,.892,-.451,-.044,.174,.251,.952,-.418,-.857,.302);es="Linear";ed="In";};["000-offset.003"]={cf=cfr(0,0,0,.917,-.398,.013,.175,.374,-.911,.358,.838,.413);es="Linear";ed="In";};["000-offset.007"]={cf=cfr(0,0,0,.927,-.375,0,.375,.927,0,0,0,1);es="Linear";ed="In";};["000-offset.004"]={cf=cfr(0,0,0,.991,-.135,0,.135,.991,0,0,0,1);es="Linear";ed="In";};["000-offset.005"]={cf=cfr(0,0,0,.744,-.655,-.136,.585,.735,-.343,.324,.175,.93);es="Linear";ed="In";};};{tm=.292;["root"]={cf=cfr(0,1.974,.493,0,0,1,0,1,0,-1,0,0);es="Linear";ed="In";};["000-offset"]={cf=cfr(0,0,0,-.09,.996,0,-.996,-.09,0,0,0,1);es="Linear";ed="In";};["000-offset.009"]={cf=cfr(0,0,0,.079,-.987,.136,.99,.061,-.128,.118,.145,.982);es="Linear";ed="In";};["000-offset.012"]={cf=cfr(0,0,0,-.611,-.791,-.016,.79,-.611,.041,-.042,.012,.999);es="Linear";ed="In";};["000-offset.001"]={cf=cfr(0,0,0,.888,-.459,.039,.459,.888,.001,-.036,.017,.999);es="Linear";ed="In";};["000-offset.010"]={cf=cfr(0,0,0,.084,.996,0,-.996,.084,0,0,0,1);es="Linear";ed="In";};["000-offset.013"]={cf=cfr(0,0,0,-.499,.866,0,-.866,-.499,0,0,0,1);es="Linear";ed="In";};["000-offset.002"]={cf=cfr(0,0,0,.974,-.213,-.08,.212,.977,-.031,.085,.013,.996);es="Linear";ed="In";};["000-offset.014"]={cf=cfr(0,0,0,.011,-.997,.072,.998,.006,-.067,.066,.073,.995);es="Linear";ed="In";};["000-offset.006"]={cf=cfr(0,0,0,.862,-.495,-.107,.267,.266,.926,-.43,-.827,.362);es="Linear";ed="In";};["000-offset.003"]={cf=cfr(0,0,0,.892,-.442,.093,.28,.379,-.882,.355,.813,.462);es="Linear";ed="In";};["000-offset.007"]={cf=cfr(0,0,0,.919,-.395,0,.395,.919,0,0,0,1);es="Linear";ed="In";};["000-offset.004"]={cf=cfr(0,0,0,.989,-.147,0,.147,.989,0,0,0,1);es="Linear";ed="In";};["000-offset.005"]={cf=cfr(0,0,0,.744,-.652,-.144,.585,.74,-.331,.323,.162,.933);es="Linear";ed="In";};};{tm=.333;["root"]={cf=cfr(0,1.903,.493,0,0,1,0,1,0,-1,0,0);es="Linear";ed="In";};["000-offset"]={cf=cfr(0,0,0,-.085,.996,0,-.996,-.085,0,0,0,1);es="Linear";ed="In";};["000-offset.009"]={cf=cfr(0,0,0,-.023,-.991,.133,.992,-.039,-.117,.121,.129,.984);es="Linear";ed="In";};["000-offset.012"]={cf=cfr(0,0,0,-.723,-.691,-.015,.69,-.723,.04,-.039,.019,.999);es="Linear";ed="In";};["000-offset.001"]={cf=cfr(0,0,0,.929,-.367,.038,.367,.93,0,-.035,.014,.999);es="Linear";ed="In";};["000-offset.010"]={cf=cfr(0,0,0,.018,1,0,-1,.018,0,0,0,1);es="Linear";ed="In";};["000-offset.013"]={cf=cfr(0,0,0,-.49,.872,0,-.872,-.49,0,0,0,1);es="Linear";ed="In";};["000-offset.002"]={cf=cfr(0,0,0,.972,-.222,-.08,.221,.975,-.031,.085,.013,.996);es="Linear";ed="In";};["000-offset.011"]={cf=cfr(0,0,0,.192,-.975,.109,.98,.196,.023,-.044,.102,.994);es="Linear";ed="In";};["000-offset.014"]={cf=cfr(0,0,0,.053,-.996,.072,.997,.048,-.066,.063,.075,.995);es="Linear";ed="In";};["000-offset.006"]={cf=cfr(0,0,0,.812,-.557,-.174,.369,.259,.893,-.453,-.789,.416);es="Linear";ed="In";};["000-offset.003"]={cf=cfr(0,0,0,.837,-.506,.205,.409,.332,-.85,.362,.796,.485);es="Linear";ed="In";};["000-offset.007"]={cf=cfr(0,0,0,.901,-.433,0,.433,.901,0,0,0,1);es="Linear";ed="In";};["000-offset.004"]={cf=cfr(0,0,0,.984,-.179,0,.179,.984,0,0,0,1);es="Linear";ed="In";};["000-offset.005"]={cf=cfr(0,0,0,.744,-.651,-.149,.585,.743,-.325,.322,.155,.934);es="Linear";ed="In";};};{tm=.375;["root"]={cf=cfr(0,1.819,.493,0,0,1,0,1,0,-1,0,0);es="Linear";ed="In";};["000-offset"]={cf=cfr(0,0,0,-.071,.998,0,-.998,-.071,0,0,0,1);es="Linear";ed="In";};["000-offset.009"]={cf=cfr(0,0,0,-.443,-.889,.114,.887,-.454,-.089,.131,.062,.989);es="Linear";ed="In";};["000-offset.012"]={cf=cfr(0,0,0,-.812,-.584,-.014,.583,-.811,.042,-.036,.025,.999);es="Linear";ed="In";};["000-offset.001"]={cf=cfr(0,0,0,.986,-.166,.034,.166,.986,.001,-.033,.005,.999);es="Linear";ed="In";};["000-offset.010"]={cf=cfr(0,0,0,-.356,.934,0,-.934,-.356,0,0,0,1);es="Linear";ed="In";};["000-offset.013"]={cf=cfr(0,0,0,-.594,.804,0,-.804,-.594,0,0,0,1);es="Linear";ed="In";};["000-offset.002"]={cf=cfr(0,0,0,.965,-.248,-.08,.246,.969,-.031,.085,.01,.996);es="Linear";ed="In";};["000-offset.011"]={cf=cfr(0,0,0,.199,-.974,.11,.979,.203,.023,-.045,.104,.994);es="Linear";ed="In";};["000-offset.014"]={cf=cfr(0,0,0,.214,-.974,.073,.976,.21,-.065,.048,.086,.995);es="Linear";ed="In";};["000-offset.003"]={cf=cfr(0,0,0,.667,-.603,.438,.634,.151,-.758,.391,.784,.483);es="Linear";ed="In";};["000-offset.006"]={cf=cfr(0,0,0,.68,-.679,-.277,.53,.193,.826,-.508,-.708,.49);es="Linear";ed="In";};["000-offset.004"]={cf=cfr(0,0,0,.964,-.264,0,.264,.964,0,0,0,1);es="Linear";ed="In";};["000-offset.007"]={cf=cfr(0,0,0,.852,-.523,0,.523,.852,0,0,0,1);es="Linear";ed="In";};};{tm=.417;["root"]={cf=cfr(0,1.748,.493,0,0,1,0,1,0,-1,0,0);es="Linear";ed="In";};["000-offset"]={cf=cfr(0,0,0,-.048,.999,0,-.999,-.048,0,0,0,1);es="Linear";ed="In";};["000-offset.009"]={cf=cfr(0,0,0,-.807,-.58,.108,.573,-.814,-.094,.142,-.014,.99);es="Linear";ed="In";};["000-offset.012"]={cf=cfr(0,0,0,-.875,-.483,-.014,.482,-.875,.044,-.034,.031,.999);es="Linear";ed="In";};["000-offset.001"]={cf=cfr(0,0,0,.988,.152,.032,-.152,.988,.004,-.031,-.009,.999);es="Linear";ed="In";};["000-offset.010"]={cf=cfr(0,0,0,-.582,.814,0,-.814,-.582,0,0,0,1);es="Linear";ed="In";};["000-offset.013"]={cf=cfr(0,0,0,-.594,.804,0,-.804,-.594,0,0,0,1);es="Linear";ed="In";};["000-offset.002"]={cf=cfr(0,0,0,.955,-.287,-.08,.285,.958,-.031,.085,.007,.996);es="Linear";ed="In";};["000-offset.011"]={cf=cfr(0,0,0,.205,-.972,.112,.978,.209,.023,-.046,.104,.993);es="Linear";ed="In";};["000-offset.014"]={cf=cfr(0,0,0,.35,-.934,.076,.936,.345,-.067,.036,.095,.995);es="Linear";ed="In";};["000-offset.003"]={cf=cfr(0,0,0,.3,-.623,.723,.849,-.17,-.5,.434,.764,.478);es="Linear";ed="In";};["000-offset.006"]={cf=cfr(0,0,0,.42,-.822,-.384,.691,.016,.723,-.588,-.569,.575);es="Linear";ed="In";};["000-offset.004"]={cf=cfr(0,0,0,.92,-.391,0,.391,.92,0,0,0,1);es="Linear";ed="In";};["000-offset.007"]={cf=cfr(0,0,0,.759,-.651,0,.651,.759,0,0,0,1);es="Linear";ed="In";};};{tm=.458;["root"]={cf=cfr(0,1.678,.493,0,0,1,0,1,0,-1,0,0);es="Linear";ed="In";};["000-offset"]={cf=cfr(0,0,0,-.024,1,0,-1,-.024,0,0,0,1);es="Linear";ed="In";};["000-offset.009"]={cf=cfr(0,0,0,-.898,-.426,.115,.415,-.904,-.104,.148,-.046,.988);es="Linear";ed="In";};["000-offset.012"]={cf=cfr(0,0,0,-.91,-.415,-.014,.414,-.909,.046,-.032,.037,.999);es="Linear";ed="In";};["000-offset.001"]={cf=cfr(0,0,0,.887,.461,.035,-.462,.887,.005,-.029,-.021,.999);es="Linear";ed="In";};["000-offset.010"]={cf=cfr(0,0,0,-.281,.96,0,-.96,-.281,0,0,0,1);es="Linear";ed="In";};["000-offset.013"]={cf=cfr(0,0,0,-.272,.962,0,-.962,-.272,0,0,0,1);es="Linear";ed="In";};["000-offset.002"]={cf=cfr(0,0,0,.943,-.322,-.08,.32,.947,-.031,.086,.004,.996);es="Linear";ed="In";};["000-offset.011"]={cf=cfr(0,0,0,.212,-.971,.113,.976,.215,.023,-.046,.106,.993);es="Linear";ed="In";};["000-offset.014"]={cf=cfr(0,0,0,.317,-.945,.078,.948,.313,-.067,.039,.096,.995);es="Linear";ed="In";};["000-offset.003"]={cf=cfr(0,0,0,-.081,-.497,.864,.877,-.447,-.175,.473,.744,.472);es="Linear";ed="In";};["000-offset.006"]={cf=cfr(0,0,0,.16,-.881,-.445,.737,-.194,.648,-.657,-.432,.618);es="Linear";ed="In";};["000-offset.004"]={cf=cfr(0,0,0,.865,-.502,0,.502,.865,0,0,0,1);es="Linear";ed="In";};["000-offset.007"]={cf=cfr(0,0,0,.657,-.754,0,.754,.657,0,0,0,1);es="Linear";ed="In";};};{tm=.5;["root"]={cf=cfr(0,1.593,.493,0,0,1,0,1,0,-1,0,0);es="Linear";ed="In";};["000-offset"]={cf=cfr(0,0,0,-.005,1,0,-1,-.005,0,0,0,1);es="Linear";ed="In";};["000-offset.009"]={cf=cfr(0,0,0,-.938,-.325,.124,.312,-.943,-.114,.154,-.069,.986);es="Linear";ed="In";};["000-offset.012"]={cf=cfr(0,0,0,-.924,-.381,-.012,.38,-.923,.05,-.03,.041,.999);es="Linear";ed="In";};["000-offset.001"]={cf=cfr(0,0,0,.755,.654,.037,-.655,.756,0,-.028,-.025,.999);es="Linear";ed="In";};["000-offset.010"]={cf=cfr(0,0,0,.246,.969,0,-.969,.246,0,0,0,1);es="Linear";ed="In";};["000-offset.013"]={cf=cfr(0,0,0,.218,.976,0,-.976,.218,0,0,0,1);es="Linear";ed="In";};["000-offset.002"]={cf=cfr(0,0,0,.938,-.337,-.08,.336,.941,-.031,.086,.002,.996);es="Linear";ed="In";};["000-offset.011"]={cf=cfr(0,0,0,.222,-.968,.115,.974,.226,.022,-.048,.107,.993);es="Linear";ed="In";};["000-offset.014"]={cf=cfr(0,0,0,.237,-.968,.081,.97,.232,-.068,.047,.095,.994);es="Linear";ed="In";};["000-offset.006"]={cf=cfr(0,0,0,.05,-.882,-.469,.726,-.29,.623,-.686,-.371,.626);es="Linear";ed="In";};["000-offset.003"]={cf=cfr(0,0,0,-.242,-.402,.883,.837,-.546,-.019,.49,.735,.469);es="Linear";ed="In";};["000-offset.007"]={cf=cfr(0,0,0,.608,-.794,0,.794,.608,0,0,0,1);es="Linear";ed="In";};["000-offset.004"]={cf=cfr(0,0,0,.836,-.548,0,.548,.836,0,0,0,1);es="Linear";ed="In";};["000-offset.008"]={cf=cfr(0,0,0,.891,-.401,.215,.143,.695,.704,-.432,-.597,.677);es="Linear";ed="In";};["000-offset.005"]={cf=cfr(0,0,0,.744,-.651,-.149,.585,.743,-.325,.322,.155,.934);es="Linear";ed="In";};};{tm=.542;["root"]={cf=cfr(0,1.523,.493,0,0,1,0,1,0,-1,0,0);es="Linear";ed="In";};["000-offset"]={cf=cfr(0,0,0,.008,1,0,-1,.008,0,0,0,1);es="Linear";ed="In";};["000-offset.009"]={cf=cfr(0,0,0,-.959,-.25,.131,.236,-.964,-.12,.156,-.084,.984);es="Linear";ed="In";};["000-offset.012"]={cf=cfr(0,0,0,-.935,-.353,-.013,.352,-.934,.052,-.03,.044,.999);es="Linear";ed="In";};["000-offset.001"]={cf=cfr(0,0,0,.651,.758,.034,-.758,.652,-.008,-.028,-.021,.999);es="Linear";ed="In";};["000-offset.010"]={cf=cfr(0,0,0,.679,.734,0,-.734,.679,0,0,0,1);es="Linear";ed="In";};["000-offset.013"]={cf=cfr(0,0,0,.618,.786,0,-.786,.618,0,0,0,1);es="Linear";ed="In";};["000-offset.002"]={cf=cfr(0,0,0,.938,-.338,-.077,.337,.941,-.028,.082,0,.997);es="Linear";ed="In";};["000-offset.011"]={cf=cfr(0,0,0,.22,-.969,.115,.974,.224,.022,-.047,.107,.993);es="Linear";ed="In";};["000-offset.014"]={cf=cfr(0,0,0,.139,-.987,.081,.989,.134,-.067,.055,.089,.994);es="Linear";ed="In";};["000-offset.006"]={cf=cfr(0,0,0,-.496,-.784,-.373,.569,-.618,.542,-.656,.057,.753);es="Linear";ed="In";};["000-offset.003"]={cf=cfr(0,0,0,-.683,-.499,.534,.42,-.866,-.273,.598,.038,.8);es="Linear";ed="In";};["000-offset.007"]={cf=cfr(0,0,0,.61,-.793,0,.793,.61,0,0,0,1);es="Linear";ed="In";};["000-offset.004"]={cf=cfr(0,0,0,.824,-.567,0,.567,.824,0,0,0,1);es="Linear";ed="In";};["000-offset.008"]={cf=cfr(0,0,0,.895,-.396,.207,.139,.687,.714,-.425,-.61,.669);es="Linear";ed="In";};["000-offset.005"]={cf=cfr(0,0,0,.754,-.641,-.142,.563,.743,-.361,.337,.193,.922);es="Linear";ed="In";};};{tm=.583;["RootNode"]={cf=cfr(0,0,0,-1,0,0,0,1,0,0,0,-1);es="Linear";ed="In";};["root"]={cf=cfr(0,1.452,.493,0,0,1,0,1,0,-1,0,0);es="Linear";ed="In";};["000-offset"]={cf=cfr(0,0,0,.019,1,0,-1,.019,0,0,0,1);es="Linear";ed="In";};["004-offset.001"]={cf=cfr(0,0,0,-.015,-1,0,1,-.015,0,0,0,1);es="Linear";ed="In";};["006-offset"]={cf=cfr(0,0,0,-.015,-1,0,1,-.015,0,0,0,1);es="Linear";ed="In";};["000-offset.009"]={cf=cfr(0,0,0,-.977,-.165,.133,.15,-.982,-.117,.15,-.095,.984);es="Linear";ed="In";};["000-offset.012"]={cf=cfr(0,0,0,-.954,-.3,-.019,.298,-.953,.053,-.034,.045,.998);es="Linear";ed="In";};["000-offset.001"]={cf=cfr(0,0,0,.545,.838,.027,-.838,.545,-.017,-.029,-.014,.999);es="Linear";ed="In";};["000-offset.010"]={cf=cfr(0,0,0,.829,.559,0,-.559,.829,0,0,0,1);es="Linear";ed="In";};["000-offset.013"]={cf=cfr(0,0,0,.77,.638,0,-.638,.77,0,0,0,1);es="Linear";ed="In";};["004-offset"]={cf=cfr(0,0,0,.035,-.999,0,.999,.035,0,0,0,1);es="Linear";ed="In";};["002-offset"]={cf=cfr(0,0,0,.035,-.999,0,.999,.035,0,0,0,1);es="Linear";ed="In";};["000-offset.002"]={cf=cfr(0,0,0,.938,-.34,-.071,.34,.94,-.02,.073,-.005,.997);es="Linear";ed="In";};["000-offset.011"]={cf=cfr(0,0,0,.192,-.975,.109,.98,.196,.023,-.044,.102,.994);es="Linear";ed="In";};["000-offset.014"]={cf=cfr(0,0,0,.053,-.996,.072,.997,.048,-.066,.063,.075,.995);es="Linear";ed="In";};["000-offset.006"]={cf=cfr(0,0,0,-.711,-.382,-.59,-.158,-.731,.664,-.685,.566,.459);es="Linear";ed="In";};["000-offset.003"]={cf=cfr(0,0,0,-.692,-.447,.567,-.103,-.716,-.69,.714,-.536,.45);es="Linear";ed="In";};["000-offset.007"]={cf=cfr(0,0,0,.616,-.788,0,.788,.616,0,0,0,1);es="Linear";ed="In";};["000-offset.004"]={cf=cfr(0,0,0,.788,-.615,0,.615,.788,0,0,0,1);es="Linear";ed="In";};["000-offset.008"]={cf=cfr(0,0,0,.905,-.383,.186,.129,.662,.738,-.406,-.644,.649);es="Linear";ed="In";};["000-offset.005"]={cf=cfr(0,0,0,.777,-.616,-.13,.504,.733,-.457,.376,.29,.88);es="Linear";ed="In";};};{tm=1;["RootNode"]={cf=cfr(0,0,0,-1,0,0,0,1,0,0,0,-1);es="Linear";ed="In";};["root"]={cf=cfr(0,1.452,.493,0,0,1,0,1,0,-1,0,0);es="Linear";ed="In";};["000-offset"]={cf=cfr(0,0,0,.019,1,0,-1,.019,0,0,0,1);es="Linear";ed="In";};["004-offset.001"]={cf=cfr(0,0,0,-.015,-1,0,1,-.015,0,0,0,1);es="Linear";ed="In";};["006-offset"]={cf=cfr(0,0,0,-.015,-1,0,1,-.015,0,0,0,1);es="Linear";ed="In";};["000-offset.009"]={cf=cfr(0,0,0,-.977,-.165,.133,.15,-.982,-.117,.15,-.095,.984);es="Linear";ed="In";};["000-offset.012"]={cf=cfr(0,0,0,-.954,-.3,-.019,.298,-.953,.053,-.034,.045,.998);es="Linear";ed="In";};["000-offset.001"]={cf=cfr(0,0,0,.545,.838,.027,-.838,.545,-.017,-.029,-.014,.999);es="Linear";ed="In";};["000-offset.010"]={cf=cfr(0,0,0,.829,.559,0,-.559,.829,0,0,0,1);es="Linear";ed="In";};["000-offset.013"]={cf=cfr(0,0,0,.77,.638,0,-.638,.77,0,0,0,1);es="Linear";ed="In";};["004-offset"]={cf=cfr(0,0,0,.035,-.999,0,.999,.035,0,0,0,1);es="Linear";ed="In";};["002-offset"]={cf=cfr(0,0,0,.035,-.999,0,.999,.035,0,0,0,1);es="Linear";ed="In";};["000-offset.002"]={cf=cfr(0,0,0,.938,-.34,-.071,.34,.94,-.02,.073,-.005,.997);es="Linear";ed="In";};["000-offset.011"]={cf=cfr(0,0,0,.192,-.975,.109,.98,.196,.023,-.044,.102,.994);es="Linear";ed="In";};["000-offset.014"]={cf=cfr(0,0,0,.053,-.996,.072,.997,.048,-.066,.063,.075,.995);es="Linear";ed="In";};["000-offset.006"]={cf=cfr(0,0,0,-.711,-.382,-.59,-.158,-.731,.664,-.685,.566,.459);es="Linear";ed="In";};["000-offset.003"]={cf=cfr(0,0,0,-.692,-.447,.567,-.103,-.716,-.69,.714,-.536,.45);es="Linear";ed="In";};["000-offset.007"]={cf=cfr(0,0,0,.616,-.788,0,.788,.616,0,0,0,1);es="Linear";ed="In";};["000-offset.004"]={cf=cfr(0,0,0,.788,-.615,0,.615,.788,0,0,0,1);es="Linear";ed="In";};["000-offset.008"]={cf=cfr(0,0,0,.905,-.383,.186,.129,.662,.738,-.406,-.644,.649);es="Linear";ed="In";};["000-offset.005"]={cf=cfr(0,0,0,.777,-.616,-.13,.504,.733,-.457,.376,.29,.88);es="Linear";ed="In";};};}