local cfr = CFrame.new

return {{tm=0;["LeftUpperArm"]={cf=cfr(0,-.079,-.169,.74,.038,-.671,-.663,-.124,-.738,-.111,.992,-.066);es="Sine";ed="In";};["Head"]={cf=cfr(0,0,0,1,.004,.007,-.005,.996,.087,-.007,-.087,.996);es="Sine";ed="In";};["RightUpperArm"]={cf=cfr(0,-.079,-.169,.633,.055,.772,.772,-.122,-.624,.06,.991,-.12);es="Sine";ed="In";};["LeftUpperLeg"]={cf=cfr(0,0,0,.514,.477,.713,-.252,.878,-.406,-.82,.029,.572);es="Sine";ed="In";};["RightUpperLeg"]={cf=cfr(0,0,0,.996,-.086,.015,.087,.981,-.173,0,.174,.985);es="Sine";ed="In";};["UpperTorso"]={cf=cfr(0,0,0,.996,-.079,.037,.084,.981,-.172,-.023,.175,.984);es="Sine";ed="In";};["LeftLowerArm"]={cf=cfr(0,0,0,1,0,0,0,.966,-.259,0,.259,.966);es="Sine";ed="In";};["LeftFoot"]={cf=cfr(0,0,0,1,0,0,0,1,0,0,0,1);es="Sine";ed="In";};["LeftLowerLeg"]={cf=cfr(0,0,0,1,0,0,0,.5,.866,0,-.866,.5);es="Sine";ed="In";};["RightLowerArm"]={cf=cfr(.001,0,0,1,0,0,0,.966,-.259,0,.259,.966);es="Sine";ed="In";};["LowerTorso"]={cf=cfr(0,-6.15,1.294,.985,.168,-.045,-.174,.951,-.255,0,.259,.966);es="Sine";ed="In";};["RightFoot"]={cf=cfr(0,0,0,1,0,0,0,1,0,0,0,1);es="Sine";ed="In";};["RightLowerLeg"]={cf=cfr(0,0,0,1,0,0,0,.819,.574,0,-.574,.819);es="Sine";ed="In";};["LeftHand"]={cf=cfr(0,0,0,1,0,0,0,1,0,0,0,1);es="Sine";ed="In";};["RightHand"]={cf=cfr(.001,0,0,1,0,0,0,1,0,0,0,1);es="Sine";ed="In";};};{tm=.017;["RightUpperArm"]={cf=cfr(0,-.079,-.169,.632,.055,.773,.772,-.122,-.623,.06,.991,-.12);es="Linear";ed="In";};["Head"]={cf=cfr(0,0,0,1,.004,.007,-.005,.996,.087,-.007,-.087,.996);es="Linear";ed="In";};["LeftUpperArm"]={cf=cfr(0,-.079,-.169,.74,.038,-.671,-.663,-.124,-.738,-.111,.992,-.066);es="Linear";ed="In";};["UpperTorso"]={cf=cfr(0,0,0,.996,-.078,.037,.083,.982,-.172,-.022,.175,.984);es="Linear";ed="In";};["RightUpperLeg"]={cf=cfr(0,0,0,.996,-.086,.015,.087,.981,-.173,0,.174,.985);es="Linear";ed="In";};["LeftUpperLeg"]={cf=cfr(.001,0,.001,.522,.476,.708,-.251,.879,-.406,-.815,.034,.578);es="Linear";ed="In";};["LeftLowerArm"]={cf=cfr(0,0,0,1,0,0,0,.966,-.259,0,.259,.966);es="Linear";ed="In";};["LeftFoot"]={cf=cfr(0,0,0,1,0,0,0,1,0,0,0,1);es="Linear";ed="In";};["LeftLowerLeg"]={cf=cfr(0,0,0,1,0,0,0,.5,.866,0,-.866,.5);es="Linear";ed="In";};["RightLowerArm"]={cf=cfr(.001,0,0,1,0,0,0,.966,-.259,0,.259,.966);es="Linear";ed="In";};["LowerTorso"]={cf=cfr(0,-6.151,1.294,.985,.166,-.045,-.172,.952,-.255,0,.259,.966);es="Linear";ed="In";};["RightFoot"]={cf=cfr(0,0,0,1,0,0,0,1,0,0,0,1);es="Linear";ed="In";};["RightLowerLeg"]={cf=cfr(0,0,0,1,0,0,0,.819,.574,0,-.574,.819);es="Linear";ed="In";};["LeftHand"]={cf=cfr(0,0,0,1,0,0,0,1,0,0,0,1);es="Linear";ed="In";};["RightHand"]={cf=cfr(.001,0,0,1,0,0,0,1,0,0,0,1);es="Linear";ed="In";};};{tm=.033;["RightUpperArm"]={cf=cfr(0,-.079,-.169,.631,.056,.774,.774,-.122,-.622,.06,.991,-.121);es="Linear";ed="In";};["Head"]={cf=cfr(0,0,0,1,.004,.007,-.005,.996,.087,-.007,-.087,.996);es="Linear";ed="In";};["LeftUpperArm"]={cf=cfr(0,-.079,-.169,.74,.038,-.671,-.663,-.124,-.738,-.111,.992,-.066);es="Linear";ed="In";};["UpperTorso"]={cf=cfr(0,0,0,.996,-.076,.036,.081,.982,-.172,-.022,.174,.984);es="Linear";ed="In";};["RightUpperLeg"]={cf=cfr(0,0,0,.996,-.086,.015,.087,.981,-.173,0,.174,.985);es="Linear";ed="In";};["LeftUpperLeg"]={cf=cfr(.004,.001,.003,.543,.471,.695,-.247,.881,-.404,-.802,.048,.595);es="Linear";ed="In";};["LeftLowerArm"]={cf=cfr(0,0,0,1,0,0,0,.966,-.259,0,.259,.966);es="Linear";ed="In";};["LeftFoot"]={cf=cfr(0,0,0,1,0,0,0,1,0,0,0,1);es="Linear";ed="In";};["LeftLowerLeg"]={cf=cfr(0,0,0,1,0,0,0,.5,.866,0,-.866,.5);es="Linear";ed="In";};["RightLowerArm"]={cf=cfr(.001,0,0,1,0,0,0,.966,-.259,0,.259,.966);es="Linear";ed="In";};["LowerTorso"]={cf=cfr(0,-6.157,1.294,.986,.162,-.043,-.168,.952,-.255,0,.259,.966);es="Linear";ed="In";};["RightFoot"]={cf=cfr(0,0,0,1,0,0,0,1,0,0,0,1);es="Linear";ed="In";};["RightLowerLeg"]={cf=cfr(0,0,0,1,0,0,0,.819,.574,0,-.574,.819);es="Linear";ed="In";};["LeftHand"]={cf=cfr(0,0,0,1,0,0,0,1,0,0,0,1);es="Linear";ed="In";};["RightHand"]={cf=cfr(.001,0,0,1,0,0,0,1,0,0,0,1);es="Linear";ed="In";};};{tm=.05;["RightUpperArm"]={cf=cfr(0,-.079,-.169,.628,.058,.776,.776,-.122,-.619,.059,.991,-.122);es="Linear";ed="In";};["Head"]={cf=cfr(0,0,0,1,.004,.007,-.005,.996,.087,-.007,-.087,.996);es="Linear";ed="In";};["LeftUpperArm"]={cf=cfr(0,-.079,-.169,.74,.038,-.671,-.663,-.124,-.738,-.111,.992,-.066);es="Linear";ed="In";};["UpperTorso"]={cf=cfr(0,0,0,.997,-.073,.034,.078,.982,-.172,-.021,.174,.984);es="Linear";ed="In";};["RightUpperLeg"]={cf=cfr(0,0,0,.996,-.086,.015,.087,.981,-.173,0,.174,.985);es="Linear";ed="In";};["LeftUpperLeg"]={cf=cfr(.008,.002,.006,.579,.463,.671,-.24,.883,-.402,-.779,.071,.622);es="Linear";ed="In";};["LeftLowerArm"]={cf=cfr(0,0,0,1,0,0,0,.966,-.259,0,.259,.966);es="Linear";ed="In";};["LeftFoot"]={cf=cfr(0,0,0,1,0,0,0,1,0,0,0,1);es="Linear";ed="In";};["LeftLowerLeg"]={cf=cfr(0,0,0,1,0,0,0,.5,.866,0,-.866,.5);es="Linear";ed="In";};["RightLowerArm"]={cf=cfr(.001,0,0,1,0,0,0,.966,-.259,0,.259,.966);es="Linear";ed="In";};["LowerTorso"]={cf=cfr(0,-6.165,1.294,.987,.155,-.042,-.161,.953,-.255,0,.259,.966);es="Linear";ed="In";};["RightFoot"]={cf=cfr(0,0,0,1,0,0,0,1,0,0,0,1);es="Linear";ed="In";};["RightLowerLeg"]={cf=cfr(0,0,0,1,0,0,0,.819,.574,0,-.574,.819);es="Linear";ed="In";};["LeftHand"]={cf=cfr(0,0,0,1,0,0,0,1,0,0,0,1);es="Linear";ed="In";};["RightHand"]={cf=cfr(.001,0,0,1,0,0,0,1,0,0,0,1);es="Linear";ed="In";};};{tm=.067;["RightUpperArm"]={cf=cfr(0,-.079,-.169,.625,.061,.778,.779,-.122,-.616,.057,.991,-.123);es="Linear";ed="In";};["Head"]={cf=cfr(0,0,0,1,.004,.007,-.005,.996,.087,-.007,-.087,.996);es="Linear";ed="In";};["LeftUpperArm"]={cf=cfr(0,-.079,-.169,.74,.038,-.671,-.663,-.124,-.738,-.111,.992,-.066);es="Linear";ed="In";};["UpperTorso"]={cf=cfr(0,0,0,.997,-.068,.032,.073,.982,-.172,-.02,.174,.984);es="Linear";ed="In";};["RightUpperLeg"]={cf=cfr(0,0,0,.996,-.086,.015,.087,.981,-.173,0,.174,.985);es="Linear";ed="In";};["LeftUpperLeg"]={cf=cfr(.013,.003,.01,.625,.45,.637,-.231,.887,-.4,-.745,.102,.659);es="Linear";ed="In";};["LeftLowerArm"]={cf=cfr(0,0,0,1,0,0,0,.966,-.259,0,.259,.966);es="Linear";ed="In";};["LeftFoot"]={cf=cfr(0,0,0,1,0,0,0,1,0,0,0,1);es="Linear";ed="In";};["LeftLowerLeg"]={cf=cfr(0,0,0,1,0,0,0,.5,.866,0,-.866,.5);es="Linear";ed="In";};["RightLowerArm"]={cf=cfr(.001,0,0,1,0,0,0,.966,-.259,0,.259,.966);es="Linear";ed="In";};["LowerTorso"]={cf=cfr(0,-6.177,1.294,.989,.145,-.039,-.151,.955,-.256,0,.259,.966);es="Linear";ed="In";};["RightFoot"]={cf=cfr(0,0,0,1,0,0,0,1,0,0,0,1);es="Linear";ed="In";};["RightLowerLeg"]={cf=cfr(0,0,0,1,0,0,0,.819,.574,0,-.574,.819);es="Linear";ed="In";};["LeftHand"]={cf=cfr(0,0,0,1,0,0,0,1,0,0,0,1);es="Linear";ed="In";};["RightHand"]={cf=cfr(.001,0,0,1,0,0,0,1,0,0,0,1);es="Linear";ed="In";};};{tm=.083;["RightUpperArm"]={cf=cfr(0,-.079,-.169,.621,.064,.782,.782,-.121,-.611,.056,.991,-.126);es="Linear";ed="In";};["Head"]={cf=cfr(0,0,0,1,.004,.007,-.005,.996,.087,-.007,-.087,.996);es="Linear";ed="In";};["LeftUpperArm"]={cf=cfr(0,-.079,-.169,.74,.038,-.671,-.663,-.124,-.738,-.111,.992,-.066);es="Linear";ed="In";};["UpperTorso"]={cf=cfr(0,-.001,0,.998,-.063,.029,.067,.983,-.173,-.018,.174,.985);es="Linear";ed="In";};["RightUpperLeg"]={cf=cfr(0,0,0,.996,-.086,.015,.087,.981,-.173,0,.174,.985);es="Linear";ed="In";};["LeftUpperLeg"]={cf=cfr(.019,.004,.015,.681,.432,.592,-.22,.891,-.397,-.699,.14,.701);es="Linear";ed="In";};["LeftLowerArm"]={cf=cfr(0,0,0,1,0,0,0,.966,-.259,0,.259,.966);es="Linear";ed="In";};["LeftFoot"]={cf=cfr(0,0,0,1,0,0,0,1,0,0,0,1);es="Linear";ed="In";};["LeftLowerLeg"]={cf=cfr(0,0,0,1,0,0,0,.5,.866,0,-.866,.5);es="Linear";ed="In";};["RightLowerArm"]={cf=cfr(.001,0,0,1,0,0,0,.966,-.259,0,.259,.966);es="Linear";ed="In";};["LowerTorso"]={cf=cfr(0,-6.192,1.294,.99,.133,-.036,-.138,.957,-.256,0,.259,.966);es="Linear";ed="In";};["RightFoot"]={cf=cfr(0,0,0,1,0,0,0,1,0,0,0,1);es="Linear";ed="In";};["RightLowerLeg"]={cf=cfr(0,0,0,1,0,0,0,.819,.574,0,-.574,.819);es="Linear";ed="In";};["LeftHand"]={cf=cfr(0,0,0,1,0,0,0,1,0,0,0,1);es="Linear";ed="In";};["RightHand"]={cf=cfr(.001,0,0,1,0,0,0,1,0,0,0,1);es="Linear";ed="In";};};{tm=.1;["RightUpperArm"]={cf=cfr(0,-.08,-.169,.615,.068,.785,.786,-.121,-.606,.054,.99,-.128);es="Linear";ed="In";};["Head"]={cf=cfr(0,0,0,1,.004,.007,-.005,.996,.087,-.007,-.087,.996);es="Linear";ed="In";};["LeftUpperArm"]={cf=cfr(0,-.079,-.169,.74,.038,-.671,-.663,-.124,-.738,-.111,.992,-.066);es="Linear";ed="In";};["UpperTorso"]={cf=cfr(0,-.001,0,.998,-.056,.026,.06,.983,-.173,-.016,.174,.985);es="Linear";ed="In";};["RightUpperLeg"]={cf=cfr(0,0,0,.996,-.086,.015,.087,.981,-.173,0,.174,.985);es="Linear";ed="In";};["LeftUpperLeg"]={cf=cfr(.023,.005,.02,.742,.406,.534,-.205,.895,-.395,-.639,.184,.747);es="Linear";ed="In";};["LeftLowerArm"]={cf=cfr(0,0,0,1,0,0,0,.966,-.259,0,.259,.966);es="Linear";ed="In";};["LeftFoot"]={cf=cfr(0,0,0,1,0,0,0,1,0,0,0,1);es="Linear";ed="In";};["LeftLowerLeg"]={cf=cfr(0,0,0,1,0,0,0,.5,.866,0,-.866,.5);es="Linear";ed="In";};["RightLowerArm"]={cf=cfr(.001,0,0,1,0,0,0,.966,-.259,0,.259,.966);es="Linear";ed="In";};["LowerTorso"]={cf=cfr(0,-6.209,1.294,.992,.119,-.032,-.123,.959,-.257,0,.259,.966);es="Linear";ed="In";};["RightFoot"]={cf=cfr(0,0,0,1,0,0,0,1,0,0,0,1);es="Linear";ed="In";};["RightLowerLeg"]={cf=cfr(0,0,0,1,0,0,0,.819,.574,0,-.574,.819);es="Linear";ed="In";};["LeftHand"]={cf=cfr(0,0,0,1,0,0,0,1,0,0,0,1);es="Linear";ed="In";};["RightHand"]={cf=cfr(.001,0,0,1,0,0,0,1,0,0,0,1);es="Linear";ed="In";};};{tm=.117;["RightUpperArm"]={cf=cfr(0,-.08,-.169,.609,.073,.789,.791,-.12,-.6,.051,.99,-.131);es="Linear";ed="In";};["Head"]={cf=cfr(0,0,0,1,.004,.007,-.005,.996,.087,-.007,-.087,.996);es="Linear";ed="In";};["LeftUpperArm"]={cf=cfr(0,-.079,-.169,.74,.038,-.671,-.663,-.124,-.738,-.111,.992,-.066);es="Linear";ed="In";};["UpperTorso"]={cf=cfr(0,-.001,0,.999,-.048,.022,.051,.984,-.173,-.014,.174,.985);es="Linear";ed="In";};["RightUpperLeg"]={cf=cfr(0,0,0,.996,-.086,.015,.087,.981,-.173,0,.174,.985);es="Linear";ed="In";};["LeftUpperLeg"]={cf=cfr(.026,.006,.024,.804,.372,.464,-.189,.899,-.395,-.564,.23,.793);es="Linear";ed="In";};["LeftLowerArm"]={cf=cfr(0,0,0,1,0,0,0,.966,-.259,0,.259,.966);es="Linear";ed="In";};["LeftFoot"]={cf=cfr(0,0,0,1,0,0,0,1,0,0,0,1);es="Linear";ed="In";};["LeftLowerLeg"]={cf=cfr(0,0,0,1,0,0,0,.5,.866,0,-.866,.5);es="Linear";ed="In";};["RightLowerArm"]={cf=cfr(.001,0,0,1,0,0,0,.966,-.259,0,.259,.966);es="Linear";ed="In";};["LowerTorso"]={cf=cfr(0,-6.229,1.294,.994,.102,-.027,-.106,.96,-.257,0,.259,.966);es="Linear";ed="In";};["RightFoot"]={cf=cfr(0,0,0,1,0,0,0,1,0,0,0,1);es="Linear";ed="In";};["RightLowerLeg"]={cf=cfr(0,0,0,1,0,0,0,.819,.574,0,-.574,.819);es="Linear";ed="In";};["LeftHand"]={cf=cfr(0,0,0,1,0,0,0,1,0,0,0,1);es="Linear";ed="In";};["RightHand"]={cf=cfr(.001,0,0,1,0,0,0,1,0,0,0,1);es="Linear";ed="In";};};{tm=.133;["RightUpperArm"]={cf=cfr(0,-.08,-.169,.603,.078,.794,.796,-.12,-.593,.049,.99,-.134);es="Linear";ed="In";};["Head"]={cf=cfr(0,0,0,1,.004,.007,-.005,.996,.087,-.007,-.087,.996);es="Linear";ed="In";};["LeftUpperArm"]={cf=cfr(0,-.079,-.169,.74,.038,-.671,-.663,-.124,-.738,-.111,.992,-.066);es="Linear";ed="In";};["UpperTorso"]={cf=cfr(0,-.001,0,.999,-.04,.018,.042,.984,-.173,-.011,.174,.985);es="Linear";ed="In";};["RightUpperLeg"]={cf=cfr(0,0,0,.996,-.086,.015,.087,.981,-.173,0,.174,.985);es="Linear";ed="In";};["LeftUpperLeg"]={cf=cfr(.026,.006,.026,.864,.329,.381,-.17,.903,-.395,-.474,.277,.836);es="Linear";ed="In";};["LeftLowerArm"]={cf=cfr(0,0,0,1,0,0,0,.966,-.259,0,.259,.966);es="Linear";ed="In";};["LeftFoot"]={cf=cfr(0,0,0,1,0,0,0,1,0,0,0,1);es="Linear";ed="In";};["LeftLowerLeg"]={cf=cfr(0,0,0,1,0,0,0,.5,.866,0,-.866,.5);es="Linear";ed="In";};["RightLowerArm"]={cf=cfr(.001,0,0,1,0,0,0,.966,-.259,0,.259,.966);es="Linear";ed="In";};["LowerTorso"]={cf=cfr(0,-6.251,1.294,.996,.084,-.023,-.087,.962,-.258,0,.259,.966);es="Linear";ed="In";};["RightFoot"]={cf=cfr(0,0,0,1,0,0,0,1,0,0,0,1);es="Linear";ed="In";};["RightLowerLeg"]={cf=cfr(0,0,0,1,0,0,0,.819,.574,0,-.574,.819);es="Linear";ed="In";};["LeftHand"]={cf=cfr(0,0,0,1,0,0,0,1,0,0,0,1);es="Linear";ed="In";};["RightHand"]={cf=cfr(.001,0,0,1,0,0,0,1,0,0,0,1);es="Linear";ed="In";};};{tm=.15;["RightUpperArm"]={cf=cfr(0,-.08,-.169,.596,.083,.799,.802,-.119,-.585,.046,.989,-.138);es="Linear";ed="In";};["Head"]={cf=cfr(0,0,0,1,.004,.007,-.005,.996,.087,-.007,-.087,.996);es="Linear";ed="In";};["LeftUpperArm"]={cf=cfr(0,-.079,-.169,.74,.038,-.671,-.663,-.124,-.738,-.111,.992,-.066);es="Linear";ed="In";};["UpperTorso"]={cf=cfr(0,-.001,0,.999,-.03,.014,.032,.984,-.173,-.009,.174,.985);es="Linear";ed="In";};["RightUpperLeg"]={cf=cfr(0,0,0,.996,-.086,.015,.087,.981,-.173,0,.174,.985);es="Linear";ed="In";};["LeftUpperLeg"]={cf=cfr(.023,.006,.025,.917,.278,.287,-.15,.905,-.398,-.37,.322,.871);es="Linear";ed="In";};["LeftLowerArm"]={cf=cfr(0,0,0,1,0,0,0,.966,-.259,0,.259,.966);es="Linear";ed="In";};["LeftFoot"]={cf=cfr(0,0,0,1,0,0,0,1,0,0,0,1);es="Linear";ed="In";};["LeftLowerLeg"]={cf=cfr(0,0,0,1,0,0,0,.5,.866,0,-.866,.5);es="Linear";ed="In";};["RightLowerArm"]={cf=cfr(.001,0,0,1,0,0,0,.966,-.259,0,.259,.966);es="Linear";ed="In";};["LowerTorso"]={cf=cfr(0,-6.274,1.294,.998,.064,-.017,-.067,.964,-.258,0,.259,.966);es="Linear";ed="In";};["RightFoot"]={cf=cfr(0,0,0,1,0,0,0,1,0,0,0,1);es="Linear";ed="In";};["RightLowerLeg"]={cf=cfr(0,0,0,1,0,0,0,.819,.574,0,-.574,.819);es="Linear";ed="In";};["LeftHand"]={cf=cfr(0,0,0,1,0,0,0,1,0,0,0,1);es="Linear";ed="In";};["RightHand"]={cf=cfr(.001,0,0,1,0,0,0,1,0,0,0,1);es="Linear";ed="In";};};{tm=.167;["RightUpperArm"]={cf=cfr(0,-.08,-.169,.588,.089,.804,.808,-.118,-.578,.044,.989,-.141);es="Linear";ed="In";};["Head"]={cf=cfr(0,0,0,1,.004,.007,-.005,.996,.087,-.007,-.087,.996);es="Linear";ed="In";};["LeftUpperArm"]={cf=cfr(0,-.079,-.169,.74,.038,-.671,-.663,-.124,-.738,-.111,.992,-.066);es="Linear";ed="In";};["UpperTorso"]={cf=cfr(0,-.001,0,1,-.02,.01,.022,.985,-.174,-.006,.174,.985);es="Linear";ed="In";};["RightUpperLeg"]={cf=cfr(0,0,0,.996,-.086,.015,.087,.981,-.173,0,.174,.985);es="Linear";ed="In";};["LeftUpperLeg"]={cf=cfr(.018,.005,.021,.959,.218,.184,-.129,.906,-.403,-.254,.363,.896);es="Linear";ed="In";};["LeftLowerArm"]={cf=cfr(0,0,0,1,0,0,0,.966,-.259,0,.259,.966);es="Linear";ed="In";};["LeftFoot"]={cf=cfr(0,0,0,1,0,0,0,1,0,0,0,1);es="Linear";ed="In";};["LeftLowerLeg"]={cf=cfr(0,0,0,1,0,0,0,.5,.866,0,-.866,.5);es="Linear";ed="In";};["RightLowerArm"]={cf=cfr(.001,0,0,1,0,0,0,.966,-.259,0,.259,.966);es="Linear";ed="In";};["LowerTorso"]={cf=cfr(0,-6.299,1.294,.999,.044,-.012,-.045,.965,-.259,0,.259,.966);es="Linear";ed="In";};["RightFoot"]={cf=cfr(0,0,0,1,0,0,0,1,0,0,0,1);es="Linear";ed="In";};["RightLowerLeg"]={cf=cfr(0,0,0,1,0,0,0,.819,.574,0,-.574,.819);es="Linear";ed="In";};["LeftHand"]={cf=cfr(0,0,0,1,0,0,0,1,0,0,0,1);es="Linear";ed="In";};["RightHand"]={cf=cfr(.001,0,0,1,0,0,0,1,0,0,0,1);es="Linear";ed="In";};};{tm=.183;["RightUpperArm"]={cf=cfr(0,-.079,-.169,.58,.095,.809,.814,-.117,-.569,.041,.989,-.145);es="Linear";ed="In";};["Head"]={cf=cfr(0,0,0,1,.004,.007,-.005,.996,.087,-.007,-.087,.996);es="Linear";ed="In";};["LeftUpperArm"]={cf=cfr(0,-.079,-.169,.74,.038,-.671,-.663,-.124,-.738,-.111,.992,-.066);es="Linear";ed="In";};["UpperTorso"]={cf=cfr(0,0,0,1,-.01,.005,.011,.985,-.174,-.003,.174,.985);es="Linear";ed="In";};["RightUpperLeg"]={cf=cfr(0,0,0,.996,-.086,.015,.087,.981,-.173,0,.174,.985);es="Linear";ed="In";};["LeftUpperLeg"]={cf=cfr(.01,.003,.013,.986,.151,.075,-.108,.905,-.411,-.13,.397,.909);es="Linear";ed="In";};["LeftLowerArm"]={cf=cfr(0,0,0,1,0,0,0,.966,-.259,0,.259,.966);es="Linear";ed="In";};["LeftFoot"]={cf=cfr(0,0,0,1,0,0,0,1,0,0,0,1);es="Linear";ed="In";};["LeftLowerLeg"]={cf=cfr(0,0,0,1,0,0,0,.5,.866,0,-.866,.5);es="Linear";ed="In";};["RightLowerArm"]={cf=cfr(.001,0,0,1,0,0,0,.966,-.259,0,.259,.966);es="Linear";ed="In";};["LowerTorso"]={cf=cfr(0,-6.324,1.294,1,.022,-.006,-.023,.966,-.259,0,.259,.966);es="Linear";ed="In";};["RightFoot"]={cf=cfr(0,0,0,1,0,0,0,1,0,0,0,1);es="Linear";ed="In";};["RightLowerLeg"]={cf=cfr(0,0,0,1,0,0,0,.819,.574,0,-.574,.819);es="Linear";ed="In";};["LeftHand"]={cf=cfr(0,0,0,1,0,0,0,1,0,0,0,1);es="Linear";ed="In";};["RightHand"]={cf=cfr(.001,0,0,1,0,0,0,1,0,0,0,1);es="Linear";ed="In";};};{tm=.2;["LeftUpperArm"]={cf=cfr(0,-.079,-.169,.74,.038,-.671,-.663,-.124,-.738,-.111,.992,-.066);es="Linear";ed="In";};["Head"]={cf=cfr(0,0,0,1,.004,.007,-.005,.996,.087,-.007,-.087,.996);es="Linear";ed="In";};["RightUpperArm"]={cf=cfr(0,-.079,-.169,.572,.101,.814,.82,-.116,-.561,.038,.988,-.149);es="Linear";ed="In";};["LeftUpperLeg"]={cf=cfr(0,0,0,.996,.079,-.037,-.087,.903,-.421,0,.423,.906);es="Linear";ed="In";};["RightUpperLeg"]={cf=cfr(0,0,0,.996,-.086,.015,.087,.981,-.173,0,.174,.985);es="Linear";ed="In";};["UpperTorso"]={cf=cfr(0,0,0,1,0,0,0,.985,-.174,0,.174,.985);es="Linear";ed="In";};["LeftLowerArm"]={cf=cfr(0,0,0,1,0,0,0,.966,-.259,0,.259,.966);es="Linear";ed="In";};["LeftFoot"]={cf=cfr(0,0,0,1,0,0,0,1,0,0,0,1);es="Linear";ed="In";};["LeftLowerLeg"]={cf=cfr(0,0,0,1,0,0,0,.5,.866,0,-.866,.5);es="Linear";ed="In";};["RightLowerArm"]={cf=cfr(.001,0,0,1,0,0,0,.966,-.259,0,.259,.966);es="Sine";ed="In";};["LowerTorso"]={cf=cfr(0,-6.35,1.294,1,0,0,0,.966,-.259,0,.259,.966);es="Linear";ed="In";};["RightFoot"]={cf=cfr(0,0,0,1,0,0,0,1,0,0,0,1);es="Linear";ed="In";};["RightLowerLeg"]={cf=cfr(0,0,0,1,0,0,0,.819,.574,0,-.574,.819);es="Linear";ed="In";};["LeftHand"]={cf=cfr(0,0,0,1,0,0,0,1,0,0,0,1);es="Linear";ed="In";};["RightHand"]={cf=cfr(.001,0,0,1,0,0,0,1,0,0,0,1);es="Linear";ed="In";};};{tm=.217;["RightLowerArm"]={cf=cfr(.001,0,0,1,0,0,0,.966,-.259,0,.259,.966);es="Linear";ed="In";};};{tm=.233;["RightLowerArm"]={cf=cfr(.001,0,0,1,0,0,0,.966,-.259,0,.259,.966);es="Linear";ed="In";};};{tm=.25;["RightLowerArm"]={cf=cfr(.001,0,0,1,0,0,0,.966,-.259,0,.259,.966);es="Linear";ed="In";};};{tm=.267;["RightLowerArm"]={cf=cfr(.001,0,0,1,0,0,0,.966,-.259,0,.259,.966);es="Linear";ed="In";};};{tm=.283;["RightLowerArm"]={cf=cfr(.001,0,0,1,0,0,0,.966,-.259,0,.259,.966);es="Linear";ed="In";};};{tm=.3;["RightLowerArm"]={cf=cfr(.001,0,0,1,0,0,0,.966,-.259,0,.259,.966);es="Linear";ed="In";};};{tm=.317;["RightLowerArm"]={cf=cfr(.001,0,0,1,0,0,0,.966,-.259,0,.259,.966);es="Linear";ed="In";};};{tm=.333;["RightLowerArm"]={cf=cfr(.001,0,0,1,0,0,0,.966,-.259,0,.259,.966);es="Linear";ed="In";};};{tm=.35;["RightLowerArm"]={cf=cfr(.001,0,0,1,0,0,0,.966,-.259,0,.259,.966);es="Linear";ed="In";};};{tm=.367;["RightLowerArm"]={cf=cfr(.001,0,0,1,0,0,0,.966,-.259,0,.259,.966);es="Linear";ed="In";};["LowerTorso"]={cf=cfr(0,-6.35,1.294,.766,-.621,.166,.643,.74,-.198,0,.259,.966);es="Linear";ed="In";};["LeftUpperArm"]={cf=cfr(-.004,-.091,-.146,.732,.079,-.676,-.653,-.199,-.73,-.192,.977,-.094);es="Linear";ed="In";};["RightUpperArm"]={cf=cfr(-.367,.279,-.258,.58,.361,.73,.815,-.247,-.525,-.009,.899,-.437);es="Linear";ed="In";};["LeftUpperLeg"]={cf=cfr(0,0,0,.768,.382,-.514,-.624,.626,-.467,.144,.679,.719);es="Linear";ed="In";};["RightUpperLeg"]={cf=cfr(0,0,0,.621,-.614,.488,.366,-.323,-.873,.693,.721,.024);es="Linear";ed="In";};["UpperTorso"]={cf=cfr(0,0,0,.766,.583,-.272,-.621,.78,-.078,.166,.229,.959);es="Linear";ed="In";};["LeftLowerLeg"]={cf=cfr(0,0,0,1,0,0,0,.643,.766,0,-.766,.643);es="Linear";ed="In";};["RightLowerLeg"]={cf=cfr(0,0,0,1,0,0,0,-.087,.996,0,-.996,-.087);es="Linear";ed="In";};};{tm=.383;["RightLowerArm"]={cf=cfr(.001,0,0,1,0,0,0,.966,-.259,0,.259,.966);es="Linear";ed="In";};};{tm=.4;["RightLowerArm"]={cf=cfr(.001,0,0,1,0,0,0,.966,-.259,0,.259,.966);es="Linear";ed="In";};};{tm=.417;["RightLowerArm"]={cf=cfr(.001,0,0,1,0,0,0,.966,-.259,0,.259,.966);es="Linear";ed="In";};};{tm=.433;["RightLowerArm"]={cf=cfr(.001,0,0,1,0,0,0,.966,-.259,0,.259,.966);es="Linear";ed="In";};};{tm=.45;["RightLowerArm"]={cf=cfr(.001,0,0,1,0,0,0,.966,-.259,0,.259,.966);es="Linear";ed="In";};};{tm=.467;["RightLowerArm"]={cf=cfr(.001,0,0,1,0,0,0,.966,-.259,0,.259,.966);es="Linear";ed="In";};};{tm=.483;["RightLowerArm"]={cf=cfr(.001,0,0,1,0,0,0,.966,-.259,0,.259,.966);es="Linear";ed="In";};};{tm=.5;["RightLowerArm"]={cf=cfr(.001,0,0,1,0,0,0,.966,-.259,0,.259,.966);es="Linear";ed="In";};};{tm=.517;["Head"]={cf=cfr(0,0,0,.936,-.247,-.252,.275,.958,.085,.22,-.149,.964);es="Linear";ed="In";};["RightUpperArm"]={cf=cfr(-.89,.109,.099,.141,-.439,.887,.964,.266,-.021,-.226,.858,.461);es="Linear";ed="In";};["LeftUpperLeg"]={cf=cfr(0,0,0,.923,.29,-.254,-.321,.943,-.091,.213,.166,.963);es="Linear";ed="In";};["RightUpperLeg"]={cf=cfr(.097,.008,-.022,.024,-.977,-.21,-.836,.095,-.54,.548,.188,-.815);es="Linear";ed="In";};["UpperTorso"]={cf=cfr(0,0,0,.372,.888,-.272,-.928,.365,-.078,.03,.281,.959);es="Linear";ed="In";};["LeftLowerLeg"]={cf=cfr(0,0,0,1,0,0,0,.643,.766,0,-.766,.643);es="Linear";ed="In";};["RightLowerLeg"]={cf=cfr(0,0,0,1,0,0,0,.94,.342,0,-.342,.94);es="Linear";ed="In";};["LowerTorso"]={cf=cfr(.6,-4.85,1.294,.174,-.951,.255,.985,.168,-.045,0,.259,.966);es="Linear";ed="In";};["RightLowerArm"]={cf=cfr(.001,0,0,1,0,0,0,.966,-.259,0,.259,.966);es="Linear";ed="In";};};{tm=.667;["Head"]={cf=cfr(0,0,0,.986,.004,-.167,.01,.996,.086,.166,-.087,.982);es="Sine";ed="In";};["LeftUpperArm"]={cf=cfr(-.082,-.36,-.105,.731,.193,-.655,-.637,.539,-.552,.247,.82,.516);es="Linear";ed="In";};["RightUpperArm"]={cf=cfr(-.265,-.282,.141,.41,.475,.779,.372,.693,-.618,-.833,.543,.107);es="Linear";ed="In";};["LeftUpperLeg"]={cf=cfr(0,0,0,.86,-.508,-.042,.507,.861,-.043,.058,.016,.998);es="Linear";ed="In";};["RightUpperLeg"]={cf=cfr(.291,.023,-.067,.678,-.734,-.02,-.678,-.616,-.401,.283,.285,-.916);es="Linear";ed="In";};["UpperTorso"]={cf=cfr(0,0,0,.958,.217,-.186,-.237,.968,-.088,.161,.129,.978);es="Linear";ed="In";};["LeftLowerLeg"]={cf=cfr(0,.006,-.017,1,0,0,0,.772,.636,0,-.636,.772);es="Linear";ed="In";};["RightLowerLeg"]={cf=cfr(0,0,0,1,0,0,0,.5,.866,0,-.866,.5);es="Linear";ed="In";};["LowerTorso"]={cf=cfr(.6,-3.55,1.294,.84,-.478,.255,.505,.862,-.045,-.198,.166,.966);es="Linear";ed="In";};["RightLowerArm"]={cf=cfr(.001,.017,.021,1,0,0,0,.925,-.381,0,.381,.925);es="Linear";ed="In";};};{tm=.683;["Head"]={cf=cfr(0,0,0,.986,.004,-.168,.011,.996,.086,.168,-.087,.982);es="Linear";ed="In";};};{tm=.7;["Head"]={cf=cfr(0,0,0,.985,.004,-.172,.011,.996,.086,.172,-.087,.981);es="Linear";ed="In";};};{tm=.717;["Head"]={cf=cfr(0,0,0,.984,.004,-.178,.011,.996,.086,.178,-.087,.98);es="Linear";ed="In";};};{tm=.733;["Head"]={cf=cfr(0,0,0,.982,.004,-.187,.012,.996,.086,.187,-.087,.979);es="Linear";ed="In";};};{tm=.75;["Head"]={cf=cfr(0,0,0,.98,.004,-.199,.013,.996,.086,.198,-.087,.976);es="Linear";ed="In";};};{tm=.767;["Head"]={cf=cfr(0,0,0,.977,.004,-.213,.014,.996,.086,.212,-.087,.973);es="Linear";ed="In";};};{tm=.783;["Head"]={cf=cfr(0,0,0,.974,.004,-.229,.016,.996,.085,.228,-.087,.97);es="Linear";ed="In";};};{tm=.8;["Head"]={cf=cfr(0,0,0,.969,.004,-.247,.017,.996,.085,.246,-.087,.965);es="Linear";ed="In";};["LeftUpperArm"]={cf=cfr(.078,.099,-.123,.769,.403,-.497,-.52,.846,-.118,.373,.349,.86);es="Sine";ed="In";};["RightUpperArm"]={cf=cfr(-.774,-.461,-.096,.569,.256,.781,.016,.947,-.322,-.822,.196,.535);es="Sine";ed="In";};["RightUpperLeg"]={cf=cfr(.25,-.067,-.071,.806,-.592,.012,-.464,-.644,-.609,.368,.485,-.793);es="Sine";ed="In";};["LeftUpperLeg"]={cf=cfr(0,0,0,.947,-.233,.224,.322,.71,-.626,-.013,.665,.747);es="Sine";ed="In";};["UpperTorso"]={cf=cfr(0,0,0,.998,.04,-.038,-.031,.974,.223,.046,-.221,.974);es="Sine";ed="In";};["LeftLowerArm"]={cf=cfr(0,0,0,.995,.098,-.028,-.097,.823,-.56,-.032,.56,.828);es="Sine";ed="In";};["LeftLowerLeg"]={cf=cfr(0,0,0,1,0,0,0,.087,.996,0,-.996,.087);es="Sine";ed="In";};["RightLowerLeg"]={cf=cfr(0,0,0,.999,-.036,-.005,-.02,-.64,.768,-.031,-.767,-.641);es="Sine";ed="In";};["LowerTorso"]={cf=cfr(.25,-2.316,.794,.874,-.414,.255,.417,.908,.045,-.25,.067,.966);es="Sine";ed="In";};["RightLowerArm"]={cf=cfr(.001,0,0,1,0,0,0,.866,-.5,0,.5,.866);es="Sine";ed="In";};};{tm=.817;["Head"]={cf=cfr(0,0,0,.964,.004,-.266,.019,.996,.085,.266,-.087,.96);es="Linear";ed="In";};["RightUpperArm"]={cf=cfr(-.765,-.457,-.099,.571,.258,.779,.02,.945,-.327,-.821,.203,.535);es="Linear";ed="In";};["LeftUpperArm"]={cf=cfr(.078,.099,-.123,.77,.402,-.495,-.518,.847,-.119,.371,.348,.861);es="Linear";ed="In";};["UpperTorso"]={cf=cfr(0,-.003,.002,.998,.04,-.037,-.031,.972,.231,.046,-.23,.972);es="Linear";ed="In";};["LeftUpperLeg"]={cf=cfr(.002,.002,.003,.949,-.229,.217,.316,.702,-.638,-.007,.674,.739);es="Linear";ed="In";};["RightUpperLeg"]={cf=cfr(.249,-.068,-.071,.806,-.592,.009,-.464,-.64,-.612,.368,.489,-.791);es="Linear";ed="In";};["LeftLowerArm"]={cf=cfr(0,0,0,.995,.097,-.028,-.096,.82,-.565,-.032,.565,.825);es="Linear";ed="In";};["LeftLowerLeg"]={cf=cfr(0,0,0,1,0,0,0,.083,.997,0,-.997,.083);es="Linear";ed="In";};["RightLowerLeg"]={cf=cfr(0,0,-.001,.999,-.036,-.004,-.02,-.635,.773,-.031,-.772,-.635);es="Linear";ed="In";};["LowerTorso"]={cf=cfr(.25,-2.303,.796,.874,-.413,.256,.415,.909,.049,-.253,.064,.965);es="Linear";ed="In";};["RightLowerArm"]={cf=cfr(.001,0,0,1,0,0,0,.865,-.501,0,.501,.865);es="Linear";ed="In";};};{tm=.833;["Head"]={cf=cfr(0,0,0,.958,.004,-.288,.021,.996,.084,.287,-.087,.954);es="Linear";ed="In";};["RightUpperArm"]={cf=cfr(-.739,-.447,-.105,.578,.263,.773,.031,.939,-.343,-.816,.222,.534);es="Linear";ed="In";};["LeftUpperArm"]={cf=cfr(.079,.099,-.123,.776,.4,-.488,-.514,.849,-.121,.366,.345,.864);es="Linear";ed="In";};["UpperTorso"]={cf=cfr(-.001,-.012,.007,.999,.04,-.036,-.029,.966,.256,.045,-.255,.966);es="Linear";ed="In";};["LeftUpperLeg"]={cf=cfr(.007,.006,.011,.955,-.219,.198,.295,.68,-.672,.012,.7,.714);es="Linear";ed="In";};["RightUpperLeg"]={cf=cfr(.248,-.069,-.07,.806,-.592,-.001,-.464,-.631,-.622,.368,.502,-.783);es="Linear";ed="In";};["LeftLowerArm"]={cf=cfr(0,.001,.001,.995,.096,-.029,-.095,.81,-.579,-.032,.579,.815);es="Linear";ed="In";};["LeftLowerLeg"]={cf=cfr(0,0,-.001,1,0,0,0,.07,.998,0,-.998,.07);es="Linear";ed="In";};["RightLowerLeg"]={cf=cfr(0,-.002,-.003,.999,-.035,-.004,-.018,-.617,.786,-.03,-.786,-.618);es="Linear";ed="In";};["LowerTorso"]={cf=cfr(.25,-2.263,.799,.874,-.41,.26,.409,.911,.06,-.261,.054,.964);es="Linear";ed="In";};["RightLowerArm"]={cf=cfr(.001,0,0,1,0,0,0,.864,-.504,0,.504,.864);es="Linear";ed="In";};};{tm=.85;["Head"]={cf=cfr(0,0,0,.95,.004,-.311,.023,.996,.084,.31,-.087,.947);es="Linear";ed="In";};["RightUpperArm"]={cf=cfr(-.696,-.43,-.117,.589,.271,.761,.049,.928,-.368,-.807,.254,.533);es="Linear";ed="In";};["LeftUpperArm"]={cf=cfr(.08,.099,-.123,.784,.396,-.478,-.508,.852,-.126,.358,.342,.869);es="Linear";ed="In";};["UpperTorso"]={cf=cfr(-.001,-.026,.014,.999,.039,-.034,-.028,.955,.297,.044,-.295,.954);es="Linear";ed="In";};["LeftUpperLeg"]={cf=cfr(.014,.013,.022,.965,-.204,.166,.26,.639,-.724,.042,.741,.67);es="Linear";ed="In";};["RightUpperLeg"]={cf=cfr(.247,-.07,-.069,.806,-.592,-.016,-.464,-.614,-.639,.368,.522,-.769);es="Linear";ed="In";};["LeftLowerArm"]={cf=cfr(0,.003,.003,.995,.094,-.031,-.094,.793,-.602,-.032,.602,.798);es="Linear";ed="In";};["LeftLowerLeg"]={cf=cfr(0,0,-.003,1,0,0,0,.049,.999,0,-.999,.049);es="Linear";ed="In";};["RightLowerLeg"]={cf=cfr(0,-.004,-.007,.999,-.033,-.003,-.017,-.588,.809,-.028,-.808,-.588);es="Linear";ed="In";};["LowerTorso"]={cf=cfr(.25,-2.198,.805,.875,-.405,.266,.399,.914,.077,-.275,.039,.961);es="Linear";ed="In";};["RightLowerArm"]={cf=cfr(.001,0,0,1,0,0,0,.861,-.508,0,.508,.861);es="Linear";ed="In";};};{tm=.867;["Head"]={cf=cfr(0,0,0,.942,.004,-.335,.025,.996,.083,.334,-.087,.938);es="Linear";ed="In";};["RightUpperArm"]={cf=cfr(-.638,-.407,-.133,.604,.282,.746,.072,.912,-.403,-.794,.297,.53);es="Linear";ed="In";};["LeftUpperArm"]={cf=cfr(.081,.099,-.123,.795,.391,-.464,-.499,.857,-.132,.346,.336,.876);es="Linear";ed="In";};["UpperTorso"]={cf=cfr(-.002,-.042,.024,.999,.038,-.031,-.025,.936,.351,.042,-.35,.936);es="Linear";ed="In";};["LeftUpperLeg"]={cf=cfr(.023,.019,.037,.975,-.187,.12,.208,.579,-.788,.078,.793,.604);es="Linear";ed="In";};["RightUpperLeg"]={cf=cfr(.245,-.071,-.067,.806,-.591,-.037,-.464,-.591,-.66,.368,.549,-.75);es="Linear";ed="In";};["LeftLowerArm"]={cf=cfr(0,.004,.004,.995,.091,-.034,-.092,.768,-.633,-.032,.634,.773);es="Linear";ed="In";};["LeftLowerLeg"]={cf=cfr(0,0,-.004,1,0,0,0,.021,1,0,-1,.021);es="Linear";ed="In";};["RightLowerLeg"]={cf=cfr(0,-.006,-.012,1,-.03,-.002,-.015,-.547,.837,-.026,-.836,-.547);es="Linear";ed="In";};["LowerTorso"]={cf=cfr(.25,-2.108,.813,.875,-.398,.275,.385,.917,.102,-.293,.017,.956);es="Linear";ed="In";};["RightLowerArm"]={cf=cfr(.001,0,0,1,0,0,0,.858,-.514,0,.514,.858);es="Linear";ed="In";};};{tm=.883;["Head"]={cf=cfr(0,0,0,.933,.004,-.361,.028,.996,.082,.36,-.087,.929);es="Linear";ed="In";};["RightUpperArm"]={cf=cfr(-.567,-.379,-.155,.622,.293,.726,.1,.89,-.445,-.776,.35,.524);es="Linear";ed="In";};["LeftUpperArm"]={cf=cfr(.082,.098,-.123,.808,.385,-.446,-.488,.862,-.139,.331,.33,.884);es="Linear";ed="In";};["UpperTorso"]={cf=cfr(-.003,-.058,.034,.999,.037,-.027,-.022,.908,.418,.04,-.417,.908);es="Linear";ed="In";};["LeftUpperLeg"]={cf=cfr(.031,.023,.05,.983,-.171,.06,.139,.498,-.856,.116,.85,.513);es="Linear";ed="In";};["RightUpperLeg"]={cf=cfr(.244,-.073,-.065,.806,-.589,-.064,-.464,-.561,-.686,.368,.582,-.725);es="Linear";ed="In";};["LeftLowerArm"]={cf=cfr(0,.005,.006,.996,.087,-.037,-.089,.736,-.671,-.032,.671,.741);es="Linear";ed="In";};["LeftLowerLeg"]={cf=cfr(0,0,-.006,1,0,0,0,-.015,1,0,-1,-.015);es="Linear";ed="In";};["RightLowerLeg"]={cf=cfr(0,-.007,-.016,1,-.026,-.001,-.012,-.494,.869,-.023,-.869,-.495);es="Linear";ed="In";};["LowerTorso"]={cf=cfr(.25,-1.997,.823,.875,-.39,.287,.367,.921,.132,-.315,-.01,.949);es="Linear";ed="In";};["RightLowerArm"]={cf=cfr(.001,0,0,1,0,0,0,.853,-.522,0,.522,.853);es="Linear";ed="In";};};{tm=.9;["Head"]={cf=cfr(0,0,0,.922,.004,-.387,.03,.996,.082,.386,-.087,.919);es="Linear";ed="In";};["RightUpperArm"]={cf=cfr(-.484,-.347,-.182,.644,.305,.701,.131,.859,-.494,-.753,.41,.514);es="Linear";ed="In";};["LeftUpperArm"]={cf=cfr(.082,.098,-.123,.823,.377,-.425,-.474,.868,-.147,.314,.322,.893);es="Linear";ed="In";};["UpperTorso"]={cf=cfr(-.004,-.071,.044,.999,.035,-.023,-.019,.87,.492,.037,-.492,.87);es="Linear";ed="In";};["LeftUpperLeg"]={cf=cfr(.036,.023,.06,.987,-.16,-.012,.052,.394,-.918,.152,.905,.397);es="Linear";ed="In";};["RightUpperLeg"]={cf=cfr(.243,-.073,-.064,.806,-.585,-.094,-.464,-.524,-.714,.368,.619,-.694);es="Linear";ed="In";};["LeftLowerArm"]={cf=cfr(0,.006,.007,.996,.083,-.04,-.086,.697,-.712,-.031,.712,.701);es="Linear";ed="In";};["LeftLowerLeg"]={cf=cfr(0,-.001,-.007,1,0,0,0,-.057,.998,0,-.998,-.057);es="Linear";ed="In";};["RightLowerLeg"]={cf=cfr(0,-.008,-.019,1,-.022,0,-.009,-.43,.903,-.02,-.902,-.43);es="Linear";ed="In";};["LowerTorso"]={cf=cfr(.25,-1.866,.835,.875,-.381,.3,.345,.924,.166,-.34,-.042,.939);es="Linear";ed="In";};["RightLowerArm"]={cf=cfr(.001,0,0,1,0,0,0,.847,-.531,0,.531,.847);es="Linear";ed="In";};};{tm=.917;["Head"]={cf=cfr(0,0,0,.911,.004,-.413,.032,.996,.081,.412,-.087,.907);es="Linear";ed="In";};["RightUpperArm"]={cf=cfr(-.393,-.312,-.216,.669,.315,.673,.163,.821,-.547,-.725,.476,.498);es="Linear";ed="In";};["LeftUpperArm"]={cf=cfr(.083,.098,-.123,.839,.369,-.401,-.459,.875,-.155,.293,.314,.903);es="Linear";ed="In";};["UpperTorso"]={cf=cfr(-.004,-.078,.051,.999,.033,-.019,-.016,.82,.572,.034,-.571,.82);es="Linear";ed="In";};["LeftUpperLeg"]={cf=cfr(.037,.02,.063,.983,-.158,-.094,-.049,.269,-.962,.177,.95,.257);es="Linear";ed="In";};["RightUpperLeg"]={cf=cfr(.243,-.073,-.064,.806,-.578,-.128,-.464,-.482,-.743,.368,.658,-.657);es="Linear";ed="In";};["LeftLowerArm"]={cf=cfr(0,.007,.007,.996,.077,-.043,-.083,.65,-.756,-.03,.756,.654);es="Linear";ed="In";};["LeftLowerLeg"]={cf=cfr(0,-.001,-.007,1,0,0,0,-.103,.995,0,-.995,-.103);es="Linear";ed="In";};["RightLowerLeg"]={cf=cfr(0,-.008,-.019,1,-.017,.001,-.007,-.355,.935,-.016,-.935,-.355);es="Linear";ed="In";};["LowerTorso"]={cf=cfr(.25,-1.719,.849,.874,-.371,.315,.319,.925,.204,-.367,-.078,.927);es="Linear";ed="In";};["RightLowerArm"]={cf=cfr(.001,0,0,1,0,0,0,.841,-.541,0,.541,.841);es="Linear";ed="In";};};{tm=.933;["Head"]={cf=cfr(0,0,0,.898,.004,-.44,.035,.996,.08,.439,-.087,.894);es="Linear";ed="In";};["RightUpperArm"]={cf=cfr(-.296,-.274,-.256,.696,.323,.641,.195,.774,-.602,-.691,.544,.476);es="Linear";ed="In";};["LeftUpperArm"]={cf=cfr(.082,.099,-.123,.855,.359,-.374,-.442,.882,-.164,.271,.305,.913);es="Linear";ed="In";};["UpperTorso"]={cf=cfr(-.004,-.078,.053,.999,.029,-.014,-.013,.757,.653,.03,-.652,.757);es="Linear";ed="In";};["LeftUpperLeg"]={cf=cfr(.032,.013,.055,.969,-.167,-.181,-.161,.129,-.979,.187,.977,.098);es="Linear";ed="In";};["RightUpperLeg"]={cf=cfr(.244,-.072,-.065,.806,-.569,-.164,-.464,-.434,-.772,.368,.699,-.614);es="Linear";ed="In";};["LeftLowerArm"]={cf=cfr(0,.006,.006,.996,.071,-.046,-.08,.596,-.799,-.029,.8,.599);es="Linear";ed="In";};["LeftLowerLeg"]={cf=cfr(0,-.001,-.006,1,0,0,0,-.153,.988,0,-.988,-.153);es="Linear";ed="In";};["RightLowerLeg"]={cf=cfr(0,-.006,-.017,1,-.011,.001,-.004,-.272,.962,-.011,-.962,-.272);es="Linear";ed="In";};["LowerTorso"]={cf=cfr(.25,-1.559,.863,.872,-.361,.332,.29,.925,.244,-.395,-.117,.911);es="Linear";ed="In";};["RightLowerArm"]={cf=cfr(.001,0,0,1,0,0,0,.834,-.551,0,.551,.834);es="Linear";ed="In";};};{tm=.95;["Head"]={cf=cfr(0,0,0,.884,.004,-.467,.037,.996,.079,.466,-.087,.881);es="Linear";ed="In";};["RightUpperArm"]={cf=cfr(-.196,-.234,-.302,.725,.327,.606,.225,.719,-.657,-.651,.613,.448);es="Linear";ed="In";};["LeftUpperArm"]={cf=cfr(.08,.099,-.123,.872,.348,-.346,-.423,.889,-.172,.248,.297,.922);es="Linear";ed="In";};["UpperTorso"]={cf=cfr(-.004,-.07,.047,1,.025,-.01,-.01,.683,.73,.025,-.73,.683);es="Linear";ed="In";};["LeftUpperLeg"]={cf=cfr(.019,.006,.035,.944,-.191,-.268,-.277,-.02,-.961,.178,.981,-.072);es="Linear";ed="In";};["RightUpperLeg"]={cf=cfr(.246,-.07,-.067,.806,-.557,-.202,-.464,-.382,-.799,.368,.738,-.566);es="Linear";ed="In";};["LeftLowerArm"]={cf=cfr(0,.004,.004,.997,.064,-.049,-.076,.536,-.841,-.028,.842,.539);es="Linear";ed="In";};["LeftLowerLeg"]={cf=cfr(0,0,-.004,1,0,0,0,-.206,.979,0,-.979,-.206);es="Linear";ed="In";};["RightLowerLeg"]={cf=cfr(0,-.003,-.01,1,-.006,.001,-.002,-.181,.983,-.006,-.983,-.181);es="Linear";ed="In";};["LowerTorso"]={cf=cfr(.25,-1.39,.879,.869,-.351,.35,.258,.923,.286,-.423,-.158,.892);es="Linear";ed="In";};["RightLowerArm"]={cf=cfr(.001,0,0,1,0,0,0,.827,-.562,0,.562,.827);es="Linear";ed="In";};};{tm=.967;["Head"]={cf=cfr(0,0,0,.87,.004,-.494,.039,.996,.077,.492,-.087,.866);es="Linear";ed="In";};["LeftUpperArm"]={cf=cfr(.078,.099,-.123,.887,.336,-.316,-.404,.897,-.181,.223,.288,.931);es="Linear";ed="Out";};["RightUpperArm"]={cf=cfr(-.094,-.194,-.353,.753,.328,.57,.252,.658,-.71,-.608,.678,.413);es="Linear";ed="Out";};["LeftUpperLeg"]={cf=cfr(0,0,0,.909,-.229,-.349,-.39,-.169,-.905,.148,.959,-.242);es="Sine";ed="Out";};["RightUpperLeg"]={cf=cfr(.25,-.067,-.071,.806,-.542,-.239,-.464,-.326,-.824,.368,.775,-.514);es="Sine";ed="Out";};["UpperTorso"]={cf=cfr(-.003,-.054,.034,1,.021,-.006,-.008,.598,.801,.02,-.801,.599);es="Sine";ed="Out";};["LeftLowerArm"]={cf=cfr(0,.001,.001,.997,.057,-.052,-.073,.471,-.879,-.026,.88,.474);es="Linear";ed="In";};["LeftLowerLeg"]={cf=cfr(0,0,0,1,0,0,0,-.259,.966,0,-.966,-.259);es="Sine";ed="Out";};["RightLowerLeg"]={cf=cfr(0,0,0,1,0,0,0,-.087,.996,0,-.996,-.087);es="Sine";ed="Out";};["LowerTorso"]={cf=cfr(.25,-1.216,.894,.865,-.341,.369,.223,.918,.327,-.45,-.2,.87);es="Sine";ed="Out";};["RightLowerArm"]={cf=cfr(.001,0,0,1,0,0,0,.819,-.574,0,.574,.819);es="Linear";ed="In";};};{tm=.983;["UpperTorso"]={cf=cfr(-.005,-.065,.043,1,.001,-.024,.018,.643,.766,.017,-.766,.643);es="Linear";ed="In";};["RightUpperLeg"]={cf=cfr(.212,-.039,.043,.843,-.458,-.284,-.368,-.104,-.924,.393,.883,-.256);es="Linear";ed="In";};["LeftUpperLeg"]={cf=cfr(.009,-.002,.014,.928,-.165,-.333,-.354,-.124,-.927,.112,.978,-.174);es="Linear";ed="In";};["LeftLowerLeg"]={cf=cfr(0,.003,-.022,1,0,0,0,-.167,.986,0,-.986,-.167);es="Linear";ed="In";};["RightLowerLeg"]={cf=cfr(0,.028,-.057,1,0,0,0,.12,.993,0,-.993,.12);es="Linear";ed="In";};["LowerTorso"]={cf=cfr(.213,-1.078,.707,.899,-.286,.331,.208,.946,.25,-.385,-.156,.91);es="Linear";ed="In";};};{tm=1;["UpperTorso"]={cf=cfr(-.006,-.074,.05,.999,-.019,-.042,.043,.684,.728,.015,-.729,.684);es="Linear";ed="In";};["RightUpperLeg"]={cf=cfr(.179,-.002,.121,.88,-.367,-.301,-.271,.132,-.954,.389,.921,.017);es="Linear";ed="In";};["LeftUpperLeg"]={cf=cfr(.017,-.003,.024,.944,-.103,-.313,-.321,-.078,-.944,.073,.992,-.107);es="Linear";ed="In";};["LeftLowerLeg"]={cf=cfr(0,.006,-.039,1,0,0,0,-.076,.997,0,-.997,-.076);es="Linear";ed="In";};["RightLowerLeg"]={cf=cfr(0,.053,-.094,1,0,0,0,.318,.948,0,-.948,.318);es="Linear";ed="In";};["LowerTorso"]={cf=cfr(.177,-.941,.522,.929,-.232,.289,.187,.967,.175,-.32,-.109,.941);es="Linear";ed="In";};};{tm=1.017;["UpperTorso"]={cf=cfr(-.007,-.081,.054,.998,-.039,-.057,.067,.721,.69,.014,-.692,.721);es="Linear";ed="In";};["RightUpperLeg"]={cf=cfr(.149,.034,.162,.915,-.278,-.291,-.182,.359,-.916,.359,.891,.277);es="Linear";ed="In";};["LeftUpperLeg"]={cf=cfr(.025,-.002,.031,.956,-.044,-.289,-.29,-.031,-.956,.033,.999,-.043);es="Linear";ed="In";};["LeftLowerLeg"]={cf=cfr(0,.009,-.052,1,0,0,0,.013,1,0,-1,.013);es="Linear";ed="In";};["RightLowerLeg"]={cf=cfr(0,.071,-.112,1,0,0,0,.496,.868,0,-.868,.496);es="Linear";ed="In";};["LowerTorso"]={cf=cfr(.142,-.808,.345,.952,-.183,.243,.162,.981,.103,-.258,-.059,.964);es="Linear";ed="In";};};{tm=1.033;["UpperTorso"]={cf=cfr(-.006,-.084,.057,.996,-.058,-.07,.09,.753,.652,.015,-.656,.755);es="Linear";ed="In";};["RightUpperLeg"]={cf=cfr(.118,.06,.172,.945,-.2,-.26,-.109,.557,-.823,.309,.806,.505);es="Linear";ed="In";};["LeftUpperLeg"]={cf=cfr(.032,-.001,.036,.965,.009,-.263,-.263,.014,-.965,-.005,1,.016);es="Linear";ed="In";};["LeftLowerLeg"]={cf=cfr(0,.012,-.061,1,0,0,0,.095,.995,0,-.995,.095);es="Linear";ed="In";};["RightLowerLeg"]={cf=cfr(0,.081,-.116,1,0,0,0,.645,.764,0,-.764,.645);es="Linear";ed="In";};["LowerTorso"]={cf=cfr(.111,-.682,.177,.97,-.139,.197,.135,.99,.037,-.2,-.009,.98);es="Linear";ed="In";};};{tm=1.05;["UpperTorso"]={cf=cfr(-.005,-.086,.058,.994,-.076,-.082,.11,.78,.616,.017,-.621,.784);es="Linear";ed="In";};["RightUpperLeg"]={cf=cfr(.086,.073,.159,.967,-.135,-.214,-.054,.716,-.696,.248,.685,.685);es="Linear";ed="In";};["LeftUpperLeg"]={cf=cfr(.037,.001,.037,.97,.057,-.237,-.24,.057,-.969,-.042,.997,.069);es="Linear";ed="In";};["LeftLowerLeg"]={cf=cfr(0,.015,-.066,1,0,0,0,.17,.985,0,-.985,.17);es="Linear";ed="In";};["RightLowerLeg"]={cf=cfr(0,.081,-.109,1,0,0,0,.763,.646,0,-.646,.763);es="Linear";ed="In";};["LowerTorso"]={cf=cfr(.082,-.567,.024,.983,-.101,.152,.106,.994,-.023,-.148,.038,.988);es="Linear";ed="In";};};{tm=1.067;["UpperTorso"]={cf=cfr(-.004,-.086,.058,.992,-.093,-.091,.128,.803,.582,.019,-.589,.808);es="Linear";ed="In";};["RightUpperLeg"]={cf=cfr(.053,.072,.133,.983,-.088,-.162,-.017,.832,-.555,.184,.548,.816);es="Linear";ed="In";};["LeftUpperLeg"]={cf=cfr(.041,.003,.037,.972,.099,-.211,-.22,.095,-.971,-.076,.991,.114);es="Linear";ed="In";};["LeftLowerLeg"]={cf=cfr(0,.017,-.069,1,0,0,0,.235,.972,0,-.972,.235);es="Linear";ed="In";};["RightLowerLeg"]={cf=cfr(0,.073,-.097,1,0,0,0,.85,.528,0,-.528,.85);es="Linear";ed="In";};["LowerTorso"]={cf=cfr(.058,-.464,-.112,.992,-.069,.109,.078,.994,-.074,-.104,.082,.991);es="Linear";ed="In";};};{tm=1.083;["UpperTorso"]={cf=cfr(-.003,-.084,.057,.989,-.107,-.098,.144,.82,.553,.021,-.562,.827);es="Linear";ed="In";};["RightUpperLeg"]={cf=cfr(.021,.061,.102,.992,-.055,-.111,.004,.908,-.419,.124,.415,.901);es="Linear";ed="In";};["LeftUpperLeg"]={cf=cfr(.045,.005,.035,.973,.133,-.188,-.205,.128,-.97,-.105,.983,.152);es="Linear";ed="In";};["LeftLowerLeg"]={cf=cfr(0,.018,-.069,1,0,0,0,.29,.957,0,-.957,.29);es="Linear";ed="In";};["RightLowerLeg"]={cf=cfr(0,.06,-.082,1,0,0,0,.909,.418,0,-.418,.909);es="Linear";ed="In";};["LowerTorso"]={cf=cfr(.037,-.376,-.227,.996,-.044,.072,.052,.992,-.116,-.066,.12,.991);es="Linear";ed="In