local cfr = CFrame.new

return {{tm=0;["RootNode"]={cf=cfr(0,0,0,-1,0,0,0,1,0,0,0,-1);es="Linear";ed="In";};["root"]={cf=cfr(0,1.213,0,0,0,1,0,1,0,-1,0,0);es="Linear";ed="In";};["000-offset"]={cf=cfr(0,0,0,-.998,.057,0,-.057,-.998,0,0,0,1);es="Linear";ed="In";};["004-offset.001"]={cf=cfr(0,0,0,.144,-.99,0,.99,.144,0,0,0,1);es="Linear";ed="In";};["006-offset"]={cf=cfr(0,0,0,-.015,-1,0,1,-.015,0,0,0,1);es="Linear";ed="In";};["000-offset.009"]={cf=cfr(0,0,0,-.611,-.739,.284,.749,-.656,-.093,.255,.156,.954);es="Linear";ed="In";};["000-offset.012"]={cf=cfr(0,0,0,-.011,-.996,-.091,.991,-.023,.133,-.134,-.089,.987);es="Linear";ed="In";};["000-offset.001"]={cf=cfr(0,0,0,.999,-.035,0,.035,.999,0,0,0,1);es="Linear";ed="In";};["000-offset.010"]={cf=cfr(0,0,0,-.138,.99,0,-.99,-.138,0,0,0,1);es="Linear";ed="In";};["000-offset.013"]={cf=cfr(0,0,0,.301,.954,0,-.954,.301,0,0,0,1);es="Linear";ed="In";};["004-offset"]={cf=cfr(0,0,0,.035,-.999,0,.999,.035,0,0,0,1);es="Linear";ed="In";};["002-offset"]={cf=cfr(0,0,0,.035,-.999,0,.999,.035,0,0,0,1);es="Linear";ed="In";};["000-offset.002"]={cf=cfr(0,0,0,.573,-.819,-.015,.819,.572,.052,-.034,-.042,.999);es="Linear";ed="In";};["000-offset.011"]={cf=cfr(0,0,0,.536,-.844,0,.844,.536,0,0,0,1);es="Linear";ed="In";};["000-offset.014"]={cf=cfr(0,0,0,.137,-.991,0,.991,.137,0,0,0,1);es="Linear";ed="In";};["000-offset.006"]={cf=cfr(0,0,0,-.277,-.248,-.928,-.861,-.365,.355,-.427,.897,-.112);es="Linear";ed="In";};["000-offset.003"]={cf=cfr(0,0,0,-.313,.112,.943,-.846,-.485,-.223,.432,-.867,.247);es="Linear";ed="In";};["000-offset.007"]={cf=cfr(0,0,0,.797,-.604,0,.604,.797,0,0,0,1);es="Linear";ed="In";};["000-offset.004"]={cf=cfr(0,0,0,.938,-.348,0,.348,.938,0,0,0,1);es="Linear";ed="In";};["000-offset.008"]={cf=cfr(0,0,0,.835,-.356,.42,-.356,.233,.905,-.42,-.905,.068);es="Linear";ed="In";};["000-offset.005"]={cf=cfr(0,0,0,.96,-.244,.139,.261,.589,-.765,.105,.77,.629);es="Linear";ed="In";};};{tm=.043;["000-offset"]={cf=cfr(0,0,0,-.998,.056,0,-.056,-.998,0,0,0,1);es="Linear";ed="In";};["004-offset.001"]={cf=cfr(0,0,0,.144,-.99,0,.99,.144,0,0,0,1);es="Linear";ed="In";};["000-offset.009"]={cf=cfr(0,0,0,-.618,-.732,.286,.741,-.664,-.097,.261,.152,.953);es="Linear";ed="In";};["000-offset.012"]={cf=cfr(0,0,0,-.03,-.995,-.093,.99,-.043,.138,-.141,-.088,.986);es="Linear";ed="In";};["000-offset.001"]={cf=cfr(0,0,0,.999,-.033,0,.033,.999,0,0,0,1);es="Linear";ed="In";};["000-offset.010"]={cf=cfr(0,0,0,-.134,.991,0,-.991,-.134,0,0,0,1);es="Linear";ed="In";};["000-offset.013"]={cf=cfr(0,0,0,.295,.956,0,-.956,.295,0,0,0,1);es="Linear";ed="In";};["004-offset"]={cf=cfr(0,0,0,.035,-.999,0,.999,.035,0,0,0,1);es="Linear";ed="In";};["000-offset.002"]={cf=cfr(0,0,0,.572,-.82,-.015,.819,.571,.052,-.034,-.042,.999);es="Linear";ed="In";};["000-offset.011"]={cf=cfr(0,0,0,.534,-.846,0,.846,.534,0,0,0,1);es="Linear";ed="In";};["000-offset.014"]={cf=cfr(0,0,0,.148,-.989,0,.989,.148,-.002,.002,0,1);es="Linear";ed="In";};["000-offset.006"]={cf=cfr(0,0,0,-.272,-.248,-.93,-.862,-.367,.35,-.428,.897,-.113);es="Linear";ed="In";};["000-offset.003"]={cf=cfr(0,0,0,-.319,.115,.941,-.846,-.482,-.228,.428,-.868,.251);es="Linear";ed="In";};["000-offset.007"]={cf=cfr(0,0,0,.796,-.605,0,.605,.796,0,0,0,1);es="Linear";ed="In";};["000-offset.004"]={cf=cfr(0,0,0,.939,-.345,0,.345,.939,0,0,0,1);es="Linear";ed="In";};["000-offset.008"]={cf=cfr(0,0,0,.839,-.35,.417,-.343,.254,.904,-.422,-.902,.093);es="Linear";ed="In";};["000-offset.005"]={cf=cfr(0,0,0,.958,-.252,.134,.265,.61,-.746,.106,.751,.652);es="Linear";ed="In";};};{tm=.086;["000-offset"]={cf=cfr(0,0,0,-.998,.055,0,-.055,-.998,0,0,0,1);es="Linear";ed="In";};["004-offset.001"]={cf=cfr(0,0,0,.144,-.99,0,.99,.144,0,0,0,1);es="Linear";ed="In";};["000-offset.009"]={cf=cfr(0,0,0,-.638,-.712,.294,.718,-.688,-.106,.278,.144,.95);es="Linear";ed="In";};["000-offset.012"]={cf=cfr(0,0,0,-.082,-.992,-.099,.984,-.096,.152,-.16,-.085,.983);es="Linear";ed="In";};["000-offset.001"]={cf=cfr(0,0,0,1,-.027,0,.027,1,0,0,0,1);es="Linear";ed="In";};["000-offset.010"]={cf=cfr(0,0,0,-.127,.992,0,-.992,-.127,0,0,0,1);es="Linear";ed="In";};["000-offset.013"]={cf=cfr(0,0,0,.276,.961,0,-.961,.276,0,0,0,1);es="Linear";ed="In";};["004-offset"]={cf=cfr(0,0,0,.035,-.999,0,.999,.035,0,0,0,1);es="Linear";ed="In";};["000-offset.002"]={cf=cfr(0,0,0,.569,-.822,-.015,.821,.568,.052,-.034,-.042,.999);es="Linear";ed="In";};["000-offset.011"]={cf=cfr(0,0,0,.529,-.848,0,.848,.529,0,0,0,1);es="Linear";ed="In";};["000-offset.014"]={cf=cfr(0,0,0,.178,-.984,-.001,.984,.178,-.006,.007,0,1);es="Linear";ed="In";};["000-offset.006"]={cf=cfr(0,0,0,-.261,-.245,-.934,-.864,-.371,.339,-.43,.896,-.115);es="Linear";ed="In";};["000-offset.003"]={cf=cfr(0,0,0,-.338,.123,.933,-.844,-.477,-.243,.415,-.87,.265);es="Linear";ed="In";};["000-offset.007"]={cf=cfr(0,0,0,.796,-.606,0,.606,.796,0,0,0,1);es="Linear";ed="In";};["000-offset.004"]={cf=cfr(0,0,0,.941,-.338,0,.338,.941,0,0,0,1);es="Linear";ed="In";};["000-offset.008"]={cf=cfr(0,0,0,.849,-.335,.407,-.307,.313,.899,-.429,-.888,.163);es="Linear";ed="In";};["000-offset.005"]={cf=cfr(0,0,0,.955,-.272,.119,.276,.666,-.693,.109,.695,.711);es="Linear";ed="In";};};{tm=.128;["root"]={cf=cfr(0,1.213,0,0,0,1,0,1,0,-1,0,0);es="Linear";ed="In";};["000-offset"]={cf=cfr(0,0,0,-.999,.054,0,-.054,-.999,0,0,0,1);es="Linear";ed="In";};["004-offset.001"]={cf=cfr(0,0,0,.144,-.99,0,.99,.144,0,0,0,1);es="Linear";ed="In";};["000-offset.009"]={cf=cfr(0,0,0,-.665,-.681,.308,.683,-.721,-.119,.303,.131,.944);es="Linear";ed="In";};["000-offset.012"]={cf=cfr(0,0,0,-.159,-.981,-.111,.969,-.177,.173,-.189,-.08,.979);es="Linear";ed="In";};["000-offset.001"]={cf=cfr(0,0,0,1,-.017,0,.017,1,0,0,0,1);es="Linear";ed="In";};["000-offset.010"]={cf=cfr(0,0,0,-.116,.993,0,-.993,-.116,0,0,0,1);es="Linear";ed="In";};["000-offset.013"]={cf=cfr(0,0,0,.246,.969,0,-.969,.246,0,0,0,1);es="Linear";ed="In";};["004-offset"]={cf=cfr(0,0,0,.035,-.999,0,.999,.035,0,0,0,1);es="Linear";ed="In";};["000-offset.002"]={cf=cfr(0,0,0,.566,-.824,-.015,.824,.564,.052,-.035,-.042,.999);es="Linear";ed="In";};["000-offset.011"]={cf=cfr(0,0,0,.523,-.852,0,.852,.523,0,0,0,1);es="Linear";ed="In";};["000-offset.014"]={cf=cfr(0,0,0,.223,-.975,-.003,.975,.223,-.013,.013,0,1);es="Linear";ed="In";};["000-offset.006"]={cf=cfr(0,0,0,-.247,-.241,-.939,-.867,-.378,.325,-.433,.894,-.116);es="Linear";ed="In";};["000-offset.003"]={cf=cfr(0,0,0,-.369,.135,.919,-.84,-.471,-.268,.397,-.872,.287);es="Linear";ed="In";};["000-offset.007"]={cf=cfr(0,0,0,.795,-.607,0,.607,.795,0,0,0,1);es="Linear";ed="In";};["000-offset.004"]={cf=cfr(0,0,0,.945,-.328,0,.328,.945,0,0,0,1);es="Linear";ed="In";};["000-offset.008"]={cf=cfr(0,0,0,.862,-.32,.393,-.252,.402,.88,-.44,-.858,.266);es="Linear";ed="In";};["000-offset.005"]={cf=cfr(0,0,0,.949,-.3,.093,.293,.74,-.605,.113,.602,.791);es="Linear";ed="In";};};{tm=.171;["root"]={cf=cfr(0,1.213,.014,0,0,1,0,1,0,-1,0,0);es="Linear";ed="In";};["000-offset"]={cf=cfr(0,0,0,-.999,.053,0,-.053,-.999,0,0,0,1);es="Linear";ed="In";};["004-offset.001"]={cf=cfr(0,0,0,.145,-.989,0,.989,.145,0,0,0,1);es="Linear";ed="In";};["000-offset.009"]={cf=cfr(0,0,0,-.694,-.641,.328,.637,-.759,-.134,.334,.116,.935);es="Linear";ed="In";};["000-offset.012"]={cf=cfr(0,0,0,-.254,-.958,-.132,.94,-.277,.198,-.226,-.073,.971);es="Linear";ed="In";};["000-offset.001"]={cf=cfr(0,0,0,1,-.003,0,.003,1,0,0,0,1);es="Linear";ed="In";};["000-offset.010"]={cf=cfr(0,0,0,-.105,.994,0,-.994,-.105,0,0,0,1);es="Linear";ed="In";};["000-offset.013"]={cf=cfr(0,0,0,.207,.978,0,-.978,.207,0,0,0,1);es="Linear";ed="In";};["004-offset"]={cf=cfr(0,0,0,.035,-.999,0,.999,.035,0,0,0,1);es="Linear";ed="In";};["000-offset.002"]={cf=cfr(0,0,0,.562,-.827,-.015,.826,.561,.052,-.035,-.042,.999);es="Linear";ed="In";};["000-offset.011"]={cf=cfr(0,0,0,.517,-.856,0,.856,.517,0,0,0,1);es="Linear";ed="In";};["000-offset.014"]={cf=cfr(0,0,0,.275,-.961,-.005,.961,.275,-.019,.02,0,1);es="Linear";ed="In";};["000-offset.006"]={cf=cfr(0,0,0,-.234,-.236,-.943,-.868,-.387,.313,-.438,.891,-.114);es="Linear";ed="In";};["000-offset.003"]={cf=cfr(0,0,0,-.411,.151,.899,-.831,-.466,-.302,.374,-.872,.317);es="Linear";ed="In";};["000-offset.007"]={cf=cfr(0,0,0,.794,-.608,0,.608,.794,0,0,0,1);es="Linear";ed="In";};["000-offset.004"]={cf=cfr(0,0,0,.948,-.318,0,.318,.948,0,0,0,1);es="Linear";ed="In";};["000-offset.008"]={cf=cfr(0,0,0,.873,-.311,.376,-.181,.509,.842,-.453,-.803,.388);es="Linear";ed="In";};["000-offset.005"]={cf=cfr(0,0,0,.942,-.331,.053,.314,.816,-.485,.117,.473,.873);es="Linear";ed="In";};};{tm=.214;["root"]={cf=cfr(0,1.198,.028,0,0,1,0,1,0,-1,0,0);es="Linear";ed="In";};["000-offset"]={cf=cfr(0,0,0,-.998,.06,0,-.06,-.998,0,0,0,1);es="Linear";ed="In";};["004-offset.001"]={cf=cfr(0,0,0,.145,-.989,0,.989,.145,0,0,0,1);es="Linear";ed="In";};["000-offset.009"]={cf=cfr(0,0,0,-.723,-.595,.352,.585,-.798,-.148,.369,.099,.924);es="Linear";ed="In";};["000-offset.012"]={cf=cfr(0,0,0,-.356,-.92,-.161,.894,-.386,.226,-.27,-.064,.961);es="Linear";ed="In";};["000-offset.001"]={cf=cfr(0,0,0,1,.016,0,-.016,1,0,0,0,1);es="Linear";ed="In";};["000-offset.010"]={cf=cfr(0,0,0,-.096,.995,0,-.995,-.096,0,0,0,1);es="Linear";ed="In";};["000-offset.013"]={cf=cfr(0,0,0,.158,.987,0,-.987,.158,0,0,0,1);es="Linear";ed="In";};["004-offset"]={cf=cfr(0,0,0,.035,-.999,0,.999,.035,0,0,0,1);es="Linear";ed="In";};["000-offset.002"]={cf=cfr(0,0,0,.559,-.829,-.015,.829,.558,.052,-.035,-.041,.999);es="Linear";ed="In";};["000-offset.011"]={cf=cfr(0,0,0,.511,-.86,0,.86,.511,0,0,0,1);es="Linear";ed="In";};["000-offset.014"]={cf=cfr(0,0,0,.33,-.944,-.009,.944,.33,-.024,.026,0,1);es="Linear";ed="In";};["000-offset.006"]={cf=cfr(0,0,0,-.228,-.235,-.945,-.866,-.395,.307,-.445,.888,-.113);es="Linear";ed="In";};["000-offset.003"]={cf=cfr(0,0,0,-.463,.169,.87,-.815,-.466,-.343,.348,-.868,.354);es="Linear";ed="In";};["000-offset.007"]={cf=cfr(0,0,0,.793,-.609,0,.609,.793,0,0,0,1);es="Linear";ed="In";};["000-offset.004"]={cf=cfr(0,0,0,.951,-.308,0,.308,.951,0,0,0,1);es="Linear";ed="In";};["000-offset.008"]={cf=cfr(0,0,0,.878,-.313,.363,-.1,.621,.778,-.469,-.719,.513);es="Linear";ed="In";};["000-offset.005"]={cf=cfr(0,0,0,.933,-.36,-.001,.338,.878,-.338,.123,.315,.941);es="Linear";ed="In";};};{tm=.257;["root"]={cf=cfr(0,1.198,.042,0,0,1,0,1,0,-1,0,0);es="Linear";ed="In";};["000-offset"]={cf=cfr(0,0,0,-.997,.074,0,-.074,-.997,0,0,0,1);es="Linear";ed="In";};["004-offset.001"]={cf=cfr(0,0,0,.145,-.989,0,.989,.145,0,0,0,1);es="Linear";ed="In";};["000-offset.009"]={cf=cfr(0,0,0,-.746,-.546,.381,.528,-.834,-.159,.405,.083,.911);es="Linear";ed="In";};["000-offset.012"]={cf=cfr(0,0,0,-.456,-.867,-.201,.831,-.496,.252,-.318,-.053,.947);es="Linear";ed="In";};["000-offset.001"]={cf=cfr(0,0,0,.999,.041,0,-.041,.999,0,0,0,1);es="Linear";ed="In";};["000-offset.010"]={cf=cfr(0,0,0,-.09,.996,0,-.996,-.09,0,0,0,1);es="Linear";ed="In";};["000-offset.013"]={cf=cfr(0,0,0,.103,.995,0,-.995,.103,0,0,0,1);es="Linear";ed="In";};["004-offset"]={cf=cfr(0,0,0,.034,-.999,0,.999,.034,0,0,0,1);es="Linear";ed="In";};["000-offset.002"]={cf=cfr(0,0,0,.557,-.83,-.015,.83,.556,.052,-.035,-.041,.999);es="Linear";ed="In";};["000-offset.011"]={cf=cfr(0,0,0,.508,-.862,0,.862,.508,0,0,0,1);es="Linear";ed="In";};["000-offset.014"]={cf=cfr(0,0,0,.383,-.924,-.011,.923,.383,-.027,.03,0,1);es="Linear";ed="In";};["000-offset.006"]={cf=cfr(0,0,0,-.233,-.234,-.944,-.86,-.404,.312,-.454,.885,-.107);es="Linear";ed="In";};["000-offset.003"]={cf=cfr(0,0,0,-.523,.188,.831,-.79,-.474,-.39,.32,-.86,.397);es="Linear";ed="In";};["000-offset.007"]={cf=cfr(0,0,0,.793,-.609,0,.609,.793,0,0,0,1);es="Linear";ed="In";};["000-offset.004"]={cf=cfr(0,0,0,.953,-.303,0,.303,.953,0,0,0,1);es="Linear";ed="In";};["000-offset.008"]={cf=cfr(0,0,0,.874,-.327,.36,-.014,.723,.69,-.486,-.608,.628);es="Linear";ed="In";};["000-offset.005"]={cf=cfr(0,0,0,.923,-.38,-.066,.364,.915,-.175,.127,.138,.982);es="Linear";ed="In";};};{tm=.3;["root"]={cf=cfr(0,1.198,.056,0,0,1,0,1,0,-1,0,0);es="Linear";ed="In";};["000-offset"]={cf=cfr(0,0,0,-.995,.098,0,-.098,-.995,0,0,0,1);es="Linear";ed="In";};["004-offset.001"]={cf=cfr(0,0,0,.145,-.989,0,.989,.145,0,0,0,1);es="Linear";ed="In";};["000-offset.009"]={cf=cfr(0,0,0,-.763,-.497,.412,.473,-.865,-.166,.44,.068,.896);es="Linear";ed="In";};["000-offset.012"]={cf=cfr(0,0,0,-.545,-.8,-.25,.753,-.599,.273,-.368,-.039,.929);es="Linear";ed="In";};["000-offset.001"]={cf=cfr(0,0,0,.997,.071,0,-.071,.997,0,0,0,1);es="Linear";ed="In";};["000-offset.010"]={cf=cfr(0,0,0,-.091,.996,0,-.996,-.091,0,0,0,1);es="Linear";ed="In";};["000-offset.013"]={cf=cfr(0,0,0,.041,.999,0,-.999,.041,0,0,0,1);es="Linear";ed="In";};["004-offset"]={cf=cfr(0,0,0,.034,-.999,0,.999,.034,0,0,0,1);es="Linear";ed="In";};["000-offset.002"]={cf=cfr(0,0,0,.557,-.83,-.015,.829,.556,.052,-.035,-.041,.999);es="Linear";ed="In";};["000-offset.011"]={cf=cfr(0,0,0,.508,-.862,0,.862,.508,0,0,0,1);es="Linear";ed="In";};["000-offset.014"]={cf=cfr(0,0,0,.428,-.903,-.013,.903,.429,-.027,.03,0,1);es="Linear";ed="In";};["000-offset.006"]={cf=cfr(0,0,0,-.252,-.236,-.939,-.849,-.411,.331,-.464,.88,-.097);es="Linear";ed="In";};["000-offset.003"]={cf=cfr(0,0,0,-.59,.206,.781,-.752,-.492,-.439,.294,-.846,.445);es="Linear";ed="In";};["000-offset.007"]={cf=cfr(0,0,0,.793,-.609,0,.609,.793,0,0,0,1);es="Linear";ed="In";};["000-offset.004"]={cf=cfr(0,0,0,.953,-.302,0,.302,.953,0,0,0,1);es="Linear";ed="In";};["000-offset.008"]={cf=cfr(0,0,0,.861,-.349,.371,.073,.806,.587,-.504,-.478,.719);es="Linear";ed="In";};["000-offset.005"]={cf=cfr(0,0,0,.911,-.388,-.138,.39,.921,-.013,.132,-.042,.99);es="Linear";ed="In";};};{tm=.343;["root"]={cf=cfr(0,1.198,.07,0,0,1,0,1,0,-1,0,0);es="Linear";ed="In";};["000-offset"]={cf=cfr(0,0,0,-.991,.133,0,-.133,-.991,0,0,0,1);es="Linear";ed="In";};["004-offset.001"]={cf=cfr(0,0,0,.145,-.989,0,.989,.145,0,0,0,1);es="Linear";ed="In";};["000-offset.009"]={cf=cfr(0,0,0,-.774,-.453,.443,.424,-.89,-.17,.471,.056,.88);es="Linear";ed="In";};["000-offset.012"]={cf=cfr(0,0,0,-.616,-.727,-.304,.667,-.687,.29,-.419,-.024,.908);es="Linear";ed="In";};["000-offset.001"]={cf=cfr(0,0,0,.994,.107,0,-.107,.994,0,0,0,1);es="Linear";ed="In";};["000-offset.010"]={cf=cfr(0,0,0,-.1,.995,0,-.995,-.1,0,0,0,1);es="Linear";ed="In";};["000-offset.013"]={cf=cfr(0,0,0,-.026,1,0,-1,-.026,0,0,0,1);es="Linear";ed="In";};["004-offset"]={cf=cfr(0,0,0,.034,-.999,0,.999,.034,0,0,0,1);es="Linear";ed="In";};["000-offset.002"]={cf=cfr(0,0,0,.561,-.828,-.015,.827,.559,.052,-.035,-.041,.999);es="Linear";ed="In";};["000-offset.011"]={cf=cfr(0,0,0,.512,-.859,0,.859,.512,0,0,0,1);es="Linear";ed="In";};["000-offset.014"]={cf=cfr(0,0,0,.463,-.886,-.012,.886,.463,-.023,.026,0,1);es="Linear";ed="In";};["000-offset.006"]={cf=cfr(0,0,0,-.289,-.243,-.926,-.83,-.418,.369,-.476,.875,-.081);es="Linear";ed="In";};["000-offset.003"]={cf=cfr(0,0,0,-.661,.217,.719,-.7,-.523,-.486,.27,-.825,.497);es="Linear";ed="In";};["000-offset.007"]={cf=cfr(0,0,0,.793,-.609,0,.609,.793,0,0,0,1);es="Linear";ed="In";};["000-offset.004"]={cf=cfr(0,0,0,.951,-.308,0,.308,.951,0,0,0,1);es="Linear";ed="In";};["000-offset.008"]={cf=cfr(0,0,0,.838,-.372,.398,.155,.863,.481,-.523,-.342,.781);es="Linear";ed="In";};["000-offset.005"]={cf=cfr(0,0,0,.899,-.384,-.208,.416,.899,.136,.135,-.208,.969);es="Linear";ed="In";};};{tm=.385;["root"]={cf=cfr(0,1.198,.085,0,0,1,0,1,0,-1,0,0);es="Linear";ed="In";};["000-offset"]={cf=cfr(0,0,0,-.983,.181,0,-.181,-.983,0,0,0,1);es="Linear";ed="In";};["004-offset.001"]={cf=cfr(0,0,0,.145,-.989,0,.989,.145,0,0,0,1);es="Linear";ed="In";};["000-offset.009"]={cf=cfr(0,0,0,-.778,-.418,.47,.384,-.907,-.17,.497,.048,.866);es="Linear";ed="In";};["000-offset.012"]={cf=cfr(0,0,0,-.666,-.654,-.358,.581,-.756,.301,-.468,-.007,.884);es="Linear";ed="In";};["000-offset.001"]={cf=cfr(0,0,0,.989,.149,0,-.149,.989,0,0,0,1);es="Linear";ed="In";};["000-offset.010"]={cf=cfr(0,0,0,-.12,.993,0,-.993,-.12,0,0,0,1);es="Linear";ed="In";};["000-offset.013"]={cf=cfr(0,0,0,-.095,.995,0,-.995,-.095,0,0,0,1);es="Linear";ed="In";};["004-offset"]={cf=cfr(0,0,0,.034,-.999,0,.999,.034,0,0,0,1);es="Linear";ed="In";};["000-offset.002"]={cf=cfr(0,0,0,.567,-.823,-.015,.823,.566,.052,-.034,-.042,.999);es="Linear";ed="In";};["000-offset.011"]={cf=cfr(0,0,0,.523,-.852,0,.852,.523,0,0,0,1);es="Linear";ed="In";};["000-offset.014"]={cf=cfr(0,0,0,.482,-.876,-.008,.876,.482,-.015,.017,0,1);es="Linear";ed="In";};["000-offset.006"]={cf=cfr(0,0,0,-.346,-.257,-.902,-.8,-.422,.427,-.491,.869,-.059);es="Linear";ed="In";};["000-offset.003"]={cf=cfr(0,0,0,-.732,.217,.646,-.634,-.566,-.528,.252,-.796,.551);es="Linear";ed="In";};["000-offset.007"]={cf=cfr(0,0,0,.795,-.607,0,.607,.795,0,0,0,1);es="Linear";ed="In";};["000-offset.004"]={cf=cfr(0,0,0,.946,-.324,0,.324,.946,0,0,0,1);es="Linear";ed="In";};["000-offset.008"]={cf=cfr(0,0,0,.81,-.392,.435,.227,.895,.385,-.54,-.213,.814);es="Linear";ed="In";};["000-offset.005"]={cf=cfr(0,0,0,.888,-.372,-.27,.439,.861,.258,.137,-.347,.928);es="Linear";ed="In";};};{tm=.428;["root"]={cf=cfr(0,1.198,.099,0,0,1,0,1,0,-1,0,0);es="Linear";ed="In";};["000-offset"]={cf=cfr(0,0,0,-.97,.244,0,-.244,-.97,0,0,0,1);es="Linear";ed="In";};["004-offset.001"]={cf=cfr(0,0,0,.145,-.989,0,.989,.145,0,0,0,1);es="Linear";ed="In";};["000-offset.009"]={cf=cfr(0,0,0,-.777,-.395,.49,.359,-.918,-.169,.517,.044,.855);es="Linear";ed="In";};["000-offset.012"]={cf=cfr(0,0,0,-.695,-.592,-.408,.503,-.806,.312,-.514,.011,.858);es="Linear";ed="In";};["000-offset.001"]={cf=cfr(0,0,0,.98,.197,0,-.197,.98,0,0,0,1);es="Linear";ed="In";};["000-offset.010"]={cf=cfr(0,0,0,-.152,.988,0,-.988,-.152,0,0,0,1);es="Linear";ed="In";};["000-offset.013"]={cf=cfr(0,0,0,-.166,.986,0,-.986,-.166,0,0,0,1);es="Linear";ed="In";};["004-offset"]={cf=cfr(0,0,0,.034,-.999,0,.999,.034,0,0,0,1);es="Linear";ed="In";};["002-offset"]={cf=cfr(0,0,0,.035,-.999,0,.999,.035,0,0,0,1);es="Linear";ed="In";};["000-offset.002"]={cf=cfr(0,0,0,.579,-.816,-.015,.815,.577,.052,-.034,-.042,.999);es="Linear";ed="In";};["000-offset.011"]={cf=cfr(0,0,0,.541,-.841,0,.841,.541,0,0,0,1);es="Linear";ed="In";};["000-offset.014"]={cf=cfr(0,0,0,.481,-.877,0,.877,.481,0,0,0,1);es="Linear";ed="In";};["000-offset.006"]={cf=cfr(0,0,0,-.425,-.28,-.861,-.75,-.423,.508,-.507,.862,-.03);es="Linear";ed="In";};["000-offset.003"]={cf=cfr(0,0,0,-.8,.2,.566,-.551,-.62,-.558,.239,-.758,.607);es="Linear";ed="In";};["000-offset.007"]={cf=cfr(0,0,0,.797,-.603,0,.603,.797,0,0,0,1);es="Linear";ed="In";};["000-offset.004"]={cf=cfr(0,0,0,.937,-.35,0,.35,.937,0,0,0,1);es="Linear";ed="In";};["000-offset.008"]={cf=cfr(0,0,0,.78,-.407,.476,.285,.907,.309,-.557,-.106,.823);es="Linear";ed="In";};["000-offset.005"]={cf=cfr(0,0,0,.878,-.358,-.318,.459,.818,.346,.136,-.449,.883);es="Linear";ed="In";};};{tm=.471;["root"]={cf=cfr(0,1.198,.113,0,0,1,0,1,0,-1,0,0);es="Linear";ed="In";};["000-offset"]={cf=cfr(0,0,0,-.934,.358,0,-.358,-.934,0,0,0,1);es="Linear";ed="In";};["004-offset.001"]={cf=cfr(0,0,0,.145,-.989,0,.989,.145,0,0,0,1);es="Linear";ed="In";};["000-offset.009"]={cf=cfr(0,0,0,-.769,-.397,.502,.367,-.916,-.162,.524,.06,.85);es="Linear";ed="In";};["000-offset.012"]={cf=cfr(0,0,0,-.694,-.553,-.46,.435,-.832,.344,-.573,.039,.818);es="Linear";ed="In";};["000-offset.001"]={cf=cfr(0,0,0,.962,.274,.002,-.274,.962,.007,0,-.008,1);es="Linear";ed="In";};["000-offset.010"]={cf=cfr(0,0,0,-.222,.975,0,-.975,-.222,0,0,0,1);es="Linear";ed="In";};["000-offset.013"]={cf=cfr(0,0,0,-.267,.964,0,-.964,-.267,0,0,0,1);es="Linear";ed="In";};["004-offset"]={cf=cfr(0,0,0,.034,-.999,0,.999,.034,0,0,0,1);es="Linear";ed="In";};["002-offset"]={cf=cfr(0,0,0,.032,-.999,-.007,.999,.031,.006,-.005,-.007,1);es="Linear";ed="In";};["000-offset.002"]={cf=cfr(0,0,0,.601,-.799,-.009,.798,.6,.047,-.032,-.036,.999);es="Linear";ed="In";};["000-offset.011"]={cf=cfr(0,0,0,.585,-.811,-.003,.811,.585,-.002,.004,-.001,1);es="Linear";ed="In";};["000-offset.014"]={cf=cfr(0,0,0,.435,-.9,.028,.899,.436,.038,-.046,.008,.999);es="Linear";ed="In";};["000-offset.006"]={cf=cfr(0,0,0,-.577,-.336,-.744,-.62,-.413,.668,-.532,.847,.03);es="Linear";ed="In";};["000-offset.003"]={cf=cfr(0,0,0,-.861,.163,.482,-.451,-.683,-.575,.235,-.712,.661);es="Linear";ed="In";};["000-offset.007"]={cf=cfr(0,0,0,.812,-.583,0,.583,.812,0,0,0,1);es="Linear";ed="In";};["000-offset.004"]={cf=cfr(0,0,0,.743,-.669,0,.669,.743,0,0,0,1);es="Linear";ed="In";};["000-offset.008"]={cf=cfr(0,0,0,.751,-.419,.51,.328,.908,.263,-.573,-.03,.819);es="Linear";ed="In";};["000-offset.005"]={cf=cfr(0,0,0,.87,-.351,-.347,.475,.786,.396,.133,-.509,.85);es="Linear";ed="In";};};{tm=.514;["root"]={cf=cfr(0,1.198,.127,0,0,1,0,1,0,-1,0,0);es="Linear";ed="In";};["000-offset"]={cf=cfr(0,0,0,-.851,.525,0,-.525,-.851,0,0,0,1);es="Linear";ed="In";};["004-offset.001"]={cf=cfr(0,0,0,.145,-.989,0,.989,.145,0,0,0,1);es="Linear";ed="In";};["000-offset.009"]={cf=cfr(0,0,0,-.75,-.424,.507,.408,-.901,-.149,.52,.095,.849);es="Linear";ed="In";};["000-offset.012"]={cf=cfr(0,0,0,-.664,-.541,-.516,.372,-.837,.401,-.649,.074,.757);es="Linear";ed="In";};["000-offset.001"]={cf=cfr(0,0,0,.923,.386,.009,-.386,.922,.021,0,-.023,1);es="Linear";ed="In";};["000-offset.010"]={cf=cfr(0,0,0,-.336,.942,0,-.942,-.336,0,0,0,1);es="Linear";ed="In";};["000-offset.013"]={cf=cfr(0,0,0,-.405,.914,0,-.914,-.405,0,0,0,1);es="Linear";ed="In";};["004-offset"]={cf=cfr(0,0,0,.03,-1,0,1,.03,0,0,0,1);es="Linear";ed="In";};["002-offset"]={cf=cfr(0,0,0,.024,-.999,-.021,1,.023,.016,-.016,-.022,1);es="Linear";ed="In";};["000-offset.002"]={cf=cfr(0,0,0,.637,-.771,.002,.77,.637,.038,-.03,-.023,.999);es="Linear";ed="In";};["000-offset.011"]={cf=cfr(0,0,0,.655,-.756,-.01,.756,.655,-.006,.011,-.003,1);es="Linear";ed="In";};["000-offset.014"]={cf=cfr(0,0,0,.332,-.941,.065,.935,.338,.111,-.127,.024,.992);es="Linear";ed="In";};["000-offset.006"]={cf=cfr(0,0,0,-.748,-.445,-.493,-.346,-.372,.861,-.567,.815,.124);es="Linear";ed="In";};["000-offset.003"]={cf=cfr(0,0,0,-.91,.1,.402,-.336,-.746,-.575,.242,-.658,.713);es="Linear";ed="In";};["000-offset.007"]={cf=cfr(0,0,0,.839,-.544,0,.544,.839,0,0,0,1);es="Linear";ed="In";};["000-offset.004"]={cf=cfr(0,0,0,.753,-.658,0,.658,.753,0,0,0,1);es="Linear";ed="In";};["000-offset.008"]={cf=cfr(0,0,0,.73,-.431,.531,.352,.902,.249,-.586,.005,.81);es="Linear";ed="In";};["000-offset.005"]={cf=cfr(0,0,0,.863,-.356,-.36,.49,.766,.417,.127,-.536,.835);es="Linear";ed="In";};};{tm=.557;["root"]={cf=cfr(0,1.198,.127,0,0,1,0,1,0,-1,0,0);es="Linear";ed="In";};["000-offset"]={cf=cfr(0,0,0,-.718,.696,0,-.696,-.718,0,0,0,1);es="Linear";ed="In";};["004-offset.001"]={cf=cfr(0,0,0,.146,-.989,0,.989,.146,0,0,0,1);es="Linear";ed="In";};["000-offset.009"]={cf=cfr(0,0,0,-.726,-.464,.508,.461,-.876,-.141,.511,.132,.849);es="Linear";ed="In";};["000-offset.012"]={cf=cfr(0,0,0,-.62,-.546,-.564,.314,-.831,.459,-.719,.107,.687);es="Linear";ed="In";};["000-offset.001"]={cf=cfr(0,0,0,.863,.505,.017,-.506,.862,.03,0,-.034,.999);es="Linear";ed="In";};["000-offset.010"]={cf=cfr(0,0,0,-.464,.886,0,-.886,-.464,0,0,0,1);es="Linear";ed="In";};["000-offset.013"]={cf=cfr(0,0,0,-.54,.841,0,-.841,-.54,0,0,0,1);es="Linear";ed="In";};["004-offset"]={cf=cfr(0,0,0,.029,-1,0,1,.029,0,0,0,1);es="Linear";ed="In";};["002-offset"]={cf=cfr(0,0,0,.018,-.999,-.032,1,.017,.024,-.024,-.032,.999);es="Linear";ed="In";};["000-offset.002"]={cf=cfr(0,0,0,.679,-.734,.008,.733,.679,.03,-.028,-.014,1);es="Linear";ed="In";};["000-offset.011"]={cf=cfr(0,0,0,.728,-.685,-.015,.685,.728,-.007,.016,-.005,1);es="Linear";ed="In";};["000-offset.014"]={cf=cfr(0,0,0,.195,-.978,.079,.957,.207,.202,-.213,.036,.976);es="Linear";ed="In";};["000-offset.006"]={cf=cfr(0,0,0,-.795,-.584,-.164,.002,-.272,.962,-.606,.765,.218);es="Linear";ed="In";};["000-offset.003"]={cf=cfr(0,0,0,-.945,-.033,.324,-.162,-.814,-.557,.282,-.579,.765);es="Linear";ed="In";};["000-offset.007"]={cf=cfr(0,0,0,.862,-.507,0,.507,.862,0,0,0,1);es="Linear";ed="In";};["000-offset.004"]={cf=cfr(0,0,0,.8,-.599,0,.599,.8,0,0,0,1);es="Linear";ed="In";};["000-offset.008"]={cf=cfr(0,0,0,.76,-.484,.435,.255,.837,.485,-.598,-.258,.759);es="Linear";ed="In";};["000-offset.005"]={cf=cfr(0,0,0,.855,-.369,-.365,.505,.752,.424,.118,-.546,.829);es="Linear";ed="In";};};{tm=.6;["root"]={cf=cfr(0,1.213,.141,0,0,1,0,1,0,-1,0,0);es="Linear";ed="In";};["000-offset"]={cf=cfr(0,0,0,-.554,.833,0,-.833,-.554,0,0,0,1);es="Linear";ed="In";};["004-offset.001"]={cf=cfr(0,0,0,.146,-.989,0,.989,.146,0,0,0,1);es="Linear";ed="In";};["000-offset.009"]={cf=cfr(0,0,0,-.703,-.502,.504,.504,-.851,-.145,.502,.152,.851);es="Linear";ed="In";};["000-offset.012"]={cf=cfr(0,0,0,-.584,-.55,-.597,.267,-.824,.499,-.767,.132,.628);es="Linear";ed="In";};["000-offset.001"]={cf=cfr(0,0,0,.793,.609,.019,-.609,.793,.024,0,-.03,1);es="Linear";ed="In";};["000-offset.010"]={cf=cfr(0,0,0,-.582,.813,0,-.813,-.582,0,0,0,1);es="Linear";ed="In";};["000-offset.013"]={cf=cfr(0,0,0,-.643,.765,0,-.765,-.643,0,0,0,1);es="Linear";ed="In";};["004-offset"]={cf=cfr(0,0,0,.028,-1,0,1,.028,0,0,0,1);es="Linear";ed="In";};["002-offset"]={cf=cfr(0,0,0,.02,-.999,-.028,1,.019,.022,-.021,-.029,.999);es="Linear";ed="In";};["000-offset.002"]={cf=cfr(0,0,0,.721,-.693,.005,.693,.72,.032,-.025,-.02,.999);es="Linear";ed="In";};["000-offset.011"]={cf=cfr(0,0,0,.785,-.619,-.014,.619,.785,-.005,.014,-.005,1);es="Linear";ed="In";};["000-offset.014"]={cf=cfr(0,0,0,.054,-.997,.048,.958,.065,.279,-.281,.031,.959);es="Linear";ed="In";};["000-offset.006"]={cf=cfr(0,0,0,-.71,-.693,.124,.286,-.123,.95,-.643,.71,.286);es="Linear";ed="In";};["000-offset.003"]={cf=cfr(0,0,0,-.928,-.259,.268,.086,-.848,-.523,.363,-.462,.809);es="Linear";ed="In";};["000-offset.007"]={cf=cfr(0,0,0,.867,-.498,0,.498,.867,0,0,0,1);es="Linear";ed="In";};["000-offset.004"]={cf=cfr(0,0,0,.849,-.528,0,.528,.849,0,0,0,1);es="Linear";ed="In";};["000-offset.008"]={cf=cfr(0,0,0,.792,-.538,.288,.062,.541,.839,-.607,-.647,.462);es="Linear";ed="In";};["000-offset.005"]={cf=cfr(0,0,0,.846,-.391,-.362,.522,.743,.418,.105,-.543,.833);es="Linear";ed="In";};};{tm=.642;["root"]={cf=cfr(0,1.213,.141,0,0,1,0,1,0,-1,0,0);es="Linear";ed="In";};["000-offset"]={cf=cfr(0,0,0,-.402,.915,0,-.915,-.402,0,0,0,1);es="Linear";ed="In";};["004-offset.001"]={cf=cfr(0,0,0,.146,-.989,0,.989,.146,0,0,0,1);es="Linear";ed="In";};["000-offset.009"]={cf=cfr(0,0,0,-.694,-.527,.49,.518,-.839,-.169,.5,.136,.855);es="Linear";ed="In";};["000-offset.012"]={cf=cfr(0,0,0,-.58,-.535,-.614,.23,-.831,.506,-.781,.152,.605);es="Linear";ed="In";};["000-offset.001"]={cf=cfr(0,0,0,.733,.68,0,-.68,.733,0,0,0,1);es="Linear";ed="In";};["000-offset.010"]={cf=cfr(0,0,0,-.669,.744,0,-.744,-.669,0,0,0,1);es="Linear";ed="In";};["000-offset.013"]={cf=cfr(0,0,0,-.694,.72,0,-.72,-.694,0,0,0,1);es="Linear";ed="In";};["004-offset"]={cf=cfr(0,0,0,.035,-.999,0,.999,.035,0,0,0,1);es="Linear";ed="In";};["002-offset"]={cf=cfr(0,0,0,.035,-.999,0,.999,.035,0,0,0,1);es="Linear";ed="In";};["000-offset.002"]={cf=cfr(0,0,0,.756,-.655,-.015,.654,.754,.052,-.023,-.049,.999);es="Linear";ed="In";};["000-offset.011"]={cf=cfr(0,0,0,.814,-.58,0,.58,.814,0,0,0,1);es="Linear";ed="In";};["000-offset.014"]={cf=cfr(0,0,0,-.065,-.998,-.021,.95,-.068,.304,-.305,0,.952);es="Linear";ed="In";};["000-offset.006"]={cf=cfr(0,0,0,-.607,-.742,.285,.422,.003,.907,-.673,.671,.311);es="Linear";ed="In";};["000-offset.003"]={cf=cfr(0,0,0,-.817,-.516,.259,.349,-.798,-.49,.46,-.31,.832);es="Linear";ed="In";};["000-offset.007"]={cf=cfr(0,0,0,.843,-.538,0,.538,.843,0,0,0,1);es="Linear";ed="In";};["000-offset.004"]={cf=cfr(0,0,0,.874,-.486,0,.486,.874,0,0,0,1);es="Linear";ed="In";};["000-offset.008"]={cf=cfr(0,0,0,.792,-.576,.205,-.01,.323,.946,-.611,-.751,.25);es="Linear";ed="In";};["000-offset.005"]={cf=cfr(0,0,0,.837,-.419,-.351,.539,.74,.403,.091,-.526,.845);es="Linear";ed="In";};};{tm=.685;["root"]={cf=cfr(0,1.241,.141,0,0,1,0,1,0,-1,0,0);es="Linear";ed="In";};["000-offset"]={cf=cfr(0,0,0,-.304,.953,0,-.953,-.304,.001,.001,0,1);es="Linear";ed="In";};["004-offset.001"]={cf=cfr(0,0,0,.146,-.989,0,.989,.146,0,0,0,1);es="Linear";ed="In";};["000-offset.009"]={cf=cfr(0,0,0,-.714,-.533,.454,.482,-.844,-.235,.508,.051,.86);es="Linear";ed="In";};["000-offset.012"]={cf=cfr(0,0,0,-.615,-.492,-.616,.198,-.853,.483,-.763,.175,.622);es="Linear";ed="In";};["000-offset.001"]={cf=cfr(0,0,0,.703,.709,-.052,-.711,.701,-.055,-.003,.076,.997);es="Linear";ed="In";};["000-offset.010"]={cf=cfr(0,0,0,-.731,.682,0,-.682,-.731,0,0,0,1);es="Linear";ed="In";};["000-offset.013"]={cf=cfr(0,0,0,-.701,.714,0,-.714,-.701,0,0,0,1);es="Linear";ed="In";};["004-offset"]={cf=cfr(0,0,0,.048,-.999,0,.999,.048,0,0,0,1);es="Linear";ed="In";};["002-offset"]={cf=cfr(0,0,0,.136,-.975,.174,.985,.114,-.129,.106,.189,.976);es="Linear";ed="In";};["000-offset.002"]={cf=cfr(0,0,0,.788,-.613,-.062,.616,.781,.107,-.017,-.123,.992);es="Linear";ed="In";};["000-offset.011"]={cf=cfr(0,0,0,.761,-.642,.088,.638,.766,.076,-.116,-.002,.993);es="Linear";ed="In";};["000-offset.014"]={cf=cfr(0,0,0,-.166,-.977,-.134,.951,-.194,.24,-.26,-.088,.962);es="Linear";ed="In";};["000-offset.006"]={cf=cfr(0,0,0,-.553,-.756,.349,.453,.079,.888,-.699,.65,.299);es="Linear";ed="In";};["000-offset.003"]={cf=cfr(0,0,0,-.619,-.729,.294,.56,-.671,-.486,.551,-.136,.823);es="Linear";ed="In";};["000-offset.007"]={cf=cfr(0,0,0,.762,-.647,0,.647,.762,0,0,0,1);es="Linear";ed="In";};["000-offset.004"]={cf=cfr(0,0,0,.85,-.527,0,.527,.85,0,0,0,1);es="Linear";ed="In";};["000-offset.008"]={cf=cfr(0,0,0,.787,-.587,.188,.098,.421,.902,-.609,-.691,.389);es="Linear";ed="In";};["000-offset.005"]={cf=cfr(0,0,0,.828,-.45,-.333,.555,.74,.38,.076,-.499,.863);es="Linear";ed="In";};};{tm=.728;["root"]={cf=cfr(0,1.283,.113,0,0,1,0,1,0,-1,0,0);es="Linear";ed="In";};["000-offset"]={cf=cfr(0,0,0,-.246,.969,0,-.969,-.246,-.002,-.002,0,1);es="Linear";ed="In";};["004-offset.001"]={cf=cfr(0,0,0,.149,-.989,0,.989,.149,0,0,0,1);es="Linear";ed="In";};["000-offset.009"]={cf=cfr(0,0,0,-.749,-.523,.407,.409,-.848,-.338,.522,-.087,.849);es="Linear";ed="In";};["000-offset.012"]={cf=cfr(0,0,0,-.671,-.43,-.604,.159,-.879,.45,-.724,.206,.658);es="Linear";ed="In";};["000-offset.001"]={cf=cfr(0,0,0,.697,.705,-.131,-.717,.684,-.137,-.007,.19,.982);es="Linear";ed="In";};["000-offset.010"]={cf=cfr(0,0,0,-.78,.626,0,-.626,-.78,0,0,0,1);es="Linear";ed="In";};["000-offset.013"]={cf=cfr(0,0,0,-.688,.726,0,-.726,-.688,0,0,0,1);es="Linear";ed="In";};["004-offset"]={cf=cfr(0,0,0,.066,-.998,0,.998,.066,0,0,0,1);es="Linear";ed="In";};["002-offset"]={cf=cfr(0,0,0,.197,-.945,.26,.954,.123,-.274,.227,.302,.926);es="Linear";ed="In";};["000-offset.002"]={cf=cfr(0,0,0,.819,-.56,-.126,.574,.795,.196,-.01,-.233,.972);es="Linear";ed="In";};["000-offset.011"]={cf=cfr(0,0,0,.646,-.75,.142,.747,.659,.086,-.158,.05,.986);es="Linear";ed="In";};["000-offset.014"]={cf=cfr(0,0,0,-.266,-.928,-.261,.951,-.297,.089,-.161,-.224,.961);es="Linear";ed="In";};["000-offset.006"]={cf=cfr(0,0,0,-.522,-.761,.386,.45,.139,.882,-.725,.634,.27);es="Linear";ed="In";};["000-offset.003"]={cf=cfr(0,0,0,-.387,-.851,.355,.682,-.523,-.51,.62,.045,.783);es="Linear";ed="In";};["000-offset.007"]={cf=cfr(0,0,0,.613,-.79,0,.79,.613,0,0,0,1);es="Linear";ed="In";};["000-offset.004"]={cf=cfr(0,0,0,.798,-.602,0,.602,.798,0,0,0,1);es="Linear";ed="In";};["000-offset.008"]={cf=cfr(0,0,0,.75,-.623,.223,.272,.598,.754,-.603,-.505,.618);es="Linear";ed="In";};["000-offset.005"]={cf=cfr(0,0,0,.82,-.482,-.309,.57,.743,.351,.06,-.463,.884);es="Linear";ed="In";};};{tm=.771;["root"]={cf=cfr(0,1.325,.085,0,0,1,0,1,0,-1,0,0);es="Linear";ed="In";};["000-offset"]={cf=cfr(0,0,0,-.197,.98,-.004,-.98,-.197,-.022,-.022,0,1);es="Linear";ed="In";};["004-offset.001"]={cf=cfr(0,0,0,.152,-.988,0,.988,.152,0,0,0,1);es="Linear";ed="In";};["000-offset.009"]={cf=cfr(0,0,0,-.776,-.509,.373,.333,-.832,-.444,.536,-.221,.815);es="Linear";ed="In";};["000-offset.012"]={cf=cfr(0,0,0,-.736,-.353,-.577,.11,-.904,.413,-.668,.24,.705);es="Linear";ed="In";};["000-offset.001"]={cf=cfr(0,0,0,.698,.682,-.219,-.716,.661,-.223,-.008,.312,.95);es="Linear";ed="In";};["000-offset.010"]={cf=cfr(0,0,0,-.811,.586,0,-.586,-.811,0,0,0,1);es="Linear";ed="In";};["000-offset.013"]={cf=cfr(0,0,0,-.659,.752,0,-.752,-.659,0,0,0,1);es="Linear";ed="In";};["004-offset"]={cf=cfr(0,0,0,.085,-.996,0,.996,.085,0,0,0,1);es="Linear";ed="In";};["002-offset"]={cf=cfr(0,0,0,.133,-.98,.147,.946,.082,-.313,.295,.18,.938);es="Linear";ed="In";};["000-offset.002"]={cf=cfr(0,0,0,.844,-.505,-.18,.536,.791,.295,-.006,-.345,.938);es="Linear";ed="In";};["000-offset.011"]={cf=cfr(0,0,0,.561,-.812,.16,.811,.5,-.305,.168,.301,.939);es="Linear";ed="In";};["000-offset.014"]={cf=cfr(0,0,0,-.356,-.866,-.35,.934,-.347,-.091,-.043,-.359,.932);es="Linear";ed="In";};["000-offset.006"]={cf=cfr(0,0,0,-.507,-.763,.401,.424,.184,.887,-.75,.62,.23);es="Linear";ed="In";};["000-offset.003"]={cf=cfr(0,0,0,-.144,-.89,.432,.73,-.39,-.561,.668,.235,.706);es="Linear";ed="In";};["000-offset.007"]={cf=cfr(0,0,0,.414,-.91,0,.91,.414,0,0,0,1);es="Linear";ed="In";};["000-offset.004"]={cf=cfr(0,0,0,.749,-.663,0,.663,.749,0,0,0,1);es="Linear";ed="In";};["000-offset.008"]={cf=cfr(0,0,0,.657,-.67,.346,.462,.72,.518,-.596,-.181,.782);es="Linear";ed="In";};["000-offset.005"]={cf=cfr(0,0,0,.812,-.514,-.278,.582,.748,.318,.045,-.42,.907);es="Linear";ed="In";};};{tm=.814;["root"]={cf=cfr(0,1.368,.056,0,0,1,0,1,0,-1,0,0);es="Linear";ed="In";};["000-offset"]={cf=cfr(0,0,0,-.15,.989,-.016,-.983,-.151,-.103,-.105,0,.995);es="Linear";ed="In";};["004-offset.001"]={cf=cfr(0,0,0,.151,-.988,0,.988,.151,0,0,0,1);es="Linear";ed="In";};["000-offset.009"]={cf=cfr(0,0,0,-.785,-.509,.354,.291,-.807,-.514,.547,-.3,.782);es="Linear";ed="In";};["000-offset.012"]={cf=cfr(0,0,0,-.799,-.269,-.538,.055,-.924,.38,-.599,.273,.752);es="Linear";ed="In";};["000-offset.001"]={cf=cfr(0,0,0,.686,.661,-.303,-.727,.624,-.286,0,.417,.909);es="Linear";ed="In";};["000-offset.010"]={cf=cfr(0,0,0,-.819,.574,0,-.574,-.819,0,0,0,1);es="Linear";ed="In";};["000-offset.013"]={cf=cfr(0,0,0,-.617,.787,0,-.787,-.617,0,0,0,1);es="Linear";ed="In";};["004-offset"]={cf=cfr(0,0,0,.106,-.994,0,.994,.106,0,0,0,1);es="Linear";ed="In";};["002-offset"]={cf=cfr(0,0,0,.044,-.999,-.007,.93,.043,-.365,.365,.01,.931);es="Linear";ed="In";};["000-offset.002"]={cf=cfr(0,0,0,.86,-.465,-.209,.51,.774,.375,-.013,-.429,.903);es="Linear";ed="In";};["000-offset.011"]={cf=cfr(0,0,0,.321,-.91,.261,.817,.127,-.562,.479,.394,.785);es="Linear";ed="In";};["000-offset.014"]={cf=cfr(0,0,0,-.428,-.82,-.38,.902,-.363,-.234,.054,-.443,.895);es="Linear";ed="In";};["000-offset.006"]={cf=cfr(0,0,0,-.502,-.766,.401,.385,.217,.897,-.774,.605,.187);es="Linear";ed="In";};["000-offset.003"]={cf=cfr(0,0,0,.107,-.862,.496,.699,-.29,-.654,.707,.417,.571);es="Linear";ed="In";};["000-offset.007"]={cf=cfr(0,0,0,.214,-.977,0,.977,.214,0,0,0,1);es="Linear";ed="In";};["000-offset.004"]={cf=cfr(0,0,0,.689,-.724,0,.724,.689,0,0,0,1);es="Linear";ed="In";};["000-offset.008"]={cf=cfr(0,0,0,.52,-.665,.537,.617,.726,.302,-.591,.174,.788);es="Linear";ed="In";};["000-offset.005"]={cf=cfr(0,0,0,.805,-.542,-.243,.593,.755,.282,.031,-.37,.928);es="Linear";ed="In";};};{tm=.857;["root"]={cf=cfr(0,1.382,.07,0,0,1,0,1,0,-1,0,0);es="Linear";ed="In";};["000-offset"]={cf=cfr(0,0,0,-.118,.993,-.022,-.977,-.12,-.178,-.179,0,.984);es="Linear";ed="In";};["004-offset.001"]={cf=cfr(0,0,0,.151,-.989,0,.989,.151,0,0,0,1);es="Linear";ed="In";};["000-offset.009"]={cf=cfr(0,0,0,-.707,-.59,.391,.463,-.803,-.374,.535,-.084,.841);es="Linear";ed="In";};["000-offset.012"]={cf=cfr(0,0,0,-.85,-.187,-.493,.001,-.936,.353,-.527,.299,.795);es="Linear";ed="In";};["000-offset.001"]={cf=cfr(0,0,0,.61,.682,-.403,-.79,.567,-.234,.069,.461,.885);es="Linear";ed="In";};["000-offset.010"]={cf=cfr(0,0,0,-.64,.769,0,-.769,-.64,0,0,0,1);es="Linear";ed="In";};["000-offset.013"]={cf=cfr(0,0,0,-.567,.824,0,-.824,-.567,0,0,0,1);es="Linear";ed="In";};["004-offset"]={cf=cfr(0,0,0,.127,-.992,0,.992,.127,0,0,0,1);es="Linear";ed="In";};["002-offset"]={cf=cfr(0,0,0,-.055,-.984,-.171,.9,.026,-.434,.432,-.178,.884);es="Linear";ed="In";};["000-offset.002"]={cf=cfr(0,0,0,.86,-.465,-.208,.508,.745,.432,-.046,-.478,.877);es="Linear";ed="In";};["000-offset.011"]={cf=cfr(0,0,0,-.233,-.953,.191,.843,-.296,-.449,.485,.057,.873);es="Linear";ed="In";};["000-offset.014"]={cf=cfr(0,0,0,-.411,-.886,-.213,.91,-.386,-.151,.052,-.256,.965);es="Linear";ed="In";};["000-offset.006"]={cf=cfr(0,0,0,-.501,-.772,.39,.341,.238,.909,-.795,.589,.144);es="Linear";ed="In";};["000-offset.003"]={cf=cfr(0,0,0,.327,-.795,.51,.586,-.253,-.77,.742,.551,.383);es="Linear";ed="In";};["000-offset.007"]={cf=cfr(0,0,0,.074,-.997,0,.997,.074,0,0,0,1);es="Linear";ed="In";};["000-offset.004"]={cf=cfr(0,0,0,.624,-.782,0,.782,.624,0,0,0,1);es="Linear";ed="In";};["000-offset.008"]={cf=cfr(0,0,0,.383,-.603,.7,.712,.675,.192,-.588,.425,.688);es="Linear";ed="In";};["000-offset.005"]={cf=cfr(0,0,0,.8,-.564,-.205,.6,.762,.244,.018,-.318,.948);es="Linear";ed="In";};};{tm=.899;["root"]={cf=cfr(0,1.311,.127,0,0,1,0,1,0,-1,0,0);es="Linear";ed="In";};["000-offset"]={cf=cfr(0,0,0,-.096,.995,-.011,-.989,-.096,-.114,-.114,0,.993);es="Linear";ed="In";};["004-offset.001"]={cf=cfr(0,0,0,.15,-.989,0,.989,.15,0,0,0,1);es="Linear";ed="In";};["000-offset.009"]={cf=cfr(0,0,0,-.743,-.483,.464,.451,-.873,-.187,.495,.07,.866);es="Linear";ed="In";};["000-offset.012"]={cf=cfr(0,0,0,-.887,-.119,-.447,-.041,-.943,.331,-.461,.312,.831);es="Linear";ed="In";};["000-offset.001"]={cf=cfr(0,0,0,.588,.718,-.373,-.809,.513,-.289,-.016,.472,.882);es="Linear";ed="In";};["000-offset.010"]={cf=cfr(0,0,0,-.798,.602,0,-.602,-.798,0,0,0,1);es="Linear";ed="In";};["000-offset.013"]={cf=cfr(0,0,0,-.512,.859,0,-.859,-.512,0,0,0,1);es="Linear";ed="In";};["004-offset"]={cf=cfr(0,0,0,.147,-.989,0,.989,.147,0,0,0,1);es="Linear";ed="In";};["002-offset"]={cf=cfr(0,0,0,-.147,-.937,-.317,.86,.037,-.51,.489,-.347,.8);es="Linear";ed="In";};["000-offset.002"]={cf=cfr(0,0,0,.847,-.495,-.194,.523,.711,.47,-.095,-.499,.861);es="Linear";ed="In";};["000-offset.011"]={cf=cfr(0,0,0,-.7,-.712,.052,.617,-.639,-.46,.36,-.29,.887);es="Linear";ed="In";};["000-offset.014"]={cf=cfr(0,0,0,-.245,-.934,-.259,.967,-.216,-.136,.071,-.284,.956);es="Linear";ed="In";};["000-offset.006"]={cf=cfr(0,0,0,-.499,-.781,.375,.299,.25,.921,-.813,.572,.109);es="Linear";ed="In";};["000-offset.003"]={cf=cfr(0,0,0,.481,-.741,.468,.414,-.279,-.867,.773,.61,.173);es="Linear";ed="In";};["000-offset.007"]={cf=cfr(0,0,0,.03,-1,0,1,.03,0,0,0,1);es="Linear";ed="In";};["000-offset.004"]={cf=cfr(0,0,0,.555,-.832,0,.832,.555,0,0,0,1);es="Linear";ed="In";};["000-offset.008"]={cf=cfr(0,0,0,.261,-.547,.795,.757,.628,.183,-.599,.554,.578);es="Linear";ed="In";};["000-offset.005"]={cf=cfr(0,0,0,.797,-.581,-.166,.604,.77,.206,.008,-.265,.964);es="Linear";ed="In";};};{tm=.942;["root"]={cf=cfr(0,1.255,.169,0,0,1,0,1,0,-1,0,0);es="Linear";ed="In";};["000-offset"]={cf=cfr(0,0,0,-.094,.996,-.003,-.995,-.094,-.033,-.034,0,.999);es="Linear";ed="In";};["004-offset.001"]={cf=cfr(0,0,0,.149,-.989,0,.989,.149,0,0,0,1);es="Linear";ed="In";};["000-offset.009"]={cf=cfr(0,0,0,-.837,-.277,.471,.224,-.96,-.168,.499,-.035,.866);es="Linear";ed="In";};["000-offset.012"]={cf=cfr(0,0,0,-.91,-.078,-.408,-.059,-.948,.312,-.411,.307,.858);es="Linear";ed="In";};["000-offset.001"]={cf=cfr(0,0,0,.595,.74,-.314,-.799,.499,-.336,-.092,.45,.888);es="Linear";ed="In";};["000-offset.010"]={cf=cfr(0,0,0,-.755,.655,0,-.655,-.755,0,0,0,1);es="Linear";ed="In";};["000-offset.013"]={cf=cfr(0,0,0,-.459,.889,0,-.889,-.459,0,0,0,1);es="Linear";ed="In";};["004-offset"]={cf=cfr(0,0,0,.164,-.987,0,.987,.164,0,0,0,1);es="Linear";ed="In";};["002-offset"]={cf=cfr(0,0,0,-.223,-.877,-.427,.816,.071,-.573,.533,-.476,.7);es="Linear";ed="In";};["000-offset.002"]={cf=cfr(0,0,0,.834,-.521,-.182,.538,.696,.475,-.121,-.494,.861);es="Linear";ed="In";};["000-offset.011"]={cf=cfr(0,0,0,-.738,-.673,.037,.663,-.735,-.145,.125,-.083,.989);es="Linear";ed="In";};["000-offset.014"]={cf=cfr(0,0,0,-.115,-.942,-.315,.99,-.082,-.115,.082,-.325,.942);es="Linear";ed="In";};["000-offset.006"]={cf=c