local cfr = CFrame.new

return {{tm=0;["Head"]={cf=cfr(0,0,0,.998,-.034,-.049,.005,.867,-.498,.059,.497,.866);es="Sine";ed="In";};["LeftUpperArm"]={cf=cfr(0,0,0,.819,.539,-.196,-.539,.606,-.585,-.196,.585,.787);es="Linear";ed="In";};["RightUpperArm"]={cf=cfr(0,0,0,.94,-.33,-.089,.28,.595,.753,-.196,-.733,.652);es="Sine";ed="In";};["LeftUpperLeg"]={cf=cfr(0,0,0,.94,.089,.33,.117,.824,-.554,-.321,.559,.764);es="Sine";ed="In";};["RightUpperLeg"]={cf=cfr(0,0,0,.851,-.28,-.444,.374,.917,.139,.368,-.284,.885);es="Sine";ed="In";};["UpperTorso"]={cf=cfr(0,0,0,.996,-.075,.044,.086,.763,-.641,.015,.642,.766);es="Sine";ed="In";};["LeftLowerArm"]={cf=cfr(0,0,0,1,0,0,0,.766,-.643,0,.643,.766);es="Linear";ed="In";};["LeftLowerLeg"]={cf=cfr(0,0,0,1,0,0,0,.94,.342,0,-.342,.94);es="Sine";ed="In";};["RightLowerLeg"]={cf=cfr(0,0,0,1,0,0,0,.643,.766,0,-.766,.643);es="Linear";ed="In";};["LowerTorso"]={cf=cfr(0,-.1,0,1,0,0,0,.985,.174,0,-.174,.985);es="Sine";ed="In";};["RightLowerArm"]={cf=cfr(0,0,0,1,0,0,0,.766,-.643,0,.643,.766);es="Linear";ed="In";};};{tm=.017;["RightUpperArm"]={cf=cfr(0,.001,0,.941,-.327,-.09,.278,.591,.757,-.194,-.738,.647);es="Linear";ed="In";};["Head"]={cf=cfr(0,0,0,.998,-.034,-.047,.006,.865,-.501,.058,.5,.864);es="Linear";ed="In";};["UpperTorso"]={cf=cfr(-.001,-.017,-.004,.996,-.073,.043,.084,.78,-.62,.011,.622,.783);es="Linear";ed="In";};["RightUpperLeg"]={cf=cfr(-.002,.001,0,.856,-.281,-.433,.369,.92,.133,.361,-.274,.892);es="Linear";ed="In";};["LeftUpperLeg"]={cf=cfr(0,.003,.001,.94,.089,.33,.112,.833,-.542,-.323,.546,.773);es="Linear";ed="In";};["LeftLowerLeg"]={cf=cfr(0,0,0,1,0,0,0,.94,.342,0,-.342,.94);es="Linear";ed="In";};["LowerTorso"]={cf=cfr(0,-.101,0,1,0,0,0,.987,.164,0,-.164,.987);es="Linear";ed="In";};};{tm=.033;["RightUpperArm"]={cf=cfr(-.001,.002,-.001,.944,-.316,-.095,.271,.579,.769,-.188,-.752,.632);es="Linear";ed="In";};["Head"]={cf=cfr(0,-.001,-.001,.998,-.035,-.042,.009,.86,-.509,.054,.508,.859);es="Linear";ed="In";};["UpperTorso"]={cf=cfr(-.002,-.062,-.013,.997,-.066,.044,.079,.828,-.556,.001,.558,.83);es="Linear";ed="In";};["RightUpperLeg"]={cf=cfr(-.007,.004,0,.871,-.284,-.4,.355,.928,.114,.338,-.242,.91);es="Linear";ed="In";};["LeftUpperLeg"]={cf=cfr(0,.01,.003,.94,.089,.33,.098,.856,-.507,-.328,.509,.796);es="Linear";ed="In";};["LeftLowerLeg"]={cf=cfr(0,0,0,1,0,0,0,.94,.342,0,-.342,.94);es="Linear";ed="In";};["LowerTorso"]={cf=cfr(0,-.102,0,1,0,0,0,.991,.134,0,-.134,.991);es="Linear";ed="In";};};{tm=.05;["RightUpperArm"]={cf=cfr(-.002,.004,-.002,.949,-.297,-.102,.259,.558,.788,-.177,-.775,.607);es="Linear";ed="In";};["Head"]={cf=cfr(.001,-.002,-.001,.999,-.037,-.034,.014,.852,-.523,.048,.522,.851);es="Linear";ed="In";};["UpperTorso"]={cf=cfr(-.005,-.125,-.02,.998,-.054,.045,.069,.893,-.444,-.016,.446,.895);es="Linear";ed="In";};["RightUpperLeg"]={cf=cfr(-.013,.009,.001,.894,-.286,-.345,.333,.939,.083,.3,-.189,.935);es="Linear";ed="In";};["LeftUpperLeg"]={cf=cfr(0,.021,.006,.94,.089,.33,.074,.891,-.448,-.334,.445,.831);es="Linear";ed="In";};["LeftLowerLeg"]={cf=cfr(0,0,0,1,0,0,0,.94,.342,0,-.342,.94);es="Linear";ed="In";};["LowerTorso"]={cf=cfr(0,-.105,0,1,0,0,0,.996,.086,0,-.086,.996);es="Linear";ed="In";};};{tm=.067;["RightUpperArm"]={cf=cfr(-.004,.007,-.003,.956,-.272,-.111,.245,.528,.813,-.163,-.804,.572);es="Linear";ed="In";};["Head"]={cf=cfr(.001,-.002,-.002,.999,-.038,-.023,.02,.84,-.542,.04,.541,.84);es="Linear";ed="In";};["UpperTorso"]={cf=cfr(-.009,-.187,-.019,.998,-.039,.049,.051,.958,-.283,-.036,.285,.958);es="Linear";ed="In";};["RightUpperLeg"]={cf=cfr(-.019,.013,.002,.92,-.284,-.269,.305,.952,.038,.245,-.117,.962);es="Linear";ed="In";};["LeftUpperLeg"]={cf=cfr(0,.031,.008,.94,.089,.33,.041,.93,-.365,-.34,.356,.871);es="Linear";ed="In";};["LeftLowerLeg"]={cf=cfr(0,0,0,1,0,0,0,.94,.342,0,-.342,.94);es="Linear";ed="In";};["LowerTorso"]={cf=cfr(0,-.107,0,1,0,0,0,1,.021,0,-.021,1);es="Linear";ed="In";};["RightLowerLeg"]={cf=cfr(0,.001,0,1,0,0,0,.531,.847,0,-.847,.531);es="Linear";ed="In";};};{tm=.083;["RightUpperArm"]={cf=cfr(-.004,.008,-.004,.963,-.241,-.12,.228,.491,.841,-.144,-.837,.528);es="Linear";ed="In";};["Head"]={cf=cfr(.002,-.003,-.002,.999,-.04,-.009,.028,.826,-.563,.03,.563,.826);es="Linear";ed="In";};["UpperTorso"]={cf=cfr(-.012,-.225,-.007,.998,-.022,.057,.026,.997,-.075,-.055,.076,.996);es="Linear";ed="In";};["RightUpperLeg"]={cf=cfr(-.023,.016,.003,.946,-.273,-.175,.274,.962,-.019,.174,-.03,.984);es="Linear";ed="In";};["LeftUpperLeg"]={cf=cfr(0,.037,.008,.94,.089,.33,0,.966,-.259,-.342,.243,.908);es="Linear";ed="In";};["LeftLowerLeg"]={cf=cfr(0,0,0,1,0,0,0,.94,.342,0,-.342,.94);es="Linear";ed="In";};["LowerTorso"]={cf=cfr(0,-.108,-.001,1,0,0,0,.998,-.058,0,.058,.998);es="Linear";ed="In";};};{tm=.1;["RightUpperArm"]={cf=cfr(-.004,.007,-.004,.97,-.205,-.128,.209,.446,.87,-.121,-.871,.476);es="Linear";ed="In";};["Head"]={cf=cfr(.002,-.003,-.002,.999,-.041,.006,.037,.808,-.588,.019,.587,.809);es="Linear";ed="In";};["UpperTorso"]={cf=cfr(-.012,-.215,.011,.997,-.005,.071,-.007,.986,.165,-.071,-.165,.984);es="Linear";ed="In";};["RightUpperLeg"]={cf=cfr(-.021,.015,.004,.966,-.251,-.068,.244,.966,-.088,.088,.068,.994);es="Linear";ed="In";};["LeftUpperLeg"]={cf=cfr(0,.036,.006,.94,.089,.33,-.046,.99,-.134,-.339,.11,.934);es="Linear";ed="In";};["LeftLowerLeg"]={cf=cfr(0,0,0,1,0,0,0,.94,.342,0,-.342,.94);es="Linear";ed="In";};["LowerTorso"]={cf=cfr(0,-.108,-.001,1,0,0,0,.989,-.148,0,.148,.989);es="Linear";ed="In";};};{tm=.117;["RightUpperArm"]={cf=cfr(-.003,.005,-.003,.977,-.164,-.135,.19,.395,.899,-.095,-.904,.417);es="Linear";ed="In";};["Head"]={cf=cfr(.001,-.002,-.001,.999,-.042,.023,.048,.788,-.613,.007,.614,.789);es="Linear";ed="In";};["UpperTorso"]={cf=cfr(-.009,-.141,.02,.996,.009,.09,-.046,.909,.414,-.078,-.416,.906);es="Linear";ed="In";};["RightUpperLeg"]={cf=cfr(-.014,.01,.004,.976,-.214,.046,.219,.962,-.165,-.009,.171,.985);es="Linear";ed="In";};["LeftUpperLeg"]={cf=cfr(0,.024,.003,.94,.089,.33,-.096,.995,.005,-.328,-.036,.944);es="Linear";ed="In";};["LeftLowerLeg"]={cf=cfr(0,0,0,1,0,0,0,.94,.342,0,-.342,.94);es="Linear";ed="In";};["LowerTorso"]={cf=cfr(0,-.105,-.001,1,0,0,0,.97,-.244,0,.244,.97);es="Linear";ed="In";};};{tm=.133;["RightUpperLeg"]={cf=cfr(0,0,0,.973,-.164,.161,.2,.948,-.247,-.112,.273,.956);es="Linear";ed="In";};["UpperTorso"]={cf=cfr(0,0,0,.993,.018,.113,-.087,.762,.641,-.074,-.647,.759);es="Linear";ed="In";};["LeftUpperLeg"]={cf=cfr(0,0,0,.94,.089,.33,-.145,.978,.149,-.31,-.188,.932);es="Linear";ed="In";};["Head"]={cf=cfr(0,0,0,.998,-.043,.041,.059,.767,-.639,-.004,.64,.768);es="Linear";ed="In";};["RightUpperArm"]={cf=cfr(0,0,0,.983,-.122,-.139,.173,.339,.925,-.066,-.933,.354);es="Linear";ed="In";};["LowerTorso"]={cf=cfr(0,-.1,0,1,0,0,0,.94,-.342,0,.342,.94);es="Linear";ed="In";};["LeftLowerLeg"]={cf=cfr(0,0,0,1,0,0,0,.94,.342,0,-.342,.94);es="Linear";ed="In";};["RightLowerLeg"]={cf=cfr(0,0,0,1,0,0,0,.087,.996,0,-.996,.087);es="Linear";ed="In";};};{tm=.25;["LeftUpperArm"]={cf=cfr(0,0,0,.953,.211,.216,-.239,.964,.114,-.184,-.16,.97);es="Linear";ed="In";};["RightUpperArm"]={cf=cfr(0,0,0,.953,-.211,-.216,.239,.964,.114,.184,-.16,.97);es="Linear";ed="In";};["RightUpperLeg"]={cf=cfr(-.004,-.052,-.159,1,.004,-.019,-.015,.767,-.642,.012,.642,.767);es="Linear";ed="In";};["LeftUpperLeg"]={cf=cfr(0,0,0,.961,.193,-.198,-.171,.978,.123,.217,-.085,.972);es="Sine";ed="InOut";};["UpperTorso"]={cf=cfr(0,0,0,.993,-.022,.112,-.087,.497,.863,-.074,-.867,.492);es="Sine";ed="In";};["LeftLowerArm"]={cf=cfr(.001,0,0,1,0,0,0,.766,-.643,0,.643,.766);es="Linear";ed="In";};["RightLowerLeg"]={cf=cfr(0,0,0,1,0,0,0,.94,.342,0,-.342,.94);es="Linear";ed="In";};["LeftLowerLeg"]={cf=cfr(0,0,0,1,0,0,0,-.087,.996,0,-.996,-.087);es="Sine";ed="InOut";};["LowerTorso"]={cf=cfr(0,-.1,0,1,0,0,0,.94,-.342,0,.342,.94);es="Sine";ed="Out";};["RightLowerArm"]={cf=cfr(0,0,0,1,0,0,0,.766,-.643,0,.643,.766);es="Linear";ed="In";};};{tm=.267;["UpperTorso"]={cf=cfr(0,-.001,.001,.994,-.022,.111,-.085,.501,.862,-.074,-.865,.496);es="Linear";ed="In";};["LeftUpperLeg"]={cf=cfr(-.002,.007,.002,.963,.189,-.194,-.172,.98,.105,.21,-.068,.975);es="Linear";ed="In";};["LeftLowerLeg"]={cf=cfr(0,0,-.001,1,0,0,0,-.082,.997,0,-.997,-.082);es="Linear";ed="In";};["LowerTorso"]={cf=cfr(0,-.127,.002,1,.008,-.012,-.01,.963,-.268,.009,.268,.963);es="Linear";ed="In";};};{tm=.283;["UpperTorso"]={cf=cfr(-.002,-.003,.003,.994,-.023,.106,-.079,.511,.856,-.074,-.859,.506);es="Linear";ed="In";};["LeftUpperLeg"]={cf=cfr(-.008,.028,.01,.967,.18,-.18,-.173,.984,.051,.186,-.018,.982);es="Linear";ed="In";};["LeftLowerLeg"]={cf=cfr(0,0,-.002,1,0,0,0,-.066,.998,0,-.998,-.066);es="Linear";ed="In";};["LowerTorso"]={cf=cfr(-.001,-.153,.005,1,.016,-.023,-.02,.981,-.193,.02,.194,.981);es="Linear";ed="In";};};{tm=.3;["UpperTorso"]={cf=cfr(-.004,-.007,.007,.995,-.024,.098,-.071,.528,.847,-.072,-.849,.523);es="Linear";ed="In";};["LeftUpperLeg"]={cf=cfr(-.016,.059,.022,.974,.166,-.157,-.173,.984,-.037,.148,.063,.987);es="Linear";ed="In";};["LeftLowerLeg"]={cf=cfr(0,0,-.004,1,0,0,0,-.04,.999,0,-.999,-.04);es="Linear";ed="In";};["LowerTorso"]={cf=cfr(-.001,-.177,.008,.999,.025,-.033,-.029,.992,-.119,.03,.12,.992);es="Linear";ed="In";};};{tm=.317;["UpperTorso"]={cf=cfr(-.006,-.013,.012,.996,-.026,.088,-.059,.55,.833,-.07,-.834,.547);es="Linear";ed="In";};["LeftUpperLeg"]={cf=cfr(-.025,.094,.039,.981,.15,-.124,-.168,.974,-.152,.098,.17,.981);es="Linear";ed="In";};["LeftLowerLeg"]={cf=cfr(0,.001,-.007,1,0,0,0,-.005,1,0,-1,-.005);es="Linear";ed="In";};["LowerTorso"]={cf=cfr(-.002,-.199,.011,.999,.034,-.042,-.036,.998,-.047,.041,.049,.998);es="Linear";ed="In";};};{tm=.333;["UpperTorso"]={cf=cfr(-.009,-.019,.017,.997,-.03,.074,-.044,.579,.814,-.067,-.815,.576);es="Linear";ed="In";};["LeftUpperLeg"]={cf=cfr(-.034,.127,.057,.987,.136,-.082,-.154,.945,-.287,.038,.296,.954);es="Linear";ed="In";};["LeftLowerLeg"]={cf=cfr(0,.001,-.009,1,0,0,0,.036,.999,0,-.999,.036);es="Linear";ed="In";};["LowerTorso"]={cf=cfr(-.003,-.218,.014,.998,.043,-.051,-.042,.999,.021,.051,-.019,.999);es="Linear";ed="In";};};{tm=.35;["UpperTorso"]={cf=cfr(-.012,-.025,.022,.998,-.034,.059,-.026,.612,.791,-.063,-.79,.609);es="Linear";ed="In";};["LeftUpperLeg"]={cf=cfr(-.041,.154,.075,.991,.128,-.033,-.129,.893,-.431,-.025,.432,.902);es="Linear";ed="In";};["LeftLowerLeg"]={cf=cfr(0,.001,-.01,1,0,0,0,.082,.997,0,-.997,.082);es="Linear";ed="In";};["LowerTorso"]={cf=cfr(-.004,-.235,.016,.997,.052,-.057,-.047,.995,.085,.062,-.082,.995);es="Linear";ed="In";};};{tm=.367;["UpperTorso"]={cf=cfr(-.014,-.031,.026,.998,-.04,.041,-.005,.648,.762,-.057,-.761,.647);es="Linear";ed="In";};["LeftUpperLeg"]={cf=cfr(-.044,.172,.088,.992,.126,.019,-.093,.816,-.57,-.087,.564,.821);es="Linear";ed="In";};["LeftLowerLeg"]={cf=cfr(0,.001,-.011,1,0,0,0,.131,.991,0,-.991,.131);es="Linear";ed="In";};["LowerTorso"]={cf=cfr(-.005,-.249,.018,.996,.061,-.063,-.052,.988,.143,.071,-.139,.988);es="Linear";ed="In";};};{tm=.383;["UpperTorso"]={cf=cfr(-.016,-.035,.029,.999,-.048,.021,.017,.687,.727,-.049,-.725,.687);es="Linear";ed="In";};["LeftUpperLeg"]={cf=cfr(-.042,.179,.095,.989,.132,.071,-.047,.719,-.693,-.143,.682,.717);es="Linear";ed="In";};["LeftLowerLeg"]={cf=cfr(0,.002,-.01,1,0,0,0,.178,.984,0,-.984,.178);es="Linear";ed="In";};["LowerTorso"]={cf=cfr(-.006,-.262,.02,.995,.069,-.068,-.055,.979,.194,.08,-.19,.979);es="Linear";ed="In";};};{tm=.4;["UpperTorso"]={cf=cfr(-.017,-.038,.03,.998,-.057,0,.042,.727,.685,-.039,-.684,.728);es="Linear";ed="In";};["LeftUpperLeg"]={cf=cfr(-.038,.178,.093,.982,.146,.118,.005,.611,-.792,-.188,.778,.6);es="Linear";ed="In";};["LeftLowerLeg"]={cf=cfr(0,.001,-.009,1,0,0,0,.224,.975,0,-.975,.224);es="Linear";ed="In";};["LowerTorso"]={cf=cfr(-.007,-.272,.022,.994,.076,-.072,-.057,.969,.238,.088,-.233,.969);es="Linear";ed="In";};};{tm=.417;["UpperTorso"]={cf=cfr(-.016,-.039,.029,.997,-.068,-.022,.067,.767,.638,-.027,-.638,.77);es="Linear";ed="In";};["LeftUpperLeg"]={cf=cfr(-.031,.172,.083,.974,.163,.158,.056,.503,-.862,-.221,.849,.481);es="Linear";ed="In";};["LeftLowerLeg"]={cf=cfr(0,.001,-.006,1,0,0,0,.264,.965,0,-.965,.264);es="Linear";ed="In";};["LowerTorso"]={cf=cfr(-.007,-.28,.023,.994,.083,-.075,-.059,.96,.275,.094,-.269,.959);es="Linear";ed="In";};};{tm=.433;["UpperTorso"]={cf=cfr(-.014,-.035,.025,.996,-.082,-.045,.093,.806,.585,-.012,-.587,.81);es="Linear";ed="In";};["LeftUpperLeg"]={cf=cfr(-.023,.163,.069,.965,.182,.189,.101,.406,-.908,-.242,.895,.374);es="Linear";ed="In";};["LeftLowerLeg"]={cf=cfr(0,.001,-.004,1,0,0,0,.297,.955,0,-.955,.297);es="Linear";ed="In";};["LowerTorso"]={cf=cfr(-.008,-.287,.024,.993,.088,-.077,-.06,.951,.304,.1,-.297,.95);es="Linear";ed="In";};};{tm=.45;["UpperTorso"]={cf=cfr(-.011,-.028,.019,.993,-.098,-.067,.118,.842,.527,.005,-.531,.848);es="Linear";ed="In";};["LeftUpperLeg"]={cf=cfr(-.016,.155,.054,.957,.198,.211,.137,.331,-.934,-.255,.923,.29);es="Linear";ed="In";};["LeftLowerLeg"]={cf=cfr(0,0,-.002,1,0,0,0,.322,.947,0,-.947,.322);es="Linear";ed="In";};["LowerTorso"]={cf=cfr(-.008,-.291,.024,.993,.091,-.078,-.061,.944,.324,.103,-.317,.943);es="Linear";ed="In";};};{tm=.467;["UpperTorso"]={cf=cfr(-.006,-.017,.011,.989,-.115,-.088,.143,.875,.463,.024,-.471,.882);es="Linear";ed="In";};["LeftUpperLeg"]={cf=cfr(-.011,.149,.043,.952,.209,.223,.16,.283,-.946,-.261,.936,.236);es="Linear";ed="In";};["LeftLowerLeg"]={cf=cfr(0,0,-.001,1,0,0,0,.337,.942,0,-.942,.337);es="Linear";ed="In";};["LowerTorso"]={cf=cfr(-.009,-.294,.025,.992,.093,-.079,-.062,.94,.337,.106,-.329,.938);es="Linear";ed="In";};};{tm=.483;["Head"]={cf=cfr(0,0,0,.996,.03,.081,-.084,.565,.821,-.021,-.825,.565);es="Linear";ed="In";};["LeftUpperArm"]={cf=cfr(0,0,0,.953,.3,.03,-.239,.812,-.532,-.184,.501,.846);es="Linear";ed="In";};["RightUpperArm"]={cf=cfr(0,0,0,.953,-.292,.075,.239,.581,-.778,.184,.76,.624);es="Linear";ed="In";};["LeftUpperLeg"]={cf=cfr(-.009,.148,.039,.95,.213,.227,.167,.267,-.949,-.263,.94,.218);es="Sine";ed="Out";};["RightUpperLeg"]={cf=cfr(-.006,.154,-.009,.996,-.087,0,.056,.64,-.766,.067,.763,.643);es="Sine";ed="Out";};["UpperTorso"]={cf=cfr(0,0,0,.985,-.134,-.109,.167,.903,.397,.045,-.409,.912);es="Sine";ed="Out";};["LeftLowerArm"]={cf=cfr(.001,.002,.002,1,0,0,0,.941,-.339,0,.339,.941);es="Linear";ed="In";};["LeftLowerLeg"]={cf=cfr(0,0,0,1,0,0,0,.342,.94,0,-.94,.342);es="Sine";ed="Out";};["RightLowerLeg"]={cf=cfr(0,0,0,1,0,0,0,.766,.643,0,-.643,.766);es="Sine";ed="Out";};["LowerTorso"]={cf=cfr(-.009,-.294,.025,.992,.094,-.079,-.062,.938,.341,.106,-.333,.937);es="Linear";ed="In";};["RightLowerArm"]={cf=cfr(0,.002,.002,1,0,0,0,.941,-.339,0,.339,.941);es="Linear";ed="In";};};{tm=.5;["UpperTorso"]={cf=cfr(.001,-.004,.001,.986,-.137,-.099,.163,.918,.362,.041,-.373,.927);es="Linear";ed="In";};["RightUpperLeg"]={cf=cfr(-.007,.118,-.01,.992,-.109,-.059,.019,.608,-.794,.123,.787,.605);es="Linear";ed="In";};["LeftUpperLeg"]={cf=cfr(-.016,.124,.014,.949,.236,.208,.127,.318,-.94,-.287,.918,.272);es="Linear";ed="In";};["LeftLowerLeg"]={cf=cfr(0,.007,-.01,1,0,0,0,.437,.899,0,-.899,.437);es="Linear";ed="In";};["RightLowerLeg"]={cf=cfr(0,.002,-.002,1,0,0,0,.736,.677,0,-.677,.736);es="Linear";ed="In";};};{tm=.517;["UpperTorso"]={cf=cfr(.001,-.007,.002,.986,-.139,-.089,.16,.931,.328,.037,-.338,.941);es="Linear";ed="In";};["RightUpperLeg"]={cf=cfr(-.01,.082,-.012,.984,-.132,-.116,-.019,.576,-.818,.175,.807,.564);es="Linear";ed="In";};["LeftUpperLeg"]={cf=cfr(-.022,.1,-.012,.947,.258,.19,.086,.366,-.927,-.309,.894,.324);es="Linear";ed="In";};["LeftLowerLeg"]={cf=cfr(0,.011,-.016,1,0,0,0,.525,.851,0,-.851,.525);es="Linear";ed="In";};["RightLowerLeg"]={cf=cfr(0,.002,-.003,1,0,0,0,.705,.709,0,-.709,.705);es="Linear";ed="In";};};{tm=.533;["UpperTorso"]={cf=cfr(.001,-.008,.002,.987,-.14,-.079,.158,.942,.296,.033,-.304,.952);es="Linear";ed="In";};["RightUpperLeg"]={cf=cfr(-.013,.049,-.016,.974,-.156,-.167,-.056,.546,-.836,.222,.823,.522);es="Linear";ed="In";};["LeftUpperLeg"]={cf=cfr(-.027,.077,-.038,.944,.281,.174,.047,.409,-.911,-.327,.868,.373);es="Linear";ed="In";};["LeftLowerLeg"]={cf=cfr(0,.013,-.018,1,0,0,0,.603,.798,0,-.798,.603);es="Linear";ed="In";};["RightLowerLeg"]={cf=cfr(0,.003,-.003,1,0,0,0,.676,.737,0,-.737,.676);es="Linear";ed="In";};};{tm=.55;["UpperTorso"]={cf=cfr(.001,-.008,.001,.987,-.142,-.071,.155,.951,.266,.029,-.274,.961);es="Linear";ed="In";};["RightUpperLeg"]={cf=cfr(-.017,.02,-.02,.961,-.179,-.212,-.091,.518,-.85,.262,.836,.482);es="Linear";ed="In";};["LeftUpperLeg"]={cf=cfr(-.031,.055,-.063,.94,.301,.161,.01,.446,-.895,-.341,.843,.416);es="Linear";ed="In";};["LeftLowerLeg"]={cf=cfr(0,.013,-.017,1,0,0,0,.668,.744,0,-.744,.668);es="Linear";ed="In";};["RightLowerLeg"]={cf=cfr(0,.002,-.003,1,0,0,0,.648,.762,0,-.762,.648);es="Linear";ed="In";};};{tm=.567;["UpperTorso"]={cf=cfr(.001,-.008,.001,.988,-.142,-.063,.154,.958,.24,.026,-.247,.969);es="Linear";ed="In";};["RightUpperLeg"]={cf=cfr(-.021,-.006,-.024,.948,-.2,-.25,-.122,.495,-.86,.295,.846,.445);es="Linear";ed="In";};["LeftUpperLeg"]={cf=cfr(-.035,.035,-.085,.936,.319,.15,-.021,.477,-.879,-.352,.819,.453);es="Linear";ed="In";};["LeftLowerLeg"]={cf=cfr(0,.011,-.014,1,0,0,0,.721,.693,0,-.693,.721);es="Linear";ed="In";};["RightLowerLeg"]={cf=cfr(0,.002,-.002,1,0,0,0,.623,.783,0,-.783,.623);es="Linear";ed="In";};};{tm=.583;["UpperTorso"]={cf=cfr(0,-.007,0,.988,-.143,-.057,.152,.964,.219,.024,-.225,.974);es="Linear";ed="In";};["RightUpperLeg"]={cf=cfr(-.024,-.027,-.028,.935,-.217,-.279,-.148,.476,-.867,.321,.852,.413);es="Linear";ed="In";};["LeftUpperLeg"]={cf=cfr(-.037,.019,-.104,.932,.334,.142,-.047,.501,-.864,-.36,.799,.482);es="Linear";ed="In";};["LeftLowerLeg"]={cf=cfr(0,.009,-.01,1,0,0,0,.761,.649,0,-.649,.761);es="Linear";ed="In";};["RightLowerLeg"]={cf=cfr(0,.001,-.001,1,0,0,0,.602,.799,0,-.799,.602);es="Linear";ed="In";};};{tm=.6;["UpperTorso"]={cf=cfr(0,-.006,0,.988,-.143,-.053,.151,.967,.204,.022,-.209,.978);es="Linear";ed="In";};["RightUpperLeg"]={cf=cfr(-.027,-.042,-.032,.926,-.231,-.3,-.167,.463,-.871,.34,.856,.39);es="Linear";ed="In";};["LeftUpperLeg"]={cf=cfr(-.039,.007,-.118,.929,.345,.136,-.067,.518,-.853,-.365,.783,.504);es="Linear";ed="In";};["LeftLowerLeg"]={cf=cfr(0,.006,-.007,1,0,0,0,.789,.615,0,-.615,.789);es="Linear";ed="In";};["RightLowerLeg"]={cf=cfr(0,.001,-.001,1,0,0,0,.586,.81,0,-.81,.586);es="Linear";ed="In";};};{tm=.617;["UpperTorso"]={cf=cfr(0,-.005,0,.988,-.143,-.05,.15,.969,.194,.021,-.199,.98);es="Linear";ed="In";};["RightUpperLeg"]={cf=cfr(-.028,-.051,-.034,.919,-.239,-.313,-.179,.454,-.873,.351,.858,.375);es="Linear";ed="In";};["LeftUpperLeg"]={cf=cfr(-.041,-.001,-.127,.927,.351,.133,-.079,.528,-.846,-.367,.773,.517);es="Linear";ed="In";};["LeftLowerLeg"]={cf=cfr(0,.004,-.004,1,0,0,0,.805,.593,0,-.593,.805);es="Linear";ed="In";};["RightLowerLeg"]={cf=cfr(0,0,0,1,0,0,0,.577,.817,0,-.817,.577);es="Linear";ed="In";};};{tm=.633;["Head"]={cf=cfr(0,-.001,0,.998,.044,.053,-.067,.813,.578,-.017,-.58,.814);es="Quad";ed="Out";};["LeftUpperArm"]={cf=cfr(.001,.014,.009,.858,.51,-.057,-.463,.722,-.514,-.221,.468,.856);es="Quad";ed="Out";};["RightUpperArm"]={cf=cfr(-.001,.014,.009,.858,-.46,.228,.463,.502,-.73,.221,.732,.644);es="Quad";ed="InOut";};["LeftUpperLeg"]={cf=cfr(-.041,-.004,-.13,.926,.354,.132,-.083,.531,-.843,-.368,.77,.521);es="Quad";ed="In";};["RightUpperLeg"]={cf=cfr(-.029,-.055,-.035,.917,-.242,-.317,-.183,.452,-.873,.354,.859,.37);es="Quad";ed="In";};["UpperTorso"]={cf=cfr(0,-.005,0,.988,-.143,-.049,.15,.97,.191,.02,-.196,.98);es="Quad";ed="InOut";};["LeftLowerArm"]={cf=cfr(.001,.001,.001,1,0,0,0,.958,-.287,0,.287,.958);es="Quad";ed="Out";};["LeftLowerLeg"]={cf=cfr(0,.003,-.004,1,0,0,0,.81,.586,0,-.586,.81);es="Quad";ed="In";};["RightLowerLeg"]={cf=cfr(0,0,0,1,0,0,0,.574,.819,0,-.819,.574);es="Quad";ed="In";};["LowerTorso"]={cf=cfr(-.005,-.372,-.016,.997,-.014,-.073,.034,.957,.289,.065,-.291,.954);es="Quad";ed="InOut";};["RightLowerArm"]={cf=cfr(0,.001,.001,1,0,0,0,.802,-.597,0,.597,.802);es="Quad";ed="InOut";};};{tm=.65;["RightUpperArm"]={cf=cfr(-.001,.015,.01,.859,-.46,.226,.463,.508,-.727,.219,.729,.649);es="Linear";ed="In";};["LeftUpperArm"]={cf=cfr(.001,.006,.018,.87,.489,-.056,-.458,.762,-.457,-.181,.424,.888);es="Linear";ed="In";};["Head"]={cf=cfr(-.001,-.015,.006,.998,.041,.046,-.059,.849,.525,-.017,-.527,.85);es="Linear";ed="In";};["UpperTorso"]={cf=cfr(0,-.005,0,.989,-.143,-.049,.149,.97,.191,.02,-.196,.98);es="Linear";ed="In";};["RightUpperLeg"]={cf=cfr(-.029,-.054,-.034,.917,-.243,-.318,-.183,.452,-.873,.356,.858,.37);es="Linear";ed="In";};["LeftUpperLeg"]={cf=cfr(-.04,-.004,-.129,.926,.354,.133,-.082,.532,-.843,-.37,.769,.521);es="Linear";ed="In";};["LeftLowerArm"]={cf=cfr(.001,.004,.003,1,0,0,0,.942,-.335,0,.335,.942);es="Linear";ed="In";};["LeftLowerLeg"]={cf=cfr(0,.003,-.004,1,0,0,0,.81,.586,0,-.586,.81);es="Linear";ed="In";};["RightLowerLeg"]={cf=cfr(0,0,0,1,0,0,0,.574,.819,0,-.819,.574);es="Linear";ed="In";};["LowerTorso"]={cf=cfr(-.005,-.372,-.017,.997,-.014,-.072,.034,.957,.288,.065,-.29,.955);es="Linear";ed="In";};["RightLowerArm"]={cf=cfr(0,.001,.001,1,0,0,0,.801,-.599,0,.599,.801);es="Linear";ed="In";};};{tm=.667;["RightUpperArm"]={cf=cfr(-.003,.016,.014,.861,-.458,.22,.461,.524,-.716,.212,.718,.663);es="Linear";ed="In";};["LeftUpperArm"]={cf=cfr(.002,-.002,.025,.882,.468,-.057,-.45,.798,-.401,-.142,.379,.914);es="Linear";ed="In";};["Head"]={cf=cfr(-.003,-.026,.01,.998,.038,.04,-.053,.879,.474,-.017,-.475,.88);es="Linear";ed="In";};["UpperTorso"]={cf=cfr(0,-.005,0,.989,-.14,-.048,.147,.971,.191,.02,-.195,.981);es="Linear";ed="In";};["RightUpperLeg"]={cf=cfr(-.03,-.054,-.033,.915,-.246,-.32,-.182,.455,-.872,.36,.856,.372);es="Linear";ed="In";};["LeftUpperLeg"]={cf=cfr(-.039,-.004,-.128,.924,.357,.137,-.081,.533,-.842,-.373,.767,.522);es="Linear";ed="In";};["LeftLowerArm"]={cf=cfr(0,.006,.004,1,0,0,0,.925,-.38,0,.38,.925);es="Linear";ed="In";};["LeftLowerLeg"]={cf=cfr(0,.003,-.004,1,0,0,0,.81,.587,0,-.587,.81);es="Linear";ed="In";};["RightLowerLeg"]={cf=cfr(0,0,0,1,0,0,0,.576,.817,0,-.817,.576);es="Linear";ed="In";};["LowerTorso"]={cf=cfr(-.005,-.372,-.021,.997,-.014,-.071,.033,.958,.283,.064,-.285,.956);es="Linear";ed="In";};["RightLowerArm"]={cf=cfr(0,.001,.002,1,0,0,0,.798,-.603,0,.603,.798);es="Linear";ed="In";};};{tm=.683;["RightUpperArm"]={cf=cfr(-.005,.02,.021,.866,-.455,.21,.459,.551,-.697,.201,.699,.686);es="Linear";ed="In";};["LeftUpperArm"]={cf=cfr(.002,-.009,.031,.892,.449,-.06,-.44,.828,-.347,-.106,.335,.936);es="Linear";ed="In";};["Head"]={cf=cfr(-.003,-.034,.012,.999,.035,.035,-.046,.905,.424,-.016,-.425,.905);es="Linear";ed="In";};["UpperTorso"]={cf=cfr(0,-.005,-.001,.99,-.136,-.046,.143,.971,.19,.019,-.195,.981);es="Linear";ed="In";};["RightUpperLeg"]={cf=cfr(-.032,-.053,-.032,.913,-.251,-.322,-.181,.459,-.87,.367,.852,.374);es="Linear";ed="In";};["LeftUpperLeg"]={cf=cfr(-.036,-.004,-.126,.922,.361,.143,-.079,.535,-.841,-.38,.764,.522);es="Linear";ed="In";};["LeftLowerArm"]={cf=cfr(0,.008,.005,1,0,0,0,.907,-.421,0,.421,.907);es="Linear";ed="In";};["LeftLowerLeg"]={cf=cfr(0,.003,-.003,1,0,0,0,.809,.587,0,-.587,.809);es="Linear";ed="In";};["RightLowerLeg"]={cf=cfr(0,0,0,1,0,0,0,.579,.815,0,-.815,.579);es="Linear";ed="In";};["LowerTorso"]={cf=cfr(-.005,-.372,-.027,.998,-.013,-.069,.032,.961,.275,.062,-.277,.959);es="Linear";ed="In";};["RightLowerArm"]={cf=cfr(0,.002,.002,1,0,0,0,.792,-.61,0,.61,.792);es="Linear";ed="In";};};{tm=.7;["RightUpperArm"]={cf=cfr(-.009,.024,.029,.871,-.45,.196,.454,.588,-.669,.186,.672,.717);es="Linear";ed="In";};["LeftUpperArm"]={cf=cfr(.001,-.015,.035,.9,.43,-.063,-.429,.854,-.295,-.073,.292,.953);es="Linear";ed="In";};["Head"]={cf=cfr(-.004,-.038,.013,.999,.032,.03,-.04,.926,.375,-.016,-.376,.926);es="Linear";ed="In";};["UpperTorso"]={cf=cfr(0,-.006,-.001,.99,-.131,-.045,.137,.972,.19,.018,-.194,.981);es="Linear";ed="In";};["RightUpperLeg"]={cf=cfr(-.034,-.051,-.03,.909,-.259,-.326,-.179,.465,-.867,.376,.846,.377);es="Linear";ed="In";};["LeftUpperLeg"]={cf=cfr(-.033,-.004,-.123,.918,.366,.151,-.077,.539,-.839,-.388,.759,.523);es="Linear";ed="In";};["LeftLowerArm"]={cf=cfr(0,.009,.005,1,0,0,0,.888,-.459,0,.459,.888);es="Linear";ed="In";};["LeftLowerLeg"]={cf=cfr(0,.003,-.003,1,0,0,0,.808,.588,0,-.588,.808);es="Linear";ed="In";};["RightLowerLeg"]={cf=cfr(0,0,-.001,1,0,0,0,.583,.812,0,-.812,.583);es="Linear";ed="In";};["LowerTorso"]={cf=cfr(-.005,-.373,-.035,.998,-.013,-.066,.03,.964,.265,.06,-.266,.962);es="Linear";ed="In";};["RightLowerArm"]={cf=cfr(0,.002,.002,1,0,0,0,.785,-.62,0,.62,.785);es="Linear";ed="In";};};{tm=.717;["RightUpperArm"]={cf=cfr(-.013,.029,.038,.879,-.442,.178,.447,.634,-.631,.166,.635,.755);es="Linear";ed="In";};["LeftUpperArm"]={cf=cfr(.001,-.021,.038,.908,.413,-.067,-.416,.875,-.245,-.043,.251,.967);es="Linear";ed="In";};["Head"]={cf=cfr(-.004,-.041,.013,.999,.028,.025,-.035,.944,.329,-.014,-.33,.944);es="Linear";ed="In";};["UpperTorso"]={cf=cfr(0,-.006,-.001,.991,-.124,-.042,.13,.973,.189,.018,-.193,.981);es="Linear";ed="In";};["RightUpperLeg"]={cf=cfr(-.037,-.049,-.028,.905,-.268,-.331,-.176,.473,-.863,.388,.839,.381);es="Linear";ed="In";};["LeftUpperLeg"]={cf=cfr(-.028,-.004,-.119,.914,.373,.162,-.074,.543,-.836,-.399,.752,.524);es="Linear";ed="In";};["LeftLowerArm"]={cf=cfr(0,.009,.006,1,0,0,0,.869,-.494,0,.494,.869);es="Linear";ed="In";};["LeftLowerLeg"]={cf=cfr(0,.003,-.003,1,0,0,0,.807,.59,0,-.59,.807);es="Linear";ed="In";};["RightLowerLeg"]={cf=cfr(0,.001,-.001,1,0,0,0,.588,.809,0,-.809,.588);es="Linear";ed="In";};["LowerTorso"]={cf=cfr(-.004,-.373,-.046,.998,-.013,-.062,.028,.968,.25,.057,-.252,.966);es="Linear";ed="In";};["RightLowerArm"]={cf=cfr(0,.002,.002,1,0,0,0,.775,-.632,0,.632,.775);es="Linear";ed="In";};};{tm=.733;["RightUpperArm"]={cf=cfr(-.017,.035,.047,.888,-.431,.157,.437,.686,-.582,.143,.585,.798);es="Linear";ed="In";};["LeftUpperArm"]={cf=cfr(0,-.027,.04,.915,.397,-.072,-.403,.893,-.199,-.015,.211,.977);es="Linear";ed="In";};["Head"]={cf=cfr(-.004,-.041,.012,.999,.025,.021,-.03,.958,.285,-.013,-.285,.958);es="Linear";ed="In";};["UpperTorso"]={cf=cfr(0,-.006,-.001,.993,-.115,-.039,.12,.975,.188,.016,-.191,.981);es="Linear";ed="In";};["RightUpperLeg"]={cf=cfr(-.04,-.046,-.025,.899,-.28,-.338,-.172,.483,-.859,.403,.83,.386);es="Linear";ed="In";};["LeftUpperLeg"]={cf=cfr(-.023,-.003,-.114,.908,.381,.175,-.07,.548,-.833,-.413,.744,.525);es="Linear";ed="In";};["LeftLowerArm"]={cf=cfr(0,.009,.006,1,0,0,0,.85,-.526,0,.526,.85);es="Linear";ed="In";};["LeftLowerLeg"]={cf=cfr(0,.003,-.003,1,0,0,0,.806,.592,0,-.592,.806);es="Linear";ed="In";};["RightLowerLeg"]={cf=cfr(0,.001,-.001,1,0,0,0,.595,.804,0,-.804,.595);es="Linear";ed="In";};["LowerTorso"]={cf=cfr(-.004,-.374,-.059,.998,-.013,-.058,.026,.972,.233,.053,-.234,.971);es="Linear";ed="In";};["RightLowerArm"]={cf=cfr(0,.003,.003,1,0,0,0,.762,-.647,0,.647,.762);es="Linear";ed="In";};};{tm=.75;["RightUpperArm"]={cf=cfr(-.021,.041,.056,.899,-.417,.134,.422,.743,-.519,.117,.523,.844);es="Linear";ed="In";};["LeftUpperArm"]={cf=cfr(-.002,-.032,.04,.921,.382,-.077,-.39,.908,-.156,.01,.173,.985);es="Linear";ed="In";};["Head"]={cf=cfr(-.004,-.04,.011,1,.022,.018,-.025,.969,.244,-.012,-.244,.97);es="Linear";ed="In";};["UpperTorso"]={cf=cfr(0,-.006,-.001,.994,-.105,-.035,.11,.976,.187,.015,-.19,.982);es="Linear";ed="In";};["RightUpperLeg"]={cf=cfr(-.044,-.043,-.022,.892,-.293,-.345,-.168,.494,-.853,.421,.819,.391);es="Linear";ed="In";};["LeftUpperLeg"]={cf=cfr(-.016,-.003,-.108,.901,.39,.19,-.065,.555,-.829,-.429,.735,.525);es="Linear";ed="In";};["LeftLowerArm"]={cf=cfr(0,.008,.005,1,0,0,0,.832,-.555,0,.555,.832);es="Linear";ed="In";};["LeftLowerLeg"]={cf=cfr(0,.003,-.003,1,0,0,0,.805,.594,0,-.594,.805);es="Linear";ed="In";};["RightLowerLeg"]={cf=cfr(0,.001,-.001,1,0,0,0,.602,.798,0,-.798,.602);es="Linear";ed="In";};["LowerTorso"]={cf=cfr(-.003,-.374,-.075,.999,-.012,-.053,.023,.977,.213,.049,-.213,.976);es="Linear";ed="In";};["RightLowerArm"]={cf=cfr(0,.003,.003,1,0,0,0,.747,-.664,0,.664,.747);es="Linear";ed="In";};};{tm=.767;["RightUpperArm"]={cf=cfr(-.024,.047,.061,.911,-.397,.109,.402,.802,-.441,.088,.446,.891);es="Linear";ed="In";};["LeftUpperArm"]={cf=cfr(-.003,-.037,.04,.926,.369,-.082,-.376,.919,-.115,.033,.138,.99);es="Linear";ed="In";};["Head"]={cf=cfr(-.003,-.037,.01,1,.018,.014,-.021,.978,.206,-.01,-.206,.979);es="Linear";ed="In";};["UpperTorso"]={cf=cfr(0,-.006,-.001,.995,-.093,-.031,.097,.978,.186,.013,-.188,.982);es="Linear";ed="In";};["RightUpperLeg"]={cf=cfr(-.048,-.04,-.019,.883,-.308,-.354,-.163,.506,-.847,.44,.805,.397);es="Linear";ed="In";};["LeftUpperLeg"]={cf=cfr(-.009,-.003,-.102,.892,.401,.208,-.06,.562,-.825,-.447,.723,.526);es="Linear";ed="In";};["LeftLowerArm"]={cf=cfr(0,.008,.005,1,0,0,0,.814,-.581,0,.581,.814);es="Linear";ed="In";};["LeftLowerLeg"]={cf=cfr(0,.002,-.003,1,0,0,0,.803,.596,0,-.596,.803);es="Linear";ed="In";};["RightLowerLeg"]={cf=cfr(0,.001,-.002,1,0,0,0,.611,.792,0,-.792,.611);es="Linear";ed="In";};["LowerTorso"]={cf=cfr(-.003,-.375,-.093,.999,-.011,-.046,.02,.982,.189,.043,-.189,.981);es="Linear";ed="In";};["RightLowerArm"]={cf=cfr(0,.003,.003,1,0,0,0,.729,-.684,0,.684,.729);es="Linear";ed="In";};};{tm=.783;["RightUpperArm"]={cf=cfr(-.026,.051,.063,.925,-.372,.083,.376,.859,-.347,.058,.352,.934);es="Linear";ed="In";};["LeftUpperArm"]={cf=cfr(-.004,-.042,.04,.93,.356,-.087,-.363,.928,-.079,.053,.105,.993);es="Linear";ed="In";};["Head"]={cf=cfr(-.003,-.033,.009,1,.015,.012,-.017,.985,.17,-.009,-.17,.985);es="Linear";ed="In";};["UpperTorso"]={cf=cfr(0,-.005,-.001,.996,-.079,-.027,.083,.979,.184,.012,-.186,.983);es="Linear";ed="In";};["RightUpperLeg"]={cf=cfr(-.053,-.037,-.016,.873,-.325,-.364,-.156,.52,-.84,.463,.79,.403);es="Linear";ed="In";};["LeftUpperLeg"]={cf=cfr(-.001,-.003,-.095,.882,.412,.228,-.055,.571,-.819,-.468,.71,.526);es="Linear";ed="In";};["LeftLowerArm"]={cf=cfr(0,.007,.005,1,0,0,0,.797,-.604,0,.604,.797);es="Linear";ed="In";};["LeftLowerLeg"]={cf=cfr(0,.002,-.003,1,0,0,0,.801,.599,0,-.599,.801);es="Linear";ed="In";};["RightLowerLeg"]={cf=cfr(0,.002,-.002,1,0,0,0,.621,.784,0,-.784,.621);es="Linear";ed="In";};["LowerTorso"]={cf=cfr(-.002,-.375,-.114,.999,-.01,-.04,.016,.987,.162,.037,-.162,.986);es="Linear";ed="In";};["RightLowerArm"]={cf=cfr(0,.003,.004,1,0,0,0,.708,-.706,0,.706,.708);es="Linear";ed="In";};};{tm=.8;["RightUpperArm"]={cf=cfr(-.025,.053,.061,.938,-.341,.058,.344,.908,-.24,.029,.245,.969);es="Linear";ed="In";};["LeftUpperArm"]={cf=cfr(-.006,-.047,.039,.934,.345,-.092,-.35,.935,-.046,.071,.075,.995);es="Linear";ed="In";};["Head"]={cf=cfr(-.002,-.029,.007,1,.013,.009,-.014,.99,.138,-.007,-.138,.99);es="Linear";ed="In";};["UpperTorso"]={cf=cfr(0,-.005,-.001,.998,-.065,-.022,.068,.981,.182,.009,-.183,.983);es="Linear";ed="In";};["RightUpperLeg"]={cf=cfr(-.058,-.033,-.013,.861,-.344,-.375,-.149,.535,-.831,.487,.771,.41);es="Linear";ed="In";};["LeftUpperLeg"]={cf=cfr(.008,-.003,-.087,.87,.425,.251,-.049,.58,-.813,-.491,.695,.525);es="Linear";ed="In";};["LeftLowerArm"]={cf=cfr(0,.006,.004,1,0,0,0,.781,-.624,0,.624,.781);es="Linear";ed="In";};["LeftLowerLeg"]={cf=cfr(0,.002,-.003,1,0,0,0,.799,.602,0,-.602,.799);es="Linear";ed="In";};["RightLowerLeg"]={cf=cfr(0,.002,-.002,1,0,0,0,.631,.775,0,-.775,.631);es="Linear";ed="In";};["LowerTorso"]={cf=cfr(-.002,-.375,-.136,.999,-.009,-.032,.013,.991,.132,.031,-.132,.991);es="Linear";ed="In";};["RightLowerArm"]={cf=cfr(0,.003,.003,1,0,0,0,.685,-.729,0,.729,.685);es="Linear";ed="In";};};{tm=.817;["RightUpperArm"]={cf=cfr(-.023,.05,.054,.95,-.309,.039,.311,.94,-.137,.006,.142,.99);es="Linear";ed="In";};["LeftUpperArm"]={cf=cfr(-.007,-.051,.038,.937,.336,-.097,-.339,.941,-.016,.086,.048,.995);es="Linear";ed="In";};["Head"]={cf=cfr(-.002,-.024,.006,1,.01,.007,-.011,.994,.109,-.006,-.109,.994);es="Linear";ed="In";};["UpperTorso"]={cf=cfr(0,-.004,0,.999,-.051,-.017,.053,.982,.181,.008,-.181,.983);es="Linear";ed="In";};["RightUpperLeg"]={cf=cfr(-.064,-.029,-.009,.847,-.364,-.388,-.14,.552,-.822,.513,.75,.417);es="Linear";ed="In";};["LeftUpperLeg"]={cf=cfr(.017,-.002,-.079,.856,.438,.275,-.043,.59,-.806,-.515,.678,.524);es="Linear";ed="In";};["LeftLowerArm"]={cf=cfr(0,.005,.003,1,0,0,0,.766,-.642,0,.642,.766);es="Linear";ed="In";};["LeftLowerLeg"]={cf=cfr(0,.002,-.003,1,0,0,0,.796,.605,0,-.605,.796);es="Linear";ed="In";};["RightLowerLeg"]={cf=cfr(0,.002,-.003,1,0,0,0,.643,.766,0,-.766,.643);es="Linear";ed="In";};["LowerTorso"]={cf=cfr(-.001,-.375,-.157,1,-.007,-.025,.01,.995,.104,.024,-.104,.994);es="Linear";ed="In";};["RightLowerArm"]={cf=cfr(0,.003,.003,1,0,0,0,.663,-.749,0,.749,.663);es="Linear";ed="In";};};{tm=.833;["RightUpperArm"]={cf=cfr(-.02,.044,.045,.96,-.279,.025,.28,.959,-.044,-.011,.049,.999);es="Linear";ed="In";};["LeftUpperArm"]={cf=cfr(-.008,-.054,.037,.939,.327,-.102,-.328,.945,.01,.1,.024,.995);es="Linear";ed="In";};["Head"]={cf=cfr(-.002,-.02,.005,1,.008,.005,-.008,.996,.084,-.005,-.084,.996);es="Linear";ed="In";};["UpperTorso"]={cf=cfr(0,-.003,0,.999,-.039,-.013,.041,.983,.179,.006,-.179,.984);es="Linear";ed="In";};["RightUpperLeg"]={cf=cfr(-.069,-.025,-.006,.831,-.385,-.402,-.129,.57,-.812,.541,.726,.423);es="Linear";ed="In";};["LeftUpperLeg"]={cf=cfr(.027,-.002,-.071,.839,.452,.302,-.037,.602,-.798,-.542,.659,.522);es="Linear";ed="In";};["LeftLowerArm"]={cf=cfr(0,.004,.003,1,0,0,0,.753,-.658,0,.658,.753);es="Linear";ed="In";};["LeftLowerLeg"]={cf=cfr(0,.002,-.002,1,0,0,0,.793,.609,0,-.609,.793);es="Linear";ed="In";};["RightLowerLeg"]={cf=cfr(0,.002,-.003,1,0,0,0,.656,.755,0,-.755,.656);es="Linear";ed="In";};["LowerTorso"]={cf=cfr(-.001,-.375,-.175,1,-.006,-.019,.007,.997,.08,.019,-.08,.997);es="Linear";ed="In";};["RightLowerArm"]={cf=cfr(0,.002,.003,1,0,0,0,.642,-.766,0,.766,.642);es="Linear";ed="In";};};{tm=.85;["RightUpperArm"]={cf=cfr(-.016,.036,.035,.968,-.252,.015,.252,.967,.037,-.024,-.032,.999);es="Linear";ed="In";};["LeftUpperArm"]={cf=cfr(-.009,-.058,.035,.942,.32,-.106,-.318,.948,.033,.111,.003,.994);es="Linear";ed="In";};["Head"]={cf=cfr(-.001,-.015,.003,1,.006,.004,-.006,.998,.062,-.004,-.062,.998);es="Linear";ed="In";};["UpperTorso"]={cf=cfr(0,-.003,0,1,-.029,-.01,.03,.984,.178,.004,-.178,.984);es="Linear";ed="In";};["RightUpperLeg"]={cf=cfr(-.075,-.02,-.004,.812,-.407,-.418,-.117,.588,-.8,.571,.699,.43);es="Linear";ed="In";};["LeftUpperLeg"]={cf=cfr(.037,-.002,-.061,.821,.466,.331,-.03,.614,-.789,-.571,.637,.518);es="Linear";ed="In";};["LeftLowerArm"]={cf=cfr(0,.003,.002,1,0,0,0,.741,-.671,0,.671,.741);es="Linear";ed="In";};["LeftLowerLeg"]={cf=cfr(0,.002,-.002,1,0,0,0,.79,.613,0,-.613,.79);es="Linear";ed="In";};["RightLowerLeg"]={cf=cfr(0,.003,-.003,1,0,0,0,.669,.743,0,-.743,.669);es="Linear";ed="In";};["LowerTorso"]={cf=cfr(-.001,-.374,-.191,1,-.004,-.014,.005,.998,.059,.014,-.059,.998);es="Linear";ed="In";};["RightLowerArm"]={cf=cfr(0,.002,.002,1,0,0,0,.625,-.781,0,.781,.625);es="Linear";ed="In";};};{tm=.867;["RightUpperArm"]={cf=cfr(-.011,.028,.025,.973,-.229,.008,.227,.968,.105,-.032,-.1,.994);es="Linear";ed="In";};["LeftUpperArm"]={cf=cfr(-.01,-.061,.034,.943,.314,-.11,-.31,.949,.052,.121,-.015,.993);es="Linear";ed="In";};["Head"]={cf=cfr(-.001,-.011,.002,1,.004,.003,-.004,.999,.043,-.002,-.043,.999);es="Linear";ed="In";};["UpperTorso"]={cf=cfr(0,-.002,0,1,-.02,-.007,.021,.984,.176,.003,-.177,.984);es="Linear";ed="In";};["RightUpperLeg"]={cf=cfr(-.08,-.016,-.001,.791,-.429,-.435,-.103,.608,-.788,.602,.668,.437);es="Linear";ed="In";};["LeftUpperLeg"]={cf=cfr(.048,-.001,-.052,.799,.48,.362,-.024,.627,-.778,-.601,.613,.513);es="Linear";ed="In";};["LeftLowerArm"]={cf=cfr(0,.002,.001,1,0,0,0,.731,-.682,0,.682,.731);es="Linear";ed="In";};["LeftLowerLeg"]={cf=cfr(0,.002,-.002,1,0,0,0,.787,.617,0,-.617,.787);es="Linear";ed="In";};["RightLowerLeg"]={cf=cfr(0,.003,-.003,1,0,0,0,.684,.73,0,-.73,.684);es="Linear";ed="In";};["LowerTorso"]={cf=cfr(0,-.374,-.205,1,-.003,-.01,.004,.999,.041,.01,-.041,.999);es="Linear";ed="In";};["RightLowerArm"]={cf=cfr(0,.001,.002,1,0,0,0,.609,-.793,0,.793,.609);es="Linear";ed="In";};};{tm=.883;["RightUpperArm"]={cf=cfr(-.008,.019,.017,.978,-.209,.004,.206,.965,.161,-.038,-.156,.987);es="Linear";ed="In";};["LeftUpperArm"]={cf=cfr(-.011,-.063,.033,.944,.309,-.113,-.302,.951,.068,.128,-.03,.991);es="Linear";ed="In";};["Head"]={cf=cfr(-.001,-.007,.002,1,.003,.002,-.003,1,.027,-.002,-.027,1);es="Linear";ed="In";};["UpperTorso"]={cf=cfr(0,-.001,0,1,-.013,-.004,.013,.984,.175,.002,-.176,.984);es="Linear";ed="In";};["RightUpperLeg"]={cf=cfr(-.085,-.012,.001,.768,-.453,-.453,-.087,.627,-.774,.635,.634,.442);es="Linear";ed="In";};["LeftUpperLeg"]={cf=cfr(.059,-.001,-.042,.775,.494,.395,-.018,.642,-.767,-.632,.587,.506);es="Linear";ed="In";};["LeftLowerArm"]={cf=cfr(0,.001,.001,1,0,0,0,.722,-.691,0,.691,.722);es="Linear";ed="In";};["LeftLowerLeg"]={cf=cfr(0,.001,-.002,1,0,0,0,.783,.622,0,-.622,.783);es="Linear";ed="In";};["RightLowerLeg"]={cf=cfr(0,.002,-.003,1,0,0,0,.699,.715,0,-.715,.699);es="Linear";ed="In";};["LowerTorso"]={cf=cfr(0,-.374,-.215,1,-.002,-.006,.002,1,.026,.006,-.026,1);es="Linear";ed="In";};["RightLowerArm"]={cf=cfr(0,.001,.001,1,0,0,0,.597,-.803,0,.803,.597);es="Linear";ed="In";};};{tm=.9;["RightUpperArm"]={cf=cfr(-.004,.011,.01,.981,-.194,.002,.189,.961,.204,-.041,-.2,.979);es="Linear";ed="In";};["LeftUpperArm"]={cf=cfr(-.011,-.065,.032,.945,.305,-.115,-.297,.952,.08,.134,-.041,.99);es="Linear";ed="In";};["Head"]={cf=cfr(0,-.004,.001,1,.001,.001,-.001,1,.015,-.001,-.015,1);es="Linear";ed="In";};["UpperTorso"]={cf=cfr(0,-.001,0,1,-.007,-.002,.008,.985,.175,.001,-.175,.985);es="Linear";ed="In";};["RightUpperLeg"]={cf=cfr(-.09,-.008,.002,.741,-.476,-.473,-.069,.648,-.759,.668,.595,.447);es="Linear";ed="In";};["LeftUpperLeg"]={cf=cfr(.069,-.001,-.032,.747,.507,.43,-.012,.657,-.754,-.665,.558,.497);es="Linear";ed="In";};["LeftLowerArm"]={cf=cfr(0,.001,.001,1,0,0,0,.716,-.698,0,.698,.716);es="Linear";ed="In";};["LeftLowerLeg"]={cf=cfr(0,.001,-.001,1,0,0,0,.779,.627,0,-.627,.779);es="Linear";ed="In";};["RightLowerLeg"]={cf=cfr(0,.002,-.002,1,0,0,0,.715,.699,0,-.699,.715);es="Linear";ed="In";};["LowerTorso"]={cf=cfr(0,-.373,-.224,1,-.001,-.004,.001,1,.015,.003,-.015,1);es="Linear";ed="In";};["RightLowerArm"]={cf=cfr(0,.001,.001,1,0,0,0,.587,-.81,0,.81,.587);es="Linear";ed="In";};};{tm=.917;["RightUpperArm"]={cf=cfr(-.002,.005,.004,.983,-.183,.001,.177,.956,.235,-.044,-.23,.972);es="Linear";ed="In";};["LeftUpperArm"]={cf=cfr(-.012,-.066,.032,.946,.302,-.117,-.293,.952,.088,.138,-.049,.989);es="Linear";ed="In";};["Head"]={cf=cfr(0,-.002,0,1,.001,0,-.001,1,.007,0,-.007,1);es="Linear";ed="In";};["UpperTorso"]={cf=cfr(0,0,0,1,-.003,-.001,.003,.985,.174,0,-.174,.985);es="Linear";ed="In";};["RightUpperLeg"]={cf=cfr(-.094,-.005,.002,.712,-.499,-.495,-.049,.668,-.743,.701,.553,.451);es="Linear";ed="In";};["LeftUpperLeg"]={cf=cfr(.08,0,-.022,.716,.52,.466,-.007,.673,-.74,-.698,.526,.486);es="Linear";ed="In";};["LeftLowerArm"]={cf=cfr(0,0,0,1,0,0,0,.711,-.703,0,.703,.711);es="Linear";ed="In";};["LeftLowerLeg"]={cf=cfr(0,.001,-.001,1,0,0,0,.775,.632,0,-.632,.775);es="Linear";ed="In";};["RightLowerLeg"]={cf=cfr(0,.002,-.002,1,0,0,0,.731,.682,0,-.682,.731);es="Linear";ed="In";};["LowerTorso"]={cf=cfr(0,-.373,-.23,1,-.001,-.002,.001,1,.007,.002,-.007,1);es="Linear";ed="In";};["RightLowerArm"]={cf=cfr(0,0,0,1,0,0,0,.579,-.815,0,.815,.579);es="Linear";ed="In";};};{tm=.933;["RightUpperArm"]={cf=cfr(-.001,.001,.001,.984,-.176,0,.17,.952,.253,-.045,-.249,.968);es="Linear";ed="In";};["LeftUpperArm"]={cf=cfr(-.012,-.067,.031,.946,.3,-.118,-.29,.952,.094,.141,-.054,.989);es="Linear";ed="In";};["Head"]={cf=cfr(0,0,0,1,0,0,0,1,.002,0,-.002,1);es="Linear";ed="In";};["UpperTorso"]={cf=cfr(0,0,0,1,-.001,0,.001,.985,.174,0,-.174,.985);es="Linear";ed="In";};["RightUpperLeg"]={cf=cfr(-.098,-.002,.001,.679,-.521,-.518,-.026,.688,-.725,.734,.506,.454);es="Linear";ed="In";};["LeftUpperLeg"]={cf=cfr(.09,0,-.011,.681,.532,.503,-.003,.69,-.724,-.732,.492,.472);es="Linear";ed="In";};["LeftLowerArm"]={cf=cfr(0,0,0,1,0,0,0,.708,-.706,0,.706,.708);es="Linear";ed="In";};["LeftLowerLeg"]={cf=cfr(0,0,0,1,0,0,0,.771,.637,0,-.637,.771);es