local cfr = CFrame.new

return {{tm=.033;["LeftUpperArm"]={cf=cfr(-.207,-.204,.858,-.454,-.173,-.874,.105,.964,-.246,.885,-.204,-.419);es="Linear";ed="In";};["Head"]={cf=cfr(0,-.005,-.005,1,.001,-.004,-.003,.929,-.37,.003,.37,.929);es="Linear";ed="In";};["RightUpperArm"]={cf=cfr(.207,-.204,.858,-.454,.173,.874,-.105,.964,-.246,-.885,-.204,-.419);es="Linear";ed="In";};["LeftUpperLeg"]={cf=cfr(.004,-.006,.005,.863,.505,-.004,-.055,.086,-.995,-.502,.859,.102);es="Linear";ed="In";};["RightUpperLeg"]={cf=cfr(-.004,-.006,.005,.863,-.505,.004,.055,.086,-.995,.502,.859,.102);es="Linear";ed="In";};["UpperTorso"]={cf=cfr(0,-.009,-.013,1,0,0,0,.899,.438,0,-.438,.899);es="Linear";ed="In";};["LeftLowerArm"]={cf=cfr(0,0,0,1,0,0,0,.866,-.5,0,.5,.866);es="Linear";ed="In";};["LeftFoot"]={cf=cfr(0,0,0,1,0,0,0,1,0,0,0,1);es="Linear";ed="In";};["LeftLowerLeg"]={cf=cfr(0,.069,-.064,1,.004,-.001,-.001,.383,.924,.004,-.924,.383);es="Linear";ed="In";};["RightLowerArm"]={cf=cfr(.001,0,0,1,0,0,0,.866,-.5,0,.5,.866);es="Linear";ed="In";};["LowerTorso"]={cf=cfr(0,-1.834,-.028,1,0,0,0,.805,-.593,0,.593,.805);es="Sine";ed="Out";};["RightFoot"]={cf=cfr(0,0,0,1,0,0,0,1,0,0,0,1);es="Linear";ed="In";};["RightLowerLeg"]={cf=cfr(0,.069,-.064,1,-.004,.001,.001,.383,.924,-.004,-.924,.383);es="Linear";ed="In";};["LeftHand"]={cf=cfr(0,0,0,1,0,0,0,1,0,0,0,1);es="Linear";ed="In";};["RightHand"]={cf=cfr(.001,0,0,1,0,0,0,1,0,0,0,1);es="Linear";ed="In";};};{tm=.05;["LowerTorso"]={cf=cfr(0,-1.9,-.019,1,-.002,.014,.01,.765,-.644,-.009,.644,.765);es="Linear";ed="In";};};{tm=.067;["LowerTorso"]={cf=cfr(0,-1.955,-.012,1,-.003,.026,.02,.729,-.685,-.016,.685,.728);es="Linear";ed="In";};};{tm=.083;["LowerTorso"]={cf=cfr(0,-1.991,-.006,.999,-.003,.033,.026,.703,-.711,-.021,.711,.703);es="Linear";ed="In";};};{tm=.1;["UpperTorso"]={cf=cfr(0,0,-.015,.996,-.038,-.084,.046,.994,.095,.08,-.098,.992);es="Linear";ed="In";};["LowerTorso"]={cf=cfr(0,-2.004,-.004,.999,-.004,.036,.028,.694,-.719,-.023,.72,.694);es="Linear";ed="In";};};{tm=.183;["RightLowerLeg"]={cf=cfr(0,0,0,1,0,0,0,.259,.966,0,-.966,.259);es="Linear";ed="In";};["LeftUpperLeg"]={cf=cfr(0,0,0,.911,.405,-.083,-.117,.062,-.991,-.396,.912,.104);es="Linear";ed="In";};["RightUpperLeg"]={cf=cfr(0,0,0,.911,-.405,.083,.117,.062,-.991,.396,.912,.104);es="Linear";ed="In";};["UpperTorso"]={cf=cfr(0,0,-.015,.996,-.026,-.089,.046,.972,.232,.08,-.235,.969);es="Linear";ed="In";};["LowerTorso"]={cf=cfr(0,-1.88,-.004,.999,-.004,.036,.028,.694,-.719,-.023,.72,.694);es="Sine";ed="In";};["Head"]={cf=cfr(0,0,0,.999,0,.035,-.021,.788,.615,-.028,-.616,.788);es="Linear";ed="In";};["LeftLowerLeg"]={cf=cfr(0,0,0,1,0,0,0,.259,.966,0,-.966,.259);es="Linear";ed="In";};};{tm=.2;["LowerTorso"]={cf=cfr(0,-1.88,-.004,.999,-.002,.036,.027,.697,-.716,-.023,.717,.697);es="Linear";ed="In";};};{tm=.217;["LowerTorso"]={cf=cfr(0,-1.881,-.005,.999,.003,.034,.022,.707,-.707,-.026,.707,.706);es="Linear";ed="In";};};{tm=.233;["LowerTorso"]={cf=cfr(0,-1.882,-.006,.999,.011,.032,.015,.722,-.691,-.031,.691,.722);es="Linear";ed="In";};["RightLowerArm"]={cf=cfr(0,0,0,1,0,0,0,.596,-.803,0,.803,.596);es="Linear";ed="In";};["LeftUpperArm"]={cf=cfr(.47,-.317,.126,.59,-.677,.439,.481,.732,.482,-.648,-.073,.758);es="Linear";ed="In";};["RightUpperArm"]={cf=cfr(-.121,-.001,.67,.545,.068,.836,-.338,.93,.145,-.767,-.361,.53);es="Linear";ed="In";};["LeftLowerArm"]={cf=cfr(0,0,0,1,0,0,0,.996,-.087,0,.087,.996);es="Linear";ed="In";};};{tm=.25;["LowerTorso"]={cf=cfr(0,-1.884,-.006,.999,.022,.029,.004,.743,-.669,-.036,.669,.742);es="Linear";ed="In";};};{tm=.267;["LowerTorso"]={cf=cfr(0,-1.885,-.007,.999,.035,.027,-.01,.768,-.641,-.043,.64,.767);es="Linear";ed="In";};};{tm=.283;["LowerTorso"]={cf=cfr(0,-1.887,-.008,.998,.052,.024,-.027,.796,-.605,-.05,.604,.796);es="Linear";ed="In";};["Head"]={cf=cfr(-.002,-.073,.012,.957,-.287,-.043,.286,.909,.302,-.048,-.301,.952);es="Linear";ed="In";};};{tm=.3;["LowerTorso"]={cf=cfr(0,-1.888,-.009,.997,.071,.022,-.046,.825,-.564,-.058,.561,.826);es="Linear";ed="In";};};{tm=.317;["LowerTorso"]={cf=cfr(0,-1.888,-.009,.996,.092,.02,-.068,.854,-.516,-.065,.512,.857);es="Linear";ed="In";};};{tm=.333;["LowerTorso"]={cf=cfr(0,-1.888,-.008,.993,.114,.02,-.092,.882,-.462,-.071,.457,.887);es="Linear";ed="In";};};{tm=.35;["LowerTorso"]={cf=cfr(0,-1.886,-.007,.99,.138,.022,-.118,.907,-.403,-.075,.397,.915);es="Linear";ed="In";};["LeftUpperArm"]={cf=cfr(.697,-.422,.048,.714,-.472,.517,.021,.753,.658,-.7,-.459,.547);es="Linear";ed="In";};["LeftLowerArm"]={cf=cfr(0,.017,.008,1,0,0,0,.766,-.643,0,.643,.766);es="Linear";ed="In";};};{tm=.367;["LowerTorso"]={cf=cfr(0,-1.884,-.006,.986,.163,.025,-.145,.929,-.341,-.078,.333,.94);es="Linear";ed="In";};};{tm=.383;["Head"]={cf=cfr(0,0,0,.911,-.41,-.043,.407,.911,-.057,.062,.035,.997);es="Linear";ed="In";};["RightUpperArm"]={cf=cfr(.021,-.025,-.023,.942,-.314,-.114,.331,.923,.196,.043,-.223,.974);es="Linear";ed="In";};["LeftUpperLeg"]={cf=cfr(0,0,0,.911,.352,-.216,-.117,-.281,-.952,-.396,.893,-.215);es="Linear";ed="In";};["RightUpperLeg"]={cf=cfr(.049,-.034,-.071,.832,-.114,.544,.408,-.539,-.737,.377,.834,-.402);es="Linear";ed="In";};["UpperTorso"]={cf=cfr(0,0,-.015,.979,.201,-.025,-.129,.718,.684,.155,-.667,.729);es="Linear";ed="In";};["LeftLowerLeg"]={cf=cfr(0,0,0,1,0,0,0,.259,.966,0,-.966,.259);es="Sine";ed="Out";};["RightLowerLeg"]={cf=cfr(0,0,0,1,0,0,0,-.342,.94,0,-.94,-.342);es="Sine";ed="Out";};["LowerTorso"]={cf=cfr(0,-1.88,-.004,.982,.187,.03,-.172,.946,-.276,-.08,.266,.961);es="Sine";ed="Out";};["RightLowerArm"]={cf=cfr(0,0,0,1,0,0,0,.809,-.588,0,.588,.809);es="Linear";ed="In";};};{tm=.4;["LeftLowerLeg"]={cf=cfr(0,.004,-.007,1,0,0,0,.324,.946,0,-.946,.324);es="Linear";ed="In";};["RightLowerLeg"]={cf=cfr(0,.003,-.032,1,0,0,0,-.211,.978,0,-.978,-.211);es="Linear";ed="In";};["LowerTorso"]={cf=cfr(0,-1.713,-.004,.986,.166,.029,-.154,.957,-.246,-.068,.238,.969);es="Linear";ed="In";};};{tm=.417;["LeftLowerLeg"]={cf=cfr(0,.007,-.013,1,0,0,0,.387,.922,0,-.922,.387);es="Linear";ed="In";};["RightLowerLeg"]={cf=cfr(0,.008,-.056,1,0,0,0,-.077,.997,0,-.997,-.077);es="Linear";ed="In";};["LowerTorso"]={cf=cfr(0,-1.547,-.004,.989,.145,.028,-.136,.967,-.215,-.058,.209,.976);es="Linear";ed="In";};};{tm=.433;["LeftLowerLeg"]={cf=cfr(0,.009,-.016,1,0,0,0,.447,.894,0,-.894,.447);es="Linear";ed="In";};["RightLowerLeg"]={cf=cfr(0,.014,-.071,1,0,0,0,.054,.999,0,-.999,.054);es="Linear";ed="In";};["LowerTorso"]={cf=cfr(0,-1.385,-.003,.992,.125,.026,-.118,.976,-.186,-.048,.181,.982);es="Linear";ed="In";};};{tm=.45;["LeftLowerLeg"]={cf=cfr(0,.011,-.018,1,0,0,0,.503,.864,0,-.864,.503);es="Linear";ed="In";};["RightLowerLeg"]={cf=cfr(0,.019,-.079,1,0,0,0,.18,.984,0,-.984,.18);es="Linear";ed="In";};["LowerTorso"]={cf=cfr(0,-1.229,-.003,.994,.105,.023,-.1,.982,-.157,-.039,.154,.987);es="Linear";ed="In";};};{tm=.467;["LeftLowerLeg"]={cf=cfr(0,.011,-.018,1,0,0,0,.554,.833,0,-.833,.554);es="Linear";ed="In";};["RightLowerLeg"]={cf=cfr(0,.022,-.079,1,0,0,0,.296,.955,0,-.955,.296);es="Linear";ed="In";};["LowerTorso"]={cf=cfr(0,-1.081,-.003,.996,.087,.02,-.084,.988,-.13,-.031,.128,.991);es="Linear";ed="In";};["LeftUpperArm"]={cf=cfr(0,0,0,.986,.053,.158,.056,.789,-.612,-.157,.612,.775);es="Linear";ed="In";};["RightUpperArm"]={cf=cfr(.011,-.015,-.014,.962,-.25,.113,.274,.859,-.432,.011,.447,.895);es="Linear";ed="In";};["LeftLowerArm"]={cf=cfr(0,.012,.006,1,0,0,0,.285,-.959,0,.959,.285);es="Linear";ed="In";};["LeftUpperLeg"]={cf=cfr(.051,.186,-.025,.801,.51,.313,.009,.513,-.858,-.598,.69,.407);es="Sine";ed="Out";};["RightUpperLeg"]={cf=cfr(-.129,.168,.002,.826,-.56,-.066,.114,.28,-.953,.553,.779,.295);es="Sine";ed="Out";};["RightLowerArm"]={cf=cfr(0,.003,.003,1,0,0,0,.952,-.305,0,.305,.952);es="Linear";ed="In";};};{tm=.483;["LeftLowerLeg"]={cf=cfr(0,.011,-.016,1,0,0,0,.599,.8,0,-.8,.599);es="Linear";ed="In";};["RightLowerLeg"]={cf=cfr(0,.024,-.073,1,0,0,0,.401,.916,0,-.916,.401);es="Linear";ed="In";};["LowerTorso"]={cf=cfr(0,-.943,-.002,.997,.07,.017,-.068,.992,-.104,-.024,.103,.994);es="Linear";ed="In";};["RightUpperLeg"]={cf=cfr(-.134,.142,.006,.802,-.577,-.151,.084,.361,-.929,.591,.733,.338);es="Linear";ed="In";};["LeftUpperLeg"]={cf=cfr(.063,.155,-.019,.777,.521,.354,.011,.55,-.835,-.63,.653,.421);es="Linear";ed="In";};["Head"]={cf=cfr(.013,-.033,.001,.977,-.12,-.174,.205,.742,.638,.052,-.659,.75);es="Linear";ed="In";};};{tm=.5;["LeftLowerLeg"]={cf=cfr(0,.01,-.014,1,0,0,0,.639,.769,0,-.769,.639);es="Linear";ed="In";};["RightLowerLeg"]={cf=cfr(0,.023,-.064,1,0,0,0,.492,.87,0,-.87,.492);es="Linear";ed="In";};["LowerTorso"]={cf=cfr(0,-.817,-.002,.998,.054,.014,-.053,.995,-.081,-.018,.08,.997);es="Linear";ed="In";};["RightUpperLeg"]={cf=cfr(-.135,.116,.009,.776,-.585,-.234,.059,.437,-.897,.628,.683,.374);es="Linear";ed="In";};["LeftUpperLeg"]={cf=cfr(.073,.125,-.014,.751,.53,.393,.012,.584,-.812,-.66,.615,.432);es="Linear";ed="In";};};{tm=.517;["LeftLowerLeg"]={cf=cfr(0,.008,-.012,1,0,0,0,.674,.739,0,-.739,.674);es="Linear";ed="In";};["RightLowerLeg"]={cf=cfr(0,.021,-.052,1,0,0,0,.57,.822,0,-.822,.57);es="Linear";ed="In";};["LowerTorso"]={cf=cfr(0,-.704,-.001,.999,.04,.011,-.04,.997,-.06,-.013,.06,.998);es="Linear";ed="In";};["RightUpperLeg"]={cf=cfr(-.132,.091,.009,.748,-.586,-.311,.039,.507,-.861,.662,.632,.402);es="Linear";ed="In";};["LeftUpperLeg"]={cf=cfr(.081,.096,-.01,.727,.536,.429,.011,.615,-.788,-.687,.578,.441);es="Linear";ed="In";};};{tm=.533;["LeftLowerLeg"]={cf=cfr(0,.007,-.009,1,0,0,0,.703,.712,0,-.712,.703);es="Linear";ed="In";};["RightLowerLeg"]={cf=cfr(0,.017,-.039,1,0,0,0,.633,.774,0,-.774,.633);es="Linear";ed="In";};["LowerTorso"]={cf=cfr(0,-.606,-.001,1,.028,.008,-.028,.999,-.042,-.009,.042,.999);es="Linear";ed="In";};["RightUpperLeg"]={cf=cfr(-.127,.066,.007,.721,-.58,-.379,.024,.567,-.823,.693,.584,.423);es="Linear";ed="In";};["LeftUpperLeg"]={cf=cfr(.088,.069,-.006,.704,.54,.462,.01,.642,-.766,-.711,.544,.447);es="Linear";ed="In";};};{tm=.55;["LeftLowerLeg"]={cf=cfr(0,.005,-.006,1,0,0,0,.726,.688,0,-.688,.726);es="Linear";ed="In";};["RightLowerLeg"]={cf=cfr(0,.012,-.027,1,0,0,0,.683,.731,0,-.731,.683);es="Linear";ed="In";};["LowerTorso"]={cf=cfr(0,-.523,-.001,1,.018,.005,-.018,.999,-.027,-.006,.027,1);es="Linear";ed="In";};["RightUpperLeg"]={cf=cfr(-.119,.045,.005,.695,-.571,-.437,.014,.618,-.786,.719,.541,.437);es="Linear";ed="In";};["LeftUpperLeg"]={cf=cfr(.093,.045,-.004,.683,.542,.49,.007,.665,-.746,-.73,.513,.451);es="Linear";ed="In";};};{tm=.567;["LeftLowerLeg"]={cf=cfr(0,.003,-.004,1,0,0,0,.744,.669,0,-.669,.744);es="Linear";ed="In";};["RightLowerLeg"]={cf=cfr(0,.007,-.016,1,0,0,0,.72,.694,0,-.694,.72);es="Linear";ed="In";};["LowerTorso"]={cf=cfr(0,-.458,0,1,.01,.003,-.01,1,-.016,-.003,.015,1);es="Linear";ed="In";};["RightUpperLeg"]={cf=cfr(-.112,.026,.003,.673,-.56,-.482,.007,.657,-.754,.739,.504,.446);es="Linear";ed="In";};["LeftUpperLeg"]={cf=cfr(.096,.026,-.002,.666,.542,.512,.004,.684,-.73,-.746,.488,.453);es="Linear";ed="In";};};{tm=.583;["LeftLowerLeg"]={cf=cfr(0,.001,-.002,1,0,0,0,.756,.654,0,-.654,.756);es="Linear";ed="In";};["RightLowerLeg"]={cf=cfr(0,.004,-.007,1,0,0,0,.746,.666,0,-.666,.746);es="Linear";ed="In";};["LowerTorso"]={cf=cfr(0,-.411,0,1,.005,.001,-.005,1,-.007,-.001,.007,1);es="Linear";ed="In";};["RightUpperLeg"]={cf=cfr(-.106,.012,.002,.657,-.551,-.515,.003,.685,-.729,.754,.477,.451);es="Linear";ed="In";};["LeftUpperLeg"]={cf=cfr(.098,.012,-.001,.653,.542,.528,.002,.697,-.717,-.757,.47,.454);es="Linear";ed="In";};};{tm=.6;["LeftLowerLeg"]={cf=cfr(0,0,0,1,0,0,0,.764,.646,0,-.646,.764);es="Linear";ed="In";};["RightLowerLeg"]={cf=cfr(0,.001,-.002,1,0,0,0,.761,.649,0,-.649,.761);es="Linear";ed="In";};["LowerTorso"]={cf=cfr(0,-.383,0,1,.001,0,-.001,1,-.002,0,.002,1);es="Linear";ed="In";};["RightUpperLeg"]={cf=cfr(-.101,.003,0,.646,-.544,-.535,.001,.702,-.713,.763,.46,.454);es="Linear";ed="In";};["LeftUpperLeg"]={cf=cfr(.1,.003,0,.645,.542,.538,.001,.704,-.71,-.764,.458,.454);es="Linear";ed="In";};};{tm=.617;["Head"]={cf=cfr(0,0,0,1,0,0,0,1,0,0,0,1);es="Linear";ed="In";};["LeftUpperArm"]={cf=cfr(-.012,-.067,.031,.947,.3,-.119,-.29,.952,.095,.142,-.056,.988);es="Linear";ed="In";};["RightUpperArm"]={cf=cfr(0,0,0,.985,-.174,0,.168,.951,.259,-.045,-.255,.966);es="Linear";ed="In";};["LeftUpperLeg"]={cf=cfr(.1,0,0,.643,.542,.542,0,.707,-.707,-.766,.455,.455);es="Linear";ed="In";};["RightUpperLeg"]={cf=cfr(-.1,0,0,.643,-.542,-.542,0,.707,-.707,.766,.455,.455);es="Linear";ed="In";};["UpperTorso"]={cf=cfr(0,0,0,1,0,0,0,.985,.174,0,-.174,.985);es="Linear";ed="In";};["LeftLowerLeg"]={cf=cfr(0,0,0,1,0,0,0,.766,.643,0,-.643,.766);es="Linear";ed="In";};["LeftLowerArm"]={cf=cfr(0,0,0,1,0,0,0,.707,-.707,0,.707,.707);es="Linear";ed="In";};["RightLowerLeg"]={cf=cfr(0,0,0,1,0,0,0,.766,.643,0,-.643,.766);es="Linear";ed="In";};["LowerTorso"]={cf=cfr(0,-.373,0,1,0,0,0,1,0,0,0,1);es="Linear";ed="In";};["RightLowerArm"]={cf=cfr(0,0,0,1,0,0,0,.574,-.819,0,.819,.574);es="Linear";ed="In";};};{tm=9999.0;["Head"]={cf=cfr(0,0,0,1,0,0,0,1,0,0,0,1);es="Linear";ed="In";};["LeftUpperArm"]={cf=cfr(-.012,-.067,.031,.947,.3,-.119,-.29,.952,.095,.142,-.056,.988);es="Linear";ed="In";};["RightUpperArm"]={cf=cfr(0,0,0,.985,-.174,0,.168,.951,.259,-.045,-.255,.966);es="Linear";ed="In";};["LeftUpperLeg"]={cf=cfr(.1,0,0,.643,.542,.542,0,.707,-.707,-.766,.455,.455);es="Linear";ed="In";};["RightUpperLeg"]={cf=cfr(-.1,0,0,.643,-.542,-.542,0,.707,-.707,.766,.455,.455);es="Linear";ed="In";};["UpperTorso"]={cf=cfr(0,0,0,1,0,0,0,.985,.174,0,-.174,.985);es="Linear";ed="In";};["LeftLowerLeg"]={cf=cfr(0,0,0,1,0,0,0,.766,.643,0,-.643,.766);es="Linear";ed="In";};["LeftLowerArm"]={cf=cfr(0,0,0,1,0,0,0,.707,-.707,0,.707,.707);es="Linear";ed="In";};["RightLowerLeg"]={cf=cfr(0,0,0,1,0,0,0,.766,.643,0,-.643,.766);es="Linear";ed="In";};["LowerTorso"]={cf=cfr(0,-.373,0,1,0,0,0,1,0,0,0,1);es="Linear";ed="In";};["RightLowerArm"]={cf=cfr(0,0,0,1,0,0,0,.574,-.819,0,.819,.574);es="Linear";ed="In";};};}