local cfr = CFrame.new

return {{tm=0;["RootNode"]={cf=cfr(0,0,0,-1,0,0,0,1,0,0,0,-1);es="Linear";ed="In";};["root"]={cf=cfr(0,2.749,.945,0,0,1,0,1,0,-1,0,0);es="Linear";ed="In";};["000-offset"]={cf=cfr(0,0,0,-.401,.406,-.821,-.908,-.056,.416,.123,.912,.391);es="Linear";ed="In";};["004-offset.001"]={cf=cfr(0,0,0,-.015,-1,0,1,-.015,0,0,0,1);es="Linear";ed="In";};["006-offset"]={cf=cfr(0,0,0,-.18,-.982,.054,.975,-.171,.141,-.13,.078,.988);es="Linear";ed="In";};["000-offset.009"]={cf=cfr(0,0,0,-.07,-.947,-.313,.975,-.131,.178,-.21,-.293,.933);es="Linear";ed="In";};["000-offset.012"]={cf=cfr(0,0,0,-.757,-.618,-.214,.652,-.736,-.181,-.046,-.276,.96);es="Linear";ed="In";};["000-offset.001"]={cf=cfr(0,0,0,.311,.945,-.099,-.944,.319,.086,.113,.067,.991);es="Linear";ed="In";};["000-offset.010"]={cf=cfr(0,0,0,.707,.707,0,-.707,.707,0,0,0,1);es="Linear";ed="In";};["000-offset.013"]={cf=cfr(0,0,0,-.683,.73,0,-.73,-.683,0,0,0,1);es="Linear";ed="In";};["004-offset"]={cf=cfr(0,0,0,.035,-.999,0,.999,.035,0,0,0,1);es="Linear";ed="In";};["002-offset"]={cf=cfr(0,0,0,.035,-.999,0,.999,.035,0,0,0,1);es="Linear";ed="In";};["000-offset.002"]={cf=cfr(0,0,0,.824,-.562,-.077,.437,.543,.717,-.361,-.624,.693);es="Linear";ed="In";};["000-offset.011"]={cf=cfr(0,0,0,.454,-.888,.078,.824,.385,-.415,.339,.253,.906);es="Linear";ed="In";};["000-offset.014"]={cf=cfr(0,0,0,-.147,-.862,.485,.988,-.1,.12,-.055,.496,.866);es="Linear";ed="In";};["000-offset.006"]={cf=cfr(0,0,0,.258,-.237,-.937,.5,-.797,.339,-.827,-.556,-.087);es="Linear";ed="In";};["000-offset.003"]={cf=cfr(0,0,0,-.974,.001,-.227,.166,-.681,-.714,-.155,-.733,.663);es="Linear";ed="In";};["000-offset.007"]={cf=cfr(0,0,0,.566,-.825,0,.825,.566,0,0,0,1);es="Linear";ed="In";};["000-offset.004"]={cf=cfr(0,0,0,.936,-.351,0,.351,.936,0,0,0,1);es="Linear";ed="In";};["000-offset.008"]={cf=cfr(0,0,0,.567,-.373,.735,.668,.73,-.145,-.482,.573,.663);es="Linear";ed="In";};["000-offset.005"]={cf=cfr(0,0,0,.634,-.716,-.292,.769,.543,.338,-.083,-.439,.895);es="Linear";ed="In";};};{tm=.042;["000-offset"]={cf=cfr(0,0,0,-.397,.437,-.807,-.911,-.08,.405,.112,.896,.429);es="Linear";ed="In";};["000-offset.009"]={cf=cfr(0,0,0,-.181,-.937,-.297,.964,-.229,.135,-.195,-.262,.945);es="Linear";ed="In";};["000-offset.012"]={cf=cfr(0,0,0,-.716,-.659,-.231,.696,-.698,-.168,-.051,-.281,.958);es="Linear";ed="In";};["000-offset.001"]={cf=cfr(0,0,0,.388,.917,-.098,-.916,.395,.073,.106,.062,.992);es="Linear";ed="In";};["000-offset.010"]={cf=cfr(0,0,0,.586,.81,0,-.81,.586,0,0,0,1);es="Linear";ed="In";};["000-offset.013"]={cf=cfr(0,0,0,-.49,.872,0,-.872,-.49,0,0,0,1);es="Linear";ed="In";};["002-offset"]={cf=cfr(0,0,0,.036,-.999,.003,.996,.036,.077,-.077,0,.997);es="Linear";ed="In";};["000-offset.002"]={cf=cfr(0,0,0,.834,-.547,-.07,.431,.568,.701,-.344,-.615,.709);es="Linear";ed="In";};["000-offset.011"]={cf=cfr(0,0,0,.487,-.871,.064,.815,.427,-.392,.315,.243,.918);es="Linear";ed="In";};["000-offset.014"]={cf=cfr(0,0,0,-.095,-.879,.466,.994,-.063,.084,-.045,.472,.881);es="Linear";ed="In";};["000-offset.006"]={cf=cfr(0,0,0,.31,-.224,-.924,.603,-.705,.373,-.735,-.673,-.084);es="Linear";ed="In";};["000-offset.003"]={cf=cfr(0,0,0,-.974,.006,-.228,.163,-.68,-.714,-.159,-.733,.662);es="Linear";ed="In";};["000-offset.007"]={cf=cfr(0,0,0,.503,-.864,0,.864,.503,0,0,0,1);es="Linear";ed="In";};["000-offset.004"]={cf=cfr(0,0,0,.931,-.365,0,.365,.931,0,0,0,1);es="Linear";ed="In";};["000-offset.008"]={cf=cfr(0,0,0,.557,-.378,.739,.668,.733,-.129,-.493,.566,.661);es="Linear";ed="In";};["000-offset.005"]={cf=cfr(0,0,0,.635,-.715,-.292,.768,.543,.341,-.085,-.44,.894);es="Linear";ed="In";};};{tm=.083;["000-offset"]={cf=cfr(0,0,0,-.385,.515,-.766,-.919,-.139,.369,.084,.846,.527);es="Linear";ed="In";};["000-offset.009"]={cf=cfr(0,0,0,-.447,-.863,-.235,.881,-.471,.053,-.156,-.183,.971);es="Linear";ed="In";};["000-offset.012"]={cf=cfr(0,0,0,-.601,-.752,-.271,.797,-.59,-.131,-.062,-.294,.954);es="Linear";ed="In";};["000-offset.001"]={cf=cfr(0,0,0,.573,.814,-.09,-.815,.578,.044,.087,.048,.995);es="Linear";ed="In";};["000-offset.010"]={cf=cfr(0,0,0,.268,.963,0,-.963,.268,0,0,0,1);es="Linear";ed="In";};["000-offset.013"]={cf=cfr(0,0,0,.04,.999,0,-.999,.04,0,0,0,1);es="Linear";ed="In";};["002-offset"]={cf=cfr(0,0,0,.035,-.999,.01,.96,.037,.279,-.279,0,.96);es="Linear";ed="In";};["000-offset.002"]={cf=cfr(0,0,0,.86,-.507,-.054,.412,.63,.658,-.299,-.588,.751);es="Linear";ed="In";};["000-offset.011"]={cf=cfr(0,0,0,.554,-.831,.039,.79,.511,-.338,.261,.218,.94);es="Linear";ed="In";};["000-offset.014"]={cf=cfr(0,0,0,.037,-.911,.41,.999,.042,.003,-.02,.409,.912);es="Linear";ed="In";};["000-offset.006"]={cf=cfr(0,0,0,.401,-.169,-.9,.784,-.445,.433,-.474,-.879,-.046);es="Linear";ed="In";};["000-offset.003"]={cf=cfr(0,0,0,-.972,.014,-.233,.161,-.681,-.715,-.168,-.732,.66);es="Linear";ed="In";};["000-offset.007"]={cf=cfr(0,0,0,.367,-.93,0,.93,.367,0,0,0,1);es="Linear";ed="In";};["000-offset.004"]={cf=cfr(0,0,0,.915,-.403,0,.403,.915,0,0,0,1);es="Linear";ed="In";};["000-offset.008"]={cf=cfr(0,0,0,.541,-.387,.747,.668,.737,-.103,-.511,.555,.657);es="Linear";ed="In";};["000-offset.005"]={cf=cfr(0,0,0,.637,-.714,-.291,.765,.541,.349,-.091,-.445,.891);es="Linear";ed="In";};};{tm=.125;["000-offset"]={cf=cfr(0,0,0,-.368,.619,-.694,-.929,-.211,.304,.041,.757,.652);es="Linear";ed="In";};["000-offset.009"]={cf=cfr(0,0,0,-.739,-.661,-.129,.666,-.746,.013,-.105,-.076,.992);es="Linear";ed="In";};["000-offset.012"]={cf=cfr(0,0,0,-.426,-.848,-.314,.901,-.428,-.068,-.077,-.312,.947);es="Linear";ed="In";};["000-offset.001"]={cf=cfr(0,0,0,.786,.615,-.067,-.615,.788,.015,.062,.029,.998);es="Linear";ed="In";};["000-offset.010"]={cf=cfr(0,0,0,-.098,.995,0,-.995,-.098,0,0,0,1);es="Linear";ed="In";};["000-offset.013"]={cf=cfr(0,0,0,.606,.796,0,-.796,.606,0,0,0,1);es="Linear";ed="In";};["002-offset"]={cf=cfr(0,0,0,.031,-.999,.02,.836,.037,.548,-.548,0,.836);es="Linear";ed="In";};["000-offset.002"]={cf=cfr(0,0,0,.894,-.446,-.04,.381,.711,.591,-.235,-.544,.806);es="Linear";ed="In";};["000-offset.011"]={cf=cfr(0,0,0,.61,-.792,.025,.765,.582,-.276,.204,.187,.961);es="Linear";ed="In";};["000-offset.014"]={cf=cfr(0,0,0,.21,-.925,.316,.978,.195,-.078,.011,.326,.945);es="Linear";ed="In";};["000-offset.006"]={cf=cfr(0,0,0,.447,-.088,-.89,.883,-.114,.455,-.141,-.99,.027);es="Linear";ed="In";};["000-offset.003"]={cf=cfr(0,0,0,-.971,.024,-.239,.159,-.681,-.715,-.18,-.732,.657);es="Linear";ed="In";};["000-offset.007"]={cf=cfr(0,0,0,.25,-.968,0,.968,.25,0,0,0,1);es="Linear";ed="In";};["000-offset.004"]={cf=cfr(0,0,0,.89,-.457,0,.457,.89,0,0,0,1);es="Linear";ed="In";};["000-offset.008"]={cf=cfr(0,0,0,.538,-.388,.748,.668,.737,-.097,-.514,.553,.656);es="Linear";ed="In";};["000-offset.005"]={cf=cfr(0,0,0,.639,-.712,-.29,.762,.539,.358,-.099,-.45,.887);es="Linear";ed="In";};};{tm=.167;["000-offset"]={cf=cfr(0,0,0,-.346,.724,-.596,-.938,-.273,.213,-.009,.633,.774);es="Linear";ed="In";};["000-offset.009"]={cf=cfr(0,0,0,-.931,-.363,-.035,.361,-.931,.05,-.051,.034,.998);es="Linear";ed="In";};["000-offset.012"]={cf=cfr(0,0,0,-.222,-.912,-.344,.971,-.24,.012,-.093,-.331,.939);es="Linear";ed="In";};["000-offset.001"]={cf=cfr(0,0,0,.942,.333,-.034,-.334,.943,.004,.034,.008,.999);es="Linear";ed="In";};["000-offset.010"]={cf=cfr(0,0,0,-.295,.956,0,-.956,-.295,0,0,0,1);es="Linear";ed="In";};["000-offset.013"]={cf=cfr(0,0,0,.876,.482,0,-.482,.876,0,0,0,1);es="Linear";ed="In";};["002-offset"]={cf=cfr(0,0,0,.022,-.999,.03,.596,.037,.802,-.803,0,.596);es="Linear";ed="In";};["000-offset.002"]={cf=cfr(0,0,0,.927,-.374,-.037,.34,.791,.509,-.161,-.484,.86);es="Linear";ed="In";};["000-offset.011"]={cf=cfr(0,0,0,.615,-.789,.021,.769,.593,-.237,.174,.162,.971);es="Linear";ed="In";};["000-offset.014"]={cf=cfr(0,0,0,.38,-.901,.209,.924,.36,-.127,.039,.242,.97);es="Linear";ed="In";};["000-offset.006"]={cf=cfr(0,0,0,.446,-.043,-.894,.893,.094,.441,.065,-.995,.08);es="Linear";ed="In";};["000-offset.003"]={cf=cfr(0,0,0,-.969,.033,-.245,.158,-.68,-.715,-.19,-.732,.654);es="Linear";ed="In";};["000-offset.007"]={cf=cfr(0,0,0,.258,-.966,0,.966,.258,0,0,0,1);es="Linear";ed="In";};["000-offset.004"]={cf=cfr(0,0,0,.854,-.52,0,.52,.854,0,0,0,1);es="Linear";ed="In";};["000-offset.008"]={cf=cfr(0,0,0,.567,-.373,.735,.668,.73,-.145,-.482,.573,.663);es="Linear";ed="In";};["000-offset.005"]={cf=cfr(0,0,0,.642,-.711,-.289,.76,.537,.367,-.106,-.455,.884);es="Linear";ed="In";};};{tm=.208;["000-offset"]={cf=cfr(0,0,0,-.321,.814,-.485,-.945,-.31,.107,-.063,.492,.868);es="Linear";ed="In";};["000-offset.009"]={cf=cfr(0,0,0,-.995,-.096,.005,.096,-.988,.122,-.007,.122,.993);es="Linear";ed="In";};["000-offset.012"]={cf=cfr(0,0,0,-.036,-.934,-.355,.993,-.072,.088,-.108,-.349,.931);es="Linear";ed="In";};["000-offset.001"]={cf=cfr(0,0,0,.999,.036,-.006,-.036,.999,.014,.007,-.013,1);es="Linear";ed="In";};["000-offset.010"]={cf=cfr(0,0,0,-.335,.942,0,-.942,-.335,0,0,0,1);es="Linear";ed="In";};["000-offset.013"]={cf=cfr(0,0,0,.941,.34,0,-.34,.941,0,0,0,1);es="Linear";ed="In";};["002-offset"]={cf=cfr(0,0,0,.01,-.999,.036,.267,.038,.963,-.964,0,.267);es="Linear";ed="In";};["000-offset.002"]={cf=cfr(0,0,0,.953,-.3,-.046,.291,.858,.423,-.087,-.417,.905);es="Linear";ed="In";};["000-offset.011"]={cf=cfr(0,0,0,.57,-.821,.02,.804,.553,-.221,.17,.142,.975);es="Linear";ed="In";};["000-offset.014"]={cf=cfr(0,0,0,.51,-.851,.127,.858,.494,-.138,.055,.18,.982);es="Linear";ed="In";};["000-offset.006"]={cf=cfr(0,0,0,.43,-.057,-.901,.901,.095,.424,.062,-.994,.092);es="Linear";ed="In";};["000-offset.003"]={cf=cfr(0,0,0,-.968,.037,-.249,.158,-.681,-.715,-.196,-.731,.653);es="Linear";ed="In";};["000-offset.007"]={cf=cfr(0,0,0,.485,-.875,0,.875,.485,0,0,0,1);es="Linear";ed="In";};["000-offset.004"]={cf=cfr(0,0,0,.811,-.585,0,.585,.811,0,0,0,1);es="Linear";ed="In";};["000-offset.008"]={cf=cfr(0,0,0,.654,-.329,.681,.654,.699,-.29,-.381,.635,.672);es="Linear";ed="In";};["000-offset.005"]={cf=cfr(0,0,0,.643,-.71,-.288,.758,.535,.372,-.11,-.458,.882);es="Linear";ed="In";};};{tm=.25;["000-offset"]={cf=cfr(0,0,0,-.297,.875,-.382,-.948,-.318,.007,-.115,.364,.924);es="Linear";ed="In";};["000-offset.009"]={cf=cfr(0,0,0,-.999,-.044,.026,.048,-.986,.16,.019,.161,.987);es="Linear";ed="In";};["000-offset.012"]={cf=cfr(0,0,0,.157,-.92,-.358,.98,.1,.172,-.123,-.378,.918);es="Linear";ed="In";};["000-offset.001"]={cf=cfr(0,0,0,.98,-.198,.008,.198,.98,.033,-.015,-.031,.999);es="Linear";ed="In";};["000-offset.010"]={cf=cfr(0,0,0,-.353,.936,0,-.936,-.353,0,0,0,1);es="Linear";ed="In";};["000-offset.013"]={cf=cfr(0,0,0,.95,.311,0,-.311,.95,0,0,0,1);es="Linear";ed="In";};["002-offset"]={cf=cfr(0,0,0,-.003,-.999,.038,-.077,.038,.996,-.997,0,-.077);es="Linear";ed="In";};["000-offset.002"]={cf=cfr(0,0,0,.97,-.233,-.064,.24,.906,.348,-.023,-.353,.935);es="Linear";ed="In";};["000-offset.011"]={cf=cfr(0,0,0,.509,-.861,.019,.844,.495,-.208,.17,.121,.978);es="Linear";ed="In";};["000-offset.014"]={cf=cfr(0,0,0,.613,-.784,.099,.789,.601,-.131,.043,.159,.986);es="Linear";ed="In";};["000-offset.006"]={cf=cfr(0,0,0,.404,-.099,-.909,.913,-.02,.408,-.058,-.995,.082);es="Linear";ed="In";};["000-offset.003"]={cf=cfr(0,0,0,-.968,.036,-.248,.158,-.68,-.716,-.195,-.732,.653);es="Linear";ed="In";};["000-offset.007"]={cf=cfr(0,0,0,.787,-.617,0,.617,.787,0,0,0,1);es="Linear";ed="In";};["000-offset.004"]={cf=cfr(0,0,0,.763,-.646,0,.646,.763,0,0,0,1);es="Linear";ed="In";};["000-offset.008"]={cf=cfr(0,0,0,.768,-.29,.571,.6,.637,-.484,-.224,.714,.663);es="Linear";ed="In";};["000-offset.005"]={cf=cfr(0,0,0,.642,-.71,-.289,.759,.536,.371,-.109,-.457,.883);es="Linear";ed="In";};};{tm=.292;["000-offset"]={cf=cfr(0,0,0,-.275,.909,-.315,-.948,-.31,-.069,-.161,.279,.947);es="Linear";ed="In";};["000-offset.009"]={cf=cfr(0,0,0,-.994,-.093,.059,.102,-.981,.166,.043,.171,.984);es="Linear";ed="In";};["000-offset.012"]={cf=cfr(0,0,0,.34,-.875,-.344,.93,.259,.26,-.138,-.408,.902);es="Linear";ed="In";};["000-offset.001"]={cf=cfr(0,0,0,.95,-.311,.012,.31,.95,.049,-.027,-.042,.999);es="Linear";ed="In";};["000-offset.010"]={cf=cfr(0,0,0,-.353,.935,0,-.935,-.353,0,0,0,1);es="Linear";ed="In";};["000-offset.013"]={cf=cfr(0,0,0,.935,.353,0,-.353,.935,0,0,0,1);es="Linear";ed="In";};["002-offset"]={cf=cfr(0,0,0,-.014,-.999,.035,-.357,.038,.933,-.934,0,-.358);es="Linear";ed="In";};["000-offset.002"]={cf=cfr(0,0,0,.98,-.181,-.078,.196,.935,.297,.02,-.306,.952);es="Linear";ed="In";};["000-offset.011"]={cf=cfr(0,0,0,.432,-.902,.016,.885,.421,-.199,.173,.1,.98);es="Linear";ed="In";};["000-offset.014"]={cf=cfr(0,0,0,.691,-.714,.109,.722,.68,-.124,.015,.164,.986);es="Linear";ed="In";};["000-offset.006"]={cf=cfr(0,0,0,.384,-.151,-.911,.898,-.168,.406,-.214,-.974,.071);es="Linear";ed="In";};["000-offset.003"]={cf=cfr(0,0,0,-.971,.027,-.24,.158,-.681,-.715,-.182,-.732,.656);es="Linear";ed="In";};["000-offset.007"]={cf=cfr(0,0,0,.96,-.279,0,.279,.96,0,0,0,1);es="Linear";ed="In";};["000-offset.004"]={cf=cfr(0,0,0,.716,-.698,0,.698,.716,0,0,0,1);es="Linear";ed="In";};["000-offset.008"]={cf=cfr(0,0,0,.85,-.29,.44,.522,.572,-.633,-.068,.768,.637);es="Linear";ed="In";};["000-offset.005"]={cf=cfr(0,0,0,.64,-.712,-.29,.762,.538,.36,-.1,-.451,.887);es="Linear";ed="In";};};{tm=.333;["000-offset"]={cf=cfr(0,0,0,-.203,.943,-.265,-.97,-.231,-.078,-.134,.241,.961);es="Linear";ed="In";};["000-offset.009"]={cf=cfr(0,0,0,-.991,-.093,.099,.109,-.979,.172,.081,.181,.98);es="Linear";ed="In";};["000-offset.012"]={cf=cfr(0,0,0,.405,-.857,-.319,.901,.316,.296,-.153,-.407,.9);es="Linear";ed="In";};["000-offset.001"]={cf=cfr(0,0,0,.951,-.31,.014,.309,.95,.055,-.03,-.048,.998);es="Linear";ed="In";};["000-offset.010"]={cf=cfr(0,0,0,-.339,.941,0,-.941,-.339,0,0,0,1);es="Linear";ed="In";};["000-offset.013"]={cf=cfr(0,0,0,.909,.416,0,-.416,.909,0,0,0,1);es="Linear";ed="In";};["002-offset"]={cf=cfr(0,0,0,-.021,-.999,.032,-.53,.038,.847,-.848,.001,-.531);es="Linear";ed="In";};["000-offset.002"]={cf=cfr(0,0,0,.987,-.134,-.085,.152,.952,.265,.046,-.274,.961);es="Linear";ed="In";};["000-offset.011"]={cf=cfr(0,0,0,.343,-.939,.012,.922,.335,-.194,.178,.078,.981);es="Linear";ed="In";};["000-offset.014"]={cf=cfr(0,0,0,.71,-.694,.119,.704,.7,-.121,.001,.17,.986);es="Linear";ed="In";};["000-offset.006"]={cf=cfr(0,0,0,.394,-.213,-.894,.859,-.261,.441,-.327,-.942,.08);es="Linear";ed="In";};["000-offset.003"]={cf=cfr(0,0,0,-.974,.001,-.227,.166,-.681,-.714,-.155,-.733,.663);es="Linear";ed="In";};["000-offset.007"]={cf=cfr(0,0,0,.996,-.09,0,.09,.996,0,0,0,1);es="Linear";ed="In";};["000-offset.004"]={cf=cfr(0,0,0,.676,-.737,0,.737,.676,0,0,0,1);es="Linear";ed="In";};["000-offset.008"]={cf=cfr(0,0,0,.88,-.315,.357,.475,.545,-.69,.023,.777,.629);es="Linear";ed="In";};["000-offset.005"]={cf=cfr(0,0,0,.634,-.716,-.292,.769,.543,.338,-.083,-.439,.895);es="Linear";ed="In";};};{tm=.375;["000-offset"]={cf=cfr(0,0,0,-.12,.965,-.233,-.988,-.14,-.071,-.102,.222,.97);es="Linear";ed="In";};["000-offset.009"]={cf=cfr(0,0,0,-.985,-.092,.144,.117,-.977,.176,.124,.19,.974);es="Linear";ed="In";};["000-offset.012"]={cf=cfr(0,0,0,.348,-.89,-.294,.922,.268,.278,-.168,-.368,.915);es="Linear";ed="In";};["000-offset.001"]={cf=cfr(0,0,0,.97,-.243,.015,.242,.969,.057,-.028,-.052,.998);es="Linear";ed="In";};["000-offset.010"]={cf=cfr(0,0,0,-.313,.95,0,-.95,-.313,0,0,0,1);es="Linear";ed="In";};["000-offset.013"]={cf=cfr(0,0,0,.865,.501,0,-.501,.865,0,0,0,1);es="Linear";ed="In";};["002-offset"]={cf=cfr(0,0,0,-.024,-.999,.03,-.614,.038,.789,-.789,.001,-.614);es="Linear";ed="In";};["000-offset.002"]={cf=cfr(0,0,0,.993,-.084,-.088,.103,.966,.239,.065,-.246,.967);es="Linear";ed="In";};["000-offset.011"]={cf=cfr(0,0,0,.247,-.969,.009,.951,.24,-.194,.186,.056,.981);es="Linear";ed="In";};["000-offset.014"]={cf=cfr(0,0,0,.677,-.726,.117,.736,.667,-.118,.008,.166,.986);es="Linear";ed="In";};["000-offset.006"]={cf=cfr(0,0,0,.442,-.298,-.846,.805,-.285,.521,-.396,-.911,.114);es="Linear";ed="In";};["000-offset.003"]={cf=cfr(0,0,0,-.978,-.047,-.203,.18,-.68,-.711,-.104,-.731,.674);es="Linear";ed="In";};["000-offset.007"]={cf=cfr(0,0,0,.996,-.091,0,.091,.996,0,0,0,1);es="Linear";ed="In";};["000-offset.004"]={cf=cfr(0,0,0,.64,-.769,0,.769,.64,0,0,0,1);es="Linear";ed="In";};["000-offset.008"]={cf=cfr(0,0,0,.878,-.345,.333,.477,.559,-.679,.048,.754,.655);es="Linear";ed="In";};["000-offset.005"]={cf=cfr(0,0,0,.623,-.724,-.296,.78,.552,.294,-.05,-.414,.909);es="Linear";ed="In";};};{tm=.417;["000-offset"]={cf=cfr(0,0,0,-.03,.975,-.221,-.997,-.044,-.058,-.067,.219,.973);es="Linear";ed="In";};["000-offset.009"]={cf=cfr(0,0,0,-.977,-.09,.192,.125,-.976,.178,.171,.198,.965);es="Linear";ed="In";};["000-offset.012"]={cf=cfr(0,0,0,.235,-.935,-.264,.954,.17,.247,-.186,-.31,.932);es="Linear";ed="In";};["000-offset.001"]={cf=cfr(0,0,0,.992,-.125,.016,.124,.991,.055,-.023,-.053,.998);es="Linear";ed="In";};["000-offset.010"]={cf=cfr(0,0,0,-.278,.96,0,-.96,-.278,0,0,0,1);es="Linear";ed="In";};["000-offset.013"]={cf=cfr(0,0,0,.783,.621,0,-.621,.783,0,0,0,1);es="Linear";ed="In";};["002-offset"]={cf=cfr(0,0,0,-.026,-.999,.029,-.651,.038,.758,-.759,.001,-.651);es="Linear";ed="In";};["000-offset.002"]={cf=cfr(0,0,0,.996,-.033,-.089,.051,.974,.219,.079,-.223,.972);es="Linear";ed="In";};["000-offset.011"]={cf=cfr(0,0,0,.147,-.989,.007,.97,.143,-.198,.195,.036,.98);es="Linear";ed="In";};["000-offset.014"]={cf=cfr(0,0,0,.624,-.772,.116,.781,.614,-.116,.019,.163,.986);es="Linear";ed="In";};["000-offset.006"]={cf=cfr(0,0,0,.499,-.404,-.767,.73,-.28,.623,-.466,-.871,.155);es="Linear";ed="In";};["000-offset.003"]={cf=cfr(0,0,0,-.979,-.118,-.165,.201,-.677,-.708,-.028,-.726,.687);es="Linear";ed="In";};["000-offset.007"]={cf=cfr(0,0,0,.987,-.16,0,.16,.987,0,0,0,1);es="Linear";ed="In";};["000-offset.004"]={cf=cfr(0,0,0,.602,-.799,0,.799,.602,0,0,0,1);es="Linear";ed="In";};["000-offset.008"]={cf=cfr(0,0,0,.866,-.379,.326,.497,.585,-.641,.053,.717,.695);es="Linear";ed="In";};["000-offset.005"]={cf=cfr(0,0,0,.605,-.738,-.299,.796,.561,.227,0,-.376,.927);es="Linear";ed="In";};};{tm=.458;["000-offset"]={cf=cfr(0,0,0,.06,.972,-.226,-.998,.052,-.044,-.031,.228,.973);es="Linear";ed="In";};["000-offset.009"]={cf=cfr(0,0,0,-.967,-.088,.24,.133,-.975,.179,.218,.205,.954);es="Linear";ed="In";};["000-offset.012"]={cf=cfr(0,0,0,.092,-.969,-.229,.975,.04,.22,-.204,-.244,.948);es="Linear";ed="In";};["000-offset.001"]={cf=cfr(0,0,0,.999,.027,.017,-.028,.998,.053,-.015,-.053,.998);es="Linear";ed="In";};["000-offset.010"]={cf=cfr(0,0,0,-.239,.971,0,-.971,-.239,0,0,0,1);es="Linear";ed="In";};["000-offset.013"]={cf=cfr(0,0,0,.672,.74,0,-.74,.672,0,0,0,1);es="Linear";ed="In";};["002-offset"]={cf=cfr(0,0,0,-.026,-.999,.029,-.655,.039,.754,-.755,.001,-.656);es="Linear";ed="In";};["000-offset.002"]={cf=cfr(0,0,0,.996,.018,-.087,0,.979,.204,.089,-.203,.975);es="Linear";ed="In";};["000-offset.011"]={cf=cfr(0,0,0,.05,-.999,.007,.978,.048,-.205,.204,.017,.979);es="Linear";ed="In";};["000-offset.014"]={cf=cfr(0,0,0,.552,-.826,.116,.833,.541,-.116,.033,.16,.987);es="Linear";ed="In";};["000-offset.006"]={cf=cfr(0,0,0,.554,-.515,-.654,.64,-.239,.73,-.532,-.823,.197);es="Linear";ed="In";};["000-offset.003"]={cf=cfr(0,0,0,-.972,-.202,-.117,.224,-.671,-.707,.065,-.714,.697);es="Linear";ed="In";};["000-offset.007"]={cf=cfr(0,0,0,.962,-.274,0,.274,.962,0,0,0,1);es="Linear";ed="In";};["000-offset.004"]={cf=cfr(0,0,0,.564,-.826,0,.826,.564,0,0,0,1);es="Linear";ed="In";};["000-offset.008"]={cf=cfr(0,0,0,.847,-.418,.328,.53,.615,-.583,.042,.668,.743);es="Linear";ed="In";};["000-offset.005"]={cf=cfr(0,0,0,.581,-.757,-.299,.812,.566,.145,.059,-.327,.943);es="Linear";ed="In";};};{tm=.5;["000-offset"]={cf=cfr(0,0,0,.145,.959,-.242,-.989,.142,-.034,.002,.244,.97);es="Linear";ed="In";};["000-offset.009"]={cf=cfr(0,0,0,-.955,-.085,.285,.14,-.974,.178,.262,.21,.942);es="Linear";ed="In";};["000-offset.012"]={cf=cfr(0,0,0,-.055,-.979,-.195,.974,-.096,.205,-.219,-.178,.959);es="Linear";ed="In";};["000-offset.001"]={cf=cfr(0,0,0,.981,.192,.016,-.192,.98,.05,-.006,-.052,.999);es="Linear";ed="In";};["000-offset.010"]={cf=cfr(0,0,0,-.199,.98,0,-.98,-.199,0,0,0,1);es="Linear";ed="In";};["000-offset.013"]={cf=cfr(0,0,0,.554,.832,0,-.832,.554,0,0,0,1);es="Linear";ed="In";};["002-offset"]={cf=cfr(0,0,0,-.025,-.999,.029,-.638,.039,.769,-.77,.001,-.638);es="Linear";ed="In";};["000-offset.002"]={cf=cfr(0,0,0,.994,.066,-.084,-.049,.98,.193,.095,-.188,.978);es="Linear";ed="In";};["000-offset.011"]={cf=cfr(0,0,0,-.039,-.999,.009,.976,-.04,-.214,.214,0,.977);es="Linear";ed="In";};["000-offset.014"]={cf=cfr(0,0,0,.463,-.879,.116,.885,.451,-.117,.05,.156,.986);es="Linear";ed="In";};["000-offset.006"]={cf=cfr(0,0,0,.595,-.615,-.518,.544,-.166,.822,-.592,-.771,.236);es="Linear";ed="In";};["000-offset.003"]={cf=cfr(0,0,0,-.956,-.288,-.064,.246,-.66,-.71,.162,-.694,.702);es="Linear";ed="In";};["000-offset.007"]={cf=cfr(0,0,0,.913,-.408,0,.408,.913,0,0,0,1);es="Linear";ed="In";};["000-offset.004"]={cf=cfr(0,0,0,.527,-.85,0,.85,.527,0,0,0,1);es="Linear";ed="In";};["000-offset.008"]={cf=cfr(0,0,0,.822,-.461,.334,.569,.643,-.513,.021,.612,.791);es="Linear";ed="In";};["000-offset.005"]={cf=cfr(0,0,0,.553,-.779,-.295,.824,.563,.056,.122,-.274,.954);es="Linear";ed="In";};};{tm=.542;["000-offset"]={cf=cfr(0,0,0,.22,.939,-.264,-.975,.22,-.029,.031,.264,.964);es="Linear";ed="In";};["000-offset.009"]={cf=cfr(0,0,0,-.942,-.083,.324,.146,-.973,.177,.301,.214,.929);es="Linear";ed="In";};["000-offset.012"]={cf=cfr(0,0,0,-.178,-.97,-.167,.957,-.21,.198,-.227,-.124,.966);es="Linear";ed="In";};["000-offset.001"]={cf=cfr(0,0,0,.938,.346,.015,-.347,.937,.048,.003,-.05,.999);es="Linear";ed="In";};["000-offset.010"]={cf=cfr(0,0,0,-.161,.987,0,-.987,-.161,0,0,0,1);es="Linear";ed="In";};["000-offset.013"]={cf=cfr(0,0,0,.464,.886,0,-.886,.464,0,0,0,1);es="Linear";ed="In";};["002-offset"]={cf=cfr(0,0,0,-.024,-.999,.03,-.607,.039,.794,-.794,.001,-.607);es="Linear";ed="In";};["000-offset.002"]={cf=cfr(0,0,0,.991,.108,-.08,-.091,.978,.185,.098,-.176,.979);es="Linear";ed="In";};["000-offset.011"]={cf=cfr(0,0,0,-.115,-.993,.012,.968,-.115,-.222,.222,-.014,.975);es="Linear";ed="In";};["000-offset.014"]={cf=cfr(0,0,0,.362,-.925,.117,.93,.348,-.119,.069,.151,.986);es="Linear";ed="In";};["000-offset.006"]={cf=cfr(0,0,0,.62,-.69,-.373,.452,-.074,.889,-.641,-.72,.266);es="Linear";ed="In";};["000-offset.003"]={cf=cfr(0,0,0,-.931,-.366,-.013,.265,-.647,-.715,.253,-.669,.699);es="Linear";ed="In";};["000-offset.007"]={cf=cfr(0,0,0,.843,-.538,0,.538,.843,0,0,0,1);es="Linear";ed="In";};["000-offset.004"]={cf=cfr(0,0,0,.495,-.869,0,.869,.495,0,0,0,1);es="Linear";ed="In";};["000-offset.008"]={cf=cfr(0,0,0,.794,-.504,.339,.607,.663,-.438,-.004,.554,.833);es="Linear";ed="In";};["000-offset.005"]={cf=cfr(0,0,0,.524,-.802,-.286,.832,.554,-.029,.182,-.223,.958);es="Linear";ed="In";};};{tm=.583;["000-offset"]={cf=cfr(0,0,0,.278,.917,-.287,-.959,.281,-.028,.055,.283,.958);es="Linear";ed="In";};["000-offset.009"]={cf=cfr(0,0,0,-.931,-.08,.355,.151,-.973,.175,.331,.217,.918);es="Linear";ed="In";};["000-offset.012"]={cf=cfr(0,0,0,-.251,-.956,-.149,.941,-.277,.193,-.226,-.092,.97);es="Linear";ed="In";};["000-offset.001"]={cf=cfr(0,0,0,.882,.472,.014,-.472,.88,.048,.011,-.049,.999);es="Linear";ed="In";};["000-offset.010"]={cf=cfr(0,0,0,-.129,.992,0,-.992,-.129,0,0,0,1);es="Linear";ed="In";};["000-offset.013"]={cf=cfr(0,0,0,.437,.9,0,-.9,.437,0,0,0,1);es="Linear";ed="In";};["002-offset"]={cf=cfr(0,0,0,-.023,-.999,.031,-.572,.039,.82,-.82,.001,-.572);es="Linear";ed="In";};["000-offset.002"]={cf=cfr(0,0,0,.987,.141,-.076,-.125,.976,.18,.099,-.168,.981);es="Linear";ed="In";};["000-offset.011"]={cf=cfr(0,0,0,-.174,-.985,.016,.958,-.173,-.23,.229,-.025,.973);es="Linear";ed="In";};["000-offset.014"]={cf=cfr(0,0,0,.252,-.96,.119,.964,.238,-.121,.088,.145,.986);es="Linear";ed="In";};["000-offset.006"]={cf=cfr(0,0,0,.631,-.737,-.243,.376,.016,.926,-.679,-.676,.287);es="Linear";ed="In";};["000-offset.003"]={cf=cfr(0,0,0,-.903,-.429,.03,.277,-.634,-.722,.329,-.644,.691);es="Linear";ed="In";};["000-offset.007"]={cf=cfr(0,0,0,.765,-.644,0,.644,.765,0,0,0,1);es="Linear";ed="In";};["000-offset.004"]={cf=cfr(0,0,0,.469,-.883,0,.883,.469,0,0,0,1);es="Linear";ed="In";};["000-offset.008"]={cf=cfr(0,0,0,.768,-.543,.341,.64,.673,-.37,-.029,.502,.864);es="Linear";ed="In";};["000-offset.005"]={cf=cfr(0,0,0,.497,-.823,-.275,.836,.539,-.102,.232,-.179,.956);es="Linear";ed="In";};};{tm=.625;["000-offset"]={cf=cfr(0,0,0,.315,.899,-.304,-.946,.322,-.031,.07,.297,.952);es="Linear";ed="In";};["000-offset.009"]={cf=cfr(0,0,0,-.924,-.078,.375,.152,-.973,.174,.351,.218,.911);es="Linear";ed="In";};["000-offset.012"]={cf=cfr(0,0,0,-.1,-.975,-.196,.982,-.128,.136,-.158,-.179,.971);es="Linear";ed="In";};["000-offset.001"]={cf=cfr(0,0,0,.832,.554,.013,-.554,.831,.048,.016,-.047,.999);es="Linear";ed="In";};["000-offset.010"]={cf=cfr(0,0,0,-.107,.994,0,-.994,-.107,0,0,0,1);es="Linear";ed="In";};["000-offset.013"]={cf=cfr(0,0,0,.767,.641,0,-.641,.767,0,0,0,1);es="Linear";ed="In";};["002-offset"]={cf=cfr(0,0,0,-.022,-.999,.032,-.542,.039,.839,-.84,.001,-.543);es="Linear";ed="In";};["000-offset.002"]={cf=cfr(0,0,0,.984,.162,-.072,-.148,.973,.177,.099,-.163,.982);es="Linear";ed="In";};["000-offset.011"]={cf=cfr(0,0,0,-.212,-.977,.02,.949,-.211,-.235,.234,-.031,.972);es="Linear";ed="In";};["000-offset.014"]={cf=cfr(0,0,0,.034,-.992,.121,.991,.018,-.129,.126,.124,.984);es="Linear";ed="In";};["000-offset.006"]={cf=cfr(0,0,0,.633,-.759,-.151,.325,.084,.942,-.702,-.646,.3);es="Linear";ed="In";};["000-offset.003"]={cf=cfr(0,0,0,-.88,-.471,.06,.284,-.624,-.728,.38,-.624,.683);es="Linear";ed="In";};["000-offset.007"]={cf=cfr(0,0,0,.701,-.713,0,.713,.701,0,0,0,1);es="Linear";ed="In";};["000-offset.004"]={cf=cfr(0,0,0,.452,-.892,0,.892,.452,0,0,0,1);es="Linear";ed="In";};["000-offset.008"]={cf=cfr(0,0,0,.747,-.571,.34,.663,.677,-.32,-.048,.464,.884);es="Linear";ed="In";};["000-offset.005"]={cf=cfr(0,0,0,.479,-.837,-.265,.837,.526,-.152,.266,-.149,.952);es="Linear";ed="In";};};{tm=.667;["RootNode"]={cf=cfr(0,0,0,-1,0,0,0,1,0,0,0,-1);es="Linear";ed="In";};["root"]={cf=cfr(0,2.749,.945,0,0,1,0,1,0,-1,0,0);es="Linear";ed="In";};["000-offset"]={cf=cfr(0,0,0,.329,.892,-.311,-.941,.336,-.032,.076,.303,.95);es="Linear";ed="In";};["004-offset.001"]={cf=cfr(0,0,0,-.015,-1,0,1,-.015,0,0,0,1);es="Linear";ed="In";};["006-offset"]={cf=cfr(0,0,0,-.18,-.982,.054,.975,-.171,.141,-.13,.078,.988);es="Linear";ed="In";};["000-offset.009"]={cf=cfr(0,0,0,-.921,-.078,.383,.155,-.973,.173,.359,.218,.908);es="Linear";ed="In";};["000-offset.012"]={cf=cfr(0,0,0,.079,-.96,-.267,.992,.05,.112,-.094,-.274,.957);es="Linear";ed="In";};["000-offset.001"]={cf=cfr(0,0,0,.812,.584,.012,-.584,.81,.049,.018,-.047,.999);es="Linear";ed="In";};["000-offset.010"]={cf=cfr(0,0,0,-.099,.995,0,-.995,-.099,0,0,0,1);es="Linear";ed="In";};["000-offset.013"]={cf=cfr(0,0,0,.96,.279,0,-.279,.96,0,0,0,1);es="Linear";ed="In";};["004-offset"]={cf=cfr(0,0,0,.035,-.999,0,.999,.035,0,0,0,1);es="Linear";ed="In";};["002-offset"]={cf=cfr(0,0,0,-.021,-.999,.033,-.53,.039,.847,-.848,.001,-.531);es="Linear";ed="In";};["000-offset.002"]={cf=cfr(0,0,0,.983,.17,-.071,-.156,.972,.176,.099,-.162,.982);es="Linear";ed="In";};["000-offset.011"]={cf=cfr(0,0,0,-.226,-.974,.021,.945,-.224,-.237,.235,-.034,.971);es="Linear";ed="In";};["000-offset.014"]={cf=cfr(0,0,0,-.128,-.984,.127,.98,-.146,-.138,.154,.107,.982);es="Linear";ed="In";};["000-offset.006"]={cf=cfr(0,0,0,.633,-.765,-.116,.306,.11,.946,-.711,-.634,.304);es="Linear";ed="In";};["000-offset.003"]={cf=cfr(0,0,0,-.871,-.486,.071,.286,-.62,-.731,.399,-.616,.679);es="Linear";ed="In";};["000-offset.007"]={cf=cfr(0,0,0,.675,-.738,0,.738,.675,0,0,0,1);es="Linear";ed="In";};["000-offset.004"]={cf=cfr(0,0,0,.446,-.895,0,.895,.446,0,0,0,1);es="Linear";ed="In";};["000-offset.008"]={cf=cfr(0,0,0,.739,-.582,.339,.671,.678,-.301,-.055,.45,.891);es="Linear";ed="In";};["000-offset.005"]={cf=cfr(0,0,0,.472,-.843,-.26,.837,.521,-.17,.279,-.137,.95);es="Linear";ed="In";};};}