local cfr = CFrame.new

return {{tm=0;["RootNode"]={cf=cfr(0,0,0,-1,0,0,0,1,0,0,0,-1);es="Linear";ed="In";};["root"]={cf=cfr(0,2.397,0,0,0,1,0,1,0,-1,0,0);es="Linear";ed="In";};["000-offset"]={cf=cfr(0,0,0,-.015,1,0,-1,-.015,0,0,0,1);es="Linear";ed="In";};["004-offset.001"]={cf=cfr(0,0,0,-.015,-1,0,1,-.015,0,0,0,1);es="Linear";ed="In";};["006-offset"]={cf=cfr(0,0,0,-.015,-1,0,1,-.015,0,0,0,1);es="Linear";ed="In";};["000-offset.009"]={cf=cfr(0,0,0,-.223,-.403,.888,.856,-.516,-.019,.466,.756,.46);es="Linear";ed="In";};["000-offset.012"]={cf=cfr(0,0,0,-.424,-.579,-.696,.807,-.591,0,-.411,-.561,.718);es="Linear";ed="In";};["000-offset.001"]={cf=cfr(0,0,0,.978,.207,0,-.207,.978,0,0,0,1);es="Linear";ed="In";};["000-offset.010"]={cf=cfr(0,0,0,.611,.792,0,-.792,.611,0,0,0,1);es="Linear";ed="In";};["000-offset.013"]={cf=cfr(0,0,0,.736,.677,0,-.677,.736,0,0,0,1);es="Linear";ed="In";};["004-offset"]={cf=cfr(0,0,0,.035,-.999,0,.999,.035,0,0,0,1);es="Linear";ed="In";};["002-offset"]={cf=cfr(0,0,0,.035,-.999,0,.999,.035,0,0,0,1);es="Linear";ed="In";};["000-offset.002"]={cf=cfr(0,0,0,.996,-.089,0,.089,.996,0,0,0,1);es="Linear";ed="In";};["000-offset.011"]={cf=cfr(0,0,0,-.018,-1,0,1,-.018,0,0,0,1);es="Linear";ed="In";};["000-offset.014"]={cf=cfr(0,0,0,.239,-.971,-.005,.971,.239,-.019,.02,0,1);es="Linear";ed="In";};["000-offset.006"]={cf=cfr(0,0,0,.149,-.977,.15,.451,.202,.869,-.88,-.062,.471);es="Linear";ed="In";};["000-offset.003"]={cf=cfr(0,0,0,.217,-.919,-.328,.39,.39,-.834,.895,.053,.443);es="Linear";ed="In";};["000-offset.007"]={cf=cfr(0,0,0,.192,-.981,0,.981,.192,0,0,0,1);es="Linear";ed="In";};["000-offset.004"]={cf=cfr(0,0,0,.25,-.968,0,.968,.25,0,0,0,1);es="Linear";ed="In";};["000-offset.008"]={cf=cfr(0,0,0,.966,-.26,0,.26,.966,0,0,0,1);es="Linear";ed="In";};["000-offset.005"]={cf=cfr(0,0,0,.888,-.438,-.143,.432,.899,-.07,.159,0,.987);es="Linear";ed="In";};};{tm=.042;["root"]={cf=cfr(0,2.383,0,0,0,1,0,1,0,-1,0,0);es="Linear";ed="In";};["000-offset"]={cf=cfr(0,0,0,-.025,1,.002,-1,-.025,0,0,-.002,1);es="Linear";ed="In";};["004-offset.001"]={cf=cfr(0,0,0,-.016,-1,0,1,-.016,0,0,0,1);es="Linear";ed="In";};["000-offset.009"]={cf=cfr(0,0,0,-.191,-.428,.883,.863,-.502,-.057,.468,.751,.466);es="Linear";ed="In";};["000-offset.012"]={cf=cfr(0,0,0,-.439,-.57,-.694,.793,-.61,-.001,-.423,-.551,.72);es="Linear";ed="In";};["000-offset.001"]={cf=cfr(0,0,0,.972,.234,.012,-.235,.968,.084,.008,-.084,.996);es="Linear";ed="In";};["000-offset.010"]={cf=cfr(0,0,0,.618,.786,0,-.786,.618,0,0,0,1);es="Linear";ed="In";};["000-offset.013"]={cf=cfr(0,0,0,.714,.701,0,-.701,.714,0,0,0,1);es="Linear";ed="In";};["000-offset.002"]={cf=cfr(0,0,0,.993,-.115,.007,.115,.992,-.046,-.001,.047,.999);es="Linear";ed="In";};["000-offset.011"]={cf=cfr(0,0,0,-.026,-.999,.044,1,-.027,-.013,.014,.043,.999);es="Linear";ed="In";};["000-offset.014"]={cf=cfr(0,0,0,.212,-.977,-.007,.977,.212,-.017,.019,-.003,1);es="Linear";ed="In";};["000-offset.003"]={cf=cfr(0,0,0,.248,-.912,-.328,.439,.407,-.801,.864,.055,.501);es="Linear";ed="In";};["000-offset.006"]={cf=cfr(0,0,0,.121,-.985,.126,.531,.171,.83,-.839,-.034,.543);es="Linear";ed="In";};["000-offset.004"]={cf=cfr(0,0,0,.311,-.951,0,.951,.311,0,0,0,1);es="Linear";ed="In";};["000-offset.007"]={cf=cfr(0,0,0,.18,-.984,0,.984,.18,0,0,0,1);es="Linear";ed="In";};};{tm=.083;["root"]={cf=cfr(-.014,2.341,0,0,0,1,0,1,0,-1,0,0);es="Linear";ed="In";};["000-offset"]={cf=cfr(0,0,0,-.049,.999,.005,-.999,-.049,0,0,-.005,1);es="Linear";ed="In";};["004-offset.001"]={cf=cfr(0,0,0,-.016,-1,0,1,-.016,0,0,0,1);es="Linear";ed="In";};["000-offset.009"]={cf=cfr(0,0,0,-.114,-.491,.863,.873,-.464,-.149,.473,.737,.482);es="Linear";ed="In";};["000-offset.012"]={cf=cfr(0,0,0,-.474,-.545,-.692,.757,-.653,-.004,-.45,-.525,.722);es="Linear";ed="In";};["000-offset.001"]={cf=cfr(0,0,0,.953,.296,.062,-.301,.91,.284,.028,-.289,.957);es="Linear";ed="In";};["000-offset.010"]={cf=cfr(0,0,0,.633,.774,0,-.774,.633,0,0,0,1);es="Linear";ed="In";};["000-offset.013"]={cf=cfr(0,0,0,.654,.757,0,-.757,.654,0,0,0,1);es="Linear";ed="In";};["000-offset.002"]={cf=cfr(0,0,0,.983,-.18,.034,.183,.97,-.158,-.004,.162,.987);es="Linear";ed="In";};["000-offset.011"]={cf=cfr(0,0,0,-.042,-.987,.153,.998,-.049,-.041,.048,.151,.987);es="Linear";ed="In";};["000-offset.014"]={cf=cfr(0,0,0,.146,-.989,-.015,.989,.146,-.013,.015,-.012,1);es="Linear";ed="In";};["000-offset.006"]={cf=cfr(0,0,0,-.011,-.995,.1,.699,.064,.712,-.715,.078,.694);es="Linear";ed="In";};["000-offset.003"]={cf=cfr(0,0,0,.322,-.894,-.313,.545,.445,-.711,.774,.059,.63);es="Linear";ed="In";};["000-offset.007"]={cf=cfr(0,0,0,.154,-.988,0,.988,.154,0,0,0,1);es="Linear";ed="In";};["000-offset.004"]={cf=cfr(0,0,0,.459,-.889,0,.889,.459,0,0,0,1);es="Linear";ed="In";};["000-offset.005"]={cf=cfr(0,0,0,.888,-.437,-.143,.432,.899,-.07,.159,0,.987);es="Linear";ed="In";};};{tm=.125;["root"]={cf=cfr(-.028,2.284,0,0,0,1,0,1,0,-1,0,0);es="Linear";ed="In";};["000-offset"]={cf=cfr(0,0,0,-.079,.997,.009,-.997,-.079,-.001,0,-.009,1);es="Linear";ed="In";};["004-offset.001"]={cf=cfr(0,0,0,-.016,-1,0,1,-.016,0,0,0,1);es="Linear";ed="In";};["000-offset.009"]={cf=cfr(0,0,0,-.02,-.572,.82,.875,-.406,-.262,.483,.712,.509);es="Linear";ed="In";};["000-offset.012"]={cf=cfr(0,0,0,-.512,-.512,-.69,.71,-.704,-.006,-.482,-.493,.724);es="Linear";ed="In";};["000-offset.001"]={cf=cfr(0,0,0,.921,.354,.163,-.387,.77,.507,.054,-.53,.846);es="Linear";ed="In";};["000-offset.010"]={cf=cfr(0,0,0,.648,.762,0,-.762,.648,0,0,0,1);es="Linear";ed="In";};["000-offset.013"]={cf=cfr(0,0,0,.569,.823,0,-.823,.569,0,0,0,1);es="Linear";ed="In";};["000-offset.002"]={cf=cfr(0,0,0,.963,-.256,.089,.271,.918,-.291,-.007,.305,.952);es="Linear";ed="In";};["000-offset.011"]={cf=cfr(0,0,0,-.054,-.955,.292,.994,-.078,-.073,.093,.287,.954);es="Linear";ed="In";};["000-offset.014"]={cf=cfr(0,0,0,.062,-.998,-.025,.998,.062,-.009,.011,-.024,1);es="Linear";ed="In";};["000-offset.006"]={cf=cfr(0,0,0,-.292,-.943,.16,.802,-.15,.577,-.52,.297,.801);es="Linear";ed="In";};["000-offset.003"]={cf=cfr(0,0,0,.415,-.871,-.263,.649,.486,-.585,.637,.073,.767);es="Linear";ed="In";};["000-offset.007"]={cf=cfr(0,0,0,.133,-.991,0,.991,.133,0,0,0,1);es="Linear";ed="In";};["000-offset.004"]={cf=cfr(0,0,0,.64,-.769,0,.769,.64,0,0,0,1);es="Linear";ed="In";};["000-offset.008"]={cf=cfr(0,0,0,.966,-.26,0,.26,.966,0,0,0,1);es="Linear";ed="In";};["000-offset.005"]={cf=cfr(0,0,0,.888,-.437,-.143,.432,.899,-.07,.159,0,.987);es="Linear";ed="In";};};{tm=.167;["root"]={cf=cfr(-.028,2.242,0,0,0,1,0,1,0,-1,0,0);es="Linear";ed="In";};["000-offset"]={cf=cfr(0,0,0,-.107,.994,.01,-.994,-.107,-.001,0,-.01,1);es="Linear";ed="In";};["004-offset.001"]={cf=cfr(0,0,0,-.016,-1,0,1,-.016,0,0,0,1);es="Linear";ed="In";};["000-offset.009"]={cf=cfr(0,0,0,.059,-.653,.755,.866,-.343,-.365,.497,.675,.545);es="Linear";ed="In";};["000-offset.012"]={cf=cfr(0,0,0,-.545,-.479,-.689,.665,-.747,-.007,-.511,-.462,.725);es="Linear";ed="In";};["000-offset.001"]={cf=cfr(0,0,0,.879,.374,.295,-.469,.577,.669,.08,-.726,.683);es="Linear";ed="In";};["000-offset.010"]={cf=cfr(0,0,0,.656,.755,0,-.755,.656,0,0,0,1);es="Linear";ed="In";};["000-offset.013"]={cf=cfr(0,0,0,.477,.879,0,-.879,.477,0,0,0,1);es="Linear";ed="In";};["000-offset.002"]={cf=cfr(0,0,0,.933,-.32,.165,.36,.841,-.404,-.01,.436,.9);es="Linear";ed="In";};["000-offset.011"]={cf=cfr(0,0,0,-.047,-.904,.425,.989,-.101,-.104,.137,.416,.899);es="Linear";ed="In";};["000-offset.014"]={cf=cfr(0,0,0,-.014,-.999,-.037,1,-.014,-.008,.007,-.037,.999);es="Linear";ed="In";};["000-offset.003"]={cf=cfr(0,0,0,.507,-.844,-.173,.707,.522,-.477,.493,.12,.862);es="Linear";ed="In";};["000-offset.006"]={cf=cfr(0,0,0,-.624,-.73,.28,.718,-.395,.573,-.307,.558,.771);es="Linear";ed="In";};["000-offset.004"]={cf=cfr(0,0,0,.8,-.6,0,.6,.8,0,0,0,1);es="Linear";ed="In";};["000-offset.007"]={cf=cfr(0,0,0,.133,-.991,0,.991,.133,0,0,0,1);es="Linear";ed="In";};["000-offset.008"]={cf=cfr(0,0,0,.966,-.26,0,.26,.966,0,0,0,1);es="Linear";ed="In";};};{tm=.208;["root"]={cf=cfr(-.042,2.2,-.014,0,0,1,0,1,0,-1,0,0);es="Linear";ed="In";};["000-offset"]={cf=cfr(0,0,0,-.125,.992,.008,-.992,-.125,-.001,0,-.008,1);es="Linear";ed="In";};["004-offset.001"]={cf=cfr(0,0,0,-.016,-1,0,1,-.016,0,0,0,1);es="Linear";ed="In";};["000-offset.009"]={cf=cfr(0,0,0,.095,-.724,.683,.851,-.296,-.433,.516,.623,.588);es="Linear";ed="In";};["000-offset.012"]={cf=cfr(0,0,0,-.564,-.459,-.686,.637,-.771,-.008,-.525,-.442,.727);es="Linear";ed="In";};["000-offset.001"]={cf=cfr(0,0,0,.841,.361,.403,-.532,.414,.739,.1,-.836,.54);es="Linear";ed="In";};["000-offset.010"]={cf=cfr(0,0,0,.649,.761,0,-.761,.649,0,0,0,1);es="Linear";ed="In";};["000-offset.013"]={cf=cfr(0,0,0,.401,.916,0,-.916,.401,0,0,0,1);es="Linear";ed="In";};["000-offset.002"]={cf=cfr(0,0,0,.902,-.364,.234,.433,.771,-.468,-.01,.523,.853);es="Linear";ed="In";};["000-offset.011"]={cf=cfr(0,0,0,-.012,-.856,.517,.985,-.099,-.14,.171,.507,.845);es="Linear";ed="In";};["000-offset.014"]={cf=cfr(0,0,0,-.059,-.997,-.047,.998,-.059,-.007,.005,-.047,.999);es="Linear";ed="In";};["000-offset.006"]={cf=cfr(0,0,0,-.861,-.417,.293,.484,-.491,.724,-.158,.765,.624);es="Linear";ed="In";};["000-offset.003"]={cf=cfr(0,0,0,.586,-.808,-.063,.703,.545,-.458,.404,.224,.887);es="Linear";ed="In";};["000-offset.007"]={cf=cfr(0,0,0,.172,-.985,0,.985,.172,0,0,0,1);es="Linear";ed="In";};["000-offset.004"]={cf=cfr(0,0,0,.906,-.423,0,.423,.906,0,0,0,1);es="Linear";ed="In";};["000-offset.005"]={cf=cfr(0,0,0,.888,-.437,-.143,.432,.899,-.07,.159,0,.987);es="Linear";ed="In";};};{tm=.25;["root"]={cf=cfr(0,2.2,-.056,0,0,1,0,1,0,-1,0,0);es="Linear";ed="In";};["000-offset"]={cf=cfr(0,0,0,-.125,.992,0,-.992,-.125,0,0,0,1);es="Linear";ed="In";};["004-offset.001"]={cf=cfr(0,0,0,-.016,-1,0,1,-.016,0,0,0,1);es="Linear";ed="In";};["000-offset.009"]={cf=cfr(0,0,0,.061,-.778,.625,.84,-.299,-.454,.54,.553,.635);es="Linear";ed="In";};["000-offset.012"]={cf=cfr(0,0,0,-.565,-.467,-.68,.642,-.766,-.007,-.518,-.441,.733);es="Linear";ed="In";};["000-offset.001"]={cf=cfr(0,0,0,.821,.365,.438,-.56,.371,.741,.108,-.854,.509);es="Linear";ed="In";};["000-offset.010"]={cf=cfr(0,0,0,.619,.785,0,-.785,.619,0,0,0,1);es="Linear";ed="In";};["000-offset.013"]={cf=cfr(0,0,0,.367,.93,0,-.93,.367,0,0,0,1);es="Linear";ed="In";};["000-offset.002"]={cf=cfr(0,0,0,.881,-.396,.259,.473,.744,-.472,-.006,.539,.843);es="Linear";ed="In";};["000-offset.011"]={cf=cfr(0,0,0,.064,-.839,.54,.981,-.047,-.19,.185,.542,.82);es="Linear";ed="In";};["000-offset.014"]={cf=cfr(0,0,0,-.049,-.997,-.053,.999,-.049,-.007,.005,-.053,.999);es="Linear";ed="In";};["000-offset.006"]={cf=cfr(0,0,0,-.958,-.243,.153,.244,-.411,.878,-.151,.879,.453);es="Linear";ed="In";};["000-offset.003"]={cf=cfr(0,0,0,.64,-.768,.028,.635,.508,-.581,.432,.39,.813);es="Linear";ed="In";};["000-offset.007"]={cf=cfr(0,0,0,.265,-.964,0,.964,.265,0,0,0,1);es="Linear";ed="In";};["000-offset.004"]={cf=cfr(0,0,0,.956,-.292,0,.292,.956,0,0,0,1);es="Linear";ed="In";};["000-offset.005"]={cf=cfr(0,0,0,.888,-.437,-.143,.432,.899,-.07,.159,0,.987);es="Linear";ed="In";};};{tm=.292;["root"]={cf=cfr(.085,2.482,-.141,0,0,1,0,1,0,-1,0,0);es="Linear";ed="In";};["000-offset"]={cf=cfr(0,0,0,-.091,.996,.006,-.996,-.091,-.001,0,-.006,1);es="Linear";ed="In";};["004-offset.001"]={cf=cfr(0,0,0,-.017,-1,0,1,-.017,0,0,0,1);es="Linear";ed="In";};["000-offset.009"]={cf=cfr(0,0,0,-.067,-.808,.585,.81,-.386,-.441,.582,.445,.681);es="Linear";ed="In";};["000-offset.012"]={cf=cfr(0,0,0,-.536,-.518,-.667,.7,-.714,-.007,-.472,-.47,.745);es="Linear";ed="In";};["000-offset.001"]={cf=cfr(0,0,0,.84,.426,.336,-.534,.541,.65,.095,-.725,.682);es="Linear";ed="In";};["000-offset.010"]={cf=cfr(0,0,0,.47,.883,0,-.883,.47,0,0,0,1);es="Linear";ed="In";};["000-offset.013"]={cf=cfr(0,0,0,.396,.918,0,-.918,.396,0,0,0,1);es="Linear";ed="In";};["000-offset.002"]={cf=cfr(0,0,0,.884,-.423,.2,.467,.796,-.385,.004,.434,.901);es="Linear";ed="In";};["000-offset.011"]={cf=cfr(0,0,0,.315,-.874,.371,.938,.228,-.26,.142,.43,.892);es="Linear";ed="In";};["000-offset.014"]={cf=cfr(0,0,0,.049,-.997,-.054,.999,.05,-.007,.009,-.054,.999);es="Linear";ed="In";};["000-offset.003"]={cf=cfr(0,0,0,.611,-.787,.085,.462,.267,-.846,.643,.556,.527);es="Linear";ed="In";};["000-offset.006"]={cf=cfr(0,0,0,-.911,-.409,-.045,.081,-.285,.955,-.404,.867,.293);es="Linear";ed="In";};["000-offset.004"]={cf=cfr(0,0,0,.972,-.234,0,.234,.972,0,0,0,1);es="Linear";ed="In";};["000-offset.007"]={cf=cfr(0,0,0,.467,-.884,0,.884,.467,0,0,0,1);es="Linear";ed="In";};["000-offset.008"]={cf=cfr(0,0,0,.966,-.26,0,.26,.966,0,0,0,1);es="Linear";ed="In";};};{tm=.333;["root"]={cf=cfr(.183,2.82,-.282,0,0,1,0,1,0,-1,0,0);es="Linear";ed="In";};["000-offset"]={cf=cfr(0,0,0,-.027,.999,.017,-1,-.027,0,0,-.017,1);es="Linear";ed="In";};["004-offset.001"]={cf=cfr(0,0,0,-.017,-1,0,1,-.017,0,0,0,1);es="Linear";ed="In";};["000-offset.009"]={cf=cfr(0,0,0,-.251,-.789,.56,.722,-.538,-.434,.644,.295,.705);es="Linear";ed="In";};["000-offset.012"]={cf=cfr(0,0,0,-.466,-.596,-.654,.794,-.608,-.01,-.392,-.524,.756);es="Linear";ed="In";};["000-offset.001"]={cf=cfr(0,0,0,.885,.45,.117,-.46,.814,.354,.064,-.368,.928);es="Linear";ed="In";};["000-offset.010"]={cf=cfr(0,0,0,.231,.973,0,-.973,.231,0,0,0,1);es="Linear";ed="In";};["000-offset.013"]={cf=cfr(0,0,0,.474,.881,0,-.881,.474,0,0,0,1);es="Linear";ed="In";};["000-offset.002"]={cf=cfr(0,0,0,.905,-.419,.07,.424,.884,-.196,.02,.207,.978);es="Linear";ed="In";};["000-offset.011"]={cf=cfr(0,0,0,.644,-.758,.103,.762,.626,-.162,.058,.183,.981);es="Linear";ed="In";};["000-offset.014"]={cf=cfr(0,0,0,.222,-.974,-.052,.975,.222,-.006,.017,-.05,.999);es="Linear";ed="In";};["000-offset.006"]={cf=cfr(0,0,0,-.607,-.776,-.173,-.006,-.212,.977,-.795,.594,.124);es="Linear";ed="In";};["000-offset.003"]={cf=cfr(0,0,0,.372,-.892,.255,.189,-.196,-.962,.909,.407,.096);es="Linear";ed="In";};["000-offset.007"]={cf=cfr(0,0,0,.732,-.682,0,.682,.732,0,0,0,1);es="Linear";ed="In";};["000-offset.004"]={cf=cfr(0,0,0,.974,-.227,0,.227,.974,0,0,0,1);es="Linear";ed="In";};["000-offset.008"]={cf=cfr(0,0,0,.966,-.26,0,.26,.966,0,0,0,1);es="Linear";ed="In";};["000-offset.005"]={cf=cfr(0,0,0,.888,-.437,-.143,.432,.899,-.07,.159,0,.987);es="Linear";ed="In";};};{tm=.375;["root"]={cf=cfr(.381,3.088,-.423,0,0,1,0,1,0,-1,0,0);es="Linear";ed="In";};["000-offset"]={cf=cfr(0,0,0,.045,.999,-.008,-.999,.045,0,0,.008,1);es="Linear";ed="In";};["004-offset.001"]={cf=cfr(0,0,0,-.017,-1,0,1,-.017,0,0,0,1);es="Linear";ed="In";};["000-offset.009"]={cf=cfr(0,0,0,-.42,-.707,.568,.569,-.693,-.442,.706,.138,.694);es="Linear";ed="In";};["000-offset.012"]={cf=cfr(0,0,0,-.359,-.666,-.654,.886,-.464,-.014,-.294,-.584,.757);es="Linear";ed="In";};["000-offset.001"]={cf=cfr(0,0,0,.93,.36,-.075,-.366,.923,-.115,.028,.134,.991);es="Linear";ed="In";};["000-offset.010"]={cf=cfr(0,0,0,.145,.989,0,-.989,.145,0,0,0,1);es="Linear";ed="In";};["000-offset.013"]={cf=cfr(0,0,0,.567,.823,0,-.823,.567,0,0,0,1);es="Linear";ed="In";};["000-offset.002"]={cf=cfr(0,0,0,.931,-.36,-.065,.364,.93,.059,.039,-.078,.996);es="Linear";ed="In";};["000-offset.011"]={cf=cfr(0,0,0,.79,-.613,0,.613,.79,0,0,0,1);es="Linear";ed="In";};["000-offset.014"]={cf=cfr(0,0,0,.414,-.909,-.051,.91,.415,-.006,.027,-.044,.999);es="Linear";ed="In";};["000-offset.006"]={cf=cfr(0,0,0,-.081,-.98,-.181,-.006,-.181,.983,-.997,.081,.008);es="Linear";ed="In";};["000-offset.003"]={cf=cfr(0,0,0,-.075,-.806,.588,-.021,-.588,-.809,.997,-.073,.027);es="Linear";ed="In";};["000-offset.007"]={cf=cfr(0,0,0,.926,-.377,0,.377,.926,0,0,0,1);es="Linear";ed="In";};["000-offset.004"]={cf=cfr(0,0,0,.969,-.249,0,.249,.969,0,0,0,1);es="Linear";ed="In";};["000-offset.005"]={cf=cfr(0,0,0,.888,-.437,-.143,.432,.899,-.07,.159,0,.987);es="Linear";ed="In";};};{tm=.417;["root"]={cf=cfr(.747,3.229,-.564,0,0,1,0,1,0,-1,0,0);es="Linear";ed="In";};["000-offset"]={cf=cfr(0,0,0,.104,.988,-.113,-.995,.104,-.012,0,.114,.993);es="Linear";ed="In";};["004-offset.001"]={cf=cfr(0,0,0,-.017,-1,0,1,-.017,0,0,0,1);es="Linear";ed="In";};["000-offset.009"]={cf=cfr(0,0,0,-.53,-.591,.608,.39,-.806,-.445,.753,.002,.658);es="Linear";ed="In";};["000-offset.012"]={cf=cfr(0,0,0,-.244,-.705,-.666,.949,-.316,-.013,-.202,-.635,.746);es="Linear";ed="In";};["000-offset.001"]={cf=cfr(0,0,0,.958,.242,-.154,-.287,.806,-.518,-.002,.541,.841);es="Linear";ed="In";};["000-offset.010"]={cf=cfr(0,0,0,.318,.948,0,-.948,.318,0,0,0,1);es="Linear";ed="In";};["000-offset.013"]={cf=cfr(0,0,0,.65,.76,0,-.76,.65,0,0,0,1);es="Linear";ed="In";};["000-offset.002"]={cf=cfr(0,0,0,.95,-.273,-.153,.308,.904,.298,.057,-.33,.942);es="Linear";ed="In";};["000-offset.011"]={cf=cfr(0,0,0,.768,-.641,-.018,.641,.766,.044,-.015,-.045,.999);es="Linear";ed="In";};["000-offset.014"]={cf=cfr(0,0,0,.577,-.815,-.051,.816,.578,-.007,.036,-.038,.999);es="Linear";ed="In";};["000-offset.003"]={cf=cfr(0,0,0,-.505,-.47,.724,-.038,-.826,-.562,.862,-.311,.399);es="Linear";ed="In";};["000-offset.006"]={cf=cfr(0,0,0,.374,-.914,-.156,.055,-.146,.988,-.926,-.378,-.004);es="Linear";ed="In";};["000-offset.004"]={cf=cfr(0,0,0,.961,-.278,0,.278,.961,0,0,0,1);es="Linear";ed="In";};["000-offset.007"]={cf=cfr(0,0,0,.997,-.082,0,.082,.997,0,0,0,1);es="Linear";ed="In";};};{tm=.458;["root"]={cf=cfr(1.213,3.313,-.649,0,0,1,0,1,0,-1,0,0);es="Linear";ed="In";};["000-offset"]={cf=cfr(0,0,0,.105,.693,-.713,-.994,.073,-.076,0,.717,.697);es="Linear";ed="In";};["004-offset.001"]={cf=cfr(0,0,0,-.017,-1,0,1,-.017,0,0,0,1);es="Linear";ed="In";};["000-offset.009"]={cf=cfr(0,0,0,-.588,-.483,.649,.237,-.87,-.432,.773,-.1,.626);es="Linear";ed="In";};["000-offset.012"]={cf=cfr(0,0,0,-.16,-.715,-.68,.977,-.212,-.007,-.139,-.666,.733);es="Linear";ed="In";};["000-offset.001"]={cf=cfr(0,0,0,.958,.218,-.186,-.287,.725,-.626,-.002,.653,.758);es="Linear";ed="In";};["000-offset.010"]={cf=cfr(0,0,0,.588,.809,0,-.809,.588,0,0,0,1);es="Linear";ed="In";};["000-offset.013"]={cf=cfr(0,0,0,.7,.714,0,-.714,.7,0,0,0,1);es="Linear";ed="In";};["000-offset.002"]={cf=cfr(0,0,0,.964,-.183,-.191,.253,.848,.466,.077,-.498,.864);es="Linear";ed="In";};["000-offset.011"]={cf=cfr(0,0,0,.679,-.734,-.024,.734,.678,.045,-.016,-.048,.999);es="Linear";ed="In";};["000-offset.014"]={cf=cfr(0,0,0,.674,-.737,-.053,.738,.675,-.008,.041,-.034,.999);es="Linear";ed="In";};["000-offset.006"]={cf=cfr(0,0,0,.374,-.914,-.156,.055,-.146,.988,-.926,-.378,-.004);es="Linear";ed="In";};["000-offset.003"]={cf=cfr(0,0,0,-.718,-.266,.644,.071,-.947,-.312,.693,-.179,.699);es="Linear";ed="In";};["000-offset.007"]={cf=cfr(0,0,0,.997,-.082,0,.082,.997,0,0,0,1);es="Linear";ed="In";};["000-offset.004"]={cf=cfr(0,0,0,.956,-.292,0,.292,.956,0,0,0,1);es="Linear";ed="In";};["000-offset.008"]={cf=cfr(0,0,0,.966,-.26,0,.26,.966,0,0,0,1);es="Linear";ed="In";};["000-offset.005"]={cf=cfr(0,0,0,.888,-.437,-.143,.431,.899,-.07,.159,0,.987);es="Linear";ed="In";};};{tm=.5;["root"]={cf=cfr(1.664,3.37,-.663,0,0,1,0,1,0,-1,0,0);es="Linear";ed="In";};["000-offset"]={cf=cfr(0,0,0,.106,.204,-.973,-.994,.017,-.105,-.005,.979,.205);es="Linear";ed="In";};["004-offset.001"]={cf=cfr(0,0,0,-.017,-1,0,1,-.017,0,0,0,1);es="Linear";ed="In";};["000-offset.009"]={cf=cfr(0,0,0,-.639,-.411,.65,.15,-.895,-.419,.755,-.17,.634);es="Linear";ed="In";};["000-offset.012"]={cf=cfr(0,0,0,-.112,-.714,-.691,.988,-.154,-.001,-.106,-.683,.723);es="Linear";ed="In";};["000-offset.001"]={cf=cfr(0,0,0,.976,.178,-.128,-.215,.668,-.712,-.042,.722,.691);es="Linear";ed="In";};["000-offset.010"]={cf=cfr(0,0,0,.82,.573,0,-.573,.82,0,0,0,1);es="Linear";ed="In";};["000-offset.013"]={cf=cfr(0,0,0,.73,.683,0,-.683,.73,0,0,0,1);es="Linear";ed="In";};["000-offset.002"]={cf=cfr(0,0,0,.966,-.18,-.184,.244,.865,.439,.08,-.469,.88);es="Linear";ed="In";};["000-offset.011"]={cf=cfr(0,0,0,.543,-.84,-.018,.84,.542,.025,-.011,-.029,1);es="Linear";ed="In";};["000-offset.014"]={cf=cfr(0,0,0,.715,-.697,-.054,.697,.717,-.007,.044,-.033,.998);es="Linear";ed="In";};["000-offset.006"]={cf=cfr(0,0,0,.355,-.922,-.152,.033,-.15,.988,-.934,-.356,-.023);es="Linear";ed="In";};["000-offset.003"]={cf=cfr(0,0,0,-.728,-.248,.639,.194,-.969,-.155,.657,.011,.754);es="Linear";ed="In";};["000-offset.007"]={cf=cfr(0,0,0,.997,-.081,0,.081,.997,0,0,0,1);es="Linear";ed="In";};["000-offset.004"]={cf=cfr(0,0,0,.957,-.289,0,.289,.957,0,0,0,1);es="Linear";ed="In";};["000-offset.008"]={cf=cfr(0,0,0,.966,-.26,0,.26,.966,0,0,0,1);es="Linear";ed="In";};["000-offset.005"]={cf=cfr(0,0,0,.888,-.437,-.143,.431,.899,-.07,.159,0,.987);es="Linear";ed="In";};};{tm=.542;["root"]={cf=cfr(1.96,3.412,-.564,0,0,1,0,1,0,-1,0,0);es="Linear";ed="In";};["000-offset"]={cf=cfr(0,0,0,.107,-.338,-.935,-.994,-.05,-.096,-.015,.94,-.341);es="Linear";ed="In";};["004-offset.001"]={cf=cfr(0,0,0,-.018,-1,0,1,-.018,0,0,0,1);es="Linear";ed="In";};["000-offset.009"]={cf=cfr(0,0,0,-.714,-.38,.588,.134,-.898,-.418,.688,-.22,.692);es="Linear";ed="In";};["000-offset.012"]={cf=cfr(0,0,0,-.081,-.709,-.701,.993,-.12,.007,-.089,-.695,.713);es="Linear";ed="In";};["000-offset.001"]={cf=cfr(0,0,0,.988,.148,-.046,-.126,.598,-.791,-.09,.788,.61);es="Linear";ed="In";};["000-offset.010"]={cf=cfr(0,0,0,.939,.344,0,-.344,.939,0,0,0,1);es="Linear";ed="In";};["000-offset.013"]={cf=cfr(0,0,0,.756,.654,0,-.654,.756,0,0,0,1);es="Linear";ed="In";};["000-offset.002"]={cf=cfr(0,0,0,.968,-.182,-.173,.237,.888,.394,.082,-.423,.903);es="Linear";ed="In";};["000-offset.011"]={cf=cfr(0,0,0,.394,-.919,-.004,.919,.394,.005,-.003,-.006,1);es="Linear";ed="In";};["000-offset.014"]={cf=cfr(0,0,0,.73,-.681,-.055,.682,.731,-.007,.045,-.032,.998);es="Linear";ed="In";};["000-offset.003"]={cf=cfr(0,0,0,-.626,-.275,.73,.284,-.952,-.115,.726,.136,.674);es="Linear";ed="In";};["000-offset.006"]={cf=cfr(0,0,0,.331,-.932,-.147,.01,-.153,.988,-.943,-.329,-.041);es="Linear";ed="In";};["000-offset.004"]={cf=cfr(0,0,0,.959,-.284,0,.284,.959,0,0,0,1);es="Linear";ed="In";};["000-offset.007"]={cf=cfr(0,0,0,.997,-.076,0,.076,.997,0,0,0,1);es="Linear";ed="In";};};{tm=.583;["root"]={cf=cfr(1.96,3.398,-.352,0,0,1,0,1,0,-1,0,0);es="Linear";ed="In";};["000-offset"]={cf=cfr(0,0,0,.108,-.762,-.638,-.994,-.097,-.053,-.022,.64,-.768);es="Linear";ed="In";};["004-offset.001"]={cf=cfr(0,0,0,-.018,-1,0,1,-.018,0,0,0,1);es="Linear";ed="In";};["000-offset.009"]={cf=cfr(0,0,0,-.802,-.371,.467,.17,-.893,-.418,.572,-.256,.779);es="Linear";ed="In";};["000-offset.012"]={cf=cfr(0,0,0,-.074,-.705,-.705,.993,-.115,.01,-.088,-.7,.709);es="Linear";ed="In";};["000-offset.001"]={cf=cfr(0,0,0,.99,.137,.042,-.037,.53,-.847,-.138,.837,.53);es="Linear";ed="In";};["000-offset.010"]={cf=cfr(0,0,0,.965,.262,0,-.262,.965,0,0,0,1);es="Linear";ed="In";};["000-offset.013"]={cf=cfr(0,0,0,.768,.641,0,-.641,.768,0,0,0,1);es="Linear";ed="In";};["000-offset.002"]={cf=cfr(0,0,0,.968,-.19,-.161,.235,.913,.334,.083,-.361,.929);es="Linear";ed="In";};["000-offset.011"]={cf=cfr(0,0,0,.286,-.958,0,.958,.286,0,0,0,1);es="Linear";ed="In";};["000-offset.014"]={cf=cfr(0,0,0,.725,-.687,-.055,.688,.726,-.007,.045,-.032,.998);es="Linear";ed="In";};["000-offset.006"]={cf=cfr(0,0,0,.303,-.942,-.144,-.011,-.155,.988,-.953,-.298,-.057);es="Linear";ed="In";};["000-offset.003"]={cf=cfr(0,0,0,-.466,-.302,.832,.303,-.937,-.171,.831,.173,.528);es="Linear";ed="In";};["000-offset.007"]={cf=cfr(0,0,0,.998,-.069,0,.069,.998,0,0,0,1);es="Linear";ed="In";};["000-offset.004"]={cf=cfr(0,0,0,.96,-.281,0,.281,.96,0,0,0,1);es="Linear";ed="In";};["000-offset.005"]={cf=cfr(0,0,0,.888,-.437,-.143,.431,.9,-.07,.159,0,.987);es="Linear";ed="In";};};{tm=.625;["root"]={cf=cfr(1.903,3.37,-.099,0,0,1,0,1,0,-1,0,0);es="Linear";ed="In";};["000-offset"]={cf=cfr(0,0,0,.108,-.972,-.21,-.994,-.11,-.004,-.02,.209,-.978);es="Linear";ed="In";};["004-offset.001"]={cf=cfr(0,0,0,-.018,-1,0,1,-.018,0,0,0,1);es="Linear";ed="In";};["000-offset.009"]={cf=cfr(0,0,0,-.876,-.377,.3,.247,-.886,-.392,.414,-.269,.87);es="Linear";ed="In";};["000-offset.012"]={cf=cfr(0,0,0,-.099,-.708,-.699,.99,-.144,.006,-.105,-.691,.715);es="Linear";ed="In";};["000-offset.001"]={cf=cfr(0,0,0,.984,.139,.114,.033,.484,-.874,-.177,.864,.472);es="Linear";ed="In";};["000-offset.010"]={cf=cfr(0,0,0,.911,.412,0,-.412,.911,0,0,0,1);es="Linear";ed="In";};["000-offset.013"]={cf=cfr(0,0,0,.754,.657,0,-.657,.754,0,0,0,1);es="Linear";ed="In";};["000-offset.002"]={cf=cfr(0,0,0,.968,-.207,-.145,.239,.936,.26,.082,-.286,.955);es="Linear";ed="In";};["000-offset.011"]={cf=cfr(0,0,0,.234,-.972,-.011,.972,.234,.003,-.001,-.012,1);es="Linear";ed="In";};["000-offset.014"]={cf=cfr(0,0,0,.704,-.708,-.054,.709,.706,-.007,.043,-.033,.999);es="Linear";ed="In";};["000-offset.006"]={cf=cfr(0,0,0,.271,-.952,-.142,-.029,-.155,.987,-.962,-.264,-.069);es="Linear";ed="In";};["000-offset.003"]={cf=cfr(0,0,0,-.313,-.335,.889,.26,-.93,-.259,.914,.15,.378);es="Linear";ed="In";};["000-offset.007"]={cf=cfr(0,0,0,.998,-.06,0,.06,.998,0,0,0,1);es="Linear";ed="In";};["000-offset.004"]={cf=cfr(0,0,0,.959,-.282,0,.282,.959,0,0,0,1);es="Linear";ed="In";};["000-offset.008"]={cf=cfr(0,0,0,.966,-.26,0,.26,.966,0,0,0,1);es="Linear";ed="In";};["000-offset.005"]={cf=cfr(0,0,0,.888,-.437,-.143,.431,.9,-.07,.159,0,.987);es="Linear";ed="In";};};{tm=.667;["root"]={cf=cfr(1.833,3.328,.141,0,0,1,0,1,0,-1,0,0);es="Linear";ed="In";};["000-offset"]={cf=cfr(0,0,0,.104,-.967,.232,-.995,-.102,.024,0,-.233,-.973);es="Linear";ed="In";};["004-offset.001"]={cf=cfr(0,0,0,-.018,-1,0,1,-.018,0,0,0,1);es="Linear";ed="In";};["000-offset.009"]={cf=cfr(0,0,0,-.911,-.398,.112,.346,-.881,-.323,.227,-.255,.94);es="Linear";ed="In";};["000-offset.012"]={cf=cfr(0,0,0,-.16,-.715,-.68,.977,-.212,-.007,-.139,-.666,.733);es="Linear";ed="In";};["000-offset.001"]={cf=cfr(0,0,0,.978,.144,.154,.068,.475,-.877,-.199,.868,.455);es="Linear";ed="In";};["000-offset.010"]={cf=cfr(0,0,0,.722,.692,0,-.692,.722,0,0,0,1);es="Linear";ed="In";};["000-offset.013"]={cf=cfr(0,0,0,.7,.714,0,-.714,.7,0,0,0,1);es="Linear";ed="In";};["000-offset.002"]={cf=cfr(0,0,0,.964,-.234,-.124,.253,.951,.176,.077,-.201,.977);es="Linear";ed="In";};["000-offset.011"]={cf=cfr(0,0,0,.208,-.978,-.028,.978,.208,.008,-.002,-.029,1);es="Linear";ed="In";};["000-offset.014"]={cf=cfr(0,0,0,.674,-.737,-.053,.738,.675,-.008,.041,-.034,.999);es="Linear";ed="In";};["000-offset.006"]={cf=cfr(0,0,0,.239,-.961,-.141,-.042,-.155,.987,-.97,-.23,-.077);es="Linear";ed="In";};["000-offset.003"]={cf=cfr(0,0,0,-.228,-.363,.903,.215,-.924,-.317,.95,.121,.289);es="Linear";ed="In";};["000-offset.007"]={cf=cfr(0,0,0,.999,-.049,0,.049,.999,0,0,0,1);es="Linear";ed="In";};["000-offset.004"]={cf=cfr(0,0,0,.956,-.292,0,.292,.956,0,0,0,1);es="Linear";ed="In";};["000-offset.008"]={cf=cfr(0,0,0,.966,-.26,0,.26,.966,0,0,0,1);es="Linear";ed="In";};["000-offset.005"]={cf=cfr(0,0,0,.888,-.437,-.143,.431,.9,-.07,.159,0,.987);es="Linear";ed="In";};};{tm=.708;["root"]={cf=cfr(1.777,3.257,.324,0,0,1,0,1,0,-1,0,0);es="Linear";ed="In";};["000-offset"]={cf=cfr(0,0,0,.105,-.783,.613,-.993,-.116,.021,.055,-.611,-.79);es="Linear";ed="In";};["004-offset.001"]={cf=cfr(0,0,0,-.018,-1,0,1,-.018,0,0,0,1);es="Linear";ed="In";};["000-offset.009"]={cf=cfr(0,0,0,-.901,-.428,-.065,.432,-.877,-.212,.034,-.219,.975);es="Linear";ed="In";};["000-offset.012"]={cf=cfr(0,0,0,-.316,-.705,-.634,.922,-.386,-.03,-.224,-.595,.772);es="Linear";ed="In";};["000-offset.001"]={cf=cfr(0,0,0,.981,.135,.14,.045,.545,-.837,-.189,.828,.529);es="Linear";ed="In";};["000-offset.010"]={cf=cfr(0,0,0,.387,.922,0,-.922,.387,0,0,0,1);es="Linear";ed="In";};["000-offset.013"]={cf=cfr(0,0,0,.554,.832,0,-.832,.554,0,0,0,1);es="Linear";ed="In";};["000-offset.002"]={cf=cfr(0,0,0,.958,-.273,-.091,.279,.958,.063,.069,-.086,.994);es="Linear";ed="In";};["000-offset.011"]={cf=cfr(0,0,0,.2,-.979,-.047,.98,.199,.012,-.003,-.048,.999);es="Linear";ed="In";};["000-offset.014"]={cf=cfr(0,0,0,.636,-.77,-.053,.771,.637,-.007,.039,-.036,.999);es="Linear";ed="In";};["000-offset.006"]={cf=cfr(0,0,0,.206,-.968,-.141,-.051,-.154,.987,-.977,-.196,-.081);es="Linear";ed="In";};["000-offset.003"]={cf=cfr(0,0,0,-.198,-.384,.902,.192,-.917,-.349,.961,.104,.255);es="Linear";ed="In";};["000-offset.007"]={cf=cfr(0,0,0,.999,-.039,0,.039,.999,0,0,0,1);es="Linear";ed="In";};["000-offset.004"]={cf=cfr(0,0,0,.952,-.307,0,.307,.952,0,0,0,1);es="Linear";ed="In";};["000-offset.008"]={cf=cfr(0,0,0,.965,-.26,-.001,.26,.965,-.001,.001,.001,1);es="Linear";ed="In";};["000-offset.005"]={cf=cfr(0,0,0,.888,-.437,-.143,.431,.9,-.068,.159,-.002,.987);es="Linear";ed="In";};};{tm=.75;["root"]={cf=cfr(1.65,3.13,.395,0,0,1,0,1,0,-1,0,0);es="Linear";ed="In";};["000-offset"]={cf=cfr(0,0,0,.104,-.477,.873,-.985,-.172,.024,.139,-.862,-.488);es="Linear";ed="In";};["004-offset.001"]={cf=cfr(0,0,0,-.019,-1,0,1,-.019,0,0,0,1);es="Linear";ed="In";};["000-offset.009"]={cf=cfr(0,0,0,-.867,-.454,-.206,.478,-.874,-.087,-.14,-.174,.975);es="Linear";ed="In";};["000-offset.012"]={cf=cfr(0,0,0,-.52,-.618,-.59,.779,-.627,-.03,-.351,-.475,.807);es="Linear";ed="In";};["000-offset.001"]={cf=cfr(0,0,0,.988,.131,.082,-.028,.671,-.741,-.153,.73,.667);es="Linear";ed="In";};["000-offset.010"]={cf=cfr(0,0,0,.027,1,0,-1,.027,0,0,0,1);es="Linear";ed="In";};["000-offset.013"]={cf=cfr(0,0,0,.298,.955,0,-.955,.298,0,0,0,1);es="Linear";ed="In";};["000-offset.002"]={cf=cfr(0,0,0,.947,-.318,-.039,.314,.946,-.077,.061,.061,.996);es="Linear";ed="In";};["000-offset.011"]={cf=cfr(0,0,0,.198,-.978,-.066,.98,.197,.018,-.004,-.068,.998);es="Linear";ed="In";};["000-offset.014"]={cf=cfr(0,0,0,.578,-.815,-.053,.816,.579,-.007,.036,-.039,.999);es="Linear";ed="In";};["000-offset.006"]={cf=cfr(0,0,0,.176,-.974,-.141,-.056,-.152,.987,-.983,-.166,-.081);es="Linear";ed="In";};["000-offset.003"]={cf=cfr(0,0,0,-.176,-.408,.896,.168,-.909,-.381,.97,.083,.229);es="Linear";ed="In";};["000-offset.007"]={cf=cfr(0,0,0,1,-.029,0,.029,1,0,0,0,1);es="Linear";ed="In";};["000-offset.004"]={cf=cfr(0,0,0,.947,-.322,0,.322,.947,0,0,0,1);es="Linear";ed="In";};["000-offset.008"]={cf=cfr(0,0,0,.965,-.262,-.003,.262,.965,-.004,.004,.003,1);es="Linear";ed="In";};["000-offset.005"]={cf=cfr(0,0,0,.888,-.436,-.144,.431,.9,-.063,.157,-.006,.988);es="Linear";ed="In";};};{tm=.792;["root"]={cf=cfr(1.438,2.862,.282,0,0,1,0,1,0,-1,0,0);es="Linear";ed="In";};["000-offset"]={cf=cfr(0,0,0,.091,-.126,.988,-.971,-.231,.06,.221,-.965,-.143);es="Linear";ed="In";};["004-offset.001"]={cf=cfr(0,0,0,-.019,-1,0,1,-.019,0,0,0,1);es="Linear";ed="In";};["000-offset.009"]={cf=cfr(0,0,0,-.84,-.45,-.304,.47,-.883,.009,-.272,-.135,.953);es="Linear";ed="In";};["000-offset.012"]={cf=cfr(0,0,0,-.651,-.487,-.582,.602,-.798,-.005,-.462,-.354,.813);es="Linear";ed="In";};["000-offset.001"]={cf=cfr(0,0,0,.987,.16,.02,-.113,.774,-.623,-.115,.613,.782);es="Linear";ed="In";};["000-offset.010"]={cf=cfr(0,0,0,-.195,.981,0,-.981,-.195,0,0,0,1);es="Linear";ed="In";};["000-offset.013"]={cf=cfr(0,0,0,.002,1,0,-1,.002,0,0,0,1);es="Linear";ed="In";};["000-offset.002"]={cf=cfr(0,0,0,.933,-.358,.029,.356,.911,-.211,.049,.207,.977);es="Linear";ed="In";};["000-offset.011"]={cf=cfr(0,0,0,.192,-.978,-.084,.981,.191,.022,-.005,-.087,.996);es="Linear";ed="In";};["000-offset.014"]={cf=cfr(0,0,0,.48,-.876,-.052,.876,.481,-.007,.031,-.042,.999);es="Linear";ed="In";};["000-offset.006"]={cf=cfr(0,0,0,.149,-.979,-.141,-.057,-.151,.987,-.987,-.139,-.079);es="Linear";ed="In";};["000-offset.003"]={cf=cfr(0,0,0,-.162,-.435,.886,.146,-.898,-.415,.976,.062,.209);es="Linear";ed="In";};["000-offset.007"]={cf=cfr(0,0,0,1,-.019,0,.019,1,0,0,0,1);es="Linear";ed="In";};["000-offset.004"]={cf=cfr(0,0,0,.941,-.338,0,.338,.941,0,0,0,1);es="Linear";ed="In";};["000-offset.008"]={cf=cfr(0,0,0,.965,-.264,-.007,.264,.965,-.009,.009,.007,1);es="Linear";ed="In";};["000-offset.005"]={cf=cfr(0,0,0,.889,-.434,-.145,.431,.901,-.055,.154,-.013,.988);es="Linear";ed="In";};};{tm=.833;["root"]={cf=cfr(1.057,2.58,.014,0,0,1,0,1,0,-1,0,0);es="Linear";ed="In";};["000-offset"]={cf=cfr(0,0,0,.051,.199,.979,-.961,-.257,.103,.272,-.946,.178);es="Linear";ed="In";};["004-offset.001"]={cf=cfr(0,0,0,-.019,-1,0,1,-.019,0,0,0,1);es="Linear";ed="In";};["000-offset.009"]={cf=cfr(0,0,0,-.857,-.377,-.35,.385,-.922,.048,-.341,-.093,.935);es="Linear";ed="In";};["000-offset.012"]={cf=cfr(0,0,0,-.688,-.434,-.581,.52,-.854,.023,-.507,-.286,.813);es="Linear";ed="In";};["000-offset.001"]={cf=cfr(0,0,0,.98,.2,-.014,-.172,.805,-.567,-.103,.558,.823);es="Linear";ed="In";};["000-offset.010"]={cf=cfr(0,0,0,-.234,.972,0,-.972,-.234,0,0,0,1);es="Linear";ed="In";};["000-offset.013"]={cf=cfr(0,0,0,-.231,.973,0,-.973,-.231,0,0,0,1);es="Linear";ed="In";};["000-offset.002"]={cf=cfr(0,0,0,.916,-.388,.102,.4,.863,-.308,.031,.323,.946);es="Linear";ed="In";};["000-offset.011"]={cf=cfr(0,0,0,.187,-.977,-.103,.982,.185,.026,-.006,-.106,.994);es="Linear";ed="In";};["000-offset.014"]={cf=cfr(0,0,0,.32,-.946,-.05,.947,.321,-.007,.022,-.045,.999);es="Linear";ed="In";};["000-offset.006"]={cf=cfr(0,0,0,.128,-.982,-.141,-.057,-.149,.987,-.99,-.119,-.075);es="Linear";ed="In";};["000-offset.003"]={cf=cfr(0,0,0,-.156,-.466,.871,.129,-.884,-.45,.979,.042,.198);es="Linear";ed="In";};["000-offset.007"]={cf=cfr(0,0,0,1,-.011,0,.011,1,0,0,0,1);es="Linear";ed="In";};["000-offset.004"]={cf=cfr(0,0,0,.935,-.354,0,.354,.935,0,0,0,1);es="Linear";ed="In";};["000-offset.008"]={cf=cfr(0,0,0,.964,-.266,-.012,.266,.964,-.015,.015,.011,1);es="Linear";ed="In";};["000-offset.005"]={cf=cfr(0,0,0,.89,-.432,-.145,.43,.902,-.046,.151,-.022,.988);es="Linear";ed="In";};};{tm=.875;["root"]={cf=cfr(.183,2.453,-.338,0,0,1,0,1,0,-1,0,0);es="Linear";ed="In";};["000-offset"]={cf=cfr(0,0,0,-.055,.447,.893,-.962,-.264,.072,.268,-.855,.445);es="Linear";ed="In";};["004-offset.001"]={cf=cfr(0,0,0,-.019,-1,0,1,-.019,0,0,0,1);es="Linear";ed="In";};["000-offset.009"]={cf=cfr(0,0,0,-.904,-.237,-.356,.236,-.971,.048,-.357,-.041,.933);es="Linear";ed="In";};["000-offset.012"]={cf=cfr(0,0,0,-.606,-.597,-.526,.677,-.734,.052,-.417,-.325,.849);es="Linear";ed="In";};["000-offset.001"]={cf=cfr(0,0,0,.972,.233,-.029,-.205,.783,-.588,-.115,.577,.809);es="Linear";ed="In";};["000-offset.010"]={cf=cfr(0,0,0,-.163,.987,0,-.987,-.163,0,0,0,1);es="Linear";ed="In";};["000-offset.013"]={cf=cfr(0,0,0,-.357,.934,0,-.934,-.357,0,0,0,1);es="Linear";ed="In";};["000-offset.002"]={cf=cfr(0,0,0,.896,-.412,.164,.443,.828,-.343,.005,.381,.925);es="Linear";ed="In";};["000-offset.011"]={cf=cfr(0,0,0,.188,-.975,-.122,.982,.185,.031,-.008,-.126,.992);es="Linear";ed="In";};["000-offset.014"]={cf=cfr(0,0,0,-.131,-.99,-.046,.991,-.131,-.006,0,-.046,.999);es="Linear";ed="In";};["000-offset.006"]={cf=cfr(0,0,0,.114,-.984,-.14,-.057,-.147,.987,-.992,-.104,-.072);es="Linear";ed="In";};["000-offset.003"]={cf=cfr(0,0,0,-.158,-.5,.852,.117,-.866,-.486,.981,.023,.195);es="Linear";ed="In";};["000-offset.007"]={cf=cfr(0,0,0,1,-.005,0,.005,1,0,0,0,1);es="Linear";ed="In";};["000-offset.004"]={cf=cfr(0,0,0,.929,-.371,0,.371,.929,0,0,0,1);es="Linear";ed="In";};["000-offset.008"]={cf=cfr(0,0,0,.963,-.269,-.016,.269,.963,-.021,.021,.016,1);es="Linear";ed="In";};["000-offset.005"]={cf=cfr(0,0,0,.891,-.429,-.146,.429,.903,-.035,.147,-.031,.989);es="Linear";ed="In";};};{tm=.917;["root"]={cf=cfr(.014,2.298,-.733,0,0,1,0,1,0,-1,0,0);es="Linear";ed="In";};["000-offset"]={cf=cfr(0,0,0,-.202,.615,.762,-.952,-.305,-.007,.228,-.727,.647);es="Linear";ed="In";};["004-offset.001"]={cf=cfr(0,0,0,-.019,-1,0,1,-.019,0,0,0,1);es="Linear";ed="In";};["000-offset.009"]={cf=cfr(0,0,0,-.935,-.074,-.347,.066,-.997,.036,-.348,.011,.937);es="Linear";ed="In";};["000-offset.012"]={cf=cfr(0,0,0,-.343,-.804,-.485,.909,-.415,.045,-.238,-.425,.873);es="Linear";ed="In";};["000-offset.001"]={cf=cfr(0,0,0,.963,.265,-.046,-.234,.743,-.627,-.132,.615,.778);es="Linear";ed="In";};["000-offset.010"]={cf=cfr(0,0,0,-.035,.999,0,-.999,-.035,0,0,0,1);es="Linear";ed="In";};["000-offset.013"]={cf=cfr(0,0,0,-.416,.909,0,-.909,-.416,0,0,0,1);es="Linear";ed="In";};["000-offset.002"]={cf=cfr(0,0,0,.859,-.486,.161,.507,.85,-.142,-.068,.203,.977);es="Linear";ed="In";};["000-offset.011"]={cf=cfr(0,0,0,.191,-.972,-.139,.982,.188,.036,-.009,-.143,.99);es="Linear";ed="In";};["000-offset.014"]={cf=cfr(0,0,0,-.509,-.859,-.052,.86,-.51,-.007,-.02,-.048,.999);es="Linear";ed="In";};["000-offset.006"]={cf=cfr(0,0,0,.107,-.984,-.14,-.057,-.146,.988,-.993,-.097,-.072);es="Linear";ed="In";};["000-offset.003"]={cf=cfr(0,0,0,-.17,-.536,.827,.111,-.844,-.524,.979,.003,.203);es="Linear";ed="In";};["000-offset.007"]={cf=cfr(0,0,0,1,-.002,0,.002,1,0,0,0,1);es="Linear";ed="In";};["000-offset.004"]={cf=cfr(0,0,0,.921,-.389,0,.389,.921,0,0,0,1);es="Linear";ed="In";};["000-offset.008"]={cf=cfr(0,0,0,.962,-.272,-.021,.271,.962,-.027,.028,.021,.999);es="Linear";ed="In";};["000-offset.005"]={cf=cfr(0,0,0,.892,-.427,-.147,.428,.904,-.025,.144,-.04,.989);es="Linear";ed="In";};};{tm=.958;["root"]={cf=cfr(0,1.664,-1.283,0,0,1,0,1,0,-1,0,0);es="Linear";ed="In";};["000-offset"]={cf=cfr(0,0,0,-.296,.724,.624,-.935,-.352,-.035,.194,-.594,.781);es="Linear";ed="In";};["004-offset.001"]={cf=cfr(0,0,0,-.019,-1,0,1,-.019,0,0,0,1);es="Linear";ed="In";};["000-offset.009"]={cf=cfr(0,0,0,-.937,.052,-.345,-.066,-.997,.029,-.342,.05,.938);es="Linear";ed="In";};["000-offset.012"]={cf=cfr(0,0,0,-.117,-.859,-.499,.986,-.159,.041,-.114,-.488,.866);es="Linear";ed="In";};["000-offset.001"]={cf=cfr(0,0,0,.953,.294,-.067,-.259,.687,-.678,-.154,.664,.732);es="Linear";ed="In";};["000-offset.010"]={cf=cfr(0,0,0,.094,.996,0,-.996,.094,0,0,0,1);es="Linear";ed="In";};["000-offset.013"]={cf=cfr(0,0,0,-.439,.898,0,-.898,-.439,0,0,0,1);es="Linear";ed="In";};["000-offset.002"]={cf=cfr(0,0,0,.826,-.557,.087,.547,.83,.109,-.133,-.042,.99);es="Linear";ed="In";};["000-offset.011"]={cf=cfr(0,0,0,.192,-.97,-.15,.981,.188,.039,-.009,-.155,.988);es="Linear";ed="In";};["000-offset.014"]={cf=cfr(0,0,0,.011,-.999,-.053,1,.011,-.007,.008,-.053,.999);es="Linear";ed="In";};["000-offset.006"]={cf=cfr(0,0,0,.108,-.984,-.139,-.061,-.146,.987,-.992,-.099,-.075);es="Linear";ed="In";};["000-offset.003"]={cf=cfr(0,0,0,-.195,-.574,.795,.111,-.818,-.564,.974,-.021,.223);es="Linear";ed="In";};["000-offset.007"]={cf=cfr(0,0,0,1,-.003,0,.003,1,0,0,0,1);es="Linear";ed="In";};["000-offset.004"]={cf=cfr(0,0,0,.913,-.408,0,.408,.913,0,0,0,1);es="Linear";ed="In";};["000-offset.008"]={cf=cfr(0,0,0,.961,-.274,-.026,.274,.961,-.033,.034,.025,.999);es="Linear";ed="In";};["000-offset.005"]={cf=cfr(0,0,0,.893,-.424,-.148,.427,.904,-.016,.14,-.049,.989);es="Linear";ed="In";};};{tm=1;["root"]={cf=cfr(-.014,1.762,-1.889,0,0,1,0,1,0,-1,0,0);es="Linear";ed="In";};["000-offset"]={cf=cfr(0,0,0,-.325,.792,.517,-.929,-.369,-.019,.176,-.486,.856);es="Linear";ed="In";};["004-offset.001"]={cf=cfr(0,0,0,-.019,-1,0,1,-.019,0,0,0,1);es="Linear";ed="In";};["000-offset.009"]={cf=cfr(0,0,0,-.933,.113,-.34,-.129,-.991,.022,-.335,.065,.94);es="Linear";ed="In";};["000-offset.012"]={cf=cfr(0,0,0,-.057,-.861,-.505,.995,-.091,.043,-.083,-.5,.862);es="Linear";ed="In";};["000-offset.001"]={cf=cfr(0,0,0,.943,.321,-.092,-.282,.618,-.734,-.179,.718,.673);es="Linear";ed="In";};["000-offset.010"]={cf=cfr(0,0,0,.17,.985,0,-.985,.17,0,0,0,1);es="Linear";ed="In";};["000-offset.013"]={cf=cfr(0,0,0,-.45,.893,0,-.893,-.45,0,0,0,1);es="Linear";ed="In";};["000-offset.002"]={cf=cfr(0,0,0,.825,-.563,.038,.546,.813,.2,-.144,-.144,.979);es="Linear";ed="In";};["000-offset.011"]={cf=cfr(0,0,0,.193,-.969,-.152,.981,.189,.039,-.009,-.156,.988);es="Linear";ed="In";};["000-offset.014"]={cf=cfr(0,0,0,.071,-.996,-.054,.997,.071,-.007,.011,-.053,.999);es="Linear";ed="In";};["000-offset.006"]={cf=cfr(0,0,0,.127,-.982,-.137,-.069,-.147,.987,-.989,-.116,-.087);es="Linear";ed="In";};["000-offset.003"]={cf=cfr(0,0,0,-.233,-.613,.755,.117,-.789,-.604,.965,-.053,.255);es="Linear";ed="In";};["000-offset.007"]={cf=cfr(0,0,0,1,-.008,0,.008,1,0,0,0,1);es="Linear";ed="In";};["000-offset.004"]={cf=cfr(0,0,0,.904,-.428,0,.428,.904,0,0,0,1);es="Linear";ed="In";};["000-offset.008"]={cf=cfr(0,0,0,.961,-.277,-.029,.275,.961,-.038,.039,.029,.999);es="Linear";ed="In";};["000-offset.005"]={cf=cfr(0,0,0,.894,-.422,-.148,.426,.905,-.008,.137,-.056,.989);es="Linear";ed="In";};};{tm=1.042;["root"]={cf=cfr(-.028,1.678,-2.38