local cfr = CFrame.new

return {{tm=0;["Head"]={cf=cfr(0,0,0,1,0,0,0,.913,.408,0,-.408,.913);es="Sine";ed="InOut";};["LeftUpperArm"]={cf=cfr(0,0,0,.707,.707,0,-.707,.707,0,0,0,1);es="Linear";ed="In";};["RightUpperArm"]={cf=cfr(0,0,0,.707,-.707,0,.707,.707,0,0,0,1);es="Linear";ed="In";};["LeftUpperLeg"]={cf=cfr(0,0,0,1,0,0,0,.052,-.999,0,.999,.052);es="Linear";ed="In";};["RightUpperLeg"]={cf=cfr(0,0,0,1,0,0,0,.052,-.999,0,.999,.052);es="Linear";ed="In";};["UpperTorso"]={cf=cfr(0,0,-.015,1,0,0,0,.915,.403,0,-.403,.915);es="Linear";ed="In";};["LeftFoot"]={cf=cfr(0,0,0,1,0,0,0,1,0,0,0,1);es="Linear";ed="In";};["LeftLowerLeg"]={cf=cfr(0,0,0,1,0,0,0,-.515,.857,0,-.857,-.515);es="Sine";ed="InOut";};["RightHand"]={cf=cfr(0,0,0,1,0,0,0,1,0,0,0,1);es="Linear";ed="In";};["LeftHand"]={cf=cfr(0,0,0,1,0,0,0,1,0,0,0,1);es="Linear";ed="In";};["RightFoot"]={cf=cfr(0,0,0,1,0,0,0,1,0,0,0,1);es="Linear";ed="In";};["RightLowerLeg"]={cf=cfr(0,0,0,1,0,0,0,-.515,.857,0,-.857,-.515);es="Sine";ed="InOut";};["LeftLowerArm"]={cf=cfr(0,0,0,1,0,0,0,.707,-.707,0,.707,.707);es="Linear";ed="In";};["LowerTorso"]={cf=cfr(0,-1.635,-.01,1,0,0,0,1,-.031,0,.031,1);es="Linear";ed="In";};["RightLowerArm"]={cf=cfr(.001,0,0,1,0,0,0,.707,-.707,0,.707,.707);es="Linear";ed="In";};};{tm=.017;["LeftLowerLeg"]={cf=cfr(0,0,-.001,1,0,0,0,-.511,.859,0,-.859,-.511);es="Linear";ed="In";};["RightLowerLeg"]={cf=cfr(0,0,-.001,1,0,0,0,-.511,.859,0,-.859,-.511);es="Linear";ed="In";};["Head"]={cf=cfr(0,0,0,1,0,0,0,.913,.409,0,-.409,.913);es="Linear";ed="In";};};{tm=.033;["LeftLowerLeg"]={cf=cfr(0,-.001,-.004,1,0,0,0,-.5,.866,0,-.866,-.5);es="Linear";ed="In";};["RightLowerLeg"]={cf=cfr(0,-.001,-.004,1,0,0,0,-.5,.866,0,-.866,-.5);es="Linear";ed="In";};["Head"]={cf=cfr(0,0,0,1,0,0,0,.912,.41,0,-.41,.912);es="Linear";ed="In";};};{tm=.05;["LeftLowerLeg"]={cf=cfr(0,-.001,-.009,1,0,0,0,-.48,.877,0,-.877,-.48);es="Linear";ed="In";};["RightLowerLeg"]={cf=cfr(0,-.001,-.009,1,0,0,0,-.48,.877,0,-.877,-.48);es="Linear";ed="In";};["Head"]={cf=cfr(0,0,0,1,0,0,0,.912,.411,0,-.411,.912);es="Linear";ed="In";};};{tm=.067;["LeftLowerLeg"]={cf=cfr(0,-.002,-.016,1,0,0,0,-.454,.891,0,-.891,-.454);es="Linear";ed="In";};["RightLowerLeg"]={cf=cfr(0,-.002,-.016,1,0,0,0,-.454,.891,0,-.891,-.454);es="Linear";ed="In";};["Head"]={cf=cfr(0,0,0,1,0,0,0,.911,.413,0,-.413,.911);es="Linear";ed="In";};};{tm=.083;["LeftLowerLeg"]={cf=cfr(0,-.003,-.024,1,0,0,0,-.419,.908,0,-.908,-.419);es="Linear";ed="In";};["RightLowerLeg"]={cf=cfr(0,-.003,-.024,1,0,0,0,-.419,.908,0,-.908,-.419);es="Linear";ed="In";};["Head"]={cf=cfr(0,0,0,1,0,0,0,.909,.416,0,-.416,.909);es="Linear";ed="In";};};{tm=.1;["LeftLowerLeg"]={cf=cfr(0,-.004,-.033,1,0,0,0,-.378,.926,0,-.926,-.378);es="Linear";ed="In";};["RightLowerLeg"]={cf=cfr(0,-.004,-.033,1,0,0,0,-.378,.926,0,-.926,-.378);es="Linear";ed="In";};["Head"]={cf=cfr(0,0,0,1,0,0,0,.908,.419,0,-.419,.908);es="Linear";ed="In";};["LowerTorso"]={cf=cfr(0,-1.635,-.01,1,0,0,0,-.257,.966,0,-.966,-.257);es="Linear";ed="Out";};};{tm=.117;["LeftLowerLeg"]={cf=cfr(0,-.004,-.042,1,0,0,0,-.329,.944,0,-.944,-.329);es="Linear";ed="In";};["RightLowerLeg"]={cf=cfr(0,-.004,-.042,1,0,0,0,-.329,.944,0,-.944,-.329);es="Linear";ed="In";};["Head"]={cf=cfr(0,0,0,1,0,0,0,.906,.423,0,-.423,.906);es="Linear";ed="In";};};{tm=.133;["LeftLowerLeg"]={cf=cfr(0,-.004,-.05,1,0,0,0,-.274,.962,0,-.962,-.274);es="Linear";ed="In";};["RightLowerLeg"]={cf=cfr(0,-.004,-.051,1,0,0,0,-.274,.962,0,-.962,-.274);es="Linear";ed="In";};["Head"]={cf=cfr(0,-.001,0,1,0,0,0,.904,.427,0,-.427,.904);es="Linear";ed="In";};};{tm=.15;["LeftLowerLeg"]={cf=cfr(0,-.003,-.058,1,0,0,0,-.214,.977,0,-.977,-.214);es="Linear";ed="In";};["RightLowerLeg"]={cf=cfr(0,-.003,-.058,1,0,0,0,-.214,.977,0,-.977,-.214);es="Linear";ed="In";};["Head"]={cf=cfr(0,-.001,0,1,0,0,0,.902,.431,0,-.431,.902);es="Linear";ed="In";};};{tm=.167;["LeftLowerLeg"]={cf=cfr(0,-.002,-.064,1,0,0,0,-.149,.989,0,-.989,-.149);es="Linear";ed="In";};["RightLowerLeg"]={cf=cfr(0,-.002,-.064,1,0,0,0,-.149,.989,0,-.989,-.149);es="Linear";ed="In";};["Head"]={cf=cfr(0,-.001,0,1,0,0,0,.9,.436,0,-.436,.9);es="Linear";ed="In";};};{tm=.183;["LeftLowerLeg"]={cf=cfr(0,-.001,-.069,1,0,0,0,-.08,.997,0,-.997,-.08);es="Linear";ed="In";};["RightLowerLeg"]={cf=cfr(0,-.001,-.069,1,0,0,0,-.08,.997,0,-.997,-.08);es="Linear";ed="In";};["Head"]={cf=cfr(0,-.001,0,1,0,0,0,.898,.441,0,-.441,.898);es="Linear";ed="In";};};{tm=.2;["LeftLowerLeg"]={cf=cfr(0,.001,-.071,1,0,0,0,-.009,1,0,-1,-.009);es="Linear";ed="In";};["RightLowerLeg"]={cf=cfr(0,.001,-.071,1,0,0,0,-.009,1,0,-1,-.009);es="Linear";ed="In";};["Head"]={cf=cfr(0,-.001,0,1,0,0,0,.895,.445,0,-.445,.895);es="Linear";ed="In";};};{tm=.217;["LeftLowerLeg"]={cf=cfr(0,.003,-.071,1,0,0,0,.062,.998,0,-.998,.062);es="Linear";ed="In";};["RightLowerLeg"]={cf=cfr(0,.003,-.071,1,0,0,0,.062,.998,0,-.998,.062);es="Linear";ed="In";};["Head"]={cf=cfr(0,-.001,0,1,0,0,0,.893,.45,0,-.45,.893);es="Linear";ed="In";};["LeftUpperArm"]={cf=cfr(0,0,0,.866,-.41,-.287,0,.574,-.819,.5,.709,.497);es="Sine";ed="InOut";};["RightUpperArm"]={cf=cfr(0,0,0,.866,.41,.287,0,.574,-.819,-.5,.709,.497);es="Sine";ed="InOut";};["LeftUpperLeg"]={cf=cfr(0,.001,.001,.999,.01,-.044,-.045,.05,-.998,-.008,.999,.051);es="Sine";ed="InOut";};["RightUpperLeg"]={cf=cfr(0,.001,.001,.999,-.011,.045,.045,.05,-.998,.008,.999,.051);es="Sine";ed="InOut";};["UpperTorso"]={cf=cfr(0,0,-.015,1,0,0,0,.722,.692,0,-.692,.722);es="Sine";ed="InOut";};["LowerTorso"]={cf=cfr(0,-1.635,-.41,1,0,0,0,-.89,-.456,0,.456,-.89);es="Quad";ed="Out";};};{tm=.233;["LeftLowerLeg"]={cf=cfr(0,.004,-.069,1,0,0,0,.132,.991,0,-.991,.132);es="Linear";ed="In";};["RightLowerLeg"]={cf=cfr(0,.004,-.069,1,0,0,0,.132,.991,0,-.991,.132);es="Linear";ed="In";};["Head"]={cf=cfr(0,-.001,0,1,0,0,0,.89,.455,0,-.455,.89);es="Linear";ed="In";};["RightUpperArm"]={cf=cfr(-.005,.008,.002,.872,.392,.293,.007,.588,-.809,-.489,.707,.51);es="Linear";ed="In";};["LeftUpperArm"]={cf=cfr(.005,.008,.002,.872,-.392,-.293,-.007,.588,-.809,.489,.707,.51);es="Linear";ed="In";};["UpperTorso"]={cf=cfr(0,0,-.014,1,0,0,0,.724,.69,0,-.69,.724);es="Linear";ed="In";};["RightUpperLeg"]={cf=cfr(0,.001,.002,.999,-.017,.049,.05,.05,-.997,.015,.999,.051);es="Linear";ed="In";};["LeftUpperLeg"]={cf=cfr(0,.001,.002,.999,.017,-.049,-.05,.05,-.997,-.015,.999,.051);es="Linear";ed="In";};["LowerTorso"]={cf=cfr(0,-1.679,-.398,1,0,0,0,-.709,-.705,0,.705,-.709);es="Linear";ed="In";};};{tm=.25;["LeftLowerLeg"]={cf=cfr(0,.005,-.064,1,0,0,0,.2,.98,0,-.98,.2);es="Linear";ed="In";};["RightLowerLeg"]={cf=cfr(0,.005,-.064,1,0,0,0,.2,.98,0,-.98,.2);es="Linear";ed="In";};["Head"]={cf=cfr(0,-.001,0,1,0,0,0,.888,.46,0,-.46,.888);es="Linear";ed="In";};["RightUpperArm"]={cf=cfr(-.02,.029,.008,.889,.338,.308,.029,.63,-.776,-.457,.699,.55);es="Linear";ed="In";};["LeftUpperArm"]={cf=cfr(.02,.029,.008,.889,-.338,-.308,-.029,.63,-.776,.457,.699,.55);es="Linear";ed="In";};["UpperTorso"]={cf=cfr(0,-.001,-.014,1,0,0,0,.73,.684,0,-.684,.73);es="Linear";ed="In";};["RightUpperLeg"]={cf=cfr(-.001,.003,.003,.997,-.037,.064,.065,.05,-.997,.034,.998,.052);es="Linear";ed="In";};["LeftUpperLeg"]={cf=cfr(.001,.003,.003,.997,.037,-.063,-.065,.05,-.997,-.034,.998,.052);es="Linear";ed="In";};["LowerTorso"]={cf=cfr(0,-1.734,-.373,1,0,0,0,-.484,-.875,0,.875,-.484);es="Linear";ed="In";};};{tm=.267;["LeftLowerLeg"]={cf=cfr(0,.006,-.058,1,0,0,0,.265,.964,0,-.964,.265);es="Linear";ed="In";};["RightLowerLeg"]={cf=cfr(0,.006,-.058,1,0,0,0,.265,.964,0,-.964,.265);es="Linear";ed="In";};["Head"]={cf=cfr(0,-.001,0,1,0,0,0,.886,.464,0,-.464,.886);es="Linear";ed="In";};["RightUpperArm"]={cf=cfr(-.041,.058,.015,.911,.251,.327,.068,.69,-.72,-.406,.679,.612);es="Linear";ed="In";};["LeftUpperArm"]={cf=cfr(.041,.058,.015,.911,-.251,-.327,-.068,.69,-.72,.406,.679,.612);es="Linear";ed="In";};["UpperTorso"]={cf=cfr(0,-.002,-.013,1,0,0,0,.739,.673,0,-.673,.739);es="Linear";ed="In";};["RightUpperLeg"]={cf=cfr(-.001,.004,.005,.994,-.069,.086,.089,.048,-.995,.064,.996,.054);es="Linear";ed="In";};["LeftUpperLeg"]={cf=cfr(.001,.004,.005,.994,.068,-.086,-.089,.048,-.995,-.064,.997,.054);es="Linear";ed="In";};["LowerTorso"]={cf=cfr(0,-1.792,-.336,1,0,0,0,-.247,-.969,0,.969,-.247);es="Linear";ed="In";};};{tm=.283;["LeftLowerLeg"]={cf=cfr(0,.006,-.05,1,0,0,0,.324,.946,0,-.946,.324);es="Linear";ed="In";};["RightLowerLeg"]={cf=cfr(0,.007,-.05,1,0,0,0,.324,.946,0,-.946,.324);es="Linear";ed="In";};["Head"]={cf=cfr(0,-.001,0,1,0,0,0,.883,.469,0,-.469,.883);es="Linear";ed="In";};["RightUpperArm"]={cf=cfr(-.066,.085,.018,.931,.132,.339,.126,.757,-.641,-.342,.639,.689);es="Linear";ed="In";};["LeftUpperArm"]={cf=cfr(.066,.085,.018,.931,-.132,-.339,-.126,.757,-.641,.342,.639,.689);es="Linear";ed="In";};["UpperTorso"]={cf=cfr(0,-.002,-.013,1,0,0,0,.751,.66,0,-.66,.751);es="Linear";ed="In";};["RightUpperLeg"]={cf=cfr(-.002,.006,.008,.987,-.109,.115,.121,.044,-.992,.103,.993,.057);es="Linear";ed="In";};["LeftUpperLeg"]={cf=cfr(.002,.006,.008,.987,.109,-.115,-.12,.044,-.992,-.103,.993,.057);es="Linear";ed="In";};["LowerTorso"]={cf=cfr(0,-1.847,-.29,1,0,0,0,-.02,-1,0,1,-.02);es="Linear";ed="In";};};{tm=.3;["LeftLowerLeg"]={cf=cfr(0,.006,-.042,1,0,0,0,.378,.926,0,-.926,.378);es="Linear";ed="In";};["RightLowerLeg"]={cf=cfr(0,.006,-.042,1,0,0,0,.378,.926,0,-.926,.378);es="Linear";ed="In";};["Head"]={cf=cfr(0,0,0,1,0,0,0,.881,.473,0,-.473,.881);es="Linear";ed="In";};["RightUpperArm"]={cf=cfr(-.086,.104,.017,.941,-.007,.337,.2,.817,-.541,-.271,.576,.771);es="Linear";ed="In";};["LeftUpperArm"]={cf=cfr(.086,.104,.017,.941,.007,-.337,-.2,.817,-.541,.271,.576,.771);es="Linear";ed="In";};["UpperTorso"]={cf=cfr(0,-.003,-.012,1,0,0,0,.765,.644,0,-.644,.765);es="Linear";ed="In";};["RightUpperLeg"]={cf=cfr(-.003,.007,.009,.976,-.157,.149,.157,.039,-.987,.149,.987,.062);es="Linear";ed="In";};["LeftUpperLeg"]={cf=cfr(.003,.007,.009,.976,.156,-.149,-.156,.039,-.987,-.149,.987,.062);es="Linear";ed="In";};["LowerTorso"]={cf=cfr(0,-1.896,-.239,1,0,0,0,.181,-.984,0,.984,.181);es="Linear";ed="In";};};{tm=.317;["LeftLowerLeg"]={cf=cfr(0,.005,-.033,1,0,0,0,.426,.905,0,-.905,.426);es="Linear";ed="In";};["RightLowerLeg"]={cf=cfr(0,.005,-.033,1,0,0,0,.426,.905,0,-.905,.426);es="Linear";ed="In";};["Head"]={cf=cfr(0,0,0,1,0,0,0,.879,.476,0,-.476,.879);es="Linear";ed="In";};["RightUpperArm"]={cf=cfr(-.097,.108,.012,.936,-.156,.315,.286,.858,-.427,-.203,.49,.848);es="Linear";ed="In";};["LeftUpperArm"]={cf=cfr(.097,.108,.012,.936,.156,-.315,-.286,.858,-.427,.203,.49,.848);es="Linear";ed="In";};["UpperTorso"]={cf=cfr(0,-.003,-.012,1,0,0,0,.779,.627,0,-.627,.779);es="Linear";ed="In";};["RightUpperLeg"]={cf=cfr(-.003,.008,.01,.961,-.207,.184,.194,.031,-.98,.197,.978,.07);es="Linear";ed="In";};["LeftUpperLeg"]={cf=cfr(.003,.008,.01,.961,.206,-.184,-.194,.031,-.98,-.197,.978,.07);es="Linear";ed="In";};["LowerTorso"]={cf=cfr(0,-1.938,-.187,1,0,0,0,.349,-.937,0,.937,.349);es="Linear";ed="In";};};{tm=.333;["LeftLowerLeg"]={cf=cfr(0,.004,-.024,1,0,0,0,.466,.885,0,-.885,.466);es="Linear";ed="In";};["RightLowerLeg"]={cf=cfr(0,.004,-.024,1,0,0,0,.466,.885,0,-.885,.466);es="Linear";ed="In";};["Head"]={cf=cfr(0,0,0,1,0,0,0,.878,.479,0,-.479,.878);es="Linear";ed="In";};["RightUpperArm"]={cf=cfr(-.095,.097,.005,.915,-.299,.272,.377,.872,-.311,-.144,.387,.911);es="Linear";ed="In";};["LeftUpperArm"]={cf=cfr(.095,.097,.005,.915,.299,-.272,-.377,.872,-.311,.144,.387,.911);es="Linear";ed="In";};["UpperTorso"]={cf=cfr(0,-.003,-.012,1,0,0,0,.793,.609,0,-.609,.793);es="Linear";ed="In";};["RightUpperLeg"]={cf=cfr(-.003,.007,.009,.942,-.256,.219,.232,.021,-.973,.244,.967,.079);es="Linear";ed="In";};["LeftUpperLeg"]={cf=cfr(.003,.007,.009,.942,.256,-.219,-.232,.021,-.973,-.244,.967,.079);es="Linear";ed="In";};["LowerTorso"]={cf=cfr(0,-1.97,-.138,1,0,0,0,.484,-.875,0,.875,.484);es="Linear";ed="In";};};{tm=.35;["LeftLowerLeg"]={cf=cfr(0,.003,-.016,1,0,0,0,.5,.866,0,-.866,.5);es="Linear";ed="In";};["RightLowerLeg"]={cf=cfr(0,.003,-.016,1,0,0,0,.5,.866,0,-.866,.5);es="Linear";ed="In";};["Head"]={cf=cfr(0,0,0,1,0,0,0,.876,.482,0,-.482,.876);es="Linear";ed="In";};["RightUpperArm"]={cf=cfr(-.079,.075,-.001,.88,-.422,.216,.463,.862,-.204,-.1,.279,.955);es="Linear";ed="In";};["LeftUpperArm"]={cf=cfr(.079,.075,-.001,.88,.422,-.216,-.463,.862,-.204,.1,.279,.955);es="Linear";ed="In";};["UpperTorso"]={cf=cfr(0,-.002,-.013,1,0,0,0,.806,.592,0,-.592,.806);es="Linear";ed="In";};["RightUpperLeg"]={cf=cfr(-.003,.006,.007,.92,-.3,.25,.266,.01,-.964,.287,.954,.089);es="Linear";ed="In";};["LeftUpperLeg"]={cf=cfr(.003,.006,.007,.92,.3,-.25,-.266,.01,-.964,-.287,.954,.089);es="Linear";ed="In";};["LowerTorso"]={cf=cfr(0,-1.995,-.094,1,0,0,0,.586,-.81,0,.81,.586);es="Linear";ed="In";};};{tm=.367;["LeftLowerLeg"]={cf=cfr(0,.002,-.009,1,0,0,0,.526,.851,0,-.851,.526);es="Linear";ed="In";};["RightLowerLeg"]={cf=cfr(0,.002,-.009,1,0,0,0,.526,.851,0,-.851,.526);es="Linear";ed="In";};["Head"]={cf=cfr(0,0,0,1,0,0,0,.875,.484,0,-.484,.875);es="Linear";ed="In";};["RightUpperArm"]={cf=cfr(-.054,.048,-.003,.841,-.519,.155,.537,.836,-.114,-.071,.179,.981);es="Linear";ed="In";};["LeftUpperArm"]={cf=cfr(.054,.048,-.003,.841,.519,-.155,-.537,.836,-.114,.071,.179,.981);es="Linear";ed="In";};["UpperTorso"]={cf=cfr(0,-.002,-.013,1,0,0,0,.817,.577,0,-.577,.817);es="Linear";ed="In";};["RightUpperLeg"]={cf=cfr(-.002,.004,.005,.899,-.338,.277,.294,0,-.956,.323,.941,.099);es="Linear";ed="In";};["LeftUpperLeg"]={cf=cfr(.002,.004,.005,.9,.338,-.277,-.294,0,-.956,-.323,.941,.099);es="Linear";ed="In";};["LowerTorso"]={cf=cfr(0,-2.013,-.058,1,0,0,0,.66,-.751,0,.751,.66);es="Linear";ed="In";};};{tm=.383;["LeftLowerLeg"]={cf=cfr(0,.001,-.004,1,0,0,0,.544,.839,0,-.839,.544);es="Linear";ed="In";};["RightLowerLeg"]={cf=cfr(0,.001,-.004,1,0,0,0,.544,.839,0,-.839,.544);es="Linear";ed="In";};["Head"]={cf=cfr(0,0,0,1,0,0,0,.874,.485,0,-.485,.874);es="Linear";ed="In";};["RightUpperArm"]={cf=cfr(-.027,.023,-.002,.805,-.585,.102,.591,.805,-.048,-.054,.099,.994);es="Linear";ed="In";};["LeftUpperArm"]={cf=cfr(.027,.023,-.003,.805,.585,-.102,-.591,.805,-.048,.054,.099,.994);es="Linear";ed="In";};["UpperTorso"]={cf=cfr(0,-.001,-.014,1,0,0,0,.824,.566,0,-.566,.824);es="Linear";ed="In";};["RightUpperLeg"]={cf=cfr(-.001,.002,.002,.882,-.366,.297,.316,-.009,-.949,.35,.93,.108);es="Linear";ed="In";};["LeftUpperLeg"]={cf=cfr(.001,.002,.002,.882,.366,-.297,-.315,-.009,-.949,-.35,.93,.107);es="Linear";ed="In";};["LowerTorso"]={cf=cfr(0,-2.025,-.032,1,0,0,0,.709,-.705,0,.705,.709);es="Linear";ed="In";};};{tm=.4;["LeftLowerLeg"]={cf=cfr(0,0,-.001,1,0,0,0,.555,.832,0,-.832,.555);es="Linear";ed="In";};["RightLowerLeg"]={cf=cfr(0,0,-.001,1,0,0,0,.555,.832,0,-.832,.555);es="Linear";ed="In";};["Head"]={cf=cfr(0,0,0,1,0,0,0,.874,.486,0,-.486,.874);es="Linear";ed="In";};["RightUpperArm"]={cf=cfr(-.007,.006,-.001,.779,-.623,.066,.625,.781,-.009,-.046,.048,.998);es="Linear";ed="In";};["LeftUpperArm"]={cf=cfr(.007,.006,-.001,.779,.623,-.066,-.625,.781,-.009,.046,.048,.998);es="Linear";ed="In";};["UpperTorso"]={cf=cfr(0,0,-.014,1,0,0,0,.829,.559,0,-.559,.829);es="Linear";ed="In";};["RightUpperLeg"]={cf=cfr(0,0,.001,.87,-.384,.309,.329,-.015,-.944,.367,.923,.113);es="Linear";ed="In";};["LeftUpperLeg"]={cf=cfr(0,0,.001,.87,.384,-.309,-.329,-.015,-.944,-.367,.923,.113);es="Linear";ed="In";};["LowerTorso"]={cf=cfr(0,-2.032,-.015,1,0,0,0,.737,-.676,0,.676,.737);es="Linear";ed="In";};};{tm=.417;["LeftUpperArm"]={cf=cfr(0,0,0,.77,.635,-.054,-.636,.772,.004,.044,.031,.999);es="Linear";ed="In";};["Head"]={cf=cfr(0,0,0,1,0,0,0,.874,.486,0,-.486,.874);es="Linear";ed="In";};["RightUpperArm"]={cf=cfr(0,0,0,.77,-.635,.054,.636,.772,.004,-.044,.031,.999);es="Linear";ed="In";};["LeftUpperLeg"]={cf=cfr(0,0,0,.866,.39,-.313,-.333,-.017,-.943,-.373,.921,.115);es="Linear";ed="In";};["RightUpperLeg"]={cf=cfr(0,0,0,.866,-.39,.313,.333,-.017,-.943,.373,.921,.115);es="Linear";ed="In";};["UpperTorso"]={cf=cfr(0,0,-.015,1,0,0,0,.831,.556,0,-.556,.831);es="Linear";ed="In";};["LeftLowerLeg"]={cf=cfr(0,0,0,1,0,0,0,.559,.829,0,-.829,.559);es="Linear";ed="In";};["RightLowerLeg"]={cf=cfr(0,0,0,1,0,0,0,.559,.829,0,-.829,.559);es="Linear";ed="In";};["LowerTorso"]={cf=cfr(0,-2.035,-.01,1,0,0,0,.746,-.666,0,.666,.746);es="Linear";ed="In";};};}