local cfr = CFrame.new

return {{tm=0;["Head"]={cf=cfr(0,0,0,.984,.174,-.03,-.176,.98,-.088,.014,.092,.996);es="Sine";ed="Out";};["LeftUpperArm"]={cf=cfr(0,0,0,.996,-.087,0,.086,.981,-.174,.015,.173,.985);es="Sine";ed="Out";};["RightUpperArm"]={cf=cfr(0,0,0,.996,.087,0,-.086,.981,-.174,-.015,.173,.985);es="Sine";ed="Out";};["LeftUpperLeg"]={cf=cfr(.036,.119,.076,.907,.248,.34,-.007,.816,-.578,-.421,.522,.742);es="Sine";ed="Out";};["RightUpperLeg"]={cf=cfr(-.036,.119,.076,.907,-.248,-.34,.007,.816,-.578,.421,.522,.742);es="Sine";ed="Out";};["UpperTorso"]={cf=cfr(0,0,0,1,0,0,0,.94,.342,0,-.342,.94);es="Sine";ed="Out";};["LeftFoot"]={cf=cfr(0,0,0,1,0,0,0,1,0,0,0,1);es="Linear";ed="Out";};["RightHand"]={cf=cfr(0,0,0,1,0,0,0,1,0,0,0,1);es="Linear";ed="Out";};["LeftHand"]={cf=cfr(0,0,0,1,0,0,0,1,0,0,0,1);es="Linear";ed="Out";};["LeftLowerArm"]={cf=cfr(0,0,0,1,0,0,0,1,0,0,0,1);es="Linear";ed="Out";};["RightFoot"]={cf=cfr(0,0,0,1,0,0,0,1,0,0,0,1);es="Linear";ed="Out";};["RightLowerLeg"]={cf=cfr(0,0,0,1,0,0,0,.819,.574,0,-.574,.819);es="Sine";ed="Out";};["LeftLowerLeg"]={cf=cfr(0,0,0,1,0,0,0,.819,.574,0,-.574,.819);es="Sine";ed="Out";};["LowerTorso"]={cf=cfr(0,-.365,0,1,0,0,0,1,0,0,0,1);es="Sine";ed="Out";};["RightLowerArm"]={cf=cfr(0,0,0,1,0,0,0,.94,-.342,0,.342,.94);es="Sine";ed="Out";};};{tm=.017;["RightUpperArm"]={cf=cfr(0,.002,.001,.996,.087,-.001,-.086,.979,-.186,-.015,.186,.982);es="Linear";ed="In";};["LeftUpperArm"]={cf=cfr(0,.002,.001,.996,-.087,.001,.086,.979,-.186,.015,.186,.982);es="Linear";ed="In";};["Head"]={cf=cfr(0,-.002,0,.985,.173,-.028,-.174,.982,-.079,.014,.082,.996);es="Linear";ed="In";};["UpperTorso"]={cf=cfr(0,-.002,.001,1,0,0,0,.935,.354,0,-.354,.935);es="Linear";ed="In";};["RightUpperLeg"]={cf=cfr(-.036,.119,.076,.907,-.248,-.34,.007,.816,-.578,.421,.522,.742);es="Linear";ed="In";};["LeftUpperLeg"]={cf=cfr(.036,.119,.076,.907,.248,.34,-.007,.816,-.578,-.421,.522,.742);es="Linear";ed="In";};["RightLowerLeg"]={cf=cfr(0,0,0,1,0,0,0,.819,.574,0,-.574,.819);es="Linear";ed="In";};["LeftLowerLeg"]={cf=cfr(0,0,0,1,0,0,0,.819,.574,0,-.574,.819);es="Linear";ed="In";};["LowerTorso"]={cf=cfr(0,-.365,0,1,0,0,0,1,.003,0,-.003,1);es="Linear";ed="In";};["RightLowerArm"]={cf=cfr(0,0,0,1,0,0,0,.94,-.342,0,.342,.94);es="Linear";ed="In";};};{tm=.033;["RightUpperArm"]={cf=cfr(0,.003,.001,.996,.087,-.002,-.086,.976,-.199,-.015,.198,.98);es="Linear";ed="In";};["LeftUpperArm"]={cf=cfr(0,.003,.001,.996,-.087,.002,.086,.976,-.199,.015,.198,.98);es="Linear";ed="In";};["Head"]={cf=cfr(-.001,-.004,0,.985,.171,-.026,-.173,.983,-.07,.014,.073,.997);es="Linear";ed="In";};["UpperTorso"]={cf=cfr(0,-.005,.002,1,0,0,0,.93,.367,0,-.367,.93);es="Linear";ed="In";};["RightUpperLeg"]={cf=cfr(-.036,.119,.076,.907,-.248,-.34,.007,.816,-.578,.421,.522,.742);es="Linear";ed="In";};["LeftUpperLeg"]={cf=cfr(.036,.119,.076,.907,.248,.34,-.007,.816,-.578,-.421,.522,.742);es="Linear";ed="In";};["RightLowerLeg"]={cf=cfr(0,0,0,1,0,0,0,.819,.574,0,-.574,.819);es="Linear";ed="In";};["LeftLowerLeg"]={cf=cfr(0,0,0,1,0,0,0,.819,.574,0,-.574,.819);es="Linear";ed="In";};["LowerTorso"]={cf=cfr(0,-.365,0,1,0,0,0,1,.005,0,-.005,1);es="Linear";ed="In";};["RightLowerArm"]={cf=cfr(0,0,0,1,0,0,0,.94,-.342,0,.342,.94);es="Linear";ed="In";};};{tm=.05;["RightUpperArm"]={cf=cfr(0,.005,.002,.996,.087,-.003,-.086,.974,-.212,-.015,.211,.977);es="Linear";ed="In";};["LeftUpperArm"]={cf=cfr(0,.005,.002,.996,-.087,.003,.086,.974,-.212,.015,.211,.977);es="Linear";ed="In";};["Head"]={cf=cfr(-.001,-.005,0,.985,.17,-.024,-.171,.983,-.061,.014,.064,.998);es="Linear";ed="In";};["UpperTorso"]={cf=cfr(0,-.007,.004,1,0,0,0,.925,.379,0,-.379,.925);es="Linear";ed="In";};["RightUpperLeg"]={cf=cfr(-.036,.119,.076,.907,-.248,-.34,.007,.816,-.578,.421,.522,.742);es="Linear";ed="In";};["LeftUpperLeg"]={cf=cfr(.036,.119,.076,.907,.248,.34,-.007,.816,-.578,-.421,.522,.742);es="Linear";ed="In";};["RightLowerLeg"]={cf=cfr(0,0,0,1,0,0,0,.819,.574,0,-.574,.819);es="Linear";ed="In";};["LeftLowerLeg"]={cf=cfr(0,0,0,1,0,0,0,.819,.574,0,-.574,.819);es="Linear";ed="In";};["LowerTorso"]={cf=cfr(0,-.365,0,1,0,0,0,1,.008,0,-.008,1);es="Linear";ed="In";};["RightLowerArm"]={cf=cfr(0,0,0,1,0,0,0,.94,-.342,0,.342,.94);es="Linear";ed="In";};};{tm=.067;["RightUpperArm"]={cf=cfr(.001,.006,.003,.996,.087,-.005,-.086,.971,-.224,-.015,.224,.975);es="Linear";ed="In";};["LeftUpperArm"]={cf=cfr(-.001,.006,.003,.996,-.087,.005,.086,.971,-.224,.015,.224,.975);es="Linear";ed="In";};["Head"]={cf=cfr(-.001,-.007,.001,.986,.168,-.022,-.169,.984,-.052,.013,.055,.998);es="Linear";ed="In";};["UpperTorso"]={cf=cfr(0,-.008,.005,1,0,0,0,.92,.391,0,-.391,.92);es="Linear";ed="In";};["RightUpperLeg"]={cf=cfr(-.036,.119,.076,.907,-.248,-.34,.007,.816,-.578,.421,.522,.742);es="Linear";ed="In";};["LeftUpperLeg"]={cf=cfr(.036,.119,.076,.907,.248,.34,-.007,.816,-.578,-.421,.522,.742);es="Linear";ed="In";};["RightLowerLeg"]={cf=cfr(0,0,0,1,0,0,0,.819,.574,0,-.574,.819);es="Linear";ed="In";};["LeftLowerLeg"]={cf=cfr(0,0,0,1,0,0,0,.819,.574,0,-.574,.819);es="Linear";ed="In";};["LowerTorso"]={cf=cfr(0,-.365,0,1,0,0,0,1,.011,0,-.011,1);es="Linear";ed="In";};["RightLowerArm"]={cf=cfr(0,0,0,1,0,0,0,.94,-.342,0,.342,.94);es="Linear";ed="In";};};{tm=.083;["RightUpperArm"]={cf=cfr(.001,.008,.003,.996,.087,-.006,-.086,.968,-.237,-.015,.236,.972);es="Linear";ed="In";};["LeftUpperArm"]={cf=cfr(-.001,.008,.003,.996,-.087,.006,.086,.968,-.237,.015,.236,.972);es="Linear";ed="In";};["Head"]={cf=cfr(-.002,-.008,.001,.986,.166,-.02,-.167,.985,-.043,.013,.046,.999);es="Linear";ed="In";};["UpperTorso"]={cf=cfr(0,-.01,.006,1,0,0,0,.915,.403,0,-.403,.915);es="Linear";ed="In";};["RightUpperLeg"]={cf=cfr(-.036,.119,.076,.907,-.248,-.34,.007,.816,-.578,.421,.522,.742);es="Linear";ed="In";};["LeftUpperLeg"]={cf=cfr(.036,.119,.076,.907,.248,.34,-.007,.816,-.578,-.421,.522,.742);es="Linear";ed="In";};["RightLowerLeg"]={cf=cfr(0,0,0,1,0,0,0,.819,.574,0,-.574,.819);es="Linear";ed="In";};["LeftLowerLeg"]={cf=cfr(0,0,0,1,0,0,0,.819,.574,0,-.574,.819);es="Linear";ed="In";};["LowerTorso"]={cf=cfr(0,-.365,0,1,0,0,0,1,.013,0,-.013,1);es="Linear";ed="In";};["RightLowerArm"]={cf=cfr(0,0,0,1,0,0,0,.94,-.342,0,.342,.94);es="Linear";ed="In";};};{tm=.1;["RightUpperArm"]={cf=cfr(.001,.009,.004,.996,.087,-.007,-.086,.965,-.249,-.015,.249,.968);es="Linear";ed="In";};["LeftUpperArm"]={cf=cfr(-.001,.009,.004,.996,-.087,.007,.086,.965,-.249,.015,.249,.968);es="Linear";ed="In";};["Head"]={cf=cfr(-.002,-.01,.001,.986,.165,-.019,-.165,.986,-.034,.013,.036,.999);es="Linear";ed="In";};["UpperTorso"]={cf=cfr(0,-.012,.007,1,0,0,0,.91,.415,0,-.415,.91);es="Linear";ed="In";};["RightUpperLeg"]={cf=cfr(-.036,.119,.076,.907,-.248,-.34,.007,.816,-.578,.421,.522,.742);es="Linear";ed="In";};["LeftUpperLeg"]={cf=cfr(.036,.119,.076,.907,.248,.34,-.007,.816,-.578,-.421,.522,.742);es="Linear";ed="In";};["RightLowerLeg"]={cf=cfr(0,0,0,1,0,0,0,.819,.574,0,-.574,.819);es="Linear";ed="In";};["LeftLowerLeg"]={cf=cfr(0,0,0,1,0,0,0,.819,.574,0,-.574,.819);es="Linear";ed="In";};["LowerTorso"]={cf=cfr(0,-.365,0,1,0,0,0,1,.016,0,-.016,1);es="Linear";ed="In";};["RightLowerArm"]={cf=cfr(0,0,0,1,0,0,0,.94,-.342,0,.342,.94);es="Linear";ed="In";};};{tm=.117;["RightUpperArm"]={cf=cfr(.001,.01,.004,.996,.087,-.008,-.086,.961,-.262,-.015,.261,.965);es="Linear";ed="In";};["LeftUpperArm"]={cf=cfr(-.001,.01,.004,.996,-.087,.008,.086,.961,-.262,.015,.261,.965);es="Linear";ed="In";};["Head"]={cf=cfr(-.002,-.011,.001,.986,.163,-.017,-.164,.986,-.025,.012,.027,1);es="Linear";ed="In";};["UpperTorso"]={cf=cfr(0,-.013,.008,1,0,0,0,.904,.427,0,-.427,.904);es="Linear";ed="In";};["RightUpperLeg"]={cf=cfr(-.036,.119,.076,.907,-.248,-.34,.007,.816,-.578,.421,.522,.742);es="Linear";ed="In";};["LeftUpperLeg"]={cf=cfr(.036,.119,.076,.907,.248,.34,-.007,.816,-.578,-.421,.522,.742);es="Linear";ed="In";};["RightLowerLeg"]={cf=cfr(0,0,0,1,0,0,0,.819,.574,0,-.574,.819);es="Linear";ed="In";};["LeftLowerLeg"]={cf=cfr(0,0,0,1,0,0,0,.819,.574,0,-.574,.819);es="Linear";ed="In";};["LowerTorso"]={cf=cfr(0,-.365,0,1,0,0,0,1,.018,0,-.018,1);es="Linear";ed="In";};["RightLowerArm"]={cf=cfr(0,0,0,1,0,0,0,.94,-.342,0,.342,.94);es="Linear";ed="In";};};{tm=.133;["RightUpperArm"]={cf=cfr(.001,.011,.005,.996,.087,-.009,-.086,.958,-.274,-.015,.274,.962);es="Linear";ed="In";};["LeftUpperArm"]={cf=cfr(-.001,.011,.005,.996,-.087,.009,.086,.958,-.274,.015,.274,.962);es="Linear";ed="In";};["Head"]={cf=cfr(-.002,-.012,.001,.987,.162,-.015,-.162,.987,-.016,.012,.018,1);es="Linear";ed="In";};["UpperTorso"]={cf=cfr(0,-.014,.008,1,0,0,0,.899,.438,0,-.438,.899);es="Linear";ed="In";};["RightUpperLeg"]={cf=cfr(-.036,.119,.076,.907,-.248,-.34,.007,.816,-.578,.421,.522,.742);es="Linear";ed="In";};["LeftUpperLeg"]={cf=cfr(.036,.119,.076,.907,.248,.34,-.007,.816,-.578,-.421,.522,.742);es="Linear";ed="In";};["RightLowerLeg"]={cf=cfr(0,0,0,1,0,0,0,.819,.574,0,-.574,.819);es="Linear";ed="In";};["LeftLowerLeg"]={cf=cfr(0,0,0,1,0,0,0,.819,.574,0,-.574,.819);es="Linear";ed="In";};["LowerTorso"]={cf=cfr(0,-.365,0,1,0,0,0,1,.021,0,-.021,1);es="Linear";ed="In";};["RightLowerArm"]={cf=cfr(0,0,0,1,0,0,0,.94,-.342,0,.342,.94);es="Linear";ed="In";};};{tm=.15;["RightUpperArm"]={cf=cfr(.001,.012,.005,.996,.087,-.01,-.086,.954,-.286,-.015,.286,.958);es="Linear";ed="In";};["LeftUpperArm"]={cf=cfr(-.001,.012,.005,.996,-.087,.01,.086,.954,-.286,.015,.286,.958);es="Linear";ed="In";};["Head"]={cf=cfr(-.003,-.013,.001,.987,.16,-.013,-.16,.987,-.007,.012,.009,1);es="Linear";ed="In";};["UpperTorso"]={cf=cfr(0,-.015,.009,1,0,0,0,.893,.45,0,-.45,.893);es="Linear";ed="In";};["RightUpperLeg"]={cf=cfr(-.036,.119,.076,.907,-.248,-.34,.007,.816,-.578,.421,.522,.742);es="Linear";ed="In";};["LeftUpperLeg"]={cf=cfr(.036,.119,.076,.907,.248,.34,-.007,.816,-.578,-.421,.522,.742);es="Linear";ed="In";};["RightLowerLeg"]={cf=cfr(0,0,0,1,0,0,0,.819,.574,0,-.574,.819);es="Linear";ed="In";};["LeftLowerLeg"]={cf=cfr(0,0,0,1,0,0,0,.819,.574,0,-.574,.819);es="Linear";ed="In";};["LowerTorso"]={cf=cfr(0,-.365,0,1,0,0,0,1,.023,0,-.023,1);es="Linear";ed="In";};["RightLowerArm"]={cf=cfr(0,0,0,1,0,0,0,.94,-.342,0,.342,.94);es="Linear";ed="In";};};{tm=.167;["RightUpperArm"]={cf=cfr(.001,.013,.006,.996,.086,-.011,-.086,.951,-.298,-.015,.298,.954);es="Linear";ed="In";};["LeftUpperArm"]={cf=cfr(-.001,.013,.006,.996,-.086,.011,.086,.951,-.298,.015,.298,.954);es="Linear";ed="In";};["Head"]={cf=cfr(-.003,-.014,.001,.987,.158,-.011,-.158,.987,.002,.011,0,1);es="Linear";ed="In";};["UpperTorso"]={cf=cfr(0,-.016,.01,1,0,0,0,.888,.461,0,-.461,.888);es="Linear";ed="In";};["RightUpperLeg"]={cf=cfr(-.036,.119,.076,.907,-.248,-.34,.007,.816,-.578,.421,.522,.742);es="Linear";ed="In";};["LeftUpperLeg"]={cf=cfr(.036,.119,.076,.907,.248,.34,-.007,.816,-.578,-.421,.522,.742);es="Linear";ed="In";};["RightLowerLeg"]={cf=cfr(0,0,0,1,0,0,0,.819,.574,0,-.574,.819);es="Linear";ed="In";};["LeftLowerLeg"]={cf=cfr(0,0,0,1,0,0,0,.819,.574,0,-.574,.819);es="Linear";ed="In";};["LowerTorso"]={cf=cfr(0,-.365,0,1,0,0,0,1,.026,0,-.026,1);es="Linear";ed="In";};["RightLowerArm"]={cf=cfr(0,0,0,1,0,0,0,.94,-.342,0,.342,.94);es="Linear";ed="In";};};{tm=.183;["RightUpperArm"]={cf=cfr(.001,.014,.006,.996,.086,-.012,-.086,.947,-.31,-.015,.31,.951);es="Linear";ed="In";};["LeftUpperArm"]={cf=cfr(-.001,.014,.006,.996,-.086,.012,.086,.947,-.31,.015,.31,.951);es="Linear";ed="In";};["Head"]={cf=cfr(-.003,-.015,.001,.988,.157,-.009,-.157,.988,.011,.011,-.009,1);es="Linear";ed="In";};["UpperTorso"]={cf=cfr(0,-.017,.01,1,0,0,0,.882,.472,0,-.472,.882);es="Linear";ed="In";};["RightUpperLeg"]={cf=cfr(-.036,.119,.076,.907,-.248,-.34,.007,.816,-.578,.421,.522,.742);es="Linear";ed="In";};["LeftUpperLeg"]={cf=cfr(.036,.119,.076,.907,.248,.34,-.007,.816,-.578,-.421,.522,.742);es="Linear";ed="In";};["RightLowerLeg"]={cf=cfr(0,0,0,1,0,0,0,.819,.574,0,-.574,.819);es="Linear";ed="In";};["LeftLowerLeg"]={cf=cfr(0,0,0,1,0,0,0,.819,.574,0,-.574,.819);es="Linear";ed="In";};["LowerTorso"]={cf=cfr(0,-.365,0,1,0,0,0,1,.028,0,-.028,1);es="Linear";ed="In";};["RightLowerArm"]={cf=cfr(0,0,0,1,0,0,0,.94,-.342,0,.342,.94);es="Linear";ed="In";};};{tm=.2;["RightUpperArm"]={cf=cfr(.001,.015,.007,.996,.086,-.013,-.086,.943,-.322,-.015,.322,.947);es="Linear";ed="In";};["LeftUpperArm"]={cf=cfr(-.001,.015,.007,.996,-.086,.013,.086,.943,-.322,.015,.322,.947);es="Linear";ed="In";};["Head"]={cf=cfr(-.003,-.016,.002,.988,.155,-.007,-.155,.988,.02,.01,-.018,1);es="Linear";ed="In";};["UpperTorso"]={cf=cfr(0,-.018,.011,1,0,0,0,.876,.483,0,-.483,.876);es="Linear";ed="In";};["RightUpperLeg"]={cf=cfr(-.036,.119,.076,.907,-.248,-.34,.007,.816,-.578,.421,.522,.742);es="Linear";ed="In";};["LeftUpperLeg"]={cf=cfr(.036,.119,.076,.907,.248,.34,-.007,.816,-.578,-.421,.522,.742);es="Linear";ed="In";};["RightLowerLeg"]={cf=cfr(0,0,0,1,0,0,0,.819,.574,0,-.574,.819);es="Linear";ed="In";};["LeftLowerLeg"]={cf=cfr(0,0,0,1,0,0,0,.819,.574,0,-.574,.819);es="Linear";ed="In";};["LowerTorso"]={cf=cfr(0,-.365,0,1,0,0,0,1,.031,0,-.031,1);es="Linear";ed="In";};["RightLowerArm"]={cf=cfr(0,0,0,1,0,0,0,.94,-.342,0,.342,.94);es="Linear";ed="In";};};{tm=.217;["RightUpperArm"]={cf=cfr(.001,.016,.007,.996,.086,-.014,-.086,.939,-.334,-.015,.334,.943);es="Linear";ed="In";};["LeftUpperArm"]={cf=cfr(-.001,.016,.007,.996,-.086,.014,.086,.939,-.334,.015,.334,.943);es="Linear";ed="In";};["Head"]={cf=cfr(-.003,-.017,.002,.988,.153,-.006,-.153,.988,.028,.01,-.027,1);es="Linear";ed="In";};["UpperTorso"]={cf=cfr(0,-.018,.011,1,0,0,0,.87,.493,0,-.493,.87);es="Linear";ed="In";};["RightUpperLeg"]={cf=cfr(-.036,.119,.076,.907,-.248,-.34,.007,.816,-.578,.421,.522,.742);es="Linear";ed="In";};["LeftUpperLeg"]={cf=cfr(.036,.119,.076,.907,.248,.34,-.007,.816,-.578,-.421,.522,.742);es="Linear";ed="In";};["RightLowerLeg"]={cf=cfr(0,0,0,1,0,0,0,.819,.574,0,-.574,.819);es="Linear";ed="In";};["LeftLowerLeg"]={cf=cfr(0,0,0,1,0,0,0,.819,.574,0,-.574,.819);es="Linear";ed="In";};["LowerTorso"]={cf=cfr(0,-.365,0,1,0,0,0,.999,.033,0,-.033,.999);es="Linear";ed="In";};["RightLowerArm"]={cf=cfr(0,0,0,1,0,0,0,.94,-.342,0,.342,.94);es="Linear";ed="In";};};{tm=.233;["RightUpperArm"]={cf=cfr(.002,.016,.008,.996,.086,-.016,-.086,.935,-.345,-.015,.345,.938);es="Linear";ed="In";};["LeftUpperArm"]={cf=cfr(-.002,.016,.008,.996,-.086,.016,.086,.935,-.345,.015,.345,.938);es="Linear";ed="In";};["Head"]={cf=cfr(-.003,-.018,.002,.988,.152,-.004,-.151,.988,.037,.01,-.036,.999);es="Linear";ed="In";};["UpperTorso"]={cf=cfr(0,-.019,.012,1,0,0,0,.864,.504,0,-.504,.864);es="Linear";ed="In";};["RightUpperLeg"]={cf=cfr(-.036,.119,.076,.907,-.248,-.34,.007,.816,-.578,.421,.522,.742);es="Linear";ed="In";};["LeftUpperLeg"]={cf=cfr(.036,.119,.076,.907,.248,.34,-.007,.816,-.578,-.421,.522,.742);es="Linear";ed="In";};["RightLowerLeg"]={cf=cfr(0,0,0,1,0,0,0,.819,.574,0,-.574,.819);es="Linear";ed="In";};["LeftLowerLeg"]={cf=cfr(0,0,0,1,0,0,0,.819,.574,0,-.574,.819);es="Linear";ed="In";};["LowerTorso"]={cf=cfr(0,-.365,0,1,0,0,0,.999,.036,0,-.036,.999);es="Linear";ed="In";};["RightLowerArm"]={cf=cfr(0,0,0,1,0,0,0,.94,-.342,0,.342,.94);es="Linear";ed="In";};};{tm=.25;["RightUpperArm"]={cf=cfr(.002,.017,.008,.996,.086,-.017,-.086,.93,-.357,-.015,.357,.934);es="Linear";ed="In";};["LeftUpperArm"]={cf=cfr(-.002,.017,.008,.996,-.086,.017,.086,.93,-.357,.015,.357,.934);es="Linear";ed="In";};["Head"]={cf=cfr(-.003,-.019,.002,.989,.15,-.002,-.15,.988,.046,.009,-.045,.999);es="Linear";ed="In";};["UpperTorso"]={cf=cfr(0,-.019,.012,1,0,0,0,.858,.514,0,-.514,.858);es="Linear";ed="In";};["RightUpperLeg"]={cf=cfr(-.036,.119,.076,.907,-.248,-.34,.007,.816,-.578,.421,.522,.742);es="Linear";ed="In";};["LeftUpperLeg"]={cf=cfr(.036,.119,.076,.907,.248,.34,-.007,.816,-.578,-.421,.522,.742);es="Linear";ed="In";};["RightLowerLeg"]={cf=cfr(0,0,0,1,0,0,0,.819,.574,0,-.574,.819);es="Linear";ed="In";};["LeftLowerLeg"]={cf=cfr(0,0,0,1,0,0,0,.819,.574,0,-.574,.819);es="Linear";ed="In";};["LowerTorso"]={cf=cfr(0,-.365,0,1,0,0,0,.999,.038,0,-.038,.999);es="Linear";ed="In";};["RightLowerArm"]={cf=cfr(0,0,0,1,0,0,0,.94,-.342,0,.342,.94);es="Linear";ed="In";};};{tm=.267;["RightUpperArm"]={cf=cfr(.002,.017,.008,.996,.085,-.018,-.086,.926,-.368,-.015,.368,.93);es="Linear";ed="In";};["LeftUpperArm"]={cf=cfr(-.002,.017,.008,.996,-.085,.018,.086,.926,-.368,.015,.368,.93);es="Linear";ed="In";};["Head"]={cf=cfr(-.004,-.019,.002,.989,.148,-.001,-.148,.987,.054,.009,-.054,.999);es="Linear";ed="In";};["UpperTorso"]={cf=cfr(0,-.019,.012,1,0,0,0,.852,.524,0,-.524,.852);es="Linear";ed="In";};["RightUpperLeg"]={cf=cfr(-.036,.119,.076,.907,-.248,-.34,.007,.816,-.578,.421,.522,.742);es="Linear";ed="In";};["LeftUpperLeg"]={cf=cfr(.036,.119,.076,.907,.248,.34,-.007,.816,-.578,-.421,.522,.742);es="Linear";ed="In";};["RightLowerLeg"]={cf=cfr(0,0,0,1,0,0,0,.819,.574,0,-.574,.819);es="Linear";ed="In";};["LeftLowerLeg"]={cf=cfr(0,0,0,1,0,0,0,.819,.574,0,-.574,.819);es="Linear";ed="In";};["LowerTorso"]={cf=cfr(0,-.365,0,1,0,0,0,.999,.041,0,-.041,.999);es="Linear";ed="In";};["RightLowerArm"]={cf=cfr(0,0,0,1,0,0,0,.94,-.342,0,.342,.94);es="Linear";ed="In";};};{tm=.283;["RightUpperArm"]={cf=cfr(.002,.018,.009,.996,.085,-.019,-.086,.921,-.38,-.015,.38,.925);es="Linear";ed="In";};["LeftUpperArm"]={cf=cfr(-.002,.018,.009,.996,-.085,.019,.086,.921,-.38,.015,.38,.925);es="Linear";ed="In";};["Head"]={cf=cfr(-.004,-.02,.002,.989,.146,.001,-.146,.987,.063,.008,-.062,.998);es="Linear";ed="In";};["UpperTorso"]={cf=cfr(0,-.019,.012,1,0,0,0,.845,.534,0,-.534,.845);es="Linear";ed="In";};["RightUpperLeg"]={cf=cfr(-.036,.119,.076,.907,-.248,-.34,.007,.816,-.578,.421,.522,.742);es="Linear";ed="In";};["LeftUpperLeg"]={cf=cfr(.036,.119,.076,.907,.248,.34,-.007,.816,-.578,-.421,.522,.742);es="Linear";ed="In";};["RightLowerLeg"]={cf=cfr(0,0,0,1,0,0,0,.819,.574,0,-.574,.819);es="Linear";ed="In";};["LeftLowerLeg"]={cf=cfr(0,0,0,1,0,0,0,.819,.574,0,-.574,.819);es="Linear";ed="In";};["LowerTorso"]={cf=cfr(0,-.365,0,1,0,0,0,.999,.043,0,-.043,.999);es="Linear";ed="In";};["RightLowerArm"]={cf=cfr(0,0,0,1,0,0,0,.94,-.342,0,.342,.94);es="Linear";ed="In";};};{tm=.3;["RightUpperArm"]={cf=cfr(.002,.018,.009,.996,.085,-.02,-.086,.917,-.391,-.015,.391,.92);es="Linear";ed="In";};["LeftUpperArm"]={cf=cfr(-.002,.018,.009,.996,-.085,.02,.086,.917,-.391,.015,.391,.92);es="Linear";ed="In";};["Head"]={cf=cfr(-.004,-.02,.002,.989,.145,.003,-.145,.987,.071,.008,-.071,.997);es="Linear";ed="In";};["UpperTorso"]={cf=cfr(0,-.019,.012,1,0,0,0,.839,.544,0,-.544,.839);es="Linear";ed="In";};["RightUpperLeg"]={cf=cfr(-.036,.119,.076,.907,-.248,-.34,.007,.816,-.578,.421,.522,.742);es="Linear";ed="In";};["LeftUpperLeg"]={cf=cfr(.036,.119,.076,.907,.248,.34,-.007,.816,-.578,-.421,.522,.742);es="Linear";ed="In";};["RightLowerLeg"]={cf=cfr(0,0,0,1,0,0,0,.819,.574,0,-.574,.819);es="Linear";ed="In";};["LeftLowerLeg"]={cf=cfr(0,0,0,1,0,0,0,.819,.574,0,-.574,.819);es="Linear";ed="In";};["LowerTorso"]={cf=cfr(0,-.365,0,1,0,0,0,.999,.045,0,-.045,.999);es="Linear";ed="In";};["RightLowerArm"]={cf=cfr(0,0,0,1,0,0,0,.94,-.342,0,.342,.94);es="Linear";ed="In";};};{tm=.317;["RightUpperArm"]={cf=cfr(.002,.019,.009,.996,.085,-.021,-.086,.912,-.402,-.015,.402,.916);es="Linear";ed="In";};["LeftUpperArm"]={cf=cfr(-.002,.019,.009,.996,-.085,.021,.086,.912,-.402,.015,.402,.916);es="Linear";ed="In";};["Head"]={cf=cfr(-.004,-.021,.002,.99,.143,.004,-.143,.987,.08,.007,-.08,.997);es="Linear";ed="In";};["UpperTorso"]={cf=cfr(0,-.019,.012,1,0,0,0,.833,.553,0,-.553,.833);es="Linear";ed="In";};["RightUpperLeg"]={cf=cfr(-.036,.119,.076,.907,-.248,-.34,.007,.816,-.578,.421,.522,.742);es="Linear";ed="In";};["LeftUpperLeg"]={cf=cfr(.036,.119,.076,.907,.248,.34,-.007,.816,-.578,-.421,.522,.742);es="Linear";ed="In";};["RightLowerLeg"]={cf=cfr(0,0,0,1,0,0,0,.819,.574,0,-.574,.819);es="Linear";ed="In";};["LeftLowerLeg"]={cf=cfr(0,0,0,1,0,0,0,.819,.574,0,-.574,.819);es="Linear";ed="In";};["LowerTorso"]={cf=cfr(0,-.365,0,1,0,0,0,.999,.047,0,-.047,.999);es="Linear";ed="In";};["RightLowerArm"]={cf=cfr(0,0,0,1,0,0,0,.94,-.342,0,.342,.94);es="Linear";ed="In";};};{tm=.333;["RightUpperArm"]={cf=cfr(.002,.019,.009,.996,.084,-.022,-.086,.907,-.412,-.015,.413,.911);es="Linear";ed="In";};["LeftUpperArm"]={cf=cfr(-.002,.019,.009,.996,-.084,.022,.086,.907,-.412,.015,.413,.911);es="Linear";ed="In";};["Head"]={cf=cfr(-.004,-.021,.003,.99,.141,.006,-.141,.986,.088,.007,-.088,.996);es="Linear";ed="In";};["UpperTorso"]={cf=cfr(0,-.019,.012,1,0,0,0,.827,.562,0,-.562,.827);es="Linear";ed="In";};["RightUpperLeg"]={cf=cfr(-.036,.119,.076,.907,-.248,-.34,.007,.816,-.578,.421,.522,.742);es="Linear";ed="In";};["LeftUpperLeg"]={cf=cfr(.036,.119,.076,.907,.248,.34,-.007,.816,-.578,-.421,.522,.742);es="Linear";ed="In";};["RightLowerLeg"]={cf=cfr(0,0,0,1,0,0,0,.819,.574,0,-.574,.819);es="Linear";ed="In";};["LeftLowerLeg"]={cf=cfr(0,0,0,1,0,0,0,.819,.574,0,-.574,.819);es="Linear";ed="In";};["LowerTorso"]={cf=cfr(0,-.365,0,1,0,0,0,.999,.05,0,-.05,.999);es="Linear";ed="In";};["RightLowerArm"]={cf=cfr(0,0,0,1,0,0,0,.94,-.342,0,.342,.94);es="Linear";ed="In";};};{tm=.35;["RightUpperArm"]={cf=cfr(.002,.019,.01,.996,.084,-.023,-.086,.902,-.423,-.015,.423,.906);es="Linear";ed="In";};["LeftUpperArm"]={cf=cfr(-.002,.019,.01,.996,-.084,.023,.086,.902,-.423,.015,.423,.906);es="Linear";ed="In";};["Head"]={cf=cfr(-.004,-.021,.003,.99,.14,.007,-.14,.985,.096,.006,-.096,.995);es="Linear";ed="In";};["UpperTorso"]={cf=cfr(0,-.018,.012,1,0,0,0,.821,.571,0,-.571,.821);es="Linear";ed="In";};["RightUpperLeg"]={cf=cfr(-.036,.119,.076,.907,-.248,-.34,.007,.816,-.578,.421,.522,.742);es="Linear";ed="In";};["LeftUpperLeg"]={cf=cfr(.036,.119,.076,.907,.248,.34,-.007,.816,-.578,-.421,.522,.742);es="Linear";ed="In";};["RightLowerLeg"]={cf=cfr(0,0,0,1,0,0,0,.819,.574,0,-.574,.819);es="Linear";ed="In";};["LeftLowerLeg"]={cf=cfr(0,0,0,1,0,0,0,.819,.574,0,-.574,.819);es="Linear";ed="In";};["LowerTorso"]={cf=cfr(0,-.365,0,1,0,0,0,.999,.052,0,-.052,.999);es="Linear";ed="In";};["RightLowerArm"]={cf=cfr(0,0,0,1,0,0,0,.94,-.342,0,.342,.94);es="Linear";ed="In";};};{tm=.367;["RightUpperArm"]={cf=cfr(.002,.019,.01,.996,.084,-.024,-.086,.897,-.434,-.015,.434,.901);es="Linear";ed="In";};["LeftUpperArm"]={cf=cfr(-.002,.019,.01,.996,-.084,.024,.086,.897,-.434,.015,.434,.901);es="Linear";ed="In";};["Head"]={cf=cfr(-.004,-.021,.003,.99,.138,.009,-.138,.985,.104,.006,-.105,.994);es="Linear";ed="In";};["UpperTorso"]={cf=cfr(0,-.018,.012,1,0,0,0,.815,.58,0,-.58,.815);es="Linear";ed="In";};["RightUpperLeg"]={cf=cfr(-.036,.119,.076,.907,-.248,-.34,.007,.816,-.578,.421,.522,.742);es="Linear";ed="In";};["LeftUpperLeg"]={cf=cfr(.036,.119,.076,.907,.248,.34,-.007,.816,-.578,-.421,.522,.742);es="Linear";ed="In";};["RightLowerLeg"]={cf=cfr(0,0,0,1,0,0,0,.819,.574,0,-.574,.819);es="Linear";ed="In";};["LeftLowerLeg"]={cf=cfr(0,0,0,1,0,0,0,.819,.574,0,-.574,.819);es="Linear";ed="In";};["LowerTorso"]={cf=cfr(0,-.365,0,1,0,0,0,.999,.054,0,-.054,.999);es="Linear";ed="In";};["RightLowerArm"]={cf=cfr(0,0,0,1,0,0,0,.94,-.342,0,.342,.94);es="Linear";ed="In";};};{tm=.383;["RightUpperArm"]={cf=cfr(.002,.019,.01,.996,.084,-.025,-.086,.892,-.444,-.015,.444,.896);es="Linear";ed="In";};["LeftUpperArm"]={cf=cfr(-.002,.019,.01,.996,-.084,.025,.086,.892,-.444,.015,.444,.896);es="Linear";ed="In";};["Head"]={cf=cfr(-.004,-.022,.003,.991,.136,.01,-.137,.984,.112,.005,-.113,.994);es="Linear";ed="In";};["UpperTorso"]={cf=cfr(0,-.017,.012,1,0,0,0,.809,.588,0,-.588,.809);es="Linear";ed="In";};["RightUpperLeg"]={cf=cfr(-.036,.119,.076,.907,-.248,-.34,.007,.816,-.578,.421,.522,.742);es="Linear";ed="In";};["LeftUpperLeg"]={cf=cfr(.036,.119,.076,.907,.248,.34,-.007,.816,-.578,-.421,.522,.742);es="Linear";ed="In";};["RightLowerLeg"]={cf=cfr(0,0,0,1,0,0,0,.819,.574,0,-.574,.819);es="Linear";ed="In";};["LeftLowerLeg"]={cf=cfr(0,0,0,1,0,0,0,.819,.574,0,-.574,.819);es="Linear";ed="In";};["LowerTorso"]={cf=cfr(0,-.365,0,1,0,0,0,.998,.056,0,-.056,.998);es="Linear";ed="In";};["RightLowerArm"]={cf=cfr(0,0,0,1,0,0,0,.94,-.342,0,.342,.94);es="Linear";ed="In";};};{tm=.4;["RightUpperArm"]={cf=cfr(.002,.019,.01,.996,.083,-.026,-.086,.887,-.454,-.015,.454,.891);es="Linear";ed="In";};["LeftUpperArm"]={cf=cfr(-.002,.019,.01,.996,-.083,.026,.086,.887,-.454,.015,.454,.891);es="Linear";ed="In";};["Head"]={cf=cfr(-.004,-.022,.003,.991,.135,.012,-.135,.983,.12,.005,-.121,.993);es="Linear";ed="In";};["UpperTorso"]={cf=cfr(0,-.017,.011,1,0,0,0,.803,.596,0,-.596,.803);es="Linear";ed="In";};["RightUpperLeg"]={cf=cfr(-.036,.119,.076,.907,-.248,-.34,.007,.816,-.578,.421,.522,.742);es="Linear";ed="In";};["LeftUpperLeg"]={cf=cfr(.036,.119,.076,.907,.248,.34,-.007,.816,-.578,-.421,.522,.742);es="Linear";ed="In";};["RightLowerLeg"]={cf=cfr(0,0,0,1,0,0,0,.819,.574,0,-.574,.819);es="Linear";ed="In";};["LeftLowerLeg"]={cf=cfr(0,0,0,1,0,0,0,.819,.574,0,-.574,.819);es="Linear";ed="In";};["LowerTorso"]={cf=cfr(0,-.365,0,1,0,0,0,.998,.058,0,-.058,.998);es="Linear";ed="In";};["RightLowerArm"]={cf=cfr(0,0,0,1,0,0,0,.94,-.342,0,.342,.94);es="Linear";ed="In";};};{tm=.417;["RightUpperArm"]={cf=cfr(.002,.019,.01,.996,.083,-.027,-.086,.882,-.464,-.015,.464,.885);es="Linear";ed="In";};["LeftUpperArm"]={cf=cfr(-.002,.019,.01,.996,-.083,.027,.086,.882,-.464,.015,.464,.885);es="Linear";ed="In";};["Head"]={cf=cfr(-.004,-.022,.003,.991,.133,.013,-.134,.983,.128,.004,-.129,.992);es="Linear";ed="In";};["UpperTorso"]={cf=cfr(0,-.016,.011,1,0,0,0,.797,.604,0,-.604,.797);es="Linear";ed="In";};["RightUpperLeg"]={cf=cfr(-.036,.119,.076,.907,-.248,-.34,.007,.816,-.578,.421,.522,.742);es="Linear";ed="In";};["LeftUpperLeg"]={cf=cfr(.036,.119,.076,.907,.248,.34,-.007,.816,-.578,-.421,.522,.742);es="Linear";ed="In";};["RightLowerLeg"]={cf=cfr(0,0,0,1,0,0,0,.819,.574,0,-.574,.819);es="Linear";ed="In";};["LeftLowerLeg"]={cf=cfr(0,0,0,1,0,0,0,.819,.574,0,-.574,.819);es="Linear";ed="In";};["LowerTorso"]={cf=cfr(0,-.365,0,1,0,0,0,.998,.06,0,-.06,.998);es="Linear";ed="In";};["RightLowerArm"]={cf=cfr(0,0,0,1,0,0,0,.94,-.342,0,.342,.94);es="Linear";ed="In";};};{tm=.433;["RightUpperArm"]={cf=cfr(.002,.019,.01,.996,.083,-.027,-.086,.877,-.474,-.015,.474,.88);es="Linear";ed="In";};["LeftUpperArm"]={cf=cfr(-.002,.019,.01,.996,-.083,.027,.086,.877,-.474,.015,.474,.88);es="Linear";ed="In";};["Head"]={cf=cfr(-.004,-.022,.003,.991,.131,.015,-.132,.982,.136,.003,-.137,.991);es="Linear";ed="In";};["UpperTorso"]={cf=cfr(0,-.016,.011,1,0,0,0,.791,.611,0,-.611,.791);es="Linear";ed="In";};["RightUpperLeg"]={cf=cfr(-.036,.119,.076,.907,-.248,-.34,.007,.816,-.578,.421,.522,.742);es="Linear";ed="In";};["LeftUpperLeg"]={cf=cfr(.036,.119,.076,.907,.248,.34,-.007,.816,-.578,-.421,.522,.742);es="Linear";ed="In";};["RightLowerLeg"]={cf=cfr(0,0,0,1,0,0,0,.819,.574,0,-.574,.819);es="Linear";ed="In";};["LeftLowerLeg"]={cf=cfr(0,0,0,1,0,0,0,.819,.574,0,-.574,.819);es="Linear";ed="In";};["LowerTorso"]={cf=cfr(0,-.365,0,1,0,0,0,.998,.062,0,-.062,.998);es="Linear";ed="In";};["RightLowerArm"]={cf=cfr(0,0,0,1,0,0,0,.94,-.342,0,.342,.94);es="Linear";ed="In";};};{tm=.45;["RightUpperArm"]={cf=cfr(.002,.019,.01,.996,.082,-.028,-.086,.871,-.483,-.015,.484,.875);es="Linear";ed="In";};["LeftUpperArm"]={cf=cfr(-.002,.019,.01,.996,-.082,.028,.086,.871,-.483,.015,.484,.875);es="Linear";ed="In";};["Head"]={cf=cfr(-.004,-.021,.003,.991,.13,.016,-.131,.981,.144,.003,-.145,.989);es="Linear";ed="In";};["UpperTorso"]={cf=cfr(0,-.015,.01,1,0,0,0,.786,.618,0,-.618,.786);es="Linear";ed="In";};["RightUpperLeg"]={cf=cfr(-.036,.119,.076,.907,-.248,-.34,.007,.816,-.578,.421,.522,.742);es="Linear";ed="In";};["LeftUpperLeg"]={cf=cfr(.036,.119,.076,.907,.248,.34,-.007,.816,-.578,-.421,.522,.742);es="Linear";ed="In";};["RightLowerLeg"]={cf=cfr(0,0,0,1,0,0,0,.819,.574,0,-.574,.819);es="Linear";ed="In";};["LeftLowerLeg"]={cf=cfr(0,0,0,1,0,0,0,.819,.574,0,-.574,.819);es="Linear";ed="In";};["LowerTorso"]={cf=cfr(0,-.365,0,1,0,0,0,.998,.064,0,-.064,.998);es="Linear";ed="In";};["RightLowerArm"]={cf=cfr(0,0,0,1,0,0,0,.94,-.342,0,.342,.94);es="Linear";ed="In";};};{tm=.467;["RightUpperArm"]={cf=cfr(.002,.019,.01,.996,.082,-.029,-.086,.866,-.493,-.015,.493,.87);es="Linear";ed="In";};["LeftUpperArm"]={cf=cfr(-.002,.019,.01,.996,-.082,.029,.086,.866,-.493,.015,.493,.87);es="Linear";ed="In";};["Head"]={cf=cfr(-.004,-.021,.003,.992,.128,.017,-.129,.98,.151,.002,-.152,.988);es="Linear";ed="In";};["UpperTorso"]={cf=cfr(0,-.014,.01,1,0,0,0,.78,.625,0,-.625,.78);es="Linear";ed="In";};["RightUpperLeg"]={cf=cfr(-.036,.119,.076,.907,-.248,-.34,.007,.816,-.578,.421,.522,.742);es="Linear";ed="In";};["LeftUpperLeg"]={cf=cfr(.036,.119,.076,.907,.248,.34,-.007,.816,-.578,-.421,.522,.742);es="Linear";ed="In";};["RightLowerLeg"]={cf=cfr(0,0,0,1,0,0,0,.819,.574,0,-.574,.819);es="Linear";ed="In";};["LeftLowerLeg"]={cf=cfr(0,0,0,1,0,0,0,.819,.574,0,-.574,.819);es="Linear";ed="In";};["LowerTorso"]={cf=cfr(0,-.365,0,1,0,0,0,.998,.065,0,-.065,.998);es="Linear";ed="In";};["RightLowerArm"]={cf=cfr(0,0,0,1,0,0,0,.94,-.342,0,.342,.94);es="Linear";ed="In";};};{tm=.483;["RightUpperArm"]={cf=cfr(.002,.019,.01,.996,.082,-.03,-.086,.861,-.502,-.015,.503,.864);es="Linear";ed="In";};["LeftUpperArm"]={cf=cfr(-.002,.019,.01,.996,-.082,.03,.086,.861,-.502,.015,.503,.864);es="Linear";ed="In";};["Head"]={cf=cfr(-.004,-.021,.003,.992,.126,.019,-.128,.979,.159,.002,-.16,.987);es="Linear";ed="In";};["UpperTorso"]={cf=cfr(0,-.013,.009,1,0,0,0,.775,.632,0,-.632,.775);es="Linear";ed="In";};["RightUpperLeg"]={cf=cfr(-.036,.119,.076,.907,-.248,-.34,.007,.816,-.578,.421,.522,.742);es="Linear";ed="In";};["LeftUpperLeg"]={cf=cfr(.036,.119,.076,.907,.248,.34,-.007,.816,-.578,-.421,.522,.742);es="Linear";ed="In";};["RightLowerLeg"]={cf=cfr(0,0,0,1,0,0,0,.819,.574,0,-.574,.819);es="Linear";ed="In";};["LeftLowerLeg"]={cf=cfr(0,0,0,1,0,0,0,.819,.574,0,-.574,.819);es="Linear";ed="In";};["LowerTorso"]={cf=cfr(0,-.365,0,1,0,0,0,.998,.067,0,-.067,.998);es="Linear";ed="In";};["RightLowerArm"]={cf=cfr(0,0,0,1,0,0,0,.94,-.342,0,.342,.94);es="Linear";ed="In";};};{tm=.5;["RightUpperArm"]={cf=cfr(.002,.018,.01,.996,.081,-.031,-.086,.855,-.511,-.015,.512,.859);es="Linear";ed="In";};["LeftUpperArm"]={cf=cfr(-.002,.018,.01,.996,-.081,.031,.086,.855,-.511,.015,.512,.859);es="Linear";ed="In";};["Head"]={cf=cfr(-.004,-.021,.003,.992,.125,.02,-.126,.978,.166,.001,-.167,.986);es="Linear";ed="In";};["UpperTorso"]={cf=cfr(0,-.013,.009,1,0,0,0,.77,.638,0,-.638,.77);es="Linear";ed="In";};["RightUpperLeg"]={cf=cfr(-.036,.119,.076,.907,-.248,-.34,.007,.816,-.578,.421,.522,.742);es="Linear";ed="In";};["LeftUpperLeg"]={cf=cfr(.036,.119,.076,.907,.248,.34,-.007,.816,-.578,-.421,.522,.742);es="Linear";ed="In";};["RightLowerLeg"]={cf=cfr(0,0,0,1,0,0,0,.819,.574,0,-.574,.819);es="Linear";ed="In";};["LeftLowerLeg"]={cf=cfr(0,0,0,1,0,0,0,.819,.574,0,-.574,.819);es="Linear";ed="In";};["LowerTorso"]={cf=cfr(0,-.365,0,1,0,0,0,.998,.069,0,-.069,.998);es="Linear";ed="In";};["RightLowerArm"]={cf=cfr(0,0,0,1,0,0,0,.94,-.342,0,.342,.94);es="Linear";ed="In";};};{tm=.517;["RightUpperArm"]={cf=cfr(.002,.018,.01,.996,.081,-.032,-.086,.85,-.52,-.015,.52,.854);es="Linear";ed="In";};["LeftUpperArm"]={cf=cfr(-.002,.018,.01,.996,-.081,.032,.086,.85,-.52,.015,.52,.854);es="Linear";ed="In";};["Head"]={cf=cfr(-.004,-.02,.003,.992,.123,.021,-.125,.977,.173,.001,-.174,.985);es="Linear";ed="In";};["UpperTorso"]={cf=cfr(0,-.012,.008,1,0,0,0,.765,.645,0,-.645,.765);es="Linear";ed="In";};["RightUpperLeg"]={cf=cfr(-.036,.119,.076,.907,-.248,-.34,.007,.816,-.578,.421,.522,.742);es="Linear";ed="In";};["LeftUpperLeg"]={cf=cfr(.036,.119,.076,.907,.248,.34,-.007,.816,-.578,-.421,.522,.742);es="Linear";ed="In";};["RightLowerLeg"]={cf=cfr(0,0,0,1,0,0,0,.819,.574,0,-.574,.819);es="Linear";ed="In";};["LeftLowerLeg"]={cf=cfr(0,0,0,1,0,0,0,.819,.574,0,-.574,.819);es="Linear";ed="In";};["LowerTorso"]={cf=cfr(0,-.365,0,1,0,0,0,.998,.07,0,-.07,.998);es="Linear";ed="In";};["RightLowerArm"]={cf=cfr(0,0,0,1,0,0,0,.94,-.342,0,.342,.94);es="Linear";ed="In";};};{tm=.533;["RightUpperArm"]={cf=cfr(.002,.018,.01,.996,.081,-.033,-.086,.845,-.528,-.015,.529,.848);es="Linear";ed="In";};["LeftUpperArm"]={cf=cfr(-.002,.018,.01,.996,-.081,.033,.086,.845,-.528,.015,.529,.848);es="Linear";ed="In";};["Head"]={cf=cfr(-.004,-.02,.003,.992,.122,.022,-.124,.976,.18,0,-.182,.983);es="Linear";ed="In";};["UpperTorso"]={cf=cfr(0,-.011,.008,1,0,0,0,.76,.65,0,-.65,.76);es="Linear";ed="In";};["RightUpperLeg"]={cf=cfr(-.036,.119,.076,.907,-.248,-.34,.007,.816,-.578,.421,.522,.742);es="Linear";ed="In";};["LeftUpperLeg"]={cf=cfr(.036,.119,.076,.907,.248,.34,-.007,.816,-.578,-.421,.522,.742);es="Linear";ed="In";};["RightLowerLeg"]={cf=cfr(0,0,0,1,0,0,0,.819,.574,0,-.574,.819);es="Linear";ed="In";};["LeftLowerLeg"]={cf=cfr(0,0,0,1,0,0,0,.819,.574,0,-.574,.819);es="Linear";ed="In";};["LowerTorso"]={cf=cfr(0,-.365,0,1,0,0,0,.997,.072,0,-.072,.997);es="Linear";ed="In";};["RightLowerArm"]={cf=cfr(0,0,0,1,0,0,0,.94,-.342,0,.342,.94);es="Linear";ed="In";};};{tm=.55;["RightUpperArm"]={cf=cfr(.002,.017,.01,.996,.08,-.033,-.086,.839,-.537,-.015,.538,.843);es="Linear";ed="In";};["LeftUpperArm"]={cf=cfr(-.002,.017,.01,.996,-.08,.033,.086,.839,-.537,.015,.538,.843);es="Linear";ed="In";};["Head"]={cf=cfr(-.003,-.02,.003,.992,.12,.024,-.122,.975,.187,0,-.189,.982);es="Linear";ed="In";};["UpperTorso"]={cf=cfr(0,-.01,.007,1,0,0,0,.755,.656,0,-.656,.755);es="Linear";ed="In";};["RightUpperLeg"]={cf=cfr(-.036,.119,.076,.907,-.248,-.34,.007,.816,-.578,.421,.522,.742);es="Linear";ed="In";};["LeftUpperLeg"]={cf=cfr(.036,.119,.076,.907,.248,.34,-.007,.816,-.578,-.421,.522,.742);es="Linear";ed="In";};["RightLowerLeg"]={cf=cfr(0,0,0,1,0,0,0,.819,.574,0,-.574,.819);es="Linear";ed="In";};["LeftLowerLeg"]={cf=cfr(0,0,0,1,0,0,0,.819,.574,0,-.574,.819);es="Linear";ed="In";};["LowerTorso"]={cf=cfr(0,-.365,0,1,0,0,0,.997,.073,0,-.073,.997);es="Linear";ed="In";};["RightLowerArm"]={cf=cfr(0,0,0,1,0,0,0,.94,-.342,0,.342,.94);es="Linear";ed="In";};};{tm=.567;["RightUpperArm"]={cf=cfr(.002,.017,.01,.996,.08,-.034,-.086,.834,-.545,-.015,.546,.838);es="Linear";ed="In";};["LeftUpperArm"]={cf=cfr(-.002,.017,.01,.996,-.08,.034,.086,.834,-.545,.015,.546,.838);es="Linear";ed="In";};["Head"]={cf=cfr(-.003,-.019,.003,.993,.119,.025,-.121,.974,.194,-.001,-.195,.981);es="Linear";ed="In";};["UpperTorso"]={cf=cfr(0,-.009,.007,1,0,0,0,.75,.661,0,-.661,.75);es="Linear";ed="In";};["RightUpperLeg"]={cf=cfr(-.036,.119,.076,.907,-.248,-.34,.007,.816,-.578,.421,.522,.742);es="Linear";ed="In";};["LeftUpperLeg"]={cf=cfr(.036,.119,.076,.907,.248,.34,-.007,.816,-.578,-.421,.522,.742);es="Linear";ed="In";};["RightLowerLeg"]={cf=cfr(0,0,0,1,0,0,0,.819,.574,0,-.574,.819);es="Linear";ed="In";};["LeftLowerLeg"]={cf=cfr(0,0,0,1,0,0,0,.819,.574,0,-.574,.819);es="Linear";ed="In";};["LowerTorso"]={cf=cfr(0,-.365,0,1,0,0,0,.997,.075,0,-.075,.997);es="Linear";ed="In";};["RightLowerArm"]={cf=cfr(0,0,0,1,0,0,0,.94,-.342,0,.342,.94);es="Linear";ed="In";};};{tm=.583;["RightUpperArm"]={cf=cfr(.002,.017,.009,.996,.08,-.035,-.086,.829,-.553,-.015,.554,.832);es="Linear";ed="In";};["LeftUpperArm"]={cf=cfr(-.002,.017,.009,.996,-.08,.035,.086,.829,-.553,.015,.554,.832);es="Linear";ed="In";};["Head"]={cf=cfr(-.003,-.019,.003,.993,.117,.026,-.12,.972,.201,-.002,-.202,.979);es="Linear";ed="In";};["UpperTorso"]={cf=cfr(0,-.008,.006,1,0,0,0,.746,.666,0,-.666,.746);es="Linear";ed="In";};["RightUpperLeg"]={cf=cfr(-.036,.119,.076,.907,-.248,-.34,.007,.816,-.578,.421,.522,.742);es="Linear";ed="In";};["LeftUpperLeg"]={cf=cfr(.036,.119,.076,.907,.248,.34,-.007,.816,-.578,-.421,.522,.742);es="Linear";ed="In";};["RightLowerLeg"]={cf=cfr(0,0,0,1,0,0,0,.819,.574,0,-.574,.819);es="Linear";ed="In";};["LeftLowerLeg"]={cf=cfr(0,0,0,1,0,0,0,.819,.574,0,-.574,.819);es="Linear";ed="In";};["LowerTorso"]={cf=cfr(0,-.365,0,1,0,0,0,.997,.076,0,-.076,.997);es="Linear";ed="In";};["RightLowerArm"]={cf=cfr(0,0,0,1,0,0,0,.94,-.342,0,.342,.94);es="Linear";ed="In";};};{tm=.6;["RightUpperArm"]={cf=cfr(.002,.016,.009,.996,.079,-.036,-.086,.823,-.561,-.015,.562,.827);es="Linear";ed="In";};["LeftUpperArm"]={cf=cfr(-.002,.016,.009,.996,-.079,.036,.086,.823,-.561,.015,.562,.827);es="Linear";ed="In";};["Head"]={cf=cfr(-.003,-.018,.003,.993,.116,.027,-.119,.971,.207,-.002,-.209,.978);es="Linear";ed="In";};["UpperTorso"]={cf=cfr(0,-.007,.005,1,0,0,0,.742,.671,0,-.671,.742);es="Linear";ed="In";};["RightUpperLeg"]={cf=cfr(-.036,.119,.076,.907,-.248,-.34,.007,.816,-.578,.421,.522,.742);es="Linear";ed="In";};["LeftUpperLeg"]={cf=cfr(.036,.119,.076,.907,.248,.34,-.007,.816,-.578,-.421,.522,.742);es="Linear";ed="In";};["RightLowerLeg"]={cf=cfr(0,0,0,1,0,0,0,.819,.574,0,-.574,.819);es="Linear";ed="In";};["LeftLowerLeg"]={cf=cfr(0,0,0,1,0,0,0,.819,.574,0,-.574,.819);es="Linear";ed="In";};["LowerTorso"]={cf=cfr(0,-.365,0,1,0,0,0,.997,.077,0,-.077,.997);es="Linear";ed="In";};["RightLowerArm"]={cf=cfr(0,0,0,1,0,0,0,.94,-.342,0,.342,.94);es="Linear";ed="In";};};{tm=.617;["RightUpperArm"]={cf=cfr(.001,.016,.009,.996,.079,-.036,-.086,.818,-.568,-.015,.569,.822);es="Linear";ed="In";};["LeftUpperArm"]={cf=cfr(-.001,.016,.009,.996,-.079,.036,.086,.818,-.568,.015,.569,.822);es="Linear";ed="In";};["Head"]={cf=cfr(-.003,-.018,.003,.993,.114,.028,-.117,.97,.213,-.003,-.215,.977);es="Linear";ed="In";};["UpperTorso"]={cf=cfr(0,-.007,.005,1,0,0,0,.738,.675,0,-.675,.738);es="Linear";ed="In";};["RightUpperLeg"]={cf=cfr(-.036,.119,.076,.907,-.248,-.34,.007,.816,-.578,.421,.522,.742);es="Linear";ed="In";};["LeftUpperLeg"]={cf=cfr(.036,.119,.076,.907,.248,.34,-.007,.816,-.578,-.421,.522,.742);es="Linear";ed="In";};["RightLowerLeg"]={cf=cfr(0,0,0,1,0,0,0,.819,.574,0,-.574,.819);es="Linear";ed="In";};["LeftLowerLeg"]={cf=cfr(0,0,0,1,0,0,0,.819,.574,0,-.574,.819);es="Linear";ed="In";};["LowerTorso"]={cf=cfr(0,-.365,0,1,0,0,0,.997,.078,0,-.078,.997);es="Linear";ed="In";};["RightLowerArm"]={cf=cfr(0,0,0,1,0,0,0,.94,-.342,0,.342,.94);es="Linear";ed="In";};};{tm=.633;["RightUpperArm"]={cf=cfr(.001,.015,.009,.996,.079,-.037,-.086,.813,-.576,-.015,.577,.817);es="Linear";ed="In";};["LeftUpperArm"]={cf=cfr(-.001,.015,.009,.996,-.079,.037,.086,.813,-.576,.015,.577,.817);es="Linear";ed="In";};["Head"]={cf=cfr(-.003,-.017,.003,.993,.113,.029,-.116,.969,.22,-.003,-.222,.975);es="Linear";ed="In";};["UpperTorso"]={cf=cfr(0,-.006,.004,1,0,0,0,.734,.679,0,-.679,.734);es="Linear";ed="In";};["RightUpperLeg"]={cf=cfr(-.036,.119,.076,.907,-.248,-.34,.007,.816,-.578,.421,.522,.742);es="Linear";ed="In";};["LeftUpperLeg"]={cf=cfr(.036,.119,.076,.907,.248,.34,-.007,.816,-.578,-.421,.522,.742);es="Linear";ed="In";};["RightLowerLeg"]={cf=cfr(0,0,0,1,0,0,0,.819,.574,0,-.574,.819);es="Linear";ed="In";};["LeftLowerLeg"]={cf=cfr(0,0,0,1,0,0,0,.819,.574,0,-.574,.819);es="Linear";ed="In";};["LowerTorso"]={cf=cfr(0,-.365,0,1,0,0,0,.997,.079,0,-.079,.997);es="Linear";ed="In";};["RightLowerArm"]={cf=cfr(0,0,0,1,0,0,0,.94,-.342,0,.342,.94);es="Linear";ed="In";};};{tm=.65;["RightUpperArm"]={cf=cfr(.001,.015,.009,.996,.078,-.038,-.086,.808,-.583,-.015,.584,.812);es="Linear";ed="In";};["LeftUpperArm"]={cf=cfr(-.001,.015,.009,.996,-.078,.038,.086,.808,-.583,.015,.584,.812);es="Linear";ed="In";};["Head"]={cf=cfr(-.003,-.017,.003,.993,.111,.03,-.115,.967,.226,-.004,-.228,.974);es="Linear";ed="In";};["UpperTorso"]={cf=cfr(0,-.005,.004,1,0,0,0,.73,.683,0,-.683,.73);es="Linear";ed="In";};["RightUpperLeg"]={cf=cfr(-.036,.119,.076,.907,-.248,-.34,.007,.816,-.578,.421,.522,.742);es="Linear";ed="In";};["LeftUpperLeg"]={cf=cfr(.036,.119,.076,.907,.248,.34,-.007,.816,-.578,-.421,.522,.742);es="Linear";ed="In";};["RightLowerLeg"]={cf=cfr(0,0,0,1,0,0,0,.819,.574,0,-.574,.819);es="Linear";ed="In";};["LeftLowerLeg"]={cf=cfr(0,0,0,1,0,0,0,.819,.574,0,-.574,.819);es="Linear";ed="In";};["LowerTorso"]={cf=cfr(0,-.365,0,1,0,0,0,.997,.081,0,-.081,.997);es="Linear";ed="In";};["RightLowerArm"]={cf=cfr(0,0,0,1,0,0,0,.94,-.342,0,.342,.94);es="Linear";ed="In";};};{tm=.667;["RightUpperArm"]={cf=cfr(.001,.014,.008,.996,.078,-.039,-.086,.803,-.59,-.015,.591,.806);es="Linear";ed="In";};["LeftUpperArm"]={cf=cfr(-.001,.014,.008,.996,-.078,.039,.086,.803,-.59,.015,.591,.806);es="Linear";ed="In";};["Head"]={cf=c