local cfr = CFrame.new

return {{tm=0;["Head"]={cf=cfr(0,0,0,1,0,0,0,1,0,0,0,1);es="Linear";ed="In";};["LeftUpperArm"]={cf=cfr(-.012,-.067,.031,.947,.3,-.119,-.29,.952,.095,.142,-.056,.988);es="Linear";ed="In";};["RightUpperArm"]={cf=cfr(0,0,0,.985,-.174,0,.168,.951,.259,-.045,-.255,.966);es="Linear";ed="In";};["LeftUpperLeg"]={cf=cfr(.1,0,0,.643,.542,.542,0,.707,-.707,-.766,.455,.455);es="Linear";ed="In";};["RightUpperLeg"]={cf=cfr(-.1,0,0,.643,-.542,-.542,0,.707,-.707,.766,.455,.455);es="Linear";ed="In";};["UpperTorso"]={cf=cfr(0,0,0,1,0,0,0,.985,.174,0,-.174,.985);es="Linear";ed="In";};["LeftLowerArm"]={cf=cfr(0,0,0,1,0,0,0,.707,-.707,0,.707,.707);es="Linear";ed="In";};["LeftLowerLeg"]={cf=cfr(0,0,0,1,0,0,0,.766,.643,0,-.643,.766);es="Linear";ed="In";};["RightLowerLeg"]={cf=cfr(0,0,0,1,0,0,0,.766,.643,0,-.643,.766);es="Linear";ed="In";};["LowerTorso"]={cf=cfr(0,-.373,0,1,0,0,0,1,0,0,0,1);es="Linear";ed="In";};["RightLowerArm"]={cf=cfr(0,0,0,1,0,0,0,.574,-.819,0,.819,.574);es="Linear";ed="In";};};{tm=.117;["Head"]={cf=cfr(0,0,0,1,0,0,0,.766,-.643,0,.643,.766);es="Linear";ed="In";};["LeftUpperArm"]={cf=cfr(0,0,0,.866,.321,.383,-.5,.557,.663,0,-.766,.643);es="Linear";ed="In";};["RightUpperArm"]={cf=cfr(0,0,-.235,.985,-.03,.171,.174,.171,-.97,0,.985,.174);es="Linear";ed="In";};["LeftUpperLeg"]={cf=cfr(0,0,0,.984,.154,.09,-.029,.636,-.771,-.176,.756,.631);es="Linear";ed="In";};["RightUpperLeg"]={cf=cfr(-.004,.1,-.037,.979,-.19,.072,.104,.161,-.981,.175,.968,.178);es="Linear";ed="In";};["UpperTorso"]={cf=cfr(0,0,0,1,0,0,0,.174,.985,0,-.985,.174);es="Linear";ed="In";};["LeftLowerArm"]={cf=cfr(0,0,0,1,0,0,0,.342,-.94,0,.94,.342);es="Linear";ed="In";};["LeftLowerLeg"]={cf=cfr(0,0,0,1,0,0,0,-.5,.866,0,-.866,-.5);es="Linear";ed="In";};["RightLowerLeg"]={cf=cfr(0,0,0,1,0,0,0,.174,.985,0,-.985,.174);es="Linear";ed="In";};["LowerTorso"]={cf=cfr(0,-.986,.083,1,0,0,0,1,0,0,0,1);es="Linear";ed="In";};["RightLowerArm"]={cf=cfr(0,0,0,1,0,0,0,.94,-.342,0,.342,.94);es="Linear";ed="In";};};{tm=.2;["Head"]={cf=cfr(0,0,0,1,0,0,0,.342,-.94,0,.94,.342);es="Linear";ed="In";};["LeftUpperArm"]={cf=cfr(0,0,0,.94,.171,.296,-.342,.47,.814,0,-.866,.5);es="Linear";ed="In";};["RightUpperArm"]={cf=cfr(-.02,.114,.423,.985,.045,.168,.174,-.255,-.951,0,.966,-.259);es="Linear";ed="In";};["LeftUpperLeg"]={cf=cfr(0,0,0,.984,.126,.127,-.029,.814,-.58,-.176,.567,.805);es="Linear";ed="In";};["RightUpperLeg"]={cf=cfr(-.004,.1,-.037,.979,-.183,.089,.104,.075,-.992,.175,.98,.093);es="Linear";ed="In";};["UpperTorso"]={cf=cfr(0,0,0,1,0,0,0,0,1,0,-1,0);es="Linear";ed="In";};["LeftLowerArm"]={cf=cfr(0,0,0,1,0,0,0,.5,-.866,0,.866,.5);es="Linear";ed="In";};["LeftLowerLeg"]={cf=cfr(0,0,0,1,0,0,0,-.5,.866,0,-.866,-.5);es="Linear";ed="In";};["RightLowerLeg"]={cf=cfr(0,0,0,1,0,0,0,.174,.985,0,-.985,.174);es="Linear";ed="In";};["LowerTorso"]={cf=cfr(0,-.986,.083,1,0,0,0,.985,.174,0,-.174,.985);es="Linear";ed="In";};["RightLowerArm"]={cf=cfr(0,0,0,1,0,0,0,.966,-.259,0,.259,.966);es="Linear";ed="In";};};}