local cfr = CFrame.new

return {{tm=0;["LeftUpperArm"]={cf=cfr(0,0,0,.944,.001,-.329,-.059,.984,-.166,.324,.177,.93);es="Sine";ed="In";};["Head"]={cf=cfr(0,0,0,.993,.005,.115,.003,.997,-.071,-.115,.071,.991);es="Sine";ed="InOut";};["RightUpperArm"]={cf=cfr(0,0,0,.872,-.029,.488,-.248,.834,.493,-.421,-.551,.72);es="Sine";ed="In";};["LeftUpperLeg"]={cf=cfr(0,0,0,1,.011,-.004,-.007,.853,.521,.009,-.521,.853);es="Sine";ed="In";};["RightUpperLeg"]={cf=cfr(0,0,0,.998,-.031,-.056,.02,.98,-.196,.061,.194,.979);es="Sine";ed="In";};["UpperTorso"]={cf=cfr(0,0,-.015,.996,.001,-.09,.027,.951,.308,.085,-.309,.947);es="Sine";ed="In";};["LeftLowerArm"]={cf=cfr(0,0,0,1,0,0,0,.866,-.5,0,.5,.866);es="Sine";ed="In";};["LeftFoot"]={cf=cfr(0,0,0,1,0,0,0,1,0,0,0,1);es="Sine";ed="InOut";};["LeftLowerLeg"]={cf=cfr(0,0,0,1,.007,-.003,-.004,.775,.632,.007,-.632,.775);es="Sine";ed="In";};["RightLowerArm"]={cf=cfr(0,0,0,1,0,0,0,.643,-.766,0,.766,.643);es="Sine";ed="In";};["LowerTorso"]={cf=cfr(0,-.189,.001,1,0,0,0,.988,-.153,0,.153,.988);es="Sine";ed="In";};["RightFoot"]={cf=cfr(0,0,0,1,0,0,0,1,0,0,0,1);es="Sine";ed="InOut";};["RightLowerLeg"]={cf=cfr(0,0,0,1,-.008,.003,.008,.994,.11,-.004,-.11,.994);es="Sine";ed="In";};["LeftHand"]={cf=cfr(0,0,0,1,0,0,0,1,0,0,0,1);es="Sine";ed="Out";};["RightHand"]={cf=cfr(0,0,0,1,0,0,0,1,0,0,0,1);es="Sine";ed="InOut";};};{tm=.017;["RightUpperArm"]={cf=cfr(0,0,0,.873,-.029,.488,-.247,.835,.492,-.422,-.55,.721);es="Linear";ed="In";};["Head"]={cf=cfr(0,0,0,.993,.005,.114,.003,.997,-.071,-.114,.071,.991);es="Linear";ed="In";};["LeftUpperArm"]={cf=cfr(0,0,0,.944,.001,-.329,-.058,.985,-.164,.324,.174,.93);es="Linear";ed="In";};["UpperTorso"]={cf=cfr(0,0,-.015,.996,.001,-.089,.027,.951,.307,.085,-.309,.947);es="Linear";ed="In";};["RightUpperLeg"]={cf=cfr(0,0,0,.998,-.031,-.056,.02,.981,-.194,.061,.192,.979);es="Linear";ed="In";};["LeftUpperLeg"]={cf=cfr(0,.002,0,1,.011,-.003,-.007,.856,.516,.008,-.516,.856);es="Linear";ed="In";};["LeftLowerArm"]={cf=cfr(0,0,0,1,0,0,0,.865,-.502,0,.502,.865);es="Linear";ed="In";};["LeftFoot"]={cf=cfr(0,0,0,1,0,0,0,1,0,0,0,1);es="Linear";ed="In";};["LeftLowerLeg"]={cf=cfr(0,0,-.001,1,.007,-.003,-.004,.773,.635,.007,-.635,.773);es="Linear";ed="In";};["RightLowerArm"]={cf=cfr(0,0,0,1,0,0,0,.642,-.767,0,.767,.642);es="Linear";ed="In";};["LowerTorso"]={cf=cfr(0,-.188,.001,1,0,0,0,.988,-.153,0,.153,.988);es="Linear";ed="In";};["RightFoot"]={cf=cfr(0,0,0,1,0,0,0,1,0,0,0,1);es="Linear";ed="In";};["RightLowerLeg"]={cf=cfr(0,0,0,1,-.008,.003,.007,.994,.11,-.004,-.11,.994);es="Linear";ed="In";};["LeftHand"]={cf=cfr(0,0,0,1,0,0,0,1,0,0,0,1);es="Linear";ed="In";};["RightHand"]={cf=cfr(0,0,0,1,0,0,0,1,0,0,0,1);es="Linear";ed="In";};};{tm=.033;["RightUpperArm"]={cf=cfr(0,.001,0,.873,-.03,.486,-.244,.837,.49,-.422,-.547,.723);es="Linear";ed="In";};["Head"]={cf=cfr(0,0,0,.994,.005,.113,.003,.997,-.072,-.113,.072,.991);es="Linear";ed="In";};["LeftUpperArm"]={cf=cfr(0,.002,.001,.944,.002,-.331,-.056,.986,-.155,.326,.165,.931);es="Linear";ed="In";};["UpperTorso"]={cf=cfr(0,0,-.015,.996,0,-.088,.027,.952,.306,.084,-.307,.948);es="Linear";ed="In";};["RightUpperLeg"]={cf=cfr(0,.001,0,.998,-.031,-.056,.02,.982,-.188,.06,.186,.981);es="Linear";ed="In";};["LeftUpperLeg"]={cf=cfr(0,.007,-.001,1,.011,-.003,-.008,.865,.501,.008,-.501,.865);es="Linear";ed="In";};["LeftLowerArm"]={cf=cfr(0,.001,.001,1,0,0,0,.86,-.51,0,.51,.86);es="Linear";ed="In";};["LeftFoot"]={cf=cfr(0,0,0,1,0,0,0,1,0,0,0,1);es="Linear";ed="In";};["LeftLowerLeg"]={cf=cfr(0,.002,-.002,1,.007,-.003,-.003,.765,.644,.007,-.644,.765);es="Linear";ed="In";};["RightLowerArm"]={cf=cfr(0,0,0,1,0,0,0,.64,-.768,0,.768,.64);es="Linear";ed="In";};["LowerTorso"]={cf=cfr(0,-.185,.001,1,0,0,0,.988,-.153,0,.153,.988);es="Linear";ed="In";};["RightFoot"]={cf=cfr(0,0,0,1,0,0,0,1,0,0,0,1);es="Linear";ed="In";};["RightLowerLeg"]={cf=cfr(0,0,0,1,-.008,.003,.007,.994,.112,-.004,-.112,.994);es="Linear";ed="In";};["LeftHand"]={cf=cfr(0,0,0,1,0,0,0,1,0,0,0,1);es="Linear";ed="In";};["RightHand"]={cf=cfr(0,0,0,1,0,0,0,1,0,0,0,1);es="Linear";ed="In";};};{tm=.05;["RightUpperArm"]={cf=cfr(0,.002,.001,.874,-.031,.484,-.24,.84,.487,-.422,-.542,.727);es="Linear";ed="In";};["Head"]={cf=cfr(0,0,0,.994,.005,.111,.003,.997,-.073,-.111,.073,.991);es="Linear";ed="In";};["LeftUpperArm"]={cf=cfr(-.001,.004,.002,.943,.003,-.334,-.053,.989,-.141,.329,.15,.932);es="Linear";ed="In";};["UpperTorso"]={cf=cfr(0,0,-.015,.996,0,-.085,.026,.952,.304,.081,-.305,.949);es="Linear";ed="In";};["RightUpperLeg"]={cf=cfr(0,.003,0,.998,-.03,-.055,.02,.984,-.178,.06,.177,.982);es="Linear";ed="In";};["LeftUpperLeg"]={cf=cfr(0,.015,-.003,1,.011,-.002,-.009,.879,.476,.007,-.476,.88);es="Linear";ed="In";};["LeftLowerArm"]={cf=cfr(0,.002,.001,1,0,0,0,.853,-.522,0,.522,.853);es="Linear";ed="In";};["LeftFoot"]={cf=cfr(0,0,0,1,0,0,0,1,0,0,0,1);es="Linear";ed="In";};["LeftLowerLeg"]={cf=cfr(0,.003,-.004,1,.007,-.003,-.003,.753,.658,.007,-.658,.753);es="Linear";ed="In";};["RightLowerArm"]={cf=cfr(0,0,0,1,0,0,0,.636,-.772,0,.772,.636);es="Linear";ed="In";};["LowerTorso"]={cf=cfr(0,-.18,.001,1,0,0,0,.988,-.153,0,.153,.988);es="Linear";ed="In";};["RightFoot"]={cf=cfr(0,0,0,1,0,0,0,1,0,0,0,1);es="Linear";ed="In";};["RightLowerLeg"]={cf=cfr(0,0,0,1,-.008,.003,.007,.994,.113,-.004,-.113,.994);es="Linear";ed="In";};["LeftHand"]={cf=cfr(0,0,0,1,0,0,0,1,0,0,0,1);es="Linear";ed="In";};["RightHand"]={cf=cfr(0,0,0,1,0,0,0,1,0,0,0,1);es="Linear";ed="In";};};{tm=.067;["RightUpperArm"]={cf=cfr(.001,.003,.002,.876,-.032,.481,-.234,.844,.482,-.422,-.535,.732);es="Linear";ed="In";};["Head"]={cf=cfr(0,0,0,.994,.005,.109,.004,.997,-.075,-.109,.075,.991);es="Linear";ed="In";};["LeftUpperArm"]={cf=cfr(-.001,.007,.003,.941,.005,-.337,-.048,.991,-.121,.334,.13,.934);es="Linear";ed="In";};["UpperTorso"]={cf=cfr(0,0,-.014,.997,0,-.082,.025,.953,.301,.078,-.302,.95);es="Linear";ed="In";};["RightUpperLeg"]={cf=cfr(0,.006,0,.998,-.029,-.054,.02,.986,-.164,.058,.163,.985);es="Linear";ed="In";};["LeftUpperLeg"]={cf=cfr(-.001,.025,-.004,1,.011,-.002,-.01,.898,.44,.006,-.44,.898);es="Linear";ed="In";};["LeftLowerArm"]={cf=cfr(0,.003,.002,1,0,0,0,.843,-.539,0,.539,.843);es="Linear";ed="In";};["LeftFoot"]={cf=cfr(0,0,0,1,0,0,0,1,0,0,0,1);es="Linear";ed="In";};["LeftLowerLeg"]={cf=cfr(0,.006,-.007,1,.007,-.003,-.003,.735,.678,.007,-.678,.735);es="Linear";ed="In";};["RightLowerArm"]={cf=cfr(0,.001,.001,1,0,0,0,.631,-.776,0,.776,.631);es="Linear";ed="In";};["LowerTorso"]={cf=cfr(0,-.173,.001,1,0,0,0,.988,-.153,0,.153,.988);es="Linear";ed="In";};["RightFoot"]={cf=cfr(0,0,0,1,0,0,0,1,0,0,0,1);es="Linear";ed="In";};["RightLowerLeg"]={cf=cfr(0,.001,0,1,-.007,.003,.007,.993,.116,-.004,-.116,.993);es="Linear";ed="In";};["LeftHand"]={cf=cfr(0,0,0,1,0,0,0,1,0,0,0,1);es="Linear";ed="In";};["RightHand"]={cf=cfr(0,0,0,1,0,0,0,1,0,0,0,1);es="Linear";ed="In";};};{tm=.083;["RightUpperArm"]={cf=cfr(.001,.005,.003,.878,-.034,.477,-.226,.85,.476,-.421,-.526,.739);es="Linear";ed="In";};["Head"]={cf=cfr(0,0,0,.994,.004,.105,.004,.997,-.077,-.105,.077,.991);es="Linear";ed="In";};["LeftUpperArm"]={cf=cfr(-.002,.01,.004,.94,.007,-.342,-.043,.994,-.096,.339,.105,.935);es="Linear";ed="In";};["UpperTorso"]={cf=cfr(0,-.001,-.014,.997,0,-.078,.023,.955,.297,.074,-.298,.952);es="Linear";ed="In";};["RightUpperLeg"]={cf=cfr(.001,.009,-.001,.998,-.028,-.053,.02,.989,-.147,.056,.145,.988);es="Linear";ed="In";};["LeftUpperLeg"]={cf=cfr(-.001,.037,-.005,1,.012,0,-.011,.919,.394,.005,-.394,.919);es="Linear";ed="In";};["LeftLowerArm"]={cf=cfr(0,.004,.004,1,0,0,0,.829,-.559,0,.559,.829);es="Linear";ed="In";};["LeftFoot"]={cf=cfr(0,0,0,1,0,0,0,1,0,0,0,1);es="Linear";ed="In";};["LeftLowerLeg"]={cf=cfr(0,.009,-.011,1,.007,-.003,-.003,.712,.703,.007,-.703,.712);es="Linear";ed="In";};["RightLowerArm"]={cf=cfr(0,.001,.001,1,0,0,0,.625,-.781,0,.781,.625);es="Linear";ed="In";};["LowerTorso"]={cf=cfr(0,-.164,.001,1,0,0,0,.988,-.153,0,.153,.988);es="Linear";ed="In";};["RightFoot"]={cf=cfr(0,0,0,1,0,0,0,1,0,0,0,1);es="Linear";ed="In";};["RightLowerLeg"]={cf=cfr(0,.001,0,1,-.007,.003,.006,.993,.119,-.004,-.119,.993);es="Linear";ed="In";};["LeftHand"]={cf=cfr(0,0,0,1,0,0,0,1,0,0,0,1);es="Linear";ed="In";};["RightHand"]={cf=cfr(0,0,0,1,0,0,0,1,0,0,0,1);es="Linear";ed="In";};};{tm=.1;["RightUpperArm"]={cf=cfr(.001,.007,.004,.881,-.035,.472,-.217,.856,.469,-.421,-.515,.746);es="Linear";ed="In";};["Head"]={cf=cfr(0,0,0,.995,.004,.101,.004,.997,-.079,-.101,.079,.992);es="Linear";ed="In";};["LeftUpperArm"]={cf=cfr(-.003,.013,.006,.938,.01,-.347,-.035,.997,-.066,.345,.074,.936);es="Linear";ed="In";};["UpperTorso"]={cf=cfr(.001,-.001,-.014,.997,0,-.073,.021,.956,.292,.069,-.293,.954);es="Linear";ed="In";};["RightUpperLeg"]={cf=cfr(.001,.012,-.001,.998,-.027,-.051,.021,.992,-.126,.054,.124,.991);es="Linear";ed="In";};["LeftUpperLeg"]={cf=cfr(-.001,.05,-.007,1,.013,.001,-.012,.941,.337,.004,-.337,.941);es="Linear";ed="In";};["LeftLowerArm"]={cf=cfr(0,.006,.005,1,0,0,0,.812,-.584,0,.584,.812);es="Linear";ed="In";};["LeftFoot"]={cf=cfr(0,0,0,1,0,0,0,1,0,0,0,1);es="Linear";ed="In";};["LeftLowerLeg"]={cf=cfr(0,.011,-.015,1,.006,-.002,-.002,.682,.731,.006,-.731,.682);es="Linear";ed="In";};["RightLowerArm"]={cf=cfr(0,.001,.001,1,0,0,0,.617,-.787,0,.787,.617);es="Linear";ed="In";};["LowerTorso"]={cf=cfr(0,-.153,.001,1,0,0,0,.988,-.153,0,.153,.988);es="Linear";ed="In";};["RightFoot"]={cf=cfr(0,0,0,1,0,0,0,1,0,0,0,1);es="Linear";ed="In";};["RightLowerLeg"]={cf=cfr(0,.001,0,1,-.006,.003,.006,.992,.122,-.003,-.122,.992);es="Linear";ed="In";};["LeftHand"]={cf=cfr(0,0,0,1,0,0,0,1,0,0,0,1);es="Linear";ed="In";};["RightHand"]={cf=cfr(0,0,0,1,0,0,0,1,0,0,0,1);es="Linear";ed="In";};};{tm=.117;["RightUpperArm"]={cf=cfr(.002,.009,.005,.883,-.038,.467,-.206,.864,.46,-.421,-.503,.755);es="Linear";ed="In";};["Head"]={cf=cfr(-.001,0,0,.995,.003,.097,.005,.997,-.082,-.096,.082,.992);es="Linear";ed="In";};["LeftUpperArm"]={cf=cfr(-.004,.017,.007,.936,.014,-.353,-.027,.999,-.031,.352,.038,.935);es="Linear";ed="In";};["UpperTorso"]={cf=cfr(.001,-.001,-.014,.998,0,-.067,.02,.958,.287,.064,-.288,.956);es="Linear";ed="In";};["RightUpperLeg"]={cf=cfr(.001,.015,-.001,.998,-.026,-.05,.021,.995,-.101,.052,.1,.994);es="Linear";ed="In";};["LeftUpperLeg"]={cf=cfr(-.002,.062,-.007,1,.014,.002,-.014,.963,.27,.002,-.27,.963);es="Linear";ed="In";};["LeftLowerArm"]={cf=cfr(0,.007,.006,1,0,0,0,.791,-.612,0,.612,.791);es="Linear";ed="In";};["LeftFoot"]={cf=cfr(0,0,0,1,0,0,0,1,0,0,0,1);es="Linear";ed="In";};["LeftLowerLeg"]={cf=cfr(0,.014,-.019,1,.006,-.002,-.002,.647,.762,.006,-.762,.647);es="Linear";ed="In";};["RightLowerArm"]={cf=cfr(0,.001,.002,1,0,0,0,.608,-.794,0,.794,.608);es="Linear";ed="In";};["LowerTorso"]={cf=cfr(0,-.141,.001,1,0,0,0,.988,-.153,0,.153,.988);es="Linear";ed="In";};["RightFoot"]={cf=cfr(0,0,0,1,0,0,0,1,0,0,0,1);es="Linear";ed="In";};["RightLowerLeg"]={cf=cfr(0,.002,-.001,1,-.006,.002,.006,.992,.126,-.003,-.126,.992);es="Linear";ed="In";};["LeftHand"]={cf=cfr(0,0,0,1,0,0,0,1,0,0,0,1);es="Linear";ed="In";};["RightHand"]={cf=cfr(0,0,0,1,0,0,0,1,0,0,0,1);es="Linear";ed="In";};};{tm=.133;["RightUpperArm"]={cf=cfr(.002,.011,.006,.887,-.04,.461,-.194,.872,.45,-.42,-.488,.765);es="Linear";ed="In";};["Head"]={cf=cfr(-.001,0,0,.996,.003,.091,.005,.996,-.085,-.091,.086,.992);es="Linear";ed="In";};["LeftUpperArm"]={cf=cfr(-.005,.021,.009,.933,.018,-.359,-.017,1,.008,.359,-.002,.933);es="Linear";ed="In";};["UpperTorso"]={cf=cfr(.001,-.001,-.014,.998,-.001,-.06,.017,.96,.281,.057,-.282,.958);es="Linear";ed="In";};["RightUpperLeg"]={cf=cfr(.002,.019,-.002,.999,-.025,-.048,.021,.997,-.074,.049,.073,.996);es="Linear";ed="In";};["LeftUpperLeg"]={cf=cfr(-.002,.074,-.007,1,.015,.004,-.015,.981,.193,-.001,-.193,.981);es="Linear";ed="In";};["LeftLowerArm"]={cf=cfr(0,.008,.007,1,0,0,0,.767,-.642,0,.642,.767);es="Linear";ed="In";};["LeftFoot"]={cf=cfr(0,0,0,1,0,0,0,1,0,0,0,1);es="Linear";ed="In";};["LeftLowerLeg"]={cf=cfr(0,.016,-.022,1,.005,-.002,-.002,.606,.795,.005,-.795,.606);es="Linear";ed="In";};["RightLowerArm"]={cf=cfr(0,.002,.002,1,0,0,0,.598,-.802,0,.802,.598);es="Linear";ed="In";};["LowerTorso"]={cf=cfr(0,-.128,.001,1,0,0,0,.988,-.153,0,.153,.988);es="Linear";ed="In";};["RightFoot"]={cf=cfr(0,0,0,1,0,0,0,1,0,0,0,1);es="Linear";ed="In";};["RightLowerLeg"]={cf=cfr(0,.002,-.001,1,-.005,.002,.005,.991,.131,-.003,-.131,.991);es="Linear";ed="In";};["LeftHand"]={cf=cfr(0,0,0,1,0,0,0,1,0,0,0,1);es="Linear";ed="In";};["RightHand"]={cf=cfr(0,0,0,1,0,0,0,1,0,0,0,1);es="Linear";ed="In";};};{tm=.15;["RightUpperArm"]={cf=cfr(.003,.014,.007,.89,-.044,.454,-.181,.88,.439,-.419,-.472,.775);es="Linear";ed="In";};["Head"]={cf=cfr(-.001,-.001,0,.996,.002,.086,.006,.996,-.089,-.085,.089,.992);es="Linear";ed="In";};["LeftUpperArm"]={cf=cfr(-.005,.024,.01,.93,.024,-.366,-.005,.999,.051,.367,-.046,.929);es="Linear";ed="In";};["UpperTorso"]={cf=cfr(.001,-.001,-.014,.999,-.001,-.053,.015,.962,.274,.051,-.275,.96);es="Linear";ed="In";};["RightUpperLeg"]={cf=cfr(.002,.023,-.002,.999,-.023,-.045,.021,.999,-.044,.046,.042,.998);es="Linear";ed="In";};["LeftUpperLeg"]={cf=cfr(-.002,.082,-.005,1,.016,.005,-.017,.994,.107,-.004,-.107,.994);es="Linear";ed="In";};["LeftLowerArm"]={cf=cfr(0,.009,.008,1,0,0,0,.739,-.674,0,.674,.739);es="Linear";ed="In";};["LeftFoot"]={cf=cfr(0,0,0,1,0,0,0,1,0,0,0,1);es="Linear";ed="In";};["LeftLowerLeg"]={cf=cfr(0,.017,-.025,1,.005,-.001,-.001,.559,.829,.005,-.829,.559);es="Linear";ed="In";};["RightLowerArm"]={cf=cfr(0,.002,.002,1,0,0,0,.586,-.81,0,.81,.586);es="Linear";ed="In";};["LowerTorso"]={cf=cfr(0,-.113,.001,1,0,0,0,.988,-.153,0,.153,.988);es="Linear";ed="In";};["RightFoot"]={cf=cfr(0,0,0,1,0,0,0,1,0,0,0,1);es="Linear";ed="In";};["RightLowerLeg"]={cf=cfr(0,.003,-.001,1,-.005,.002,.004,.991,.136,-.002,-.136,.991);es="Linear";ed="In";};["LeftHand"]={cf=cfr(0,0,0,1,0,0,0,1,0,0,0,1);es="Linear";ed="In";};["RightHand"]={cf=cfr(0,0,0,1,0,0,0,1,0,0,0,1);es="Linear";ed="In";};};{tm=.167;["RightUpperArm"]={cf=cfr(.003,.016,.009,.893,-.047,.447,-.166,.889,.426,-.418,-.455,.786);es="Linear";ed="In";};["Head"]={cf=cfr(-.001,-.001,0,.997,.001,.079,.006,.996,-.093,-.079,.093,.993);es="Linear";ed="In";};["LeftUpperArm"]={cf=cfr(-.006,.027,.011,.927,.03,-.373,.007,.995,.098,.374,-.093,.923);es="Linear";ed="In";};["UpperTorso"]={cf=cfr(.001,-.001,-.014,.999,-.001,-.045,.013,.964,.267,.043,-.267,.963);es="Linear";ed="In";};["RightUpperLeg"]={cf=cfr(.002,.026,-.003,.999,-.022,-.043,.021,1,-.011,.043,.01,.999);es="Linear";ed="In";};["LeftUpperLeg"]={cf=cfr(-.002,.088,-.004,1,.018,.007,-.018,1,.013,-.007,-.013,1);es="Linear";ed="In";};["LeftLowerArm"]={cf=cfr(0,.009,.009,1,0,0,0,.707,-.707,0,.707,.707);es="Linear";ed="In";};["LeftFoot"]={cf=cfr(0,0,0,1,0,0,0,1,0,0,0,1);es="Linear";ed="In";};["LeftLowerLeg"]={cf=cfr(0,.018,-.026,1,.004,-.001,-.001,.506,.862,.004,-.862,.506);es="Linear";ed="In";};["RightLowerArm"]={cf=cfr(0,.002,.002,1,0,0,0,.574,-.819,0,.819,.574);es="Linear";ed="In";};["LowerTorso"]={cf=cfr(0,-.096,.001,1,0,0,0,.988,-.153,0,.153,.988);es="Linear";ed="In";};["RightFoot"]={cf=cfr(0,0,0,1,0,0,0,1,0,0,0,1);es="Linear";ed="In";};["RightLowerLeg"]={cf=cfr(0,.004,-.001,1,-.004,.002,.004,.99,.142,-.002,-.142,.99);es="Linear";ed="In";};["LeftHand"]={cf=cfr(0,0,0,1,0,0,0,1,0,0,0,1);es="Linear";ed="In";};["RightHand"]={cf=cfr(0,0,0,1,0,0,0,1,0,0,0,1);es="Linear";ed="In";};};{tm=.183;["RightUpperArm"]={cf=cfr(.004,.019,.01,.897,-.051,.439,-.151,.898,.413,-.416,-.437,.798);es="Linear";ed="In";};["Head"]={cf=cfr(-.001,-.001,0,.997,0,.073,.007,.995,-.097,-.072,.097,.993);es="Linear";ed="In";};["LeftUpperArm"]={cf=cfr(-.006,.029,.012,.924,.036,-.38,.021,.989,.146,.381,-.143,.913);es="Linear";ed="In";};["UpperTorso"]={cf=cfr(.001,-.001,-.014,.999,-.001,-.037,.01,.966,.259,.035,-.259,.965);es="Linear";ed="In";};["RightUpperLeg"]={cf=cfr(.002,.029,-.004,.999,-.02,-.04,.021,.999,.024,.04,-.025,.999);es="Linear";ed="In";};["LeftUpperLeg"]={cf=cfr(-.003,.088,-.002,1,.02,.008,-.019,.996,-.087,-.01,.087,.996);es="Linear";ed="In";};["LeftLowerArm"]={cf=cfr(0,.009,.009,1,0,0,0,.672,-.741,0,.741,.672);es="Linear";ed="In";};["LeftFoot"]={cf=cfr(0,0,0,1,0,0,0,1,0,0,0,1);es="Linear";ed="In";};["LeftLowerLeg"]={cf=cfr(0,.017,-.025,1,.003,-.001,-.001,.448,.894,.003,-.894,.448);es="Linear";ed="In";};["RightLowerArm"]={cf=cfr(0,.003,.003,1,0,0,0,.56,-.828,0,.828,.56);es="Linear";ed="In";};["LowerTorso"]={cf=cfr(0,-.079,.001,1,0,0,0,.988,-.153,0,.153,.988);es="Linear";ed="In";};["RightFoot"]={cf=cfr(0,0,0,1,0,0,0,1,0,0,0,1);es="Linear";ed="In";};["RightLowerLeg"]={cf=cfr(0,.004,-.001,1,-.003,.001,.003,.989,.148,-.002,-.148,.989);es="Linear";ed="In";};["LeftHand"]={cf=cfr(0,0,0,1,0,0,0,1,0,0,0,1);es="Linear";ed="In";};["RightHand"]={cf=cfr(0,0,0,1,0,0,0,1,0,0,0,1);es="Linear";ed="In";};};{tm=.2;["RightUpperArm"]={cf=cfr(.004,.021,.011,.9,-.055,.432,-.135,.907,.398,-.413,-.417,.809);es="Linear";ed="In";};["Head"]={cf=cfr(-.001,-.001,0,.998,0,.066,.007,.995,-.101,-.065,.101,.993);es="Linear";ed="In";};["LeftUpperArm"]={cf=cfr(-.007,.031,.013,.921,.044,-.387,.036,.98,.197,.388,-.195,.901);es="Linear";ed="In";};["UpperTorso"]={cf=cfr(.001,-.001,-.014,1,-.001,-.028,.008,.968,.251,.027,-.251,.968);es="Linear";ed="In";};["RightUpperLeg"]={cf=cfr(.003,.031,-.004,.999,-.019,-.038,.021,.998,.06,.036,-.061,.997);es="Linear";ed="In";};["LeftUpperLeg"]={cf=cfr(-.003,.084,-.001,1,.022,.009,-.02,.982,-.19,-.014,.19,.982);es="Linear";ed="In";};["LeftLowerArm"]={cf=cfr(0,.009,.009,1,0,0,0,.633,-.774,0,.774,.633);es="Linear";ed="In";};["LeftFoot"]={cf=cfr(0,0,0,1,0,0,0,1,0,0,0,1);es="Linear";ed="In";};["LeftLowerLeg"]={cf=cfr(0,.016,-.023,1,.003,0,-.001,.385,.923,.003,-.923,.385);es="Linear";ed="In";};["RightLowerArm"]={cf=cfr(0,.003,.003,1,0,0,0,.546,-.838,0,.838,.546);es="Linear";ed="In";};["LowerTorso"]={cf=cfr(0,-.061,.001,1,0,0,0,.988,-.153,0,.153,.988);es="Linear";ed="In";};["RightFoot"]={cf=cfr(0,0,0,1,0,0,0,1,0,0,0,1);es="Linear";ed="In";};["RightLowerLeg"]={cf=cfr(0,.005,-.002,1,-.002,.001,.002,.988,.154,-.001,-.154,.988);es="Linear";ed="In";};["LeftHand"]={cf=cfr(0,0,0,1,0,0,0,1,0,0,0,1);es="Linear";ed="In";};["RightHand"]={cf=cfr(0,0,0,1,0,0,0,1,0,0,0,1);es="Linear";ed="In";};};{tm=.217;["RightUpperArm"]={cf=cfr(.005,.023,.012,.904,-.06,.423,-.119,.916,.383,-.411,-.397,.821);es="Linear";ed="In";};["Head"]={cf=cfr(-.001,-.001,0,.998,-.001,.059,.008,.994,-.105,-.058,.106,.993);es="Linear";ed="In";};["LeftUpperArm"]={cf=cfr(-.007,.031,.013,.918,.052,-.394,.052,.967,.248,.394,-.248,.885);es="Linear";ed="In";};["UpperTorso"]={cf=cfr(.001,-.001,-.014,1,-.001,-.019,.005,.97,.243,.018,-.243,.97);es="Linear";ed="In";};["RightUpperLeg"]={cf=cfr(.003,.033,-.005,.999,-.018,-.035,.021,.995,.098,.033,-.099,.995);es="Linear";ed="In";};["LeftUpperLeg"]={cf=cfr(-.003,.073,0,1,.025,.011,-.02,.955,-.295,-.017,.295,.955);es="Linear";ed="In";};["LeftLowerArm"]={cf=cfr(0,.008,.008,1,0,0,0,.591,-.807,0,.807,.591);es="Linear";ed="In";};["LeftFoot"]={cf=cfr(0,0,0,1,0,0,0,1,0,0,0,1);es="Linear";ed="In";};["LeftLowerLeg"]={cf=cfr(0,.013,-.019,1,.002,0,0,.317,.948,.002,-.948,.317);es="Linear";ed="In";};["RightLowerArm"]={cf=cfr(0,.003,.003,1,0,0,0,.531,-.847,0,.847,.531);es="Linear";ed="In";};["LowerTorso"]={cf=cfr(0,-.042,.001,1,0,0,0,.988,-.153,0,.153,.988);es="Linear";ed="In";};["RightFoot"]={cf=cfr(0,0,0,1,0,0,0,1,0,0,0,1);es="Linear";ed="In";};["RightLowerLeg"]={cf=cfr(0,.005,-.002,1,-.002,.001,.002,.987,.16,-.001,-.16,.987);es="Linear";ed="In";};["LeftHand"]={cf=cfr(0,0,0,1,0,0,0,1,0,0,0,1);es="Linear";ed="In";};["RightHand"]={cf=cfr(0,0,0,1,0,0,0,1,0,0,0,1);es="Linear";ed="In";};};{tm=.233;["RightUpperArm"]={cf=cfr(.006,.025,.013,.907,-.065,.415,-.102,.924,.367,-.408,-.376,.832);es="Linear";ed="In";};["Head"]={cf=cfr(-.001,-.001,0,.999,-.002,.051,.008,.994,-.11,-.051,.11,.993);es="Linear";ed="In";};["LeftUpperArm"]={cf=cfr(-.007,.03,.013,.914,.061,-.401,.068,.952,.3,.399,-.301,.866);es="Linear";ed="In";};["UpperTorso"]={cf=cfr(0,-.001,-.014,1,0,-.009,.002,.972,.234,.009,-.234,.972);es="Linear";ed="In";};["RightUpperLeg"]={cf=cfr(.003,.034,-.006,.999,-.016,-.031,.021,.99,.136,.029,-.137,.99);es="Linear";ed="In";};["LeftUpperLeg"]={cf=cfr(-.003,.057,-.002,1,.027,.011,-.02,.917,-.399,-.021,.399,.917);es="Linear";ed="In";};["LeftLowerArm"]={cf=cfr(0,.006,.006,1,0,0,0,.547,-.837,0,.837,.547);es="Linear";ed="In";};["LeftFoot"]={cf=cfr(0,0,0,1,0,0,0,1,0,0,0,1);es="Linear";ed="In";};["LeftLowerLeg"]={cf=cfr(0,.01,-.012,1,.001,0,0,.246,.969,.001,-.969,.246);es="Linear";ed="In";};["RightLowerArm"]={cf=cfr(0,.003,.003,1,0,0,0,.516,-.857,0,.857,.516);es="Linear";ed="In";};["LowerTorso"]={cf=cfr(0,-.023,.001,1,0,0,0,.988,-.153,0,.153,.988);es="Linear";ed="In";};["RightFoot"]={cf=cfr(0,0,0,1,0,0,0,1,0,0,0,1);es="Linear";ed="In";};["RightLowerLeg"]={cf=cfr(0,.006,-.002,1,-.001,0,.001,.986,.167,0,-.167,.986);es="Linear";ed="In";};["LeftHand"]={cf=cfr(0,0,0,1,0,0,0,1,0,0,0,1);es="Linear";ed="In";};["RightHand"]={cf=cfr(0,0,0,1,0,0,0,1,0,0,0,1);es="Linear";ed="In";};};{tm=.25;["LeftFoot"]={cf=cfr(0,0,0,1,0,0,0,1,0,0,0,1);es="Linear";ed="In";};["RightFoot"]={cf=cfr(0,0,0,1,0,0,0,1,0,0,0,1);es="Linear";ed="In";};["LeftHand"]={cf=cfr(0,0,0,1,0,0,0,1,0,0,0,1);es="Linear";ed="In";};["RightHand"]={cf=cfr(0,0,0,1,0,0,0,1,0,0,0,1);es="Linear";ed="In";};["Head"]={cf=cfr(-.001,-.001,0,.999,-.003,.044,.008,.993,-.114,-.043,.115,.992);es="Linear";ed="In";};["LeftUpperArm"]={cf=cfr(-.006,.027,.013,.911,.07,-.407,.085,.933,.351,.404,-.354,.843);es="Sine";ed="Out";};["RightUpperArm"]={cf=cfr(.006,.027,.013,.911,-.07,.407,-.085,.933,.351,-.404,-.354,.843);es="Sine";ed="Out";};["RightUpperLeg"]={cf=cfr(.003,.034,-.006,.999,-.015,-.028,.02,.984,.175,.025,-.175,.984);es="Sine";ed="Out";};["LeftUpperLeg"]={cf=cfr(-.003,.034,-.006,.999,.03,.012,-.02,.866,-.499,-.025,.498,.867);es="Sine";ed="Out";};["UpperTorso"]={cf=cfr(0,0,-.015,1,0,0,0,.974,.225,0,-.225,.974);es="Sine";ed="InOut";};["LeftLowerArm"]={cf=cfr(0,.004,.003,1,0,0,0,.5,-.866,0,.866,.5);es="Sine";ed="Out";};["LeftLowerLeg"]={cf=cfr(0,.006,-.002,1,0,0,0,.174,.985,0,-.985,.174);es="Sine";ed="Out";};["RightLowerLeg"]={cf=cfr(0,.007,-.002,1,0,0,0,.985,.174,0,-.174,.985);es="Sine";ed="Out";};["LowerTorso"]={cf=cfr(0,-.004,.001,1,0,0,0,.988,-.153,0,.153,.988);es="Sine";ed="InOut";};["RightLowerArm"]={cf=cfr(0,.004,.003,1,0,0,0,.5,-.866,0,.866,.5);es="Sine";ed="Out";};};{tm=.267;["LeftFoot"]={cf=cfr(0,0,0,1,0,0,0,1,0,0,0,1);es="Linear";ed="In";};["Head"]={cf=cfr(-.001,-.001,0,.999,-.005,.036,.009,.993,-.119,-.036,.119,.992);es="Linear";ed="In";};["RightUpperArm"]={cf=cfr(.007,.03,.013,.914,-.061,.401,-.068,.952,.3,-.399,-.301,.866);es="Linear";ed="In";};["LeftUpperArm"]={cf=cfr(-.006,.025,.013,.907,.065,-.415,.102,.924,.367,.408,-.376,.832);es="Linear";ed="In";};["RightFoot"]={cf=cfr(0,0,0,1,0,0,0,1,0,0,0,1);es="Linear";ed="In";};["LeftHand"]={cf=cfr(0,0,0,1,0,0,0,1,0,0,0,1);es="Linear";ed="In";};["RightHand"]={cf=cfr(0,0,0,1,0,0,0,1,0,0,0,1);es="Linear";ed="In";};["UpperTorso"]={cf=cfr(0,0,-.015,1,0,0,0,.974,.226,0,-.226,.974);es="Linear";ed="In";};["LeftUpperLeg"]={cf=cfr(-.002,.033,-.004,.999,.031,.016,-.019,.883,-.469,-.029,.469,.883);es="Linear";ed="In";};["RightUpperLeg"]={cf=cfr(.003,.034,-.006,1,-.014,-.025,.019,.977,.213,.021,-.213,.977);es="Linear";ed="In";};["LeftLowerArm"]={cf=cfr(0,.003,.003,1,0,0,0,.516,-.857,0,.857,.516);es="Linear";ed="In";};["LeftLowerLeg"]={cf=cfr(0,.026,-.029,1,.001,0,0,.304,.953,.001,-.953,.304);es="Linear";ed="In";};["RightLowerLeg"]={cf=cfr(0,.011,-.004,1,-.001,.001,.001,.974,.226,-.001,-.226,.974);es="Linear";ed="In";};["LowerTorso"]={cf=cfr(0,-.006,.001,1,0,0,0,.988,-.153,0,.153,.988);es="Linear";ed="In";};["RightLowerArm"]={cf=cfr(0,.006,.006,1,0,0,0,.547,-.837,0,.837,.547);es="Linear";ed="In";};};{tm=.283;["LeftFoot"]={cf=cfr(0,0,0,1,0,0,0,1,0,0,0,1);es="Linear";ed="In";};["Head"]={cf=cfr(-.001,-.001,0,1,-.006,.029,.009,.992,-.123,-.028,.124,.992);es="Linear";ed="In";};["RightUpperArm"]={cf=cfr(.007,.031,.013,.918,-.052,.394,-.052,.967,.248,-.394,-.248,.885);es="Linear";ed="In";};["LeftUpperArm"]={cf=cfr(-.005,.023,.012,.904,.06,-.423,.119,.916,.383,.411,-.397,.821);es="Linear";ed="In";};["RightFoot"]={cf=cfr(0,0,0,1,0,0,0,1,0,0,0,1);es="Linear";ed="In";};["LeftHand"]={cf=cfr(0,0,0,1,0,0,0,1,0,0,0,1);es="Linear";ed="In";};["RightHand"]={cf=cfr(0,0,0,1,0,0,0,1,0,0,0,1);es="Linear";ed="In";};["UpperTorso"]={cf=cfr(0,0,-.015,1,0,0,0,.973,.229,0,-.229,.973);es="Linear";ed="In";};["LeftUpperLeg"]={cf=cfr(-.002,.031,-.003,.999,.031,.021,-.019,.898,-.439,-.033,.439,.898);es="Linear";ed="In";};["RightUpperLeg"]={cf=cfr(.003,.032,-.007,1,-.013,-.022,.018,.968,.25,.018,-.251,.968);es="Linear";ed="In";};["LeftLowerArm"]={cf=cfr(0,.003,.003,1,0,0,0,.531,-.847,0,.847,.531);es="Linear";ed="In";};["LeftLowerLeg"]={cf=cfr(0,.043,-.048,1,.002,0,-.001,.428,.904,.002,-.904,.428);es="Linear";ed="In";};["RightLowerLeg"]={cf=cfr(0,.014,-.005,1,-.001,.001,.001,.961,.277,-.001,-.277,.961);es="Linear";ed="In";};["LowerTorso"]={cf=cfr(0,-.012,.001,1,0,0,0,.988,-.153,0,.153,.988);es="Linear";ed="In";};["RightLowerArm"]={cf=cfr(0,.007,.008,1,0,0,0,.591,-.807,0,.807,.591);es="Linear";ed="In";};};{tm=.3;["LeftFoot"]={cf=cfr(0,0,0,1,0,0,0,1,0,0,0,1);es="Linear";ed="In";};["Head"]={cf=cfr(-.001,-.001,0,1,-.007,.022,.01,.992,-.128,-.021,.128,.992);es="Linear";ed="In";};["RightUpperArm"]={cf=cfr(.007,.031,.013,.921,-.044,.387,-.036,.98,.197,-.388,-.195,.901);es="Linear";ed="In";};["LeftUpperArm"]={cf=cfr(-.004,.021,.011,.9,.055,-.432,.135,.907,.398,.413,-.417,.809);es="Linear";ed="In";};["RightFoot"]={cf=cfr(0,0,0,1,0,0,0,1,0,0,0,1);es="Linear";ed="In";};["LeftHand"]={cf=cfr(.001,0,0,1,0,0,0,1,0,0,0,1);es="Linear";ed="In";};["RightHand"]={cf=cfr(0,0,0,1,0,0,0,1,0,0,0,1);es="Linear";ed="In";};["UpperTorso"]={cf=cfr(0,-.001,-.014,1,0,0,0,.972,.233,0,-.233,.972);es="Linear";ed="In";};["LeftUpperLeg"]={cf=cfr(-.001,.029,-.002,.999,.032,.026,-.019,.912,-.409,-.036,.409,.912);es="Linear";ed="In";};["RightUpperLeg"]={cf=cfr(.003,.031,-.007,1,-.013,-.019,.017,.958,.287,.014,-.287,.958);es="Linear";ed="In";};["LeftLowerArm"]={cf=cfr(0,.003,.003,1,0,0,0,.546,-.838,0,.838,.546);es="Linear";ed="In";};["LeftLowerLeg"]={cf=cfr(0,.056,-.059,1,.003,0,-.002,.541,.841,.002,-.841,.541);es="Linear";ed="In";};["RightLowerLeg"]={cf=cfr(0,.016,-.007,1,-.002,.001,.001,.945,.326,-.002,-.326,.945);es="Linear";ed="In";};["LowerTorso"]={cf=cfr(0,-.021,.001,1,0,0,0,.988,-.153,0,.153,.988);es="Linear";ed="In";};["RightLowerArm"]={cf=cfr(0,.009,.009,1,0,0,0,.633,-.774,0,.774,.633);es="Linear";ed="In";};};{tm=.317;["LeftFoot"]={cf=cfr(0,0,0,1,0,0,0,1,0,0,0,1);es="Linear";ed="In";};["Head"]={cf=cfr(-.001,-.001,0,1,-.008,.015,.01,.991,-.132,-.014,.132,.991);es="Linear";ed="In";};["RightUpperArm"]={cf=cfr(.006,.029,.012,.924,-.036,.38,-.021,.989,.146,-.381,-.143,.913);es="Linear";ed="In";};["LeftUpperArm"]={cf=cfr(-.004,.019,.01,.897,.051,-.439,.151,.898,.413,.416,-.437,.798);es="Linear";ed="In";};["RightFoot"]={cf=cfr(0,0,0,1,0,0,0,1,0,0,0,1);es="Linear";ed="In";};["LeftHand"]={cf=cfr(.001,0,0,1,0,0,0,1,0,0,0,1);es="Linear";ed="In";};["RightHand"]={cf=cfr(0,0,0,1,0,0,0,1,0,0,0,1);es="Linear";ed="In";};["UpperTorso"]={cf=cfr(0,-.001,-.014,1,0,0,0,.971,.239,0,-.239,.971);es="Linear";ed="In";};["LeftUpperLeg"]={cf=cfr(-.001,.026,-.001,.999,.032,.03,-.018,.925,-.38,-.04,.379,.924);es="Linear";ed="In";};["RightUpperLeg"]={cf=cfr(.002,.028,-.006,1,-.012,-.016,.016,.947,.321,.011,-.322,.947);es="Linear";ed="In";};["LeftLowerArm"]={cf=cfr(0,.003,.003,1,0,0,0,.56,-.828,0,.828,.56);es="Linear";ed="In";};["LeftLowerLeg"]={cf=cfr(0,.065,-.064,1,.004,0,-.002,.642,.766,.003,-.766,.642);es="Linear";ed="In";};["RightLowerLeg"]={cf=cfr(0,.017,-.007,1,-.003,.002,.002,.928,.372,-.003,-.372,.928);es="Linear";ed="In";};["LowerTorso"]={cf=cfr(0,-.034,.001,1,0,0,0,.988,-.153,0,.153,.988);es="Linear";ed="In";};["RightLowerArm"]={cf=cfr(0,.009,.009,1,0,0,0,.672,-.741,0,.741,.672);es="Linear";ed="In";};};{tm=.333;["LeftFoot"]={cf=cfr(0,0,0,1,0,0,0,1,0,0,0,1);es="Linear";ed="In";};["Head"]={cf=cfr(-.001,-.001,0,1,-.009,.008,.01,.991,-.136,-.007,.136,.991);es="Linear";ed="In";};["RightUpperArm"]={cf=cfr(.006,.027,.011,.927,-.03,.373,-.007,.995,.098,-.374,-.093,.923);es="Linear";ed="In";};["LeftUpperArm"]={cf=cfr(-.003,.016,.009,.893,.047,-.447,.166,.889,.426,.418,-.455,.786);es="Linear";ed="In";};["RightFoot"]={cf=cfr(0,0,0,1,0,0,0,1,0,0,0,1);es="Linear";ed="In";};["LeftHand"]={cf=cfr(.001,0,0,1,0,0,0,1,0,0,0,1);es="Linear";ed="In";};["RightHand"]={cf=cfr(0,0,0,1,0,0,0,1,0,0,0,1);es="Linear";ed="In";};["UpperTorso"]={cf=cfr(0,-.001,-.014,1,0,.001,0,.969,.246,-.001,-.246,.969);es="Linear";ed="In";};["LeftUpperLeg"]={cf=cfr(-.001,.023,-.001,.999,.032,.034,-.018,.936,-.352,-.043,.351,.935);es="Linear";ed="In";};["RightUpperLeg"]={cf=cfr(.002,.025,-.006,1,-.011,-.013,.015,.935,.354,.008,-.354,.935);es="Linear";ed="In";};["LeftLowerArm"]={cf=cfr(0,.003,.003,1,0,0,0,.574,-.819,0,.819,.574);es="Linear";ed="In";};["LeftLowerLeg"]={cf=cfr(0,.069,-.063,1,.004,0,-.003,.729,.684,.003,-.684,.729);es="Linear";ed="In";};["RightLowerLeg"]={cf=cfr(0,.017,-.007,1,-.003,.002,.002,.909,.416,-.003,-.416,.909);es="Linear";ed="In";};["LowerTorso"]={cf=cfr(0,-.05,.001,1,0,0,0,.988,-.153,0,.153,.988);es="Linear";ed="In";};["RightLowerArm"]={cf=cfr(0,.009,.009,1,0,0,0,.707,-.707,0,.707,.707);es="Linear";ed="In";};};{tm=.35;["LeftFoot"]={cf=cfr(0,0,0,1,0,0,0,1,0,0,0,1);es="Linear";ed="In";};["Head"]={cf=cfr(-.001,-.001,0,1,-.01,.002,.01,.99,-.14,-.001,.14,.99);es="Linear";ed="In";};["RightUpperArm"]={cf=cfr(.005,.024,.01,.93,-.024,.366,.005,.999,.051,-.367,-.046,.929);es="Linear";ed="In";};["LeftUpperArm"]={cf=cfr(-.003,.014,.007,.89,.044,-.454,.181,.88,.439,.419,-.472,.775);es="Linear";ed="In";};["RightFoot"]={cf=cfr(0,0,0,1,0,0,0,1,0,0,0,1);es="Linear";ed="In";};["LeftHand"]={cf=cfr(.001,0,0,1,0,0,0,1,0,0,0,1);es="Linear";ed="In";};["RightHand"]={cf=cfr(0,0,0,1,0,0,0,1,0,0,0,1);es="Linear";ed="In";};["UpperTorso"]={cf=cfr(0,-.001,-.014,1,0,.001,0,.967,.254,-.001,-.254,.967);es="Linear";ed="In";};["LeftUpperLeg"]={cf=cfr(0,.02,0,.999,.032,.038,-.018,.945,-.325,-.046,.324,.945);es="Linear";ed="In";};["RightUpperLeg"]={cf=cfr(.002,.022,-.006,1,-.011,-.01,.014,.923,.385,.005,-.385,.923);es="Linear";ed="In";};["LeftLowerArm"]={cf=cfr(0,.002,.002,1,0,0,0,.586,-.81,0,.81,.586);es="Linear";ed="In";};["LeftLowerLeg"]={cf=cfr(0,.069,-.059,1,.005,-.001,-.004,.802,.598,.004,-.598,.802);es="Linear";ed="In";};["RightLowerLeg"]={cf=cfr(0,.016,-.007,1,-.004,.003,.003,.89,.456,-.004,-.456,.89);es="Linear";ed="In";};["LowerTorso"]={cf=cfr(0,-.068,.001,1,0,0,0,.988,-.153,0,.153,.988);es="Linear";ed="In";};["RightLowerArm"]={cf=cfr(0,.009,.008,1,0,0,0,.739,-.674,0,.674,.739);es="Linear";ed="In";};};{tm=.367;["LeftFoot"]={cf=cfr(0,0,0,1,0,0,0,1,0,0,0,1);es="Linear";ed="In";};["Head"]={cf=cfr(-.001,0,0,1,-.011,-.003,.01,.99,-.143,.005,.143,.99);es="Linear";ed="In";};["RightUpperArm"]={cf=cfr(.005,.021,.009,.933,-.018,.359,.017,1,.008,-.359,-.002,.933);es="Linear";ed="In";};["LeftUpperArm"]={cf=cfr(-.002,.011,.006,.887,.04,-.461,.194,.872,.45,.42,-.488,.765);es="Linear";ed="In";};["RightFoot"]={cf=cfr(0,0,0,1,0,0,0,1,0,0,0,1);es="Linear";ed="In";};["LeftHand"]={cf=cfr(.001,0,0,1,0,0,0,1,0,0,0,1);es="Linear";ed="In";};["RightHand"]={cf=cfr(.001,0,0,1,0,0,0,1,0,0,0,1);es="Linear";ed="In";};["UpperTorso"]={cf=cfr(0,-.001,-.014,1,0,.001,0,.965,.263,-.001,-.263,.965);es="Linear";ed="In";};["LeftUpperLeg"]={cf=cfr(0,.017,0,.999,.032,.042,-.018,.954,-.3,-.049,.299,.953);es="Linear";ed="In";};["RightUpperLeg"]={cf=cfr(.002,.018,-.005,1,-.011,-.007,.013,.911,.412,.002,-.412,.911);es="Linear";ed="In";};["LeftLowerArm"]={cf=cfr(.001,.002,.002,1,0,0,0,.598,-.802,0,.802,.598);es="Linear";ed="In";};["LeftLowerLeg"]={cf=cfr(0,.064,-.051,1,.006,-.001,-.005,.86,.511,.004,-.511,.86);es="Linear";ed="In";};["RightLowerLeg"]={cf=cfr(0,.014,-.007,1,-.005,.003,.003,.87,.493,-.005,-.493,.87);es="Linear";ed="In";};["LowerTorso"]={cf=cfr(0,-.087,.001,1,0,0,0,.988,-.153,0,.153,.988);es="Linear";ed="In";};["RightLowerArm"]={cf=cfr(.001,.008,.007,1,0,0,0,.767,-.642,0,.642,.767);es="Linear";ed="In";};};{tm=.383;["LeftFoot"]={cf=cfr(0,0,0,1,0,0,0,1,0,0,0,1);es="Linear";ed="In";};["Head"]={cf=cfr(-.001,0,0,1,-.012,-.009,.01,.989,-.146,.01,.146,.989);es="Linear";ed="In";};["RightUpperArm"]={cf=cfr(.004,.017,.007,.936,-.014,.353,.027,.999,-.031,-.352,.038,.935);es="Linear";ed="In";};["LeftUpperArm"]={cf=cfr(-.002,.009,.005,.883,.038,-.467,.206,.864,.46,.421,-.503,.755);es="Linear";ed="In";};["RightFoot"]={cf=cfr(0,0,0,1,0,0,0,1,0,0,0,1);es="Linear";ed="In";};["LeftHand"]={cf=cfr(.001,0,0,1,0,0,0,1,0,0,0,1);es="Linear";ed="In";};["RightHand"]={cf=cfr(.001,0,0,1,0,0,0,1,0,0,0,1);es="Linear";ed="In";};["UpperTorso"]={cf=cfr(0,-.001,-.014,1,0,.001,0,.962,.272,-.001,-.272,.962);es="Linear";ed="In";};["LeftUpperLeg"]={cf=cfr(0,.014,0,.998,.032,.045,-.018,.961,-.277,-.052,.276,.96);es="Linear";ed="In";};["RightUpperLeg"]={cf=cfr(.001,.015,-.004,1,-.011,-.005,.012,.899,.437,0,-.437,.899);es="Linear";ed="In";};["LeftLowerArm"]={cf=cfr(.001,.002,.002,1,0,0,0,.608,-.794,0,.794,.608);es="Linear";ed="In";};["LeftLowerLeg"]={cf=cfr(0,.057,-.042,1,.006,-.001,-.005,.904,.427,.004,-.427,.904);es="Linear";ed="In";};["RightLowerLeg"]={cf=cfr(0,.012,-.006,1,-.005,.003,.003,.851,.525,-.005,-.525,.851);es="Linear";ed="In";};["LowerTorso"]={cf=cfr(0,-.106,.001,1,0,0,0,.988,-.153,0,.153,.988);es="Linear";ed="In";};["RightLowerArm"]={cf=cfr(.001,.007,.006,1,0,0,0,.791,-.612,0,.612,.791);es="Linear";ed="In";};};{tm=.4;["LeftFoot"]={cf=cfr(0,0,0,1,0,0,0,1,0,0,0,1);es="Linear";ed="In";};["Head"]={cf=cfr(0,0,0,1,-.013,-.013,.011,.989,-.149,.015,.149,.989);es="Linear";ed="In";};["RightUpperArm"]={cf=cfr(.003,.013,.006,.938,-.01,.347,.035,.997,-.066,-.345,.074,.936);es="Linear";ed="In";};["LeftUpperArm"]={cf=cfr(-.001,.007,.004,.881,.035,-.472,.217,.856,.469,.421,-.515,.746);es="Linear";ed="In";};["RightFoot"]={cf=cfr(0,0,0,1,0,0,0,1,0,0,0,1);es="Linear";ed="In";};["LeftHand"]={cf=cfr(.001,0,0,1,0,0,0,1,0,0,0,1);es="Linear";ed="In";};["RightHand"]={cf=cfr(.001,0,0,1,0,0,0,1,0,0,0,1);es="Linear";ed="In";};["UpperTorso"]={cf=cfr(0,-.001,-.014,1,0,.002,0,.96,.28,-.002,-.28,.96);es="Linear";ed="In";};["LeftUpperLeg"]={cf=cfr(0,.01,0,.998,.032,.048,-.019,.966,-.256,-.054,.255,.965);es="Linear";ed="In";};["RightUpperLeg"]={cf=cfr(.001,.011,-.003,1,-.011,-.003,.011,.888,.459,-.003,-.459,.888);es="Linear";ed="In";};["LeftLowerArm"]={cf=cfr(.001,.001,.001,1,0,0,0,.617,-.787,0,.787,.617);es="Linear";ed="In";};["LeftLowerLeg"]={cf=cfr(0,.047,-.033,1,.007,-.002,-.006,.937,.348,.004,-.348,.937);es="Linear";ed="In";};["RightLowerLeg"]={cf=cfr(0,.009,-.005,1,-.006,.003,.003,.833,.553,-.006,-.553,.833);es="Linear";ed="In";};["LowerTorso"]={cf=cfr(0,-.125,.001,1,0,0,0,.988,-.153,0,.153,.988);es="Linear";ed="In";};["RightLowerArm"]={cf=cfr(.001,.005,.005,1,0,0,0,.812,-.584,0,.584,.812);es="Linear";ed="In";};};{tm=.417;["LeftFoot"]={cf=cfr(0,0,0,1,0,0,0,1,0,0,0,1);es="Linear";ed="In";};["Head"]={cf=cfr(0,0,0,1,-.013,-.017,.011,.988,-.152,.019,.152,.988);es="Linear";ed="In";};["RightUpperArm"]={cf=cfr(.002,.01,.004,.94,-.007,.342,.043,.994,-.096,-.339,.105,.935);es="Linear";ed="In";};["LeftUpperArm"]={cf=cfr(-.001,.005,.003,.878,.034,-.477,.226,.85,.476,.421,-.526,.739);es="Linear";ed="In";};["RightFoot"]={cf=cfr(0,0,0,1,0,0,0,1,0,0,0,1);es="Linear";ed="In";};["LeftHand"]={cf=cfr(.001,0,0,1,0,0,0,1,0,0,0,1);es="Linear";ed="In";};["RightHand"]={cf=cfr(.001,0,0,1,0,0,0,1,0,0,0,1);es="Linear";ed="In";};["UpperTorso"]={cf=cfr(0,-.001,-.014,1,0,.002,0,.958,.288,-.002,-.288,.958);es="Linear";ed="In";};["LeftUpperLeg"]={cf=cfr(0,.007,0,.998,.032,.05,-.019,.971,-.238,-.056,.237,.97);es="Linear";ed="In";};["RightUpperLeg"]={cf=cfr(.001,.008,-.002,1,-.011,-.001,.01,.878,.478,-.004,-.478,.878);es="Linear";ed="In";};["LeftLowerArm"]={cf=cfr(.001,.001,.001,1,0,0,0,.625,-.781,0,.781,.625);es="Linear";ed="In";};["LeftLowerLeg"]={cf=cfr(0,.035,-.024,1,.007,-.002,-.006,.96,.279,.004,-.279,.96);es="Linear";ed="In";};["RightLowerLeg"]={cf=cfr(0,.007,-.004,1,-.006,.003,.003,.817,.577,-.006,-.577,.817);es="Linear";ed="In";};["LowerTorso"]={cf=cfr(0,-.143,.001,1,0,0,0,.988,-.153,0,.153,.988);es="Linear";ed="In";};["RightLowerArm"]={cf=cfr(.001,.004,.004,1,0,0,0,.829,-.559,0,.559,.829);es="Linear";ed="In";};};{tm=.433;["LeftFoot"]={cf=cfr(0,0,0,1,0,0,0,1,0,0,0,1);es="Linear";ed="In";};["Head"]={cf=cfr(0,0,0,1,-.014,-.021,.011,.988,-.154,.023,.154,.988);es="Linear";ed="In";};["RightUpperArm"]={cf=cfr(.001,.007,.003,.941,-.005,.337,.048,.991,-.121,-.334,.13,.934);es="Linear";ed="In";};["LeftUpperArm"]={cf=cfr(-.001,.003,.002,.876,.032,-.481,.234,.844,.482,.422,-.535,.732);es="Linear";ed="In";};["RightFoot"]={cf=cfr(0,0,0,1,0,0,0,1,0,0,0,1);es="Linear";ed="In";};["LeftHand"]={cf=cfr(.001,0,0,1,0,0,0,1,0,0,0,1);es="Linear";ed="In";};["RightHand"]={cf=cfr(.001,0,0,1,0,0,0,1,0,0,0,1);es="Linear";ed="In";};["UpperTorso"]={cf=cfr(0,-.001,-.014,1,0,.002,0,.955,.295,-.002,-.295,.955);es="Linear";ed="In";};["LeftUpperLeg"]={cf=cfr(0,.005,0,.998,.032,.052,-.019,.975,-.223,-.058,.222,.973);es="Linear";ed="In";};["RightUpperLeg"]={cf=cfr(0,.005,-.002,1,-.011,.001,.009,.87,.494,-.006,-.493,.87);es="Linear";ed="In";};["LeftLowerArm"]={cf=cfr(.001,.001,.001,1,0,0,0,.631,-.776,0,.776,.631);es="Linear";ed="In";};["LeftLowerLeg"]={cf=cfr(0,.024,-.016,1,.007,-.003,-.007,.976,.22,.004,-.22,.976);es="Linear";ed="In";};["RightLowerLeg"]={cf=cfr(0,.005,-.003,1,-.007,.003,.003,.802,.597,-.007,-.597,.802);es="Linear";ed="In";};["LowerTorso"]={cf=cfr(0,-.158,.001,1,0,0,0,.988,-.153,0,.153,.988);es="Linear";ed="In";};["RightLowerArm"]={cf=cfr(.001,.003,.002,1,0,0,0,.843,-.539,0,.539,.843);es="Linear";ed="In";};};{tm=.45;["LeftFoot"]={cf=cfr(0,0,0,1,0,0,0,1,0,0,0,1);es="Linear";ed="In";};["Head"]={cf=cfr(0,0,0,1,-.015,-.023,.011,.988,-.155,.025,.155,.988);es="Linear";ed="In";};["RightUpperArm"]={cf=cfr(.001,.004,.002,.943,-.003,.334,.053,.989,-.141,-.329,.15,.932);es="Linear";ed="In";};["LeftUpperArm"]={cf=cfr(0,.002,.001,.874,.031,-.484,.24,.84,.487,.422,-.542,.727);es="Linear";ed="In";};["RightFoot"]={cf=cfr(0,0,0,1,0,0,0,1,0,0,0,1);es="Linear";ed="In";};["LeftHand"]={cf=cfr(.001,0,0,1,0,0,0,1,0,0,0,1);es="Linear";ed="In";};["RightHand"]={cf=cfr(.001,0,0,1,0,0,0,1,0,0,0,1);es="Linear";ed="In";};["UpperTorso"]={cf=cfr(0,-.001,-.014,1,0,.002,0,.954,.301,-.002,-.301,.954);es="Linear";ed="In";};["LeftUpperLeg"]={cf=cfr(0,.003,0,.998,.031,.054,-.019,.977,-.212,-.06,.21,.976);es="Linear";ed="In";};["RightUpperLeg"]={cf=cfr(0,.003,-.001,1,-.011,.002,.008,.863,.506,-.007,-.506,.863);es="Linear";ed="In";};["LeftLowerArm"]={cf=cfr(.001,0,0,1,0,0,0,.636,-.772,0,.772,.636);es="Linear";ed="In";};["LeftLowerLeg"]={cf=cfr(0,.014,-.009,1,.008,-.003,-.007,.985,.172,.004,-.172,.985);es="Linear";ed="In";};["RightLowerLeg"]={cf=cfr(0,.003,-.002,1,-.007,.003,.003,.791,.612,-.007,-.612,.791);es="Linear";ed="In";};["LowerTorso"]={cf=cfr(0,-.171,.001,1,0,0,0,.988,-.153,0,.153,.988);es="Linear";ed="In";};["RightLowerArm"]={cf=cfr(.001,.002,.001,1,0,0,0,.853,-.522,0,.522,.853);es="Linear";ed="In";};};{tm=.467;["LeftFoot"]={cf=cfr(0,0,0,1,0,0,0,1,0,0,0,1);es="Linear";ed="In";};["Head"]={cf=cfr(0,0,0,1,-.015,-.025,.011,.988,-.157,.027,.156,.987);es="Linear";ed="In";};["RightUpperArm"]={cf=cfr(0,.002,.001,.944,-.002,.331,.056,.986,-.155,-.326,.165,.931);es="Linear";ed="In";};["LeftUpperArm"]={cf=cfr(0,.001,0,.873,.03,-.486,.244,.837,.49,.422,-.547,.723);es="Linear";ed="In";};["RightFoot"]={cf=cfr(0,0,0,1,0,0,0,1,0,0,0,1);es="Linear";ed="In";};["LeftHand"]={cf=cfr(.001,0,0,1,0,0,0,1,0,0,0,1);es="Linear";ed="In";};["RightHand"]={cf=cfr(.001,0,0,1,0,0,0,1,0,0,0,1);es="Linear";ed="In";};["UpperTorso"]={cf=cfr(0,0,-.015,1,-.001,.002,0,.952,.306,-.002,-.306,.952);es="Linear";ed="In";};["LeftUpperLeg"]={cf=cfr(0,.001,0,.998,.031,.055,-.019,.979,-.203,-.06,.201,.978);es="Linear";ed="In";};["RightUpperLeg"]={cf=cfr(0,.001,-.001,1,-.011,.003,.008,.858,.514,-.008,-.514,.