local cfr = CFrame.new

return {{tm=0;["RootNode"]={cf=cfr(0,0,0,-1,0,0,0,1,0,0,0,-1);es="Linear";ed="In";};["root"]={cf=cfr(.056,2.82,1.396,0,0,1,0,1,0,-1,0,0);es="Linear";ed="In";};["000-offset"]={cf=cfr(0,0,0,-.083,.975,.208,-.986,-.05,-.16,-.146,-.218,.965);es="Linear";ed="In";};["004-offset.001"]={cf=cfr(0,0,0,-.015,-1,0,1,-.015,0,0,0,1);es="Linear";ed="In";};["006-offset"]={cf=cfr(0,0,0,-.015,-1,0,1,-.015,0,0,0,1);es="Linear";ed="In";};["000-offset.009"]={cf=cfr(0,0,0,-.968,-.163,-.192,.157,-.986,.05,-.197,.018,.98);es="Linear";ed="In";};["000-offset.012"]={cf=cfr(0,0,0,-.822,-.279,-.496,.418,-.888,-.192,-.387,-.365,.847);es="Linear";ed="In";};["000-offset.001"]={cf=cfr(0,0,0,.952,-.299,-.059,.304,.921,.242,-.018,-.248,.969);es="Linear";ed="In";};["000-offset.010"]={cf=cfr(0,0,0,.201,.98,0,-.98,.201,0,0,0,1);es="Linear";ed="In";};["000-offset.013"]={cf=cfr(0,0,0,.367,.93,0,-.93,.367,0,0,0,1);es="Linear";ed="In";};["004-offset"]={cf=cfr(0,0,0,.035,-.999,0,.999,.035,0,0,0,1);es="Linear";ed="In";};["002-offset"]={cf=cfr(0,0,0,.035,-.999,0,.999,.035,0,0,0,1);es="Linear";ed="In";};["000-offset.002"]={cf=cfr(0,0,0,.924,-.364,.116,.185,.162,-.969,.334,.917,.217);es="Linear";ed="In";};["000-offset.011"]={cf=cfr(0,0,0,.574,-.707,.413,.81,.565,-.16,-.12,.426,.897);es="Linear";ed="In";};["000-offset.014"]={cf=cfr(0,0,0,.443,-.846,-.297,.896,.424,.131,.015,-.324,.946);es="Linear";ed="In";};["000-offset.006"]={cf=cfr(0,0,0,-.983,-.01,-.181,-.132,-.646,.752,-.124,.763,.634);es="Linear";ed="In";};["000-offset.003"]={cf=cfr(0,0,0,-.935,-.237,-.264,.346,-.45,-.823,.076,-.861,.503);es="Linear";ed="In";};["000-offset.007"]={cf=cfr(0,0,0,.677,-.736,0,.736,.677,0,0,0,1);es="Linear";ed="In";};["000-offset.004"]={cf=cfr(0,0,0,.556,-.831,0,.831,.556,0,0,0,1);es="Linear";ed="In";};["000-offset.008"]={cf=cfr(0,0,0,.929,.146,.34,-.342,.693,.634,-.143,-.706,.694);es="Linear";ed="In";};["000-offset.005"]={cf=cfr(0,0,0,.937,-.347,-.045,.125,.453,-.882,.326,.821,.468);es="Linear";ed="In";};};{tm=.042;["root"]={cf=cfr(.056,3.44,1.368,0,0,1,0,1,0,-1,0,0);es="Linear";ed="In";};["000-offset"]={cf=cfr(0,0,0,-.106,.982,.156,-.988,-.086,-.127,-.111,-.168,.98);es="Linear";ed="In";};["000-offset.009"]={cf=cfr(0,0,0,-.917,-.4,-.003,.397,-.91,.118,-.049,.107,.993);es="Linear";ed="In";};["000-offset.012"]={cf=cfr(0,0,0,-.826,-.322,-.462,.441,-.88,-.177,-.35,-.35,.869);es="Linear";ed="In";};["000-offset.001"]={cf=cfr(0,0,0,.999,-.035,.008,.033,.981,.191,-.014,-.19,.982);es="Linear";ed="In";};["000-offset.010"]={cf=cfr(0,0,0,.134,.991,0,-.991,.134,0,0,0,1);es="Linear";ed="In";};["000-offset.013"]={cf=cfr(0,0,0,.365,.931,0,-.931,.365,0,0,0,1);es="Linear";ed="In";};["000-offset.002"]={cf=cfr(0,0,0,.913,-.408,.005,.341,.756,-.559,.224,.512,.829);es="Linear";ed="In";};["000-offset.011"]={cf=cfr(0,0,0,.332,-.879,.342,.939,.344,-.029,-.092,.331,.939);es="Linear";ed="In";};["000-offset.014"]={cf=cfr(0,0,0,.324,-.912,-.25,.945,.321,.055,.03,-.254,.967);es="Linear";ed="In";};["000-offset.006"]={cf=cfr(0,0,0,-.962,-.273,.001,.196,-.687,.7,-.191,.673,.714);es="Linear";ed="In";};["000-offset.003"]={cf=cfr(0,0,0,-.908,-.387,-.158,.366,-.554,-.748,.202,-.737,.645);es="Linear";ed="In";};["000-offset.007"]={cf=cfr(0,0,0,.207,-.978,0,.978,.207,0,0,0,1);es="Linear";ed="In";};["000-offset.004"]={cf=cfr(0,0,0,.306,-.952,0,.952,.306,0,0,0,1);es="Linear";ed="In";};["000-offset.008"]={cf=cfr(0,0,0,.971,.156,.183,-.236,.777,.584,-.051,-.61,.791);es="Linear";ed="In";};["000-offset.005"]={cf=cfr(0,0,0,.951,-.308,-.005,.194,.612,-.766,.239,.728,.642);es="Linear";ed="In";};};{tm=.083;["root"]={cf=cfr(.056,4.329,1.339,0,0,1,0,1,0,-1,0,0);es="Linear";ed="In";};["000-offset"]={cf=cfr(0,0,0,-.159,.983,.088,-.985,-.152,-.08,-.066,-.1,.993);es="Linear";ed="In";};["000-offset.009"]={cf=cfr(0,0,0,-.723,-.641,.258,.675,-.735,.066,.147,.222,.964);es="Linear";ed="In";};["000-offset.012"]={cf=cfr(0,0,0,-.828,-.382,-.411,.477,-.865,-.156,-.296,-.325,.898);es="Linear";ed="In";};["000-offset.001"]={cf=cfr(0,0,0,.948,.315,.044,-.318,.942,.104,-.008,-.113,.994);es="Linear";ed="In";};["000-offset.010"]={cf=cfr(0,0,0,.046,.999,0,-.999,.046,0,0,0,1);es="Linear";ed="In";};["000-offset.013"]={cf=cfr(0,0,0,.367,.93,0,-.93,.367,0,0,0,1);es="Linear";ed="In";};["000-offset.002"]={cf=cfr(0,0,0,.888,-.436,-.149,.425,.9,-.097,.176,.023,.984);es="Linear";ed="In";};["000-offset.011"]={cf=cfr(0,0,0,-.02,-.98,.197,.998,-.009,.057,-.054,.198,.979);es="Linear";ed="In";};["000-offset.014"]={cf=cfr(0,0,0,.147,-.976,-.158,.988,.154,-.028,.051,-.152,.987);es="Linear";ed="In";};["000-offset.006"]={cf=cfr(0,0,0,-.883,-.459,.098,.375,-.565,.735,-.282,.686,.671);es="Linear";ed="In";};["000-offset.003"]={cf=cfr(0,0,0,-.853,-.51,-.112,.413,-.53,-.74,.318,-.678,.663);es="Linear";ed="In";};["000-offset.007"]={cf=cfr(0,0,0,-.141,-.99,0,.99,-.141,0,0,0,1);es="Linear";ed="In";};["000-offset.004"]={cf=cfr(0,0,0,.066,-.998,0,.998,.066,0,0,0,1);es="Linear";ed="In";};["000-offset.008"]={cf=cfr(0,0,0,.99,.002,.144,-.053,.933,.356,-.134,-.36,.923);es="Linear";ed="In";};["000-offset.005"]={cf=cfr(0,0,0,.923,-.372,-.097,.269,.806,-.527,.274,.461,.844);es="Linear";ed="In";};};{tm=.125;["root"]={cf=cfr(.056,5.273,1.354,0,0,1,0,1,0,-1,0,0);es="Linear";ed="In";};["000-offset"]={cf=cfr(0,0,0,-.253,.967,.029,-.967,-.252,-.032,-.024,-.036,.999);es="Linear";ed="In";};["000-offset.009"]={cf=cfr(0,0,0,-.433,-.79,.434,.842,-.526,-.118,.322,.314,.893);es="Linear";ed="In";};["000-offset.012"]={cf=cfr(0,0,0,-.822,-.447,-.352,.518,-.844,-.138,-.236,-.296,.926);es="Linear";ed="In";};["000-offset.001"]={cf=cfr(0,0,0,.808,.589,.026,-.59,.807,.031,-.003,-.041,.999);es="Linear";ed="In";};["000-offset.010"]={cf=cfr(0,0,0,-.036,.999,0,-.999,-.036,0,0,0,1);es="Linear";ed="In";};["000-offset.013"]={cf=cfr(0,0,0,.379,.925,0,-.925,.379,0,0,0,1);es="Linear";ed="In";};["000-offset.002"]={cf=cfr(0,0,0,.892,-.367,-.264,.383,.924,.012,.24,-.112,.964);es="Linear";ed="In";};["000-offset.011"]={cf=cfr(0,0,0,-.332,-.941,.061,.943,-.329,.042,-.019,.072,.997);es="Linear";ed="In";};["000-offset.014"]={cf=cfr(0,0,0,-.044,-.998,-.038,.996,-.041,-.076,.075,-.041,.996);es="Linear";ed="In";};["000-offset.006"]={cf=cfr(0,0,0,-.823,-.54,.178,.348,-.23,.909,-.45,.81,.377);es="Linear";ed="In";};["000-offset.003"]={cf=cfr(0,0,0,-.719,-.634,-.285,.53,-.236,-.814,.449,-.737,.506);es="Linear";ed="In";};["000-offset.007"]={cf=cfr(0,0,0,-.239,-.971,0,.971,-.239,0,0,0,1);es="Linear";ed="In";};["000-offset.004"]={cf=cfr(0,0,0,-.195,-.981,0,.981,-.195,0,0,0,1);es="Linear";ed="In";};["000-offset.008"]={cf=cfr(0,0,0,.828,-.141,.542,.211,.975,-.068,-.519,.17,.837);es="Linear";ed="In";};["000-offset.005"]={cf=cfr(0,0,0,.796,-.308,-.521,.329,.943,-.054,.508,-.128,.852);es="Linear";ed="In";};};{tm=.167;["root"]={cf=cfr(.056,6.077,1.424,0,0,1,0,1,0,-1,0,0);es="Linear";ed="In";};["000-offset"]={cf=cfr(0,0,0,-.394,.919,0,-.919,-.394,0,0,0,1);es="Linear";ed="In";};["000-offset.009"]={cf=cfr(0,0,0,-.203,-.86,.469,.888,-.363,-.281,.412,.359,.837);es="Linear";ed="In";};["000-offset.012"]={cf=cfr(0,0,0,-.809,-.506,-.3,.559,-.819,-.126,-.182,-.27,.946);es="Linear";ed="In";};["000-offset.001"]={cf=cfr(0,0,0,.726,.688,0,-.688,.726,0,0,0,1);es="Linear";ed="In";};["000-offset.010"]={cf=cfr(0,0,0,-.08,.997,0,-.997,-.08,0,0,0,1);es="Linear";ed="In";};["000-offset.013"]={cf=cfr(0,0,0,.407,.913,0,-.913,.407,0,0,0,1);es="Linear";ed="In";};["000-offset.002"]={cf=cfr(0,0,0,.887,-.328,-.323,.347,.938,.001,.303,-.113,.946);es="Linear";ed="In";};["000-offset.011"]={cf=cfr(0,0,0,-.469,-.883,0,.883,-.469,0,0,0,1);es="Linear";ed="In";};["000-offset.014"]={cf=cfr(0,0,0,-.198,-.978,.07,.976,-.203,-.082,.095,.052,.994);es="Linear";ed="In";};["000-offset.006"]={cf=cfr(0,0,0,-.832,-.514,.207,.243,-.004,.97,-.498,.858,.128);es="Linear";ed="In";};["000-offset.003"]={cf=cfr(0,0,0,-.682,-.589,-.435,.552,-.024,-.833,.48,-.808,.342);es="Linear";ed="In";};["000-offset.007"]={cf=cfr(0,0,0,-.097,-.995,0,.995,-.097,0,0,0,1);es="Linear";ed="In";};["000-offset.004"]={cf=cfr(0,0,0,-.215,-.977,0,.977,-.215,0,0,0,1);es="Linear";ed="In";};["000-offset.008"]={cf=cfr(0,0,0,.551,0,.834,.322,.923,-.213,-.77,.386,.508);es="Linear";ed="In";};["000-offset.005"]={cf=cfr(0,0,0,.622,-.027,-.783,.33,.916,.23,.71,-.401,.578);es="Linear";ed="In";};};{tm=.208;["root"]={cf=cfr(.056,6.74,1.678,0,0,1,0,1,0,-1,0,0);es="Linear";ed="In";};["000-offset"]={cf=cfr(0,0,0,-.573,.82,-.005,-.819,-.573,.013,.008,.012,1);es="Linear";ed="In";};["000-offset.009"]={cf=cfr(0,0,0,-.052,-.897,.439,.903,-.229,-.363,.426,.378,.822);es="Linear";ed="In";};["000-offset.012"]={cf=cfr(0,0,0,-.949,-.227,-.22,.235,-.972,-.009,-.212,-.06,.976);es="Linear";ed="In";};["000-offset.001"]={cf=cfr(0,0,0,.745,.667,-.01,-.667,.745,-.009,.001,.013,1);es="Linear";ed="In";};["000-offset.010"]={cf=cfr(0,0,0,.236,.972,0,-.972,.236,0,0,0,1);es="Linear";ed="In";};["000-offset.013"]={cf=cfr(0,0,0,.732,.681,0,-.681,.732,0,0,0,1);es="Linear";ed="In";};["000-offset.002"]={cf=cfr(0,0,0,.864,-.392,-.315,.409,.912,-.014,.293,-.116,.949);es="Linear";ed="In";};["000-offset.011"]={cf=cfr(0,0,0,-.473,-.881,-.018,.881,-.473,-.017,.007,-.024,1);es="Linear";ed="In";};["000-offset.014"]={cf=cfr(0,0,0,.039,-.981,-.191,.998,.049,-.048,.056,-.189,.98);es="Linear";ed="In";};["000-offset.006"]={cf=cfr(0,0,0,-.969,-.249,-.001,.029,-.115,.993,-.247,.962,.119);es="Linear";ed="In";};["000-offset.003"]={cf=cfr(0,0,0,-.896,-.349,-.276,.341,-.139,-.93,.286,-.927,.244);es="Linear";ed="In";};["000-offset.007"]={cf=cfr(0,0,0,.437,-.9,0,.9,.437,0,0,0,1);es="Linear";ed="In";};["000-offset.004"]={cf=cfr(0,0,0,.305,-.952,0,.952,.305,0,0,0,1);es="Linear";ed="In";};["000-offset.008"]={cf=cfr(0,0,0,.501,-.137,.854,.42,.902,-.102,-.756,.41,.51);es="Linear";ed="In";};["000-offset.005"]={cf=cfr(0,0,0,.508,-.141,-.85,.309,.951,.027,.804,-.277,.526);es="Linear";ed="In";};};{tm=.25;["root"]={cf=cfr(.056,7.36,2.044,0,0,1,0,1,0,-1,0,0);es="Linear";ed="In";};["000-offset"]={cf=cfr(0,0,0,-.756,.655,-.003,-.654,-.756,.023,.013,.02,1);es="Linear";ed="In";};["000-offset.009"]={cf=cfr(0,0,0,.091,-.916,.391,.907,-.086,-.413,.412,.392,.823);es="Linear";ed="In";};["000-offset.012"]={cf=cfr(0,0,0,-.951,-.167,-.262,.174,-.985,-.003,-.257,-.048,.965);es="Linear";ed="In";};["000-offset.001"]={cf=cfr(0,0,0,.791,.612,-.015,-.612,.791,-.017,.002,.022,1);es="Linear";ed="In";};["000-offset.010"]={cf=cfr(0,0,0,.325,.946,0,-.946,.325,0,0,0,1);es="Linear";ed="In";};["000-offset.013"]={cf=cfr(0,0,0,.798,.602,0,-.602,.798,0,0,0,1);es="Linear";ed="In";};["000-offset.002"]={cf=cfr(0,0,0,.828,-.478,-.292,.491,.871,-.034,.271,-.116,.956);es="Linear";ed="In";};["000-offset.011"]={cf=cfr(0,0,0,-.446,-.895,-.031,.895,-.445,-.027,.011,-.039,.999);es="Linear";ed="In";};["000-offset.014"]={cf=cfr(0,0,0,0,-.969,-.246,1,.003,-.009,.009,-.246,.969);es="Linear";ed="In";};["000-offset.006"]={cf=cfr(0,0,0,-.954,.176,-.244,-.271,-.153,.95,.13,.972,.193);es="Linear";ed="In";};["000-offset.003"]={cf=cfr(0,0,0,-.997,.014,.076,-.077,-.134,-.988,-.004,-.991,.135);es="Linear";ed="In";};["000-offset.007"]={cf=cfr(0,0,0,.907,-.421,0,.421,.907,0,0,0,1);es="Linear";ed="In";};["000-offset.004"]={cf=cfr(0,0,0,.851,-.525,0,.525,.851,0,0,0,1);es="Linear";ed="In";};["000-offset.008"]={cf=cfr(0,0,0,.518,-.388,.762,.551,.833,.05,-.654,.394,.646);es="Linear";ed="In";};["000-offset.005"]={cf=cfr(0,0,0,.425,-.442,-.79,.284,.894,-.347,.86,-.077,.505);es="Linear";ed="In";};};{tm=.292;["root"]={cf=cfr(.056,7.896,2.284,0,0,1,0,1,0,-1,0,0);es="Linear";ed="In";};["000-offset"]={cf=cfr(0,0,0,-.906,.423,.004,-.422,-.906,.028,.016,.024,1);es="Linear";ed="In";};["000-offset.009"]={cf=cfr(0,0,0,.224,-.914,.339,.899,.059,-.435,.377,.402,.834);es="Linear";ed="In";};["000-offset.012"]={cf=cfr(0,0,0,-.928,-.174,-.33,.186,-.982,-.006,-.323,-.067,.944);es="Linear";ed="In";};["000-offset.001"]={cf=cfr(0,0,0,.851,.525,-.016,-.526,.85,-.022,.002,.027,1);es="Linear";ed="In";};["000-offset.010"]={cf=cfr(0,0,0,.413,.911,0,-.911,.413,0,0,0,1);es="Linear";ed="In";};["000-offset.013"]={cf=cfr(0,0,0,.828,.561,0,-.561,.828,0,0,0,1);es="Linear";ed="In";};["000-offset.002"]={cf=cfr(0,0,0,.777,-.573,-.26,.581,.812,-.054,.242,-.109,.964);es="Linear";ed="In";};["000-offset.011"]={cf=cfr(0,0,0,-.392,-.919,-.039,.92,-.391,-.031,.013,-.048,.999);es="Linear";ed="In";};["000-offset.014"]={cf=cfr(0,0,0,.012,-.966,-.259,1,.013,-.002,.005,-.259,.966);es="Linear";ed="In";};["000-offset.006"]={cf=cfr(0,0,0,-.866,.373,-.332,-.396,-.107,.912,.304,.922,.241);es="Linear";ed="In";};["000-offset.003"]={cf=cfr(0,0,0,-.943,.151,.295,-.301,-.02,-.953,-.138,-.988,.064);es="Linear";ed="In";};["000-offset.007"]={cf=cfr(0,0,0,.992,-.13,0,.13,.992,0,0,0,1);es="Linear";ed="In";};["000-offset.004"]={cf=cfr(0,0,0,.972,-.233,0,.233,.972,0,0,0,1);es="Linear";ed="In";};["000-offset.008"]={cf=cfr(0,0,0,.497,-.491,.716,.616,.78,.109,-.612,.387,.69);es="Linear";ed="In";};["000-offset.005"]={cf=cfr(0,0,0,.371,-.558,-.742,.263,.83,-.492,.89,-.013,.455);es="Linear";ed="In";};};{tm=.333;["root"]={cf=cfr(.056,8.375,2.214,0,0,1,0,1,0,-1,0,0);es="Linear";ed="In";};["000-offset"]={cf=cfr(0,0,0,-.99,.14,.013,-.14,-.99,.027,.016,.025,1);es="Linear";ed="In";};["000-offset.009"]={cf=cfr(0,0,0,.344,-.892,.293,.879,.196,-.434,.33,.407,.852);es="Linear";ed="In";};["000-offset.012"]={cf=cfr(0,0,0,-.896,-.191,-.4,.212,-.977,-.007,-.389,-.091,.917);es="Linear";ed="In";};["000-offset.001"]={cf=cfr(0,0,0,.912,.41,-.013,-.411,.911,-.025,.002,.028,1);es="Linear";ed="In";};["000-offset.010"]={cf=cfr(0,0,0,.496,.868,0,-.868,.496,0,0,0,1);es="Linear";ed="In";};["000-offset.013"]={cf=cfr(0,0,0,.85,.527,0,-.527,.85,0,0,0,1);es="Linear";ed="In";};["000-offset.002"]={cf=cfr(0,0,0,.71,-.668,-.221,.672,.737,-.07,.209,-.099,.973);es="Linear";ed="In";};["000-offset.011"]={cf=cfr(0,0,0,-.316,-.948,-.043,.949,-.315,-.029,.014,-.05,.999);es="Linear";ed="In";};["000-offset.014"]={cf=cfr(0,0,0,.475,-.86,-.186,.873,.487,-.022,.109,-.152,.982);es="Linear";ed="In";};["000-offset.006"]={cf=cfr(0,0,0,-.824,.438,-.359,-.441,-.099,.892,.355,.894,.275);es="Linear";ed="In";};["000-offset.003"]={cf=cfr(0,0,0,-.901,.164,.401,-.398,.054,-.916,-.172,-.985,.017);es="Linear";ed="In";};["000-offset.007"]={cf=cfr(0,0,0,.998,-.057,0,.057,.998,0,0,0,1);es="Linear";ed="In";};["000-offset.004"]={cf=cfr(0,0,0,.987,-.161,0,.161,.987,0,0,0,1);es="Linear";ed="In";};["000-offset.008"]={cf=cfr(0,0,0,.449,-.508,.735,.639,.758,.133,-.625,.41,.665);es="Linear";ed="In";};["000-offset.005"]={cf=cfr(0,0,0,.326,-.554,-.766,.244,.832,-.499,.913,-.024,.406);es="Linear";ed="In";};};{tm=.375;["root"]={cf=cfr(.056,8.812,1.974,0,0,1,0,1,0,-1,0,0);es="Linear";ed="In";};["000-offset"]={cf=cfr(0,0,0,-.987,-.162,.019,.162,-.987,.021,.015,.023,1);es="Linear";ed="In";};["000-offset.009"]={cf=cfr(0,0,0,.446,-.857,.257,.851,.317,-.42,.278,.406,.87);es="Linear";ed="In";};["000-offset.012"]={cf=cfr(0,0,0,-.858,-.24,-.453,.269,-.963,.002,-.437,-.12,.891);es="Linear";ed="In";};["000-offset.001"]={cf=cfr(0,0,0,.962,.273,-.009,-.273,.962,-.025,.002,.027,1);es="Linear";ed="In";};["000-offset.010"]={cf=cfr(0,0,0,.571,.821,0,-.821,.571,0,0,0,1);es="Linear";ed="In";};["000-offset.013"]={cf=cfr(0,0,0,.862,.507,0,-.507,.862,0,0,0,1);es="Linear";ed="In";};["000-offset.002"]={cf=cfr(0,0,0,.63,-.757,-.177,.757,.648,-.078,.173,-.085,.981);es="Linear";ed="In";};["000-offset.011"]={cf=cfr(0,0,0,-.223,-.974,-.043,.975,-.222,-.023,.013,-.047,.999);es="Linear";ed="In";};["000-offset.014"]={cf=cfr(0,0,0,.447,-.88,-.158,.888,.458,-.039,.107,-.123,.987);es="Linear";ed="In";};["000-offset.006"]={cf=cfr(0,0,0,-.793,.483,-.37,-.473,-.107,.874,.383,.869,.314);es="Linear";ed="In";};["000-offset.003"]={cf=cfr(0,0,0,-.86,.15,.487,-.474,.115,-.873,-.187,-.982,-.027);es="Linear";ed="In";};["000-offset.007"]={cf=cfr(0,0,0,.999,-.032,0,.032,.999,0,0,0,1);es="Linear";ed="In";};["000-offset.004"]={cf=cfr(0,0,0,.991,-.136,0,.136,.991,0,0,0,1);es="Linear";ed="In";};["000-offset.008"]={cf=cfr(0,0,0,.397,-.507,.765,.651,.744,.155,-.647,.436,.625);es="Linear";ed="In";};["000-offset.005"]={cf=cfr(0,0,0,.282,-.525,-.803,.222,.85,-.478,.934,-.043,.356);es="Linear";ed="In";};};{tm=.417;["root"]={cf=cfr(.056,9.179,1.65,0,0,1,0,1,0,-1,0,0);es="Linear";ed="In";};["000-offset"]={cf=cfr(0,0,0,-.896,-.444,.021,.444,-.896,.012,.013,.021,1);es="Linear";ed="In";};["000-offset.009"]={cf=cfr(0,0,0,.528,-.817,.231,.817,.415,-.4,.231,.4,.887);es="Linear";ed="In";};["000-offset.012"]={cf=cfr(0,0,0,-.812,-.344,-.472,.377,-.926,.027,-.447,-.156,.881);es="Linear";ed="In";};["000-offset.001"]={cf=cfr(0,0,0,.992,.123,-.004,-.123,.992,-.023,.002,.023,1);es="Linear";ed="In";};["000-offset.010"]={cf=cfr(0,0,0,.638,.77,0,-.77,.638,0,0,0,1);es="Linear";ed="In";};["000-offset.013"]={cf=cfr(0,0,0,.86,.51,0,-.51,.86,0,0,0,1);es="Linear";ed="In";};["000-offset.002"]={cf=cfr(0,0,0,.539,-.832,-.132,.831,.551,-.076,.136,-.069,.988);es="Linear";ed="In";};["000-offset.011"]={cf=cfr(0,0,0,-.121,-.992,-.039,.993,-.12,-.016,.011,-.041,.999);es="Linear";ed="In";};["000-offset.014"]={cf=cfr(0,0,0,.384,-.915,-.125,.918,.392,-.052,.096,-.095,.991);es="Linear";ed="In";};["000-offset.006"]={cf=cfr(0,0,0,-.774,.514,-.371,-.497,-.129,.858,.393,.848,.355);es="Linear";ed="In";};["000-offset.003"]={cf=cfr(0,0,0,-.824,.119,.554,-.535,.16,-.83,-.187,-.98,-.068);es="Linear";ed="In";};["000-offset.007"]={cf=cfr(0,0,0,.999,-.044,0,.044,.999,0,0,0,1);es="Linear";ed="In";};["000-offset.004"]={cf=cfr(0,0,0,.989,-.149,0,.149,.989,0,0,0,1);es="Linear";ed="In";};["000-offset.008"]={cf=cfr(0,0,0,.344,-.492,.8,.652,.738,.174,-.676,.461,.575);es="Linear";ed="In";};["000-offset.005"]={cf=cfr(0,0,0,.24,-.475,-.847,.198,.878,-.436,.95,-.063,.305);es="Linear";ed="In";};};{tm=.458;["root"]={cf=cfr(.056,9.433,1.311,0,0,1,0,1,0,-1,0,0);es="Linear";ed="In";};["000-offset"]={cf=cfr(0,0,0,-.737,-.675,.019,.675,-.737,.005,.011,.016,1);es="Linear";ed="In";};["000-offset.009"]={cf=cfr(0,0,0,.586,-.782,.212,.786,.486,-.382,.196,.39,.9);es="Linear";ed="In";};["000-offset.012"]={cf=cfr(0,0,0,-.721,-.513,-.465,.55,-.832,.065,-.421,-.209,.883);es="Linear";ed="In";};["000-offset.001"]={cf=cfr(0,0,0,1,-.029,-.001,.029,.999,-.018,.001,.018,1);es="Linear";ed="In";};["000-offset.010"]={cf=cfr(0,0,0,.695,.719,0,-.719,.695,0,0,0,1);es="Linear";ed="In";};["000-offset.013"]={cf=cfr(0,0,0,.844,.536,0,-.536,.844,0,0,0,1);es="Linear";ed="In";};["000-offset.002"]={cf=cfr(0,0,0,.444,-.891,-.091,.89,.45,-.066,.1,-.052,.994);es="Linear";ed="In";};["000-offset.011"]={cf=cfr(0,0,0,-.016,-.999,-.033,1,-.015,-.009,.009,-.033,.999);es="Linear";ed="In";};["000-offset.014"]={cf=cfr(0,0,0,.295,-.951,-.091,.952,.3,-.057,.081,-.07,.994);es="Linear";ed="In";};["000-offset.006"]={cf=cfr(0,0,0,-.763,.534,-.363,-.514,-.161,.843,.391,.83,.398);es="Linear";ed="In";};["000-offset.003"]={cf=cfr(0,0,0,-.794,.08,.603,-.582,.188,-.791,-.177,-.979,-.103);es="Linear";ed="In";};["000-offset.007"]={cf=cfr(0,0,0,.996,-.084,0,.084,.996,0,0,0,1);es="Linear";ed="In";};["000-offset.004"]={cf=cfr(0,0,0,.982,-.189,0,.189,.982,0,0,0,1);es="Linear";ed="In";};["000-offset.008"]={cf=cfr(0,0,0,.294,-.468,.834,.643,.742,.19,-.707,.481,.519);es="Linear";ed="In";};["000-offset.005"]={cf=cfr(0,0,0,.202,-.409,-.89,.175,.909,-.379,.964,-.079,.255);es="Linear";ed="In";};};{tm=.5;["root"]={cf=cfr(.056,9.56,1.015,0,0,1,0,1,0,-1,0,0);es="Linear";ed="In";};["000-offset"]={cf=cfr(0,0,0,-.545,-.838,.014,.838,-.545,0,.008,.012,1);es="Linear";ed="In";};["000-offset.009"]={cf=cfr(0,0,0,.616,-.764,.192,.766,.523,-.374,.185,.378,.907);es="Linear";ed="In";};["000-offset.012"]={cf=cfr(0,0,0,-.559,-.696,-.451,.74,-.664,.107,-.374,-.274,.886);es="Linear";ed="In";};["000-offset.001"]={cf=cfr(0,0,0,.985,-.17,.001,.17,.985,-.013,.001,.013,1);es="Linear";ed="In";};["000-offset.010"]={cf=cfr(0,0,0,.741,.672,0,-.672,.741,0,0,0,1);es="Linear";ed="In";};["000-offset.013"]={cf=cfr(0,0,0,.817,.576,0,-.576,.817,0,0,0,1);es="Linear";ed="In";};["000-offset.002"]={cf=cfr(0,0,0,.352,-.934,-.057,.933,.355,-.05,.067,-.035,.997);es="Linear";ed="In";};["000-offset.011"]={cf=cfr(0,0,0,.084,-.996,-.024,.996,.084,-.004,.006,-.023,1);es="Linear";ed="In";};["000-offset.014"]={cf=cfr(0,0,0,.192,-.98,-.059,.979,.195,-.053,.064,-.048,.997);es="Linear";ed="In";};["000-offset.006"]={cf=cfr(0,0,0,-.761,.545,-.353,-.526,-.199,.827,.381,.814,.438);es="Linear";ed="In";};["000-offset.003"]={cf=cfr(0,0,0,-.771,.039,.636,-.617,.204,-.76,-.16,-.978,-.133);es="Linear";ed="In";};["000-offset.007"]={cf=cfr(0,0,0,.99,-.138,0,.138,.99,0,0,0,1);es="Linear";ed="In";};["000-offset.004"]={cf=cfr(0,0,0,.97,-.244,0,.244,.97,0,0,0,1);es="Linear";ed="In";};["000-offset.008"]={cf=cfr(0,0,0,.249,-.439,.863,.628,.752,.201,-.737,.492,.463);es="Linear";ed="In";};["000-offset.005"]={cf=cfr(0,0,0,.17,-.336,-.926,.152,.938,-.313,.974,-.088,.21);es="Linear";ed="In";};};{tm=.542;["root"]={cf=cfr(.056,9.644,.691,0,0,1,0,1,0,-1,0,0);es="Linear";ed="In";};["000-offset"]={cf=cfr(0,0,0,-.357,-.934,.008,.934,-.357,-.002,.005,.007,1);es="Linear";ed="In";};["000-offset.009"]={cf=cfr(0,0,0,.537,-.824,.177,.814,.452,-.365,.221,.341,.914);es="Linear";ed="In";};["000-offset.012"]={cf=cfr(0,0,0,-.339,-.831,-.442,.886,-.44,.148,-.317,-.341,.885);es="Linear";ed="In";};["000-offset.001"]={cf=cfr(0,0,0,.957,-.29,.002,.29,.957,-.008,.001,.008,1);es="Linear";ed="In";};["000-offset.010"]={cf=cfr(0,0,0,.776,.63,0,-.63,.776,0,0,0,1);es="Linear";ed="In";};["000-offset.013"]={cf=cfr(0,0,0,.784,.62,0,-.62,.784,0,0,0,1);es="Linear";ed="In";};["000-offset.002"]={cf=cfr(0,0,0,.272,-.962,-.03,.962,.272,-.031,.038,-.021,.999);es="Linear";ed="In";};["000-offset.011"]={cf=cfr(0,0,0,.171,-.985,-.015,.985,.171,-.001,.004,-.014,1);es="Linear";ed="In";};["000-offset.014"]={cf=cfr(0,0,0,.09,-.995,-.033,.995,.091,-.043,.046,-.029,.998);es="Linear";ed="In";};["000-offset.006"]={cf=cfr(0,0,0,-.765,.548,-.338,-.531,-.239,.813,.365,.801,.473);es="Linear";ed="In";};["000-offset.003"]={cf=cfr(0,0,0,-.754,.002,.657,-.642,.211,-.737,-.14,-.978,-.158);es="Linear";ed="In";};["000-offset.007"]={cf=cfr(0,0,0,.98,-.197,0,.197,.98,0,0,0,1);es="Linear";ed="In";};["000-offset.004"]={cf=cfr(0,0,0,.953,-.302,0,.302,.953,0,0,0,1);es="Linear";ed="In";};["000-offset.008"]={cf=cfr(0,0,0,.212,-.41,.887,.61,.765,.207,-.763,.497,.412);es="Linear";ed="In";};["000-offset.005"]={cf=cfr(0,0,0,.143,-.265,-.954,.133,.96,-.247,.981,-.091,.172);es="Linear";ed="In";};};{tm=.583;["root"]={cf=cfr(.056,9.715,.465,0,0,1,0,1,0,-1,0,0);es="Linear";ed="In";};["000-offset"]={cf=cfr(0,0,0,-.203,-.979,.004,.979,-.203,-.001,.002,.003,1);es="Linear";ed="In";};["000-offset.009"]={cf=cfr(0,0,0,.377,-.911,.17,.882,.296,-.367,.283,.288,.915);es="Linear";ed="In";};["000-offset.012"]={cf=cfr(0,0,0,-.116,-.891,-.439,.958,-.217,.188,-.263,-.399,.879);es="Linear";ed="In";};["000-offset.001"]={cf=cfr(0,0,0,.925,-.379,.001,.379,.925,-.003,0,.004,1);es="Linear";ed="In";};["000-offset.010"]={cf=cfr(0,0,0,.801,.599,0,-.599,.801,0,0,0,1);es="Linear";ed="In";};["000-offset.013"]={cf=cfr(0,0,0,.752,.659,0,-.659,.752,0,0,0,1);es="Linear";ed="In";};["000-offset.002"]={cf=cfr(0,0,0,.209,-.978,-.012,.978,.209,-.014,.016,-.009,1);es="Linear";ed="In";};["000-offset.011"]={cf=cfr(0,0,0,.237,-.971,-.007,.971,.237,0,.002,-.006,1);es="Linear";ed="In";};["000-offset.014"]={cf=cfr(0,0,0,.003,-1,-.016,1,.003,-.031,.031,-.016,.999);es="Linear";ed="In";};["000-offset.006"]={cf=cfr(0,0,0,-.769,.548,-.329,-.535,-.27,.8,.35,.791,.501);es="Linear";ed="In";};["000-offset.003"]={cf=cfr(0,0,0,-.743,-.028,.669,-.658,.212,-.722,-.121,-.977,-.176);es="Linear";ed="In";};["000-offset.007"]={cf=cfr(0,0,0,.968,-.249,0,.249,.968,0,0,0,1);es="Linear";ed="In";};["000-offset.004"]={cf=cfr(0,0,0,.935,-.353,0,.353,.935,0,0,0,1);es="Linear";ed="In";};["000-offset.008"]={cf=cfr(0,0,0,.186,-.385,.904,.592,.778,.21,-.784,.497,.372);es="Linear";ed="In";};["000-offset.005"]={cf=cfr(0,0,0,.124,-.205,-.971,.118,.975,-.191,.985,-.091,.145);es="Linear";ed="In";};};{tm=.625;["root"]={cf=cfr(.056,9.757,.367,0,0,1,0,1,0,-1,0,0);es="Linear";ed="In";};["000-offset"]={cf=cfr(0,0,0,-.109,-.994,.001,.994,-.109,0,0,.001,1);es="Linear";ed="In";};["000-offset.009"]={cf=cfr(0,0,0,.224,-.959,.175,.914,.145,-.378,.337,.245,.909);es="Linear";ed="In";};["000-offset.012"]={cf=cfr(0,0,0,.042,-.898,-.439,.974,-.062,.22,-.224,-.437,.871);es="Linear";ed="In";};["000-offset.001"]={cf=cfr(0,0,0,.902,-.432,0,.432,.902,-.001,0,.001,1);es="Linear";ed="In";};["000-offset.010"]={cf=cfr(0,0,0,.815,.58,0,-.58,.815,0,0,0,1);es="Linear";ed="In";};["000-offset.013"]={cf=cfr(0,0,0,.729,.685,0,-.685,.729,0,0,0,1);es="Linear";ed="In";};["000-offset.002"]={cf=cfr(0,0,0,.171,-.985,-.002,.985,.171,-.003,.003,-.002,1);es="Linear";ed="In";};["000-offset.011"]={cf=cfr(0,0,0,.278,-.961,-.001,.961,.278,0,0,-.001,1);es="Linear";ed="In";};["000-offset.014"]={cf=cfr(0,0,0,-.054,-.999,-.007,.998,-.054,-.022,.021,-.008,1);es="Linear";ed="In";};["000-offset.006"]={cf=cfr(0,0,0,-.771,.547,-.325,-.539,-.29,.791,.339,.785,.518);es="Linear";ed="In";};["000-offset.003"]={cf=cfr(0,0,0,-.737,-.046,.674,-.667,.21,-.715,-.109,-.977,-.186);es="Linear";ed="In";};["000-offset.007"]={cf=cfr(0,0,0,.959,-.284,0,.284,.959,0,0,0,1);es="Linear";ed="In";};["000-offset.004"]={cf=cfr(0,0,0,.922,-.388,0,.388,.922,0,0,0,1);es="Linear";ed="In";};["000-offset.008"]={cf=cfr(0,0,0,.17,-.369,.914,.58,.787,.21,-.796,.495,.348);es="Linear";ed="In";};["000-offset.005"]={cf=cfr(0,0,0,.112,-.166,-.98,.109,.982,-.153,.988,-.089,.128);es="Linear";ed="In";};};{tm=.667;["RootNode"]={cf=cfr(0,0,0,-1,0,0,0,1,0,0,0,-1);es="Linear";ed="In";};["root"]={cf=cfr(.056,9.785,.324,0,0,1,0,1,0,-1,0,0);es="Linear";ed="In";};["000-offset"]={cf=cfr(0,0,0,-.086,-.996,0,.996,-.086,0,0,0,1);es="Linear";ed="In";};["004-offset.001"]={cf=cfr(0,0,0,-.015,-1,0,1,-.015,0,0,0,1);es="Linear";ed="In";};["006-offset"]={cf=cfr(0,0,0,-.015,-1,0,1,-.015,0,0,0,1);es="Linear";ed="In";};["000-offset.009"]={cf=cfr(0,0,0,.178,-.968,.178,.918,.099,-.383,.353,.232,.906);es="Linear";ed="In";};["000-offset.012"]={cf=cfr(0,0,0,.083,-.895,-.439,.973,-.022,.229,-.214,-.446,.869);es="Linear";ed="In";};["000-offset.001"]={cf=cfr(0,0,0,.896,-.445,0,.445,.896,0,0,0,1);es="Linear";ed="In";};["000-offset.010"]={cf=cfr(0,0,0,.818,.576,0,-.576,.818,0,0,0,1);es="Linear";ed="In";};["000-offset.013"]={cf=cfr(0,0,0,.723,.691,0,-.691,.723,0,0,0,1);es="Linear";ed="In";};["004-offset"]={cf=cfr(0,0,0,.035,-.999,0,.999,.035,0,0,0,1);es="Linear";ed="In";};["002-offset"]={cf=cfr(0,0,0,.035,-.999,0,.999,.035,0,0,0,1);es="Linear";ed="In";};["000-offset.002"]={cf=cfr(0,0,0,.161,-.987,0,.987,.161,0,0,0,1);es="Linear";ed="In";};["000-offset.011"]={cf=cfr(0,0,0,.287,-.958,0,.958,.287,0,0,0,1);es="Linear";ed="In";};["000-offset.014"]={cf=cfr(0,0,0,-.068,-.998,-.005,.997,-.068,-.019,.019,-.006,1);es="Linear";ed="In";};["000-offset.006"]={cf=cfr(0,0,0,-.772,.547,-.325,-.54,-.294,.788,.336,.784,.522);es="Linear";ed="In";};["000-offset.003"]={cf=cfr(0,0,0,-.736,-.051,.675,-.669,.21,-.713,-.105,-.976,-.188);es="Linear";ed="In";};["000-offset.007"]={cf=cfr(0,0,0,.956,-.293,0,.293,.956,0,0,0,1);es="Linear";ed="In";};["000-offset.004"]={cf=cfr(0,0,0,.918,-.397,0,.397,.918,0,0,0,1);es="Linear";ed="In";};["000-offset.008"]={cf=cfr(0,0,0,.166,-.365,.916,.577,.789,.21,-.8,.494,.342);es="Linear";ed="In";};["000-offset.005"]={cf=cfr(0,0,0,.11,-.156,-.982,.106,.984,-.144,.988,-.089,.124);es="Linear";ed="In";};};}