local cfr = CFrame.new

return {{tm=0;["Head"]={cf=cfr(0,0,0,1,0,0,0,.342,-.94,0,.94,.342);es="Linear";ed="In";};["LeftUpperArm"]={cf=cfr(0,0,0,.94,.171,.296,-.342,.47,.814,0,-.866,.5);es="Linear";ed="In";};["RightUpperArm"]={cf=cfr(-.02,.114,.423,.985,.073,.157,.174,-.416,-.893,0,.906,-.423);es="Linear";ed="In";};["LeftUpperLeg"]={cf=cfr(0,0,0,.984,.154,.09,-.029,.636,-.771,-.176,.756,.631);es="Linear";ed="In";};["RightUpperLeg"]={cf=cfr(-.004,.1,-.037,.979,-.19,.072,.104,.161,-.981,.175,.968,.178);es="Linear";ed="In";};["UpperTorso"]={cf=cfr(0,0,0,1,0,0,0,0,1,0,-1,0);es="Linear";ed="In";};["LeftLowerArm"]={cf=cfr(0,0,0,1,0,0,0,.5,-.866,0,.866,.5);es="Linear";ed="In";};["LeftFoot"]={cf=cfr(0,0,0,1,0,0,0,1,0,0,0,1);es="Linear";ed="In";};["RightHand"]={cf=cfr(0,0,0,1,0,0,0,1,0,0,0,1);es="Linear";ed="In";};["LeftHand"]={cf=cfr(0,0,0,1,0,0,0,1,0,0,0,1);es="Linear";ed="In";};["LeftLowerLeg"]={cf=cfr(0,0,0,1,0,0,0,-.5,.866,0,-.866,-.5);es="Linear";ed="In";};["RightFoot"]={cf=cfr(0,0,0,1,0,0,0,1,0,0,0,1);es="Linear";ed="In";};["RightLowerLeg"]={cf=cfr(0,0,0,1,0,0,0,.174,.985,0,-.985,.174);es="Linear";ed="In";};["LowerTorso"]={cf=cfr(0,-.986,.083,1,0,0,0,.985,.174,0,-.174,.985);es="Linear";ed="In";};["RightLowerArm"]={cf=cfr(0,0,0,1,0,0,0,.906,-.423,0,.423,.906);es="Linear";ed="In";};};{tm=.117;["Head"]={cf=cfr(0,0,0,1,0,0,0,.766,-.643,0,.643,.766);es="Linear";ed="In";};["LeftUpperArm"]={cf=cfr(0,0,0,.866,.321,.383,-.5,.557,.663,0,-.766,.643);es="Linear";ed="In";};["RightUpperArm"]={cf=cfr(0,0,-.235,.985,-.03,.171,.174,.171,-.97,0,.985,.174);es="Linear";ed="In";};["LeftUpperLeg"]={cf=cfr(0,0,0,.984,.154,.09,-.029,.636,-.771,-.176,.756,.631);es="Linear";ed="In";};["RightUpperLeg"]={cf=cfr(-.004,.1,-.037,.979,-.19,.072,.104,.161,-.981,.175,.968,.178);es="Linear";ed="In";};["UpperTorso"]={cf=cfr(0,0,0,1,0,0,0,.174,.985,0,-.985,.174);es="Linear";ed="In";};["LeftLowerArm"]={cf=cfr(0,0,0,1,0,0,0,.342,-.94,0,.94,.342);es="Linear";ed="In";};["LeftLowerLeg"]={cf=cfr(0,0,0,1,0,0,0,-.5,.866,0,-.866,-.5);es="Linear";ed="In";};["RightLowerLeg"]={cf=cfr(0,0,0,1,0,0,0,.174,.985,0,-.985,.174);es="Linear";ed="In";};["LowerTorso"]={cf=cfr(0,-.986,.083,1,0,0,0,1,0,0,0,1);es="Linear";ed="In";};["RightLowerArm"]={cf=cfr(0,0,0,1,0,0,0,.94,-.342,0,.342,.94);es="Linear";ed="In";};};{tm=.283;["LeftUpperArm"]={cf=cfr(0,.004,.15,1,0,0,0,0,-1,0,1,0);es="Linear";ed="In";};["Head"]={cf=cfr(0,0,0,1,0,0,0,.689,-.725,0,.725,.689);es="Linear";ed="In";};["RightUpperArm"]={cf=cfr(0,.004,.15,1,0,0,0,.087,-.996,0,.996,.087);es="Linear";ed="In";};["LeftUpperLeg"]={cf=cfr(0,-.13,-.053,.97,.226,-.086,-.24,.868,-.435,-.024,.443,.896);es="Linear";ed="In";};["RightUpperLeg"]={cf=cfr(-.143,-.383,.506,.976,-.215,-.022,-.054,-.143,-.988,.21,.966,-.151);es="Linear";ed="In";};["UpperTorso"]={cf=cfr(0,-.421,-.185,1,0,0,0,.398,.917,0,-.917,.398);es="Linear";ed="In";};["LeftFoot"]={cf=cfr(0,0,0,1,0,0,0,1,0,0,0,1);es="Linear";ed="In";};["LeftLowerLeg"]={cf=cfr(0,0,0,1,0,0,0,0,1,0,-1,0);es="Linear";ed="In";};["RightLowerArm"]={cf=cfr(.001,0,0,1,0,0,0,.707,-.707,0,.707,.707);es="Linear";ed="In";};["LowerTorso"]={cf=cfr(0,-.734,.475,1,0,0,0,.927,.375,0,-.375,.927);es="Linear";ed="In";};["RightFoot"]={cf=cfr(0,0,0,1,0,0,0,1,0,0,0,1);es="Linear";ed="In";};["RightLowerLeg"]={cf=cfr(0,0,0,1,0,0,0,.342,.94,0,-.94,.342);es="Linear";ed="In";};["LeftLowerArm"]={cf=cfr(0,0,0,1,0,0,0,.707,-.707,0,.707,.707);es="Linear";ed="In";};["LeftHand"]={cf=cfr(0,0,0,1,0,0,0,1,0,0,0,1);es="Linear";ed="In";};["RightHand"]={cf=cfr(.001,0,0,1,0,0,0,1,0,0,0,1);es="Linear";ed="In";};};}