local cfr = CFrame.new

return {{tm=0;["Head"]={cf=cfr(0,0,0,1,0,0,0,1,0,0,0,1);es="Quad";ed="InOut";};["LeftUpperArm"]={cf=cfr(-.012,-.067,.031,.947,.3,-.119,-.29,.952,.095,.142,-.056,.988);es="Quad";ed="InOut";};["RightUpperArm"]={cf=cfr(0,0,0,.985,-.174,0,.168,.951,.259,-.045,-.255,.966);es="Quad";ed="InOut";};["LeftUpperLeg"]={cf=cfr(.1,0,0,.643,.542,.542,0,.707,-.707,-.766,.455,.455);es="Quad";ed="InOut";};["RightUpperLeg"]={cf=cfr(-.1,0,0,.643,-.542,-.542,0,.707,-.707,.766,.455,.455);es="Quad";ed="InOut";};["UpperTorso"]={cf=cfr(0,0,0,1,0,0,0,.985,.174,0,-.174,.985);es="Quad";ed="InOut";};["LeftLowerLeg"]={cf=cfr(0,0,0,1,0,0,0,.766,.643,0,-.643,.766);es="Quad";ed="InOut";};["RightLowerLeg"]={cf=cfr(0,0,0,1,0,0,0,.766,.643,0,-.643,.766);es="Quad";ed="InOut";};["LeftLowerArm"]={cf=cfr(0,0,0,1,0,0,0,.707,-.707,0,.707,.707);es="Quad";ed="InOut";};["LowerTorso"]={cf=cfr(0,-.373,0,1,0,0,0,1,0,0,0,1);es="Quad";ed="InOut";};["RightLowerArm"]={cf=cfr(0,0,0,1,0,0,0,.574,-.819,0,.819,.574);es="Quad";ed="InOut";};};{tm=.017;["RightUpperArm"]={cf=cfr(0,0,0,.985,-.174,0,.168,.951,.259,-.045,-.255,.966);es="Linear";ed="In";};["LeftUpperArm"]={cf=cfr(-.012,-.067,.031,.947,.3,-.119,-.29,.952,.095,.142,-.056,.988);es="Linear";ed="In";};["Head"]={cf=cfr(0,0,0,1,0,0,0,1,0,0,0,1);es="Linear";ed="In";};["UpperTorso"]={cf=cfr(0,0,0,1,0,0,0,.985,.174,0,-.174,.985);es="Linear";ed="In";};["RightUpperLeg"]={cf=cfr(-.1,0,0,.643,-.542,-.542,0,.707,-.707,.766,.455,.454);es="Linear";ed="In";};["LeftUpperLeg"]={cf=cfr(.1,0,0,.643,.542,.542,0,.707,-.707,-.766,.455,.454);es="Linear";ed="In";};["LeftLowerLeg"]={cf=cfr(0,0,0,1,0,0,0,.766,.643,0,-.643,.766);es="Linear";ed="In";};["RightLowerLeg"]={cf=cfr(0,0,0,1,0,0,0,.766,.643,0,-.643,.766);es="Linear";ed="In";};["LeftLowerArm"]={cf=cfr(0,0,0,1,0,0,0,.707,-.707,0,.707,.707);es="Linear";ed="In";};["LowerTorso"]={cf=cfr(0,-.373,0,1,0,0,0,1,0,0,0,1);es="Linear";ed="In";};["RightLowerArm"]={cf=cfr(0,0,0,1,0,0,0,.574,-.819,0,.819,.574);es="Linear";ed="In";};};{tm=.033;["RightUpperArm"]={cf=cfr(0,0,0,.985,-.174,0,.168,.951,.258,-.045,-.254,.966);es="Linear";ed="In";};["LeftUpperArm"]={cf=cfr(-.012,-.067,.031,.947,.3,-.119,-.29,.952,.095,.142,-.055,.988);es="Linear";ed="In";};["Head"]={cf=cfr(0,0,0,1,0,0,0,1,.001,0,-.001,1);es="Linear";ed="In";};["UpperTorso"]={cf=cfr(0,0,0,1,0,0,0,.985,.174,0,-.174,.985);es="Linear";ed="In";};["RightUpperLeg"]={cf=cfr(-.1,0,0,.643,-.542,-.541,0,.707,-.707,.766,.455,.454);es="Linear";ed="In";};["LeftUpperLeg"]={cf=cfr(.1,0,0,.643,.542,.541,0,.707,-.707,-.766,.455,.454);es="Linear";ed="In";};["LeftLowerLeg"]={cf=cfr(0,0,0,1,0,0,0,.765,.644,0,-.644,.765);es="Linear";ed="In";};["RightLowerLeg"]={cf=cfr(0,0,0,1,0,0,0,.765,.644,0,-.644,.765);es="Linear";ed="In";};["LeftLowerArm"]={cf=cfr(0,0,0,1,0,0,0,.707,-.707,0,.707,.707);es="Linear";ed="In";};["LowerTorso"]={cf=cfr(0,-.373,0,1,0,0,0,1,0,0,0,1);es="Linear";ed="In";};["RightLowerArm"]={cf=cfr(0,0,0,1,0,0,0,.574,-.819,0,.819,.574);es="Linear";ed="In";};};{tm=.05;["RightUpperArm"]={cf=cfr(0,0,0,.985,-.174,0,.168,.952,.258,-.045,-.254,.966);es="Linear";ed="In";};["LeftUpperArm"]={cf=cfr(-.012,-.067,.031,.947,.3,-.119,-.29,.953,.094,.142,-.055,.988);es="Linear";ed="In";};["Head"]={cf=cfr(0,0,0,1,0,0,0,1,.002,0,-.002,1);es="Linear";ed="In";};["UpperTorso"]={cf=cfr(0,0,0,1,0,0,0,.985,.175,0,-.175,.985);es="Linear";ed="In";};["RightUpperLeg"]={cf=cfr(-.1,0,0,.643,-.542,-.541,0,.706,-.708,.766,.455,.454);es="Linear";ed="In";};["LeftUpperLeg"]={cf=cfr(.1,0,0,.643,.542,.541,0,.706,-.708,-.766,.455,.454);es="Linear";ed="In";};["LeftLowerLeg"]={cf=cfr(0,0,0,1,0,0,0,.764,.645,0,-.645,.764);es="Linear";ed="In";};["RightLowerLeg"]={cf=cfr(0,0,0,1,0,0,0,.764,.645,0,-.645,.764);es="Linear";ed="In";};["LeftLowerArm"]={cf=cfr(0,0,0,1,0,0,0,.708,-.706,0,.706,.708);es="Linear";ed="In";};["LowerTorso"]={cf=cfr(0,-.374,0,1,0,0,0,1,0,0,0,1);es="Linear";ed="In";};["RightLowerArm"]={cf=cfr(0,0,0,1,0,0,0,.575,-.818,0,.818,.575);es="Linear";ed="In";};};{tm=.067;["RightUpperArm"]={cf=cfr(0,0,0,.985,-.174,0,.168,.952,.257,-.045,-.253,.966);es="Linear";ed="In";};["LeftUpperArm"]={cf=cfr(-.012,-.067,.031,.947,.299,-.119,-.29,.953,.093,.142,-.054,.988);es="Linear";ed="In";};["Head"]={cf=cfr(0,0,0,1,0,0,0,1,.004,0,-.004,1);es="Linear";ed="In";};["UpperTorso"]={cf=cfr(0,0,0,1,0,0,0,.984,.176,0,-.176,.984);es="Linear";ed="In";};["RightUpperLeg"]={cf=cfr(-.1,0,0,.643,-.543,-.541,0,.706,-.709,.766,.455,.454);es="Linear";ed="In";};["LeftUpperLeg"]={cf=cfr(.1,0,0,.643,.543,.541,0,.706,-.709,-.766,.455,.454);es="Linear";ed="In";};["LeftLowerLeg"]={cf=cfr(0,0,0,1,0,0,0,.763,.646,0,-.646,.763);es="Linear";ed="In";};["RightLowerLeg"]={cf=cfr(0,0,0,1,0,0,0,.763,.646,0,-.646,.763);es="Linear";ed="In";};["LeftLowerArm"]={cf=cfr(0,0,0,1,0,0,0,.709,-.706,0,.706,.709);es="Linear";ed="In";};["LowerTorso"]={cf=cfr(0,-.374,0,1,0,0,0,1,0,0,0,1);es="Linear";ed="In";};["RightLowerArm"]={cf=cfr(0,0,0,1,0,0,0,.575,-.818,0,.818,.575);es="Linear";ed="In";};};{tm=.083;["RightUpperArm"]={cf=cfr(0,0,0,.985,-.174,.001,.168,.952,.256,-.045,-.252,.967);es="Linear";ed="In";};["LeftUpperArm"]={cf=cfr(-.012,-.067,.031,.947,.299,-.12,-.29,.953,.092,.142,-.052,.989);es="Linear";ed="In";};["Head"]={cf=cfr(0,-.001,0,1,0,0,0,1,.007,0,-.007,1);es="Linear";ed="In";};["UpperTorso"]={cf=cfr(0,0,0,1,0,0,0,.984,.177,0,-.177,.984);es="Linear";ed="In";};["RightUpperLeg"]={cf=cfr(-.1,0,0,.643,-.543,-.54,0,.705,-.709,.766,.456,.453);es="Linear";ed="In";};["LeftUpperLeg"]={cf=cfr(.1,0,0,.643,.543,.54,0,.705,-.709,-.766,.456,.453);es="Linear";ed="In";};["LeftLowerLeg"]={cf=cfr(0,0,0,1,0,0,0,.762,.648,0,-.648,.762);es="Linear";ed="In";};["RightLowerLeg"]={cf=cfr(0,0,0,1,0,0,0,.762,.648,0,-.648,.762);es="Linear";ed="In";};["LeftLowerArm"]={cf=cfr(0,0,0,1,0,0,0,.709,-.705,0,.705,.709);es="Linear";ed="In";};["LowerTorso"]={cf=cfr(0,-.375,0,1,0,0,0,1,0,0,0,1);es="Linear";ed="In";};["RightLowerArm"]={cf=cfr(0,0,0,1,0,0,0,.576,-.817,0,.817,.576);es="Linear";ed="In";};};{tm=.1;["RightUpperArm"]={cf=cfr(0,0,0,.985,-.174,.001,.168,.952,.254,-.045,-.25,.967);es="Linear";ed="In";};["LeftUpperArm"]={cf=cfr(-.012,-.067,.031,.947,.299,-.12,-.29,.953,.091,.142,-.051,.989);es="Linear";ed="In";};["Head"]={cf=cfr(0,-.001,0,1,0,0,0,1,.01,0,-.01,1);es="Linear";ed="In";};["UpperTorso"]={cf=cfr(0,0,0,1,0,0,0,.984,.178,0,-.178,.984);es="Linear";ed="In";};["RightUpperLeg"]={cf=cfr(-.1,0,0,.643,-.544,-.539,0,.704,-.711,.766,.457,.452);es="Linear";ed="In";};["LeftUpperLeg"]={cf=cfr(.1,0,0,.643,.544,.539,0,.704,-.711,-.766,.457,.452);es="Linear";ed="In";};["LeftLowerLeg"]={cf=cfr(0,0,0,1,0,0,0,.76,.65,0,-.65,.76);es="Linear";ed="In";};["RightLowerLeg"]={cf=cfr(0,0,0,1,0,0,0,.76,.65,0,-.65,.76);es="Linear";ed="In";};["LeftLowerArm"]={cf=cfr(0,0,0,1,0,0,0,.711,-.704,0,.704,.711);es="Linear";ed="In";};["LowerTorso"]={cf=cfr(0,-.375,0,1,0,0,0,1,0,0,0,1);es="Linear";ed="In";};["RightLowerArm"]={cf=cfr(0,0,0,1,0,0,0,.578,-.816,0,.816,.578);es="Linear";ed="In";};};{tm=.117;["RightUpperArm"]={cf=cfr(0,0,0,.985,-.174,.001,.168,.953,.253,-.045,-.249,.968);es="Linear";ed="In";};["LeftUpperArm"]={cf=cfr(-.012,-.067,.031,.947,.299,-.121,-.29,.953,.089,.142,-.049,.989);es="Linear";ed="In";};["Head"]={cf=cfr(0,-.001,0,1,0,0,0,1,.013,0,-.013,1);es="Linear";ed="In";};["UpperTorso"]={cf=cfr(0,0,0,1,0,0,0,.984,.18,0,-.18,.984);es="Linear";ed="In";};["RightUpperLeg"]={cf=cfr(-.1,0,0,.643,-.545,-.538,0,.702,-.712,.766,.458,.452);es="Linear";ed="In";};["LeftUpperLeg"]={cf=cfr(.1,0,0,.643,.545,.538,0,.702,-.712,-.766,.458,.452);es="Linear";ed="In";};["LeftLowerLeg"]={cf=cfr(0,0,0,1,0,0,0,.757,.653,0,-.653,.757);es="Linear";ed="In";};["RightLowerLeg"]={cf=cfr(0,0,0,1,0,0,0,.757,.653,0,-.653,.757);es="Linear";ed="In";};["LeftLowerArm"]={cf=cfr(0,0,0,1,0,0,0,.712,-.702,0,.702,.712);es="Linear";ed="In";};["LowerTorso"]={cf=cfr(0,-.376,0,1,0,0,0,1,0,0,0,1);es="Linear";ed="In";};["RightLowerArm"]={cf=cfr(0,0,0,1,0,0,0,.579,-.815,0,.815,.579);es="Linear";ed="In";};};{tm=.133;["RightUpperArm"]={cf=cfr(0,0,0,.985,-.174,.001,.168,.953,.251,-.045,-.247,.968);es="Linear";ed="In";};["LeftUpperArm"]={cf=cfr(-.012,-.067,.031,.947,.299,-.121,-.29,.953,.087,.142,-.047,.989);es="Linear";ed="In";};["Head"]={cf=cfr(0,-.001,0,1,0,0,0,1,.017,0,-.017,1);es="Linear";ed="In";};["UpperTorso"]={cf=cfr(0,0,0,1,0,0,0,.983,.182,0,-.182,.983);es="Linear";ed="In";};["RightUpperLeg"]={cf=cfr(-.1,0,0,.643,-.546,-.537,0,.701,-.713,.766,.458,.451);es="Linear";ed="In";};["LeftUpperLeg"]={cf=cfr(.1,0,0,.643,.546,.537,0,.701,-.713,-.766,.458,.451);es="Linear";ed="In";};["LeftLowerLeg"]={cf=cfr(0,0,0,1,0,0,0,.755,.656,0,-.656,.755);es="Linear";ed="In";};["RightLowerLeg"]={cf=cfr(0,0,0,1,0,0,0,.755,.656,0,-.656,.755);es="Linear";ed="In";};["LeftLowerArm"]={cf=cfr(0,0,0,1,0,0,0,.713,-.701,0,.701,.713);es="Linear";ed="In";};["LowerTorso"]={cf=cfr(0,-.377,0,1,0,0,0,1,0,0,0,1);es="Linear";ed="In";};["RightLowerArm"]={cf=cfr(0,0,0,1,0,0,0,.581,-.814,0,.814,.581);es="Linear";ed="In";};};{tm=.15;["RightUpperArm"]={cf=cfr(0,0,0,.985,-.174,.002,.168,.954,.248,-.045,-.244,.969);es="Linear";ed="In";};["LeftUpperArm"]={cf=cfr(-.012,-.067,.031,.947,.298,-.122,-.29,.953,.085,.142,-.045,.989);es="Linear";ed="In";};["Head"]={cf=cfr(0,-.001,0,1,0,0,0,1,.022,0,-.022,1);es="Linear";ed="In";};["UpperTorso"]={cf=cfr(0,0,0,1,0,0,0,.983,.184,0,-.184,.983);es="Linear";ed="In";};["RightUpperLeg"]={cf=cfr(-.1,0,0,.643,-.548,-.536,0,.699,-.715,.766,.459,.45);es="Linear";ed="In";};["LeftUpperLeg"]={cf=cfr(.1,0,0,.643,.548,.536,0,.699,-.715,-.766,.459,.45);es="Linear";ed="In";};["LeftLowerLeg"]={cf=cfr(0,.001,-.001,1,0,0,0,.752,.659,0,-.659,.752);es="Linear";ed="In";};["RightLowerLeg"]={cf=cfr(0,.001,-.001,1,0,0,0,.752,.659,0,-.659,.752);es="Linear";ed="In";};["LeftLowerArm"]={cf=cfr(0,0,0,1,0,0,0,.715,-.699,0,.699,.715);es="Linear";ed="In";};["LowerTorso"]={cf=cfr(0,-.378,0,1,0,0,0,1,0,0,0,1);es="Linear";ed="In";};["RightLowerArm"]={cf=cfr(0,0,0,1,0,0,0,.582,-.813,0,.813,.582);es="Linear";ed="In";};};{tm=.167;["RightUpperArm"]={cf=cfr(0,0,0,.985,-.174,.002,.168,.955,.246,-.045,-.242,.969);es="Linear";ed="In";};["LeftUpperArm"]={cf=cfr(-.012,-.067,.031,.947,.298,-.123,-.29,.954,.082,.142,-.042,.989);es="Linear";ed="In";};["Head"]={cf=cfr(0,-.002,0,1,0,0,0,1,.027,0,-.027,1);es="Linear";ed="In";};["UpperTorso"]={cf=cfr(0,0,0,1,0,0,0,.982,.187,0,-.187,.982);es="Linear";ed="In";};["RightUpperLeg"]={cf=cfr(-.1,0,0,.643,-.549,-.534,0,.698,-.717,.766,.461,.448);es="Linear";ed="In";};["LeftUpperLeg"]={cf=cfr(.1,0,0,.643,.549,.534,0,.698,-.717,-.766,.461,.448);es="Linear";ed="In";};["LeftLowerLeg"]={cf=cfr(0,.001,-.001,1,0,0,0,.748,.663,0,-.663,.748);es="Linear";ed="In";};["RightLowerLeg"]={cf=cfr(0,.001,-.001,1,0,0,0,.748,.663,0,-.663,.748);es="Linear";ed="In";};["LeftLowerArm"]={cf=cfr(0,0,0,1,0,0,0,.717,-.698,0,.698,.717);es="Linear";ed="In";};["LowerTorso"]={cf=cfr(0,-.38,0,1,0,0,0,1,0,0,0,1);es="Linear";ed="In";};["RightLowerArm"]={cf=cfr(0,0,0,1,0,0,0,.585,-.811,0,.811,.585);es="Linear";ed="In";};};{tm=.183;["RightUpperArm"]={cf=cfr(0,0,0,.985,-.174,.003,.168,.955,.243,-.045,-.239,.97);es="Linear";ed="In";};["LeftUpperArm"]={cf=cfr(-.012,-.067,.031,.947,.298,-.124,-.29,.954,.08,.142,-.04,.989);es="Linear";ed="In";};["Head"]={cf=cfr(0,-.002,0,1,0,0,0,.999,.033,0,-.033,.999);es="Linear";ed="In";};["UpperTorso"]={cf=cfr(0,-.001,0,1,0,0,0,.982,.19,0,-.19,.982);es="Linear";ed="In";};["RightUpperLeg"]={cf=cfr(-.1,0,0,.643,-.55,-.533,0,.695,-.719,.766,.462,.447);es="Linear";ed="In";};["LeftUpperLeg"]={cf=cfr(.1,0,0,.643,.55,.533,0,.695,-.719,-.766,.462,.447);es="Linear";ed="In";};["LeftLowerLeg"]={cf=cfr(0,.001,-.001,1,0,0,0,.745,.667,0,-.667,.745);es="Linear";ed="In";};["RightLowerLeg"]={cf=cfr(0,.001,-.001,1,0,0,0,.745,.667,0,-.667,.745);es="Linear";ed="In";};["LeftLowerArm"]={cf=cfr(0,0,0,1,0,0,0,.719,-.695,0,.695,.719);es="Linear";ed="In";};["LowerTorso"]={cf=cfr(0,-.381,0,1,0,0,0,1,0,0,0,1);es="Linear";ed="In";};["RightLowerArm"]={cf=cfr(0,0,0,1,0,0,0,.587,-.81,0,.81,.587);es="Linear";ed="In";};};{tm=.2;["RightUpperArm"]={cf=cfr(0,0,0,.985,-.174,.003,.168,.956,.24,-.045,-.236,.971);es="Linear";ed="In";};["LeftUpperArm"]={cf=cfr(-.012,-.067,.031,.947,.297,-.125,-.29,.954,.077,.142,-.037,.989);es="Linear";ed="In";};["Head"]={cf=cfr(0,-.002,0,1,0,0,0,.999,.039,0,-.039,.999);es="Linear";ed="In";};["UpperTorso"]={cf=cfr(0,-.001,0,1,0,0,0,.981,.193,0,-.193,.981);es="Linear";ed="In";};["RightUpperLeg"]={cf=cfr(-.1,0,0,.643,-.552,-.531,0,.693,-.721,.766,.463,.446);es="Linear";ed="In";};["LeftUpperLeg"]={cf=cfr(.1,0,0,.643,.552,.531,0,.693,-.721,-.766,.463,.446);es="Linear";ed="In";};["LeftLowerLeg"]={cf=cfr(0,.001,-.001,1,0,0,0,.741,.672,0,-.672,.741);es="Linear";ed="In";};["RightLowerLeg"]={cf=cfr(0,.001,-.001,1,0,0,0,.741,.672,0,-.672,.741);es="Linear";ed="In";};["LeftLowerArm"]={cf=cfr(0,0,0,1,0,0,0,.721,-.693,0,.693,.721);es="Linear";ed="In";};["LowerTorso"]={cf=cfr(0,-.383,0,1,0,0,0,1,0,0,0,1);es="Linear";ed="In";};["RightLowerArm"]={cf=cfr(0,0,0,1,0,0,0,.589,-.808,0,.808,.589);es="Linear";ed="In";};};{tm=.217;["RightUpperArm"]={cf=cfr(0,0,0,.985,-.174,.004,.168,.957,.237,-.045,-.233,.971);es="Linear";ed="In";};["LeftUpperArm"]={cf=cfr(-.012,-.067,.031,.947,.297,-.126,-.29,.954,.074,.142,-.033,.989);es="Linear";ed="In";};["Head"]={cf=cfr(0,-.003,0,1,0,0,0,.999,.046,0,-.046,.999);es="Linear";ed="In";};["UpperTorso"]={cf=cfr(0,-.001,0,1,0,0,0,.981,.196,0,-.196,.981);es="Linear";ed="In";};["RightUpperLeg"]={cf=cfr(-.1,0,0,.643,-.554,-.529,0,.691,-.723,.766,.465,.444);es="Linear";ed="In";};["LeftUpperLeg"]={cf=cfr(.1,0,0,.643,.554,.529,0,.691,-.723,-.766,.465,.444);es="Linear";ed="In";};["LeftLowerLeg"]={cf=cfr(0,.001,-.001,1,0,0,0,.736,.677,0,-.677,.736);es="Linear";ed="In";};["RightLowerLeg"]={cf=cfr(0,.001,-.001,1,0,0,0,.736,.677,0,-.677,.736);es="Linear";ed="In";};["LeftLowerArm"]={cf=cfr(0,0,0,1,0,0,0,.723,-.691,0,.691,.723);es="Linear";ed="In";};["LowerTorso"]={cf=cfr(0,-.384,0,1,0,0,0,1,0,0,0,1);es="Linear";ed="In";};["RightLowerArm"]={cf=cfr(0,0,0,1,0,0,0,.592,-.806,0,.806,.592);es="Linear";ed="In";};};{tm=.233;["RightUpperArm"]={cf=cfr(0,0,0,.985,-.174,.005,.168,.958,.234,-.045,-.229,.972);es="Linear";ed="In";};["LeftUpperArm"]={cf=cfr(-.012,-.067,.031,.947,.297,-.127,-.29,.955,.07,.142,-.03,.989);es="Linear";ed="In";};["Head"]={cf=cfr(0,-.003,0,1,0,0,0,.999,.053,0,-.053,.999);es="Linear";ed="In";};["UpperTorso"]={cf=cfr(0,-.001,0,1,0,0,0,.98,.2,0,-.2,.98);es="Linear";ed="In";};["RightUpperLeg"]={cf=cfr(-.1,0,0,.643,-.556,-.527,0,.688,-.726,.766,.466,.442);es="Linear";ed="In";};["LeftUpperLeg"]={cf=cfr(.1,0,0,.643,.556,.527,0,.688,-.726,-.766,.466,.442);es="Linear";ed="In";};["LeftLowerLeg"]={cf=cfr(0,.001,-.001,1,0,0,0,.731,.682,0,-.682,.731);es="Linear";ed="In";};["RightLowerLeg"]={cf=cfr(0,.001,-.001,1,0,0,0,.731,.682,0,-.682,.731);es="Linear";ed="In";};["LeftLowerArm"]={cf=cfr(0,0,0,1,0,0,0,.726,-.688,0,.688,.726);es="Linear";ed="In";};["LowerTorso"]={cf=cfr(0,-.386,0,1,0,0,0,1,0,0,0,1);es="Linear";ed="In";};["RightLowerArm"]={cf=cfr(0,0,0,1,0,0,0,.595,-.804,0,.804,.595);es="Linear";ed="In";};};{tm=.25;["RightUpperArm"]={cf=cfr(0,0,0,.985,-.174,.005,.168,.959,.23,-.045,-.226,.973);es="Linear";ed="In";};["LeftUpperArm"]={cf=cfr(-.012,-.067,.031,.947,.296,-.128,-.29,.955,.066,.142,-.026,.99);es="Linear";ed="In";};["Head"]={cf=cfr(0,-.003,0,1,0,0,0,.998,.061,0,-.061,.998);es="Linear";ed="In";};["UpperTorso"]={cf=cfr(0,-.001,0,1,0,0,0,.979,.203,0,-.203,.979);es="Linear";ed="In";};["RightUpperLeg"]={cf=cfr(-.1,0,0,.643,-.558,-.525,0,.685,-.728,.766,.468,.441);es="Linear";ed="In";};["LeftUpperLeg"]={cf=cfr(.1,0,0,.643,.558,.525,0,.685,-.728,-.766,.468,.441);es="Linear";ed="In";};["LeftLowerLeg"]={cf=cfr(0,.001,-.001,1,0,0,0,.726,.688,0,-.688,.726);es="Linear";ed="In";};["RightLowerLeg"]={cf=cfr(0,.001,-.001,1,0,0,0,.726,.688,0,-.688,.726);es="Linear";ed="In";};["LeftLowerArm"]={cf=cfr(0,0,0,1,0,0,0,.728,-.685,0,.685,.728);es="Linear";ed="In";};["LowerTorso"]={cf=cfr(0,-.388,0,1,0,0,0,1,0,0,0,1);es="Linear";ed="In";};["RightLowerArm"]={cf=cfr(0,0,0,1,0,0,0,.598,-.801,0,.801,.598);es="Linear";ed="In";};};{tm=.267;["RightUpperArm"]={cf=cfr(0,0,0,.985,-.174,.006,.168,.96,.226,-.045,-.221,.974);es="Linear";ed="In";};["LeftUpperArm"]={cf=cfr(-.012,-.067,.031,.947,.295,-.129,-.29,.955,.062,.142,-.022,.99);es="Linear";ed="In";};["Head"]={cf=cfr(0,-.003,0,1,0,0,0,.998,.069,0,-.069,.998);es="Linear";ed="In";};["UpperTorso"]={cf=cfr(0,-.001,0,1,0,0,0,.978,.207,0,-.207,.978);es="Linear";ed="In";};["RightUpperLeg"]={cf=cfr(-.1,0,0,.643,-.56,-.523,0,.682,-.731,.766,.47,.439);es="Linear";ed="In";};["LeftUpperLeg"]={cf=cfr(.1,0,0,.643,.56,.523,0,.682,-.731,-.766,.47,.439);es="Linear";ed="In";};["LeftLowerLeg"]={cf=cfr(0,.001,-.001,1,0,0,0,.72,.694,0,-.694,.72);es="Linear";ed="In";};["RightLowerLeg"]={cf=cfr(0,.001,-.001,1,0,0,0,.72,.694,0,-.694,.72);es="Linear";ed="In";};["LeftLowerArm"]={cf=cfr(0,0,0,1,0,0,0,.731,-.682,0,.682,.731);es="Linear";ed="In";};["LowerTorso"]={cf=cfr(0,-.39,0,1,0,0,0,1,0,0,0,1);es="Linear";ed="In";};["RightLowerArm"]={cf=cfr(0,0,0,1,0,0,0,.601,-.799,0,.799,.601);es="Linear";ed="In";};};{tm=.283;["RightUpperArm"]={cf=cfr(0,0,0,.985,-.174,.007,.168,.961,.222,-.045,-.217,.975);es="Linear";ed="In";};["LeftUpperArm"]={cf=cfr(-.012,-.067,.031,.947,.295,-.13,-.29,.955,.058,.142,-.017,.99);es="Linear";ed="In";};["Head"]={cf=cfr(0,-.003,0,1,0,0,0,.997,.078,0,-.078,.997);es="Linear";ed="In";};["UpperTorso"]={cf=cfr(0,-.001,0,1,0,0,0,.977,.212,0,-.212,.977);es="Linear";ed="In";};["RightUpperLeg"]={cf=cfr(-.1,0,0,.643,-.562,-.52,0,.679,-.734,.766,.472,.436);es="Linear";ed="In";};["LeftUpperLeg"]={cf=cfr(.1,0,0,.643,.562,.52,0,.679,-.734,-.766,.472,.436);es="Linear";ed="In";};["LeftLowerLeg"]={cf=cfr(0,.001,-.001,1,0,0,0,.714,.7,0,-.7,.714);es="Linear";ed="In";};["RightLowerLeg"]={cf=cfr(0,.001,-.001,1,0,0,0,.714,.7,0,-.7,.714);es="Linear";ed="In";};["LeftLowerArm"]={cf=cfr(0,0,0,1,0,0,0,.734,-.679,0,.679,.734);es="Linear";ed="In";};["LowerTorso"]={cf=cfr(0,-.392,0,1,0,0,0,1,0,0,0,1);es="Linear";ed="In";};["RightLowerArm"]={cf=cfr(0,0,0,1,0,0,0,.605,-.796,0,.796,.605);es="Linear";ed="In";};};{tm=.3;["RightUpperArm"]={cf=cfr(0,0,0,.985,-.173,.008,.168,.962,.217,-.045,-.213,.976);es="Linear";ed="In";};["LeftUpperArm"]={cf=cfr(-.012,-.067,.031,.947,.294,-.132,-.29,.956,.054,.142,-.013,.99);es="Linear";ed="In";};["Head"]={cf=cfr(0,-.003,0,1,0,0,0,.996,.087,0,-.087,.996);es="Linear";ed="In";};["UpperTorso"]={cf=cfr(0,-.001,0,1,0,0,0,.976,.216,0,-.216,.976);es="Linear";ed="In";};["RightUpperLeg"]={cf=cfr(-.1,0,0,.643,-.565,-.518,0,.676,-.737,.766,.474,.434);es="Linear";ed="In";};["LeftUpperLeg"]={cf=cfr(.1,0,0,.643,.565,.518,0,.676,-.737,-.766,.474,.434);es="Linear";ed="In";};["LeftLowerLeg"]={cf=cfr(0,.001,-.001,1,0,0,0,.707,.707,0,-.707,.707);es="Linear";ed="In";};["RightLowerLeg"]={cf=cfr(0,.001,-.001,1,0,0,0,.707,.707,0,-.707,.707);es="Linear";ed="In";};["LeftLowerArm"]={cf=cfr(0,0,0,1,0,0,0,.737,-.676,0,.676,.737);es="Linear";ed="In";};["LowerTorso"]={cf=cfr(0,-.395,0,1,0,0,0,1,0,0,0,1);es="Linear";ed="In";};["RightLowerArm"]={cf=cfr(0,0,0,1,0,0,0,.609,-.793,0,.793,.609);es="Linear";ed="In";};};{tm=.317;["RightUpperArm"]={cf=cfr(0,0,0,.985,-.173,.008,.168,.963,.213,-.045,-.208,.977);es="Linear";ed="In";};["LeftUpperArm"]={cf=cfr(-.012,-.067,.031,.947,.294,-.133,-.29,.956,.049,.142,-.008,.99);es="Linear";ed="In";};["Head"]={cf=cfr(0,-.003,0,1,0,0,0,.995,.097,0,-.097,.995);es="Linear";ed="In";};["UpperTorso"]={cf=cfr(0,-.001,0,1,0,0,0,.975,.221,0,-.221,.975);es="Linear";ed="In";};["RightUpperLeg"]={cf=cfr(-.1,0,0,.643,-.567,-.515,0,.672,-.74,.766,.476,.432);es="Linear";ed="In";};["LeftUpperLeg"]={cf=cfr(.1,0,0,.643,.567,.515,0,.672,-.74,-.766,.476,.432);es="Linear";ed="In";};["LeftLowerLeg"]={cf=cfr(0,.001,-.001,1,0,0,0,.7,.714,0,-.714,.7);es="Linear";ed="In";};["RightLowerLeg"]={cf=cfr(0,.001,-.001,1,0,0,0,.7,.714,0,-.714,.7);es="Linear";ed="In";};["LeftLowerArm"]={cf=cfr(0,0,0,1,0,0,0,.74,-.672,0,.672,.74);es="Linear";ed="In";};["LowerTorso"]={cf=cfr(0,-.397,0,1,0,0,0,1,0,0,0,1);es="Linear";ed="In";};["RightLowerArm"]={cf=cfr(0,0,0,1,0,0,0,.612,-.79,0,.79,.612);es="Linear";ed="In";};};{tm=.333;["RightUpperArm"]={cf=cfr(0,0,0,.985,-.173,.009,.168,.964,.208,-.045,-.204,.978);es="Linear";ed="In";};["LeftUpperArm"]={cf=cfr(-.012,-.067,.031,.947,.293,-.134,-.29,.956,.045,.142,-.004,.99);es="Linear";ed="In";};["Head"]={cf=cfr(0,-.003,0,1,0,0,0,.994,.105,0,-.105,.994);es="Linear";ed="In";};["UpperTorso"]={cf=cfr(0,-.001,0,1,0,0,0,.974,.225,0,-.225,.974);es="Linear";ed="In";};["RightUpperLeg"]={cf=cfr(-.1,0,0,.643,-.57,-.512,0,.669,-.743,.766,.478,.43);es="Linear";ed="In";};["LeftUpperLeg"]={cf=cfr(.1,0,0,.643,.57,.512,0,.669,-.743,-.766,.478,.43);es="Linear";ed="In";};["LeftLowerLeg"]={cf=cfr(0,.001,-.001,1,0,0,0,.694,.72,0,-.72,.694);es="Linear";ed="In";};["RightLowerLeg"]={cf=cfr(0,.001,-.001,1,0,0,0,.694,.72,0,-.72,.694);es="Linear";ed="In";};["LeftLowerArm"]={cf=cfr(0,0,0,1,0,0,0,.743,-.669,0,.669,.743);es="Linear";ed="In";};["LowerTorso"]={cf=cfr(0,-.399,0,1,0,0,0,1,0,0,0,1);es="Linear";ed="In";};["RightLowerArm"]={cf=cfr(0,0,0,1,0,0,0,.616,-.788,0,.788,.616);es="Linear";ed="In";};};{tm=.35;["RightUpperArm"]={cf=cfr(0,0,0,.985,-.173,.01,.168,.964,.204,-.045,-.199,.979);es="Linear";ed="In";};["LeftUpperArm"]={cf=cfr(-.012,-.067,.031,.947,.292,-.136,-.29,.956,.041,.142,.001,.99);es="Linear";ed="In";};["Head"]={cf=cfr(0,-.003,0,1,0,0,0,.994,.114,0,-.114,.994);es="Linear";ed="In";};["UpperTorso"]={cf=cfr(0,-.001,0,1,0,0,0,.973,.229,0,-.229,.973);es="Linear";ed="In";};["RightUpperLeg"]={cf=cfr(-.1,0,0,.643,-.572,-.51,0,.666,-.746,.766,.48,.428);es="Linear";ed="In";};["LeftUpperLeg"]={cf=cfr(.1,0,0,.643,.572,.51,0,.666,-.746,-.766,.48,.428);es="Linear";ed="In";};["LeftLowerLeg"]={cf=cfr(0,.001,-.001,1,0,0,0,.688,.726,0,-.726,.688);es="Linear";ed="In";};["RightLowerLeg"]={cf=cfr(0,.001,-.001,1,0,0,0,.688,.726,0,-.726,.688);es="Linear";ed="In";};["LeftLowerArm"]={cf=cfr(0,0,0,1,0,0,0,.746,-.666,0,.666,.746);es="Linear";ed="In";};["LowerTorso"]={cf=cfr(0,-.401,0,1,0,0,0,1,0,0,0,1);es="Linear";ed="In";};["RightLowerArm"]={cf=cfr(0,0,0,1,0,0,0,.619,-.785,0,.785,.619);es="Linear";ed="In";};};{tm=.367;["RightUpperArm"]={cf=cfr(0,0,0,.985,-.173,.011,.168,.965,.2,-.045,-.196,.98);es="Linear";ed="In";};["LeftUpperArm"]={cf=cfr(-.012,-.067,.031,.947,.292,-.137,-.29,.956,.037,.142,.004,.99);es="Linear";ed="In";};["Head"]={cf=cfr(0,-.003,0,1,0,0,0,.993,.121,0,-.121,.993);es="Linear";ed="In";};["UpperTorso"]={cf=cfr(0,-.001,0,1,0,0,0,.972,.233,0,-.233,.972);es="Linear";ed="In";};["RightUpperLeg"]={cf=cfr(-.1,0,0,.643,-.574,-.508,0,.663,-.749,.766,.481,.426);es="Linear";ed="In";};["LeftUpperLeg"]={cf=cfr(.1,0,0,.643,.574,.508,0,.663,-.749,-.766,.481,.426);es="Linear";ed="In";};["LeftLowerLeg"]={cf=cfr(0,.001,-.001,1,0,0,0,.682,.731,0,-.731,.682);es="Linear";ed="In";};["RightLowerLeg"]={cf=cfr(0,.001,-.001,1,0,0,0,.682,.731,0,-.731,.682);es="Linear";ed="In";};["LeftLowerArm"]={cf=cfr(0,0,0,1,0,0,0,.749,-.663,0,.663,.749);es="Linear";ed="In";};["LowerTorso"]={cf=cfr(0,-.403,0,1,0,0,0,1,0,0,0,1);es="Linear";ed="In";};["RightLowerArm"]={cf=cfr(0,0,0,1,0,0,0,.622,-.783,0,.783,.622);es="Linear";ed="In";};};{tm=.383;["RightUpperArm"]={cf=cfr(0,0,0,.985,-.173,.011,.168,.966,.197,-.045,-.192,.98);es="Linear";ed="In";};["LeftUpperArm"]={cf=cfr(-.012,-.067,.031,.947,.291,-.138,-.29,.957,.034,.142,.008,.99);es="Linear";ed="In";};["Head"]={cf=cfr(0,-.003,0,1,0,0,0,.992,.129,0,-.129,.992);es="Linear";ed="In";};["UpperTorso"]={cf=cfr(0,-.001,0,1,0,0,0,.972,.237,0,-.237,.972);es="Linear";ed="In";};["RightUpperLeg"]={cf=cfr(-.1,0,0,.643,-.575,-.506,0,.66,-.751,.766,.483,.424);es="Linear";ed="In";};["LeftUpperLeg"]={cf=cfr(.1,0,0,.643,.575,.506,0,.66,-.751,-.766,.483,.424);es="Linear";ed="In";};["LeftLowerLeg"]={cf=cfr(0,.001,-.001,1,0,0,0,.677,.736,0,-.736,.677);es="Linear";ed="In";};["RightLowerLeg"]={cf=cfr(0,.001,-.001,1,0,0,0,.677,.736,0,-.736,.677);es="Linear";ed="In";};["LeftLowerArm"]={cf=cfr(0,0,0,1,0,0,0,.751,-.66,0,.66,.751);es="Linear";ed="In";};["LowerTorso"]={cf=cfr(0,-.405,0,1,0,0,0,1,0,0,0,1);es="Linear";ed="In";};["RightLowerArm"]={cf=cfr(0,0,0,1,0,0,0,.625,-.78,0,.78,.625);es="Linear";ed="In";};};{tm=.4;["RightUpperArm"]={cf=cfr(0,0,0,.985,-.173,.012,.168,.967,.194,-.045,-.189,.981);es="Linear";ed="In";};["LeftUpperArm"]={cf=cfr(-.012,-.067,.031,.947,.291,-.139,-.29,.957,.03,.142,.011,.99);es="Linear";ed="In";};["Head"]={cf=cfr(0,-.002,0,1,0,0,0,.991,.135,0,-.135,.991);es="Linear";ed="In";};["UpperTorso"]={cf=cfr(0,-.001,0,1,0,0,0,.971,.24,0,-.24,.971);es="Linear";ed="In";};["RightUpperLeg"]={cf=cfr(-.1,0,0,.643,-.577,-.504,0,.658,-.753,.766,.484,.423);es="Linear";ed="In";};["LeftUpperLeg"]={cf=cfr(.1,0,0,.643,.577,.504,0,.658,-.753,-.766,.484,.423);es="Linear";ed="In";};["LeftLowerLeg"]={cf=cfr(0,.001,-.001,1,0,0,0,.672,.741,0,-.741,.672);es="Linear";ed="In";};["RightLowerLeg"]={cf=cfr(0,.001,-.001,1,0,0,0,.672,.741,0,-.741,.672);es="Linear";ed="In";};["LeftLowerArm"]={cf=cfr(0,0,0,1,0,0,0,.753,-.658,0,.658,.753);es="Linear";ed="In";};["LowerTorso"]={cf=cfr(0,-.406,0,1,0,0,0,1,0,0,0,1);es="Linear";ed="In";};["RightLowerArm"]={cf=cfr(0,0,0,1,0,0,0,.628,-.778,0,.778,.628);es="Linear";ed="In";};};{tm=.417;["RightUpperArm"]={cf=cfr(0,0,0,.985,-.173,.012,.168,.967,.191,-.045,-.186,.982);es="Linear";ed="In";};["LeftUpperArm"]={cf=cfr(-.012,-.067,.031,.947,.291,-.14,-.29,.957,.027,.142,.014,.99);es="Linear";ed="In";};["Head"]={cf=cfr(0,-.002,0,1,0,0,0,.99,.141,0,-.141,.99);es="Linear";ed="In";};["UpperTorso"]={cf=cfr(0,-.001,0,1,0,0,0,.97,.243,0,-.243,.97);es="Linear";ed="In";};["RightUpperLeg"]={cf=cfr(-.1,0,0,.643,-.579,-.502,0,.655,-.755,.766,.486,.421);es="Linear";ed="In";};["LeftUpperLeg"]={cf=cfr(.1,0,0,.643,.579,.502,0,.655,-.755,-.766,.486,.421);es="Linear";ed="In";};["LeftLowerLeg"]={cf=cfr(0,.001,-.001,1,0,0,0,.667,.745,0,-.745,.667);es="Linear";ed="In";};["RightLowerLeg"]={cf=cfr(0,.001,-.001,1,0,0,0,.667,.745,0,-.745,.667);es="Linear";ed="In";};["LeftLowerArm"]={cf=cfr(0,0,0,1,0,0,0,.755,-.655,0,.655,.755);es="Linear";ed="In";};["LowerTorso"]={cf=cfr(0,-.408,0,1,0,0,0,1,0,0,0,1);es="Linear";ed="In";};["RightLowerArm"]={cf=cfr(0,0,0,1,0,0,0,.63,-.776,0,.776,.63);es="Linear";ed="In";};};{tm=.433;["RightUpperArm"]={cf=cfr(0,0,0,.985,-.173,.013,.168,.968,.188,-.045,-.183,.982);es="Linear";ed="In";};["LeftUpperArm"]={cf=cfr(-.012,-.067,.031,.947,.29,-.14,-.29,.957,.025,.142,.017,.99);es="Linear";ed="In";};["Head"]={cf=cfr(0,-.002,0,1,0,0,0,.989,.147,0,-.147,.989);es="Linear";ed="In";};["UpperTorso"]={cf=cfr(0,0,0,1,0,0,0,.969,.246,0,-.246,.969);es="Linear";ed="In";};["RightUpperLeg"]={cf=cfr(-.1,0,0,.643,-.58,-.5,0,.653,-.757,.766,.487,.42);es="Linear";ed="In";};["LeftUpperLeg"]={cf=cfr(.1,0,0,.643,.58,.5,0,.653,-.757,-.766,.487,.42);es="Linear";ed="In";};["LeftLowerLeg"]={cf=cfr(0,.001,-.001,1,0,0,0,.663,.748,0,-.748,.663);es="Linear";ed="In";};["RightLowerLeg"]={cf=cfr(0,.001,-.001,1,0,0,0,.663,.748,0,-.748,.663);es="Linear";ed="In";};["LeftLowerArm"]={cf=cfr(0,0,0,1,0,0,0,.757,-.653,0,.653,.757);es="Linear";ed="In";};["LowerTorso"]={cf=cfr(0,-.409,0,1,0,0,0,1,0,0,0,1);es="Linear";ed="In";};["RightLowerArm"]={cf=cfr(0,0,0,1,0,0,0,.632,-.775,0,.775,.632);es="Linear";ed="In";};};{tm=.45;["RightUpperArm"]={cf=cfr(0,0,0,.985,-.173,.013,.168,.968,.185,-.045,-.18,.983);es="Linear";ed="In";};["LeftUpperArm"]={cf=cfr(-.012,-.067,.031,.947,.29,-.141,-.29,.957,.022,.142,.02,.99);es="Linear";ed="In";};["Head"]={cf=cfr(0,-.001,0,1,0,0,0,.988,.152,0,-.152,.988);es="Linear";ed="In";};["UpperTorso"]={cf=cfr(0,0,0,1,0,0,0,.969,.248,0,-.248,.969);es="Linear";ed="In";};["RightUpperLeg"]={cf=cfr(-.1,0,0,.643,-.581,-.499,0,.651,-.759,.766,.488,.419);es="Linear";ed="In";};["LeftUpperLeg"]={cf=cfr(.1,0,0,.643,.581,.499,0,.651,-.759,-.766,.488,.419);es="Linear";ed="In";};["LeftLowerLeg"]={cf=cfr(0,.001,-.001,1,0,0,0,.659,.752,0,-.752,.659);es="Linear";ed="In";};["RightLowerLeg"]={cf=cfr(0,.001,-.001,1,0,0,0,.659,.752,0,-.752,.659);es="Linear";ed="In";};["LeftLowerArm"]={cf=cfr(0,0,0,1,0,0,0,.759,-.651,0,.651,.759);es="Linear";ed="In";};["LowerTorso"]={cf=cfr(0,-.411,0,1,0,0,0,1,0,0,0,1);es="Linear";ed="In";};["RightLowerArm"]={cf=cfr(0,0,0,1,0,0,0,.634,-.773,0,.773,.634);es="Linear";ed="In";};};{tm=.467;["RightUpperArm"]={cf=cfr(0,0,0,.985,-.173,.014,.168,.969,.183,-.045,-.178,.983);es="Linear";ed="In";};["LeftUpperArm"]={cf=cfr(-.012,-.067,.031,.947,.289,-.142,-.29,.957,.02,.142,.022,.99);es="Linear";ed="In";};["Head"]={cf=cfr(0,-.001,0,1,0,0,0,.988,.157,0,-.157,.988);es="Linear";ed="In";};["UpperTorso"]={cf=cfr(0,0,0,1,0,0,0,.968,.25,0,-.25,.968);es="Linear";ed="In";};["RightUpperLeg"]={cf=cfr(-.1,0,0,.643,-.583,-.497,0,.649,-.76,.766,.489,.417);es="Linear";ed="In";};["LeftUpperLeg"]={cf=cfr(.1,0,0,.643,.583,.497,0,.649,-.76,-.766,.489,.417);es="Linear";ed="In";};["LeftLowerLeg"]={cf=cfr(0,0,0,1,0,0,0,.656,.755,0,-.755,.656);es="Linear";ed="In";};["RightLowerLeg"]={cf=cfr(0,0,0,1,0,0,0,.656,.755,0,-.755,.656);es="Linear";ed="In";};["LeftLowerArm"]={cf=cfr(0,0,0,1,0,0,0,.76,-.649,0,.649,.76);es="Linear";ed="In";};["LowerTorso"]={cf=cfr(0,-.412,0,1,0,0,0,1,0,0,0,1);es="Linear";ed="In";};["RightLowerArm"]={cf=cfr(0,0,0,1,0,0,0,.636,-.772,0,.772,.636);es="Linear";ed="In";};};{tm=.483;["RightUpperArm"]={cf=cfr(0,0,0,.985,-.173,.014,.168,.969,.181,-.045,-.176,.983);es="Linear";ed="In";};["LeftUpperArm"]={cf=cfr(-.012,-.067,.031,.947,.289,-.142,-.29,.957,.018,.142,.024,.99);es="Linear";ed="In";};["Head"]={cf=cfr(0,-.001,0,1,0,0,0,.987,.161,0,-.161,.987);es="Linear";ed="In";};["UpperTorso"]={cf=cfr(0,0,0,1,0,0,0,.968,.252,0,-.252,.968);es="Linear";ed="In";};["RightUpperLeg"]={cf=cfr(-.1,0,0,.643,-.584,-.496,0,.648,-.762,.766,.49,.416);es="Linear";ed="In";};["LeftUpperLeg"]={cf=cfr(.1,0,0,.643,.584,.496,0,.648,-.762,-.766,.49,.416);es="Linear";ed="In";};["LeftLowerLeg"]={cf=cfr(0,0,0,1,0,0,0,.653,.757,0,-.757,.653);es="Linear";ed="In";};["RightLowerLeg"]={cf=cfr(0,0,0,1,0,0,0,.653,.757,0,-.757,.653);es="Linear";ed="In";};["LeftLowerArm"]={cf=cfr(0,0,0,1,0,0,0,.762,-.648,0,.648,.762);es="Linear";ed="In";};["LowerTorso"]={cf=cfr(0,-.413,0,1,0,0,0,1,0,0,0,1);es="Linear";ed="In";};["RightLowerArm"]={cf=cfr(0,0,0,1,0,0,0,.638,-.77,0,.77,.638);es="Linear";ed="In";};};{tm=.5;["RightUpperArm"]={cf=cfr(0,0,0,.985,-.173,.014,.168,.969,.18,-.045,-.175,.984);es="Linear";ed="In";};["LeftUpperArm"]={cf=cfr(-.012,-.067,.031,.947,.289,-.143,-.29,.957,.017,.142,.026,.99);es="Linear";ed="In";};["Head"]={cf=cfr(0,-.001,0,1,0,0,0,.986,.164,0,-.164,.986);es="Linear";ed="In";};["UpperTorso"]={cf=cfr(0,0,0,1,0,0,0,.967,.254,0,-.254,.967);es="Linear";ed="In";};["RightUpperLeg"]={cf=cfr(-.1,0,0,.643,-.584,-.495,0,.646,-.763,.766,.49,.416);es="Linear";ed="In";};["LeftUpperLeg"]={cf=cfr(.1,0,0,.643,.584,.495,0,.646,-.763,-.766,.49,.416);es="Linear";ed="In";};["LeftLowerLeg"]={cf=cfr(0,0,0,1,0,0,0,.65,.76,0,-.76,.65);es="Linear";ed="In";};["RightLowerLeg"]={cf=cfr(0,0,0,1,0,0,0,.65,.76,0,-.76,.65);es="Linear";ed="In";};["LeftLowerArm"]={cf=cfr(0,0,0,1,0,0,0,.763,-.646,0,.646,.763);es="Linear";ed="In";};["LowerTorso"]={cf=cfr(0,-.414,0,1,0,0,0,1,0,0,0,1);es="Linear";ed="In";};["RightLowerArm"]={cf=cfr(0,0,0,1,0,0,0,.639,-.769,0,.769,.639);es="Linear";ed="In";};};{tm=.517;["RightUpperArm"]={cf=cfr(0,0,0,.985,-.173,.015,.168,.97,.178,-.045,-.173,.984);es="Linear";ed="In";};["LeftUpperArm"]={cf=cfr(-.012,-.067,.031,.947,.289,-.143,-.29,.957,.015,.142,.027,.99);es="Linear";ed="In";};["Head"]={cf=cfr(0,-.001,0,1,0,0,0,.986,.167,0,-.167,.986);es="Linear";ed="In";};["UpperTorso"]={cf=cfr(0,0,0,1,0,0,0,.967,.256,0,-.256,.967);es="Linear";ed="In";};["RightUpperLeg"]={cf=cfr(-.1,0,0,.643,-.585,-.494,0,.645,-.764,.766,.491,.415);es="Linear";ed="In";};["LeftUpperLeg"]={cf=cfr(.1,0,0,.643,.585,.494,0,.645,-.764,-.766,.491,.415);es="Linear";ed="In";};["LeftLowerLeg"]={cf=cfr(0,0,0,1,0,0,0,.648,.762,0,-.762,.648);es="Linear";ed="In";};["RightLowerLeg"]={cf=cfr(0,0,0,1,0,0,0,.648,.762,0,-.762,.648);es="Linear";ed="In";};["LeftLowerArm"]={cf=cfr(0,0,0,1,0,0,0,.764,-.645,0,.645,.764);es="Linear";ed="In";};["LowerTorso"]={cf=cfr(0,-.414,0,1,0,0,0,1,0,0,0,1);es="Linear";ed="In";};["RightLowerArm"]={cf=cfr(0,0,0,1,0,0,0,.64,-.768,0,.768,.64);es="Linear";ed="In";};};{tm=.533;["RightUpperArm"]={cf=cfr(0,0,0,.985,-.173,.015,.168,.97,.177,-.045,-.172,.984);es="Linear";ed="In";};["LeftUpperArm"]={cf=cfr(-.012,-.067,.031,.947,.289,-.144,-.29,.957,.014,.142,.028,.99);es="Linear";ed="In";};["Head"]={cf=cfr(0,0,0,1,0,0,0,.986,.169,0,-.169,.986);es="Linear";ed="In";};["UpperTorso"]={cf=cfr(0,0,0,1,0,0,0,.966,.257,0,-.257,.966);es="Linear";ed="In";};["RightUpperLeg"]={cf=cfr(-.1,0,0,.643,-.586,-.494,0,.644,-.765,.766,.492,.414);es="Linear";ed="In";};["LeftUpperLeg"]={cf=cfr(.1,0,0,.643,.586,.494,0,.644,-.765,-.766,.492,.414);es="Linear";ed="In";};["LeftLowerLeg"]={cf=cfr(0,0,0,1,0,0,0,.646,.763,0,-.763,.646);es="Linear";ed="In";};["RightLowerLeg"]={cf=cfr(0,0,0,1,0,0,0,.646,.763,0,-.763,.646);es="Linear";ed="In";};["LeftLowerArm"]={cf=cfr(0,0,0,1,0,0,0,.765,-.644,0,.644,.765);es="Linear";ed="In";};["LowerTorso"]={cf=cfr(0,-.415,0,1,0,0,0,1,0,0,0,1);es="Linear";ed="In";};["RightLowerArm"]={cf=cfr(0,0,0,1,0,0,0,.641,-.767,0,.767,.641);es="Linear";ed="In";};};{tm=.55;["RightUpperArm"]={cf=cfr(0,0,0,.985,-.173,.015,.168,.97,.176,-.045,-.171,.984);es="Linear";ed="In";};["LeftUpperArm"]={cf=cfr(-.012,-.067,.031,.947,.288,-.144,-.29,.957,.013,.142,.029,.989);es="Linear";ed="In";};["Head"]={cf=cfr(0,0,0,1,0,0,0,.985,.171,0,-.171,.985);es="Linear";ed="In";};["UpperTorso"]={cf=cfr(0,0,0,1,0,0,0,.966,.258,0,-.258,.966);es="Linear";ed="In";};["RightUpperLeg"]={cf=cfr(-.1,0,0,.643,-.586,-.493,0,.644,-.765,.766,.492,.414);es="Linear";ed="In";};["LeftUpperLeg"]={cf=cfr(.1,0,0,.643,.586,.493,0,.644,-.765,-.766,.492,.414);es="Linear";ed="In";};["LeftLowerLeg"]={cf=cfr(0,0,0,1,0,0,0,.645,.764,0,-.764,.645);es="Linear";ed="In";};["RightLowerLeg"]={cf=cfr(0,0,0,1,0,0,0,.645,.764,0,-.764,.645);es="Linear";ed="In";};["LeftLowerArm"]={cf=cfr(0,0,0,1,0,0,0,.765,-.644,0,.644,.765);es="Linear";ed="In";};["LowerTorso"]={cf=cfr(0,-.415,0,1,0,0,0,1,0,0,0,1);es="Linear";ed="In";};["RightLowerArm"]={cf=cfr(0,0,0,1,0,0,0,.642,-.767,0,.767,.642);es="Linear";ed="In";};};{tm=.567;["RightUpperArm"]={cf=cfr(0,0,0,.985,-.173,.015,.168,.97,.175,-.045,-.17,.984);es="Linear";ed="In";};["LeftUpperArm"]={cf=cfr(-.012,-.067,.031,.947,.288,-.144,-.29,.957,.012,.142,.03,.989);es="Linear";ed="In";};["Head"]={cf=cfr(0,0,0,1,0,0,0,.985,.173,0,-.173,.985);es="Linear";ed="In";};["UpperTorso"]={cf=cfr(0,0,0,1,0,0,0,.966,.258,0,-.258,.966);es="Linear";ed="In";};["RightUpperLeg"]={cf=cfr(-.1,0,0,.643,-.587,-.493,0,.643,-.766,.766,.492,.413);es="Linear";ed="In";};["LeftUpperLeg"]={cf=cfr(.1,0,0,.643,.587,.493,0,.643,-.766,-.766,.492,.413);es="Linear";ed="In";};["LeftLowerLeg"]={cf=cfr(0,0,0,1,0,0,0,.644,.765,0,-.765,.644);es="Linear";ed="In";};["RightLowerLeg"]={cf=cfr(0,0,0,1,0,0,0,.644,.765,0,-.765,.644);es="Linear";ed="In";};["LeftLowerArm"]={cf=cfr(0,0,0,1,0,0,0,.766,-.643,0,.643,.766);es="Linear";ed="In";};["LowerTorso"]={cf=cfr(0,-.416,0,1,0,0,0,1,0,0,0,1);es="Linear";ed="In";};["RightLowerArm"]={cf=cfr(0,0,0,1,0,0,0,.642,-.766,0,.766,.642);es="Linear";ed="In";};};{tm=.583;["RightUpperArm"]={cf=cfr(0,0,0,.985,-.173,.015,.168,.97,.175,-.045,-.17,.984);es="Linear";ed="In";};["LeftUpperArm"]={cf=cfr(-.012,-.067,.031,.947,.288,-.144,-.29,.957,.012,.142,.03,.989);es="Linear";ed="In";};["Head"]={cf=cfr(0,0,0,1,0,0,0,.985,.173,0,-.173,.985);es="Linear";ed="In";};["UpperTorso"]={cf=cfr(0,0,0,1,0,0,0,.966,.259,0,-.259,.966);es="Linear";ed="In";};["RightUpperLeg"]={cf=cfr(-.1,0,0,.643,-.587,-.492,0,.643,-.766,.766,.492,.413);es="Linear";ed="In";};["LeftUpperLeg"]={cf=cfr(.1,0,0,.643,.587,.492,0,.643,-.766,-.766,.492,.413);es="Linear";ed="In";};["LeftLowerLeg"]={cf=cfr(0,0,0,1,0,0,0,.643,.766,0,-.766,.643);es="Linear";ed="In";};["RightLowerLeg"]={cf=cfr(0,0,0,1,0,0,0,.643,.766,0,-.766,.643);es="Linear";ed="In";};["LeftLowerArm"]={cf=cfr(0,0,0,1,0,0,0,.766,-.643,0,.643,.766);es="Linear";ed="In";};["LowerTorso"]={cf=cfr(0,-.416,0,1,0,0,0,1,0,0,0,1);es="Linear";ed="In";};["RightLowerArm"]={cf=cfr(0,0,0,1,0,0,0,.643,-.766,0,.766,.643);es="Linear";ed="In";};};{tm=.6;["Head"]={cf=cfr(0,0,0,1,0,0,0,.985,.174,0,-.174,.985);es="Quad";ed="In";};["LeftUpperArm"]={cf=cfr(-.012,-.067,.031,.947,.288,-.144,-.29,.957,.012,.142,.031,.989);es="Quad";ed="In";};["RightUpperArm"]={cf=cfr(0,0,0,.985,-.173,.015,.168,.97,.175,-.045,-.17,.984);es="Quad";ed="In";};["LeftUpperLeg"]={cf=cfr(.1,0,0,.643,.587,.492,0,.643,-.766,-.766,.492,.413);es="Quad";ed="In";};["RightUpperLeg"]={cf=cfr(-.1,0,0,.643,-.587,-.492,0,.643,-.766,.766,.492,.413);es="Quad";ed="In";};["UpperTorso"]={cf=cfr(0,0,0,1,0,0,0,.966,.259,0,-.259,.966);es="Quad";ed="In";};["LeftLowerLeg"]={cf=cfr(0,0,0,1,0,0,0,.643,.766,0,-.766,.643);es="Quad";ed="In";};["RightLowerLeg"]={cf=cfr(0,0,0,1,0,0,0,.643,.766,0,-.766,.643);es="Quad";ed="In";};["LeftLowerArm"]={cf=cfr(0,0,0,1,0,0,0,.766,-.643,0,.643,.766);es="Quad";ed="In";};["LowerTorso"]={cf=cfr(0,-.416,0,1,0,0,0,1,0,0,0,1);es="Quad";ed="In";};["RightLowerArm"]={cf=cfr(0,0,0,1,0,0,0,.643,-.766,0,.766,.643);es="Quad";ed="In";};};{tm=.617;["RightUpperArm"]={cf=cfr(0,0,0,.985,-.173,.015,.168,.97,.175,-.045,-.17,.984);es="Linear";ed="In";};["LeftUpperArm"]={cf=cfr(-.012,-.067,.031,.947,.288,-.144,-.29,.957,.012,.142,.03,.989);es="Linear";ed="In";};["Head"]={cf=cfr(0,0,0,1,0,0,0,.985,.173,0,-.173,.985);es="Linear";ed="In";};["UpperTorso"]={cf=cfr(0,0,0,1,0,0,0,.966,.259,0,-.259,.966);es="Linear";ed="In";};["RightUpperLeg"]={cf=cfr(-.1,0,0,.643,-.587,-.493,0,.643,-.766,.766,.492,.413);es="Linear";ed="In";};["LeftUpperLeg"]={cf=cfr(.1,0,0,.643,.587,.493,0,.643,-.766,-.766,.492,.413);es="Linear";ed="In";};["LeftLowerLeg"]={cf=cfr(0,0,0,1,0,0,0,.643,.766,0,-.766,.643);es="Linear";ed="In";};["RightLowerLeg"]={cf=cfr(0,0,0,1,0,0,0,.643,.766,0,-.766,.643);es="Linear";ed="In";};["LeftLowerArm"]={cf=cfr(0,0,0,1,0,0,0,.766,-.643,0,.643,.766);es="Linear";ed="In";};["LowerTorso"]={cf=cfr(0,-.416,0,1,0,0,0,1,0,0,0,1);es="Linear";ed="In";};["RightLowerArm"]={cf=cfr(0,0,0,1,0,0,0,.643,-.766,0,.766,.643);es="Linear";ed="In";};};{tm=.633;["RightUpperArm"]={cf=cfr(0,0,0,.985,-.173,.015,.168,.97,.176,-.045,-.171,.984);es="Linear";ed="In";};["LeftUpperArm"]={cf=cfr(-.012,-.067,.031,.947,.288,-.144,-.289,.957,.013,.142,.03,.989);es="Linear";ed="In";};["Head"]={cf=cfr(0,0,0,1,0,0,0,.985,.172,0,-.172,.985);es="Linear";ed="In";};["UpperTorso"]={cf=cfr(0,0,0,1,0,0,0,.966,.258,0,-.258,.966);es="Linear";ed="In";};["RightUpperLeg"]={cf=cfr(-.1,0,0,.643,-.586,-.493,0,.644,-.765,.766,.492,.414);es="Linear";ed="In";};["LeftUpperLeg"]={cf=cfr(.1,0,0,.643,.586,.493,0,.644,-.765,-.766,.492,.414);es="Linear";ed="In";};["LeftLowerLeg"]={cf=cfr(0,0,0,1,0,0,0,.644,.765,0,-.765,.644);es="Linear";ed="In";};["RightLowerLeg"]={cf=cfr(0,0,0,1,0,0,0,.644,.765,0,-.765,.644);es="Linear";ed="In";};["LeftLowerArm"]={cf=cfr(0,0,0,1,0,0,0,.767,-.642,0,.642,.767);es="Linear";ed="In";};["LowerTorso"]={cf=cfr(0,-.416,0,1,0,0,0,1,0,0,0,1);es="Linear";ed="In";};["RightLowerArm"]={cf=cfr(0,0,0,1,0,0,0,.644,-.765,0,.765,.644);es="Linear";ed="In";};};{tm=.65;["RightUpperArm"]={cf=cfr(0,0,0,.985,-.173,.015,.168,.97,.177,-.045,-.172,.984);es="Linear";ed="In";};["LeftUpperArm"]={cf=cfr(-.012,-.067,.031,.947,.288,-.144,-.289,.957,.014,.142,.028,.989);es="Linear";ed="In";};["Head"]={cf=cfr(0,-.001,0,1,0,0,0,.985,.17,0,-.17,.985);es="Linear";ed="In";};["UpperTorso"]={cf=cfr(0,0,0,1,0,0,0,.966,.257,0,-.257,.966);es="Linear";ed="In";};["RightUpperLeg"]={cf=cfr(-.1,0,0,.643,-.586,-.493,.001,.645,-.765,.766,.491,.415);es="Linear";ed="In";};["LeftUpperLeg"]={cf=cfr(.1,0,0,.643,.586,.493,-.001,.645,-.765,-.766,.491,.415);es="Linear";ed="In";};["LeftLowerLeg"]={cf=cfr(0,0,0,1,0,0,0,.645,.764,0,-.764,.645);es="Linear";ed="In";};["RightLowerLeg"]={cf=cfr(0,0,0,1,0,0,0,.645,.764,0,-.764,.645);es="Li