local cfr = CFrame.new

return {{tm=0;["Head"]={cf=cfr(0,0,0,1,0,0,0,.996,-.087,0,.087,.996);es="Sine";ed="InOut";};["LeftUpperArm"]={cf=cfr(0,0,0,.996,.087,0,-.087,.996,0,0,0,1);es="Sine";ed="InOut";};["RightUpperArm"]={cf=cfr(0,0,0,.996,-.087,0,.087,.996,0,0,0,1);es="Sine";ed="InOut";};["LeftUpperLeg"]={cf=cfr(.1,0,0,.643,.439,.628,-.262,.896,-.359,-.72,.066,.691);es="Sine";ed="InOut";};["RightUpperLeg"]={cf=cfr(-.1,0,0,.643,-.439,-.628,.262,.896,-.359,.72,.066,.691);es="Sine";ed="InOut";};["UpperTorso"]={cf=cfr(0,0,0,1,0,0,0,.996,.087,0,-.087,.996);es="Sine";ed="InOut";};["LeftLowerLeg"]={cf=cfr(0,0,0,1,0,0,0,.906,.423,0,-.423,.906);es="Sine";ed="InOut";};["RightLowerLeg"]={cf=cfr(0,0,0,1,0,0,0,.906,.423,0,-.423,.906);es="Sine";ed="InOut";};["LeftLowerArm"]={cf=cfr(0,0,0,1,0,0,0,.94,-.342,0,.342,.94);es="Sine";ed="InOut";};["LowerTorso"]={cf=cfr(0,-.205,0,1,0,0,0,.996,-.087,0,.087,.996);es="Sine";ed="InOut";};["RightLowerArm"]={cf=cfr(0,0,0,1,0,0,0,.866,-.5,0,.5,.866);es="Sine";ed="InOut";};};{tm=.017;["RightUpperArm"]={cf=cfr(0,0,0,.996,-.087,0,.087,.996,0,0,0,1);es="Linear";ed="In";};["LeftUpperArm"]={cf=cfr(0,0,0,.996,.087,0,-.087,.996,0,0,0,1);es="Linear";ed="In";};["Head"]={cf=cfr(0,0,0,1,0,0,0,.996,-.087,0,.087,.996);es="Linear";ed="In";};["UpperTorso"]={cf=cfr(0,0,0,1,0,0,0,.996,.087,0,-.087,.996);es="Linear";ed="In";};["RightUpperLeg"]={cf=cfr(-.1,0,0,.643,-.439,-.627,.262,.896,-.359,.72,.066,.691);es="Linear";ed="In";};["LeftUpperLeg"]={cf=cfr(.1,0,0,.643,.439,.627,-.262,.896,-.359,-.72,.066,.691);es="Linear";ed="In";};["LeftLowerLeg"]={cf=cfr(0,0,0,1,0,0,0,.906,.423,0,-.423,.906);es="Linear";ed="In";};["RightLowerLeg"]={cf=cfr(0,0,0,1,0,0,0,.906,.423,0,-.423,.906);es="Linear";ed="In";};["LeftLowerArm"]={cf=cfr(0,0,0,1,0,0,0,.94,-.342,0,.342,.94);es="Linear";ed="In";};["LowerTorso"]={cf=cfr(0,-.205,0,1,0,0,0,.996,-.087,0,.087,.996);es="Linear";ed="In";};["RightLowerArm"]={cf=cfr(0,0,0,1,0,0,0,.866,-.5,0,.5,.866);es="Linear";ed="In";};};{tm=.033;["RightUpperArm"]={cf=cfr(0,0,0,.996,-.087,0,.087,.996,0,0,0,1);es="Linear";ed="In";};["LeftUpperArm"]={cf=cfr(0,0,0,.996,.087,0,-.087,.996,0,0,0,1);es="Linear";ed="In";};["Head"]={cf=cfr(0,0,0,1,0,0,0,.996,-.087,0,.087,.996);es="Linear";ed="In";};["UpperTorso"]={cf=cfr(0,0,0,1,0,0,0,.996,.087,0,-.087,.996);es="Linear";ed="In";};["RightUpperLeg"]={cf=cfr(-.1,0,0,.643,-.439,-.627,.262,.896,-.359,.72,.067,.691);es="Linear";ed="In";};["LeftUpperLeg"]={cf=cfr(.1,0,0,.643,.439,.627,-.262,.896,-.359,-.72,.067,.691);es="Linear";ed="In";};["LeftLowerLeg"]={cf=cfr(0,0,0,1,0,0,0,.906,.422,0,-.422,.906);es="Linear";ed="In";};["RightLowerLeg"]={cf=cfr(0,0,0,1,0,0,0,.906,.422,0,-.422,.906);es="Linear";ed="In";};["LeftLowerArm"]={cf=cfr(0,0,0,1,0,0,0,.94,-.342,0,.342,.94);es="Linear";ed="In";};["LowerTorso"]={cf=cfr(0,-.205,0,1,0,0,0,.996,-.087,0,.087,.996);es="Linear";ed="In";};["RightLowerArm"]={cf=cfr(0,0,0,1,0,0,0,.866,-.5,0,.5,.866);es="Linear";ed="In";};};{tm=.05;["RightUpperArm"]={cf=cfr(0,0,0,.996,-.087,0,.087,.996,0,0,0,1);es="Linear";ed="In";};["LeftUpperArm"]={cf=cfr(0,0,0,.996,.087,0,-.087,.996,0,0,0,1);es="Linear";ed="In";};["Head"]={cf=cfr(0,0,0,1,0,0,0,.996,-.086,0,.086,.996);es="Linear";ed="In";};["UpperTorso"]={cf=cfr(0,0,0,1,0,0,0,.996,.088,0,-.088,.996);es="Linear";ed="In";};["RightUpperLeg"]={cf=cfr(-.1,0,0,.644,-.439,-.627,.261,.896,-.359,.719,.067,.692);es="Linear";ed="In";};["LeftUpperLeg"]={cf=cfr(.1,0,0,.644,.439,.627,-.261,.896,-.359,-.719,.067,.692);es="Linear";ed="In";};["LeftLowerLeg"]={cf=cfr(0,0,0,1,0,0,0,.906,.422,0,-.422,.906);es="Linear";ed="In";};["RightLowerLeg"]={cf=cfr(0,0,0,1,0,0,0,.906,.422,0,-.422,.906);es="Linear";ed="In";};["LeftLowerArm"]={cf=cfr(0,0,0,1,0,0,0,.94,-.342,0,.342,.94);es="Linear";ed="In";};["LowerTorso"]={cf=cfr(0,-.205,0,1,0,0,0,.996,-.087,0,.087,.996);es="Linear";ed="In";};["RightLowerArm"]={cf=cfr(0,0,0,1,0,0,0,.867,-.499,0,.499,.867);es="Linear";ed="In";};};{tm=.067;["RightUpperArm"]={cf=cfr(0,0,0,.996,-.087,0,.087,.996,-.001,0,.001,1);es="Linear";ed="In";};["LeftUpperArm"]={cf=cfr(0,0,0,.996,.087,0,-.087,.996,-.001,0,.001,1);es="Linear";ed="In";};["Head"]={cf=cfr(0,0,0,1,-.001,0,.001,.996,-.086,0,.086,.996);es="Linear";ed="In";};["UpperTorso"]={cf=cfr(0,0,0,1,0,0,0,.996,.088,0,-.088,.996);es="Linear";ed="In";};["RightUpperLeg"]={cf=cfr(-.1,0,0,.645,-.439,-.626,.261,.896,-.359,.719,.068,.692);es="Linear";ed="In";};["LeftUpperLeg"]={cf=cfr(.1,0,0,.645,.439,.626,-.261,.896,-.359,-.719,.068,.692);es="Linear";ed="In";};["LeftLowerLeg"]={cf=cfr(0,0,0,1,0,0,0,.907,.422,0,-.422,.907);es="Linear";ed="In";};["RightLowerLeg"]={cf=cfr(0,0,0,1,0,0,0,.907,.422,0,-.422,.907);es="Linear";ed="In";};["LeftLowerArm"]={cf=cfr(0,0,0,1,0,0,0,.94,-.342,0,.342,.94);es="Linear";ed="In";};["LowerTorso"]={cf=cfr(0,-.205,0,1,0,0,0,.996,-.086,0,.086,.996);es="Linear";ed="In";};["RightLowerArm"]={cf=cfr(0,0,0,1,0,0,0,.867,-.499,0,.499,.867);es="Linear";ed="In";};};{tm=.083;["RightUpperArm"]={cf=cfr(0,0,0,.996,-.087,0,.087,.996,-.001,0,.001,1);es="Linear";ed="In";};["LeftUpperArm"]={cf=cfr(0,0,0,.996,.087,0,-.087,.996,-.001,0,.001,1);es="Linear";ed="In";};["Head"]={cf=cfr(0,0,0,1,-.001,0,.001,.996,-.085,0,.085,.996);es="Linear";ed="In";};["UpperTorso"]={cf=cfr(0,0,0,1,0,0,0,.996,.089,0,-.089,.996);es="Linear";ed="In";};["RightUpperLeg"]={cf=cfr(-.1,.001,0,.646,-.438,-.625,.26,.896,-.36,.718,.07,.693);es="Linear";ed="In";};["LeftUpperLeg"]={cf=cfr(.1,.001,0,.646,.438,.625,-.26,.896,-.36,-.718,.07,.693);es="Linear";ed="In";};["LeftLowerLeg"]={cf=cfr(0,0,0,1,0,0,0,.907,.422,0,-.422,.907);es="Linear";ed="In";};["RightLowerLeg"]={cf=cfr(0,0,0,1,0,0,0,.907,.422,0,-.422,.907);es="Linear";ed="In";};["LeftLowerArm"]={cf=cfr(0,0,0,1,0,0,0,.94,-.341,0,.341,.94);es="Linear";ed="In";};["LowerTorso"]={cf=cfr(0,-.205,0,1,0,0,0,.996,-.085,0,.085,.996);es="Linear";ed="In";};["RightLowerArm"]={cf=cfr(0,0,0,1,0,0,0,.867,-.498,0,.498,.867);es="Linear";ed="In";};};{tm=.1;["RightUpperArm"]={cf=cfr(0,0,0,.996,-.087,0,.087,.996,-.002,0,.002,1);es="Linear";ed="In";};["LeftUpperArm"]={cf=cfr(0,0,0,.996,.087,0,-.087,.996,-.001,0,.001,1);es="Linear";ed="In";};["Head"]={cf=cfr(0,0,0,1,-.001,0,.001,.997,-.084,0,.084,.997);es="Linear";ed="In";};["UpperTorso"]={cf=cfr(0,0,0,1,0,0,0,.996,.09,0,-.09,.996);es="Linear";ed="In";};["RightUpperLeg"]={cf=cfr(-.1,.001,0,.647,-.438,-.624,.259,.896,-.36,.717,.071,.693);es="Linear";ed="In";};["LeftUpperLeg"]={cf=cfr(.1,.001,0,.647,.438,.624,-.259,.896,-.36,-.717,.071,.693);es="Linear";ed="In";};["LeftLowerLeg"]={cf=cfr(0,0,0,1,0,0,0,.907,.422,0,-.422,.907);es="Linear";ed="In";};["RightLowerLeg"]={cf=cfr(0,0,0,1,0,0,0,.907,.422,0,-.422,.907);es="Linear";ed="In";};["LeftLowerArm"]={cf=cfr(0,0,0,1,0,0,0,.94,-.341,0,.341,.94);es="Linear";ed="In";};["LowerTorso"]={cf=cfr(0,-.204,0,1,0,0,0,.996,-.085,0,.085,.996);es="Linear";ed="In";};["RightLowerArm"]={cf=cfr(0,0,0,1,0,0,0,.868,-.497,0,.497,.868);es="Linear";ed="In";};};{tm=.117;["RightUpperArm"]={cf=cfr(0,0,0,.996,-.087,0,.087,.996,-.003,0,.003,1);es="Linear";ed="In";};["LeftUpperArm"]={cf=cfr(0,0,0,.996,.087,0,-.087,.996,-.002,0,.002,1);es="Linear";ed="In";};["Head"]={cf=cfr(0,-.001,0,1,-.002,0,.002,.997,-.082,0,.082,.997);es="Linear";ed="In";};["UpperTorso"]={cf=cfr(0,0,0,1,0,0,0,.996,.09,0,-.09,.996);es="Linear";ed="In";};["RightUpperLeg"]={cf=cfr(-.101,.001,0,.648,-.437,-.623,.258,.896,-.36,.716,.073,.694);es="Linear";ed="In";};["LeftUpperLeg"]={cf=cfr(.101,.001,0,.648,.437,.623,-.258,.896,-.36,-.716,.073,.694);es="Linear";ed="In";};["LeftLowerLeg"]={cf=cfr(0,0,0,1,0,0,0,.907,.421,0,-.421,.907);es="Linear";ed="In";};["RightLowerLeg"]={cf=cfr(0,0,0,1,0,0,0,.907,.421,0,-.421,.907);es="Linear";ed="In";};["LeftLowerArm"]={cf=cfr(0,0,0,1,0,0,0,.94,-.34,0,.34,.94);es="Linear";ed="In";};["LowerTorso"]={cf=cfr(0,-.204,0,1,0,0,0,.996,-.084,0,.084,.996);es="Linear";ed="In";};["RightLowerArm"]={cf=cfr(0,0,0,1,0,0,0,.869,-.495,0,.495,.869);es="Linear";ed="In";};};{tm=.133;["RightUpperArm"]={cf=cfr(0,0,0,.996,-.087,0,.087,.996,-.003,0,.003,1);es="Linear";ed="In";};["LeftUpperArm"]={cf=cfr(0,0,0,.996,.087,0,-.087,.996,-.002,0,.002,1);es="Linear";ed="In";};["Head"]={cf=cfr(0,-.001,0,1,-.002,0,.002,.997,-.081,0,.081,.997);es="Linear";ed="In";};["UpperTorso"]={cf=cfr(0,0,0,1,0,0,0,.996,.091,0,-.091,.996);es="Linear";ed="In";};["RightUpperLeg"]={cf=cfr(-.101,.002,0,.65,-.436,-.622,.257,.897,-.361,.715,.075,.695);es="Linear";ed="In";};["LeftUpperLeg"]={cf=cfr(.101,.002,0,.65,.436,.622,-.257,.897,-.361,-.715,.075,.695);es="Linear";ed="In";};["LeftLowerLeg"]={cf=cfr(0,0,0,1,0,0,0,.907,.421,0,-.421,.907);es="Linear";ed="In";};["RightLowerLeg"]={cf=cfr(0,0,0,1,0,0,0,.907,.421,0,-.421,.907);es="Linear";ed="In";};["LeftLowerArm"]={cf=cfr(0,0,0,1,0,0,0,.94,-.34,0,.34,.94);es="Linear";ed="In";};["LowerTorso"]={cf=cfr(0,-.204,0,1,0,0,0,.997,-.083,0,.083,.997);es="Linear";ed="In";};["RightLowerArm"]={cf=cfr(0,0,0,1,0,0,0,.869,-.494,0,.494,.869);es="Linear";ed="In";};};{tm=.15;["RightUpperArm"]={cf=cfr(0,0,0,.996,-.087,0,.087,.996,-.004,0,.004,1);es="Linear";ed="In";};["LeftUpperArm"]={cf=cfr(0,0,0,.996,.087,0,-.087,.996,-.003,0,.003,1);es="Linear";ed="In";};["Head"]={cf=cfr(0,-.001,0,1,-.003,0,.003,.997,-.079,.001,.079,.997);es="Linear";ed="In";};["UpperTorso"]={cf=cfr(0,0,0,1,0,0,0,.996,.093,0,-.093,.996);es="Linear";ed="In";};["RightUpperLeg"]={cf=cfr(-.101,.002,.001,.652,-.436,-.621,.255,.897,-.361,.714,.077,.696);es="Linear";ed="In";};["LeftUpperLeg"]={cf=cfr(.101,.002,.001,.652,.436,.621,-.255,.897,-.361,-.714,.077,.696);es="Linear";ed="In";};["LeftLowerLeg"]={cf=cfr(0,0,0,1,0,0,0,.907,.42,0,-.42,.907);es="Linear";ed="In";};["RightLowerLeg"]={cf=cfr(0,0,0,1,0,0,0,.907,.42,0,-.42,.907);es="Linear";ed="In";};["LeftLowerArm"]={cf=cfr(0,0,0,1,0,0,0,.941,-.339,0,.339,.941);es="Linear";ed="In";};["LowerTorso"]={cf=cfr(0,-.203,0,1,0,0,0,.997,-.082,0,.082,.997);es="Linear";ed="In";};["RightLowerArm"]={cf=cfr(0,0,0,1,0,0,0,.87,-.492,0,.492,.87);es="Linear";ed="In";};};{tm=.167;["RightUpperArm"]={cf=cfr(0,0,0,.996,-.087,0,.087,.996,-.005,0,.005,1);es="Linear";ed="In";};["LeftUpperArm"]={cf=cfr(0,0,0,.996,.087,0,-.087,.996,-.003,0,.003,1);es="Linear";ed="In";};["Head"]={cf=cfr(0,-.001,0,1,-.003,0,.003,.997,-.077,.001,.077,.997);es="Linear";ed="In";};["UpperTorso"]={cf=cfr(0,-.001,0,1,0,0,0,.996,.094,0,-.094,.996);es="Linear";ed="In";};["RightUpperLeg"]={cf=cfr(-.101,.003,.001,.654,-.435,-.619,.254,.897,-.362,.713,.079,.697);es="Linear";ed="In";};["LeftUpperLeg"]={cf=cfr(.101,.003,.001,.654,.435,.619,-.254,.897,-.362,-.713,.079,.697);es="Linear";ed="In";};["LeftLowerLeg"]={cf=cfr(0,0,0,1,0,0,0,.908,.42,0,-.42,.908);es="Linear";ed="In";};["RightLowerLeg"]={cf=cfr(0,0,0,1,0,0,0,.908,.42,0,-.42,.908);es="Linear";ed="In";};["LeftLowerArm"]={cf=cfr(0,0,0,1,0,0,0,.941,-.339,0,.339,.941);es="Linear";ed="In";};["LowerTorso"]={cf=cfr(0,-.203,0,1,0,0,0,.997,-.081,0,.081,.997);es="Linear";ed="In";};["RightLowerArm"]={cf=cfr(0,0,0,1,0,0,0,.871,-.491,0,.491,.871);es="Linear";ed="In";};};{tm=.183;["RightUpperArm"]={cf=cfr(0,0,0,.996,-.087,.001,.087,.996,-.006,0,.006,1);es="Linear";ed="In";};["LeftUpperArm"]={cf=cfr(0,0,0,.996,.087,0,-.087,.996,-.004,0,.004,1);es="Linear";ed="In";};["Head"]={cf=cfr(0,-.001,0,1,-.004,-.001,.004,.997,-.075,.001,.075,.997);es="Linear";ed="In";};["UpperTorso"]={cf=cfr(0,-.001,0,1,0,0,0,.995,.095,0,-.095,.995);es="Linear";ed="In";};["RightUpperLeg"]={cf=cfr(-.101,.004,.001,.656,-.434,-.617,.252,.897,-.362,.711,.082,.698);es="Linear";ed="In";};["LeftUpperLeg"]={cf=cfr(.101,.004,.001,.656,.434,.617,-.252,.897,-.362,-.711,.082,.698);es="Linear";ed="In";};["LeftLowerLeg"]={cf=cfr(0,0,0,1,0,0,0,.908,.419,0,-.419,.908);es="Linear";ed="In";};["RightLowerLeg"]={cf=cfr(0,0,0,1,0,0,0,.908,.419,0,-.419,.908);es="Linear";ed="In";};["LeftLowerArm"]={cf=cfr(0,0,0,1,0,0,0,.941,-.338,0,.338,.941);es="Linear";ed="In";};["LowerTorso"]={cf=cfr(0,-.203,0,1,0,0,0,.997,-.079,0,.079,.997);es="Linear";ed="In";};["RightLowerArm"]={cf=cfr(0,0,0,1,0,0,0,.872,-.489,0,.489,.872);es="Linear";ed="In";};};{tm=.2;["RightUpperArm"]={cf=cfr(0,0,0,.996,-.087,.001,.087,.996,-.008,0,.008,1);es="Linear";ed="In";};["LeftUpperArm"]={cf=cfr(0,0,0,.996,.087,0,-.087,.996,-.005,0,.005,1);es="Linear";ed="In";};["Head"]={cf=cfr(0,-.002,0,1,-.005,-.001,.005,.997,-.073,.001,.073,.997);es="Linear";ed="In";};["UpperTorso"]={cf=cfr(0,-.001,0,1,0,0,0,.995,.097,0,-.097,.995);es="Linear";ed="In";};["RightUpperLeg"]={cf=cfr(-.102,.004,.001,.659,-.432,-.616,.25,.898,-.363,.709,.085,.7);es="Linear";ed="In";};["LeftUpperLeg"]={cf=cfr(.102,.004,.001,.659,.432,.616,-.25,.898,-.363,-.709,.085,.7);es="Linear";ed="In";};["LeftLowerLeg"]={cf=cfr(0,0,0,1,0,0,0,.908,.418,0,-.418,.908);es="Linear";ed="In";};["RightLowerLeg"]={cf=cfr(0,0,0,1,0,0,0,.908,.418,0,-.418,.908);es="Linear";ed="In";};["LeftLowerArm"]={cf=cfr(0,0,0,1,0,0,0,.941,-.338,0,.338,.941);es="Linear";ed="In";};["LowerTorso"]={cf=cfr(0,-.202,0,1,0,0,0,.997,-.078,0,.078,.997);es="Linear";ed="In";};["RightLowerArm"]={cf=cfr(0,0,0,1,0,0,0,.874,-.487,0,.487,.874);es="Linear";ed="In";};};{tm=.217;["RightUpperArm"]={cf=cfr(0,0,0,.996,-.087,.001,.087,.996,-.009,0,.009,1);es="Linear";ed="In";};["LeftUpperArm"]={cf=cfr(0,0,0,.996,.087,0,-.087,.996,-.006,0,.006,1);es="Linear";ed="In";};["Head"]={cf=cfr(0,-.002,0,1,-.006,-.001,.005,.997,-.071,.001,.071,.998);es="Linear";ed="In";};["UpperTorso"]={cf=cfr(0,-.001,0,1,0,0,0,.995,.098,0,-.098,.995);es="Linear";ed="In";};["RightUpperLeg"]={cf=cfr(-.102,.005,.001,.662,-.431,-.613,.248,.898,-.364,.708,.088,.701);es="Linear";ed="In";};["LeftUpperLeg"]={cf=cfr(.102,.005,.001,.662,.431,.613,-.248,.898,-.364,-.708,.088,.701);es="Linear";ed="In";};["LeftLowerLeg"]={cf=cfr(0,0,0,1,0,0,0,.909,.418,0,-.418,.909);es="Linear";ed="In";};["RightLowerLeg"]={cf=cfr(0,0,0,1,0,0,0,.909,.418,0,-.418,.909);es="Linear";ed="In";};["LeftLowerArm"]={cf=cfr(0,0,0,1,0,0,0,.942,-.337,0,.337,.942);es="Linear";ed="In";};["LowerTorso"]={cf=cfr(0,-.202,0,1,0,0,0,.997,-.076,0,.076,.997);es="Linear";ed="In";};["RightLowerArm"]={cf=cfr(0,0,0,1,0,0,0,.875,-.485,0,.485,.875);es="Linear";ed="In";};};{tm=.233;["RightUpperArm"]={cf=cfr(0,0,0,.996,-.087,.001,.087,.996,-.01,0,.01,1);es="Linear";ed="In";};["LeftUpperArm"]={cf=cfr(0,0,0,.996,.087,-.001,-.087,.996,-.006,0,.006,1);es="Linear";ed="In";};["Head"]={cf=cfr(0,-.002,0,1,-.006,-.001,.006,.998,-.068,.001,.068,.998);es="Linear";ed="In";};["UpperTorso"]={cf=cfr(0,-.001,0,1,0,0,0,.995,.1,0,-.1,.995);es="Linear";ed="In";};["RightUpperLeg"]={cf=cfr(-.102,.006,.001,.664,-.43,-.611,.246,.898,-.364,.706,.092,.703);es="Linear";ed="In";};["LeftUpperLeg"]={cf=cfr(.102,.006,.001,.664,.43,.611,-.246,.898,-.364,-.706,.092,.703);es="Linear";ed="In";};["LeftLowerLeg"]={cf=cfr(0,0,0,1,0,0,0,.909,.417,0,-.417,.909);es="Linear";ed="In";};["RightLowerLeg"]={cf=cfr(0,0,0,1,0,0,0,.909,.417,0,-.417,.909);es="Linear";ed="In";};["LeftLowerArm"]={cf=cfr(0,0,0,1,0,0,0,.942,-.336,0,.336,.942);es="Linear";ed="In";};["LowerTorso"]={cf=cfr(0,-.201,0,1,0,0,0,.997,-.074,0,.074,.997);es="Linear";ed="In";};["RightLowerArm"]={cf=cfr(0,0,0,1,0,0,0,.876,-.482,0,.482,.876);es="Linear";ed="In";};};{tm=.25;["RightUpperArm"]={cf=cfr(0,0,0,.996,-.087,.001,.087,.996,-.012,0,.012,1);es="Linear";ed="In";};["LeftUpperArm"]={cf=cfr(0,0,0,.996,.087,-.001,-.087,.996,-.007,0,.007,1);es="Linear";ed="In";};["Head"]={cf=cfr(0,-.003,0,1,-.007,-.001,.007,.998,-.065,.002,.065,.998);es="Linear";ed="In";};["UpperTorso"]={cf=cfr(0,-.001,0,1,0,0,0,.995,.102,0,-.102,.995);es="Linear";ed="In";};["RightUpperLeg"]={cf=cfr(-.102,.006,.002,.668,-.429,-.609,.244,.898,-.365,.704,.095,.704);es="Linear";ed="In";};["LeftUpperLeg"]={cf=cfr(.102,.006,.002,.668,.429,.609,-.244,.898,-.365,-.704,.095,.704);es="Linear";ed="In";};["LeftLowerLeg"]={cf=cfr(0,0,0,1,0,0,0,.909,.416,0,-.416,.909);es="Linear";ed="In";};["RightLowerLeg"]={cf=cfr(0,0,0,1,0,0,0,.909,.416,0,-.416,.909);es="Linear";ed="In";};["LeftLowerArm"]={cf=cfr(0,0,0,1,0,0,0,.942,-.335,0,.335,.942);es="Linear";ed="In";};["LowerTorso"]={cf=cfr(0,-.201,0,1,0,0,0,.997,-.072,0,.072,.997);es="Linear";ed="In";};["RightLowerArm"]={cf=cfr(0,0,0,1,0,0,0,.877,-.48,0,.48,.877);es="Linear";ed="In";};};{tm=.267;["RightUpperArm"]={cf=cfr(0,0,0,.996,-.087,.001,.087,.996,-.013,0,.013,1);es="Linear";ed="In";};["LeftUpperArm"]={cf=cfr(0,0,0,.996,.087,-.001,-.087,.996,-.008,0,.008,1);es="Linear";ed="In";};["Head"]={cf=cfr(0,-.003,0,1,-.008,-.001,.008,.998,-.062,.002,.062,.998);es="Linear";ed="In";};["UpperTorso"]={cf=cfr(0,-.001,0,1,0,0,0,.995,.104,0,-.104,.995);es="Linear";ed="In";};["RightUpperLeg"]={cf=cfr(-.103,.007,.002,.671,-.427,-.606,.241,.899,-.366,.701,.099,.706);es="Linear";ed="In";};["LeftUpperLeg"]={cf=cfr(.103,.007,.002,.671,.427,.606,-.241,.899,-.366,-.701,.099,.706);es="Linear";ed="In";};["LeftLowerLeg"]={cf=cfr(0,0,0,1,0,0,0,.91,.415,0,-.415,.91);es="Linear";ed="In";};["RightLowerLeg"]={cf=cfr(0,0,0,1,0,0,0,.91,.415,0,-.415,.91);es="Linear";ed="In";};["LeftLowerArm"]={cf=cfr(0,0,0,1,0,0,0,.943,-.334,0,.334,.943);es="Linear";ed="In";};["LowerTorso"]={cf=cfr(0,-.2,0,1,0,0,0,.998,-.071,0,.071,.998);es="Linear";ed="In";};["RightLowerArm"]={cf=cfr(0,.001,0,1,0,0,0,.879,-.477,0,.477,.879);es="Linear";ed="In";};};{tm=.283;["RightUpperArm"]={cf=cfr(0,0,0,.996,-.087,.001,.087,.996,-.015,0,.015,1);es="Linear";ed="In";};["LeftUpperArm"]={cf=cfr(0,0,0,.996,.087,-.001,-.087,.996,-.009,0,.009,1);es="Linear";ed="In";};["Head"]={cf=cfr(0,-.003,0,1,-.009,-.001,.009,.998,-.059,.002,.059,.998);es="Linear";ed="In";};["UpperTorso"]={cf=cfr(0,-.001,0,1,0,0,0,.994,.106,0,-.106,.994);es="Linear";ed="In";};["RightUpperLeg"]={cf=cfr(-.103,.008,.002,.674,-.425,-.604,.239,.899,-.367,.699,.103,.708);es="Linear";ed="In";};["LeftUpperLeg"]={cf=cfr(.103,.008,.002,.674,.425,.604,-.239,.899,-.367,-.699,.103,.708);es="Linear";ed="In";};["LeftLowerLeg"]={cf=cfr(0,0,0,1,0,0,0,.91,.414,0,-.414,.91);es="Linear";ed="In";};["RightLowerLeg"]={cf=cfr(0,0,0,1,0,0,0,.91,.414,0,-.414,.91);es="Linear";ed="In";};["LeftLowerArm"]={cf=cfr(0,0,0,1,0,0,0,.943,-.333,0,.333,.943);es="Linear";ed="In";};["LowerTorso"]={cf=cfr(0,-.199,0,1,0,0,0,.998,-.068,0,.068,.998);es="Linear";ed="In";};["RightLowerArm"]={cf=cfr(0,.001,0,1,0,0,0,.88,-.474,0,.474,.88);es="Linear";ed="In";};};{tm=.3;["RightUpperArm"]={cf=cfr(0,0,0,.996,-.087,.001,.087,.996,-.016,0,.016,1);es="Linear";ed="In";};["LeftUpperArm"]={cf=cfr(0,0,0,.996,.087,-.001,-.087,.996,-.01,0,.01,1);es="Linear";ed="In";};["Head"]={cf=cfr(0,-.004,0,1,-.01,-.002,.01,.998,-.056,.002,.056,.998);es="Linear";ed="In";};["UpperTorso"]={cf=cfr(0,-.002,0,1,0,0,0,.994,.108,0,-.108,.994);es="Linear";ed="In";};["RightUpperLeg"]={cf=cfr(-.103,.009,.002,.678,-.424,-.601,.236,.899,-.368,.696,.107,.71);es="Linear";ed="In";};["LeftUpperLeg"]={cf=cfr(.103,.009,.002,.678,.424,.601,-.236,.899,-.368,-.696,.107,.71);es="Linear";ed="In";};["LeftLowerLeg"]={cf=cfr(0,0,0,1,0,0,0,.911,.413,0,-.413,.911);es="Linear";ed="In";};["RightLowerLeg"]={cf=cfr(0,0,0,1,0,0,0,.911,.413,0,-.413,.911);es="Linear";ed="In";};["LeftLowerArm"]={cf=cfr(0,0,0,1,0,0,0,.943,-.332,0,.332,.943);es="Linear";ed="In";};["LowerTorso"]={cf=cfr(0,-.199,0,1,0,0,0,.998,-.066,0,.066,.998);es="Linear";ed="In";};["RightLowerArm"]={cf=cfr(0,.001,0,1,0,0,0,.882,-.471,0,.471,.882);es="Linear";ed="In";};};{tm=.317;["RightUpperArm"]={cf=cfr(0,0,0,.996,-.087,.002,.087,.996,-.018,0,.018,1);es="Linear";ed="In";};["LeftUpperArm"]={cf=cfr(0,0,0,.996,.087,-.001,-.087,.996,-.012,0,.012,1);es="Linear";ed="In";};["Head"]={cf=cfr(0,-.004,0,1,-.011,-.002,.011,.999,-.052,.002,.052,.999);es="Linear";ed="In";};["UpperTorso"]={cf=cfr(0,-.002,0,1,0,0,0,.994,.11,0,-.11,.994);es="Linear";ed="In";};["RightUpperLeg"]={cf=cfr(-.104,.01,.002,.681,-.422,-.598,.233,.9,-.369,.694,.112,.712);es="Linear";ed="In";};["LeftUpperLeg"]={cf=cfr(.104,.01,.002,.681,.422,.598,-.233,.9,-.369,-.694,.112,.712);es="Linear";ed="In";};["LeftLowerLeg"]={cf=cfr(0,0,0,1,0,0,0,.911,.412,0,-.412,.911);es="Linear";ed="In";};["RightLowerLeg"]={cf=cfr(0,0,0,1,0,0,0,.911,.412,0,-.412,.911);es="Linear";ed="In";};["LeftLowerArm"]={cf=cfr(0,0,0,1,0,0,0,.944,-.331,0,.331,.944);es="Linear";ed="In";};["LowerTorso"]={cf=cfr(0,-.198,0,1,0,0,0,.998,-.064,0,.064,.998);es="Linear";ed="In";};["RightLowerArm"]={cf=cfr(0,.001,0,1,0,0,0,.884,-.468,0,.468,.884);es="Linear";ed="In";};};{tm=.333;["RightUpperArm"]={cf=cfr(0,0,0,.996,-.087,.002,.087,.996,-.02,0,.02,1);es="Linear";ed="In";};["LeftUpperArm"]={cf=cfr(0,0,0,.996,.087,-.001,-.087,.996,-.013,0,.013,1);es="Linear";ed="In";};["Head"]={cf=cfr(0,-.004,0,1,-.013,-.002,.013,.999,-.049,.003,.049,.999);es="Linear";ed="In";};["UpperTorso"]={cf=cfr(0,-.002,0,1,0,0,0,.994,.113,0,-.113,.994);es="Linear";ed="In";};["RightUpperLeg"]={cf=cfr(-.104,.011,.003,.685,-.42,-.595,.23,.9,-.37,.691,.116,.714);es="Linear";ed="In";};["LeftUpperLeg"]={cf=cfr(.104,.011,.003,.685,.42,.595,-.23,.9,-.37,-.691,.116,.714);es="Linear";ed="In";};["LeftLowerLeg"]={cf=cfr(0,0,0,1,0,0,0,.912,.411,0,-.411,.912);es="Linear";ed="In";};["RightLowerLeg"]={cf=cfr(0,0,0,1,0,0,0,.912,.411,0,-.411,.912);es="Linear";ed="In";};["LeftLowerArm"]={cf=cfr(0,0,0,1,0,0,0,.944,-.33,0,.33,.944);es="Linear";ed="In";};["LowerTorso"]={cf=cfr(0,-.197,0,1,0,0,0,.998,-.062,0,.062,.998);es="Linear";ed="In";};["RightLowerArm"]={cf=cfr(0,.001,0,1,0,0,0,.885,-.465,0,.465,.885);es="Linear";ed="In";};};{tm=.35;["RightUpperArm"]={cf=cfr(0,0,0,.996,-.087,.002,.087,.996,-.022,0,.022,1);es="Linear";ed="In";};["LeftUpperArm"]={cf=cfr(0,0,0,.996,.087,-.001,-.087,.996,-.014,0,.014,1);es="Linear";ed="In";};["Head"]={cf=cfr(0,-.005,0,1,-.014,-.002,.014,.999,-.045,.003,.045,.999);es="Linear";ed="In";};["UpperTorso"]={cf=cfr(0,-.002,0,1,0,0,0,.993,.115,0,-.115,.993);es="Linear";ed="In";};["RightUpperLeg"]={cf=cfr(-.104,.012,.003,.689,-.418,-.592,.227,.9,-.371,.688,.121,.716);es="Linear";ed="In";};["LeftUpperLeg"]={cf=cfr(.104,.012,.003,.689,.418,.592,-.227,.9,-.371,-.688,.121,.716);es="Linear";ed="In";};["LeftLowerLeg"]={cf=cfr(0,0,0,1,0,0,0,.912,.41,0,-.41,.912);es="Linear";ed="In";};["RightLowerLeg"]={cf=cfr(0,0,0,1,0,0,0,.912,.41,0,-.41,.912);es="Linear";ed="In";};["LeftLowerArm"]={cf=cfr(0,0,0,1,0,0,0,.944,-.329,0,.329,.944);es="Linear";ed="In";};["LowerTorso"]={cf=cfr(0,-.197,0,1,0,0,0,.998,-.059,0,.059,.998);es="Linear";ed="In";};["RightLowerArm"]={cf=cfr(0,.001,0,1,0,0,0,.887,-.462,0,.462,.887);es="Linear";ed="In";};};{tm=.367;["RightUpperArm"]={cf=cfr(0,0,0,.996,-.087,.002,.087,.996,-.024,0,.024,1);es="Linear";ed="In";};["LeftUpperArm"]={cf=cfr(0,0,0,.996,.087,-.001,-.087,.996,-.015,0,.015,1);es="Linear";ed="In";};["Head"]={cf=cfr(0,-.005,0,1,-.015,-.002,.015,.999,-.041,.003,.041,.999);es="Linear";ed="In";};["UpperTorso"]={cf=cfr(0,-.002,0,1,0,0,0,.993,.118,0,-.118,.993);es="Linear";ed="In";};["RightUpperLeg"]={cf=cfr(-.104,.013,.003,.693,-.416,-.588,.224,.901,-.372,.685,.126,.718);es="Linear";ed="In";};["LeftUpperLeg"]={cf=cfr(.104,.013,.003,.693,.416,.588,-.224,.901,-.372,-.685,.126,.718);es="Linear";ed="In";};["LeftLowerLeg"]={cf=cfr(0,0,0,1,0,0,0,.913,.409,0,-.409,.913);es="Linear";ed="In";};["RightLowerLeg"]={cf=cfr(0,0,0,1,0,0,0,.913,.409,0,-.409,.913);es="Linear";ed="In";};["LeftLowerArm"]={cf=cfr(0,0,0,1,0,0,0,.945,-.328,0,.328,.945);es="Linear";ed="In";};["LowerTorso"]={cf=cfr(0,-.196,0,1,0,0,0,.998,-.057,0,.057,.998);es="Linear";ed="In";};["RightLowerArm"]={cf=cfr(0,.001,0,1,0,0,0,.889,-.458,0,.458,.889);es="Linear";ed="In";};};{tm=.383;["RightUpperArm"]={cf=cfr(0,0,0,.996,-.087,.002,.087,.996,-.026,0,.026,1);es="Linear";ed="In";};["LeftUpperArm"]={cf=cfr(0,0,0,.996,.087,-.001,-.087,.996,-.017,0,.017,1);es="Linear";ed="In";};["Head"]={cf=cfr(0,-.005,0,1,-.016,-.003,.016,.999,-.037,.003,.037,.999);es="Linear";ed="In";};["UpperTorso"]={cf=cfr(0,-.002,0,1,0,0,0,.993,.12,0,-.12,.993);es="Linear";ed="In";};["RightUpperLeg"]={cf=cfr(-.105,.014,.003,.698,-.414,-.585,.221,.901,-.373,.681,.131,.72);es="Linear";ed="In";};["LeftUpperLeg"]={cf=cfr(.105,.014,.003,.698,.414,.585,-.221,.901,-.373,-.681,.131,.72);es="Linear";ed="In";};["LeftLowerLeg"]={cf=cfr(0,0,0,1,0,0,0,.913,.407,0,-.407,.913);es="Linear";ed="In";};["RightLowerLeg"]={cf=cfr(0,0,0,1,0,0,0,.913,.407,0,-.407,.913);es="Linear";ed="In";};["LeftLowerArm"]={cf=cfr(0,0,0,1,0,0,0,.945,-.326,0,.326,.945);es="Linear";ed="In";};["LowerTorso"]={cf=cfr(0,-.195,0,1,0,0,0,.999,-.054,0,.054,.999);es="Linear";ed="In";};["RightLowerArm"]={cf=cfr(0,.001,0,1,0,0,0,.891,-.455,0,.455,.891);es="Linear";ed="In";};};{tm=.4;["RightUpperArm"]={cf=cfr(0,0,0,.996,-.087,.002,.087,.996,-.028,0,.028,1);es="Linear";ed="In";};["LeftUpperArm"]={cf=cfr(0,0,0,.996,.087,-.002,-.087,.996,-.018,0,.018,1);es="Linear";ed="In";};["Head"]={cf=cfr(0,-.006,0,1,-.018,-.003,.018,.999,-.033,.003,.033,.999);es="Linear";ed="In";};["UpperTorso"]={cf=cfr(0,-.002,0,1,0,0,0,.992,.123,0,-.123,.992);es="Linear";ed="In";};["RightUpperLeg"]={cf=cfr(-.105,.015,.004,.702,-.411,-.581,.218,.901,-.375,.678,.137,.722);es="Linear";ed="In";};["LeftUpperLeg"]={cf=cfr(.105,.015,.004,.702,.411,.581,-.218,.901,-.375,-.678,.137,.722);es="Linear";ed="In";};["LeftLowerLeg"]={cf=cfr(0,0,0,1,0,0,0,.914,.406,0,-.406,.914);es="Linear";ed="In";};["RightLowerLeg"]={cf=cfr(0,0,0,1,0,0,0,.914,.406,0,-.406,.914);es="Linear";ed="In";};["LeftLowerArm"]={cf=cfr(0,0,0,1,0,0,0,.946,-.325,0,.325,.946);es="Linear";ed="In";};["LowerTorso"]={cf=cfr(0,-.194,0,1,0,0,0,.999,-.051,0,.051,.999);es="Linear";ed="In";};["RightLowerArm"]={cf=cfr(0,.001,0,1,0,0,0,.892,-.451,0,.451,.892);es="Linear";ed="In";};};{tm=.417;["RightUpperArm"]={cf=cfr(0,0,0,.996,-.087,.003,.087,.996,-.03,0,.03,1);es="Linear";ed="In";};["LeftUpperArm"]={cf=cfr(0,0,0,.996,.087,-.002,-.087,.996,-.019,0,.019,1);es="Linear";ed="In";};["Head"]={cf=cfr(0,-.006,0,1,-.019,-.003,.019,.999,-.029,.004,.029,1);es="Linear";ed="In";};["UpperTorso"]={cf=cfr(0,-.002,0,1,0,0,0,.992,.126,0,-.126,.992);es="Linear";ed="In";};["RightUpperLeg"]={cf=cfr(-.105,.016,.004,.707,-.409,-.578,.214,.902,-.376,.675,.142,.724);es="Linear";ed="In";};["LeftUpperLeg"]={cf=cfr(.105,.016,.004,.707,.409,.578,-.214,.902,-.376,-.675,.142,.724);es="Linear";ed="In";};["LeftLowerLeg"]={cf=cfr(0,0,0,1,0,0,0,.914,.405,0,-.405,.914);es="Linear";ed="In";};["RightLowerLeg"]={cf=cfr(0,0,0,1,0,0,0,.914,.405,0,-.405,.914);es="Linear";ed="In";};["LeftLowerArm"]={cf=cfr(0,0,0,1,0,0,0,.946,-.324,0,.324,.946);es="Linear";ed="In";};["LowerTorso"]={cf=cfr(0,-.193,0,1,0,0,0,.999,-.048,0,.048,.999);es="Linear";ed="In";};["RightLowerArm"]={cf=cfr(0,.001,0,1,0,0,0,.894,-.448,0,.448,.894);es="Linear";ed="In";};};{tm=.433;["RightUpperArm"]={cf=cfr(0,0,0,.996,-.087,.003,.087,.996,-.032,0,.032,.999);es="Linear";ed="In";};["LeftUpperArm"]={cf=cfr(0,0,0,.996,.087,-.002,-.087,.996,-.021,0,.021,1);es="Linear";ed="In";};["Head"]={cf=cfr(0,-.006,0,1,-.021,-.003,.021,.999,-.025,.004,.025,1);es="Linear";ed="In";};["UpperTorso"]={cf=cfr(0,-.003,0,1,0,0,0,.992,.129,0,-.129,.992);es="Linear";ed="In";};["RightUpperLeg"]={cf=cfr(-.106,.017,.004,.711,-.406,-.574,.211,.902,-.377,.671,.148,.727);es="Linear";ed="In";};["LeftUpperLeg"]={cf=cfr(.106,.017,.004,.711,.406,.574,-.211,.902,-.377,-.671,.148,.727);es="Linear";ed="In";};["LeftLowerLeg"]={cf=cfr(0,0,0,1,0,0,0,.915,.404,0,-.404,.915);es="Linear";ed="In";};["RightLowerLeg"]={cf=cfr(0,0,0,1,0,0,0,.915,.404,0,-.404,.915);es="Linear";ed="In";};["LeftLowerArm"]={cf=cfr(0,0,0,1,0,0,0,.947,-.322,0,.322,.947);es="Linear";ed="In";};["LowerTorso"]={cf=cfr(0,-.193,0,1,0,0,0,.999,-.046,0,.046,.999);es="Linear";ed="In";};["RightLowerArm"]={cf=cfr(0,.001,0,1,0,0,0,.896,-.444,0,.444,.896);es="Linear";ed="In";};};{tm=.45;["RightUpperArm"]={cf=cfr(0,0,0,.996,-.087,.003,.087,.996,-.034,0,.034,.999);es="Linear";ed="In";};["LeftUpperArm"]={cf=cfr(0,0,0,.996,.087,-.002,-.087,.996,-.022,0,.022,1);es="Linear";ed="In";};["Head"]={cf=cfr(0,-.006,0,1,-.022,-.004,.022,1,-.02,.004,.02,1);es="Linear";ed="In";};["UpperTorso"]={cf=cfr(0,-.003,0,1,0,0,0,.991,.132,0,-.132,.991);es="Linear";ed="In";};["RightUpperLeg"]={cf=cfr(-.106,.019,.004,.716,-.404,-.57,.207,.902,-.379,.667,.153,.729);es="Linear";ed="In";};["LeftUpperLeg"]={cf=cfr(.106,.019,.004,.716,.404,.57,-.207,.902,-.379,-.667,.153,.729);es="Linear";ed="In";};["LeftLowerLeg"]={cf=cfr(0,0,0,1,0,0,0,.916,.402,0,-.402,.916);es="Linear";ed="In";};["RightLowerLeg"]={cf=cfr(0,0,0,1,0,0,0,.916,.402,0,-.402,.916);es="Linear";ed="In";};["LeftLowerArm"]={cf=cfr(0,0,0,1,0,0,0,.947,-.321,0,.321,.947);es="Linear";ed="In";};["LowerTorso"]={cf=cfr(0,-.192,0,1,0,0,0,.999,-.043,0,.043,.999);es="Linear";ed="In";};["RightLowerArm"]={cf=cfr(0,.001,0,1,0,0,0,.898,-.44,0,.44,.898);es="Linear";ed="In";};};{tm=.467;["RightUpperArm"]={cf=cfr(0,0,0,.996,-.087,.003,.087,.996,-.036,0,.036,.999);es="Linear";ed="In";};["LeftUpperArm"]={cf=cfr(0,0,0,.996,.087,-.002,-.087,.996,-.024,0,.024,1);es="Linear";ed="In";};["Head"]={cf=cfr(.001,-.007,0,1,-.024,-.004,.023,1,-.016,.004,.016,1);es="Linear";ed="In";};["UpperTorso"]={cf=cfr(0,-.003,0,1,0,0,0,.991,.135,0,-.135,.991);es="Linear";ed="In";};["RightUpperLeg"]={cf=cfr(-.106,.02,.005,.72,-.401,-.566,.203,.902,-.38,.663,.159,.731);es="Linear";ed="In";};["LeftUpperLeg"]={cf=cfr(.106,.02,.005,.72,.401,.566,-.203,.902,-.38,-.663,.159,.731);es="Linear";ed="In";};["LeftLowerLeg"]={cf=cfr(0,0,0,1,0,0,0,.916,.401,0,-.401,.916);es="Linear";ed="In";};["RightLowerLeg"]={cf=cfr(0,0,0,1,0,0,0,.916,.401,0,-.401,.916);es="Linear";ed="In";};["LeftLowerArm"]={cf=cfr(0,0,0,1,0,0,0,.948,-.32,0,.32,.948);es="Linear";ed="In";};["LowerTorso"]={cf=cfr(0,-.191,0,1,0,0,0,.999,-.04,0,.04,.999);es="Linear";ed="In";};["RightLowerArm"]={cf=cfr(0,.001,0,1,0,0,0,.9,-.436,0,.436,.9);es="Linear";ed="In";};};{tm=.483;["RightUpperArm"]={cf=cfr(0,0,0,.996,-.087,.003,.087,.995,-.038,0,.038,.999);es="Linear";ed="In";};["LeftUpperArm"]={cf=cfr(0,0,0,.996,.087,-.002,-.087,.996,-.025,0,.025,1);es="Linear";ed="In";};["Head"]={cf=cfr(.001,-.007,0,1,-.025,-.004,.025,1,-.011,.005,.011,1);es="Linear";ed="In";};["UpperTorso"]={cf=cfr(0,-.003,0,1,0,0,0,.99,.138,0,-.138,.99);es="Linear";ed="In";};["RightUpperLeg"]={cf=cfr(-.106,.021,.005,.725,-.398,-.562,.199,.902,-.382,.659,.165,.734);es="Linear";ed="In";};["LeftUpperLeg"]={cf=cfr(.106,.021,.005,.725,.398,.562,-.199,.902,-.382,-.659,.165,.734);es="Linear";ed="In";};["LeftLowerLeg"]={cf=cfr(0,0,0,1,0,0,0,.917,.399,0,-.399,.917);es="Linear";ed="In";};["RightLowerLeg"]={cf=cfr(0,0,0,1,0,0,0,.917,.399,0,-.399,.917);es="Linear";ed="In";};["LeftLowerArm"]={cf=cfr(0,0,0,1,0,0,0,.948,-.318,0,.318,.948);es="Linear";ed="In";};["LowerTorso"]={cf=cfr(0,-.19,0,1,0,0,0,.999,-.037,0,.037,.999);es="Linear";ed="In";};["RightLowerArm"]={cf=cfr(0,.001,0,1,0,0,0,.902,-.432,0,.432,.902);es="Linear";ed="In";};};{tm=.5;["RightUpperArm"]={cf=cfr(0,0,0,.996,-.087,.004,.087,.995,-.04,0,.04,.999);es="Linear";ed="In";};["LeftUpperArm"]={cf=cfr(0,0,0,.996,.087,-.002,-.087,.996,-.027,0,.027,1);es="Linear";ed="In";};["Head"]={cf=cfr(.001,-.007,0,1,-.027,-.005,.027,1,-.007,.005,.006,1);es="Linear";ed="In";};["UpperTorso"]={cf=cfr(0,-.003,.001,1,0,0,0,.99,.141,0,-.141,.99);es="Linear";ed="In";};["RightUpperLeg"]={cf=cfr(-.106,.022,.005,.73,-.395,-.558,.196,.903,-.384,.655,.171,.736);es="Linear";ed="In";};["LeftUpperLeg"]={cf=cfr(.106,.022,.005,.73,.395,.558,-.196,.903,-.384,-.655,.171,.736);es="Linear";ed="In";};["LeftLowerLeg"]={cf=cfr(0,0,0,1,0,0,0,.917,.398,0,-.398,.917);es="Linear";ed="In";};["RightLowerLeg"]={cf=cfr(0,0,0,1,0,0,0,.917,.398,0,-.398,.917);es="Linear";ed="In";};["LeftLowerArm"]={cf=cfr(0,0,0,1,0,0,0,.949,-.317,0,.317,.949);es="Linear";ed="In";};["LowerTorso"]={cf=cfr(0,-.189,0,1,0,0,0,.999,-.033,0,.033,.999);es="Linear";ed="In";};["RightLowerArm"]={cf=cfr(0,.001,0,1,0,0,0,.904,-.429,0,.429,.904);es="Linear";ed="In";};};{tm=.517;["RightUpperArm"]={cf=cfr(0,0,0,.996,-.087,.004,.087,.995,-.042,0,.043,.999);es="Linear";ed="In";};["LeftUpperArm"]={cf=cfr(0,0,0,.996,.087,-.002,-.087,.996,-.028,0,.029,1);es="Linear";ed="In";};["Head"]={cf=cfr(.001,-.007,0,1,-.028,-.005,.028,1,-.002,.005,.002,1);es="Linear";ed="In";};["UpperTorso"]={cf=cfr(0,-.003,.001,1,0,0,0,.99,.144,0,-.144,.99);es="Linear";ed="In";};["RightUpperLeg"]={cf=cfr(-.107,.023,.005,.735,-.392,-.553,.192,.903,-.385,.651,.177,.738);es="Linear";ed="In";};["LeftUpperLeg"]={cf=cfr(.107,.023,.005,.735,.392,.553,-.192,.903,-.385,-.651,.177,.738);es="Linear";ed="In";};["LeftLowerLeg"]={cf=cfr(0,0,0,1,0,0,0,.918,.397,0,-.397,.918);es="Linear";ed="In";};["RightLowerLeg"]={cf=cfr(0,0,0,1,0,0,0,.918,.397,0,-.397,.918);es="Linear";ed="In";};["LeftLowerArm"]={cf=cfr(0,0,0,1,0,0,0,.949,-.315,0,.315,.949);es="Linear";ed="In";};["LowerTorso"]={cf=cfr(0,-.188,0,1,0,0,0,1,-.03,0,.03,1);es="Linear";ed="In";};["RightLowerArm"]={cf=cfr(0,.001,0,1,0,0,0,.905,-.425,0,.425,.905);es="Linear";ed="In";};};{tm=.533;["RightUpperArm"]={cf=cfr(0,0,0,.996,-.087,.004,.087,.995,-.045,0,.045,.999);es="Linear";ed="In";};["LeftUpperArm"]={cf=cfr(0,0,0,.996,.087,-.003,-.087,.996,-.03,0,.03,1);es="Linear";ed="In";};["Head"]={cf=cfr(.001,-.008,0,1,-.03,-.005,.03,1,.003,.005,-.003,1);es="Linear";ed="In";};["UpperTorso"]={cf=cfr(0,-.003,.001,1,0,0,0,.989,.147,0,-.147,.989);es="Linear";ed="In";};["RightUpperLeg"]={cf=cfr(-.107,.024,.006,.74,-.389,-.549,.188,.903,-.387,.646,.183,.741);es="Linear";ed="In";};["LeftUpperLeg"]={cf=cfr(.107,.024,.006,.74,.389,.549,-.188,.903,-.387,-.646,.183,.741);es="Linear";ed="In";};["LeftLowerLeg"]={cf=cfr(0,0,0,1,0,0,0,.919,.395,0,-.395,.919);es="Linear";ed="In";};["RightLowerLeg"]={cf=cfr(0,0,0,1,0,0,0,.919,.395,0,-.395,.919);es="Linear";ed="In";};["LeftLowerArm"]={cf=cfr(0,0,0,1,0,0,0,.95,-.314,0,.314,.95);es="Linear";ed="In";};["LowerTorso"]={cf=cfr(0,-.187,0,1,0,0,0,1,-.027,0,.027,1);es="Linear";ed="In";};["RightLowerArm"]={cf=cfr(0,.001,0,1,0,0,0,.907,-.421,0,.421,.907);es="Linear";ed="In";};};{tm=.55;["RightUpperArm"]={cf=cfr(0,0,0,.996,-.087,.004,.087,.995,-.047,0,.047,.999);es="Linear";ed="In";};["LeftUpperArm"]={cf=cfr(0,0,0,.996,.087,-.003,-.087,.996,-.032,0,.032,.999);es="Linear";ed="In";};["Head"]={cf=cfr(.001,-.008,0,.999,-.031,-.006,.031,.999,.008,.005,-.008,1);es="Linear";ed="In";};["UpperTorso"]={cf=cfr(0,-.003,.001,1,0,0,0,.989,.15,0,-.15,.989);es="Linear";ed="In";};["RightUpperLeg"]={cf=cfr(-.107,.026,.006,.745,-.386,-.545,.184,.903,-.388,.642,.189,.743);es="Linear";ed="In";};["LeftUpperLeg"]={cf=cfr(.107,.026,.006,.745,.386,.545,-.184,.903,-.388,-.642,.189,.743);es="Linear";ed="In";};["LeftLowerLeg"]={cf=cfr(0,0,0,1,0,0,0,.919,.394,0,-.394,.919);es="Linear";ed="In";};["RightLowerLeg"]={cf=cfr(0,0,0,1,0,0,0,.919,.394,0,-.394,.919);es="Linear";ed="In";};["LeftLowerArm"]={cf=cfr(0,0,0,1,0,0,0,.95,-.312,0,.312,.95);es="Linear";ed="In";};["LowerTorso"]={cf=cfr(0,-.186,0,1,0,0,0,1,-.024,0,.024,1);es="Linear";ed="In";};["RightLowerArm"]={cf=cfr(0,.001,0,1,0,0,0,.909,-.417,0,.417,.909);es="Linear";ed="In";};};{tm=.567;["RightUpperArm"]={cf=cfr(0,0,0,.996,-.087,.004,.087,.995,-.049,0,.049,.999);es="Linear";ed="In";};["LeftUpperArm"]={cf=cfr(0,0,0,.996,.087,-.003,-.087,.996,-.033,0,.033,.999);es="Linear";ed="In";};["Head"]={cf=cfr(.001,-.008,0,.999,-.033,-.006,.033,.999,.013,.006,-.013,1);es="Linear";ed="In";};["UpperTorso"]={cf=cfr(0,-.003,.001,1,0,0,0,.988,.154,0,-.154,.988);es="Linear";ed="In";};["RightUpperLeg"]={cf=cfr(-.107,.027,.006,.749,-.383,-.54,.18,.903,-.39,.637,.195,.746);es="Linear";ed="In";};["LeftUpperLeg"]={cf=cfr(.107,.027,.006,.749,.383,.54,-.18,.903,-.39,-.637,.195,.746);es="Linear";ed="In";};["LeftLowerLeg"]={cf=cfr(0,0,0,1,0,0,0,.92,.392,0,-.392,.92);es="Linear";ed="In";};["RightLowerLeg"]={cf=cfr(0,0,0,1,0,0,0,.92,.392,0,-.392,.92);es="Linear";ed="In";};["LeftLowerArm"]={cf=cfr(0,0,0,1,0,0,0,.951,-.31,0,.31,.951);es="Linear";ed="In";};["LowerTorso"]={cf=cfr(0,-.185,0,1,0,0,0,1,-.02,0,.02,1);es="Linear";ed="In";};["RightLowerArm"]={cf=cfr(0,.001,0,1,0,0,0,.911,-.413,0,.413,.911);es="Linear";ed="In";};};{tm=.583;["RightUpperArm"]={cf=cfr(0,0,0,.996,-.087,.004,.087,.995,-.051,0,.051,.999);es="Linear";ed="In";};["LeftUpperArm"]={cf=cfr(0,0,0,.996,.087,-.003,-.087,.996,-.035,0,.035,.999);es="Linear";ed="In";};["Head"]={cf=cfr(.001,-.008,0,.999,-.035,-.006,.035,.999,.018,.006,-.018,1);es="Linear";ed="In";};["UpperTorso"]={cf=cfr(0,-.003,.001,1,0,0,0,.988,.157,0,-.157,.988);es="Linear";ed="In";};["RightUpperLeg"]={cf=cfr(-.107,.028,.006,.754,-.379,-.536,.176,.903,-.392,.632,.202,.748);es="Linear";ed="In";};["LeftUpperLeg"]={cf=cfr(.107,.028,.006,.754,.379,.536,-.176,.903,-.392,-.632,.202,.748);es="Linear";ed="In";};["LeftLowerLeg"]={cf=cfr(0,0,0,1,0,0,0,.921,.391,0,-.391,.921);es="Linear";ed="In";};["RightLowerLeg"]={cf=cfr(0,0,0,1,0,0,0,.921,.391,0,-.391,.921);es="Linear";ed="In";};["LeftLowerArm"]={cf=cfr(0,0,0,1,0,0,0,.951,-.309,0,.309,.951);es="Linear";ed="In";};["LowerTorso"]={cf=cfr(0,-.184,0,1,0,0,0,1,-.017,0,.017,1);es="Linear";ed="In";};["RightLowerArm"]={cf=cfr(0,.001,0,1,0,0,0,.913,-.409,0,.409,.913);es="Linear";ed="In";};};{tm=.6;["RightUpperArm"]={cf=cfr(0,0,0,.996,-.087,.005,.087,.995,-.053,0,.053,.999);es="Linear";ed="In";};["LeftUpperArm"]={cf=cfr(0,0,0,.996,.087,-.003,-.087,.996,-.037,0,.037,.999);es="Linear";ed="In";};["Head"]={cf=cfr(.001,-.008,0,.999,-.036,-.007,.036,.999,.023,.006,-.023,1);es="Linear";ed="In";};["UpperTorso"]={cf=cfr(0,-.004,.001,1,0,0,0,.987,.16,0,-.16,.987);es="Linear";ed="In";};["RightUpperLeg"]={cf=cfr(-.107,.029,.006,.759,-.376,-.531,.172,.903,-.394,.628,.208,.75);es="Linear";ed="In";};["LeftUpperLeg"]={cf=cfr(.107,.029,.006,.759,.376,.531,-.172,.903,-.394,-.628,.208,.75);es="Linear";ed="In";};["LeftLowerLeg"]={cf=cfr(0,0,0,1,0,0,0,.921,.389,0,-.389,.921);es="Linear";ed="In";};["RightLowerLeg"]={cf=cfr(0,0,0,1,0,0,0,.921,.389,0,-.389,.921);es="Linear";ed="In";};["LeftLowerArm"]={cf=cfr(0,0,0,1,0,0,0,.952,-.307,0,.307,.952);es="Linear";ed="In";};["LowerTorso"]={cf=cfr(0,-.183,0,1,0,0,0,1,-.014,0,.014,1);es="Linear";ed="In";};["RightLowerArm"]={cf=cfr(0,.001,0,1,0,0,0,.914,-.405,0,.405,.914);es="Linear";ed="In";};};{tm=.617;["RightUpperArm"]={cf=cfr(0,0,0,.996,-.087,.005,.087,.995,-.055,0,.055,.998);es="Linear";ed="In";};["LeftUpperArm"]={cf=cfr(0,0,0,.996,.087,-.003,-.087,.995,-.038,0,.038,.999);es="Linear";ed="In";};["Head"]={cf=cfr(.001,-.008,0,.999,-.038,-.007,.038,.999,.028,.006,-.028,1);es="Linear";ed="In";};["UpperTorso"]={cf=cfr(0,-.004,.001,1,0,0,0,.987,.164,0,-.164,.987);es="Linear";ed="In";};["RightUpperLeg"]={cf=cfr(-.107,.03,.007,.764,-.372,-.527,.168,.903,-.396,.623,.214,.752);es="Linear";ed="In";};["LeftUpperLeg"]={cf=cfr(.107,.03,.007,.764,.372,.527,-.168,.903,-.396,-.623,.214,.752);es="Linear";ed="In";};["LeftLowerLeg"]={cf=cfr(0,0,0,1,0,0,0,.922,.387,0,-.387,.922);es="Linear";ed="In";};["RightLowerLeg"]={cf=cfr(0,0,0,1,0,0,0,.922,.387,0,-.387,.922);es="Linear";ed="In";};["LeftLowerArm"]={cf=cfr(0,0,0,1,0,0,0,.952,-.306,0,.306,.952);es="Linear";ed="In";};["LowerTorso"]={cf=cfr(0,-.182,0,1,0,0,0,1,-.01,0,.01,1);es="Linear";ed="In";};["RightLowerArm"]={cf=cfr(0,.001,0,1,0,0,0,.916,-.401,0,.401,.916);es="Linear";ed="In";};};{tm=.633;["RightUpperArm"]={cf=cfr(0,0,0,.996,-.087,.005,.087,.995,-.057,0,.058,.998);es="Linear";ed="In";};["LeftUpperArm"]={cf=cfr(0,0,0,.996,.087,-.004,-.087,.995,-.04,0,.04,.999);es="Linear";ed="In";};["Head"]={cf=cfr(.001,-.008,0,.999,-.04,-.008,.04,.999,.033,.006,-.033,.999);es="Linear";ed="In";};["UpperTorso"]={cf=cfr(0,-.004,.001,1,0,0,0,.986,.167,0,-.167,.986);es="Linear";ed="In";};["RightUpperLeg"]={cf=cfr(-.107,.031,.007,.769,-.369,-.522,.163,.903,-.397,.618,.22,.755);es="Linear";ed="In";};["LeftUpperLeg"]={cf=cfr(.107,.031,.007,.769,.369,.522,-.163,.903,-.397,-.618,.22,.755);es="Linear";ed="In";};["LeftLowerLeg"]={cf=cfr(0,0,0,1,0,0,0,.923,.386,0,-.386,.923);es="Linear";ed="In";};["RightLowerLeg"]={cf=cfr(0,0,0,1,0,0,0,.923,.386,0,-.386,.923);es="Linear";ed="In";};["LeftLowerArm"]={cf=cfr(0,0,0,1,0,0,0,.953,-.304,0,.304,.953);es="Linear";ed="In";};["LowerTorso"]={cf=cfr(0,-.181,0,1,0,0,0,1,-.007,0,.007,1);es="Linear";ed="In";};["RightLowerArm"]={cf=cfr(0,.001,0,1,0,0,0,.918,-.397,0,.397,.918);es="Linear";ed="In";};};{tm=.65;["RightUpperArm"]={cf=