local cfr = CFrame.new

return {{tm=0;["RootNode"]={cf=cfr(0,0,0,-1,0,0,0,1,0,0,0,-1);es="Linear";ed="In";};["root"]={cf=cfr(0,2.665,0,0,0,1,0,1,0,-1,0,0);es="Linear";ed="In";};["000-offset"]={cf=cfr(0,0,0,-.257,.966,0,-.966,-.257,0,0,0,1);es="Linear";ed="In";};["004-offset.001"]={cf=cfr(0,0,0,-.015,-1,0,1,-.015,0,0,0,1);es="Linear";ed="In";};["006-offset"]={cf=cfr(0,0,0,-.015,-1,0,1,-.015,0,0,0,1);es="Linear";ed="In";};["000-offset.009"]={cf=cfr(0,0,0,-.769,-.639,-.007,.639,-.769,.008,-.01,.002,1);es="Linear";ed="In";};["000-offset.012"]={cf=cfr(0,0,0,-.807,-.589,.028,.589,-.808,-.016,.032,.004,.999);es="Linear";ed="In";};["000-offset.001"]={cf=cfr(0,0,0,.883,.47,0,-.47,.883,0,0,0,1);es="Linear";ed="In";};["000-offset.010"]={cf=cfr(0,0,0,-.149,.989,0,-.989,-.149,0,0,0,1);es="Linear";ed="In";};["000-offset.013"]={cf=cfr(0,0,0,-.259,.966,0,-.966,-.259,0,0,0,1);es="Linear";ed="In";};["004-offset"]={cf=cfr(0,0,0,.035,-.999,0,.999,.035,0,0,0,1);es="Linear";ed="In";};["002-offset"]={cf=cfr(0,0,0,.035,-.999,0,.999,.035,0,0,0,1);es="Linear";ed="In";};["000-offset.002"]={cf=cfr(0,0,0,.982,.19,0,-.19,.982,0,0,0,1);es="Linear";ed="In";};["000-offset.011"]={cf=cfr(0,0,0,.219,-.975,-.021,.975,.219,-.018,.022,-.016,1);es="Linear";ed="In";};["000-offset.014"]={cf=cfr(0,0,0,.192,-.981,.013,.98,.192,.056,-.058,.002,.998);es="Linear";ed="In";};["000-offset.006"]={cf=cfr(0,0,0,-.249,-.944,-.218,.826,-.325,.461,-.505,-.066,.86);es="Linear";ed="In";};["000-offset.003"]={cf=cfr(0,0,0,-.253,-.967,.001,.836,-.22,-.503,.487,-.126,.864);es="Linear";ed="In";};["000-offset.007"]={cf=cfr(0,0,0,.986,-.169,0,.169,.986,0,0,0,1);es="Linear";ed="In";};["000-offset.004"]={cf=cfr(0,0,0,.994,-.11,0,.11,.994,0,0,0,1);es="Linear";ed="In";};["000-offset.008"]={cf=cfr(0,0,0,.899,-.438,0,.438,.899,0,0,0,1);es="Linear";ed="In";};["000-offset.005"]={cf=cfr(0,0,0,.916,-.374,-.143,.368,.927,-.07,.159,.011,.987);es="Linear";ed="In";};};{tm=.042;["000-offset"]={cf=cfr(0,0,0,-.221,.975,0,-.975,-.221,0,0,0,1);es="Linear";ed="In";};["000-offset.009"]={cf=cfr(0,0,0,-.693,-.721,-.006,.721,-.693,.008,-.01,.001,1);es="Linear";ed="In";};["000-offset.012"]={cf=cfr(0,0,0,-.732,-.681,.027,.681,-.732,-.016,.03,.007,1);es="Linear";ed="In";};["000-offset.001"]={cf=cfr(0,0,0,.914,.406,0,-.406,.914,0,0,0,1);es="Linear";ed="In";};["000-offset.010"]={cf=cfr(0,0,0,.073,.997,0,-.997,.073,0,0,0,1);es="Linear";ed="In";};["000-offset.013"]={cf=cfr(0,0,0,-.027,1,0,-1,-.027,0,0,0,1);es="Linear";ed="In";};["000-offset.002"]={cf=cfr(0,0,0,.992,.126,0,-.126,.992,0,0,0,1);es="Linear";ed="In";};["000-offset.011"]={cf=cfr(0,0,0,.349,-.937,-.02,.937,.349,-.017,.023,-.013,1);es="Linear";ed="In";};["000-offset.014"]={cf=cfr(0,0,0,.323,-.946,.013,.945,.323,.053,-.055,-.005,.999);es="Linear";ed="In";};["000-offset.003"]={cf=cfr(0,0,0,.024,-.996,.084,.81,-.03,-.585,.586,.082,.806);es="Linear";ed="In";};["000-offset.006"]={cf=cfr(0,0,0,.05,-.954,-.295,.8,-.139,.584,-.598,-.265,.756);es="Linear";ed="In";};["000-offset.004"]={cf=cfr(0,0,0,.993,-.115,0,.115,.993,0,0,0,1);es="Linear";ed="In";};["000-offset.007"]={cf=cfr(0,0,0,.987,-.162,0,.162,.987,0,0,0,1);es="Linear";ed="In";};};{tm=.083;["000-offset"]={cf=cfr(0,0,0,-.138,.99,0,-.99,-.138,0,0,0,1);es="Linear";ed="In";};["000-offset.009"]={cf=cfr(0,0,0,-.491,-.871,-.006,.871,-.491,.007,-.009,-.002,1);es="Linear";ed="In";};["000-offset.012"]={cf=cfr(0,0,0,-.525,-.851,.026,.851,-.525,-.015,.026,.014,1);es="Linear";ed="In";};["000-offset.001"]={cf=cfr(0,0,0,.967,.254,0,-.254,.967,0,0,0,1);es="Linear";ed="In";};["000-offset.010"]={cf=cfr(0,0,0,.545,.839,0,-.839,.545,0,0,0,1);es="Linear";ed="In";};["000-offset.013"]={cf=cfr(0,0,0,.482,.876,0,-.876,.482,0,0,0,1);es="Linear";ed="In";};["000-offset.002"]={cf=cfr(0,0,0,1,-.019,0,.019,1,0,0,0,1);es="Linear";ed="In";};["000-offset.011"]={cf=cfr(0,0,0,.616,-.788,-.018,.788,.616,-.016,.024,-.004,1);es="Linear";ed="In";};["000-offset.014"]={cf=cfr(0,0,0,.593,-.805,.012,.804,.593,.05,-.047,-.02,.999);es="Linear";ed="In";};["000-offset.003"]={cf=cfr(0,0,0,.433,-.901,.02,.456,.2,-.867,.778,.384,.498);es="Linear";ed="In";};["000-offset.006"]={cf=cfr(0,0,0,.477,-.864,-.163,.409,.054,.911,-.778,-.501,.379);es="Linear";ed="In";};["000-offset.004"]={cf=cfr(0,0,0,.992,-.128,0,.128,.992,0,0,0,1);es="Linear";ed="In";};["000-offset.007"]={cf=cfr(0,0,0,.989,-.147,0,.147,.989,0,0,0,1);es="Linear";ed="In";};};{tm=.125;["000-offset"]={cf=cfr(0,0,0,-.051,.999,0,-.999,-.051,0,0,0,1);es="Linear";ed="In";};["000-offset.009"]={cf=cfr(0,0,0,-.242,-.97,-.006,.97,-.242,.007,-.009,-.005,1);es="Linear";ed="In";};["000-offset.012"]={cf=cfr(0,0,0,-.264,-.964,.027,.964,-.265,-.015,.021,.022,1);es="Linear";ed="In";};["000-offset.001"]={cf=cfr(0,0,0,.996,.085,0,-.085,.996,0,0,0,1);es="Linear";ed="In";};["000-offset.010"]={cf=cfr(0,0,0,.895,.445,0,-.445,.895,0,0,0,1);es="Linear";ed="In";};["000-offset.013"]={cf=cfr(0,0,0,.876,.483,0,-.483,.876,0,0,0,1);es="Linear";ed="In";};["000-offset.002"]={cf=cfr(0,0,0,.985,-.172,0,.172,.985,0,0,0,1);es="Linear";ed="In";};["000-offset.011"]={cf=cfr(0,0,0,.835,-.55,-.019,.55,.835,-.017,.025,.004,1);es="Linear";ed="In";};["000-offset.014"]={cf=cfr(0,0,0,.82,-.573,.011,.572,.819,.052,-.039,-.036,.999);es="Linear";ed="In";};["000-offset.003"]={cf=cfr(0,0,0,.388,-.885,-.257,.014,.284,-.959,.922,.368,.123);es="Linear";ed="In";};["000-offset.006"]={cf=cfr(0,0,0,.397,-.904,.162,-.056,.152,.987,-.916,-.401,.01);es="Linear";ed="In";};["000-offset.004"]={cf=cfr(0,0,0,.99,-.141,0,.141,.99,0,0,0,1);es="Linear";ed="In";};["000-offset.007"]={cf=cfr(0,0,0,.992,-.13,0,.13,.992,0,0,0,1);es="Linear";ed="In";};};{tm=.167;["RootNode"]={cf=cfr(0,0,0,-1,0,0,0,1,0,0,0,-1);es="Linear";ed="In";};["root"]={cf=cfr(0,2.665,0,0,0,1,0,1,0,-1,0,0);es="Linear";ed="In";};["000-offset"]={cf=cfr(0,0,0,-.001,1,0,-1,-.001,0,0,0,1);es="Linear";ed="In";};["004-offset.001"]={cf=cfr(0,0,0,-.015,-1,0,1,-.015,0,0,0,1);es="Linear";ed="In";};["006-offset"]={cf=cfr(0,0,0,-.015,-1,0,1,-.015,0,0,0,1);es="Linear";ed="In";};["000-offset.009"]={cf=cfr(0,0,0,-.086,-.996,-.007,.996,-.086,.008,-.008,-.006,1);es="Linear";ed="In";};["000-offset.012"]={cf=cfr(0,0,0,-.099,-.995,.028,.995,-.099,-.016,.019,.027,.999);es="Linear";ed="In";};["000-offset.001"]={cf=cfr(0,0,0,1,-.016,0,.016,1,0,0,0,1);es="Linear";ed="In";};["000-offset.010"]={cf=cfr(0,0,0,.989,.145,0,-.145,.989,0,0,0,1);es="Linear";ed="In";};["000-offset.013"]={cf=cfr(0,0,0,.986,.169,0,-.169,.986,0,0,0,1);es="Linear";ed="In";};["004-offset"]={cf=cfr(0,0,0,.035,-.999,0,.999,.035,0,0,0,1);es="Linear";ed="In";};["002-offset"]={cf=cfr(0,0,0,.035,-.999,0,.999,.035,0,0,0,1);es="Linear";ed="In";};["000-offset.002"]={cf=cfr(0,0,0,.965,-.261,0,.261,.965,0,0,0,1);es="Linear";ed="In";};["000-offset.011"]={cf=cfr(0,0,0,.925,-.38,-.021,.379,.925,-.018,.026,.009,1);es="Linear";ed="In";};["000-offset.014"]={cf=cfr(0,0,0,.914,-.405,.013,.404,.913,.056,-.035,-.046,.998);es="Linear";ed="In";};["000-offset.006"]={cf=cfr(0,0,0,.201,-.932,.303,-.151,.276,.949,-.968,-.237,-.085);es="Linear";ed="In";};["000-offset.003"]={cf=cfr(0,0,0,.21,-.899,-.385,-.094,.373,-.923,.973,.23,-.006);es="Linear";ed="In";};["000-offset.007"]={cf=cfr(0,0,0,.993,-.12,0,.12,.993,0,0,0,1);es="Linear";ed="In";};["000-offset.004"]={cf=cfr(0,0,0,.989,-.149,0,.149,.989,0,0,0,1);es="Linear";ed="In";};["000-offset.008"]={cf=cfr(0,0,0,.899,-.438,0,.438,.899,0,0,0,1);es="Linear";ed="In";};["000-offset.005"]={cf=cfr(0,0,0,.916,-.374,-.143,.368,.927,-.07,.159,.011,.987);es="Linear";ed="In";};};}