local cfr = CFrame.new

return {{tm=0;["RootNode"]={cf=cfr(0,0,0,-1,0,0,0,1,0,0,0,-1);es="Linear";ed="In";};["root"]={cf=cfr(0,1.269,.79,0,0,1,0,1,0,-1,0,0);es="Linear";ed="In";};["000-offset"]={cf=cfr(0,0,0,.335,.629,.701,-.931,.106,.35,.146,-.77,.621);es="Linear";ed="In";};["004-offset.001"]={cf=cfr(0,0,0,-.015,-1,0,1,-.015,0,0,0,1);es="Linear";ed="In";};["006-offset"]={cf=cfr(0,0,0,-.015,-1,0,1,-.015,0,0,0,1);es="Linear";ed="In";};["000-offset.009"]={cf=cfr(0,0,0,-.997,-.073,-.007,.073,-.997,.007,-.008,.007,1);es="Linear";ed="In";};["000-offset.012"]={cf=cfr(0,0,0,-.601,-.455,-.657,.654,-.753,-.078,-.459,-.476,.75);es="Linear";ed="In";};["000-offset.001"]={cf=cfr(0,0,0,.936,.313,.161,-.309,.95,-.053,-.169,0,.986);es="Linear";ed="In";};["000-offset.010"]={cf=cfr(0,0,0,-.539,.842,0,-.842,-.539,0,0,0,1);es="Linear";ed="In";};["000-offset.013"]={cf=cfr(0,0,0,.975,.222,0,-.222,.975,0,0,0,1);es="Linear";ed="In";};["004-offset"]={cf=cfr(0,0,0,.035,-.999,0,.999,.035,0,0,0,1);es="Linear";ed="In";};["002-offset"]={cf=cfr(0,0,0,.035,-.999,0,.999,.035,0,0,0,1);es="Linear";ed="In";};["000-offset.002"]={cf=cfr(0,0,0,.986,-.055,-.155,-.067,.728,-.682,.151,.683,.715);es="Linear";ed="In";};["000-offset.011"]={cf=cfr(0,0,0,-.505,-.863,-.021,.863,-.504,-.018,.005,-.027,1);es="Linear";ed="In";};["000-offset.014"]={cf=cfr(0,0,0,-.055,-.998,.021,.995,-.056,-.083,.084,.016,.996);es="Linear";ed="In";};["000-offset.006"]={cf=cfr(0,0,0,.447,-.893,-.053,-.104,-.111,.988,-.889,-.436,-.143);es="Linear";ed="In";};["000-offset.003"]={cf=cfr(0,0,0,.667,-.709,.23,.592,.316,-.741,.453,.63,.63);es="Linear";ed="In";};["000-offset.007"]={cf=cfr(0,0,0,.209,-.978,0,.978,.209,0,0,0,1);es="Linear";ed="In";};["000-offset.004"]={cf=cfr(0,0,0,.111,-.994,0,.994,.111,0,0,0,1);es="Linear";ed="In";};["000-offset.008"]={cf=cfr(0,0,0,.899,-.438,0,.438,.899,0,0,0,1);es="Linear";ed="In";};["000-offset.005"]={cf=cfr(0,0,0,.916,-.374,-.143,.368,.927,-.07,.159,.011,.987);es="Linear";ed="In";};};{tm=.042;["root"]={cf=cfr(0,1.269,.775,0,0,1,0,1,0,-1,0,0);es="Linear";ed="In";};["000-offset"]={cf=cfr(0,0,0,.324,.637,.7,-.935,.103,.339,.144,-.764,.629);es="Linear";ed="In";};["000-offset.009"]={cf=cfr(0,0,0,-.998,-.07,-.007,.07,-.998,.007,-.008,.007,1);es="Linear";ed="In";};["000-offset.012"]={cf=cfr(0,0,0,-.601,-.455,-.657,.654,-.753,-.078,-.459,-.476,.75);es="Linear";ed="In";};["000-offset.001"]={cf=cfr(0,0,0,.936,.313,.161,-.309,.95,-.053,-.169,0,.986);es="Linear";ed="In";};["000-offset.010"]={cf=cfr(0,0,0,-.539,.842,0,-.842,-.539,0,0,0,1);es="Linear";ed="In";};["000-offset.013"]={cf=cfr(0,0,0,.975,.222,0,-.222,.975,0,0,0,1);es="Linear";ed="In";};["000-offset.002"]={cf=cfr(0,0,0,.986,-.055,-.155,-.067,.728,-.682,.151,.683,.715);es="Linear";ed="In";};["000-offset.011"]={cf=cfr(0,0,0,-.505,-.863,-.021,.863,-.504,-.018,.005,-.027,1);es="Linear";ed="In";};["000-offset.014"]={cf=cfr(0,0,0,-.055,-.998,.021,.995,-.056,-.083,.084,.016,.996);es="Linear";ed="In";};["000-offset.006"]={cf=cfr(0,0,0,.447,-.893,-.053,-.104,-.111,.988,-.889,-.436,-.143);es="Linear";ed="In";};["000-offset.003"]={cf=cfr(0,0,0,.667,-.709,.23,.592,.316,-.741,.453,.63,.63);es="Linear";ed="In";};["000-offset.007"]={cf=cfr(0,0,0,.209,-.978,0,.978,.209,0,0,0,1);es="Linear";ed="In";};["000-offset.004"]={cf=cfr(0,0,0,.111,-.994,0,.994,.111,0,0,0,1);es="Linear";ed="In";};["000-offset.008"]={cf=cfr(0,0,0,.899,-.438,0,.438,.899,0,0,0,1);es="Linear";ed="In";};["000-offset.005"]={cf=cfr(0,0,0,.916,-.374,-.143,.368,.927,-.07,.159,.011,.987);es="Linear";ed="In";};};{tm=.083;["root"]={cf=cfr(0,1.255,.719,0,0,1,0,1,0,-1,0,0);es="Linear";ed="In";};["000-offset"]={cf=cfr(0,0,0,.292,.659,.693,-.946,.093,.31,.14,-.746,.651);es="Linear";ed="In";};["000-offset.009"]={cf=cfr(0,0,0,-.998,-.067,-.015,.067,-.998,.001,-.015,0,1);es="Linear";ed="In";};["000-offset.012"]={cf=cfr(0,0,0,-.646,-.416,-.64,.594,-.8,-.079,-.479,-.431,.765);es="Linear";ed="In";};["000-offset.001"]={cf=cfr(0,0,0,.93,.33,.159,-.319,.943,-.092,-.18,.035,.983);es="Linear";ed="In";};["000-offset.010"]={cf=cfr(0,0,0,-.557,.83,0,-.83,-.557,0,0,0,1);es="Linear";ed="In";};["000-offset.013"]={cf=cfr(0,0,0,.936,.352,0,-.352,.936,0,0,0,1);es="Linear";ed="In";};["000-offset.002"]={cf=cfr(0,0,0,.99,-.041,-.133,-.062,.725,-.686,.125,.687,.716);es="Linear";ed="In";};["000-offset.011"]={cf=cfr(0,0,0,-.511,-.859,-.011,.859,-.511,-.026,.017,-.023,1);es="Linear";ed="In";};["000-offset.014"]={cf=cfr(0,0,0,-.038,-.999,.019,.995,-.04,-.095,.096,.016,.995);es="Linear";ed="In";};["000-offset.006"]={cf=cfr(0,0,0,.504,-.863,-.042,-.125,-.121,.985,-.854,-.491,-.169);es="Linear";ed="In";};["000-offset.003"]={cf=cfr(0,0,0,.646,-.737,.198,.566,.289,-.772,.512,.611,.603);es="Linear";ed="In";};["000-offset.007"]={cf=cfr(0,0,0,.283,-.959,0,.959,.283,0,0,0,1);es="Linear";ed="In";};["000-offset.004"]={cf=cfr(0,0,0,.162,-.987,0,.987,.162,0,0,0,1);es="Linear";ed="In";};["000-offset.008"]={cf=cfr(0,0,0,.864,-.502,.024,.502,.865,.007,-.024,.006,1);es="Linear";ed="In";};["000-offset.005"]={cf=cfr(0,0,0,.916,-.374,-.143,.367,.927,-.07,.159,.011,.987);es="Linear";ed="In";};};{tm=.125;["root"]={cf=cfr(0,1.241,.634,0,0,1,0,1,0,-1,0,0);es="Linear";ed="In";};["000-offset"]={cf=cfr(0,0,0,.245,.692,.679,-.961,.077,.267,.132,-.718,.684);es="Linear";ed="In";};["000-offset.009"]={cf=cfr(0,0,0,-.998,-.056,-.031,.057,-.998,-.013,-.03,-.014,.999);es="Linear";ed="In";};["000-offset.012"]={cf=cfr(0,0,0,-.73,-.305,-.611,.436,-.897,-.074,-.526,-.32,.788);es="Linear";ed="In";};["000-offset.001"]={cf=cfr(0,0,0,.915,.375,.151,-.347,.919,-.186,-.208,.118,.971);es="Linear";ed="In";};["000-offset.010"]={cf=cfr(0,0,0,-.598,.801,0,-.801,-.598,0,0,0,1);es="Linear";ed="In";};["000-offset.013"]={cf=cfr(0,0,0,.769,.64,0,-.64,.769,0,0,0,1);es="Linear";ed="In";};["000-offset.002"]={cf=cfr(0,0,0,.997,-.007,-.076,-.048,.723,-.689,.06,.691,.721);es="Linear";ed="In";};["000-offset.011"]={cf=cfr(0,0,0,-.526,-.85,.013,.849,-.526,-.046,.046,-.013,.999);es="Linear";ed="In";};["000-offset.014"]={cf=cfr(0,0,0,.003,-1,.015,.992,.001,-.124,.124,.015,.992);es="Linear";ed="In";};["000-offset.006"]={cf=cfr(0,0,0,.63,-.777,-.005,-.177,-.15,.973,-.757,-.612,-.232);es="Linear";ed="In";};["000-offset.003"]={cf=cfr(0,0,0,.582,-.804,.125,.494,.228,-.839,.646,.55,.53);es="Linear";ed="In";};["000-offset.007"]={cf=cfr(0,0,0,.451,-.892,0,.892,.451,0,0,0,1);es="Linear";ed="In";};["000-offset.004"]={cf=cfr(0,0,0,.282,-.959,0,.959,.282,0,0,0,1);es="Linear";ed="In";};["000-offset.008"]={cf=cfr(0,0,0,.762,-.643,.076,.642,.766,.037,-.082,.02,.996);es="Linear";ed="In";};["000-offset.005"]={cf=cfr(0,0,0,.917,-.373,-.143,.366,.928,-.07,.159,.011,.987);es="Linear";ed="In";};};{tm=.167;["root"]={cf=cfr(0,1.241,.55,0,0,1,0,1,0,-1,0,0);es="Linear";ed="In";};["000-offset"]={cf=cfr(0,0,0,.187,.731,.656,-.975,.054,.217,.124,-.68,.722);es="Linear";ed="In";};["000-offset.009"]={cf=cfr(0,0,0,-.998,-.048,-.042,.049,-.999,-.023,-.041,-.025,.999);es="Linear";ed="In";};["000-offset.012"]={cf=cfr(0,0,0,-.781,-.143,-.608,.225,-.972,-.061,-.582,-.184,.792);es="Linear";ed="In";};["000-offset.001"]={cf=cfr(0,0,0,.889,.438,.132,-.386,.873,-.299,-.246,.215,.945);es="Linear";ed="In";};["000-offset.010"]={cf=cfr(0,0,0,-.641,.768,0,-.768,-.641,0,0,0,1);es="Linear";ed="In";};["000-offset.013"]={cf=cfr(0,0,0,.438,.899,0,-.899,.438,0,0,0,1);es="Linear";ed="In";};["000-offset.002"]={cf=cfr(0,0,0,.999,.034,-.006,-.029,.732,-.681,-.019,.681,.732);es="Linear";ed="In";};["000-offset.011"]={cf=cfr(0,0,0,-.539,-.841,.038,.838,-.541,-.07,.079,-.006,.997);es="Linear";ed="In";};["000-offset.014"]={cf=cfr(0,0,0,.056,-.998,.007,.986,.054,-.159,.159,.016,.987);es="Linear";ed="In";};["000-offset.006"]={cf=cfr(0,0,0,.756,-.653,.052,-.232,-.192,.954,-.613,-.733,-.296);es="Linear";ed="In";};["000-offset.003"]={cf=cfr(0,0,0,.478,-.877,.045,.393,.168,-.904,.786,.45,.425);es="Linear";ed="In";};["000-offset.007"]={cf=cfr(0,0,0,.632,-.775,0,.775,.632,0,0,0,1);es="Linear";ed="In";};["000-offset.004"]={cf=cfr(0,0,0,.422,-.907,0,.907,.422,0,0,0,1);es="Linear";ed="In";};["000-offset.008"]={cf=cfr(0,0,0,.61,-.783,.122,.778,.621,.095,-.15,.037,.988);es="Linear";ed="In";};["000-offset.005"]={cf=cfr(0,0,0,.917,-.372,-.143,.365,.928,-.07,.159,.012,.987);es="Linear";ed="In";};};{tm=.208;["root"]={cf=cfr(0,1.241,.479,0,0,1,0,1,0,-1,0,0);es="Linear";ed="In";};["000-offset"]={cf=cfr(0,0,0,.123,.772,.624,-.986,.023,.166,.114,-.635,.764);es="Linear";ed="In";};["000-offset.009"]={cf=cfr(0,0,0,-.998,-.051,-.038,.051,-.998,-.02,-.037,-.022,.999);es="Linear";ed="In";};["000-offset.012"]={cf=cfr(0,0,0,-.774,.014,-.632,.031,-.998,-.06,-.632,-.067,.772);es="Linear";ed="In";};["000-offset.001"]={cf=cfr(0,0,0,.855,.507,.106,-.431,.81,-.398,-.288,.295,.911);es="Linear";ed="In";};["000-offset.010"]={cf=cfr(0,0,0,-.666,.746,0,-.746,-.666,0,0,0,1);es="Linear";ed="In";};["000-offset.013"]={cf=cfr(0,0,0,.05,.999,0,-.999,.05,0,0,0,1);es="Linear";ed="In";};["000-offset.002"]={cf=cfr(0,0,0,.996,.066,.061,-.01,.758,-.652,-.089,.648,.756);es="Linear";ed="In";};["000-offset.011"]={cf=cfr(0,0,0,-.544,-.837,.053,.832,-.547,-.094,.108,-.007,.994);es="Linear";ed="In";};["000-offset.014"]={cf=cfr(0,0,0,.109,-.994,0,.976,.107,-.19,.189,.021,.982);es="Linear";ed="In";};["000-offset.006"]={cf=cfr(0,0,0,.844,-.527,.103,-.254,-.223,.941,-.473,-.82,-.322);es="Linear";ed="In";};["000-offset.003"]={cf=cfr(0,0,0,.364,-.931,-.016,.295,.132,-.946,.883,.34,.323);es="Linear";ed="In";};["000-offset.007"]={cf=cfr(0,0,0,.762,-.648,0,.648,.762,0,0,0,1);es="Linear";ed="In";};["000-offset.004"]={cf=cfr(0,0,0,.533,-.846,0,.846,.533,0,0,0,1);es="Linear";ed="In";};["000-offset.008"]={cf=cfr(0,0,0,.465,-.873,.144,.861,.484,.157,-.207,.051,.977);es="Linear";ed="In";};["000-offset.005"]={cf=cfr(0,0,0,.917,-.372,-.143,.366,.928,-.07,.159,.012,.987);es="Linear";ed="In";};};{tm=.25;["root"]={cf=cfr(0,1.269,.437,0,0,1,0,1,0,-1,0,0);es="Linear";ed="In";};["000-offset"]={cf=cfr(0,0,0,.059,.811,.582,-.993,-.012,.118,.103,-.585,.805);es="Linear";ed="In";};["000-offset.009"]={cf=cfr(0,0,0,-.997,-.073,-.007,.073,-.997,.007,-.008,.007,1);es="Linear";ed="In";};["000-offset.012"]={cf=cfr(0,0,0,-.745,.115,-.657,-.084,-.993,-.078,-.662,-.002,.75);es="Linear";ed="In";};["000-offset.001"]={cf=cfr(0,0,0,.816,.572,.085,-.478,.751,-.456,-.325,.331,.886);es="Linear";ed="In";};["000-offset.010"]={cf=cfr(0,0,0,-.659,.752,0,-.752,-.659,0,0,0,1);es="Linear";ed="In";};["000-offset.013"]={cf=cfr(0,0,0,-.221,.975,0,-.975,-.221,0,0,0,1);es="Linear";ed="In";};["000-offset.002"]={cf=cfr(0,0,0,.992,.072,.106,.005,.807,-.591,-.128,.587,.8);es="Linear";ed="In";};["000-offset.011"]={cf=cfr(0,0,0,-.534,-.844,.045,.837,-.535,-.114,.12,-.023,.993);es="Linear";ed="In";};["000-offset.014"]={cf=cfr(0,0,0,.152,-.988,.001,.967,.148,-.207,.205,.032,.978);es="Linear";ed="In";};["000-offset.006"]={cf=cfr(0,0,0,.886,-.451,.105,-.215,-.202,.955,-.41,-.869,-.276);es="Linear";ed="In";};["000-offset.003"]={cf=cfr(0,0,0,.293,-.954,-.054,.242,.129,-.962,.925,.269,.269);es="Linear";ed="In";};["000-offset.007"]={cf=cfr(0,0,0,.808,-.589,0,.589,.808,0,0,0,1);es="Linear";ed="In";};["000-offset.004"]={cf=cfr(0,0,0,.582,-.813,0,.813,.582,0,0,0,1);es="Linear";ed="In";};["000-offset.008"]={cf=cfr(0,0,0,.407,-.901,.149,.884,.429,.185,-.231,.056,.971);es="Linear";ed="In";};["000-offset.005"]={cf=cfr(0,0,0,.916,-.374,-.143,.368,.927,-.07,.159,.011,.987);es="Linear";ed="In";};};{tm=.292;["root"]={cf=cfr(0,1.339,.437,0,0,1,0,1,0,-1,0,0);es="Linear";ed="In";};["000-offset"]={cf=cfr(0,0,0,.001,.846,.533,-.996,-.049,.078,.092,-.531,.842);es="Linear";ed="In";};["000-offset.009"]={cf=cfr(0,0,0,-.989,-.115,.088,.121,-.99,.073,.079,.082,.993);es="Linear";ed="In";};["000-offset.012"]={cf=cfr(0,0,0,-.748,.136,-.65,-.082,-.99,-.113,-.659,-.031,.752);es="Linear";ed="In";};["000-offset.001"]={cf=cfr(0,0,0,.741,.662,.115,-.558,.702,-.443,-.374,.264,.889);es="Linear";ed="In";};["000-offset.010"]={cf=cfr(0,0,0,-.593,.805,0,-.805,-.593,0,0,0,1);es="Linear";ed="In";};["000-offset.013"]={cf=cfr(0,0,0,-.262,.965,0,-.965,-.262,0,0,0,1);es="Linear";ed="In";};["000-offset.002"]={cf=cfr(0,0,0,.991,.052,.127,.016,.874,-.485,-.136,.482,.865);es="Linear";ed="In";};["000-offset.011"]={cf=cfr(0,0,0,-.494,-.87,-.015,.863,-.488,-.129,.105,-.077,.992);es="Linear";ed="In";};["000-offset.014"]={cf=cfr(0,0,0,.181,-.983,.03,.965,.172,-.2,.191,.065,.979);es="Linear";ed="In";};["000-offset.006"]={cf=cfr(0,0,0,.899,-.434,.056,-.123,-.128,.984,-.42,-.892,-.168);es="Linear";ed="In";};["000-offset.003"]={cf=cfr(0,0,0,.266,-.96,-.081,.231,.145,-.962,.936,.238,.261);es="Linear";ed="In";};["000-offset.007"]={cf=cfr(0,0,0,.799,-.602,0,.602,.799,0,0,0,1);es="Linear";ed="In";};["000-offset.004"]={cf=cfr(0,0,0,.582,-.814,0,.814,.582,0,0,0,1);es="Linear";ed="In";};["000-offset.008"]={cf=cfr(0,0,0,.43,-.89,.151,.874,.453,.178,-.226,.055,.972);es="Linear";ed="In";};["000-offset.005"]={cf=cfr(0,0,0,.914,-.379,-.143,.373,.925,-.07,.159,.01,.987);es="Linear";ed="In";};};{tm=.333;["root"]={cf=cfr(0,1.466,.493,0,0,1,0,1,0,-1,0,0);es="Linear";ed="In";};["000-offset"]={cf=cfr(0,0,0,-.047,.874,.483,-.996,-.08,.049,.082,-.479,.874);es="Linear";ed="In";};["000-offset.009"]={cf=cfr(0,0,0,-.958,-.151,.244,.191,-.969,.154,.213,.194,.958);es="Linear";ed="In";};["000-offset.012"]={cf=cfr(0,0,0,-.775,.096,-.625,.004,-.988,-.157,-.632,-.125,.765);es="Linear";ed="In";};["000-offset.001"]={cf=cfr(0,0,0,.634,.751,.187,-.644,.646,-.41,-.429,.139,.893);es="Linear";ed="In";};["000-offset.010"]={cf=cfr(0,0,0,-.47,.883,0,-.883,-.47,0,0,0,1);es="Linear";ed="In";};["000-offset.013"]={cf=cfr(0,0,0,-.147,.989,0,-.989,-.147,0,0,0,1);es="Linear";ed="In";};["000-offset.002"]={cf=cfr(0,0,0,.991,.018,.133,.028,.943,-.332,-.131,.333,.934);es="Linear";ed="In";};["000-offset.011"]={cf=cfr(0,0,0,-.425,-.897,-.117,.902,-.411,-.131,.069,-.161,.985);es="Linear";ed="In";};["000-offset.014"]={cf=cfr(0,0,0,.203,-.976,.077,.967,.187,-.176,.157,.11,.981);es="Linear";ed="In";};["000-offset.006"]={cf=cfr(0,0,0,.892,-.452,-.008,-.007,-.032,.999,-.452,-.892,-.031);es="Linear";ed="In";};["000-offset.003"]={cf=cfr(0,0,0,.248,-.963,-.109,.229,.168,-.959,.941,.213,.262);es="Linear";ed="In";};["000-offset.007"]={cf=cfr(0,0,0,.773,-.634,0,.634,.773,0,0,0,1);es="Linear";ed="In";};["000-offset.004"]={cf=cfr(0,0,0,.569,-.822,0,.822,.569,0,0,0,1);es="Linear";ed="In";};["000-offset.008"]={cf=cfr(0,0,0,.478,-.865,.151,.852,.499,.16,-.214,.053,.975);es="Linear";ed="In";};["000-offset.005"]={cf=cfr(0,0,0,.912,-.384,-.143,.378,.923,-.07,.159,.009,.987);es="Linear";ed="In";};};{tm=.375;["root"]={cf=cfr(0,1.593,.55,0,0,1,0,1,0,-1,0,0);es="Linear";ed="In";};["000-offset"]={cf=cfr(0,0,0,-.077,.897,.436,-.994,-.101,.032,.073,-.431,.9);es="Linear";ed="In";};["000-offset.009"]={cf=cfr(0,0,0,-.901,-.165,.401,.268,-.939,.215,.341,.302,.89);es="Linear";ed="In";};["000-offset.012"]={cf=cfr(0,0,0,-.789,.027,-.613,.106,-.978,-.179,-.605,-.206,.769);es="Linear";ed="In";};["000-offset.001"]={cf=cfr(0,0,0,.575,.788,.219,-.682,.61,-.404,-.451,.083,.888);es="Linear";ed="In";};["000-offset.010"]={cf=cfr(0,0,0,-.32,.947,0,-.947,-.32,0,0,0,1);es="Linear";ed="In";};["000-offset.013"]={cf=cfr(0,0,0,-.018,1,0,-1,-.018,0,0,0,1);es="Linear";ed="In";};["000-offset.002"]={cf=cfr(0,0,0,.992,-.021,.122,.039,.988,-.149,-.117,.152,.981);es="Linear";ed="In";};["000-offset.011"]={cf=cfr(0,0,0,-.349,-.913,-.211,.936,-.332,-.112,.032,-.237,.971);es="Linear";ed="In";};["000-offset.014"]={cf=cfr(0,0,0,.215,-.971,.102,.968,.198,-.154,.129,.132,.983);es="Linear";ed="In";};["000-offset.006"]={cf=cfr(0,0,0,.858,-.509,-.07,.122,.068,.99,-.499,-.858,.12);es="Linear";ed="In";};["000-offset.003"]={cf=cfr(0,0,0,.236,-.962,-.139,.234,.195,-.952,.943,.192,.271);es="Linear";ed="In";};["000-offset.007"]={cf=cfr(0,0,0,.733,-.681,0,.681,.733,0,0,0,1);es="Linear";ed="In";};["000-offset.004"]={cf=cfr(0,0,0,.546,-.838,0,.838,.546,0,0,0,1);es="Linear";ed="In";};["000-offset.008"]={cf=cfr(0,0,0,.543,-.826,.149,.817,.561,.135,-.195,.048,.98);es="Linear";ed="In";};["000-offset.005"]={cf=cfr(0,0,0,.909,-.391,-.143,.385,.92,-.07,.159,.008,.987);es="Linear";ed="In";};};{tm=.417;["root"]={cf=cfr(0,1.706,.606,0,0,1,0,1,0,-1,0,0);es="Linear";ed="In";};["000-offset"]={cf=cfr(0,0,0,-.09,.918,.386,-.994,-.108,.024,.064,-.381,.922);es="Linear";ed="In";};["000-offset.009"]={cf=cfr(0,0,0,-.841,-.183,.509,.345,-.907,.243,.418,.38,.826);es="Linear";ed="In";};["000-offset.012"]={cf=cfr(0,0,0,-.789,-.053,-.613,.197,-.966,-.17,-.583,-.255,.772);es="Linear";ed="In";};["000-offset.001"]={cf=cfr(0,0,0,.6,.785,.154,-.673,.599,-.433,-.432,.156,.888);es="Linear";ed="In";};["000-offset.010"]={cf=cfr(0,0,0,-.187,.982,0,-.982,-.187,0,0,0,1);es="Linear";ed="In";};["000-offset.013"]={cf=cfr(0,0,0,.08,.997,0,-.997,.08,0,0,0,1);es="Linear";ed="In";};["000-offset.002"]={cf=cfr(0,0,0,.994,-.053,.095,.05,.998,.042,-.097,-.037,.995);es="Linear";ed="In";};["000-offset.011"]={cf=cfr(0,0,0,-.29,-.922,-.255,.957,-.277,-.086,.009,-.269,.963);es="Linear";ed="In";};["000-offset.014"]={cf=cfr(0,0,0,.222,-.97,.098,.968,.207,-.138,.113,.126,.986);es="Linear";ed="In";};["000-offset.006"]={cf=cfr(0,0,0,.794,-.598,-.11,.247,.151,.957,-.556,-.787,.268);es="Linear";ed="In";};["000-offset.003"]={cf=cfr(0,0,0,.229,-.959,-.17,.246,.226,-.943,.942,.174,.288);es="Linear";ed="In";};["000-offset.007"]={cf=cfr(0,0,0,.678,-.735,0,.735,.678,0,0,0,1);es="Linear";ed="In";};["000-offset.004"]={cf=cfr(0,0,0,.514,-.858,0,.858,.514,0,0,0,1);es="Linear";ed="In";};["000-offset.008"]={cf=cfr(0,0,0,.618,-.773,.141,.767,.632,.107,-.172,.042,.984);es="Linear";ed="In";};["000-offset.005"]={cf=cfr(0,0,0,.906,-.398,-.143,.392,.917,-.07,.159,.007,.987);es="Linear";ed="In";};};{tm=.458;["root"]={cf=cfr(0,1.819,.649,0,0,1,0,1,0,-1,0,0);es="Linear";ed="In";};["000-offset"]={cf=cfr(0,0,0,-.093,.94,.328,-.994,-.106,.021,.054,-.324,.945);es="Linear";ed="In";};["000-offset.009"]={cf=cfr(0,0,0,-.782,-.227,.58,.434,-.867,.246,.447,.444,.776);es="Linear";ed="In";};["000-offset.012"]={cf=cfr(0,0,0,-.773,-.148,-.617,.303,-.94,-.155,-.557,-.307,.772);es="Linear";ed="In";};["000-offset.001"]={cf=cfr(0,0,0,.662,.748,.047,-.639,.596,-.487,-.392,.293,.872);es="Linear";ed="In";};["000-offset.010"]={cf=cfr(0,0,0,-.066,.998,0,-.998,-.066,0,0,0,1);es="Linear";ed="In";};["000-offset.013"]={cf=cfr(0,0,0,.194,.981,0,-.981,.194,0,0,0,1);es="Linear";ed="In";};["000-offset.002"]={cf=cfr(0,0,0,.995,-.074,.061,.059,.975,.216,-.076,-.211,.975);es="Linear";ed="In";};["000-offset.011"]={cf=cfr(0,0,0,-.245,-.937,-.248,.969,-.237,-.064,.001,-.256,.967);es="Linear";ed="In";};["000-offset.014"]={cf=cfr(0,0,0,.227,-.97,.088,.969,.216,-.12,.097,.113,.989);es="Linear";ed="In";};["000-offset.006"]={cf=cfr(0,0,0,.701,-.704,-.116,.356,.205,.912,-.618,-.68,.394);es="Linear";ed="In";};["000-offset.003"]={cf=cfr(0,0,0,.225,-.954,-.2,.264,.257,-.93,.938,.157,.309);es="Linear";ed="In";};["000-offset.007"]={cf=cfr(0,0,0,.611,-.791,0,.791,.611,0,0,0,1);es="Linear";ed="In";};["000-offset.004"]={cf=cfr(0,0,0,.476,-.879,0,.879,.476,0,0,0,1);es="Linear";ed="In";};["000-offset.008"]={cf=cfr(0,0,0,.696,-.707,.128,.704,.706,.077,-.145,.036,.989);es="Linear";ed="In";};["000-offset.005"]={cf=cfr(0,0,0,.903,-.405,-.143,.399,.914,-.07,.159,.006,.987);es="Linear";ed="In";};};{tm=.5;["root"]={cf=cfr(0,1.932,.634,0,0,1,0,1,0,-1,0,0);es="Linear";ed="In";};["000-offset"]={cf=cfr(0,0,0,-.088,.96,.264,-.995,-.096,.019,.043,-.261,.964);es="Linear";ed="In";};["000-offset.009"]={cf=cfr(0,0,0,-.706,-.277,.651,.534,-.813,.232,.465,.512,.722);es="Linear";ed="In";};["000-offset.012"]={cf=cfr(0,0,0,-.739,-.248,-.626,.417,-.899,-.135,-.529,-.361,.768);es="Linear";ed="In";};["000-offset.001"]={cf=cfr(0,0,0,.737,.674,-.041,-.584,.606,-.539,-.339,.422,.841);es="Linear";ed="In";};["000-offset.010"]={cf=cfr(0,0,0,.07,.998,0,-.998,.07,0,0,0,1);es="Linear";ed="In";};["000-offset.013"]={cf=cfr(0,0,0,.313,.95,0,-.95,.313,0,0,0,1);es="Linear";ed="In";};["000-offset.002"]={cf=cfr(0,0,0,.996,-.083,.029,.068,.935,.349,-.056,-.345,.937);es="Linear";ed="In";};["000-offset.011"]={cf=cfr(0,0,0,-.2,-.954,-.222,.98,-.195,-.042,-.004,-.226,.974);es="Linear";ed="In";};["000-offset.014"]={cf=cfr(0,0,0,.231,-.97,.074,.97,.224,-.1,.08,.095,.992);es="Linear";ed="In";};["000-offset.006"]={cf=cfr(0,0,0,.59,-.803,-.086,.436,.227,.871,-.68,-.551,.484);es="Linear";ed="In";};["000-offset.003"]={cf=cfr(0,0,0,.223,-.948,-.228,.285,.288,-.914,.932,.139,.334);es="Linear";ed="In";};["000-offset.007"]={cf=cfr(0,0,0,.536,-.844,0,.844,.536,0,0,0,1);es="Linear";ed="In";};["000-offset.004"]={cf=cfr(0,0,0,.434,-.901,0,.901,.434,0,0,0,1);es="Linear";ed="In";};["000-offset.008"]={cf=cfr(0,0,0,.769,-.63,.108,.628,.776,.051,-.116,.029,.993);es="Linear";ed="In";};["000-offset.005"]={cf=cfr(0,0,0,.9,-.412,-.143,.406,.911,-.07,.159,.005,.987);es="Linear";ed="In";};};{tm=.542;["root"]={cf=cfr(0,2.016,.55,0,0,1,0,1,0,-1,0,0);es="Linear";ed="In";};["000-offset"]={cf=cfr(0,0,0,-.076,.977,.2,-.997,-.081,.017,.033,-.198,.98);es="Linear";ed="In";};["000-offset.009"]={cf=cfr(0,0,0,-.613,-.325,.72,.632,-.749,.199,.475,.577,.665);es="Linear";ed="In";};["000-offset.012"]={cf=cfr(0,0,0,-.687,-.345,-.639,.526,-.843,-.111,-.501,-.413,.761);es="Linear";ed="In";};["000-offset.001"]={cf=cfr(0,0,0,.802,.593,-.068,-.526,.648,-.551,-.283,.478,.832);es="Linear";ed="In";};["000-offset.010"]={cf=cfr(0,0,0,.209,.978,0,-.978,.209,0,0,0,1);es="Linear";ed="In";};["000-offset.013"]={cf=cfr(0,0,0,.429,.904,0,-.904,.429,0,0,0,1);es="Linear";ed="In";};["000-offset.002"]={cf=cfr(0,0,0,.996,-.086,.006,.076,.902,.426,-.042,-.424,.905);es="Linear";ed="In";};["000-offset.011"]={cf=cfr(0,0,0,-.154,-.971,-.182,.988,-.152,-.023,-.005,-.183,.983);es="Linear";ed="In";};["000-offset.014"]={cf=cfr(0,0,0,.234,-.97,.057,.97,.229,-.08,.065,.074,.995);es="Linear";ed="In";};["000-offset.006"]={cf=cfr(0,0,0,.472,-.881,-.034,.483,.226,.846,-.737,-.416,.533);es="Linear";ed="In";};["000-offset.003"]={cf=cfr(0,0,0,.222,-.941,-.255,.309,.316,-.897,.925,.121,.361);es="Linear";ed="In";};["000-offset.007"]={cf=cfr(0,0,0,.456,-.89,0,.89,.456,0,0,0,1);es="Linear";ed="In";};["000-offset.004"]={cf=cfr(0,0,0,.391,-.92,0,.92,.391,0,0,0,1);es="Linear";ed="In";};["000-offset.008"]={cf=cfr(0,0,0,.834,-.546,.085,.545,.838,.03,-.088,.022,.996);es="Linear";ed="In";};["000-offset.005"]={cf=cfr(0,0,0,.897,-.419,-.143,.413,.908,-.07,.159,.003,.987);es="Linear";ed="In";};};{tm=.583;["root"]={cf=cfr(0,2.129,.423,0,0,1,0,1,0,-1,0,0);es="Linear";ed="In";};["000-offset"]={cf=cfr(0,0,0,-.061,.989,.138,-.998,-.063,.014,.022,-.137,.99);es="Linear";ed="In";};["000-offset.009"]={cf=cfr(0,0,0,-.509,-.362,.781,.716,-.681,.151,.477,.636,.606);es="Linear";ed="In";};["000-offset.012"]={cf=cfr(0,0,0,-.621,-.429,-.655,.624,-.777,-.083,-.474,-.461,.751);es="Linear";ed="In";};["000-offset.001"]={cf=cfr(0,0,0,.86,.51,-.036,-.461,.743,-.485,-.221,.433,.874);es="Linear";ed="In";};["000-offset.010"]={cf=cfr(0,0,0,.339,.941,0,-.941,.339,0,0,0,1);es="Linear";ed="In";};["000-offset.013"]={cf=cfr(0,0,0,.532,.846,0,-.846,.532,0,0,0,1);es="Linear";ed="In";};["000-offset.002"]={cf=cfr(0,0,0,.996,-.087,-.006,.081,.907,.414,-.031,-.412,.91);es="Linear";ed="In";};["000-offset.011"]={cf=cfr(0,0,0,-.111,-.985,-.134,.994,-.111,-.01,-.005,-.134,.991);es="Linear";ed="In";};["000-offset.014"]={cf=cfr(0,0,0,.236,-.971,.039,.97,.234,-.061,.05,.053,.997);es="Linear";ed="In";};["000-offset.006"]={cf=cfr(0,0,0,.363,-.932,.025,.5,.217,.839,-.787,-.292,.544);es="Linear";ed="In";};["000-offset.003"]={cf=cfr(0,0,0,.221,-.935,-.279,.333,.341,-.879,.917,.102,.386);es="Linear";ed="In";};["000-offset.007"]={cf=cfr(0,0,0,.376,-.926,0,.926,.376,0,0,0,1);es="Linear";ed="In";};["000-offset.004"]={cf=cfr(0,0,0,.348,-.937,0,.937,.348,0,0,0,1);es="Linear";ed="In";};["000-offset.008"]={cf=cfr(0,0,0,.885,-.461,.06,.461,.887,.015,-.06,.015,.998);es="Linear";ed="In";};["000-offset.005"]={cf=cfr(0,0,0,.894,-.425,-.143,.419,.905,-.07,.159,.002,.987);es="Linear";ed="In";};};{tm=.625;["root"]={cf=cfr(0,2.228,.268,0,0,1,0,1,0,-1,0,0);es="Linear";ed="In";};["000-offset"]={cf=cfr(0,0,0,-.045,.996,.083,-.999,-.046,.01,.014,-.083,.996);es="Linear";ed="In";};["000-offset.009"]={cf=cfr(0,0,0,-.404,-.386,.829,.781,-.617,.094,.476,.686,.551);es="Linear";ed="In";};["000-offset.012"]={cf=cfr(0,0,0,-.551,-.496,-.671,.703,-.709,-.054,-.449,-.502,.739);es="Linear";ed="In";};["000-offset.001"]={cf=cfr(0,0,0,.914,.407,.003,-.38,.855,-.352,-.146,.321,.936);es="Linear";ed="In";};["000-offset.010"]={cf=cfr(0,0,0,.451,.892,0,-.892,.451,0,0,0,1);es="Linear";ed="In";};["000-offset.013"]={cf=cfr(0,0,0,.618,.786,0,-.786,.618,0,0,0,1);es="Linear";ed="In";};["000-offset.002"]={cf=cfr(0,0,0,.996,-.087,-.008,.085,.945,.316,-.02,-.315,.949);es="Linear";ed="In";};["000-offset.011"]={cf=cfr(0,0,0,-.074,-.994,-.085,.997,-.074,-.002,-.004,-.085,.996);es="Linear";ed="In";};["000-offset.014"]={cf=cfr(0,0,0,.238,-.971,.023,.971,.237,-.045,.038,.033,.999);es="Linear";ed="In";};["000-offset.006"]={cf=cfr(0,0,0,.271,-.959,.078,.493,.208,.845,-.827,-.19,.53);es="Linear";ed="In";};["000-offset.003"]={cf=cfr(0,0,0,.22,-.929,-.299,.355,.361,-.862,.909,.084,.409);es="Linear";ed="In";};["000-offset.007"]={cf=cfr(0,0,0,.304,-.953,0,.953,.304,0,0,0,1);es="Linear";ed="In";};["000-offset.004"]={cf=cfr(0,0,0,.31,-.951,0,.951,.31,0,0,0,1);es="Linear";ed="In";};["000-offset.008"]={cf=cfr(0,0,0,.923,-.383,.037,.383,.924,.006,-.036,.009,.999);es="Linear";ed="In";};["000-offset.005"]={cf=cfr(0,0,0,.891,-.43,-.143,.424,.903,-.07,.159,.001,.987);es="Linear";ed="In";};};{tm=.667;["root"]={cf=cfr(0,2.312,.127,0,0,1,0,1,0,-1,0,0);es="Linear";ed="In";};["000-offset"]={cf=cfr(0,0,0,-.03,.999,.039,-1,-.03,.005,.006,-.039,.999);es="Linear";ed="In";};["000-offset.009"]={cf=cfr(0,0,0,-.312,-.398,.863,.825,-.564,.038,.472,.723,.504);es="Linear";ed="In";};["000-offset.012"]={cf=cfr(0,0,0,-.488,-.542,-.684,.76,-.649,-.027,-.429,-.533,.729);es="Linear";ed="In";};["000-offset.001"]={cf=cfr(0,0,0,.952,.306,.017,-.297,.936,-.191,-.075,.177,.981);es="Linear";ed="In";};["000-offset.010"]={cf=cfr(0,0,0,.537,.843,0,-.843,.537,0,0,0,1);es="Linear";ed="In";};["000-offset.013"]={cf=cfr(0,0,0,.682,.731,0,-.731,.682,0,0,0,1);es="Linear";ed="In";};["000-offset.002"]={cf=cfr(0,0,0,.996,-.088,-.006,.087,.98,.178,-.01,-.178,.984);es="Linear";ed="In";};["000-offset.011"]={cf=cfr(0,0,0,-.045,-.998,-.042,.999,-.045,0,-.002,-.042,.999);es="Linear";ed="In";};["000-offset.014"]={cf=cfr(0,0,0,.238,-.971,.009,.971,.238,-.031,.028,.016,.999);es="Linear";ed="In";};["000-offset.006"]={cf=cfr(0,0,0,.204,-.972,.117,.475,.203,.856,-.856,-.118,.503);es="Linear";ed="In";};["000-offset.003"]={cf=cfr(0,0,0,.219,-.924,-.314,.373,.377,-.848,.902,.068,.427);es="Linear";ed="In";};["000-offset.007"]={cf=cfr(0,0,0,.246,-.969,0,.969,.246,0,0,0,1);es="Linear";ed="In";};["000-offset.004"]={cf=cfr(0,0,0,.279,-.96,0,.96,.279,0,0,0,1);es="Linear";ed="In";};["000-offset.008"]={cf=cfr(0,0,0,.948,-.319,.018,.319,.948,.002,-.017,.004,1);es="Linear";ed="In";};["000-offset.005"]={cf=cfr(0,0,0,.889,-.434,-.143,.428,.901,-.07,.159,.001,.987);es="Linear";ed="In";};};{tm=.708;["root"]={cf=cfr(0,2.369,.028,0,0,1,0,1,0,-1,0,0);es="Linear";ed="In";};["000-offset"]={cf=cfr(0,0,0,-.02,1,.01,-1,-.02,.001,.002,-.01,1);es="Linear";ed="In";};["000-offset.009"]={cf=cfr(0,0,0,-.247,-.402,.882,.849,-.529,-.003,.468,.747,.472);es="Linear";ed="In";};["000-offset.012"]={cf=cfr(0,0,0,-.442,-.57,-.693,.795,-.607,-.008,-.416,-.554,.721);es="Linear";ed="In";};["000-offset.001"]={cf=cfr(0,0,0,.972,.234,.008,-.233,.971,-.056,-.021,.052,.998);es="Linear";ed="In";};["000-offset.010"]={cf=cfr(0,0,0,.592,.806,0,-.806,.592,0,0,0,1);es="Linear";ed="In";};["000-offset.013"]={cf=cfr(0,0,0,.722,.692,0,-.692,.722,0,0,0,1);es="Linear";ed="In";};["000-offset.002"]={cf=cfr(0,0,0,.996,-.088,-.002,.088,.995,.054,-.003,-.054,.999);es="Linear";ed="In";};["000-offset.011"]={cf=cfr(0,0,0,-.025,-1,-.012,1,-.025,0,-.001,-.012,1);es="Linear";ed="In";};["000-offset.014"]={cf=cfr(0,0,0,.239,-.971,-.001,.971,.239,-.023,.022,.004,1);es="Linear";ed="In";};["000-offset.006"]={cf=cfr(0,0,0,.163,-.976,.142,.458,.202,.866,-.874,-.076,.48);es="Linear";ed="In";};["000-offset.003"]={cf=cfr(0,0,0,.218,-.921,-.324,.385,.386,-.838,.897,.057,.439);es="Linear";ed="In";};["000-offset.007"]={cf=cfr(0,0,0,.206,-.979,0,.979,.206,0,0,0,1);es="Linear";ed="In";};["000-offset.004"]={cf=cfr(0,0,0,.258,-.966,0,.966,.258,0,0,0,1);es="Linear";ed="In";};["000-offset.008"]={cf=cfr(0,0,0,.961,-.276,.005,.276,.961,0,-.005,.001,1);es="Linear";ed="In";};["000-offset.005"]={cf=cfr(0,0,0,.888,-.437,-.143,.431,.9,-.07,.159,0,.987);es="Linear";ed="In";};};{tm=.75;["RootNode"]={cf=cfr(0,0,0,-1,0,0,0,1,0,0,0,-1);es="Linear";ed="In";};["root"]={cf=cfr(0,2.397,0,0,0,1,0,1,0,-1,0,0);es="Linear";ed="In";};["000-offset"]={cf=cfr(0,0,0,-.015,1,0,-1,-.015,0,0,0,1);es="Linear";ed="In";};["004-offset.001"]={cf=cfr(0,0,0,-.015,-1,0,1,-.015,0,0,0,1);es="Linear";ed="In";};["006-offset"]={cf=cfr(0,0,0,-.015,-1,0,1,-.015,0,0,0,1);es="Linear";ed="In";};["000-offset.009"]={cf=cfr(0,0,0,-.223,-.403,.888,.856,-.516,-.019,.466,.756,.46);es="Linear";ed="In";};["000-offset.012"]={cf=cfr(0,0,0,-.424,-.579,-.696,.807,-.591,0,-.411,-.561,.718);es="Linear";ed="In";};["000-offset.001"]={cf=cfr(0,0,0,.978,.207,0,-.207,.978,0,0,0,1);es="Linear";ed="In";};["000-offset.010"]={cf=cfr(0,0,0,.611,.792,0,-.792,.611,0,0,0,1);es="Linear";ed="In";};["000-offset.013"]={cf=cfr(0,0,0,.736,.677,0,-.677,.736,0,0,0,1);es="Linear";ed="In";};["004-offset"]={cf=cfr(0,0,0,.035,-.999,0,.999,.035,0,0,0,1);es="Linear";ed="In";};["002-offset"]={cf=cfr(0,0,0,.035,-.999,0,.999,.035,0,0,0,1);es="Linear";ed="In";};["000-offset.002"]={cf=cfr(0,0,0,.996,-.089,0,.089,.996,0,0,0,1);es="Linear";ed="In";};["000-offset.011"]={cf=cfr(0,0,0,-.018,-1,0,1,-.018,0,0,0,1);es="Linear";ed="In";};["000-offset.014"]={cf=cfr(0,0,0,.239,-.971,-.005,.971,.239,-.019,.02,0,1);es="Linear";ed="In";};["000-offset.006"]={cf=cfr(0,0,0,.149,-.977,.15,.451,.202,.869,-.88,-.062,.471);es="Linear";ed="In";};["000-offset.003"]={cf=cfr(0,0,0,.217,-.919,-.328,.39,.39,-.834,.895,.053,.443);es="Linear";ed="In";};["000-offset.007"]={cf=cfr(0,0,0,.192,-.981,0,.981,.192,0,0,0,1);es="Linear";ed="In";};["000-offset.004"]={cf=cfr(0,0,0,.25,-.968,0,.968,.25,0,0,0,1);es="Linear";ed="In";};["000-offset.008"]={cf=cfr(0,0,0,.966,-.26,0,.26,.966,0,0,0,1);es="Linear";ed="In";};["000-offset.005"]={cf=cfr(0,0,0,.888,-.438,-.143,.432,.899,-.07,.159,0,.987);es="Linear";ed="In";};};}