local cfr = CFrame.new

return {{tm=0;["LeftUpperArm"]={cf=cfr(.027,.19,-.215,.993,-.005,.114,-.103,.393,.914,-.049,-.92,.39);es="Sine";ed="In";};["Head"]={cf=cfr(0,0,0,.989,.037,-.141,.071,.719,.691,.127,-.694,.709);es="Sine";ed="In";};["RightUpperArm"]={cf=cfr(0,0,0,.796,-.015,.605,.051,.998,-.042,-.603,.064,.795);es="Sine";ed="In";};["LeftUpperLeg"]={cf=cfr(0,.073,-.286,.94,.31,-.145,-.117,-.106,-.987,-.321,.945,-.063);es="Sine";ed="In";};["RightUpperLeg"]={cf=cfr(0,.073,-.286,.985,-.157,.073,.059,-.092,-.994,.163,.983,-.081);es="Sine";ed="In";};["UpperTorso"]={cf=cfr(0,0,0,.985,.041,.169,.015,.947,-.321,-.173,.319,.932);es="Sine";ed="In";};["LeftFoot"]={cf=cfr(0,0,0,1,0,0,0,1,0,0,0,1);es="Linear";ed="In";};["LeftLowerLeg"]={cf=cfr(0,0,0,1,0,0,0,.662,.75,0,-.75,.662);es="Sine";ed="In";};["RightHand"]={cf=cfr(0,0,0,1,0,0,0,1,0,0,0,1);es="Linear";ed="In";};["RightFoot"]={cf=cfr(0,0,0,1,0,0,0,1,0,0,0,1);es="Linear";ed="In";};["RightLowerLeg"]={cf=cfr(0,0,0,1,0,0,0,.707,.707,0,-.707,.707);es="Sine";ed="In";};["LeftLowerArm"]={cf=cfr(0,0,0,1,0,0,0,.901,-.434,0,.434,.901);es="Sine";ed="In";};["LowerTorso"]={cf=cfr(0,-2.318,-.227,1,0,0,0,.94,-.342,0,.342,.94);es="Sine";ed="In";};["LeftHand"]={cf=cfr(0,0,0,1,0,0,0,1,0,0,0,1);es="Linear";ed="In";};["RightLowerArm"]={cf=cfr(0,0,0,1,0,0,0,.756,-.654,0,.654,.756);es="Sine";ed="In";};};{tm=.017;["RightUpperArm"]={cf=cfr(0,0,.001,.797,-.015,.604,.051,.998,-.043,-.602,.065,.796);es="Linear";ed="In";};["Head"]={cf=cfr(0,0,0,.989,.037,-.141,.071,.72,.691,.127,-.693,.709);es="Linear";ed="In";};["LeftUpperArm"]={cf=cfr(.027,.19,-.215,.993,-.005,.114,-.103,.394,.913,-.049,-.919,.391);es="Linear";ed="In";};["UpperTorso"]={cf=cfr(0,-.002,0,.985,.041,.169,.015,.948,-.319,-.173,.316,.933);es="Linear";ed="In";};["RightUpperLeg"]={cf=cfr(0,.073,-.286,.985,-.157,.073,.059,-.091,-.994,.163,.983,-.08);es="Linear";ed="In";};["LeftUpperLeg"]={cf=cfr(0,.072,-.286,.94,.31,-.144,-.117,-.105,-.988,-.321,.945,-.063);es="Linear";ed="In";};["LeftLowerLeg"]={cf=cfr(0,0,-.001,1,0,0,0,.66,.751,0,-.751,.66);es="Linear";ed="In";};["RightLowerLeg"]={cf=cfr(0,0,0,1,0,0,0,.706,.708,0,-.708,.706);es="Linear";ed="In";};["LeftLowerArm"]={cf=cfr(0,0,0,1,0,0,0,.901,-.434,0,.434,.901);es="Linear";ed="In";};["LowerTorso"]={cf=cfr(0,-2.317,-.227,1,0,0,0,.939,-.343,0,.343,.939);es="Linear";ed="In";};["RightLowerArm"]={cf=cfr(0,0,0,1,0,0,0,.756,-.654,0,.654,.756);es="Linear";ed="In";};};{tm=.033;["RightUpperArm"]={cf=cfr(-.001,.001,.003,.799,-.013,.602,.05,.998,-.044,-.6,.065,.797);es="Linear";ed="In";};["Head"]={cf=cfr(0,0,0,.989,.037,-.14,.071,.721,.689,.126,-.692,.711);es="Linear";ed="In";};["LeftUpperArm"]={cf=cfr(.027,.191,-.214,.993,-.004,.114,-.103,.398,.912,-.049,-.918,.395);es="Linear";ed="In";};["UpperTorso"]={cf=cfr(0,-.006,.001,.985,.04,.17,.016,.95,-.312,-.174,.31,.935);es="Linear";ed="In";};["RightUpperLeg"]={cf=cfr(0,.073,-.284,.985,-.158,.073,.06,-.089,-.994,.163,.983,-.078);es="Linear";ed="In";};["LeftUpperLeg"]={cf=cfr(0,.072,-.284,.94,.309,-.143,-.117,-.103,-.988,-.32,.945,-.061);es="Linear";ed="In";};["LeftLowerLeg"]={cf=cfr(0,.001,-.002,1,0,0,0,.655,.755,0,-.755,.655);es="Linear";ed="In";};["RightLowerLeg"]={cf=cfr(0,.001,-.002,1,0,0,0,.702,.713,0,-.713,.702);es="Linear";ed="In";};["LeftLowerArm"]={cf=cfr(0,0,0,1,0,0,0,.901,-.434,0,.434,.901);es="Linear";ed="In";};["LowerTorso"]={cf=cfr(0,-2.315,-.225,1,0,0,0,.938,-.346,0,.346,.938);es="Linear";ed="In";};["RightLowerArm"]={cf=cfr(0,0,0,1,0,0,0,.756,-.655,0,.655,.756);es="Linear";ed="In";};};{tm=.05;["RightUpperArm"]={cf=cfr(-.002,.001,.007,.802,-.011,.598,.049,.998,-.046,-.596,.066,.8);es="Linear";ed="In";};["Head"]={cf=cfr(0,-.001,.001,.99,.036,-.139,.07,.723,.687,.125,-.689,.713);es="Linear";ed="In";};["LeftUpperArm"]={cf=cfr(.027,.192,-.213,.994,-.003,.113,-.103,.404,.909,-.049,-.915,.401);es="Linear";ed="In";};["UpperTorso"]={cf=cfr(-.001,-.014,.002,.984,.037,.172,.016,.954,-.3,-.175,.298,.938);es="Linear";ed="In";};["RightUpperLeg"]={cf=cfr(0,.073,-.282,.985,-.158,.073,.06,-.085,-.995,.163,.984,-.075);es="Linear";ed="In";};["LeftUpperLeg"]={cf=cfr(0,.071,-.281,.941,.308,-.142,-.116,-.1,-.988,-.319,.946,-.059);es="Linear";ed="In";};["LeftLowerLeg"]={cf=cfr(0,.002,-.005,1,0,0,0,.647,.762,0,-.762,.647);es="Linear";ed="In";};["RightLowerLeg"]={cf=cfr(0,.002,-.004,1,0,0,0,.695,.719,0,-.719,.695);es="Linear";ed="In";};["LeftLowerArm"]={cf=cfr(0,0,0,1,0,0,0,.901,-.435,0,.435,.901);es="Linear";ed="In";};["LowerTorso"]={cf=cfr(0,-2.312,-.223,1,0,0,0,.936,-.352,0,.352,.936);es="Linear";ed="In";};["RightLowerArm"]={cf=cfr(0,0,0,1,0,0,0,.755,-.656,0,.656,.755);es="Linear";ed="In";};};{tm=.067;["RightUpperArm"]={cf=cfr(-.003,.002,.012,.806,-.008,.592,.047,.998,-.05,-.591,.068,.804);es="Linear";ed="In";};["Head"]={cf=cfr(.001,-.002,.001,.99,.035,-.137,.069,.727,.683,.124,-.686,.717);es="Linear";ed="In";};["LeftUpperArm"]={cf=cfr(.027,.194,-.212,.994,-.002,.113,-.102,.413,.905,-.048,-.911,.41);es="Linear";ed="In";};["UpperTorso"]={cf=cfr(-.001,-.024,.004,.984,.034,.175,.017,.959,-.284,-.177,.283,.943);es="Linear";ed="In";};["RightUpperLeg"]={cf=cfr(0,.073,-.278,.985,-.159,.073,.061,-.08,-.995,.164,.984,-.07);es="Linear";ed="In";};["LeftUpperLeg"]={cf=cfr(0,.071,-.277,.941,.307,-.14,-.115,-.096,-.989,-.317,.947,-.055);es="Linear";ed="In";};["LeftLowerLeg"]={cf=cfr(0,.003,-.008,1,0,0,0,.636,.772,0,-.772,.636);es="Linear";ed="In";};["RightLowerLeg"]={cf=cfr(0,.003,-.007,1,0,0,0,.685,.728,0,-.728,.685);es="Linear";ed="In";};["LeftLowerArm"]={cf=cfr(0,0,0,1,0,0,0,.9,-.436,0,.436,.9);es="Linear";ed="In";};["LowerTorso"]={cf=cfr(0,-2.308,-.219,1,0,0,0,.933,-.36,0,.36,.933);es="Linear";ed="In";};["RightLowerArm"]={cf=cfr(0,0,0,1,0,0,0,.753,-.658,0,.658,.753);es="Linear";ed="In";};};{tm=.083;["RightUpperArm"]={cf=cfr(-.004,.004,.018,.811,-.005,.585,.045,.998,-.054,-.584,.07,.809);es="Linear";ed="In";};["Head"]={cf=cfr(.001,-.003,.002,.99,.034,-.135,.067,.731,.679,.122,-.681,.722);es="Linear";ed="In";};["LeftUpperArm"]={cf=cfr(.027,.196,-.21,.994,0,.112,-.101,.424,.9,-.047,-.906,.421);es="Linear";ed="In";};["UpperTorso"]={cf=cfr(-.002,-.037,.007,.984,.03,.178,.018,.964,-.264,-.179,.263,.948);es="Linear";ed="In";};["RightUpperLeg"]={cf=cfr(0,.074,-.274,.985,-.159,.072,.061,-.074,-.995,.164,.984,-.063);es="Linear";ed="In";};["LeftUpperLeg"]={cf=cfr(.001,.07,-.273,.942,.306,-.137,-.114,-.091,-.989,-.315,.948,-.05);es="Linear";ed="In";};["LeftLowerLeg"]={cf=cfr(0,.004,-.013,1,0,0,0,.621,.784,0,-.784,.621);es="Linear";ed="In";};["RightLowerLeg"]={cf=cfr(0,.004,-.011,1,0,0,0,.673,.74,0,-.74,.673);es="Linear";ed="In";};["LeftLowerArm"]={cf=cfr(0,0,0,1,0,0,0,.9,-.437,0,.437,.9);es="Linear";ed="In";};["LowerTorso"]={cf=cfr(0,-2.302,-.215,1,0,0,0,.929,-.369,0,.369,.929);es="Linear";ed="In";};["RightLowerArm"]={cf=cfr(0,0,0,1,0,0,0,.752,-.659,0,.659,.752);es="Linear";ed="In";};};{tm=.1;["RightUpperArm"]={cf=cfr(-.006,.006,.026,.817,0,.577,.042,.997,-.059,-.575,.072,.815);es="Linear";ed="In";};["Head"]={cf=cfr(.001,-.004,.003,.991,.033,-.133,.066,.736,.673,.12,-.676,.727);es="Linear";ed="In";};["LeftUpperArm"]={cf=cfr(.028,.199,-.208,.994,.003,.111,-.101,.437,.894,-.046,-.899,.435);es="Linear";ed="In";};["UpperTorso"]={cf=cfr(-.003,-.052,.01,.983,.025,.182,.02,.971,-.238,-.182,.238,.954);es="Linear";ed="In";};["RightUpperLeg"]={cf=cfr(0,.074,-.268,.984,-.16,.072,.062,-.066,-.996,.164,.985,-.055);es="Linear";ed="In";};["LeftUpperLeg"]={cf=cfr(.001,.068,-.267,.943,.304,-.134,-.113,-.084,-.99,-.312,.949,-.045);es="Linear";ed="In";};["LeftLowerLeg"]={cf=cfr(0,.005,-.018,1,0,0,0,.603,.797,0,-.797,.603);es="Linear";ed="In";};["RightLowerLeg"]={cf=cfr(0,.006,-.015,1,0,0,0,.657,.754,0,-.754,.657);es="Linear";ed="In";};["LeftLowerArm"]={cf=cfr(0,0,0,1,0,0,0,.899,-.438,0,.438,.899);es="Linear";ed="In";};["LowerTorso"]={cf=cfr(0,-2.295,-.21,1,0,0,0,.924,-.381,0,.381,.924);es="Linear";ed="In";};["RightLowerArm"]={cf=cfr(0,0,0,1,0,0,0,.75,-.661,0,.661,.75);es="Linear";ed="In";};};{tm=.117;["RightUpperArm"]={cf=cfr(-.008,.008,.035,.824,.005,.566,.038,.997,-.064,-.565,.075,.822);es="Linear";ed="In";};["Head"]={cf=cfr(.002,-.005,.004,.991,.032,-.13,.064,.742,.667,.118,-.669,.734);es="Linear";ed="In";};["LeftUpperArm"]={cf=cfr(.028,.201,-.205,.994,.005,.109,-.1,.453,.886,-.045,-.892,.451);es="Linear";ed="In";};["UpperTorso"]={cf=cfr(-.003,-.069,.014,.982,.018,.186,.021,.978,-.208,-.186,.209,.96);es="Linear";ed="In";};["RightUpperLeg"]={cf=cfr(-.001,.075,-.262,.984,-.161,.071,.063,-.057,-.996,.165,.985,-.046);es="Linear";ed="In";};["LeftUpperLeg"]={cf=cfr(.001,.067,-.26,.945,.302,-.13,-.112,-.076,-.991,-.309,.95,-.038);es="Linear";ed="In";};["LeftLowerLeg"]={cf=cfr(0,.007,-.025,1,0,0,0,.582,.813,0,-.813,.582);es="Linear";ed="In";};["RightLowerLeg"]={cf=cfr(0,.008,-.02,1,0,0,0,.639,.77,0,-.77,.639);es="Linear";ed="In";};["LeftLowerArm"]={cf=cfr(0,0,0,1,0,0,0,.898,-.439,0,.439,.898);es="Linear";ed="In";};["LowerTorso"]={cf=cfr(0,-2.286,-.204,1,0,0,0,.919,-.395,0,.395,.919);es="Linear";ed="In";};["RightLowerArm"]={cf=cfr(0,0,0,1,0,0,0,.748,-.664,0,.664,.748);es="Linear";ed="In";};};{tm=.133;["RightUpperArm"]={cf=cfr(-.01,.01,.046,.832,.011,.554,.034,.997,-.071,-.553,.078,.829);es="Linear";ed="In";};["Head"]={cf=cfr(.002,-.006,.005,.991,.03,-.127,.061,.749,.66,.115,-.662,.741);es="Linear";ed="In";};["LeftUpperArm"]={cf=cfr(.028,.205,-.201,.994,.008,.108,-.099,.471,.877,-.043,-.882,.469);es="Linear";ed="In";};["UpperTorso"]={cf=cfr(-.004,-.087,.019,.982,.011,.191,.023,.985,-.174,-.19,.175,.966);es="Linear";ed="In";};["RightUpperLeg"]={cf=cfr(-.001,.076,-.255,.984,-.163,.071,.064,-.046,-.997,.165,.986,-.035);es="Linear";ed="In";};["LeftUpperLeg"]={cf=cfr(.002,.065,-.252,.946,.299,-.126,-.11,-.067,-.992,-.305,.952,-.031);es="Linear";ed="In";};["LeftLowerLeg"]={cf=cfr(0,.008,-.031,1,0,0,0,.557,.831,0,-.831,.557);es="Linear";ed="In";};["RightLowerLeg"]={cf=cfr(0,.01,-.025,1,0,0,0,.617,.787,0,-.787,.617);es="Linear";ed="In";};["LeftLowerArm"]={cf=cfr(0,0,0,1,0,0,0,.898,-.441,0,.441,.898);es="Linear";ed="In";};["LowerTorso"]={cf=cfr(0,-2.277,-.197,1,0,0,0,.912,-.411,0,.411,.912);es="Linear";ed="In";};["RightLowerArm"]={cf=cfr(0,0,0,1,0,0,0,.745,-.667,0,.667,.745);es="Linear";ed="In";};};{tm=.15;["RightUpperArm"]={cf=cfr(-.013,.013,.057,.841,.017,.541,.03,.997,-.078,-.54,.082,.838);es="Linear";ed="In";};["Head"]={cf=cfr(.003,-.007,.006,.992,.029,-.123,.059,.757,.651,.112,-.653,.749);es="Linear";ed="In";};["LeftUpperArm"]={cf=cfr(.028,.208,-.197,.994,.012,.106,-.098,.49,.866,-.042,-.872,.489);es="Linear";ed="In";};["UpperTorso"]={cf=cfr(-.004,-.106,.025,.981,.003,.196,.024,.991,-.135,-.194,.137,.971);es="Linear";ed="In";};["RightUpperLeg"]={cf=cfr(-.001,.077,-.247,.984,-.164,.07,.065,-.035,-.997,.166,.986,-.023);es="Linear";ed="In";};["LeftUpperLeg"]={cf=cfr(.002,.063,-.244,.948,.296,-.121,-.109,-.057,-.992,-.301,.953,-.022);es="Linear";ed="In";};["LeftLowerLeg"]={cf=cfr(0,.01,-.038,1,0,0,0,.528,.849,0,-.849,.528);es="Linear";ed="In";};["RightLowerLeg"]={cf=cfr(0,.012,-.031,1,0,0,0,.592,.806,0,-.806,.592);es="Linear";ed="In";};["LeftLowerArm"]={cf=cfr(0,0,0,1,0,0,0,.897,-.443,0,.443,.897);es="Linear";ed="In";};["LowerTorso"]={cf=cfr(0,-2.266,-.189,1,0,0,0,.904,-.428,0,.428,.904);es="Linear";ed="In";};["RightLowerArm"]={cf=cfr(0,0,0,1,0,0,0,.742,-.67,0,.67,.742);es="Linear";ed="In";};};{tm=.167;["RightUpperArm"]={cf=cfr(-.015,.016,.07,.851,.024,.525,.025,.996,-.086,-.525,.086,.847);es="Linear";ed="In";};["Head"]={cf=cfr(.004,-.009,.007,.993,.027,-.119,.056,.765,.641,.108,-.643,.758);es="Linear";ed="In";};["LeftUpperArm"]={cf=cfr(.028,.212,-.192,.994,.015,.104,-.097,.512,.854,-.04,-.859,.51);es="Linear";ed="In";};["UpperTorso"]={cf=cfr(-.005,-.125,.031,.98,-.007,.201,.026,.995,-.091,-.199,.095,.975);es="Linear";ed="In";};["RightUpperLeg"]={cf=cfr(-.001,.078,-.239,.984,-.165,.069,.066,-.021,-.998,.166,.986,-.01);es="Linear";ed="In";};["LeftUpperLeg"]={cf=cfr(.002,.061,-.234,.949,.293,-.115,-.106,-.046,-.993,-.296,.955,-.013);es="Linear";ed="In";};["LeftLowerLeg"]={cf=cfr(0,.011,-.045,1,0,0,0,.495,.869,0,-.869,.495);es="Linear";ed="In";};["RightLowerLeg"]={cf=cfr(0,.013,-.037,1,0,0,0,.564,.826,0,-.826,.564);es="Linear";ed="In";};["LeftLowerArm"]={cf=cfr(0,0,0,1,0,0,0,.896,-.445,0,.445,.896);es="Linear";ed="In";};["LowerTorso"]={cf=cfr(0,-2.253,-.181,1,0,0,0,.894,-.447,0,.447,.894);es="Linear";ed="In";};["RightLowerArm"]={cf=cfr(0,0,0,1,0,0,0,.739,-.674,0,.674,.739);es="Linear";ed="In";};};{tm=.183;["RightUpperArm"]={cf=cfr(-.018,.019,.085,.861,.032,.508,.019,.995,-.094,-.509,.091,.856);es="Linear";ed="In";};["Head"]={cf=cfr(.004,-.01,.008,.993,.025,-.115,.053,.774,.631,.105,-.633,.767);es="Linear";ed="In";};["LeftUpperArm"]={cf=cfr(.029,.215,-.187,.995,.019,.101,-.096,.535,.84,-.038,-.845,.534);es="Linear";ed="In";};["UpperTorso"]={cf=cfr(-.005,-.144,.038,.978,-.018,.206,.027,.999,-.044,-.205,.048,.978);es="Linear";ed="In";};["RightUpperLeg"]={cf=cfr(-.001,.079,-.229,.984,-.167,.068,.068,-.007,-.998,.167,.986,.004);es="Linear";ed="In";};["LeftUpperLeg"]={cf=cfr(.003,.059,-.224,.951,.289,-.109,-.104,-.034,-.994,-.291,.957,-.002);es="Linear";ed="In";};["LeftLowerLeg"]={cf=cfr(0,.012,-.053,1,0,0,0,.458,.889,0,-.889,.458);es="Linear";ed="In";};["RightLowerLeg"]={cf=cfr(0,.015,-.043,1,0,0,0,.532,.847,0,-.847,.532);es="Linear";ed="In";};["LeftLowerArm"]={cf=cfr(0,0,0,1,0,0,0,.894,-.447,0,.447,.894);es="Linear";ed="In";};["LowerTorso"]={cf=cfr(0,-2.24,-.171,1,0,0,0,.884,-.468,0,.468,.884);es="Linear";ed="In";};["RightLowerArm"]={cf=cfr(0,0,0,1,0,0,0,.735,-.678,0,.678,.735);es="Linear";ed="In";};};{tm=.2;["RightUpperArm"]={cf=cfr(-.02,.023,.1,.871,.04,.49,.012,.995,-.103,-.491,.096,.866);es="Linear";ed="In";};["Head"]={cf=cfr(.005,-.012,.008,.994,.023,-.11,.05,.783,.619,.1,-.621,.777);es="Linear";ed="In";};["LeftUpperArm"]={cf=cfr(.029,.219,-.181,.995,.023,.098,-.095,.559,.824,-.036,-.829,.559);es="Linear";ed="In";};["UpperTorso"]={cf=cfr(-.005,-.162,.046,.977,-.029,.211,.028,1,.008,-.211,-.002,.978);es="Linear";ed="In";};["RightUpperLeg"]={cf=cfr(-.002,.08,-.219,.983,-.169,.067,.069,.008,-.998,.168,.986,.02);es="Linear";ed="In";};["LeftUpperLeg"]={cf=cfr(.003,.056,-.213,.953,.285,-.103,-.102,-.021,-.995,-.286,.958,.009);es="Linear";ed="In";};["LeftLowerLeg"]={cf=cfr(0,.013,-.06,1,0,0,0,.418,.908,0,-.908,.418);es="Linear";ed="In";};["RightLowerLeg"]={cf=cfr(0,.016,-.048,1,0,0,0,.497,.868,0,-.868,.497);es="Linear";ed="In";};["LeftLowerArm"]={cf=cfr(0,0,0,1,0,0,0,.893,-.45,0,.45,.893);es="Linear";ed="In";};["LowerTorso"]={cf=cfr(0,-2.225,-.161,1,0,0,0,.872,-.49,0,.49,.872);es="Linear";ed="In";};["RightLowerArm"]={cf=cfr(0,.001,0,1,0,0,0,.731,-.682,0,.682,.731);es="Linear";ed="In";};};{tm=.217;["RightUpperArm"]={cf=cfr(-.023,.027,.116,.882,.049,.47,.005,.994,-.113,-.472,.102,.876);es="Linear";ed="In";};["Head"]={cf=cfr(.005,-.013,.009,.994,.021,-.104,.047,.793,.607,.096,-.608,.788);es="Linear";ed="In";};["LeftUpperArm"]={cf=cfr(.029,.223,-.173,.995,.028,.095,-.093,.585,.806,-.034,-.811,.585);es="Linear";ed="In";};["UpperTorso"]={cf=cfr(-.004,-.178,.054,.976,-.042,.215,.029,.998,.063,-.217,-.055,.975);es="Linear";ed="In";};["RightUpperLeg"]={cf=cfr(-.002,.081,-.209,.983,-.17,.066,.071,.025,-.997,.168,.985,.036);es="Linear";ed="In";};["LeftUpperLeg"]={cf=cfr(.003,.054,-.201,.955,.28,-.097,-.099,-.007,-.995,-.28,.96,.021);es="Linear";ed="In";};["LeftLowerLeg"]={cf=cfr(0,.013,-.066,1,0,0,0,.374,.928,0,-.928,.374);es="Linear";ed="In";};["RightLowerLeg"]={cf=cfr(0,.017,-.054,1,0,0,0,.458,.889,0,-.889,.458);es="Linear";ed="In";};["LeftLowerArm"]={cf=cfr(0,0,0,1,0,0,0,.892,-.452,0,.452,.892);es="Linear";ed="In";};["LowerTorso"]={cf=cfr(0,-2.209,-.149,1,0,0,0,.858,-.514,0,.514,.858);es="Linear";ed="In";};["RightLowerArm"]={cf=cfr(0,.001,.001,1,0,0,0,.727,-.687,0,.687,.727);es="Linear";ed="In";};};{tm=.233;["RightUpperArm"]={cf=cfr(-.025,.031,.134,.892,.058,.448,-.002,.992,-.123,-.451,.109,.886);es="Linear";ed="In";};["Head"]={cf=cfr(.006,-.014,.01,.995,.019,-.099,.043,.804,.593,.091,-.595,.799);es="Linear";ed="In";};["LeftUpperArm"]={cf=cfr(.029,.227,-.165,.995,.032,.092,-.092,.612,.786,-.031,-.79,.612);es="Linear";ed="In";};["UpperTorso"]={cf=cfr(-.004,-.193,.062,.974,-.056,.219,.03,.992,.122,-.224,-.112,.968);es="Linear";ed="In";};["RightUpperLeg"]={cf=cfr(-.002,.082,-.198,.983,-.172,.064,.073,.042,-.996,.169,.984,.054);es="Linear";ed="In";};["LeftUpperLeg"]={cf=cfr(.004,.051,-.189,.957,.275,-.09,-.095,.008,-.995,-.274,.961,.034);es="Linear";ed="In";};["LeftLowerLeg"]={cf=cfr(0,.013,-.072,1,0,0,0,.326,.945,0,-.945,.326);es="Linear";ed="In";};["RightLowerLeg"]={cf=cfr(0,.017,-.059,1,0,0,0,.416,.909,0,-.909,.416);es="Linear";ed="In";};["LeftLowerArm"]={cf=cfr(0,0,0,1,0,0,0,.891,-.455,0,.455,.891);es="Linear";ed="In";};["LowerTorso"]={cf=cfr(0,-2.192,-.137,1,0,0,0,.843,-.538,0,.538,.843);es="Linear";ed="In";};["RightLowerArm"]={cf=cfr(0,.001,.001,1,0,0,0,.723,-.691,0,.691,.723);es="Linear";ed="In";};};{tm=.25;["RightUpperArm"]={cf=cfr(-.027,.036,.152,.903,.067,.424,-.011,.991,-.133,-.429,.116,.896);es="Linear";ed="In";};["Head"]={cf=cfr(.006,-.015,.011,.996,.017,-.093,.04,.814,.579,.085,-.58,.81);es="Linear";ed="In";};["LeftUpperArm"]={cf=cfr(.029,.23,-.156,.995,.037,.088,-.091,.639,.764,-.028,-.768,.64);es="Linear";ed="In";};["UpperTorso"]={cf=cfr(-.003,-.204,.071,.972,-.071,.223,.03,.983,.183,-.232,-.171,.958);es="Linear";ed="In";};["RightUpperLeg"]={cf=cfr(-.002,.084,-.186,.983,-.174,.063,.075,.061,-.995,.17,.983,.073);es="Linear";ed="In";};["LeftUpperLeg"]={cf=cfr(.004,.048,-.176,.959,.27,-.082,-.092,.024,-.995,-.267,.963,.048);es="Linear";ed="In";};["LeftLowerLeg"]={cf=cfr(0,.012,-.077,1,0,0,0,.274,.962,0,-.962,.274);es="Linear";ed="In";};["RightLowerLeg"]={cf=cfr(0,.018,-.063,1,0,0,0,.371,.929,0,-.929,.371);es="Linear";ed="In";};["LeftLowerArm"]={cf=cfr(0,0,0,1,0,0,0,.889,-.458,0,.458,.889);es="Linear";ed="In";};["LowerTorso"]={cf=cfr(0,-2.174,-.124,1,0,0,0,.826,-.563,0,.563,.826);es="Linear";ed="In";};["RightLowerArm"]={cf=cfr(0,.001,.001,1,0,0,0,.718,-.696,0,.696,.718);es="Linear";ed="In";};};{tm=.267;["RightUpperArm"]={cf=cfr(-.029,.041,.171,.914,.077,.399,-.02,.989,-.144,-.406,.123,.905);es="Linear";ed="In";};["Head"]={cf=cfr(.006,-.016,.011,.996,.015,-.086,.036,.825,.563,.08,-.564,.822);es="Linear";ed="In";};["LeftUpperArm"]={cf=cfr(.029,.233,-.146,.996,.041,.084,-.09,.667,.739,-.025,-.744,.668);es="Linear";ed="In";};["UpperTorso"]={cf=cfr(-.002,-.212,.079,.97,-.087,.225,.029,.969,.247,-.239,-.233,.943);es="Linear";ed="In";};["RightUpperLeg"]={cf=cfr(-.003,.085,-.174,.982,-.176,.062,.077,.08,-.994,.17,.981,.093);es="Linear";ed="In";};["LeftUpperLeg"]={cf=cfr(.004,.044,-.163,.961,.264,-.075,-.088,.04,-.995,-.26,.964,.062);es="Linear";ed="In";};["LeftLowerLeg"]={cf=cfr(0,.012,-.081,1,0,0,0,.219,.976,0,-.976,.219);es="Linear";ed="In";};["RightLowerLeg"]={cf=cfr(0,.017,-.066,1,0,0,0,.323,.947,0,-.947,.323);es="Linear";ed="In";};["LeftLowerArm"]={cf=cfr(0,0,0,1,0,0,0,.888,-.461,0,.461,.888);es="Linear";ed="In";};["LowerTorso"]={cf=cfr(0,-2.155,-.111,1,0,0,0,.808,-.589,0,.589,.808);es="Linear";ed="In";};["RightLowerArm"]={cf=cfr(0,.001,.001,1,0,0,0,.713,-.701,0,.701,.713);es="Linear";ed="In";};};{tm=.283;["RightUpperArm"]={cf=cfr(-.031,.046,.191,.924,.087,.373,-.03,.987,-.155,-.381,.132,.915);es="Linear";ed="In";};["Head"]={cf=cfr(.007,-.016,.011,.997,.013,-.08,.033,.837,.547,.074,-.548,.833);es="Linear";ed="In";};["LeftUpperArm"]={cf=cfr(.029,.236,-.135,.996,.046,.079,-.089,.696,.713,-.022,-.717,.697);es="Linear";ed="In";};["UpperTorso"]={cf=cfr(0,-.217,.086,.968,-.104,.227,.028,.95,.312,-.247,-.296,.923);es="Linear";ed="In";};["RightUpperLeg"]={cf=cfr(-.003,.087,-.162,.982,-.178,.06,.079,.101,-.992,.171,.979,.113);es="Linear";ed="In";};["LeftUpperLeg"]={cf=cfr(.004,.041,-.149,.964,.258,-.067,-.084,.057,-.995,-.253,.964,.077);es="Linear";ed="In";};["LeftLowerLeg"]={cf=cfr(0,.01,-.084,1,0,0,0,.161,.987,0,-.987,.161);es="Linear";ed="In";};["RightLowerLeg"]={cf=cfr(0,.017,-.069,1,0,0,0,.271,.963,0,-.963,.271);es="Linear";ed="In";};["LeftLowerArm"]={cf=cfr(0,0,0,1,0,0,0,.886,-.464,0,.464,.886);es="Linear";ed="In";};["LowerTorso"]={cf=cfr(0,-2.134,-.096,1,0,0,0,.788,-.616,0,.616,.788);es="Linear";ed="In";};["RightLowerArm"]={cf=cfr(0,.001,.001,1,0,0,0,.707,-.707,0,.707,.707);es="Linear";ed="In";};};{tm=.3;["RightUpperArm"]={cf=cfr(-.032,.052,.212,.934,.096,.345,-.041,.985,-.166,-.356,.141,.924);es="Linear";ed="In";};["Head"]={cf=cfr(.007,-.017,.011,.997,.011,-.073,.029,.848,.53,.067,-.53,.845);es="Linear";ed="In";};["LeftUpperArm"]={cf=cfr(.028,.238,-.123,.996,.051,.074,-.088,.724,.684,-.019,-.688,.725);es="Linear";ed="In";};["UpperTorso"]={cf=cfr(.001,-.217,.092,.966,-.121,.227,.027,.925,.379,-.256,-.36,.897);es="Linear";ed="In";};["RightUpperLeg"]={cf=cfr(-.003,.088,-.15,.982,-.18,.058,.081,.122,-.989,.171,.976,.134);es="Linear";ed="In";};["LeftUpperLeg"]={cf=cfr(.004,.038,-.135,.966,.252,-.059,-.08,.075,-.994,-.246,.965,.093);es="Linear";ed="In";};["LeftLowerLeg"]={cf=cfr(0,.009,-.085,1,0,0,0,.099,.995,0,-.995,.099);es="Linear";ed="In";};["RightLowerLeg"]={cf=cfr(0,.015,-.07,1,0,0,0,.216,.976,0,-.976,.216);es="Linear";ed="In";};["LeftLowerArm"]={cf=cfr(0,0,0,1,0,0,0,.884,-.467,0,.467,.884);es="Linear";ed="In";};["LowerTorso"]={cf=cfr(0,-2.113,-.081,1,0,0,0,.766,-.643,0,.643,.766);es="Linear";ed="In";};["RightLowerArm"]={cf=cfr(0,.001,.001,1,0,0,0,.702,-.712,0,.712,.702);es="Linear";ed="In";};};{tm=.317;["RightUpperArm"]={cf=cfr(-.033,.058,.233,.943,.106,.315,-.052,.983,-.177,-.329,.15,.932);es="Linear";ed="In";};["Head"]={cf=cfr(.007,-.016,.011,.998,.009,-.065,.025,.859,.511,.061,-.512,.857);es="Linear";ed="In";};["LeftUpperArm"]={cf=cfr(.028,.24,-.11,.996,.055,.069,-.087,.752,.654,-.016,-.657,.754);es="Linear";ed="In";};["UpperTorso"]={cf=cfr(.003,-.212,.096,.964,-.139,.226,.025,.895,.445,-.264,-.424,.866);es="Linear";ed="In";};["RightUpperLeg"]={cf=cfr(-.003,.09,-.137,.982,-.183,.056,.083,.144,-.986,.172,.973,.156);es="Linear";ed="In";};["LeftUpperLeg"]={cf=cfr(.004,.034,-.12,.968,.245,-.05,-.075,.094,-.993,-.238,.965,.109);es="Linear";ed="In";};["LeftLowerLeg"]={cf=cfr(0,.007,-.084,1,0,0,0,.036,.999,0,-.999,.036);es="Linear";ed="In";};["RightLowerLeg"]={cf=cfr(0,.014,-.069,1,0,0,0,.159,.987,0,-.987,.159);es="Linear";ed="In";};["LeftLowerArm"]={cf=cfr(0,0,0,1,0,0,0,.882,-.471,0,.471,.882);es="Linear";ed="In";};["LowerTorso"]={cf=cfr(0,-2.091,-.065,1,0,0,0,.743,-.67,0,.67,.743);es="Linear";ed="In";};["RightLowerArm"]={cf=cfr(0,.001,.001,1,0,0,0,.696,-.718,0,.718,.696);es="Linear";ed="In";};};{tm=.333;["RightUpperArm"]={cf=cfr(-.033,.064,.255,.952,.116,.285,-.064,.98,-.187,-.301,.16,.94);es="Linear";ed="In";};["Head"]={cf=cfr(.006,-.016,.01,.998,.008,-.058,.022,.87,.492,.054,-.493,.868);es="Linear";ed="In";};["LeftUpperArm"]={cf=cfr(.027,.241,-.096,.996,.06,.063,-.086,.779,.621,-.012,-.624,.781);es="Linear";ed="In";};["UpperTorso"]={cf=cfr(.004,-.203,.098,.962,-.157,.224,.022,.859,.512,-.272,-.487,.83);es="Linear";ed="In";};["RightUpperLeg"]={cf=cfr(-.003,.091,-.124,.981,-.185,.054,.086,.166,-.982,.172,.969,.178);es="Linear";ed="In";};["LeftUpperLeg"]={cf=cfr(.004,.03,-.105,.97,.238,-.042,-.071,.112,-.991,-.231,.965,.126);es="Linear";ed="In";};["LeftLowerLeg"]={cf=cfr(0,.005,-.082,1,0,0,0,-.03,1,0,-1,-.03);es="Linear";ed="In";};["RightLowerLeg"]={cf=cfr(0,.012,-.067,1,0,0,0,.1,.995,0,-.995,.1);es="Linear";ed="In";};["LeftLowerArm"]={cf=cfr(0,0,0,1,0,0,0,.88,-.474,0,.474,.88);es="Linear";ed="In";};["LowerTorso"]={cf=cfr(0,-2.067,-.049,1,0,0,0,.717,-.697,0,.697,.717);es="Linear";ed="In";};["RightLowerArm"]={cf=cfr(0,.001,.001,1,0,0,0,.69,-.724,0,.724,.69);es="Linear";ed="In";};};{tm=.35;["RightUpperArm"]={cf=cfr(-.033,.071,.278,.959,.126,.253,-.076,.977,-.198,-.272,.171,.947);es="Linear";ed="In";};["Head"]={cf=cfr(.006,-.015,.01,.999,.006,-.05,.018,.881,.473,.047,-.473,.88);es="Linear";ed="In";};["LeftUpperArm"]={cf=cfr(.027,.241,-.081,.996,.064,.057,-.086,.806,.586,-.008,-.589,.808);es="Linear";ed="In";};["UpperTorso"]={cf=cfr(.005,-.188,.097,.96,-.176,.22,.018,.817,.576,-.281,-.549,.787);es="Linear";ed="In";};["RightUpperLeg"]={cf=cfr(-.004,.093,-.112,.981,-.187,.052,.088,.188,-.978,.173,.964,.201);es="Linear";ed="In";};["LeftUpperLeg"]={cf=cfr(.004,.026,-.09,.973,.23,-.034,-.065,.132,-.989,-.223,.964,.143);es="Linear";ed="In";};["LeftLowerLeg"]={cf=cfr(0,.003,-.077,1,0,0,0,-.097,.995,0,-.995,-.097);es="Linear";ed="In";};["RightLowerLeg"]={cf=cfr(0,.01,-.063,1,0,0,0,.039,.999,0,-.999,.039);es="Linear";ed="In";};["LeftLowerArm"]={cf=cfr(0,0,0,1,0,0,0,.879,-.478,0,.478,.879);es="Linear";ed="In";};["LowerTorso"]={cf=cfr(0,-2.043,-.032,1,0,0,0,.691,-.723,0,.723,.691);es="Linear";ed="In";};["RightLowerArm"]={cf=cfr(0,.001,.001,1,0,0,0,.684,-.73,0,.73,.684);es="Linear";ed="In";};};{tm=.367;["RightUpperArm"]={cf=cfr(-.032,.078,.301,.966,.136,.22,-.089,.974,-.208,-.243,.182,.953);es="Linear";ed="In";};["Head"]={cf=cfr(.006,-.014,.009,.999,.005,-.042,.015,.892,.452,.039,-.453,.891);es="Linear";ed="In";};["LeftUpperArm"]={cf=cfr(.026,.24,-.065,.996,.069,.051,-.085,.831,.549,-.005,-.551,.834);es="Linear";ed="In";};["UpperTorso"]={cf=cfr(.006,-.168,.092,.957,-.195,.214,.013,.769,.639,-.289,-.609,.739);es="Linear";ed="In";};["RightUpperLeg"]={cf=cfr(-.004,.094,-.099,.981,-.189,.05,.091,.212,-.973,.173,.959,.225);es="Linear";ed="In";};["LeftUpperLeg"]={cf=cfr(.003,.022,-.075,.975,.222,-.025,-.06,.151,-.987,-.215,.963,.161);es="Linear";ed="In";};["LeftLowerLeg"]={cf=cfr(0,.001,-.07,1,0,0,0,-.165,.986,0,-.986,-.165);es="Linear";ed="In";};["RightLowerLeg"]={cf=cfr(0,.008,-.058,1,0,0,0,-.024,1,0,-1,-.024);es="Linear";ed="In";};["LeftLowerArm"]={cf=cfr(0,0,0,1,0,0,0,.877,-.481,0,.481,.877);es="Linear";ed="In";};["LowerTorso"]={cf=cfr(0,-2.019,-.014,1,0,0,0,.662,-.749,0,.749,.662);es="Linear";ed="In";};["RightLowerArm"]={cf=cfr(0,.001,.001,1,0,0,0,.677,-.736,0,.736,.677);es="Linear";ed="In";};};{tm=.383;["RightUpperArm"]={cf=cfr(-.031,.085,.325,.972,.145,.186,-.103,.97,-.219,-.212,.193,.958);es="Linear";ed="In";};["Head"]={cf=cfr(.005,-.012,.007,.999,.003,-.034,.012,.902,.431,.032,-.431,.902);es="Linear";ed="In";};["LeftUpperArm"]={cf=cfr(.025,.239,-.048,.996,.073,.044,-.085,.856,.51,-.001,-.512,.859);es="Linear";ed="In";};["UpperTorso"]={cf=cfr(.006,-.144,.084,.955,-.213,.207,.008,.715,.699,-.297,-.665,.685);es="Linear";ed="In";};["RightUpperLeg"]={cf=cfr(-.004,.095,-.086,.98,-.191,.048,.093,.235,-.968,.174,.953,.248);es="Linear";ed="In";};["LeftUpperLeg"]={cf=cfr(.003,.018,-.06,.977,.214,-.017,-.054,.171,-.984,-.208,.962,.179);es="Linear";ed="In";};["LeftLowerLeg"]={cf=cfr(0,-.001,-.06,1,0,0,0,-.234,.972,0,-.972,-.234);es="Linear";ed="In";};["RightLowerLeg"]={cf=cfr(0,.006,-.05,1,0,0,0,-.087,.996,0,-.996,-.087);es="Linear";ed="In";};["LeftLowerArm"]={cf=cfr(0,0,0,1,0,0,0,.875,-.485,0,.485,.875);es="Linear";ed="In";};["LowerTorso"]={cf=cfr(0,-1.993,.004,1,0,0,0,.632,-.775,0,.775,.632);es="Linear";ed="In";};["RightLowerArm"]={cf=cfr(0,0,.001,1,0,0,0,.671,-.742,0,.742,.671);es="Linear";ed="In";};};{tm=.4;["RightUpperArm"]={cf=cfr(-.029,.092,.349,.976,.154,.152,-.117,.966,-.228,-.182,.205,.962);es="Linear";ed="In";};["Head"]={cf=cfr(.004,-.01,.006,1,.002,-.025,.008,.912,.41,.024,-.41,.912);es="Linear";ed="In";};["LeftUpperArm"]={cf=cfr(.024,.236,-.031,.996,.076,.037,-.085,.879,.47,.003,-.472,.882);es="Linear";ed="In";};["UpperTorso"]={cf=cfr(.006,-.114,.071,.952,-.231,.198,.002,.656,.754,-.305,-.718,.626);es="Linear";ed="In";};["RightUpperLeg"]={cf=cfr(-.004,.097,-.073,.98,-.193,.046,.096,.259,-.961,.174,.946,.272);es="Linear";ed="In";};["LeftUpperLeg"]={cf=cfr(.002,.014,-.045,.979,.205,-.008,-.048,.191,-.98,-.2,.96,.197);es="Linear";ed="In";};["LeftLowerLeg"]={cf=cfr(0,-.002,-.049,1,0,0,0,-.302,.953,0,-.953,-.302);es="Linear";ed="In";};["RightLowerLeg"]={cf=cfr(0,.004,-.041,1,0,0,0,-.151,.988,0,-.988,-.151);es="Linear";ed="In";};["LeftLowerArm"]={cf=cfr(0,0,0,1,0,0,0,.872,-.489,0,.489,.872);es="Linear";ed="In";};["LowerTorso"]={cf=cfr(0,-1.967,.023,1,0,0,0,.601,-.799,0,.799,.601);es="Linear";ed="In";};["RightLowerArm"]={cf=cfr(0,0,0,1,0,0,0,.664,-.748,0,.748,.664);es="Linear";ed="In";};};{tm=.417;["RightUpperArm"]={cf=cfr(-.027,.099,.373,.98,.163,.116,-.132,.962,-.238,-.151,.218,.964);es="Linear";ed="In";};["Head"]={cf=cfr(.003,-.007,.004,1,.001,-.017,.005,.922,.387,.016,-.387,.922);es="Linear";ed="In";};["LeftUpperArm"]={cf=cfr(.022,.232,-.012,.996,.08,.03,-.085,.9,.428,.007,-.429,.903);es="Linear";ed="In";};["UpperTorso"]={cf=cfr(.005,-.08,.053,.95,-.249,.188,-.005,.592,.806,-.312,-.766,.562);es="Linear";ed="In";};["RightUpperLeg"]={cf=cfr(-.004,.098,-.061,.98,-.196,.043,.099,.282,-.954,.174,.939,.296);es="Linear";ed="In";};["LeftUpperLeg"]={cf=cfr(.002,.009,-.03,.981,.196,0,-.042,.211,-.977,-.192,.958,.215);es="Linear";ed="In";};["LeftLowerLeg"]={cf=cfr(0,-.002,-.035,1,0,0,0,-.37,.929,0,-.929,-.37);es="Linear";ed="In";};["RightLowerLeg"]={cf=cfr(0,.002,-.029,1,0,0,0,-.216,.976,0,-.976,-.216);es="Linear";ed="In";};["LeftLowerArm"]={cf=cfr(0,0,0,1,0,0,0,.87,-.492,0,.492,.87);es="Linear";ed="In";};["LowerTorso"]={cf=cfr(0,-1.94,.043,1,0,0,0,.568,-.823,0,.823,.568);es="Linear";ed="In";};["RightLowerArm"]={cf=cfr(0,0,0,1,0,0,0,.657,-.754,0,.754,.657);es="Linear";ed="In";};};{tm=.433;["RightUpperArm"]={cf=cfr(-.024,.107,.398,.982,.171,.081,-.147,.958,-.247,-.12,.23,.966);es="Linear";ed="In";};["Head"]={cf=cfr(.001,-.004,.002,1,.001,-.009,.003,.931,.365,.008,-.365,.931);es="Linear";ed="In";};["LeftUpperArm"]={cf=cfr(.021,.227,.006,.996,.083,.023,-.085,.919,.385,.011,-.386,.922);es="Linear";ed="In";};["UpperTorso"]={cf=cfr(.003,-.042,.029,.948,-.265,.176,-.012,.524,.852,-.318,-.81,.493);es="Linear";ed="In";};["RightUpperLeg"]={cf=cfr(-.004,.099,-.049,.979,-.198,.041,.101,.306,-.947,.175,.931,.319);es="Linear";ed="In";};["LeftUpperLeg"]={cf=cfr(.001,.005,-.015,.982,.187,.008,-.036,.231,-.972,-.184,.955,.234);es="Linear";ed="In";};["LeftLowerLeg"]={cf=cfr(0,-.002,-.019,1,0,0,0,-.436,.9,0,-.9,-.436);es="Linear";ed="In";};["RightLowerLeg"]={cf=cfr(0,.001,-.015,1,0,0,0,-.279,.96,0,-.96,-.279);es="Linear";ed="In";};["LeftLowerArm"]={cf=cfr(0,0,0,1,0,0,0,.868,-.496,0,.496,.868);es="Linear";ed="In";};["LowerTorso"]={cf=cfr(0,-1.913,.063,1,0,0,0,.535,-.845,0,.845,.535);es="Linear";ed="In";};["RightLowerArm"]={cf=cfr(0,0,0,1,0,0,0,.65,-.76,0,.76,.65);es="Linear";ed="In";};};{tm=.45;["Head"]={cf=cfr(0,0,0,1,0,0,0,.94,.342,0,-.342,.94);es="Linear";ed="In";};["LeftUpperArm"]={cf=cfr(.019,.221,.026,.996,.086,.015,-.086,.936,.341,.015,-.341,.94);es="Linear";ed="In";};["RightUpperArm"]={cf=cfr(-.02,.114,.423,.983,.179,.045,-.162,.953,-.255,-.089,.243,.966);es="Linear";ed="In";};["LeftUpperLeg"]={cf=cfr(0,0,0,.984,.178,.016,-.029,.251,-.968,-.176,.951,.252);es="Linear";ed="In";};["RightUpperLeg"]={cf=cfr(-.004,.1,-.037,.979,-.2,.038,.104,.329,-.939,.175,.923,.343);es="Linear";ed="In";};["UpperTorso"]={cf=cfr(0,0,0,.946,-.281,.163,-.02,.451,.892,-.324,-.847,.421);es="Linear";ed="In";};["LeftLowerLeg"]={cf=cfr(0,0,0,1,0,0,0,-.5,.866,0,-.866,-.5);es="Linear";ed="In";};["RightLowerLeg"]={cf=cfr(0,0,0,1,0,0,0,-.342,.94,0,-.94,-.342);es="Linear";ed="In";};["LeftLowerArm"]={cf=cfr(0,0,0,1,0,0,0,.866,-.5,0,.5,.866);es="Linear";ed="In";};["LowerTorso"]={cf=cfr(0,-1.886,.083,1,0,0,0,.5,-.866,0,.866,.5);es="Linear";ed="In";};["RightLowerArm"]={cf=cfr(0,0,0,1,0,0,0,.643,-.766,0,.766,.643);es="Linear";ed="In";};};{tm=.517;["LeftLowerArm"]={cf=cfr(0,.004,.002,1,0,0,0,.979,-.203,0,.203,.979);es="Linear";ed="In";};["LeftUpperArm"]={cf=cfr(-.033,-.071,-.043,.973,.206,-.108,-.221,.964,-.147,.074,.167,.983);es="Linear";ed="In";};};{tm=.583;["Head"]={cf=cfr(0,0,0,1,0,0,0,.966,-.259,0,.259,.966);es="Linear";ed="In";};["LeftUpperArm"]={cf=cfr(-.082,-.261,-.16,.929,.285,-.236,-.363,.823,-.436,.07,.491,.868);es="Linear";ed="In";};["RightUpperArm"]={cf=cfr(-.024,.155,.289,.984,-.123,.131,.179,.752,-.635,-.02,.648,.761);es="Sine";ed="Out";};["LeftUpperLeg"]={cf=cfr(0,1.054,-.22,.934,.271,.231,.056,.529,-.847,-.352,.804,.479);es="Linear";ed="In";};["RightUpperLeg"]={cf=cfr(-.095,.46,.333,.942,-.336,.016,.077,.169,-.983,.328,.927,.185);es="Linear";ed="In";};["UpperTorso"]={cf=cfr(0,0,0,.94,-.342,0,.296,.814,.5,-.171,-.47,.866);es="Linear";ed="In";};["LeftLowerLeg"]={cf=cfr(0,0,0,1,0,0,0,.342,.94,0,-.94,.342);es="Linear";ed="In";};["RightLowerLeg"]={cf=cfr(0,0,0,1,0,0,0,.643,.766,0,-.766,.643);es="Linear";ed="In";};["LeftLowerArm"]={cf=cfr(0,.002,.002,1,0,0,0,.973,-.233,0,.233,.973);es="Linear";ed="In";};["LowerTorso"]={cf=cfr(0,-1.386,.083,1,0,0,0,.985,.174,0,-.174,.985);es="Linear";ed="In";};["RightLowerArm"]={cf=cfr(0,.011,.008,1,0,0,0,.905,-.426,0,.426,.905);es="Sine";ed="Out";};};{tm=.6;["RightUpperArm"]={cf=cfr(-.024,.157,.262,.984,-.136,.119,.179,.82,-.543,-.024,.555,.831);es="Linear";ed="In";};["RightLowerArm"]={cf=cfr(0,.014,.01,1,0,0,0,.876,-.481,0,.481,.876);es="Linear";ed="In";};};{tm=.617;["RightUpperArm"]={cf=cfr(-.023,.153,.232,.984,-.147,.105,.179,.877,-.445,-.027,.457,.889);es="Linear";ed="In";};["RightLowerArm"]={cf=cfr(0,.015,.011,1,0,0,0,.845,-.535,0,.535,.845);es="Linear";ed="In";};};{tm=.633;["RightUpperArm"]={cf=cfr(-.022,.145,.2,.984,-.156,.091,.178,.922,-.345,-.03,.356,.934);es="Linear";ed="In";};["RightLowerArm"]={cf=cfr(0,.015,.011,1,0,0,0,.811,-.584,0,.584,.811);es="Linear";ed="In";};};{tm=.65;["RightLowerArm"]={cf=cfr(0,.014,.011,1,0,0,0,.777,-.63,0,.63,.777);es="Linear";ed="In";};["LeftUpperLeg"]={cf=cfr(0,0,0,.864,.502,-.026,-.029,-.001,-1,-.502,.865,.014);es="Sine";ed="Out";};["RightUpperLeg"]={cf=cfr(-.104,.1,-.037,.86,-.51,.007,.104,.161,-.981,.499,.845,.192);es="Sine";ed="Out";};["UpperTorso"]={cf=cfr(0,0,0,1,0,0,0,.643,.766,0,-.766,.643);es="Sine";ed="Out";};["LeftLowerArm"]={cf=cfr(0,.008,.005,1,0,0,0,.073,-.997,0,.997,.073);es="Sine";ed="Out";};["RightUpperArm"]={cf=cfr(-.02,.133,.168,.984,-.163,.077,.177,.953,-.245,-.033,.255,.966);es="Linear";ed="In";};["Head"]={cf=cfr(0,0,0,1,0,0,0,.94,-.342,0,.342,.94);es="Sine";ed="Out";};["LeftUpperArm"]={cf=cfr(-.067,-.261,-.179,.937,.244,-.25,-.333,.842,-.426,.107,.482,.87);es="Sine";ed="Out";};["RightLowerLeg"]={cf=cfr(0,0,0,1,0,0,0,.174,.985,0,-.985,.174);es="Sine";ed="Out";};["LowerTorso"]={cf=cfr(0,-.986,.083,1,0,0,0,1,0,0,0,1);es="Sine";ed="Out";};["LeftLowerLeg"]={cf=cfr(0,0,0,1,0,0,0,0,1,0,-1,0);es="Sine";ed="Out";};};{tm=.667;["RightUpperArm"]={cf=cfr(-.017,.116,.136,.984,-.168,.062,.176,.973,-.149,-.036,.157,.987);es="Linear";ed="In";};["LeftUpperArm"]={cf=cfr(-.055,-.218,-.139,.938,.259,-.23,-.327,.882,-.341,.115,.395,.912);es="Linear";ed="In";};["Head"]={cf=cfr(0,-.008,-.002,1,0,0,0,.959,-.284,0,.284,.959);es="Linear";ed="In";};["RightLowerArm"]={cf=cfr(0,.013,.01,1,0,0,0,.742,-.671,0,.671,.742);es="Linear";ed="In";};["UpperTorso"]={cf=cfr(0,-.027,.019,1,0,0,0,.731,.683,0,-.683,.731);es="Linear";ed="In";};["RightUpperLeg"]={cf=cfr(-.118,.087,-.021,.834,-.544,-.088,.071,.264,-.962,.547,.796,.259);es="Linear";ed="In";};["LeftUpperLeg"]={cf=cfr(.036,.006,.017,.835,.546,.07,-.005,.133,-.991,-.551,.827,.114);es="Linear";ed="In";};["LeftLowerArm"]={cf=cfr(0,.011,.015,1,0,0,0,.196,-.981,0,.981,.196);es="Linear";ed="In";};["RightLowerLeg"]={cf=cfr(0,.007,-.014,1,0,0,0,.291,.957,0,-.957,.291);es="Linear";ed="In";};["LowerTorso"]={cf=cfr(0,-.88,.028,1,0,0,0,1,0,0,0,1);es="Linear";ed="In";};["LeftLowerLeg"]={cf=cfr(0,.008,-.023,1,0,0,0,.151,.989,0,-.989,.151);es="Linear";ed="In";};};{tm=.683;["RightUpperArm"]={cf=cfr(-.015,.097,.106,.984,-.171,.049,.174,.983,-.059,-.038,.066,.997);es="Linear";ed="In";};["LeftUpperArm"]={cf=cfr(-.045,-.18,-.101,.94,.271,-.209,-.32,.912,-.255,.122,.307,.944);es="Linear";ed="In";};["Head"]={cf=cfr(0,-.012,-.002,1,0,0,0,.974,-.228,0,.228,.974);es="Linear";ed="In";};["RightLowerArm"]={cf=cfr(0,.011,.009,1,0,0,0,.708,-.707,0,.707,.708);es="Linear";ed="In";};["UpperTorso"]={cf=cfr(0,-.044,.028,1,0,0,0,.806,.592,0,-.592,.806);es="Linear";ed="In";};["RightUpperLeg"]={cf=cfr(-.126,.074,-.01,.803,-.567,-.183,.044,.363,-.931,.594,.74,.317);es="Linear";ed="In";};["LeftUpperLeg"]={cf=cfr(.064,.011,.026,.802,.574,.166,.012,.263,-.965,-.598,.775,.204);es="Linear";ed="In";};["LeftLowerArm"]={cf=cfr(0,.012,.02,1,0,0,0,.312,-.95,0,.95,.312);es="Linear";ed="In";};["RightLowerLeg"]={cf=cfr(0,.012,-.022,1,0,0,0,.402,.916,0,-.916,.402);es="Linear";ed="In";};["LowerTorso"]={cf=cfr(0,-.776,-.026,1,0,0,0,1,0,0,0,1);es="Linear";ed="In";};["LeftLowerLeg"]={cf=cfr(0,.015,-.035,1,0,0,0,.294,.956,0,-.956,.294);es="Linear";ed="In";};};{tm=.7;["RightUpperArm"]={cf=cfr(-.012,.077,.079,.984,-.173,.037,.173,.985,.022,-.04,-.016,.999);es="Linear";ed="In";};["LeftUpperArm"]={cf=cfr(-.036,-.148,-.068,.941,.281,-.188,-.313,.934,-.173,.127,.222,.967);es="Linear";ed="In";};["Head"]={cf=cfr(0,-.013,-.002,1,0,0,0,.985,-.174,0,.174,.985);es="Linear";ed="In";};["RightLowerArm"]={cf=cfr(0,.009,.007,1,0,0,0,.676,-.737,0,.737,.676);es="Linear";ed="In";};["UpperTorso"]={cf=cfr(0,-.05,.029,1,0,0,0,.866,.5,0,-.5,.866);es="Linear";ed="In";};["RightUpperLeg"]={cf=cfr(-.128,.06,-.003,.77,-.577,-.272,.025,.453,-.891,.637,.68,.363);es="Linear";ed="In";};["LeftUpperLeg"]={cf=cfr(.083,.014,.028,.767,.587,.259,.02,.381,-.924,-.641,.714,.28);es="Linear";ed="In";};["LeftLowerArm"]={cf=cfr(0,.012,.02,1,0,0,0,.416,-.909,0,.909,.416);es="Linear";ed="In";};["RightLowerLeg"]={cf=cfr(0,.014,-.024,1,0,0,0,.5,.866,0,-.866,.5);es="Linear";ed="In";};["LowerTorso"]={cf=cfr(0,-.679,-.076,1,0,0,0,1,0,0,0,1);es="Linear";ed="In";};["LeftLowerLeg"]={cf=cfr(0,.018,-.039,1,0,0,0,.423,.906,0,-.906,.423);es="Linear";ed="In";};};{tm=.717;["RightUpperArm"]={cf=cfr(-.009,.057,.055,.984,-.174,.026,.171,.981,.093,-.042,-.087,.995);es="Linear";ed="In";};["LeftUpperArm"]={cf=cfr(-.028,-.122,-.039,.942,.288,-.169,-.307,.947,-.097,.132,.143,.981);es="Linear";ed="In";};["Head"]={cf=cfr(0,-.012,-.002,1,0,0,0,.992,-.124,0,.124,.992);es="Linear";ed="In";};["RightLowerArm"]={cf=cfr(0,.006,.006,1,0,0,0,.646,-.763,0,.763,.646);es="Linear";ed="In";};["UpperTorso"]={cf=cfr(0,-.047,.025,1,0,0,0,.911,.411,0,-.411,.911);es="Linear";ed="In";};["RightUpperLeg"]={cf=cfr(-.125,.045,0,.737,-.577,-.351,.012,.531,-.847,.676,.62,.398);es="Linear";ed="In";};["LeftUpperLeg"]={cf=cfr(.095,.014,.024,.733,.588,.342,.021,.483,-.876,-.68,.649,.341);es="Linear";ed="In";};["LeftLowerArm"]={cf=cfr(0,.011,.018,1,0,0,0,.506,-.862,0,.862,.506);es="Linear";ed="In";};["RightLowerLeg"]={cf=cfr(0,.013,-.021,1,0,0,0,.584,.812,0,-.812,.584);es="Linear";ed="In";};["LowerTorso"]={cf=cfr(0,-.592,-.121,1,0,0,0,1,0,0,0,1);es="Linear";ed="In";};["LeftLowerLeg"]={cf=cfr(0,.018,-.035,1,0,0,0,.532,.847,0,-.847,.532);es="Linear";ed="In";};};{tm=.733;["RightUpperArm"]={cf=cfr(-.006,.038,.036,.984,-.175,.017,.17,.974,.152,-.043,-.147,.988);es="Linear";ed="In";};["LeftUpperArm"]={cf=cfr(-.022,-.101,-.014,.944,.293,-.152,-.301,.953,-.031,.136,.075,.988);es="Linear";ed="In";};["Head"]={cf=cfr(0,-.01,-.001,1,0,0,0,.997,-.082,0,.082,.997);es="Linear";ed="In";};["RightLowerArm"]={cf=cfr(0,.004,.004,1,0,0,0,.621,-.784,0,.784,.621);es="Linear";ed="In";};["UpperTorso"]={cf=cfr(0,-.037,.018,1,0,0,0,.943,.331,0,-.331,.943);es="Linear";ed="In";};["RightUpperLeg"]={cf=cfr(-.12,.031,.001,.706,-.571,-.419,.004,.595,-.804,.708,.566,.423);es="Linear";ed="In";};["LeftUpperLeg"]={cf=cfr(.1,.012,.018,.703,.579,.413,.018,.566,-.825,-.711,.587,.387);es="Linear";ed="In";};["LeftLowerArm"]={cf=cfr(0,.008,.013,1,0,0,0,.58,-.815,0,.815,.58);es="Linear";ed="In";};["RightLowerLeg"]={cf=cfr(0,.011,-.016,1,0,0,0,.651,.759,0,-.759,.651);es="Linear";ed="In";};["LowerTorso"]={cf=cfr(0,-.516,-.161,1,0,0,0,1,0,0,0,1);es="Linear";ed="In";};["LeftLowerLeg"]={cf=cfr(0,.015,-.027,1,0,0,0,.62,.785,0,-.785,.62);es="Linear";ed="In";};};{tm=.75;["RightUpperArm"]={cf=cfr(-.003,.022,.02,.985,-.174,.009,.169,.965,.199,-.044,-.194,.98);es="Linear";ed="In";};["LeftUpperArm"]={cf=cfr(-.018,-.086,.005,.945,.297,-.138,-.296,.955,.023,.138,.019,.99);es="Linear";ed="In";};["Head"]={cf=cfr(0,-.006,-.001,1,0,0,0,.999,-.047,0,.047,.999);es="Linear";ed="In";};["RightLowerArm"]={cf=cfr(0,.