local cfr = CFrame.new

return {{tm=0;["LeftUpperArm"]={cf=cfr(0,0,0,.993,-.069,-.095,-.032,.619,-.785,.113,.782,.612);es="Sine";ed="InOut";};["Head"]={cf=cfr(0,0,0,.964,.045,-.263,-.248,.513,-.822,.098,.857,.506);es="Sine";ed="InOut";};["RightUpperArm"]={cf=cfr(0,0,0,.964,.121,.238,.242,-.021,-.97,-.112,.992,-.05);es="Sine";ed="InOut";};["LeftUpperLeg"]={cf=cfr(0,0,0,.8,.59,.107,-.19,.419,-.888,-.569,.69,.447);es="Sine";ed="InOut";};["RightUpperLeg"]={cf=cfr(0,0,0,.857,-.513,-.052,.3,.578,-.759,.419,.635,.649);es="Sine";ed="InOut";};["UpperTorso"]={cf=cfr(0,-.001,-.015,.921,-.355,.159,.37,.926,-.074,-.121,.127,.985);es="Sine";ed="InOut";};["LeftLowerArm"]={cf=cfr(0,0,0,1,0,0,0,.574,-.819,0,.819,.574);es="Sine";ed="InOut";};["LeftFoot"]={cf=cfr(0,0,0,1,0,0,0,1,0,0,0,1);es="Sine";ed="InOut";};["LeftLowerLeg"]={cf=cfr(0,0,0,1,0,0,0,.174,.985,0,-.985,.174);es="Sine";ed="InOut";};["RightLowerArm"]={cf=cfr(0,0,0,1,0,0,0,.866,-.5,0,.5,.866);es="Sine";ed="InOut";};["LowerTorso"]={cf=cfr(0,-1.389,.472,.984,.171,-.053,-.003,.311,.95,.179,-.935,.306);es="Sine";ed="InOut";};["RightFoot"]={cf=cfr(0,0,0,1,0,0,0,1,0,0,0,1);es="Sine";ed="InOut";};["RightLowerLeg"]={cf=cfr(0,0,0,1,0,0,0,.342,.94,0,-.94,.342);es="Sine";ed="InOut";};["LeftHand"]={cf=cfr(0,0,0,1,0,0,0,1,0,0,0,1);es="Sine";ed="InOut";};["RightHand"]={cf=cfr(0,0,0,1,0,0,0,1,0,0,0,1);es="Sine";ed="InOut";};};{tm=.017;["RightUpperArm"]={cf=cfr(0,0,.001,.964,.12,.236,.24,-.02,-.971,-.111,.993,-.048);es="Linear";ed="In";};["Head"]={cf=cfr(0,0,0,.964,.045,-.261,-.246,.512,-.823,.097,.858,.505);es="Linear";ed="In";};["LeftUpperArm"]={cf=cfr(0,0,.002,.993,-.069,-.094,-.032,.615,-.788,.112,.786,.608);es="Linear";ed="In";};["UpperTorso"]={cf=cfr(.001,-.01,-.014,.922,-.354,.156,.367,.928,-.064,-.122,.116,.986);es="Linear";ed="In";};["RightUpperLeg"]={cf=cfr(-.001,-.002,.006,.858,-.511,-.05,.297,.574,-.764,.419,.64,.644);es="Linear";ed="In";};["LeftUpperLeg"]={cf=cfr(0,-.001,.001,.803,.587,.107,-.192,.423,-.885,-.565,.69,.452);es="Linear";ed="In";};["LeftLowerArm"]={cf=cfr(0,0,0,1,0,0,0,.575,-.818,0,.818,.575);es="Linear";ed="In";};["LeftFoot"]={cf=cfr(0,0,0,1,0,0,0,1,0,0,0,1);es="Linear";ed="In";};["LeftLowerLeg"]={cf=cfr(0,0,0,1,0,0,0,.172,.985,0,-.985,.172);es="Linear";ed="In";};["RightLowerArm"]={cf=cfr(0,0,0,1,0,0,0,.865,-.502,0,.502,.865);es="Linear";ed="In";};["LowerTorso"]={cf=cfr(0,-1.384,.473,.984,.169,-.053,-.004,.318,.948,.177,-.933,.313);es="Linear";ed="In";};["RightFoot"]={cf=cfr(0,0,0,1,0,0,0,1,0,0,0,1);es="Linear";ed="In";};["RightLowerLeg"]={cf=cfr(0,0,0,1,0,0,0,.342,.94,0,-.94,.342);es="Linear";ed="In";};["LeftHand"]={cf=cfr(0,0,0,1,0,0,0,1,0,0,0,1);es="Linear";ed="In";};["RightHand"]={cf=cfr(0,0,0,1,0,0,0,1,0,0,0,1);es="Linear";ed="In";};};{tm=.033;["RightUpperArm"]={cf=cfr(-.001,0,.006,.966,.116,.23,.234,-.018,-.972,-.109,.993,-.045);es="Linear";ed="In";};["Head"]={cf=cfr(0,0,0,.966,.043,-.254,-.24,.509,-.826,.094,.859,.503);es="Linear";ed="In";};["LeftUpperArm"]={cf=cfr(0,.001,.008,.993,-.068,-.091,-.032,.601,-.798,.109,.796,.595);es="Linear";ed="In";};["UpperTorso"]={cf=cfr(.005,-.039,-.013,.926,-.349,.147,.357,.933,-.033,-.125,.083,.989);es="Linear";ed="In";};["RightUpperLeg"]={cf=cfr(-.006,-.01,.023,.862,-.504,-.046,.286,.56,-.777,.418,.657,.627);es="Linear";ed="In";};["LeftUpperLeg"]={cf=cfr(0,-.003,.002,.809,.578,.105,-.198,.437,-.878,-.553,.689,.468);es="Linear";ed="In";};["LeftLowerArm"]={cf=cfr(0,0,0,1,0,0,0,.578,-.816,0,.816,.578);es="Linear";ed="In";};["LeftFoot"]={cf=cfr(0,0,0,1,0,0,0,1,0,0,0,1);es="Linear";ed="In";};["LeftLowerLeg"]={cf=cfr(0,0,0,1,0,0,0,.168,.986,0,-.986,.168);es="Linear";ed="In";};["RightLowerArm"]={cf=cfr(0,0,0,1,0,0,0,.862,-.508,0,.508,.862);es="Linear";ed="In";};["LowerTorso"]={cf=cfr(0,-1.369,.475,.985,.165,-.054,-.005,.339,.941,.173,-.926,.334);es="Linear";ed="In";};["RightFoot"]={cf=cfr(0,0,0,1,0,0,0,1,0,0,0,1);es="Linear";ed="In";};["RightLowerLeg"]={cf=cfr(0,0,0,1,0,0,0,.342,.94,0,-.94,.342);es="Linear";ed="In";};["LeftHand"]={cf=cfr(0,0,0,1,0,0,0,1,0,0,0,1);es="Linear";ed="In";};["RightHand"]={cf=cfr(0,0,0,1,0,0,0,1,0,0,0,1);es="Linear";ed="In";};};{tm=.05;["RightUpperArm"]={cf=cfr(-.002,0,.013,.969,.111,.221,.224,-.014,-.974,-.105,.994,-.039);es="Linear";ed="In";};["Head"]={cf=cfr(.001,-.001,0,.969,.041,-.244,-.23,.505,-.832,.089,.862,.499);es="Linear";ed="In";};["LeftUpperArm"]={cf=cfr(-.001,.001,.018,.994,-.066,-.087,-.033,.579,-.815,.104,.813,.573);es="Linear";ed="In";};["UpperTorso"]={cf=cfr(.011,-.083,-.01,.931,-.34,.133,.341,.94,.016,-.13,.03,.991);es="Linear";ed="In";};["RightUpperLeg"]={cf=cfr(-.012,-.022,.05,.869,-.494,-.04,.269,.538,-.799,.416,.683,.6);es="Linear";ed="In";};["LeftUpperLeg"]={cf=cfr(0,-.007,.004,.82,.563,.103,-.206,.459,-.864,-.533,.688,.492);es="Linear";ed="In";};["LeftLowerArm"]={cf=cfr(0,0,0,1,0,0,0,.584,-.812,0,.812,.584);es="Linear";ed="In";};["LeftFoot"]={cf=cfr(0,0,0,1,0,0,0,1,0,0,0,1);es="Linear";ed="In";};["LeftLowerLeg"]={cf=cfr(0,0,0,1,0,0,0,.161,.987,0,-.987,.161);es="Linear";ed="In";};["RightLowerArm"]={cf=cfr(0,.001,0,1,0,0,0,.856,-.517,0,.517,.856);es="Linear";ed="In";};["LowerTorso"]={cf=cfr(0,-1.344,.478,.986,.157,-.054,-.008,.372,.928,.166,-.915,.368);es="Linear";ed="In";};["RightFoot"]={cf=cfr(0,0,0,1,0,0,0,1,0,0,0,1);es="Linear";ed="In";};["RightLowerLeg"]={cf=cfr(0,0,0,1,0,0,0,.342,.94,0,-.94,.342);es="Linear";ed="In";};["LeftHand"]={cf=cfr(0,0,0,1,0,0,0,1,0,0,0,1);es="Linear";ed="In";};["RightHand"]={cf=cfr(0,0,0,1,0,0,0,1,0,0,0,1);es="Linear";ed="In";};};{tm=.067;["RightUpperArm"]={cf=cfr(-.003,0,.022,.973,.104,.208,.21,-.009,-.978,-.1,.995,-.03);es="Linear";ed="In";};["Head"]={cf=cfr(.002,-.001,-.001,.973,.037,-.229,-.217,.499,-.839,.083,.866,.494);es="Linear";ed="In";};["LeftUpperArm"]={cf=cfr(-.001,.002,.03,.995,-.064,-.081,-.032,.548,-.836,.098,.834,.543);es="Linear";ed="In";};["UpperTorso"]={cf=cfr(.017,-.139,-.006,.938,-.327,.114,.319,.944,.083,-.135,-.041,.99);es="Linear";ed="In";};["RightUpperLeg"]={cf=cfr(-.021,-.039,.086,.877,-.479,-.032,.246,.506,-.827,.413,.717,.562);es="Linear";ed="In";};["LeftUpperLeg"]={cf=cfr(0,-.012,.006,.835,.542,.098,-.218,.488,-.845,-.506,.684,.525);es="Linear";ed="In";};["LeftLowerArm"]={cf=cfr(0,0,0,1,0,0,0,.592,-.806,0,.806,.592);es="Linear";ed="In";};["LeftFoot"]={cf=cfr(0,0,0,1,0,0,0,1,0,0,0,1);es="Linear";ed="In";};["LeftLowerLeg"]={cf=cfr(0,0,-.001,1,0,0,0,.151,.989,0,-.989,.151);es="Linear";ed="In";};["RightLowerArm"]={cf=cfr(0,.001,.001,1,0,0,0,.848,-.529,0,.529,.848);es="Linear";ed="In";};["LowerTorso"]={cf=cfr(0,-1.31,.481,.988,.147,-.055,-.012,.416,.909,.157,-.897,.413);es="Linear";ed="In";};["RightFoot"]={cf=cfr(0,0,0,1,0,0,0,1,0,0,0,1);es="Linear";ed="In";};["RightLowerLeg"]={cf=cfr(0,0,0,1,0,0,0,.342,.94,0,-.94,.342);es="Linear";ed="In";};["LeftHand"]={cf=cfr(0,0,0,1,0,0,0,1,0,0,0,1);es="Linear";ed="In";};["RightHand"]={cf=cfr(0,0,0,1,0,0,0,1,0,0,0,1);es="Linear";ed="In";};};{tm=.083;["RightUpperArm"]={cf=cfr(-.005,0,.033,.977,.095,.193,.194,-.002,-.981,-.093,.995,-.02);es="Linear";ed="In";};["Head"]={cf=cfr(.002,-.001,-.001,.977,.033,-.212,-.201,.492,-.847,.076,.87,.487);es="Linear";ed="In";};["LeftUpperArm"]={cf=cfr(-.002,.003,.044,.995,-.061,-.073,-.032,.51,-.86,.089,.858,.505);es="Linear";ed="In";};["UpperTorso"]={cf=cfr(.023,-.2,-.002,.947,-.309,.093,.291,.942,.165,-.139,-.129,.982);es="Linear";ed="In";};["RightUpperLeg"]={cf=cfr(-.032,-.061,.129,.887,-.461,-.024,.218,.464,-.858,.407,.756,.512);es="Linear";ed="In";};["LeftUpperLeg"]={cf=cfr(0,-.018,.008,.851,.517,.091,-.23,.523,-.821,-.472,.678,.564);es="Linear";ed="In";};["LeftLowerArm"]={cf=cfr(0,0,.001,1,0,0,0,.602,-.799,0,.799,.602);es="Linear";ed="In";};["LeftFoot"]={cf=cfr(0,0,0,1,0,0,0,1,0,0,0,1);es="Linear";ed="In";};["LeftLowerLeg"]={cf=cfr(0,0,-.001,1,0,0,0,.139,.99,0,-.99,.139);es="Linear";ed="In";};["RightLowerArm"]={cf=cfr(0,.001,.001,1,0,0,0,.839,-.544,0,.544,.839);es="Linear";ed="In";};["LowerTorso"]={cf=cfr(.001,-1.268,.484,.989,.135,-.055,-.015,.469,.883,.144,-.873,.466);es="Linear";ed="In";};["RightFoot"]={cf=cfr(0,0,0,1,0,0,0,1,0,0,0,1);es="Linear";ed="In";};["RightLowerLeg"]={cf=cfr(0,0,0,1,0,0,0,.342,.94,0,-.94,.342);es="Linear";ed="In";};["LeftHand"]={cf=cfr(0,0,0,1,0,0,0,1,0,0,0,1);es="Linear";ed="In";};["RightHand"]={cf=cfr(0,0,0,1,0,0,0,1,0,0,0,1);es="Linear";ed="In";};};{tm=.1;["RightUpperArm"]={cf=cfr(-.006,0,.045,.981,.085,.175,.175,.006,-.985,-.085,.996,-.009);es="Linear";ed="In";};["Head"]={cf=cfr(.003,-.002,-.001,.981,.029,-.192,-.182,.483,-.856,.068,.875,.48);es="Linear";ed="In";};["LeftUpperArm"]={cf=cfr(-.002,.004,.06,.996,-.057,-.065,-.031,.464,-.885,.08,.884,.46);es="Linear";ed="In";};["UpperTorso"]={cf=cfr(.027,-.262,.002,.956,-.286,.07,.259,.931,.259,-.14,-.229,.963);es="Linear";ed="In";};["RightUpperLeg"]={cf=cfr(-.044,-.088,.176,.898,-.439,-.016,.187,.414,-.891,.397,.798,.454);es="Linear";ed="In";};["LeftUpperLeg"]={cf=cfr(-.001,-.026,.009,.869,.487,.081,-.241,.563,-.79,-.431,.668,.607);es="Linear";ed="In";};["LeftLowerArm"]={cf=cfr(0,.001,.001,1,0,0,0,.613,-.79,0,.79,.613);es="Linear";ed="In";};["LeftFoot"]={cf=cfr(0,0,0,1,0,0,0,1,0,0,0,1);es="Linear";ed="In";};["LeftLowerLeg"]={cf=cfr(0,0,-.001,1,0,0,0,.126,.992,0,-.992,.126);es="Linear";ed="In";};["RightLowerArm"]={cf=cfr(0,.002,.001,1,0,0,0,.828,-.561,0,.561,.828);es="Linear";ed="In";};["LowerTorso"]={cf=cfr(.001,-1.219,.487,.991,.12,-.054,-.018,.529,.849,.13,-.84,.526);es="Linear";ed="In";};["RightFoot"]={cf=cfr(0,0,0,1,0,0,0,1,0,0,0,1);es="Linear";ed="In";};["RightLowerLeg"]={cf=cfr(0,0,0,1,0,0,0,.342,.94,0,-.94,.342);es="Linear";ed="In";};["LeftHand"]={cf=cfr(0,0,0,1,0,0,0,1,0,0,0,1);es="Linear";ed="In";};["RightHand"]={cf=cfr(0,0,0,1,0,0,0,1,0,0,0,1);es="Linear";ed="In";};};{tm=.117;["RightUpperArm"]={cf=cfr(-.007,0,.059,.985,.074,.154,.154,.015,-.988,-.076,.997,.003);es="Linear";ed="In";};["Head"]={cf=cfr(.004,-.002,-.001,.985,.025,-.169,-.161,.474,-.866,.059,.88,.471);es="Linear";ed="In";};["LeftUpperArm"]={cf=cfr(-.003,.004,.076,.997,-.052,-.056,-.029,.412,-.911,.07,.91,.409);es="Linear";ed="In";};["UpperTorso"]={cf=cfr(.03,-.318,.004,.965,-.257,.049,.223,.906,.359,-.137,-.336,.932);es="Linear";ed="In";};["RightUpperLeg"]={cf=cfr(-.056,-.119,.226,.91,-.414,-.009,.153,.355,-.922,.385,.838,.387);es="Linear";ed="In";};["LeftUpperLeg"]={cf=cfr(-.001,-.035,.007,.888,.455,.069,-.252,.606,-.755,-.385,.653,.652);es="Linear";ed="In";};["LeftLowerArm"]={cf=cfr(0,.001,.001,1,0,0,0,.624,-.781,0,.781,.624);es="Linear";ed="In";};["LeftFoot"]={cf=cfr(0,0,0,1,0,0,0,1,0,0,0,1);es="Linear";ed="In";};["LeftLowerLeg"]={cf=cfr(0,0,-.002,1,0,0,0,.111,.994,0,-.994,.111);es="Linear";ed="In";};["RightLowerArm"]={cf=cfr(0,.002,.001,1,0,0,0,.815,-.58,0,.58,.815);es="Linear";ed="In";};["LowerTorso"]={cf=cfr(.001,-1.165,.49,.993,.104,-.052,-.02,.591,.807,.115,-.8,.589);es="Linear";ed="In";};["RightFoot"]={cf=cfr(0,0,0,1,0,0,0,1,0,0,0,1);es="Linear";ed="In";};["RightLowerLeg"]={cf=cfr(0,0,0,1,0,0,0,.342,.94,0,-.94,.342);es="Linear";ed="In";};["LeftHand"]={cf=cfr(0,0,0,1,0,0,0,1,0,0,0,1);es="Linear";ed="In";};["RightHand"]={cf=cfr(0,0,0,1,0,0,0,1,0,0,0,1);es="Linear";ed="In";};};{tm=.133;["RightUpperArm"]={cf=cfr(-.007,0,.073,.989,.063,.133,.132,.024,-.991,-.066,.998,.016);es="Linear";ed="In";};["Head"]={cf=cfr(.004,-.002,-.001,.989,.02,-.145,-.138,.464,-.875,.05,.886,.462);es="Linear";ed="In";};["LeftUpperArm"]={cf=cfr(-.003,.004,.091,.998,-.046,-.046,-.027,.356,-.934,.059,.933,.354);es="Linear";ed="In";};["UpperTorso"]={cf=cfr(.03,-.365,.001,.974,-.225,.029,.186,.867,.461,-.129,-.444,.887);es="Linear";ed="In";};["RightUpperLeg"]={cf=cfr(-.069,-.154,.275,.922,-.386,-.003,.118,.29,-.95,.368,.875,.313);es="Linear";ed="In";};["LeftUpperLeg"]={cf=cfr(-.002,-.046,.004,.906,.421,.053,-.26,.649,-.715,-.335,.634,.697);es="Linear";ed="In";};["LeftLowerArm"]={cf=cfr(0,.001,.001,1,0,0,0,.637,-.771,0,.771,.637);es="Linear";ed="In";};["LeftFoot"]={cf=cfr(0,0,0,1,0,0,0,1,0,0,0,1);es="Linear";ed="In";};["LeftLowerLeg"]={cf=cfr(0,0,-.002,1,0,0,0,.095,.995,0,-.995,.095);es="Linear";ed="In";};["RightLowerArm"]={cf=cfr(0,.002,.002,1,0,0,0,.801,-.599,0,.599,.801);es="Linear";ed="In";};["LowerTorso"]={cf=cfr(.001,-1.107,.491,.995,.088,-.048,-.021,.652,.758,.098,-.753,.651);es="Linear";ed="In";};["RightFoot"]={cf=cfr(0,0,0,1,0,0,0,1,0,0,0,1);es="Linear";ed="In";};["RightLowerLeg"]={cf=cfr(0,0,0,1,0,0,0,.342,.94,0,-.94,.342);es="Linear";ed="In";};["LeftHand"]={cf=cfr(0,0,0,1,0,0,0,1,0,0,0,1);es="Linear";ed="In";};["RightHand"]={cf=cfr(0,0,0,1,0,0,0,1,0,0,0,1);es="Linear";ed="In";};};{tm=.15;["RightUpperArm"]={cf=cfr(-.007,.001,.086,.992,.052,.111,.109,.034,-.993,-.055,.998,.028);es="Linear";ed="In";};["Head"]={cf=cfr(.004,-.002,-.001,.993,.016,-.121,-.115,.453,-.884,.041,.891,.452);es="Linear";ed="In";};["LeftUpperArm"]={cf=cfr(-.003,.004,.105,.999,-.039,-.037,-.024,.298,-.954,.049,.954,.297);es="Linear";ed="In";};["UpperTorso"]={cf=cfr(.027,-.4,-.008,.982,-.19,.014,.15,.815,.56,-.117,-.548,.828);es="Linear";ed="In";};["RightUpperLeg"]={cf=cfr(-.082,-.19,.323,.934,-.358,-.001,.084,.222,-.972,.348,.907,.237);es="Linear";ed="In";};["LeftUpperLeg"]={cf=cfr(-.002,-.057,-.001,.922,.386,.035,-.264,.692,-.672,-.284,.61,.74);es="Linear";ed="In";};["LeftLowerArm"]={cf=cfr(0,.001,.001,1,0,0,0,.649,-.761,0,.761,.649);es="Linear";ed="In";};["LeftFoot"]={cf=cfr(0,0,0,1,0,0,0,1,0,0,0,1);es="Linear";ed="In";};["LeftLowerLeg"]={cf=cfr(0,0,-.002,1,0,0,0,.079,.997,0,-.997,.079);es="Linear";ed="In";};["RightLowerArm"]={cf=cfr(0,.002,.002,1,0,0,0,.786,-.618,0,.618,.786);es="Linear";ed="In";};["LowerTorso"]={cf=cfr(.001,-1.047,.491,.997,.072,-.043,-.021,.711,.703,.081,-.699,.71);es="Linear";ed="In";};["RightFoot"]={cf=cfr(0,0,0,1,0,0,0,1,0,0,0,1);es="Linear";ed="In";};["RightLowerLeg"]={cf=cfr(0,0,0,1,0,0,0,.342,.94,0,-.94,.342);es="Linear";ed="In";};["LeftHand"]={cf=cfr(0,0,0,1,0,0,0,1,0,0,0,1);es="Linear";ed="In";};["RightHand"]={cf=cfr(0,0,0,1,0,0,0,1,0,0,0,1);es="Linear";ed="In";};};{tm=.167;["RightUpperArm"]={cf=cfr(-.007,.001,.1,.995,.041,.089,.087,.045,-.995,-.045,.998,.041);es="Linear";ed="In";};["Head"]={cf=cfr(.004,-.002,-.001,.995,.012,-.097,-.092,.443,-.892,.032,.897,.442);es="Linear";ed="In";};["LeftUpperArm"]={cf=cfr(-.002,.004,.117,.999,-.032,-.029,-.02,.24,-.971,.038,.97,.239);es="Linear";ed="In";};["UpperTorso"]={cf=cfr(.023,-.423,-.024,.988,-.153,.002,.115,.751,.65,-.101,-.642,.76);es="Linear";ed="In";};["RightUpperLeg"]={cf=cfr(-.094,-.228,.366,.944,-.33,0,.053,.151,-.987,.325,.932,.16);es="Linear";ed="In";};["LeftUpperLeg"]={cf=cfr(-.003,-.069,-.008,.936,.353,.015,-.266,.731,-.628,-.232,.584,.778);es="Linear";ed="In";};["LeftLowerArm"]={cf=cfr(0,.001,.001,1,0,0,0,.661,-.75,0,.75,.661);es="Linear";ed="In";};["LeftFoot"]={cf=cfr(0,0,0,1,0,0,0,1,0,0,0,1);es="Linear";ed="In";};["LeftLowerLeg"]={cf=cfr(0,0,-.002,1,0,0,0,.063,.998,0,-.998,.063);es="Linear";ed="In";};["RightLowerArm"]={cf=cfr(0,.002,.001,1,0,0,0,.771,-.637,0,.637,.771);es="Linear";ed="In";};["LowerTorso"]={cf=cfr(.001,-.987,.489,.998,.056,-.037,-.019,.764,.644,.064,-.642,.764);es="Linear";ed="In";};["RightFoot"]={cf=cfr(0,0,0,1,0,0,0,1,0,0,0,1);es="Linear";ed="In";};["RightLowerLeg"]={cf=cfr(0,0,0,1,0,0,0,.342,.94,0,-.94,.342);es="Linear";ed="In";};["LeftHand"]={cf=cfr(0,0,0,1,0,0,0,1,0,0,0,1);es="Linear";ed="In";};["RightHand"]={cf=cfr(0,0,0,1,0,0,0,1,0,0,0,1);es="Linear";ed="In";};};{tm=.183;["RightUpperArm"]={cf=cfr(-.006,.002,.112,.997,.031,.068,.067,.054,-.996,-.035,.998,.052);es="Linear";ed="In";};["Head"]={cf=cfr(.003,-.002,-.001,.997,.009,-.074,-.071,.433,-.899,.024,.901,.432);es="Linear";ed="In";};["LeftUpperArm"]={cf=cfr(-.002,.004,.127,.999,-.025,-.021,-.016,.184,-.983,.029,.983,.183);es="Linear";ed="In";};["UpperTorso"]={cf=cfr(.018,-.436,-.047,.993,-.117,-.005,.084,.681,.727,-.082,-.723,.686);es="Linear";ed="In";};["RightUpperLeg"]={cf=cfr(-.105,-.264,.404,.953,-.302,-.002,.024,.083,-.996,.301,.95,.087);es="Linear";ed="In";};["LeftUpperLeg"]={cf=cfr(-.003,-.082,-.016,.947,.322,-.006,-.264,.767,-.584,-.183,.555,.812);es="Linear";ed="In";};["LeftLowerArm"]={cf=cfr(0,.001,.001,1,0,0,0,.672,-.74,0,.74,.672);es="Linear";ed="In";};["LeftFoot"]={cf=cfr(0,0,0,1,0,0,0,1,0,0,0,1);es="Linear";ed="In";};["LeftLowerLeg"]={cf=cfr(0,0,-.001,1,0,0,0,.048,.999,0,-.999,.048);es="Linear";ed="In";};["RightLowerArm"]={cf=cfr(0,.002,.001,1,0,0,0,.757,-.654,0,.654,.757);es="Linear";ed="In";};["LowerTorso"]={cf=cfr(.001,-.929,.487,.999,.042,-.03,-.017,.811,.585,.048,-.584,.81);es="Linear";ed="In";};["RightFoot"]={cf=cfr(0,0,0,1,0,0,0,1,0,0,0,1);es="Linear";ed="In";};["RightLowerLeg"]={cf=cfr(0,0,0,1,0,0,0,.342,.94,0,-.94,.342);es="Linear";ed="In";};["LeftHand"]={cf=cfr(0,0,0,1,0,0,0,1,0,0,0,1);es="Linear";ed="In";};["RightHand"]={cf=cfr(0,0,0,1,0,0,0,1,0,0,0,1);es="Linear";ed="In";};};{tm=.2;["RightUpperArm"]={cf=cfr(-.005,.002,.123,.999,.022,.049,.048,.063,-.997,-.025,.998,.062);es="Linear";ed="In";};["Head"]={cf=cfr(.002,-.001,-.001,.999,.006,-.053,-.051,.423,-.905,.017,.906,.423);es="Linear";ed="In";};["LeftUpperArm"]={cf=cfr(-.002,.003,.135,1,-.019,-.015,-.012,.132,-.991,.02,.991,.132);es="Linear";ed="In";};["UpperTorso"]={cf=cfr(.013,-.439,-.075,.996,-.084,-.007,.057,.609,.791,-.062,-.789,.612);es="Linear";ed="In";};["RightUpperLeg"]={cf=cfr(-.116,-.297,.436,.961,-.278,-.006,0,.02,-1,.278,.96,.019);es="Linear";ed="In";};["LeftUpperLeg"]={cf=cfr(-.002,-.094,-.025,.956,.294,-.027,-.261,.798,-.543,-.138,.526,.839);es="Linear";ed="In";};["LeftLowerArm"]={cf=cfr(0,0,.001,1,0,0,0,.682,-.731,0,.731,.682);es="Linear";ed="In";};["LeftFoot"]={cf=cfr(0,0,0,1,0,0,0,1,0,0,0,1);es="Linear";ed="In";};["LeftLowerLeg"]={cf=cfr(0,0,-.001,1,0,0,0,.035,.999,0,-.999,.035);es="Linear";ed="In";};["RightLowerArm"]={cf=cfr(0,.001,.001,1,0,0,0,.743,-.669,0,.669,.743);es="Linear";ed="In";};["LowerTorso"]={cf=cfr(.001,-.875,.485,.999,.029,-.022,-.013,.849,.529,.034,-.528,.848);es="Linear";ed="In";};["RightFoot"]={cf=cfr(0,0,0,1,0,0,0,1,0,0,0,1);es="Linear";ed="In";};["RightLowerLeg"]={cf=cfr(0,0,0,1,0,0,0,.342,.94,0,-.94,.342);es="Linear";ed="In";};["LeftHand"]={cf=cfr(0,0,0,1,0,0,0,1,0,0,0,1);es="Linear";ed="In";};["RightHand"]={cf=cfr(0,0,0,1,0,0,0,1,0,0,0,1);es="Linear";ed="In";};};{tm=.217;["RightUpperArm"]={cf=cfr(-.003,.003,.132,.999,.014,.032,.031,.071,-.997,-.017,.997,.071);es="Linear";ed="In";};["Head"]={cf=cfr(.002,-.001,-.001,.999,.004,-.035,-.033,.415,-.909,.011,.91,.415);es="Linear";ed="In";};["LeftUpperArm"]={cf=cfr(-.001,.003,.141,1,-.012,-.01,-.008,.087,-.996,.013,.996,.087);es="Linear";ed="In";};["UpperTorso"]={cf=cfr(.008,-.437,-.107,.998,-.055,-.007,.036,.541,.84,-.042,-.839,.542);es="Linear";ed="In";};["RightUpperLeg"]={cf=cfr(-.125,-.327,.462,.967,-.256,-.01,-.02,-.036,-.999,.256,.966,-.04);es="Linear";ed="In";};["LeftUpperLeg"]={cf=cfr(-.002,-.106,-.033,.962,.27,-.046,-.255,.823,-.507,-.099,.499,.861);es="Linear";ed="In";};["LeftLowerArm"]={cf=cfr(0,0,0,1,0,0,0,.691,-.723,0,.723,.691);es="Linear";ed="In";};["LeftFoot"]={cf=cfr(0,0,0,1,0,0,0,1,0,0,0,1);es="Linear";ed="In";};["LeftLowerLeg"]={cf=cfr(0,0,-.001,1,0,0,0,.023,1,0,-1,.023);es="Linear";ed="In";};["RightLowerArm"]={cf=cfr(.001,.001,.001,1,0,0,0,.731,-.683,0,.683,.731);es="Linear";ed="In";};["LowerTorso"]={cf=cfr(.001,-.827,.482,1,.019,-.015,-.009,.879,.478,.022,-.477,.878);es="Linear";ed="In";};["RightFoot"]={cf=cfr(0,0,0,1,0,0,0,1,0,0,0,1);es="Linear";ed="In";};["RightLowerLeg"]={cf=cfr(0,0,0,1,0,0,0,.342,.94,0,-.94,.342);es="Linear";ed="In";};["LeftHand"]={cf=cfr(0,0,0,1,0,0,0,1,0,0,0,1);es="Linear";ed="In";};["RightHand"]={cf=cfr(.001,0,0,1,0,0,0,1,0,0,0,1);es="Linear";ed="In";};};{tm=.233;["RightUpperArm"]={cf=cfr(-.002,.003,.14,1,.008,.019,.018,.078,-.997,-.01,.997,.078);es="Linear";ed="In";};["Head"]={cf=cfr(.001,-.001,0,1,.002,-.02,-.019,.408,-.913,.006,.913,.408);es="Linear";ed="In";};["LeftUpperArm"]={cf=cfr(-.001,.003,.145,1,-.007,-.005,-.005,.05,-.999,.007,.999,.05);es="Linear";ed="In";};["UpperTorso"]={cf=cfr(.005,-.432,-.137,.999,-.031,-.005,.02,.482,.876,-.025,-.876,.482);es="Linear";ed="In";};["RightUpperLeg"]={cf=cfr(-.132,-.351,.482,.971,-.239,-.015,-.035,-.081,-.996,.237,.968,-.087);es="Linear";ed="In";};["LeftUpperLeg"]={cf=cfr(-.001,-.116,-.041,.966,.251,-.063,-.25,.843,-.476,-.067,.476,.877);es="Linear";ed="In";};["LeftLowerArm"]={cf=cfr(0,0,0,1,0,0,0,.698,-.716,0,.716,.698);es="Linear";ed="In";};["LeftFoot"]={cf=cfr(0,0,0,1,0,0,0,1,0,0,0,1);es="Linear";ed="In";};["LeftLowerLeg"]={cf=cfr(0,0,0,1,0,0,0,.013,1,0,-1,.013);es="Linear";ed="In";};["RightLowerArm"]={cf=cfr(.001,0,0,1,0,0,0,.721,-.693,0,.693,.721);es="Linear";ed="In";};["LowerTorso"]={cf=cfr(.001,-.788,.479,1,.011,-.009,-.006,.901,.435,.013,-.434,.901);es="Linear";ed="In";};["RightFoot"]={cf=cfr(0,0,0,1,0,0,0,1,0,0,0,1);es="Linear";ed="In";};["RightLowerLeg"]={cf=cfr(0,0,0,1,0,0,0,.342,.94,0,-.94,.342);es="Linear";ed="In";};["LeftHand"]={cf=cfr(0,0,0,1,0,0,0,1,0,0,0,1);es="Linear";ed="In";};["RightHand"]={cf=cfr(.001,0,0,1,0,0,0,1,0,0,0,1);es="Linear";ed="In";};};{tm=.25;["RightUpperArm"]={cf=cfr(-.001,.004,.145,1,.004,.009,.008,.083,-.997,-.004,.997,.083);es="Linear";ed="In";};["Head"]={cf=cfr(.001,0,0,1,.001,-.009,-.009,.403,-.915,.003,.915,.403);es="Linear";ed="In";};["LeftUpperArm"]={cf=cfr(0,.004,.148,1,-.003,-.002,-.002,.022,-1,.003,1,.022);es="Linear";ed="In";};["UpperTorso"]={cf=cfr(.002,-.427,-.162,1,-.014,-.003,.009,.437,.9,-.011,-.9,.437);es="Linear";ed="In";};["RightUpperLeg"]={cf=cfr(-.138,-.368,.496,.974,-.226,-.019,-.046,-.115,-.992,.222,.967,-.122);es="Linear";ed="In";};["LeftUpperLeg"]={cf=cfr(-.001,-.123,-.047,.969,.237,-.075,-.245,.857,-.454,-.043,.458,.888);es="Linear";ed="In";};["LeftLowerArm"]={cf=cfr(0,0,0,1,0,0,0,.703,-.711,0,.711,.703);es="Linear";ed="In";};["LeftFoot"]={cf=cfr(0,0,0,1,0,0,0,1,0,0,0,1);es="Linear";ed="In";};["LeftLowerLeg"]={cf=cfr(0,0,0,1,0,0,0,.006,1,0,-1,.006);es="Linear";ed="In";};["RightLowerArm"]={cf=cfr(.001,0,0,1,0,0,0,.713,-.701,0,.701,.713);es="Linear";ed="In";};["LowerTorso"]={cf=cfr(0,-.758,.477,1,.005,-.004,-.003,.916,.402,.006,-.402,.916);es="Linear";ed="In";};["RightFoot"]={cf=cfr(0,0,0,1,0,0,0,1,0,0,0,1);es="Linear";ed="In";};["RightLowerLeg"]={cf=cfr(0,0,0,1,0,0,0,.342,.94,0,-.94,.342);es="Linear";ed="In";};["LeftHand"]={cf=cfr(0,0,0,1,0,0,0,1,0,0,0,1);es="Linear";ed="In";};["RightHand"]={cf=cfr(.001,0,0,1,0,0,0,1,0,0,0,1);es="Linear";ed="In";};};{tm=.267;["RightUpperArm"]={cf=cfr(0,.004,.149,1,.001,.002,.002,.086,-.996,-.001,.996,.086);es="Linear";ed="In";};["Head"]={cf=cfr(0,0,0,1,0,-.002,-.002,.4,-.916,.001,.916,.4);es="Linear";ed="In";};["LeftUpperArm"]={cf=cfr(0,.004,.149,1,-.001,-.001,-.001,.006,-1,.001,1,.006);es="Linear";ed="In";};["UpperTorso"]={cf=cfr(0,-.423,-.179,1,-.003,-.001,.002,.408,.913,-.003,-.913,.408);es="Linear";ed="In";};["RightUpperLeg"]={cf=cfr(-.141,-.379,.504,.976,-.218,-.021,-.052,-.136,-.989,.213,.966,-.144);es="Linear";ed="In";};["LeftUpperLeg"]={cf=cfr(0,-.128,-.051,.97,.229,-.083,-.242,.865,-.44,-.029,.447,.894);es="Linear";ed="In";};["LeftLowerArm"]={cf=cfr(0,0,0,1,0,0,0,.706,-.708,0,.708,.706);es="Linear";ed="In";};["LeftFoot"]={cf=cfr(0,0,0,1,0,0,0,1,0,0,0,1);es="Linear";ed="In";};["LeftLowerLeg"]={cf=cfr(0,0,0,1,0,0,0,.001,1,0,-1,.001);es="Linear";ed="In";};["RightLowerArm"]={cf=cfr(.001,0,0,1,0,0,0,.709,-.706,0,.706,.709);es="Linear";ed="In";};["LowerTorso"]={cf=cfr(0,-.74,.476,1,.001,-.001,-.001,.924,.382,.001,-.382,.924);es="Linear";ed="In";};["RightFoot"]={cf=cfr(0,0,0,1,0,0,0,1,0,0,0,1);es="Linear";ed="In";};["RightLowerLeg"]={cf=cfr(0,0,0,1,0,0,0,.342,.94,0,-.94,.342);es="Linear";ed="In";};["LeftHand"]={cf=cfr(0,0,0,1,0,0,0,1,0,0,0,1);es="Linear";ed="In";};["RightHand"]={cf=cfr(.001,0,0,1,0,0,0,1,0,0,0,1);es="Linear";ed="In";};};{tm=.283;["LeftUpperArm"]={cf=cfr(0,.004,.15,1,0,0,0,0,-1,0,1,0);es="Linear";ed="In";};["Head"]={cf=cfr(0,0,0,1,0,0,0,.399,-.917,0,.917,.399);es="Linear";ed="In";};["RightUpperArm"]={cf=cfr(0,.004,.15,1,0,0,0,.087,-.996,0,.996,.087);es="Linear";ed="In";};["LeftUpperLeg"]={cf=cfr(0,-.13,-.053,.97,.226,-.086,-.24,.868,-.435,-.024,.443,.896);es="Linear";ed="In";};["RightUpperLeg"]={cf=cfr(-.143,-.383,.506,.976,-.215,-.022,-.054,-.143,-.988,.21,.966,-.151);es="Linear";ed="In";};["UpperTorso"]={cf=cfr(0,-.421,-.185,1,0,0,0,.398,.917,0,-.917,.398);es="Linear";ed="In";};["LeftLowerArm"]={cf=cfr(0,0,0,1,0,0,0,.707,-.707,0,.707,.707);es="Linear";ed="In";};["LeftFoot"]={cf=cfr(0,0,0,1,0,0,0,1,0,0,0,1);es="Linear";ed="In";};["LeftLowerLeg"]={cf=cfr(0,0,0,1,0,0,0,0,1,0,-1,0);es="Linear";ed="In";};["RightLowerArm"]={cf=cfr(.001,0,0,1,0,0,0,.707,-.707,0,.707,.707);es="Linear";ed="In";};["LowerTorso"]={cf=cfr(0,-.734,.475,1,0,0,0,.927,.375,0,-.375,.927);es="Linear";ed="In";};["RightFoot"]={cf=cfr(0,0,0,1,0,0,0,1,0,0,0,1);es="Linear";ed="In";};["RightLowerLeg"]={cf=cfr(0,0,0,1,0,0,0,.342,.94,0,-.94,.342);es="Linear";ed="In";};["LeftHand"]={cf=cfr(0,0,0,1,0,0,0,1,0,0,0,1);es="Linear";ed="In";};["RightHand"]={cf=cfr(.001,0,0,1,0,0,0,1,0,0,0,1);es="Linear";ed="In";};};}