local cfr = CFrame.new

return {{tm=0;["HumanoidRootPart"]={cf=cfr(0,0,0,1,0,0,0,1,0,0,0,1);es="Linear";ed="In";};["LowerTorso"]={cf=cfr(0,-1.192,.475,1,0,0,0,.927,.375,0,-.375,.927);es="Linear";ed="In";};["RightUpperLeg"]={cf=cfr(0,0,0,.844,-.527,-.1,-.175,-.094,-.98,.507,.845,-.171);es="Linear";ed="In";};["LeftUpperLeg"]={cf=cfr(0,0,0,.887,.461,-.019,-.006,-.03,-1,-.461,.887,-.024);es="Linear";ed="In";};["UpperTorso"]={cf=cfr(0,0,-.015,1,0,0,0,.233,.972,0,-.972,.233);es="Linear";ed="In";};["RightLowerLeg"]={cf=cfr(0,0,0,.999,-.044,-.011,.019,.183,.983,-.041,-.982,.184);es="Linear";ed="In";};["LeftLowerLeg"]={cf=cfr(0,0,0,1,.016,0,0,-.043,.999,.016,-.999,-.043);es="Linear";ed="In";};["RightUpperArm"]={cf=cfr(0,0,0,.505,-.701,.504,-.543,-.711,-.446,.671,-.049,-.74);es="Linear";ed="In";};["LeftUpperArm"]={cf=cfr(0,0,0,.25,.86,-.446,.692,-.481,-.539,-.678,-.174,-.714);es="Linear";ed="In";};["Head"]={cf=cfr(0,0,0,1,0,0,0,.552,-.834,0,.834,.552);es="Linear";ed="In";};["RightFoot"]={cf=cfr(0,0,0,.994,.046,.098,-.04,.997,-.062,-.101,.058,.993);es="Linear";ed="In";};["LeftFoot"]={cf=cfr(0,0,0,.986,-.164,.031,.164,.92,-.357,.03,.357,.934);es="Linear";ed="In";};["RightLowerArm"]={cf=cfr(0,0,0,.423,-.812,.403,.865,.494,.089,-.271,.311,.911);es="Linear";ed="In";};["LeftLowerArm"]={cf=cfr(0,0,0,.481,.735,-.478,-.77,.615,.171,.42,.285,.862);es="Linear";ed="In";};["RightHand"]={cf=cfr(0,0,0,-.004,-.627,-.779,.321,.737,-.595,.947,-.252,.198);es="Linear";ed="In";};["LeftHand"]={cf=cfr(0,0,0,-.14,.478,.867,.023,.877,-.48,-.99,-.048,-.134);es="Linear";ed="In";};};{tm=.042;["HumanoidRootPart"]={cf=cfr(0,0,0,1,0,0,0,1,0,0,0,1);es="Linear";ed="In";};["LowerTorso"]={cf=cfr(0,-1.192,.461,1,0,0,0,.925,.379,0,-.379,.925);es="Linear";ed="In";};["RightUpperLeg"]={cf=cfr(0,0,0,.844,-.527,-.098,-.175,-.097,-.98,.507,.844,-.174);es="Linear";ed="In";};["LeftUpperLeg"]={cf=cfr(0,0,0,.888,.459,-.015,-.004,-.024,-1,-.459,.888,-.02);es="Linear";ed="In";};["UpperTorso"]={cf=cfr(0,0,-.015,1,0,0,0,.316,.949,0,-.949,.316);es="Linear";ed="In";};["RightLowerLeg"]={cf=cfr(0,0,0,.999,-.044,-.011,.019,.181,.983,-.041,-.983,.182);es="Linear";ed="In";};["LeftLowerLeg"]={cf=cfr(0,0,0,1,.016,0,0,-.048,.999,.016,-.999,-.048);es="Linear";ed="In";};["RightUpperArm"]={cf=cfr(0,0,0,.178,-.832,.526,-.255,-.555,-.792,.95,.007,-.311);es="Linear";ed="In";};["LeftUpperArm"]={cf=cfr(0,0,0,.179,.945,-.273,.351,-.32,-.88,-.919,.062,-.389);es="Linear";ed="In";};["Head"]={cf=cfr(0,0,0,1,0,0,0,.602,-.799,0,.799,.602);es="Linear";ed="In";};["RightFoot"]={cf=cfr(0,0,0,.994,.045,.099,-.039,.998,-.058,-.101,.053,.993);es="Linear";ed="In";};["LeftFoot"]={cf=cfr(0,0,0,.987,-.16,.032,.161,.915,-.37,.03,.37,.928);es="Linear";ed="In";};["RightLowerArm"]={cf=cfr(0,0,0,.62,-.698,.358,.716,.69,.106,-.321,.191,.928);es="Linear";ed="In";};["LeftLowerArm"]={cf=cfr(0,0,0,.642,.678,-.358,-.683,.718,.134,.348,.158,.924);es="Linear";ed="In";};["RightHand"]={cf=cfr(0,0,0,.3,-.5,-.813,.441,.828,-.346,.846,-.254,.469);es="Linear";ed="In";};["LeftHand"]={cf=cfr(0,0,0,.213,.375,.902,-.114,.926,-.359,-.97,-.026,.24);es="Linear";ed="In";};};{tm=.083;["HumanoidRootPart"]={cf=cfr(0,0,0,1,0,0,0,1,0,0,0,1);es="Linear";ed="In";};["LowerTorso"]={cf=cfr(0,-1.163,.419,1,0,0,0,.926,.377,0,-.377,.926);es="Linear";ed="In";};["RightUpperLeg"]={cf=cfr(0,0,0,.844,-.526,-.105,-.173,-.081,-.981,.508,.847,-.16);es="Linear";ed="In";};["LeftUpperLeg"]={cf=cfr(0,0,0,.889,.458,.014,.01,.013,-1,-.458,.889,.007);es="Linear";ed="In";};["UpperTorso"]={cf=cfr(0,0,-.015,1,0,0,0,.488,.873,0,-.873,.488);es="Linear";ed="In";};["RightLowerLeg"]={cf=cfr(0,0,0,.999,-.044,-.011,.019,.193,.981,-.041,-.98,.194);es="Linear";ed="In";};["LeftLowerLeg"]={cf=cfr(0,0,0,1,.016,0,0,-.045,.999,.016,-.999,-.045);es="Linear";ed="In";};["RightUpperArm"]={cf=cfr(0,0,0,.304,-.901,-.31,.256,.391,-.884,.918,.189,.349);es="Linear";ed="In";};["LeftUpperArm"]={cf=cfr(0,0,0,.575,.808,.124,-.272,.332,-.903,-.771,.486,.411);es="Linear";ed="In";};["Head"]={cf=cfr(0,0,0,1,0,0,0,.714,-.7,0,.7,.714);es="Linear";ed="In";};["RightFoot"]={cf=cfr(0,0,0,.994,.041,.101,-.036,.998,-.048,-.102,.044,.994);es="Linear";ed="In";};["LeftFoot"]={cf=cfr(0,0,0,.989,-.145,.03,.145,.906,-.398,.031,.398,.917);es="Linear";ed="In";};["RightLowerArm"]={cf=cfr(0,0,0,.93,-.364,.051,.345,.816,-.464,.127,.449,.884);es="Linear";ed="In";};["LeftLowerArm"]={cf=cfr(0,0,0,.868,.492,-.062,-.466,.766,-.444,-.17,.414,.894);es="Linear";ed="In";};["RightHand"]={cf=cfr(0,0,0,.853,-.217,-.475,.298,.949,.101,.429,-.227,.874);es="Linear";ed="In";};["LeftHand"]={cf=cfr(0,0,0,.837,.16,.524,-.121,.987,-.108,-.534,.027,.845);es="Linear";ed="In";};};{tm=.125;["HumanoidRootPart"]={cf=cfr(0,0,0,1,0,0,0,1,0,0,0,1);es="Linear";ed="In";};["LowerTorso"]={cf=cfr(0,-1.092,.364,1,0,0,0,.937,.349,0,-.349,.937);es="Linear";ed="In";};["RightUpperLeg"]={cf=cfr(0,0,0,.843,-.519,-.138,-.167,-.009,-.986,.511,.854,-.095);es="Linear";ed="In";};["LeftUpperLeg"]={cf=cfr(0,0,0,.879,.467,.09,.043,.11,-.993,-.474,.877,.077);es="Linear";ed="In";};["UpperTorso"]={cf=cfr(0,0,-.015,1,0,0,0,.639,.769,0,-.769,.639);es="Linear";ed="In";};["RightLowerLeg"]={cf=cfr(0,0,0,.999,-.043,-.01,.02,.249,.968,-.039,-.968,.249);es="Linear";ed="In";};["LeftLowerLeg"]={cf=cfr(0,0,0,1,.016,0,0,-.002,1,.016,-1,-.002);es="Linear";ed="In";};["RightUpperArm"]={cf=cfr(0,0,0,.926,-.338,-.17,.181,.79,-.585,.332,.511,.793);es="Linear";ed="In";};["LeftUpperArm"]={cf=cfr(0,0,0,.884,.434,-.174,-.455,.713,-.534,-.107,.551,.827);es="Linear";ed="In";};["Head"]={cf=cfr(0,0,0,1,0,0,0,.835,-.55,0,.55,.835);es="Linear";ed="In";};["RightFoot"]={cf=cfr(0,0,0,.994,.033,.104,-.029,.999,-.037,-.105,.034,.994);es="Linear";ed="In";};["LeftFoot"]={cf=cfr(0,0,0,.993,-.113,.018,.11,.899,-.424,.031,.423,.906);es="Linear";ed="In";};["RightLowerArm"]={cf=cfr(0,0,0,.913,-.406,.032,.164,.294,-.942,.373,.865,.335);es="Linear";ed="In";};["LeftLowerArm"]={cf=cfr(0,0,0,.879,.456,-.136,-.334,.388,-.859,-.339,.801,.494);es="Linear";ed="In";};["RightHand"]={cf=cfr(0,0,0,1,0,0,0,.982,.189,0,-.189,.982);es="Linear";ed="In";};["LeftHand"]={cf=cfr(0,0,0,1,0,0,0,.998,-.07,0,.07,.998);es="Linear";ed="In";};};{tm=.167;["HumanoidRootPart"]={cf=cfr(0,0,0,1,0,0,0,1,0,0,0,1);es="Linear";ed="In";};["LowerTorso"]={cf=cfr(0,-.922,.324,1,0,0,0,.959,.284,0,-.284,.959);es="Linear";ed="In";};["RightUpperLeg"]={cf=cfr(0,0,0,.834,-.5,-.232,-.15,.199,-.968,.53,.843,.091);es="Linear";ed="In";};["LeftUpperLeg"]={cf=cfr(0,0,0,.815,.512,.273,.102,.338,-.936,-.571,.79,.223);es="Linear";ed="In";};["UpperTorso"]={cf=cfr(0,0,-.015,1,0,0,0,.747,.665,0,-.665,.747);es="Linear";ed="In";};["RightLowerLeg"]={cf=cfr(0,0,0,.999,-.039,-.005,.021,.402,.915,-.034,-.915,.403);es="Linear";ed="In";};["LeftLowerLeg"]={cf=cfr(0,0,0,1,.015,-.001,-.001,.129,.992,.015,-.991,.129);es="Linear";ed="In";};["RightUpperArm"]={cf=cfr(0,0,0,.977,-.19,.095,.213,.86,-.465,.006,.474,.88);es="Linear";ed="In";};["LeftUpperArm"]={cf=cfr(0,0,0,.881,.333,-.336,-.443,.831,-.337,.167,.446,.879);es="Linear";ed="In";};["Head"]={cf=cfr(0,0,0,1,0,0,0,.924,-.382,0,.382,.924);es="Linear";ed="In";};["RightFoot"]={cf=cfr(0,0,0,.994,.013,.111,-.01,1,-.025,-.112,.024,.993);es="Linear";ed="In";};["LeftFoot"]={cf=cfr(0,0,0,.999,-.027,-.024,.013,.895,-.447,.034,.446,.894);es="Linear";ed="In";};["RightLowerArm"]={cf=cfr(0,0,0,.917,-.391,.079,.168,.2,-.965,.362,.898,.249);es="Linear";ed="In";};["LeftLowerArm"]={cf=cfr(0,0,0,.892,.429,-.144,-.316,.364,-.876,-.323,.827,.46);es="Linear";ed="In";};["RightHand"]={cf=cfr(0,0,0,.991,.054,.126,-.075,.983,.17,-.115,-.177,.977);es="Linear";ed="In";};["LeftHand"]={cf=cfr(0,0,0,.99,-.04,-.139,.028,.996,-.086,.142,.081,.987);es="Linear";ed="In";};};{tm=.208;["HumanoidRootPart"]={cf=cfr(0,0,0,1,0,0,0,1,0,0,0,1);es="Linear";ed="In";};["LowerTorso"]={cf=cfr(0,-.695,.257,1,0,0,0,.981,.195,0,-.195,.981);es="Linear";ed="In";};["RightUpperLeg"]={cf=cfr(0,0,0,.807,-.472,-.356,-.117,.463,-.879,.579,.751,.318);es="Linear";ed="In";};["LeftUpperLeg"]={cf=cfr(0,0,0,.7,.544,.463,.1,.567,-.818,-.707,.618,.343);es="Linear";ed="In";};["UpperTorso"]={cf=cfr(0,0,-.015,1,0,0,0,.838,.545,0,-.545,.838);es="Linear";ed="In";};["RightLowerLeg"]={cf=cfr(0,0,0,.999,-.034,-.001,.021,.59,.807,-.027,-.807,.59);es="Linear";ed="In";};["LeftLowerLeg"]={cf=cfr(0,0,0,1,.013,-.002,-.002,.314,.949,.013,-.949,.314);es="Linear";ed="In";};["RightUpperArm"]={cf=cfr(0,0,0,.967,-.182,.177,.233,.913,-.334,-.101,.364,.926);es="Linear";ed="In";};["LeftUpperArm"]={cf=cfr(0,0,0,.89,.298,-.345,-.385,.896,-.22,.244,.328,.913);es="Linear";ed="In";};["Head"]={cf=cfr(0,0,0,1,0,0,0,.969,-.247,0,.247,.969);es="Linear";ed="In";};["RightFoot"]={cf=cfr(0,0,0,.993,-.004,.118,.006,1,-.013,-.118,.013,.993);es="Linear";ed="In";};["LeftFoot"]={cf=cfr(0,0,0,.996,.054,-.065,-.077,.893,-.444,.034,.447,.894);es="Linear";ed="In";};["RightLowerArm"]={cf=cfr(0,0,0,.933,-.36,.01,.154,.372,-.915,.326,.855,.402);es="Linear";ed="In";};["LeftLowerArm"]={cf=cfr(0,0,0,.916,.399,-.05,-.272,.525,-.807,-.296,.752,.589);es="Linear";ed="In";};["RightHand"]={cf=cfr(0,0,0,.993,.048,.112,-.067,.983,.172,-.102,-.179,.979);es="Linear";ed="In";};["LeftHand"]={cf=cfr(0,0,0,.992,-.035,-.123,.025,.996,-.083,.126,.08,.989);es="Linear";ed="In";};};{tm=.25;["HumanoidRootPart"]={cf=cfr(0,0,0,1,0,0,0,1,0,0,0,1);es="Linear";ed="In";};["LowerTorso"]={cf=cfr(0,-.51,.175,1,0,0,0,.995,.103,0,-.103,.995);es="Linear";ed="In";};["RightUpperLeg"]={cf=cfr(0,0,0,.76,-.439,-.479,-.056,.69,-.722,.647,.575,.5);es="Linear";ed="In";};["LeftUpperLeg"]={cf=cfr(0,0,0,.624,.501,.6,.057,.736,-.674,-.78,.455,.431);es="Linear";ed="In";};["UpperTorso"]={cf=cfr(0,0,-.015,1,0,0,0,.907,.422,0,-.422,.907);es="Linear";ed="In";};["RightLowerLeg"]={cf=cfr(0,0,0,1,-.027,.002,.019,.752,.659,-.02,-.659,.752);es="Linear";ed="In";};["LeftLowerLeg"]={cf=cfr(0,0,0,1,.011,-.003,-.003,.516,.857,.011,-.856,.516);es="Linear";ed="In";};["RightUpperArm"]={cf=cfr(0,0,0,.96,-.219,.174,.254,.944,-.21,-.118,.246,.962);es="Linear";ed="In";};["LeftUpperArm"]={cf=cfr(0,0,0,.912,.301,-.28,-.346,.93,-.127,.222,.213,.952);es="Linear";ed="In";};["Head"]={cf=cfr(0,0,0,1,0,0,0,.972,-.235,0,.235,.972);es="Linear";ed="In";};["RightFoot"]={cf=cfr(0,0,0,.993,.003,.116,-.003,1,-.005,-.116,.005,.993);es="Linear";ed="In";};["LeftFoot"]={cf=cfr(0,0,0,.997,.05,-.059,-.069,.923,-.379,.036,.382,.924);es="Linear";ed="In";};["RightLowerArm"]={cf=cfr(0,0,0,.95,-.303,-.078,.124,.592,-.796,.288,.747,.6);es="Linear";ed="In";};["LeftLowerArm"]={cf=cfr(0,0,0,.941,.331,.065,-.206,.718,-.665,-.267,.612,.744);es="Linear";ed="In";};["RightHand"]={cf=cfr(0,0,0,.999,.018,.042,-.026,.983,.184,-.038,-.185,.982);es="Linear";ed="In";};["LeftHand"]={cf=cfr(0,0,0,.999,-.013,-.046,.01,.997,-.074,.047,.074,.996);es="Linear";ed="In";};};{tm=.292;["HumanoidRootPart"]={cf=cfr(0,0,0,1,0,0,0,1,0,0,0,1);es="Linear";ed="In";};["LowerTorso"]={cf=cfr(0,-.368,.093,1,0,0,0,1,.026,0,-.026,1);es="Linear";ed="In";};["RightUpperLeg"]={cf=cfr(0,0,0,.707,-.41,-.576,.029,.831,-.556,.706,.376,.6);es="Linear";ed="In";};["LeftUpperLeg"]={cf=cfr(0,0,0,.551,.444,.707,-.005,.849,-.529,-.834,.288,.47);es="Linear";ed="In";};["UpperTorso"]={cf=cfr(0,0,-.015,1,0,0,0,.95,.311,0,-.311,.95);es="Linear";ed="In";};["RightLowerLeg"]={cf=cfr(0,0,0,1,-.022,.004,.017,.86,.51,-.014,-.51,.86);es="Linear";ed="In";};["LeftLowerLeg"]={cf=cfr(0,0,0,1,.009,-.003,-.004,.679,.734,.009,-.734,.679);es="Linear";ed="In";};["RightUpperArm"]={cf=cfr(0,0,0,.95,-.241,.197,.265,.959,-.102,-.165,.149,.975);es="Linear";ed="In";};["LeftUpperArm"]={cf=cfr(0,0,0,.92,.306,-.243,-.323,.946,-.03,.221,.107,.969);es="Linear";ed="In";};["Head"]={cf=cfr(0,0,0,1,0,0,0,.964,-.265,0,.265,.964);es="Linear";ed="In";};["RightFoot"]={cf=cfr(0,0,0,.994,.018,.11,-.018,1,.002,-.11,-.004,.994);es="Linear";ed="In";};["LeftFoot"]={cf=cfr(0,0,0,.999,.02,-.041,-.031,.952,-.304,.033,.305,.952);es="Linear";ed="In";};["RightLowerArm"]={cf=cfr(0,0,0,.96,-.261,-.102,.115,.697,-.707,.256,.667,.7);es="Linear";ed="In";};["LeftLowerArm"]={cf=cfr(0,0,0,.959,.263,.109,-.16,.816,-.555,-.235,.514,.825);es="Linear";ed="In";};["RightHand"]={cf=cfr(0,0,0,1,0,0,0,.982,.189,0,-.189,.982);es="Linear";ed="In";};["LeftHand"]={cf=cfr(0,0,0,1,0,0,0,.998,-.07,0,.07,.998);es="Linear";ed="In";};};{tm=.333;["HumanoidRootPart"]={cf=cfr(0,0,0,1,0,0,0,1,0,0,0,1);es="Linear";ed="In";};["LowerTorso"]={cf=cfr(0,-.297,.024,1,0,0,0,1,-.01,0,.01,1);es="Linear";ed="In";};["RightUpperLeg"]={cf=cfr(0,0,0,.681,-.397,-.616,.076,.875,-.479,.729,.279,.626);es="Linear";ed="In";};["LeftUpperLeg"]={cf=cfr(0,0,0,.48,.422,.769,-.075,.893,-.444,-.874,.155,.46);es="Linear";ed="In";};["UpperTorso"]={cf=cfr(0,0,-.015,1,0,0,0,.968,.252,0,-.252,.968);es="Linear";ed="In";};["RightLowerLeg"]={cf=cfr(0,0,0,1,-.019,.004,.015,.898,.439,-.012,-.439,.899);es="Linear";ed="In";};["LeftLowerLeg"]={cf=cfr(0,0,0,1,.008,-.003,-.004,.764,.645,.008,-.645,.764);es="Linear";ed="In";};["RightUpperArm"]={cf=cfr(0,0,0,.942,-.238,.238,.255,.966,-.044,-.219,.102,.97);es="Linear";ed="In";};["LeftUpperArm"]={cf=cfr(0,0,0,.921,.297,-.251,-.299,.954,.029,.248,.048,.968);es="Linear";ed="In";};["Head"]={cf=cfr(0,0,0,1,0,0,0,.975,-.221,0,.221,.975);es="Linear";ed="In";};["RightFoot"]={cf=cfr(0,0,0,.994,.031,.105,-.033,.999,.018,-.105,-.021,.994);es="Linear";ed="In";};["LeftFoot"]={cf=cfr(0,0,0,1,-.012,-.027,.004,.962,-.273,.029,.273,.962);es="Linear";ed="In";};["RightLowerArm"]={cf=cfr(0,0,0,.963,-.265,-.041,.124,.574,-.809,.238,.775,.586);es="Linear";ed="In";};["LeftLowerArm"]={cf=cfr(0,0,0,.966,.253,.06,-.149,.73,-.667,-.213,.636,.742);es="Linear";ed="In";};["RightHand"]={cf=cfr(0,0,0,1,0,0,0,.982,.189,0,-.189,.982);es="Linear";ed="In";};["LeftHand"]={cf=cfr(0,0,0,1,0,0,0,.998,-.07,0,.07,.998);es="Linear";ed="In";};};{tm=.375;["HumanoidRootPart"]={cf=cfr(0,0,0,1,0,0,0,1,0,0,0,1);es="Linear";ed="In";};["LowerTorso"]={cf=cfr(0,-.268,-.004,1,0,0,0,1,-.015,0,.015,1);es="Linear";ed="In";};["RightUpperLeg"]={cf=cfr(0,0,0,.674,-.393,-.625,.088,.883,-.461,.733,.256,.63);es="Linear";ed="In";};["LeftUpperLeg"]={cf=cfr(0,0,0,.445,.417,.792,-.11,.904,-.414,-.889,.097,.448);es="Linear";ed="In";};["UpperTorso"]={cf=cfr(0,0,-.015,1,0,0,0,.97,.243,0,-.243,.97);es="Linear";ed="In";};["RightLowerLeg"]={cf=cfr(0,0,0,1,-.018,.004,.015,.906,.423,-.012,-.422,.906);es="Linear";ed="In";};["LeftLowerLeg"]={cf=cfr(0,0,0,1,.007,-.003,-.004,.794,.608,.007,-.608,.794);es="Linear";ed="In";};["RightUpperArm"]={cf=cfr(0,0,0,.941,-.237,.243,.253,.967,-.035,-.227,.094,.969);es="Linear";ed="In";};["LeftUpperArm"]={cf=cfr(0,0,0,.921,.296,-.252,-.296,.954,.038,.252,.04,.967);es="Linear";ed="In";};["Head"]={cf=cfr(0,0,0,1,0,0,0,.983,-.184,0,.184,.983);es="Linear";ed="In";};["RightFoot"]={cf=cfr(0,0,0,.994,.039,.102,-.042,.999,.028,-.101,-.032,.994);es="Linear";ed="In";};["LeftFoot"]={cf=cfr(0,0,0,.999,-.033,-.019,.026,.964,-.265,.027,.264,.964);es="Linear";ed="In";};["RightLowerArm"]={cf=cfr(0,0,0,.964,-.267,.009,.126,.426,-.896,.235,.865,.444);es="Linear";ed="In";};["LeftLowerArm"]={cf=cfr(0,0,0,.967,.256,.017,-.148,.61,-.779,-.209,.75,.627);es="Linear";ed="In";};["RightHand"]={cf=cfr(0,0,0,1,0,0,0,.982,.189,0,-.189,.982);es="Linear";ed="In";};["LeftHand"]={cf=cfr(0,0,0,1,0,0,0,.998,-.07,0,.07,.998);es="Linear";ed="In";};};}