local cfr = CFrame.new

return {{tm=0;["RootNode"]={cf=cfr(0,0,0,-1,0,0,0,1,0,0,0,-1);es="Linear";ed="In";};["root"]={cf=cfr(0,2.665,0,0,0,1,0,1,0,-1,0,0);es="Linear";ed="In";};["000-offset"]={cf=cfr(0,0,0,-.835,.55,0,-.55,-.835,0,0,0,1);es="Linear";ed="In";};["004-offset.001"]={cf=cfr(0,0,0,-.015,-1,0,1,-.015,0,0,0,1);es="Linear";ed="In";};["006-offset"]={cf=cfr(0,0,0,-.015,-1,0,1,-.015,0,0,0,1);es="Linear";ed="In";};["000-offset.009"]={cf=cfr(0,0,0,.5,-.638,.586,.866,.347,-.36,.026,.687,.726);es="Linear";ed="In";};["000-offset.012"]={cf=cfr(0,0,0,.471,-.71,-.524,.879,.326,.349,-.077,-.625,.777);es="Linear";ed="In";};["000-offset.001"]={cf=cfr(0,0,0,.918,.396,0,-.396,.918,0,0,0,1);es="Linear";ed="In";};["000-offset.010"]={cf=cfr(0,0,0,.989,.146,0,-.146,.989,0,0,0,1);es="Linear";ed="In";};["000-offset.013"]={cf=cfr(0,0,0,.936,.352,0,-.352,.936,0,0,0,1);es="Linear";ed="In";};["004-offset"]={cf=cfr(0,0,0,.62,.599,.506,.784,-.481,-.392,.008,.64,-.768);es="Linear";ed="In";};["002-offset"]={cf=cfr(0,0,0,.609,.499,-.616,.786,-.48,.389,-.101,-.722,-.685);es="Linear";ed="In";};["000-offset.002"]={cf=cfr(0,0,0,.416,-.909,0,.909,.416,0,0,0,1);es="Linear";ed="In";};["000-offset.011"]={cf=cfr(0,0,0,1,-.019,-.022,.019,1,-.019,.023,.018,1);es="Linear";ed="In";};["000-offset.014"]={cf=cfr(0,0,0,.912,-.409,.015,.407,.911,.058,-.037,-.047,.998);es="Linear";ed="In";};["000-offset.006"]={cf=cfr(0,0,0,-.486,-.115,-.867,-.715,-.518,.47,-.502,.848,.169);es="Linear";ed="In";};["000-offset.003"]={cf=cfr(0,0,0,-.536,-.017,.844,-.649,-.631,-.425,.54,-.776,.327);es="Linear";ed="In";};["000-offset.007"]={cf=cfr(0,0,0,.901,-.434,0,.434,.901,0,0,0,1);es="Linear";ed="In";};["000-offset.004"]={cf=cfr(0,0,0,.953,-.304,0,.304,.953,0,0,0,1);es="Linear";ed="In";};["000-offset.008"]={cf=cfr(0,0,0,.939,-.323,.116,.224,.319,-.921,.26,.891,.372);es="Linear";ed="In";};["000-offset.005"]={cf=cfr(0,0,0,.957,-.245,-.158,.252,.421,.871,-.147,-.873,.465);es="Linear";ed="In";};};{tm=.042;["000-offset"]={cf=cfr(0,0,0,-.831,.556,0,-.556,-.831,0,0,0,1);es="Linear";ed="In";};["000-offset.009"]={cf=cfr(0,0,0,.499,-.643,.581,.866,.346,-.36,.03,.683,.73);es="Linear";ed="In";};["000-offset.012"]={cf=cfr(0,0,0,.468,-.715,-.519,.88,.324,.348,-.08,-.62,.781);es="Linear";ed="In";};["000-offset.001"]={cf=cfr(0,0,0,.922,.388,0,-.388,.922,0,0,0,1);es="Linear";ed="In";};["000-offset.010"]={cf=cfr(0,0,0,.99,.143,0,-.143,.99,0,0,0,1);es="Linear";ed="In";};["000-offset.013"]={cf=cfr(0,0,0,.938,.347,0,-.347,.938,0,0,0,1);es="Linear";ed="In";};["004-offset"]={cf=cfr(0,0,0,.625,.552,.552,.78,-.442,-.442,.001,.707,-.707);es="Linear";ed="In";};["002-offset"]={cf=cfr(0,0,0,.606,.469,-.643,.792,-.434,.43,-.078,-.769,-.634);es="Linear";ed="In";};["000-offset.002"]={cf=cfr(0,0,0,.429,-.903,0,.903,.429,0,0,0,1);es="Linear";ed="In";};["000-offset.011"]={cf=cfr(0,0,0,1,-.018,-.022,.017,1,-.019,.023,.018,1);es="Linear";ed="In";};["000-offset.014"]={cf=cfr(0,0,0,.915,-.404,.015,.403,.913,.058,-.037,-.047,.998);es="Linear";ed="In";};["000-offset.006"]={cf=cfr(0,0,0,-.512,-.112,-.852,-.685,-.545,.483,-.519,.831,.202);es="Linear";ed="In";};["000-offset.003"]={cf=cfr(0,0,0,-.56,-.017,.828,-.615,-.66,-.43,.554,-.751,.359);es="Linear";ed="In";};["000-offset.007"]={cf=cfr(0,0,0,.882,-.47,0,.47,.882,0,0,0,1);es="Linear";ed="In";};["000-offset.004"]={cf=cfr(0,0,0,.934,-.357,0,.357,.934,0,0,0,1);es="Linear";ed="In";};["000-offset.008"]={cf=cfr(0,0,0,.94,-.319,.121,.235,.348,-.907,.247,.882,.403);es="Linear";ed="In";};["000-offset.005"]={cf=cfr(0,0,0,.956,-.246,-.161,.259,.44,.86,-.141,-.863,.485);es="Linear";ed="In";};};{tm=.083;["000-offset"]={cf=cfr(0,0,0,-.821,.571,0,-.571,-.821,0,0,0,1);es="Linear";ed="In";};["000-offset.009"]={cf=cfr(0,0,0,.49,-.658,.572,.871,.337,-.359,.043,.674,.737);es="Linear";ed="In";};["000-offset.012"]={cf=cfr(0,0,0,.456,-.73,-.51,.885,.312,.345,-.093,-.608,.788);es="Linear";ed="In";};["000-offset.001"]={cf=cfr(0,0,0,.931,.364,0,-.364,.931,0,0,0,1);es="Linear";ed="In";};["000-offset.010"]={cf=cfr(0,0,0,.987,.159,0,-.159,.987,0,0,0,1);es="Linear";ed="In";};["000-offset.013"]={cf=cfr(0,0,0,.933,.359,0,-.359,.933,0,0,0,1);es="Linear";ed="In";};["004-offset"]={cf=cfr(0,0,0,.637,.409,.653,.771,-.318,-.552,-.019,.855,-.518);es="Linear";ed="In";};["002-offset"]={cf=cfr(0,0,0,.594,.379,-.709,.804,-.298,.515,-.016,-.876,-.482);es="Linear";ed="In";};["000-offset.002"]={cf=cfr(0,0,0,.463,-.886,0,.886,.463,0,0,0,1);es="Linear";ed="In";};["000-offset.011"]={cf=cfr(0,0,0,.999,-.039,-.022,.039,.999,-.019,.023,.018,1);es="Linear";ed="In";};["000-offset.014"]={cf=cfr(0,0,0,.91,-.415,.015,.414,.909,.058,-.038,-.047,.998);es="Linear";ed="In";};["000-offset.006"]={cf=cfr(0,0,0,-.572,-.114,-.812,-.598,-.619,.508,-.561,.777,.286);es="Linear";ed="In";};["000-offset.003"]={cf=cfr(0,0,0,-.614,-.029,.789,-.52,-.736,-.433,.593,-.676,.437);es="Linear";ed="In";};["000-offset.007"]={cf=cfr(0,0,0,.827,-.563,0,.563,.827,0,0,0,1);es="Linear";ed="In";};["000-offset.004"]={cf=cfr(0,0,0,.871,-.492,0,.492,.871,0,0,0,1);es="Linear";ed="In";};["000-offset.008"]={cf=cfr(0,0,0,.941,-.31,.136,.266,.425,-.865,.21,.85,.482);es="Linear";ed="In";};["000-offset.005"]={cf=cfr(0,0,0,.953,-.25,-.171,.277,.491,.826,-.122,-.835,.537);es="Linear";ed="In";};};{tm=.125;["000-offset"]={cf=cfr(0,0,0,-.805,.593,0,-.593,-.805,0,0,0,1);es="Linear";ed="In";};["000-offset.009"]={cf=cfr(0,0,0,.464,-.683,.564,.883,.307,-.355,.069,.663,.746);es="Linear";ed="In";};["000-offset.012"]={cf=cfr(0,0,0,.429,-.752,-.501,.896,.284,.341,-.114,-.595,.795);es="Linear";ed="In";};["000-offset.001"]={cf=cfr(0,0,0,.944,.33,0,-.33,.944,0,0,0,1);es="Linear";ed="In";};["000-offset.010"]={cf=cfr(0,0,0,.971,.238,0,-.238,.971,0,0,0,1);es="Linear";ed="In";};["000-offset.013"]={cf=cfr(0,0,0,.903,.429,0,-.429,.903,0,0,0,1);es="Linear";ed="In";};["004-offset"]={cf=cfr(0,0,0,.651,.178,.738,.758,-.094,-.646,-.046,.98,-.196);es="Linear";ed="In";};["002-offset"]={cf=cfr(0,0,0,.572,.229,-.788,.817,-.076,.572,.071,-.971,-.23);es="Linear";ed="In";};["000-offset.002"]={cf=cfr(0,0,0,.511,-.859,0,.859,.511,0,0,0,1);es="Linear";ed="In";};["000-offset.011"]={cf=cfr(0,0,0,.993,-.12,-.021,.119,.993,-.018,.023,.016,1);es="Linear";ed="In";};["000-offset.014"]={cf=cfr(0,0,0,.879,-.477,.013,.476,.878,.056,-.038,-.043,.998);es="Linear";ed="In";};["000-offset.006"]={cf=cfr(0,0,0,-.633,-.143,-.761,-.463,-.718,.52,-.621,.681,.389);es="Linear";ed="In";};["000-offset.003"]={cf=cfr(0,0,0,-.664,-.07,.745,-.375,-.83,-.412,.647,-.553,.525);es="Linear";ed="In";};["000-offset.007"]={cf=cfr(0,0,0,.73,-.684,0,.684,.73,0,0,0,1);es="Linear";ed="In";};["000-offset.004"]={cf=cfr(0,0,0,.746,-.666,0,.666,.746,0,0,0,1);es="Linear";ed="In";};["000-offset.008"]={cf=cfr(0,0,0,.938,-.308,.161,.31,.53,-.789,.157,.79,.593);es="Linear";ed="In";};["000-offset.005"]={cf=cfr(0,0,0,.948,-.26,-.186,.305,.561,.77,-.096,-.786,.61);es="Linear";ed="In";};};{tm=.167;["000-offset"]={cf=cfr(0,0,0,-.786,.618,0,-.618,-.786,0,0,0,1);es="Linear";ed="In";};["000-offset.009"]={cf=cfr(0,0,0,.416,-.718,.558,.903,.252,-.349,.111,.649,.753);es="Linear";ed="In";};["000-offset.012"]={cf=cfr(0,0,0,.385,-.778,-.496,.911,.236,.337,-.145,-.582,.8);es="Linear";ed="In";};["000-offset.001"]={cf=cfr(0,0,0,.958,.288,0,-.288,.958,0,0,0,1);es="Linear";ed="In";};["000-offset.010"]={cf=cfr(0,0,0,.922,.386,0,-.386,.922,0,0,0,1);es="Linear";ed="In";};["000-offset.013"]={cf=cfr(0,0,0,.828,.561,0,-.561,.828,0,0,0,1);es="Linear";ed="In";};["004-offset"]={cf=cfr(0,0,0,.664,-.107,.74,.744,.195,-.639,-.076,.975,.209);es="Linear";ed="In";};["002-offset"]={cf=cfr(0,0,0,.539,.02,-.842,.825,.189,.532,.17,-.982,.085);es="Linear";ed="In";};["000-offset.002"]={cf=cfr(0,0,0,.567,-.824,0,.824,.567,0,0,0,1);es="Linear";ed="In";};["000-offset.011"]={cf=cfr(0,0,0,.963,-.269,-.018,.269,.963,-.018,.022,.012,1);es="Linear";ed="In";};["000-offset.014"]={cf=cfr(0,0,0,.804,-.595,.011,.593,.803,.053,-.04,-.036,.999);es="Linear";ed="In";};["000-offset.006"]={cf=cfr(0,0,0,-.663,-.205,-.72,-.296,-.811,.504,-.687,.548,.477);es="Linear";ed="In";};["000-offset.003"]={cf=cfr(0,0,0,-.677,-.14,.723,-.201,-.909,-.365,.708,-.392,.587);es="Linear";ed="In";};["000-offset.007"]={cf=cfr(0,0,0,.593,-.805,0,.805,.593,0,0,0,1);es="Linear";ed="In";};["000-offset.004"]={cf=cfr(0,0,0,.557,-.831,0,.831,.557,0,0,0,1);es="Linear";ed="In";};["000-offset.008"]={cf=cfr(0,0,0,.928,-.32,.192,.361,.642,-.676,.093,.697,.711);es="Linear";ed="In";};["000-offset.005"]={cf=cfr(0,0,0,.939,-.277,-.202,.337,.637,.694,-.064,-.72,.691);es="Linear";ed="In";};};{tm=.208;["000-offset"]={cf=cfr(0,0,0,-.765,.644,0,-.644,-.765,0,0,0,1);es="Linear";ed="In";};["000-offset.009"]={cf=cfr(0,0,0,.354,-.754,.553,.921,.18,-.345,.161,.632,.758);es="Linear";ed="In";};["000-offset.012"]={cf=cfr(0,0,0,.329,-.806,-.492,.926,.174,.334,-.183,-.566,.804);es="Linear";ed="In";};["000-offset.001"]={cf=cfr(0,0,0,.97,.243,0,-.243,.97,0,0,0,1);es="Linear";ed="In";};["000-offset.010"]={cf=cfr(0,0,0,.828,.561,0,-.561,.828,0,0,0,1);es="Linear";ed="In";};["000-offset.013"]={cf=cfr(0,0,0,.705,.71,0,-.71,.705,0,0,0,1);es="Linear";ed="In";};["004-offset"]={cf=cfr(0,0,0,.671,-.38,.637,.734,.464,-.497,-.107,.801,.59);es="Linear";ed="In";};["002-offset"]={cf=cfr(0,0,0,.496,-.226,-.838,.826,.42,.376,.267,-.879,.395);es="Linear";ed="In";};["000-offset.002"]={cf=cfr(0,0,0,.624,-.781,0,.781,.624,0,0,0,1);es="Linear";ed="In";};["000-offset.011"]={cf=cfr(0,0,0,.893,-.449,-.016,.449,.893,-.016,.022,.007,1);es="Linear";ed="In";};["000-offset.014"]={cf=cfr(0,0,0,.686,-.727,.009,.726,.686,.049,-.042,-.027,.999);es="Linear";ed="In";};["000-offset.006"]={cf=cfr(0,0,0,-.646,-.288,-.707,-.128,-.872,.472,-.752,.395,.527);es="Linear";ed="In";};["000-offset.003"]={cf=cfr(0,0,0,-.64,-.219,.736,-.031,-.95,-.31,.767,-.222,.602);es="Linear";ed="In";};["000-offset.007"]={cf=cfr(0,0,0,.431,-.902,0,.902,.431,0,0,0,1);es="Linear";ed="In";};["000-offset.004"]={cf=cfr(0,0,0,.325,-.946,0,.946,.325,0,0,0,1);es="Linear";ed="In";};["000-offset.008"]={cf=cfr(0,0,0,.91,-.352,.22,.414,.739,-.531,.024,.575,.818);es="Linear";ed="In";};["000-offset.005"]={cf=cfr(0,0,0,.928,-.303,-.215,.371,.707,.602,-.03,-.639,.769);es="Linear";ed="In";};};{tm=.25;["000-offset"]={cf=cfr(0,0,0,-.743,.669,0,-.669,-.743,0,0,0,1);es="Linear";ed="In";};["000-offset.009"]={cf=cfr(0,0,0,.286,-.785,.55,.934,.1,-.343,.214,.612,.761);es="Linear";ed="In";};["000-offset.012"]={cf=cfr(0,0,0,.268,-.829,-.49,.937,.107,.333,-.223,-.549,.805);es="Linear";ed="In";};["000-offset.001"]={cf=cfr(0,0,0,.98,.198,0,-.198,.98,0,0,0,1);es="Linear";ed="In";};["000-offset.010"]={cf=cfr(0,0,0,.689,.725,0,-.725,.689,0,0,0,1);es="Linear";ed="In";};["000-offset.013"]={cf=cfr(0,0,0,.542,.841,0,-.841,.542,0,0,0,1);es="Linear";ed="In";};["004-offset"]={cf=cfr(0,0,0,.671,-.585,.456,.729,.631,-.265,-.133,.51,.85);es="Linear";ed="In";};["002-offset"]={cf=cfr(0,0,0,.45,-.468,-.761,.822,.55,.148,.35,-.692,.632);es="Linear";ed="In";};["000-offset.002"]={cf=cfr(0,0,0,.677,-.736,0,.736,.677,0,0,0,1);es="Linear";ed="In";};["000-offset.011"]={cf=cfr(0,0,0,.781,-.624,-.016,.624,.781,-.015,.021,.002,1);es="Linear";ed="In";};["000-offset.014"]={cf=cfr(0,0,0,.535,-.845,.01,.844,.535,.046,-.044,-.016,.999);es="Linear";ed="In";};["000-offset.006"]={cf=cfr(0,0,0,-.588,-.364,-.722,.013,-.897,.442,-.809,.25,.532);es="Linear";ed="In";};["000-offset.003"]={cf=cfr(0,0,0,-.564,-.281,.777,.104,-.957,-.27,.819,-.071,.569);es="Linear";ed="In";};["000-offset.007"]={cf=cfr(0,0,0,.267,-.964,0,.964,.267,0,0,0,1);es="Linear";ed="In";};["000-offset.004"]={cf=cfr(0,0,0,.09,-.996,0,.996,.09,0,0,0,1);es="Linear";ed="In";};["000-offset.008"]={cf=cfr(0,0,0,.885,-.4,.237,.463,.805,-.372,-.042,.439,.898);es="Linear";ed="In";};["000-offset.005"]={cf=cfr(0,0,0,.915,-.334,-.224,.403,.764,.504,.003,-.552,.834);es="Linear";ed="In";};};{tm=.292;["000-offset"]={cf=cfr(0,0,0,-.724,.69,0,-.69,-.724,0,0,0,1);es="Linear";ed="In";};["000-offset.009"]={cf=cfr(0,0,0,.221,-.806,.549,.939,.023,-.344,.264,.592,.762);es="Linear";ed="In";};["000-offset.012"]={cf=cfr(0,0,0,.211,-.846,-.49,.942,.042,.333,-.261,-.532,.805);es="Linear";ed="In";};["000-offset.001"]={cf=cfr(0,0,0,.987,.159,0,-.159,.987,0,0,0,1);es="Linear";ed="In";};["000-offset.010"]={cf=cfr(0,0,0,.527,.85,0,-.85,.527,0,0,0,1);es="Linear";ed="In";};["000-offset.013"]={cf=cfr(0,0,0,.365,.931,0,-.931,.365,0,0,0,1);es="Linear";ed="In";};["004-offset"]={cf=cfr(0,0,0,.66,-.705,.26,.736,.676,-.036,-.15,.215,.965);es="Linear";ed="In";};["002-offset"]={cf=cfr(0,0,0,.405,-.661,-.631,.819,.569,-.07,.406,-.489,.773);es="Linear";ed="In";};["000-offset.002"]={cf=cfr(0,0,0,.72,-.694,0,.694,.72,0,0,0,1);es="Linear";ed="In";};["000-offset.011"]={cf=cfr(0,0,0,.644,-.765,-.016,.765,.644,-.014,.021,-.003,1);es="Linear";ed="In";};["000-offset.014"]={cf=cfr(0,0,0,.373,-.928,.011,.927,.373,.045,-.046,-.007,.999);es="Linear";ed="In";};["000-offset.006"]={cf=cfr(0,0,0,-.51,-.419,-.751,.11,-.898,.426,-.853,.135,.504);es="Linear";ed="In";};["000-offset.003"]={cf=cfr(0,0,0,-.474,-.316,.822,.192,-.948,-.253,.859,.038,.51);es="Linear";ed="In";};["000-offset.007"]={cf=cfr(0,0,0,.128,-.992,0,.992,.128,0,0,0,1);es="Linear";ed="In";};["000-offset.004"]={cf=cfr(0,0,0,-.102,-.995,0,.995,-.102,0,0,0,1);es="Linear";ed="In";};["000-offset.008"]={cf=cfr(0,0,0,.859,-.453,.24,.503,.836,-.221,-.1,.311,.945);es="Linear";ed="In";};["000-offset.005"]={cf=cfr(0,0,0,.902,-.366,-.228,.43,.803,.413,.032,-.47,.882);es="Linear";ed="In";};};{tm=.333;["000-offset"]={cf=cfr(0,0,0,-.709,.705,0,-.705,-.709,0,0,0,1);es="Linear";ed="In";};["000-offset.009"]={cf=cfr(0,0,0,.168,-.818,.551,.938,-.039,-.345,.304,.575,.76);es="Linear";ed="In";};["000-offset.012"]={cf=cfr(0,0,0,.164,-.855,-.492,.943,-.011,.334,-.291,-.518,.804);es="Linear";ed="In";};["000-offset.001"]={cf=cfr(0,0,0,.992,.129,0,-.129,.992,0,0,0,1);es="Linear";ed="In";};["000-offset.010"]={cf=cfr(0,0,0,.379,.925,0,-.925,.379,0,0,0,1);es="Linear";ed="In";};["000-offset.013"]={cf=cfr(0,0,0,.21,.978,0,-.978,.21,0,0,0,1);es="Linear";ed="In";};["004-offset"]={cf=cfr(0,0,0,.564,-.817,.121,.815,.574,.075,-.131,.057,.99);es="Linear";ed="In";};["002-offset"]={cf=cfr(0,0,0,.337,-.826,-.452,.87,.457,-.186,.36,-.331,.872);es="Linear";ed="In";};["000-offset.002"]={cf=cfr(0,0,0,.751,-.66,0,.66,.751,0,0,0,1);es="Linear";ed="In";};["000-offset.011"]={cf=cfr(0,0,0,.513,-.858,-.017,.858,.513,-.014,.021,-.007,1);es="Linear";ed="In";};["000-offset.014"]={cf=cfr(0,0,0,.232,-.973,.012,.972,.232,.046,-.048,.001,.999);es="Linear";ed="In";};["000-offset.006"]={cf=cfr(0,0,0,-.412,-.46,-.787,.179,-.888,.424,-.893,.034,.448);es="Linear";ed="In";};["000-offset.003"]={cf=cfr(0,0,0,-.366,-.333,.869,.249,-.935,-.253,.897,.124,.425);es="Linear";ed="In";};["000-offset.007"]={cf=cfr(0,0,0,.063,-.998,0,.998,.063,0,0,0,1);es="Linear";ed="In";};["000-offset.004"]={cf=cfr(0,0,0,-.176,-.984,0,.984,-.176,0,0,0,1);es="Linear";ed="In";};["000-offset.008"]={cf=cfr(0,0,0,.825,-.518,.227,.542,.838,-.056,-.161,.169,.972);es="Linear";ed="In";};["000-offset.005"]={cf=cfr(0,0,0,.886,-.404,-.226,.459,.832,.311,.063,-.379,.923);es="Linear";ed="In";};};{tm=.375;["RootNode"]={cf=cfr(0,0,0,-1,0,0,0,1,0,0,0,-1);es="Linear";ed="In";};["root"]={cf=cfr(0,2.665,0,0,0,1,0,1,0,-1,0,0);es="Linear";ed="In";};["000-offset"]={cf=cfr(0,0,0,-.701,.713,0,-.713,-.701,0,0,0,1);es="Linear";ed="In";};["004-offset.001"]={cf=cfr(0,0,0,-.015,-1,0,1,-.015,0,0,0,1);es="Linear";ed="In";};["006-offset"]={cf=cfr(0,0,0,-.015,-1,0,1,-.015,0,0,0,1);es="Linear";ed="In";};["000-offset.009"]={cf=cfr(0,0,0,.136,-.822,.552,.935,-.078,-.347,.328,.564,.758);es="Linear";ed="In";};["000-offset.012"]={cf=cfr(0,0,0,.136,-.859,-.493,.941,-.043,.335,-.309,-.51,.803);es="Linear";ed="In";};["000-offset.001"]={cf=cfr(0,0,0,.994,.113,0,-.113,.994,0,0,0,1);es="Linear";ed="In";};["000-offset.010"]={cf=cfr(0,0,0,.284,.959,0,-.959,.284,0,0,0,1);es="Linear";ed="In";};["000-offset.013"]={cf=cfr(0,0,0,.113,.994,0,-.994,.113,0,0,0,1);es="Linear";ed="In";};["004-offset"]={cf=cfr(0,0,0,.453,-.889,.068,.885,.458,.08,-.102,.023,.994);es="Linear";ed="In";};["002-offset"]={cf=cfr(0,0,0,.275,-.904,-.327,.919,.347,-.188,.283,-.249,.926);es="Linear";ed="In";};["000-offset.002"]={cf=cfr(0,0,0,.768,-.641,0,.641,.768,0,0,0,1);es="Linear";ed="In";};["000-offset.011"]={cf=cfr(0,0,0,.427,-.904,-.018,.904,.427,-.014,.021,-.01,1);es="Linear";ed="In";};["000-offset.014"]={cf=cfr(0,0,0,.143,-.99,.013,.989,.143,.047,-.049,.006,.999);es="Linear";ed="In";};["000-offset.006"]={cf=cfr(0,0,0,-.343,-.478,-.809,.207,-.878,.431,-.916,-.019,.4);es="Linear";ed="In";};["000-offset.003"]={cf=cfr(0,0,0,-.293,-.336,.895,.266,-.928,-.261,.918,.162,.361);es="Linear";ed="In";};["000-offset.007"]={cf=cfr(0,0,0,.056,-.998,0,.998,.056,0,0,0,1);es="Linear";ed="In";};["000-offset.004"]={cf=cfr(0,0,0,-.17,-.985,0,.985,-.17,0,0,0,1);es="Linear";ed="In";};["000-offset.008"]={cf=cfr(0,0,0,.799,-.565,.206,.567,.822,.055,-.201,.073,.977);es="Linear";ed="In";};["000-offset.005"]={cf=cfr(0,0,0,.874,-.432,-.222,.478,.845,.24,.084,-.316,.945);es="Linear";ed="In";};};}