local cfr = CFrame.new

return {{tm=0;["RootNode"]={cf=cfr(0,0,0,-1,0,0,0,1,0,0,0,-1);es="Linear";ed="In";};["root"]={cf=cfr(0,2.665,0,0,0,1,0,1,0,-1,0,0);es="Linear";ed="In";};["000-offset"]={cf=cfr(0,0,0,-.705,.709,0,-.709,-.705,0,0,0,1);es="Linear";ed="In";};["004-offset.001"]={cf=cfr(0,0,0,-.015,-1,0,1,-.015,0,0,0,1);es="Linear";ed="In";};["006-offset"]={cf=cfr(0,0,0,-.015,-1,0,1,-.015,0,0,0,1);es="Linear";ed="In";};["000-offset.009"]={cf=cfr(0,0,0,-.204,-.814,.544,.864,-.411,-.29,.46,.412,.787);es="Linear";ed="In";};["000-offset.012"]={cf=cfr(0,0,0,-.307,-.815,-.491,.824,-.486,.29,-.475,-.316,.821);es="Linear";ed="In";};["000-offset.001"]={cf=cfr(0,0,0,.989,.147,0,-.147,.989,0,0,0,1);es="Linear";ed="In";};["000-offset.010"]={cf=cfr(0,0,0,-.458,.889,0,-.889,-.458,0,0,0,1);es="Linear";ed="In";};["000-offset.013"]={cf=cfr(0,0,0,-.483,.876,0,-.876,-.483,0,0,0,1);es="Linear";ed="In";};["004-offset"]={cf=cfr(0,0,0,.002,-.99,-.139,1,.002,.002,-.001,-.139,.99);es="Linear";ed="In";};["002-offset"]={cf=cfr(0,0,0,.001,-.991,.131,1,0,-.008,.007,.131,.991);es="Linear";ed="In";};["000-offset.002"]={cf=cfr(0,0,0,.736,-.677,0,.677,.736,0,0,0,1);es="Linear";ed="In";};["000-offset.011"]={cf=cfr(0,0,0,.118,-.993,-.02,.993,.118,-.018,.02,-.018,1);es="Linear";ed="In";};["000-offset.014"]={cf=cfr(0,0,0,-.018,-1,.013,.998,-.017,.054,-.054,.014,.998);es="Linear";ed="In";};["000-offset.006"]={cf=cfr(0,0,0,-.553,-.143,-.821,-.535,-.694,.482,-.638,.705,.308);es="Linear";ed="In";};["000-offset.003"]={cf=cfr(0,0,0,-.579,-.09,.81,-.391,-.842,-.373,.716,-.533,.452);es="Linear";ed="In";};["000-offset.007"]={cf=cfr(0,0,0,.75,-.661,0,.661,.75,0,0,0,1);es="Linear";ed="In";};["000-offset.004"]={cf=cfr(0,0,0,.67,-.742,0,.742,.67,0,0,0,1);es="Linear";ed="In";};["000-offset.008"]={cf=cfr(0,0,0,.814,-.513,.271,.572,.63,-.526,.099,.583,.806);es="Linear";ed="In";};["000-offset.005"]={cf=cfr(0,0,0,.875,-.351,-.333,.484,.653,.583,.013,-.671,.741);es="Linear";ed="In";};};{tm=.042;["000-offset"]={cf=cfr(0,0,0,-.707,.707,0,-.707,-.707,0,0,0,1);es="Linear";ed="In";};["000-offset.009"]={cf=cfr(0,0,0,-.248,-.807,.536,.846,-.449,-.286,.472,.383,.794);es="Linear";ed="In";};["000-offset.012"]={cf=cfr(0,0,0,-.371,-.789,-.49,.784,-.549,.292,-.499,-.276,.822);es="Linear";ed="In";};["000-offset.001"]={cf=cfr(0,0,0,.987,.16,0,-.16,.987,0,0,0,1);es="Linear";ed="In";};["000-offset.010"]={cf=cfr(0,0,0,-.5,.866,0,-.866,-.5,0,0,0,1);es="Linear";ed="In";};["000-offset.013"]={cf=cfr(0,0,0,-.502,.865,0,-.865,-.502,0,0,0,1);es="Linear";ed="In";};["004-offset"]={cf=cfr(0,0,0,.006,-.992,-.124,1,.005,.002,-.001,-.124,.992);es="Linear";ed="In";};["002-offset"]={cf=cfr(0,0,0,.005,-.993,.117,1,.004,-.007,.007,.117,.993);es="Linear";ed="In";};["000-offset.002"]={cf=cfr(0,0,0,.723,-.691,0,.691,.723,0,0,0,1);es="Linear";ed="In";};["000-offset.011"]={cf=cfr(0,0,0,.12,-.993,-.02,.993,.12,-.017,.02,-.018,1);es="Linear";ed="In";};["000-offset.014"]={cf=cfr(0,0,0,.018,-1,.013,.998,.019,.054,-.054,.012,.998);es="Linear";ed="In";};["000-offset.006"]={cf=cfr(0,0,0,-.508,-.122,-.853,-.655,-.589,.474,-.56,.799,.219);es="Linear";ed="In";};["000-offset.003"]={cf=cfr(0,0,0,-.558,-.043,.829,-.55,-.729,-.407,.622,-.683,.383);es="Linear";ed="In";};["000-offset.007"]={cf=cfr(0,0,0,.851,-.526,0,.526,.851,0,0,0,1);es="Linear";ed="In";};["000-offset.004"]={cf=cfr(0,0,0,.795,-.606,0,.606,.795,0,0,0,1);es="Linear";ed="In";};["000-offset.008"]={cf=cfr(0,0,0,.82,-.493,.291,.54,.499,-.678,.189,.713,.675);es="Linear";ed="In";};["000-offset.005"]={cf=cfr(0,0,0,.883,-.314,-.348,.468,.563,.681,-.017,-.764,.645);es="Linear";ed="In";};};{tm=.083;["000-offset"]={cf=cfr(0,0,0,-.713,.701,0,-.701,-.713,0,0,0,1);es="Linear";ed="In";};["000-offset.009"]={cf=cfr(0,0,0,-.277,-.811,.515,.823,-.477,-.309,.496,.338,.8);es="Linear";ed="In";};["000-offset.012"]={cf=cfr(0,0,0,-.417,-.773,-.478,.737,-.596,.319,-.532,-.219,.818);es="Linear";ed="In";};["000-offset.001"]={cf=cfr(0,0,0,.983,.185,0,-.185,.983,0,0,0,1);es="Linear";ed="In";};["000-offset.010"]={cf=cfr(0,0,0,-.476,.88,0,-.88,-.476,0,0,0,1);es="Linear";ed="In";};["000-offset.013"]={cf=cfr(0,0,0,-.462,.887,0,-.887,-.462,0,0,0,1);es="Linear";ed="In";};["004-offset"]={cf=cfr(0,0,0,.035,-.999,0,.999,.035,0,0,0,1);es="Linear";ed="In";};["002-offset"]={cf=cfr(0,0,0,.035,-.999,0,.999,.035,0,0,0,1);es="Linear";ed="In";};["000-offset.002"]={cf=cfr(0,0,0,.697,-.717,0,.717,.697,0,0,0,1);es="Linear";ed="In";};["000-offset.011"]={cf=cfr(0,0,0,.055,-.998,-.019,.998,.055,-.017,.018,-.018,1);es="Linear";ed="In";};["000-offset.014"]={cf=cfr(0,0,0,.004,-1,.012,.999,.005,.053,-.053,.012,.999);es="Linear";ed="In";};["000-offset.006"]={cf=cfr(0,0,0,-.427,-.129,-.895,-.773,-.462,.435,-.469,.878,.098);es="Linear";ed="In";};["000-offset.003"]={cf=cfr(0,0,0,-.481,-.024,.877,-.714,-.57,-.407,.509,-.822,.257);es="Linear";ed="In";};["000-offset.007"]={cf=cfr(0,0,0,.932,-.362,0,.362,.932,0,0,0,1);es="Linear";ed="In";};["000-offset.004"]={cf=cfr(0,0,0,.905,-.426,0,.426,.905,0,0,0,1);es="Linear";ed="In";};["000-offset.008"]={cf=cfr(0,0,0,.824,-.475,.309,.49,.322,-.81,.286,.819,.498);es="Linear";ed="In";};["000-offset.005"]={cf=cfr(0,0,0,.895,-.274,-.353,.443,.448,.777,-.055,-.851,.522);es="Linear";ed="In";};};{tm=.125;["000-offset"]={cf=cfr(0,0,0,-.722,.692,0,-.692,-.722,0,0,0,1);es="Linear";ed="In";};["000-offset.009"]={cf=cfr(0,0,0,-.244,-.843,.48,.811,-.448,-.376,.532,.297,.793);es="Linear";ed="In";};["000-offset.012"]={cf=cfr(0,0,0,-.384,-.81,-.443,.735,-.559,.383,-.558,-.179,.81);es="Linear";ed="In";};["000-offset.001"]={cf=cfr(0,0,0,.98,.198,0,-.198,.98,0,0,0,1);es="Linear";ed="In";};["000-offset.010"]={cf=cfr(0,0,0,-.333,.943,0,-.943,-.333,0,0,0,1);es="Linear";ed="In";};["000-offset.013"]={cf=cfr(0,0,0,-.333,.943,0,-.943,-.333,0,0,0,1);es="Linear";ed="In";};["004-offset"]={cf=cfr(0,0,0,.089,-.971,.224,.996,.087,-.022,.002,.225,.974);es="Linear";ed="In";};["002-offset"]={cf=cfr(0,0,0,.09,-.974,-.209,.996,.086,.031,-.013,-.211,.977);es="Linear";ed="In";};["000-offset.002"]={cf=cfr(0,0,0,.683,-.73,0,.73,.683,0,0,0,1);es="Linear";ed="In";};["000-offset.011"]={cf=cfr(0,0,0,-.173,-.985,-.018,.985,-.173,-.016,.013,-.02,1);es="Linear";ed="In";};["000-offset.014"]={cf=cfr(0,0,0,-.183,-.983,.011,.982,-.182,.051,-.048,.02,.999);es="Linear";ed="In";};["000-offset.006"]={cf=cfr(0,0,0,-.415,-.132,-.9,-.787,-.445,.428,-.457,.886,.08);es="Linear";ed="In";};["000-offset.003"]={cf=cfr(0,0,0,-.467,-.025,.884,-.734,-.547,-.403,.494,-.837,.237);es="Linear";ed="In";};["000-offset.007"]={cf=cfr(0,0,0,.941,-.339,0,.339,.941,0,0,0,1);es="Linear";ed="In";};["000-offset.004"]={cf=cfr(0,0,0,.924,-.383,0,.383,.924,0,0,0,1);es="Linear";ed="In";};["000-offset.008"]={cf=cfr(0,0,0,.836,-.461,.298,.461,.295,-.837,.298,.837,.459);es="Linear";ed="In";};["000-offset.005"]={cf=cfr(0,0,0,.903,-.265,-.337,.424,.426,.799,-.068,-.865,.497);es="Linear";ed="In";};};{tm=.167;["000-offset"]={cf=cfr(0,0,0,-.733,.681,0,-.681,-.733,0,0,0,1);es="Linear";ed="In";};["000-offset.009"]={cf=cfr(0,0,0,-.199,-.881,.43,.79,-.404,-.461,.579,.248,.776);es="Linear";ed="In";};["000-offset.012"]={cf=cfr(0,0,0,-.337,-.856,-.392,.733,-.5,.461,-.591,-.133,.796);es="Linear";ed="In";};["000-offset.001"]={cf=cfr(0,0,0,.979,.203,0,-.203,.979,0,0,0,1);es="Linear";ed="In";};["000-offset.010"]={cf=cfr(0,0,0,-.171,.985,0,-.985,-.171,0,0,0,1);es="Linear";ed="In";};["000-offset.013"]={cf=cfr(0,0,0,-.189,.982,0,-.982,-.189,0,0,0,1);es="Linear";ed="In";};["004-offset"]={cf=cfr(0,0,0,.145,-.885,.442,.989,.128,-.068,.004,.447,.895);es="Linear";ed="In";};["002-offset"]={cf=cfr(0,0,0,.147,-.898,-.414,.989,.123,.085,-.026,-.422,.906);es="Linear";ed="In";};["000-offset.002"]={cf=cfr(0,0,0,.677,-.736,0,.736,.677,0,0,0,1);es="Linear";ed="In";};["000-offset.011"]={cf=cfr(0,0,0,-.434,-.901,-.018,.901,-.434,-.016,.007,-.023,1);es="Linear";ed="In";};["000-offset.014"]={cf=cfr(0,0,0,-.409,-.912,.012,.912,-.408,.051,-.041,.031,.999);es="Linear";ed="In";};["000-offset.006"]={cf=cfr(0,0,0,-.407,-.134,-.904,-.795,-.435,.423,-.45,.89,.07);es="Linear";ed="In";};["000-offset.003"]={cf=cfr(0,0,0,-.458,-.026,.888,-.745,-.534,-.4,.485,-.845,.225);es="Linear";ed="In";};["000-offset.007"]={cf=cfr(0,0,0,.945,-.326,0,.326,.945,0,0,0,1);es="Linear";ed="In";};["000-offset.004"]={cf=cfr(0,0,0,.937,-.349,0,.349,.937,0,0,0,1);es="Linear";ed="In";};["000-offset.008"]={cf=cfr(0,0,0,.848,-.448,.284,.433,.277,-.858,.305,.85,.429);es="Linear";ed="In";};["000-offset.005"]={cf=cfr(0,0,0,.911,-.259,-.321,.404,.411,.817,-.08,-.874,.479);es="Linear";ed="In";};};{tm=.208;["000-offset"]={cf=cfr(0,0,0,-.745,.667,0,-.667,-.745,0,0,0,1);es="Linear";ed="In";};["000-offset.009"]={cf=cfr(0,0,0,-.149,-.917,.371,.77,-.343,-.538,.62,.206,.757);es="Linear";ed="In";};["000-offset.012"]={cf=cfr(0,0,0,-.28,-.902,-.33,.735,-.422,.53,-.617,-.095,.781);es="Linear";ed="In";};["000-offset.001"]={cf=cfr(0,0,0,.976,.217,0,-.217,.976,0,0,0,1);es="Linear";ed="In";};["000-offset.010"]={cf=cfr(0,0,0,.005,1,0,-1,.005,0,0,0,1);es="Linear";ed="In";};["000-offset.013"]={cf=cfr(0,0,0,-.034,.999,0,-.999,-.034,0,0,0,1);es="Linear";ed="In";};["004-offset"]={cf=cfr(0,0,0,.203,-.744,.636,.979,.15,-.136,.006,.651,.759);es="Linear";ed="In";};["002-offset"]={cf=cfr(0,0,0,.206,-.774,-.598,.978,.138,.157,-.039,-.618,.786);es="Linear";ed="In";};["000-offset.002"]={cf=cfr(0,0,0,.661,-.75,0,.75,.661,0,0,0,1);es="Linear";ed="In";};["000-offset.011"]={cf=cfr(0,0,0,-.532,-.846,-.018,.847,-.532,-.016,.004,-.023,1);es="Linear";ed="In";};["000-offset.014"]={cf=cfr(0,0,0,-.495,-.869,.012,.868,-.494,.05,-.038,.035,.999);es="Linear";ed="In";};["000-offset.006"]={cf=cfr(0,0,0,-.404,-.135,-.905,-.798,-.431,.421,-.447,.892,.066);es="Linear";ed="In";};["000-offset.003"]={cf=cfr(0,0,0,-.455,-.027,.89,-.749,-.528,-.399,.481,-.849,.22);es="Linear";ed="In";};["000-offset.007"]={cf=cfr(0,0,0,.947,-.321,0,.321,.947,0,0,0,1);es="Linear";ed="In";};["000-offset.004"]={cf=cfr(0,0,0,.947,-.322,0,.322,.947,0,0,0,1);es="Linear";ed="In";};["000-offset.008"]={cf=cfr(0,0,0,.86,-.435,.267,.406,.267,-.874,.308,.86,.406);es="Linear";ed="In";};["000-offset.005"]={cf=cfr(0,0,0,.918,-.255,-.302,.385,.4,.832,-.091,-.88,.466);es="Linear";ed="In";};};{tm=.25;["000-offset"]={cf=cfr(0,0,0,-.759,.651,0,-.651,-.759,0,0,0,1);es="Linear";ed="In";};["000-offset.009"]={cf=cfr(0,0,0,-.095,-.944,.315,.762,-.273,-.588,.641,.184,.745);es="Linear";ed="In";};["000-offset.012"]={cf=cfr(0,0,0,-.217,-.939,-.268,.748,-.337,.572,-.627,-.076,.775);es="Linear";ed="In";};["000-offset.001"]={cf=cfr(0,0,0,.971,.237,0,-.237,.971,0,0,0,1);es="Linear";ed="In";};["000-offset.010"]={cf=cfr(0,0,0,.187,.982,0,-.982,.187,0,0,0,1);es="Linear";ed="In";};["000-offset.013"]={cf=cfr(0,0,0,.127,.992,0,-.992,.127,0,0,0,1);es="Linear";ed="In";};["004-offset"]={cf=cfr(0,0,0,.261,-.555,.79,.965,.144,-.218,.008,.819,.574);es="Linear";ed="In";};["002-offset"]={cf=cfr(0,0,0,.265,-.608,-.748,.963,.124,.24,-.053,-.784,.618);es="Linear";ed="In";};["000-offset.002"]={cf=cfr(0,0,0,.636,-.772,0,.772,.636,0,0,0,1);es="Linear";ed="In";};["000-offset.011"]={cf=cfr(0,0,0,-.379,-.925,-.016,.925,-.379,-.015,.008,-.02,1);es="Linear";ed="In";};["000-offset.014"]={cf=cfr(0,0,0,-.349,-.937,.01,.936,-.348,.048,-.041,.026,.999);es="Linear";ed="In";};["000-offset.006"]={cf=cfr(0,0,0,-.404,-.135,-.905,-.798,-.432,.421,-.447,.892,.067);es="Linear";ed="In";};["000-offset.003"]={cf=cfr(0,0,0,-.455,-.027,.89,-.749,-.529,-.399,.482,-.848,.221);es="Linear";ed="In";};["000-offset.007"]={cf=cfr(0,0,0,.947,-.322,0,.322,.947,0,0,0,1);es="Linear";ed="In";};["000-offset.004"]={cf=cfr(0,0,0,.954,-.301,0,.301,.954,0,0,0,1);es="Linear";ed="In";};["000-offset.008"]={cf=cfr(0,0,0,.872,-.421,.249,.38,.263,-.887,.308,.868,.389);es="Linear";ed="In";};["000-offset.005"]={cf=cfr(0,0,0,.925,-.252,-.283,.366,.394,.843,-.101,-.884,.457);es="Linear";ed="In";};};{tm=.292;["000-offset"]={cf=cfr(0,0,0,-.774,.634,0,-.634,-.774,0,0,0,1);es="Linear";ed="In";};["000-offset.009"]={cf=cfr(0,0,0,-.037,-.96,.279,.777,-.203,-.596,.628,.195,.753);es="Linear";ed="In";};["000-offset.012"]={cf=cfr(0,0,0,-.151,-.962,-.226,.778,-.256,.573,-.609,-.089,.788);es="Linear";ed="In";};["000-offset.001"]={cf=cfr(0,0,0,.965,.263,0,-.263,.965,0,0,0,1);es="Linear";ed="In";};["000-offset.010"]={cf=cfr(0,0,0,.368,.93,0,-.93,.368,0,0,0,1);es="Linear";ed="In";};["000-offset.013"]={cf=cfr(0,0,0,.289,.957,0,-.957,.289,0,0,0,1);es="Linear";ed="In";};["004-offset"]={cf=cfr(0,0,0,.32,-.332,.888,.947,.102,-.303,.01,.938,.347);es="Linear";ed="In";};["002-offset"]={cf=cfr(0,0,0,.324,-.411,-.852,.944,.077,.322,-.067,-.909,.412);es="Linear";ed="In";};["000-offset.002"]={cf=cfr(0,0,0,.603,-.798,0,.798,.603,0,0,0,1);es="Linear";ed="In";};["000-offset.011"]={cf=cfr(0,0,0,-.054,-.998,-.014,.998,-.053,-.016,.015,-.015,1);es="Linear";ed="In";};["000-offset.014"]={cf=cfr(0,0,0,-.055,-.998,.008,.997,-.054,.048,-.047,.011,.999);es="Linear";ed="In";};["000-offset.006"]={cf=cfr(0,0,0,-.408,-.134,-.903,-.795,-.436,.423,-.45,.89,.071);es="Linear";ed="In";};["000-offset.003"]={cf=cfr(0,0,0,-.459,-.026,.888,-.744,-.535,-.4,.485,-.845,.226);es="Linear";ed="In";};["000-offset.007"]={cf=cfr(0,0,0,.945,-.327,0,.327,.945,0,0,0,1);es="Linear";ed="In";};["000-offset.004"]={cf=cfr(0,0,0,.959,-.284,0,.284,.959,0,0,0,1);es="Linear";ed="In";};["000-offset.008"]={cf=cfr(0,0,0,.884,-.407,.228,.353,.263,-.898,.305,.875,.376);es="Linear";ed="In";};["000-offset.005"]={cf=cfr(0,0,0,.932,-.251,-.263,.346,.391,.853,-.111,-.885,.451);es="Linear";ed="In";};};{tm=.333;["000-offset"]={cf=cfr(0,0,0,-.788,.615,0,-.615,-.788,0,0,0,1);es="Linear";ed="In";};["000-offset.009"]={cf=cfr(0,0,0,.035,-.959,.28,.821,-.132,-.556,.57,.249,.783);es="Linear";ed="In";};["000-offset.012"]={cf=cfr(0,0,0,-.07,-.973,-.22,.829,-.179,.53,-.555,-.145,.819);es="Linear";ed="In";};["000-offset.001"]={cf=cfr(0,0,0,.956,.293,0,-.293,.956,0,0,0,1);es="Linear";ed="In";};["000-offset.010"]={cf=cfr(0,0,0,.539,.842,0,-.842,.539,0,0,0,1);es="Linear";ed="In";};["000-offset.013"]={cf=cfr(0,0,0,.444,.896,0,-.896,.444,0,0,0,1);es="Linear";ed="In";};["004-offset"]={cf=cfr(0,0,0,.378,-.092,.921,.926,.025,-.377,.012,.995,.094);es="Linear";ed="In";};["002-offset"]={cf=cfr(0,0,0,.383,-.198,-.902,.92,-.004,.391,-.081,-.98,.18);es="Linear";ed="In";};["000-offset.002"]={cf=cfr(0,0,0,.565,-.825,0,.825,.565,0,0,0,1);es="Linear";ed="In";};["000-offset.011"]={cf=cfr(0,0,0,.281,-.96,-.015,.959,.281,-.017,.021,-.009,1);es="Linear";ed="In";};["000-offset.014"]={cf=cfr(0,0,0,.23,-.973,.008,.972,.23,.05,-.051,-.004,.999);es="Linear";ed="In";};["000-offset.006"]={cf=cfr(0,0,0,-.412,-.133,-.901,-.79,-.442,.426,-.454,.887,.077);es="Linear";ed="In";};["000-offset.003"]={cf=cfr(0,0,0,-.464,-.025,.885,-.737,-.543,-.402,.491,-.839,.233);es="Linear";ed="In";};["000-offset.007"]={cf=cfr(0,0,0,.942,-.335,0,.335,.942,0,0,0,1);es="Linear";ed="In";};["000-offset.004"]={cf=cfr(0,0,0,.963,-.27,0,.27,.963,0,0,0,1);es="Linear";ed="In";};["000-offset.008"]={cf=cfr(0,0,0,.896,-.392,.207,.326,.265,-.907,.301,.881,.366);es="Linear";ed="In";};["000-offset.005"]={cf=cfr(0,0,0,.938,-.249,-.242,.326,.391,.861,-.12,-.886,.447);es="Linear";ed="In";};};{tm=.375;["000-offset"]={cf=cfr(0,0,0,-.802,.597,0,-.597,-.802,0,0,0,1);es="Linear";ed="In";};["000-offset.009"]={cf=cfr(0,0,0,.129,-.939,.32,.872,-.046,-.486,.471,.342,.813);es="Linear";ed="In";};["000-offset.012"]={cf=cfr(0,0,0,.036,-.967,-.254,.884,-.087,.459,-.466,-.241,.851);es="Linear";ed="In";};["000-offset.001"]={cf=cfr(0,0,0,.946,.323,0,-.323,.946,0,0,0,1);es="Linear";ed="In";};["000-offset.010"]={cf=cfr(0,0,0,.691,.723,0,-.723,.691,0,0,0,1);es="Linear";ed="In";};["000-offset.013"]={cf=cfr(0,0,0,.589,.808,0,-.808,.589,0,0,0,1);es="Linear";ed="In";};["004-offset"]={cf=cfr(0,0,0,.435,.143,.889,.901,-.084,-.427,.014,.986,-.165);es="Linear";ed="In";};["002-offset"]={cf=cfr(0,0,0,.44,.015,-.898,.893,-.114,.436,-.096,-.993,-.063);es="Linear";ed="In";};["000-offset.002"]={cf=cfr(0,0,0,.523,-.852,0,.852,.523,0,0,0,1);es="Linear";ed="In";};["000-offset.011"]={cf=cfr(0,0,0,.543,-.84,-.015,.839,.543,-.017,.023,-.003,1);es="Linear";ed="In";};["000-offset.014"]={cf=cfr(0,0,0,.437,-.9,.008,.898,.437,.051,-.049,-.014,.999);es="Linear";ed="In";};["000-offset.006"]={cf=cfr(0,0,0,-.417,-.131,-.899,-.784,-.448,.429,-.46,.884,.084);es="Linear";ed="In";};["000-offset.003"]={cf=cfr(0,0,0,-.47,-.025,.882,-.729,-.552,-.404,.497,-.833,.241);es="Linear";ed="In";};["000-offset.007"]={cf=cfr(0,0,0,.939,-.344,0,.344,.939,0,0,0,1);es="Linear";ed="In";};["000-offset.004"]={cf=cfr(0,0,0,.966,-.258,0,.258,.966,0,0,0,1);es="Linear";ed="In";};["000-offset.008"]={cf=cfr(0,0,0,.907,-.378,.185,.299,.269,-.916,.296,.886,.357);es="Linear";ed="In";};["000-offset.005"]={cf=cfr(0,0,0,.943,-.248,-.222,.307,.391,.868,-.128,-.887,.444);es="Linear";ed="In";};};{tm=.417;["000-offset"]={cf=cfr(0,0,0,-.816,.578,0,-.578,-.816,0,0,0,1);es="Linear";ed="In";};["000-offset.009"]={cf=cfr(0,0,0,.241,-.888,.393,.908,.063,-.414,.343,.456,.821);es="Linear";ed="In";};["000-offset.012"]={cf=cfr(0,0,0,.164,-.932,-.325,.921,.027,.389,-.353,-.363,.862);es="Linear";ed="In";};["000-offset.001"]={cf=cfr(0,0,0,.935,.354,0,-.354,.935,0,0,0,1);es="Linear";ed="In";};["000-offset.010"]={cf=cfr(0,0,0,.816,.577,0,-.577,.816,0,0,0,1);es="Linear";ed="In";};["000-offset.013"]={cf=cfr(0,0,0,.716,.698,0,-.698,.716,0,0,0,1);es="Linear";ed="In";};["004-offset"]={cf=cfr(0,0,0,.49,.353,.797,.872,-.215,-.44,.016,.91,-.414);es="Linear";ed="In";};["002-offset"]={cf=cfr(0,0,0,.495,.211,-.843,.862,-.242,.445,-.11,-.947,-.302);es="Linear";ed="In";};["000-offset.002"]={cf=cfr(0,0,0,.48,-.877,0,.877,.48,0,0,0,1);es="Linear";ed="In";};["000-offset.011"]={cf=cfr(0,0,0,.762,-.648,-.016,.648,.762,-.017,.023,.003,1);es="Linear";ed="In";};["000-offset.014"]={cf=cfr(0,0,0,.614,-.789,.009,.788,.614,.051,-.046,-.024,.999);es="Linear";ed="In";};["000-offset.006"]={cf=cfr(0,0,0,-.422,-.13,-.897,-.779,-.455,.432,-.464,.881,.091);es="Linear";ed="In";};["000-offset.003"]={cf=cfr(0,0,0,-.475,-.024,.879,-.722,-.561,-.406,.503,-.828,.249);es="Linear";ed="In";};["000-offset.007"]={cf=cfr(0,0,0,.936,-.353,0,.353,.936,0,0,0,1);es="Linear";ed="In";};["000-offset.004"]={cf=cfr(0,0,0,.97,-.244,0,.244,.97,0,0,0,1);es="Linear";ed="In";};["000-offset.008"]={cf=cfr(0,0,0,.917,-.363,.163,.271,.271,-.924,.292,.891,.347);es="Linear";ed="In";};["000-offset.005"]={cf=cfr(0,0,0,.948,-.247,-.201,.287,.39,.875,-.137,-.887,.441);es="Linear";ed="In";};};{tm=.458;["000-offset"]={cf=cfr(0,0,0,-.828,.561,0,-.561,-.828,0,0,0,1);es="Linear";ed="In";};["000-offset.009"]={cf=cfr(0,0,0,.357,-.8,.482,.912,.187,-.366,.202,.571,.796);es="Linear";ed="In";};["000-offset.012"]={cf=cfr(0,0,0,.3,-.858,-.416,.926,.157,.345,-.231,-.488,.842);es="Linear";ed="In";};["000-offset.001"]={cf=cfr(0,0,0,.924,.382,0,-.382,.924,0,0,0,1);es="Linear";ed="In";};["000-offset.010"]={cf=cfr(0,0,0,.911,.413,0,-.413,.911,0,0,0,1);es="Linear";ed="In";};["000-offset.013"]={cf=cfr(0,0,0,.822,.57,0,-.57,.822,0,0,0,1);es="Linear";ed="In";};["004-offset"]={cf=cfr(0,0,0,.542,.523,.657,.84,-.355,-.411,.018,.775,-.632);es="Linear";ed="In";};["002-offset"]={cf=cfr(0,0,0,.547,.379,-.747,.828,-.377,.415,-.124,-.845,-.519);es="Linear";ed="In";};["000-offset.002"]={cf=cfr(0,0,0,.438,-.899,0,.899,.438,0,0,0,1);es="Linear";ed="In";};["000-offset.011"]={cf=cfr(0,0,0,.916,-.401,-.017,.4,.916,-.018,.023,.009,1);es="Linear";ed="In";};["000-offset.014"]={cf=cfr(0,0,0,.762,-.648,.01,.646,.761,.053,-.042,-.034,.999);es="Linear";ed="In";};["000-offset.006"]={cf=cfr(0,0,0,-.426,-.129,-.896,-.775,-.46,.434,-.468,.879,.096);es="Linear";ed="In";};["000-offset.003"]={cf=cfr(0,0,0,-.479,-.024,.877,-.716,-.567,-.407,.507,-.823,.255);es="Linear";ed="In";};["000-offset.007"]={cf=cfr(0,0,0,.933,-.359,0,.359,.933,0,0,0,1);es="Linear";ed="In";};["000-offset.004"]={cf=cfr(0,0,0,.974,-.228,0,.228,.974,0,0,0,1);es="Linear";ed="In";};["000-offset.008"]={cf=cfr(0,0,0,.926,-.35,.14,.243,.27,-.932,.288,.897,.335);es="Linear";ed="In";};["000-offset.005"]={cf=cfr(0,0,0,.953,-.246,-.18,.267,.389,.882,-.147,-.888,.436);es="Linear";ed="In";};};{tm=.5;["RootNode"]={cf=cfr(0,0,0,-1,0,0,0,1,0,0,0,-1);es="Linear";ed="In";};["root"]={cf=cfr(0,2.665,0,0,0,1,0,1,0,-1,0,0);es="Linear";ed="In";};["000-offset"]={cf=cfr(0,0,0,-.838,.545,0,-.545,-.838,0,0,0,1);es="Linear";ed="In";};["004-offset.001"]={cf=cfr(0,0,0,-.015,-1,0,1,-.015,0,0,0,1);es="Linear";ed="In";};["006-offset"]={cf=cfr(0,0,0,-.015,-1,0,1,-.015,0,0,0,1);es="Linear";ed="In";};["000-offset.009"]={cf=cfr(0,0,0,.464,-.683,.564,.883,.307,-.355,.069,.663,.746);es="Linear";ed="In";};["000-offset.012"]={cf=cfr(0,0,0,.429,-.752,-.501,.896,.284,.341,-.114,-.595,.795);es="Linear";ed="In";};["000-offset.001"]={cf=cfr(0,0,0,.913,.407,0,-.407,.913,0,0,0,1);es="Linear";ed="In";};["000-offset.010"]={cf=cfr(0,0,0,.971,.238,0,-.238,.971,0,0,0,1);es="Linear";ed="In";};["000-offset.013"]={cf=cfr(0,0,0,.903,.429,0,-.429,.903,0,0,0,1);es="Linear";ed="In";};["004-offset"]={cf=cfr(0,0,0,.592,.643,.486,.806,-.487,-.337,.02,.591,-.806);es="Linear";ed="In";};["002-offset"]={cf=cfr(0,0,0,.596,.509,-.621,.791,-.505,.345,-.138,-.697,-.703);es="Linear";ed="In";};["000-offset.002"]={cf=cfr(0,0,0,.401,-.916,0,.916,.401,0,0,0,1);es="Linear";ed="In";};["000-offset.011"]={cf=cfr(0,0,0,.993,-.12,-.021,.119,.993,-.018,.023,.016,1);es="Linear";ed="In";};["000-offset.014"]={cf=cfr(0,0,0,.879,-.477,.013,.476,.878,.056,-.038,-.043,.998);es="Linear";ed="In";};["000-offset.006"]={cf=cfr(0,0,0,-.427,-.129,-.895,-.773,-.462,.435,-.469,.878,.098);es="Linear";ed="In";};["000-offset.003"]={cf=cfr(0,0,0,-.481,-.024,.877,-.714,-.57,-.407,.509,-.822,.257);es="Linear";ed="In";};["000-offset.007"]={cf=cfr(0,0,0,.932,-.362,0,.362,.932,0,0,0,1);es="Linear";ed="In";};["000-offset.004"]={cf=cfr(0,0,0,.978,-.208,0,.208,.978,0,0,0,1);es="Linear";ed="In";};["000-offset.008"]={cf=cfr(0,0,0,.934,-.338,.118,.214,.264,-.941,.287,.903,.319);es="Linear";ed="In";};["000-offset.005"]={cf=cfr(0,0,0,.956,-.245,-.159,.247,.384,.89,-.156,-.89,.428);es="Linear";ed="In";};};}