local cfr = CFrame.new

return {{tm=0;["LeftUpperArm"]={cf=cfr(0,0,0,1,0,0,0,.966,-.259,0,.259,.966);es="Sine";ed="InOut";};["Head"]={cf=cfr(0,0,0,1,0,0,0,.985,.174,0,-.174,.985);es="Sine";ed="InOut";};["RightUpperArm"]={cf=cfr(0,0,0,1,0,0,0,.966,-.259,0,.259,.966);es="Sine";ed="InOut";};["LeftUpperLeg"]={cf=cfr(0,0,0,1,0,0,0,1,0,0,0,1);es="Sine";ed="In";};["RightUpperLeg"]={cf=cfr(0,0,0,1,0,0,0,.866,-.5,0,.5,.866);es="Sine";ed="In";};["UpperTorso"]={cf=cfr(0,0,0,.996,.087,-.008,-.086,.992,.087,.015,-.086,.996);es="Sine";ed="InOut";};["LeftFoot"]={cf=cfr(0,0,0,1,0,0,0,1,0,0,0,1);es="Sine";ed="Out";};["LeftLowerLeg"]={cf=cfr(0,0,0,1,0,0,0,.643,.766,0,-.766,.643);es="Sine";ed="In";};["RightHand"]={cf=cfr(0,0,0,1,0,0,0,1,0,0,0,1);es="Sine";ed="InOut";};["RightFoot"]={cf=cfr(0,0,0,1,0,0,0,1,0,0,0,1);es="Sine";ed="Out";};["RightLowerLeg"]={cf=cfr(0,0,0,1,0,0,0,.766,.643,0,-.643,.766);es="Sine";ed="In";};["LeftLowerArm"]={cf=cfr(0,0,0,1,0,0,0,.812,-.584,0,.584,.812);es="Sine";ed="InOut";};["LowerTorso"]={cf=cfr(0,0,0,1,0,0,0,1,0,0,0,1);es="Sine";ed="InOut";};["LeftHand"]={cf=cfr(0,0,0,1,0,0,0,1,0,0,0,1);es="Sine";ed="InOut";};["RightLowerArm"]={cf=cfr(0,0,0,1,0,0,0,.631,-.776,0,.776,.631);es="Sine";ed="InOut";};};{tm=.017;["RightUpperArm"]={cf=cfr(0,0,0,1,0,0,0,.966,-.259,0,.259,.966);es="Linear";ed="In";};["Head"]={cf=cfr(0,0,0,1,0,0,0,.985,.174,0,-.174,.985);es="Linear";ed="In";};["LeftUpperArm"]={cf=cfr(0,0,0,1,0,0,0,.966,-.259,0,.259,.966);es="Linear";ed="In";};["UpperTorso"]={cf=cfr(0,0,0,.996,.087,-.008,-.086,.992,.088,.015,-.087,.996);es="Linear";ed="In";};["RightUpperLeg"]={cf=cfr(0,0,0,1,0,0,0,.866,-.5,0,.5,.866);es="Linear";ed="In";};["LeftUpperLeg"]={cf=cfr(0,0,0,1,0,0,0,1,0,0,0,1);es="Linear";ed="In";};["LeftFoot"]={cf=cfr(0,0,0,1,0,0,0,1,0,0,0,1);es="Linear";ed="In";};["LeftLowerLeg"]={cf=cfr(0,0,0,1,0,0,0,.643,.766,0,-.766,.643);es="Linear";ed="In";};["RightHand"]={cf=cfr(0,0,0,1,0,0,0,1,0,0,0,1);es="Linear";ed="In";};["RightFoot"]={cf=cfr(0,0,0,1,0,0,0,1,0,0,0,1);es="Linear";ed="In";};["RightLowerLeg"]={cf=cfr(0,0,0,1,0,0,0,.766,.643,0,-.643,.766);es="Linear";ed="In";};["LeftLowerArm"]={cf=cfr(0,0,0,1,0,0,0,.812,-.584,0,.584,.812);es="Linear";ed="In";};["LowerTorso"]={cf=cfr(0,0,0,1,0,0,0,1,0,0,0,1);es="Linear";ed="In";};["LeftHand"]={cf=cfr(0,0,0,1,0,0,0,1,0,0,0,1);es="Linear";ed="In";};["RightLowerArm"]={cf=cfr(0,0,0,1,0,0,0,.631,-.776,0,.776,.631);es="Linear";ed="In";};};{tm=.033;["RightUpperArm"]={cf=cfr(0,0,0,1,0,0,0,.966,-.259,0,.259,.966);es="Linear";ed="In";};["Head"]={cf=cfr(0,0,0,1,0,0,0,.985,.173,0,-.173,.985);es="Linear";ed="In";};["LeftUpperArm"]={cf=cfr(0,0,0,1,0,0,0,.966,-.259,0,.259,.966);es="Linear";ed="In";};["UpperTorso"]={cf=cfr(0,0,0,.996,.087,-.008,-.086,.992,.088,.015,-.087,.996);es="Linear";ed="In";};["RightUpperLeg"]={cf=cfr(0,0,0,1,0,0,0,.866,-.5,0,.5,.866);es="Linear";ed="In";};["LeftUpperLeg"]={cf=cfr(0,0,0,1,0,0,0,1,-.001,0,.001,1);es="Linear";ed="In";};["LeftFoot"]={cf=cfr(0,0,0,1,0,0,0,1,0,0,0,1);es="Linear";ed="In";};["LeftLowerLeg"]={cf=cfr(0,0,0,1,0,0,0,.642,.766,0,-.766,.642);es="Linear";ed="In";};["RightHand"]={cf=cfr(0,0,0,1,0,0,0,1,0,0,0,1);es="Linear";ed="In";};["RightFoot"]={cf=cfr(0,0,0,1,0,0,0,1,0,0,0,1);es="Linear";ed="In";};["RightLowerLeg"]={cf=cfr(0,0,0,1,0,0,0,.766,.643,0,-.643,.766);es="Linear";ed="In";};["LeftLowerArm"]={cf=cfr(0,0,0,1,0,0,0,.812,-.584,0,.584,.812);es="Linear";ed="In";};["LowerTorso"]={cf=cfr(0,0,0,1,0,0,0,1,0,0,0,1);es="Linear";ed="In";};["LeftHand"]={cf=cfr(0,0,0,1,0,0,0,1,0,0,0,1);es="Linear";ed="In";};["RightLowerArm"]={cf=cfr(0,0,0,1,0,0,0,.631,-.776,0,.776,.631);es="Linear";ed="In";};};{tm=.05;["RightUpperArm"]={cf=cfr(0,0,0,1,-.001,0,.001,.966,-.259,0,.259,.966);es="Linear";ed="In";};["Head"]={cf=cfr(0,0,0,1,0,0,0,.985,.173,0,-.173,.985);es="Linear";ed="In";};["LeftUpperArm"]={cf=cfr(0,0,0,1,.001,0,-.001,.966,-.259,0,.259,.966);es="Linear";ed="In";};["UpperTorso"]={cf=cfr(0,0,0,.996,.087,-.008,-.086,.992,.089,.015,-.088,.996);es="Linear";ed="In";};["RightUpperLeg"]={cf=cfr(0,0,0,1,0,0,0,.867,-.499,0,.499,.867);es="Linear";ed="In";};["LeftUpperLeg"]={cf=cfr(0,.001,0,1,0,0,0,1,-.002,0,.002,1);es="Linear";ed="In";};["LeftFoot"]={cf=cfr(0,0,0,1,0,0,0,1,0,0,0,1);es="Linear";ed="In";};["LeftLowerLeg"]={cf=cfr(0,0,0,1,0,0,0,.642,.767,0,-.767,.642);es="Linear";ed="In";};["RightHand"]={cf=cfr(0,0,0,1,0,0,0,1,0,0,0,1);es="Linear";ed="In";};["RightFoot"]={cf=cfr(0,0,0,1,0,0,0,1,0,0,0,1);es="Linear";ed="In";};["RightLowerLeg"]={cf=cfr(0,0,0,1,0,0,0,.766,.642,0,-.642,.766);es="Linear";ed="In";};["LeftLowerArm"]={cf=cfr(0,0,0,1,0,0,0,.812,-.584,0,.584,.812);es="Linear";ed="In";};["LowerTorso"]={cf=cfr(0,-.001,0,1,0,0,0,1,0,0,0,1);es="Linear";ed="In";};["LeftHand"]={cf=cfr(0,0,0,1,0,0,0,1,0,0,0,1);es="Linear";ed="In";};["RightLowerArm"]={cf=cfr(0,0,0,1,0,0,0,.631,-.776,0,.776,.631);es="Linear";ed="In";};};{tm=.067;["RightUpperArm"]={cf=cfr(0,0,0,1,-.001,0,.001,.966,-.259,0,.259,.966);es="Linear";ed="In";};["Head"]={cf=cfr(0,0,0,1,0,0,0,.985,.172,0,-.172,.985);es="Linear";ed="In";};["LeftUpperArm"]={cf=cfr(0,0,0,1,.001,0,-.001,.966,-.259,0,.259,.966);es="Linear";ed="In";};["UpperTorso"]={cf=cfr(0,0,0,.996,.086,-.007,-.085,.992,.089,.015,-.088,.996);es="Linear";ed="In";};["RightUpperLeg"]={cf=cfr(0,0,0,1,0,0,0,.867,-.498,0,.498,.867);es="Linear";ed="In";};["LeftUpperLeg"]={cf=cfr(0,.001,0,1,0,0,0,1,-.003,0,.003,1);es="Linear";ed="In";};["LeftFoot"]={cf=cfr(0,0,0,1,0,0,0,1,0,0,0,1);es="Linear";ed="In";};["LeftLowerLeg"]={cf=cfr(0,0,-.001,1,0,0,0,.641,.768,0,-.768,.641);es="Linear";ed="In";};["RightHand"]={cf=cfr(0,0,0,1,0,0,0,1,0,0,0,1);es="Linear";ed="In";};["RightFoot"]={cf=cfr(0,0,0,1,0,0,0,1,0,0,0,1);es="Linear";ed="In";};["RightLowerLeg"]={cf=cfr(0,0,0,1,0,0,0,.766,.642,0,-.642,.766);es="Linear";ed="In";};["LeftLowerArm"]={cf=cfr(0,0,0,1,0,0,0,.811,-.585,0,.585,.811);es="Linear";ed="In";};["LowerTorso"]={cf=cfr(0,-.001,0,1,0,0,0,1,0,0,0,1);es="Linear";ed="In";};["LeftHand"]={cf=cfr(0,0,0,1,0,0,0,1,0,0,0,1);es="Linear";ed="In";};["RightLowerArm"]={cf=cfr(0,0,0,1,0,0,0,.631,-.775,0,.775,.631);es="Linear";ed="In";};};{tm=.083;["RightUpperArm"]={cf=cfr(0,0,0,1,-.001,0,.001,.966,-.259,0,.259,.966);es="Linear";ed="In";};["Head"]={cf=cfr(0,0,0,1,0,0,0,.985,.171,0,-.171,.985);es="Linear";ed="In";};["LeftUpperArm"]={cf=cfr(0,0,0,1,.001,0,-.001,.966,-.259,0,.259,.966);es="Linear";ed="In";};["UpperTorso"]={cf=cfr(0,-.001,0,.996,.086,-.007,-.085,.992,.09,.015,-.089,.996);es="Linear";ed="In";};["RightUpperLeg"]={cf=cfr(0,.001,0,1,0,0,0,.868,-.497,0,.497,.868);es="Linear";ed="In";};["LeftUpperLeg"]={cf=cfr(0,.002,.001,1,0,0,0,1,-.005,0,.005,1);es="Linear";ed="In";};["LeftFoot"]={cf=cfr(0,0,0,1,0,0,0,1,0,0,0,1);es="Linear";ed="In";};["LeftLowerLeg"]={cf=cfr(0,0,-.001,1,0,0,0,.639,.769,0,-.769,.639);es="Linear";ed="In";};["RightHand"]={cf=cfr(0,0,0,1,0,0,0,1,0,0,0,1);es="Linear";ed="In";};["RightFoot"]={cf=cfr(0,0,0,1,0,0,0,1,0,0,0,1);es="Linear";ed="In";};["RightLowerLeg"]={cf=cfr(0,0,0,1,0,0,0,.767,.642,0,-.642,.767);es="Linear";ed="In";};["LeftLowerArm"]={cf=cfr(0,0,0,1,0,0,0,.811,-.585,0,.585,.811);es="Linear";ed="In";};["LowerTorso"]={cf=cfr(0,-.002,0,1,0,0,0,1,0,0,0,1);es="Linear";ed="In";};["LeftHand"]={cf=cfr(0,0,0,1,0,0,0,1,0,0,0,1);es="Linear";ed="In";};["RightLowerArm"]={cf=cfr(0,0,0,1,0,0,0,.632,-.775,0,.775,.632);es="Linear";ed="In";};};{tm=.1;["RightUpperArm"]={cf=cfr(0,0,0,1,-.002,0,.002,.966,-.259,.001,.259,.966);es="Linear";ed="In";};["Head"]={cf=cfr(0,0,0,1,0,0,0,.985,.17,0,-.17,.985);es="Linear";ed="In";};["LeftUpperArm"]={cf=cfr(0,0,0,1,.002,0,-.002,.966,-.259,-.001,.259,.966);es="Linear";ed="In";};["UpperTorso"]={cf=cfr(0,-.001,0,.996,.086,-.007,-.085,.992,.092,.015,-.091,.996);es="Linear";ed="In";};["RightUpperLeg"]={cf=cfr(0,.001,0,1,0,0,0,.869,-.496,0,.496,.869);es="Linear";ed="In";};["LeftUpperLeg"]={cf=cfr(0,.002,.001,1,0,0,0,1,-.008,0,.008,1);es="Linear";ed="In";};["LeftFoot"]={cf=cfr(0,0,0,1,0,0,0,1,0,0,0,1);es="Linear";ed="In";};["LeftLowerLeg"]={cf=cfr(0,.001,-.001,1,0,0,0,.638,.77,0,-.77,.638);es="Linear";ed="In";};["RightHand"]={cf=cfr(0,0,0,1,0,0,0,1,0,0,0,1);es="Linear";ed="In";};["RightFoot"]={cf=cfr(0,0,0,1,0,0,0,1,0,0,0,1);es="Linear";ed="In";};["RightLowerLeg"]={cf=cfr(0,0,0,1,0,0,0,.767,.642,0,-.642,.767);es="Linear";ed="In";};["LeftLowerArm"]={cf=cfr(0,0,0,1,0,0,0,.81,-.586,0,.586,.81);es="Linear";ed="In";};["LowerTorso"]={cf=cfr(0,-.002,0,1,0,0,0,1,0,0,0,1);es="Linear";ed="In";};["LeftHand"]={cf=cfr(0,0,0,1,0,0,0,1,0,0,0,1);es="Linear";ed="In";};["RightLowerArm"]={cf=cfr(0,0,0,1,0,0,0,.632,-.775,0,.775,.632);es="Linear";ed="In";};};{tm=.117;["RightUpperArm"]={cf=cfr(0,0,0,1,-.003,0,.003,.966,-.259,.001,.259,.966);es="Linear";ed="In";};["Head"]={cf=cfr(0,-.001,0,1,0,0,0,.986,.169,0,-.169,.986);es="Linear";ed="In";};["LeftUpperArm"]={cf=cfr(0,0,0,1,.003,0,-.003,.966,-.259,-.001,.259,.966);es="Linear";ed="In";};["UpperTorso"]={cf=cfr(0,-.001,0,.996,.085,-.007,-.084,.992,.093,.015,-.092,.996);es="Linear";ed="In";};["RightUpperLeg"]={cf=cfr(0,.001,0,1,0,0,0,.869,-.494,0,.494,.869);es="Linear";ed="In";};["LeftUpperLeg"]={cf=cfr(0,.003,.001,1,0,0,0,1,-.011,0,.011,1);es="Linear";ed="In";};["LeftFoot"]={cf=cfr(0,0,0,1,0,0,0,1,0,0,0,1);es="Linear";ed="In";};["LeftLowerLeg"]={cf=cfr(0,.001,-.002,1,0,0,0,.636,.772,0,-.772,.636);es="Linear";ed="In";};["RightHand"]={cf=cfr(0,0,0,1,0,0,0,1,0,0,0,1);es="Linear";ed="In";};["RightFoot"]={cf=cfr(0,0,0,1,0,0,0,1,0,0,0,1);es="Linear";ed="In";};["RightLowerLeg"]={cf=cfr(0,0,0,1,0,0,0,.767,.641,0,-.641,.767);es="Linear";ed="In";};["LeftLowerArm"]={cf=cfr(0,0,0,1,0,0,0,.81,-.587,0,.587,.81);es="Linear";ed="In";};["LowerTorso"]={cf=cfr(0,-.003,0,1,0,0,0,1,0,0,0,1);es="Linear";ed="In";};["LeftHand"]={cf=cfr(0,0,0,1,0,0,0,1,0,0,0,1);es="Linear";ed="In";};["RightLowerArm"]={cf=cfr(0,0,0,1,0,0,0,.632,-.775,0,.775,.632);es="Linear";ed="In";};};{tm=.133;["RightUpperArm"]={cf=cfr(0,0,0,1,-.004,0,.004,.966,-.259,.001,.259,.966);es="Linear";ed="In";};["Head"]={cf=cfr(0,-.001,0,1,0,0,0,.986,.168,0,-.168,.986);es="Linear";ed="In";};["LeftUpperArm"]={cf=cfr(0,0,0,1,.004,0,-.004,.966,-.259,-.001,.259,.966);es="Linear";ed="In";};["UpperTorso"]={cf=cfr(0,-.001,0,.996,.085,-.007,-.084,.992,.095,.015,-.094,.995);es="Linear";ed="In";};["RightUpperLeg"]={cf=cfr(0,.002,0,1,0,0,0,.87,-.492,0,.492,.87);es="Linear";ed="In";};["LeftUpperLeg"]={cf=cfr(0,.004,.002,1,0,0,0,1,-.014,0,.014,1);es="Linear";ed="In";};["LeftFoot"]={cf=cfr(0,0,0,1,0,0,0,1,0,0,0,1);es="Linear";ed="In";};["LeftLowerLeg"]={cf=cfr(0,.001,-.002,1,0,0,0,.634,.773,0,-.773,.634);es="Linear";ed="In";};["RightHand"]={cf=cfr(0,0,0,1,0,0,0,1,0,0,0,1);es="Linear";ed="In";};["RightFoot"]={cf=cfr(0,0,0,1,0,0,0,1,0,0,0,1);es="Linear";ed="In";};["RightLowerLeg"]={cf=cfr(0,0,0,1,0,0,0,.768,.641,0,-.641,.768);es="Linear";ed="In";};["LeftLowerArm"]={cf=cfr(0,0,0,1,0,0,0,.809,-.588,0,.588,.809);es="Linear";ed="In";};["LowerTorso"]={cf=cfr(0,-.004,0,1,0,0,0,1,0,0,0,1);es="Linear";ed="In";};["LeftHand"]={cf=cfr(0,0,0,1,0,0,0,1,0,0,0,1);es="Linear";ed="In";};["RightLowerArm"]={cf=cfr(0,0,0,1,0,0,0,.632,-.775,0,.775,.632);es="Linear";ed="In";};};{tm=.15;["RightUpperArm"]={cf=cfr(0,0,0,1,-.005,0,.005,.966,-.259,.001,.259,.966);es="Linear";ed="In";};["Head"]={cf=cfr(0,-.001,0,1,0,0,0,.986,.167,0,-.167,.986);es="Linear";ed="In";};["LeftUpperArm"]={cf=cfr(0,0,0,1,.005,0,-.005,.966,-.259,-.001,.259,.966);es="Linear";ed="In";};["UpperTorso"]={cf=cfr(0,-.002,0,.996,.084,-.007,-.083,.992,.097,.015,-.096,.995);es="Linear";ed="In";};["RightUpperLeg"]={cf=cfr(0,.002,.001,1,0,0,0,.872,-.49,0,.49,.872);es="Linear";ed="In";};["LeftUpperLeg"]={cf=cfr(0,.005,.002,1,0,0,0,1,-.017,0,.017,1);es="Linear";ed="In";};["LeftFoot"]={cf=cfr(0,0,0,1,0,0,0,1,0,0,0,1);es="Linear";ed="In";};["LeftLowerLeg"]={cf=cfr(0,.001,-.003,1,0,0,0,.632,.775,0,-.775,.632);es="Linear";ed="In";};["RightHand"]={cf=cfr(0,0,0,1,0,0,0,1,0,0,0,1);es="Linear";ed="In";};["RightFoot"]={cf=cfr(0,0,0,1,0,0,0,1,0,0,0,1);es="Linear";ed="In";};["RightLowerLeg"]={cf=cfr(0,0,0,1,0,0,0,.768,.64,0,-.64,.768);es="Linear";ed="In";};["LeftLowerArm"]={cf=cfr(0,0,0,1,0,0,0,.808,-.589,0,.589,.808);es="Linear";ed="In";};["LowerTorso"]={cf=cfr(0,-.005,0,1,0,0,0,1,0,0,0,1);es="Linear";ed="In";};["LeftHand"]={cf=cfr(0,0,0,1,0,0,0,1,0,0,0,1);es="Linear";ed="In";};["RightLowerArm"]={cf=cfr(0,0,0,1,0,0,0,.633,-.775,0,.775,.633);es="Linear";ed="In";};};{tm=.167;["RightUpperArm"]={cf=cfr(0,0,0,1,-.006,0,.006,.966,-.259,.002,.259,.966);es="Linear";ed="In";};["Head"]={cf=cfr(0,-.001,0,1,0,0,0,.986,.165,0,-.165,.986);es="Linear";ed="In";};["LeftUpperArm"]={cf=cfr(0,0,0,1,.006,0,-.006,.966,-.259,-.002,.259,.966);es="Linear";ed="In";};["UpperTorso"]={cf=cfr(0,-.002,0,.996,.084,-.007,-.082,.992,.099,.015,-.098,.995);es="Linear";ed="In";};["RightUpperLeg"]={cf=cfr(0,.003,.001,1,0,0,0,.873,-.488,0,.488,.873);es="Linear";ed="In";};["LeftUpperLeg"]={cf=cfr(0,.006,.003,1,0,0,0,1,-.021,0,.021,1);es="Linear";ed="In";};["LeftFoot"]={cf=cfr(0,0,0,1,0,0,0,1,0,0,0,1);es="Linear";ed="In";};["LeftLowerLeg"]={cf=cfr(0,.001,-.004,1,0,0,0,.629,.777,0,-.777,.629);es="Linear";ed="In";};["RightHand"]={cf=cfr(0,0,0,1,0,0,0,1,0,0,0,1);es="Linear";ed="In";};["RightFoot"]={cf=cfr(0,0,0,1,0,0,0,1,0,0,0,1);es="Linear";ed="In";};["RightLowerLeg"]={cf=cfr(0,0,0,1,0,0,0,.769,.64,0,-.64,.769);es="Linear";ed="In";};["LeftLowerArm"]={cf=cfr(0,0,0,1,0,0,0,.807,-.59,0,.59,.807);es="Linear";ed="In";};["LowerTorso"]={cf=cfr(0,-.007,0,1,0,0,0,1,0,0,0,1);es="Linear";ed="In";};["LeftHand"]={cf=cfr(0,0,0,1,0,0,0,1,0,0,0,1);es="Linear";ed="In";};["RightLowerArm"]={cf=cfr(0,0,0,1,0,0,0,.633,-.774,0,.774,.633);es="Linear";ed="In";};};{tm=.183;["RightUpperArm"]={cf=cfr(0,0,0,1,-.007,0,.007,.966,-.259,.002,.259,.966);es="Linear";ed="In";};["Head"]={cf=cfr(0,-.001,0,1,0,0,0,.987,.163,0,-.163,.987);es="Linear";ed="In";};["LeftUpperArm"]={cf=cfr(0,0,0,1,.007,0,-.007,.966,-.259,-.002,.259,.966);es="Linear";ed="In";};["UpperTorso"]={cf=cfr(0,-.003,.001,.997,.083,-.007,-.082,.991,.102,.015,-.101,.995);es="Linear";ed="In";};["RightUpperLeg"]={cf=cfr(0,.004,.001,1,0,0,0,.874,-.485,0,.485,.874);es="Linear";ed="In";};["LeftUpperLeg"]={cf=cfr(0,.007,.003,1,0,0,0,1,-.026,0,.026,1);es="Linear";ed="In";};["LeftFoot"]={cf=cfr(0,0,0,1,0,0,0,1,0,0,0,1);es="Linear";ed="In";};["LeftLowerLeg"]={cf=cfr(0,.002,-.004,1,0,0,0,.626,.78,0,-.78,.626);es="Linear";ed="In";};["RightHand"]={cf=cfr(0,0,0,1,0,0,0,1,0,0,0,1);es="Linear";ed="In";};["RightFoot"]={cf=cfr(0,0,0,1,0,0,0,1,0,0,0,1);es="Linear";ed="In";};["RightLowerLeg"]={cf=cfr(0,0,0,1,0,0,0,.769,.639,0,-.639,.769);es="Linear";ed="In";};["LeftLowerArm"]={cf=cfr(0,0,0,1,0,0,0,.806,-.592,0,.592,.806);es="Linear";ed="In";};["LowerTorso"]={cf=cfr(0,-.008,0,1,0,0,0,1,0,0,0,1);es="Linear";ed="In";};["LeftHand"]={cf=cfr(0,0,0,1,0,0,0,1,0,0,0,1);es="Linear";ed="In";};["RightLowerArm"]={cf=cfr(0,0,0,1,0,0,0,.633,-.774,0,.774,.633);es="Linear";ed="In";};};{tm=.2;["RightUpperArm"]={cf=cfr(0,0,0,1,-.008,0,.008,.966,-.259,.002,.259,.966);es="Linear";ed="In";};["Head"]={cf=cfr(0,-.001,0,1,0,0,0,.987,.161,0,-.161,.987);es="Linear";ed="In";};["LeftUpperArm"]={cf=cfr(0,0,0,1,.008,0,-.008,.966,-.259,-.002,.259,.966);es="Linear";ed="In";};["UpperTorso"]={cf=cfr(0,-.003,.001,.997,.082,-.007,-.081,.991,.104,.015,-.103,.995);es="Linear";ed="In";};["RightUpperLeg"]={cf=cfr(0,.004,.001,1,0,0,0,.876,-.482,0,.482,.876);es="Linear";ed="In";};["LeftUpperLeg"]={cf=cfr(0,.009,.004,1,0,0,0,1,-.031,0,.031,1);es="Linear";ed="In";};["LeftFoot"]={cf=cfr(0,0,0,1,0,0,0,1,0,0,0,1);es="Linear";ed="In";};["LeftLowerLeg"]={cf=cfr(0,.002,-.005,1,0,0,0,.623,.782,0,-.782,.623);es="Linear";ed="In";};["RightHand"]={cf=cfr(0,0,0,1,0,0,0,1,0,0,0,1);es="Linear";ed="In";};["RightFoot"]={cf=cfr(0,0,0,1,0,0,0,1,0,0,0,1);es="Linear";ed="In";};["RightLowerLeg"]={cf=cfr(0,0,0,1,0,0,0,.77,.638,0,-.638,.77);es="Linear";ed="In";};["LeftLowerArm"]={cf=cfr(0,0,0,1,0,0,0,.805,-.593,0,.593,.805);es="Linear";ed="In";};["LowerTorso"]={cf=cfr(0,-.01,0,1,0,0,0,1,0,0,0,1);es="Linear";ed="In";};["LeftHand"]={cf=cfr(0,0,0,1,0,0,0,1,0,0,0,1);es="Linear";ed="In";};["RightLowerArm"]={cf=cfr(0,0,0,1,0,0,0,.634,-.774,0,.774,.634);es="Linear";ed="In";};};{tm=.217;["RightUpperArm"]={cf=cfr(-.001,0,0,1,-.01,0,.01,.966,-.259,.003,.259,.966);es="Linear";ed="In";};["Head"]={cf=cfr(0,-.002,0,1,0,0,0,.987,.159,0,-.159,.987);es="Linear";ed="In";};["LeftUpperArm"]={cf=cfr(.001,0,0,1,.01,0,-.01,.966,-.259,-.003,.259,.966);es="Linear";ed="In";};["UpperTorso"]={cf=cfr(0,-.003,.001,.997,.081,-.006,-.08,.991,.107,.015,-.106,.994);es="Linear";ed="In";};["RightUpperLeg"]={cf=cfr(0,.005,.001,1,0,0,0,.878,-.479,0,.479,.878);es="Linear";ed="In";};["LeftUpperLeg"]={cf=cfr(0,.01,.005,1,0,0,0,.999,-.036,0,.036,.999);es="Linear";ed="In";};["LeftFoot"]={cf=cfr(0,0,0,1,0,0,0,1,0,0,0,1);es="Linear";ed="In";};["LeftLowerLeg"]={cf=cfr(0,.002,-.006,1,0,0,0,.62,.785,0,-.785,.62);es="Linear";ed="In";};["RightHand"]={cf=cfr(0,0,0,1,0,0,0,1,0,0,0,1);es="Linear";ed="In";};["RightFoot"]={cf=cfr(0,0,0,1,0,0,0,1,0,0,0,1);es="Linear";ed="In";};["RightLowerLeg"]={cf=cfr(0,0,0,1,0,0,0,.771,.637,0,-.637,.771);es="Linear";ed="In";};["LeftLowerArm"]={cf=cfr(0,0,0,1,0,0,0,.804,-.595,0,.595,.804);es="Linear";ed="In";};["LowerTorso"]={cf=cfr(0,-.011,0,1,0,0,0,1,0,0,0,1);es="Linear";ed="In";};["LeftHand"]={cf=cfr(0,0,0,1,0,0,0,1,0,0,0,1);es="Linear";ed="In";};["RightLowerArm"]={cf=cfr(0,0,0,1,0,0,0,.634,-.773,0,.773,.634);es="Linear";ed="In";};};{tm=.233;["RightUpperArm"]={cf=cfr(-.001,0,0,1,-.011,0,.011,.966,-.259,.003,.259,.966);es="Linear";ed="In";};["Head"]={cf=cfr(0,-.002,0,1,0,0,0,.988,.157,0,-.157,.988);es="Linear";ed="In";};["LeftUpperArm"]={cf=cfr(.001,0,0,1,.011,0,-.011,.966,-.259,-.003,.259,.966);es="Linear";ed="In";};["UpperTorso"]={cf=cfr(0,-.004,.001,.997,.08,-.006,-.079,.991,.11,.015,-.109,.994);es="Linear";ed="In";};["RightUpperLeg"]={cf=cfr(0,.006,.001,1,0,0,0,.879,-.476,0,.476,.879);es="Linear";ed="In";};["LeftUpperLeg"]={cf=cfr(0,.012,.005,1,0,0,0,.999,-.042,0,.042,.999);es="Linear";ed="In";};["LeftFoot"]={cf=cfr(0,0,0,1,0,0,0,1,0,0,0,1);es="Linear";ed="In";};["LeftLowerLeg"]={cf=cfr(0,.003,-.007,1,0,0,0,.616,.788,0,-.788,.616);es="Linear";ed="In";};["RightHand"]={cf=cfr(0,0,0,1,0,0,0,1,0,0,0,1);es="Linear";ed="In";};["RightFoot"]={cf=cfr(0,0,0,1,0,0,0,1,0,0,0,1);es="Linear";ed="In";};["RightLowerLeg"]={cf=cfr(0,0,0,1,0,0,0,.771,.636,0,-.636,.771);es="Linear";ed="In";};["LeftLowerArm"]={cf=cfr(0,.001,0,1,0,0,0,.803,-.596,0,.596,.803);es="Linear";ed="In";};["LowerTorso"]={cf=cfr(0,-.013,0,1,0,0,0,1,0,0,0,1);es="Linear";ed="In";};["LeftHand"]={cf=cfr(0,0,0,1,0,0,0,1,0,0,0,1);es="Linear";ed="In";};["RightLowerArm"]={cf=cfr(0,0,0,1,0,0,0,.635,-.773,0,.773,.635);es="Linear";ed="In";};};{tm=.25;["RightUpperArm"]={cf=cfr(-.001,0,0,1,-.013,0,.013,.966,-.259,.003,.259,.966);es="Linear";ed="In";};["Head"]={cf=cfr(0,-.002,0,1,0,0,0,.988,.154,0,-.154,.988);es="Linear";ed="In";};["LeftUpperArm"]={cf=cfr(.001,0,0,1,.013,0,-.013,.966,-.259,-.003,.259,.966);es="Linear";ed="In";};["UpperTorso"]={cf=cfr(0,-.005,.001,.997,.079,-.006,-.078,.99,.113,.015,-.113,.994);es="Linear";ed="In";};["RightUpperLeg"]={cf=cfr(0,.007,.002,1,0,0,0,.881,-.472,0,.472,.881);es="Linear";ed="In";};["LeftUpperLeg"]={cf=cfr(0,.013,.006,1,0,0,0,.999,-.048,0,.048,.999);es="Linear";ed="In";};["LeftFoot"]={cf=cfr(0,0,0,1,0,0,0,1,0,0,0,1);es="Linear";ed="In";};["LeftLowerLeg"]={cf=cfr(0,.003,-.008,1,0,0,0,.612,.791,0,-.791,.612);es="Linear";ed="In";};["RightHand"]={cf=cfr(0,0,0,1,0,0,0,1,0,0,0,1);es="Linear";ed="In";};["RightFoot"]={cf=cfr(0,0,0,1,0,0,0,1,0,0,0,1);es="Linear";ed="In";};["RightLowerLeg"]={cf=cfr(0,0,0,1,0,0,0,.772,.636,0,-.636,.772);es="Linear";ed="In";};["LeftLowerArm"]={cf=cfr(0,.001,.001,1,0,0,0,.801,-.598,0,.598,.801);es="Linear";ed="In";};["LowerTorso"]={cf=cfr(0,-.015,0,1,0,0,0,1,0,0,0,1);es="Linear";ed="In";};["LeftHand"]={cf=cfr(0,0,0,1,0,0,0,1,0,0,0,1);es="Linear";ed="In";};["RightLowerArm"]={cf=cfr(0,0,0,1,0,0,0,.635,-.773,0,.773,.635);es="Linear";ed="In";};};{tm=.267;["RightUpperArm"]={cf=cfr(-.001,0,0,1,-.015,0,.014,.966,-.259,.004,.259,.966);es="Linear";ed="In";};["Head"]={cf=cfr(0,-.002,0,1,0,0,0,.988,.152,0,-.152,.988);es="Linear";ed="In";};["LeftUpperArm"]={cf=cfr(.001,0,0,1,.015,0,-.014,.966,-.259,-.004,.259,.966);es="Linear";ed="In";};["UpperTorso"]={cf=cfr(0,-.005,.001,.997,.078,-.006,-.077,.99,.117,.015,-.116,.993);es="Linear";ed="In";};["RightUpperLeg"]={cf=cfr(0,.008,.002,1,0,0,0,.883,-.469,0,.469,.883);es="Linear";ed="In";};["LeftUpperLeg"]={cf=cfr(0,.015,.007,1,0,0,0,.998,-.055,0,.055,.998);es="Linear";ed="In";};["LeftFoot"]={cf=cfr(0,0,0,1,0,0,0,1,0,0,0,1);es="Linear";ed="In";};["LeftLowerLeg"]={cf=cfr(0,.003,-.009,1,0,0,0,.608,.794,0,-.794,.608);es="Linear";ed="In";};["RightHand"]={cf=cfr(0,0,0,1,0,0,0,1,0,0,0,1);es="Linear";ed="In";};["RightFoot"]={cf=cfr(0,0,0,1,0,0,0,1,0,0,0,1);es="Linear";ed="In";};["RightLowerLeg"]={cf=cfr(0,.001,0,1,0,0,0,.773,.635,0,-.635,.773);es="Linear";ed="In";};["LeftLowerArm"]={cf=cfr(0,.001,.001,1,0,0,0,.8,-.6,0,.6,.8);es="Linear";ed="In";};["LowerTorso"]={cf=cfr(0,-.017,0,1,0,0,0,1,0,0,0,1);es="Linear";ed="In";};["LeftHand"]={cf=cfr(0,0,0,1,0,0,0,1,0,0,0,1);es="Linear";ed="In";};["RightLowerArm"]={cf=cfr(0,0,0,1,0,0,0,.635,-.772,0,.772,.635);es="Linear";ed="In";};};{tm=.283;["RightUpperArm"]={cf=cfr(-.001,.001,0,1,-.017,0,.016,.966,-.259,.004,.259,.966);es="Linear";ed="In";};["Head"]={cf=cfr(0,-.003,0,1,0,0,0,.989,.149,0,-.149,.989);es="Linear";ed="In";};["LeftUpperArm"]={cf=cfr(.001,.001,0,1,.017,0,-.016,.966,-.259,-.004,.259,.966);es="Linear";ed="In";};["UpperTorso"]={cf=cfr(0,-.006,.001,.997,.077,-.006,-.076,.99,.121,.015,-.12,.993);es="Linear";ed="In";};["RightUpperLeg"]={cf=cfr(0,.008,.002,1,0,0,0,.886,-.465,0,.465,.886);es="Linear";ed="In";};["LeftUpperLeg"]={cf=cfr(0,.017,.008,1,0,0,0,.998,-.062,0,.062,.998);es="Linear";ed="In";};["LeftFoot"]={cf=cfr(0,0,0,1,0,0,0,1,0,0,0,1);es="Linear";ed="In";};["LeftLowerLeg"]={cf=cfr(0,.004,-.01,1,0,0,0,.603,.798,0,-.798,.603);es="Linear";ed="In";};["RightHand"]={cf=cfr(0,0,0,1,0,0,0,1,0,0,0,1);es="Linear";ed="In";};["RightFoot"]={cf=cfr(0,0,0,1,0,0,0,1,0,0,0,1);es="Linear";ed="In";};["RightLowerLeg"]={cf=cfr(0,.001,0,1,0,0,0,.774,.633,0,-.633,.774);es="Linear";ed="In";};["LeftLowerArm"]={cf=cfr(0,.001,.001,1,0,0,0,.798,-.602,0,.602,.798);es="Linear";ed="In";};["LowerTorso"]={cf=cfr(0,-.019,0,1,0,0,0,1,0,0,0,1);es="Linear";ed="In";};["LeftHand"]={cf=cfr(0,0,0,1,0,0,0,1,0,0,0,1);es="Linear";ed="In";};["RightLowerArm"]={cf=cfr(0,0,0,1,0,0,0,.636,-.772,0,.772,.636);es="Linear";ed="In";};};{tm=.3;["RightUpperArm"]={cf=cfr(-.001,.001,0,1,-.019,0,.018,.966,-.259,.005,.259,.966);es="Linear";ed="In";};["Head"]={cf=cfr(0,-.003,0,1,0,0,0,.989,.146,0,-.146,.989);es="Linear";ed="In";};["LeftUpperArm"]={cf=cfr(.001,.001,0,1,.019,0,-.018,.966,-.259,-.005,.259,.966);es="Linear";ed="In";};["UpperTorso"]={cf=cfr(0,-.006,.001,.997,.076,-.006,-.075,.989,.124,.015,-.124,.992);es="Linear";ed="In";};["RightUpperLeg"]={cf=cfr(0,.009,.002,1,0,0,0,.888,-.46,0,.46,.888);es="Linear";ed="In";};["LeftUpperLeg"]={cf=cfr(0,.019,.009,1,0,0,0,.998,-.069,0,.069,.998);es="Linear";ed="In";};["LeftFoot"]={cf=cfr(0,0,0,1,0,0,0,1,0,0,0,1);es="Linear";ed="In";};["LeftLowerLeg"]={cf=cfr(0,.004,-.012,1,0,0,0,.598,.801,0,-.801,.598);es="Linear";ed="In";};["RightHand"]={cf=cfr(0,0,0,1,0,0,0,1,0,0,0,1);es="Linear";ed="In";};["RightFoot"]={cf=cfr(0,0,0,1,0,0,0,1,0,0,0,1);es="Linear";ed="In";};["RightLowerLeg"]={cf=cfr(0,.001,0,1,0,0,0,.775,.632,0,-.632,.775);es="Linear";ed="In";};["LeftLowerArm"]={cf=cfr(0,.001,.001,1,0,0,0,.797,-.604,0,.604,.797);es="Linear";ed="In";};["LowerTorso"]={cf=cfr(0,-.021,0,1,0,0,0,1,0,0,0,1);es="Linear";ed="In";};["LeftHand"]={cf=cfr(0,0,0,1,0,0,0,1,0,0,0,1);es="Linear";ed="In";};["RightLowerArm"]={cf=cfr(0,0,0,1,0,0,0,.637,-.771,0,.771,.637);es="Linear";ed="In";};};{tm=.317;["RightUpperArm"]={cf=cfr(-.001,.001,0,1,-.021,0,.02,.966,-.259,.005,.259,.966);es="Linear";ed="In";};["Head"]={cf=cfr(0,-.003,0,1,0,0,0,.99,.143,0,-.143,.99);es="Linear";ed="In";};["LeftUpperArm"]={cf=cfr(.001,.001,0,1,.021,0,-.02,.966,-.259,-.005,.259,.966);es="Linear";ed="In";};["UpperTorso"]={cf=cfr(0,-.007,.001,.997,.075,-.005,-.074,.989,.128,.015,-.128,.992);es="Linear";ed="In";};["RightUpperLeg"]={cf=cfr(0,.01,.002,1,0,0,0,.89,-.456,0,.456,.89);es="Linear";ed="In";};["LeftUpperLeg"]={cf=cfr(0,.021,.01,1,0,0,0,.997,-.077,0,.077,.997);es="Linear";ed="In";};["LeftFoot"]={cf=cfr(0,0,0,1,0,0,0,1,0,0,0,1);es="Linear";ed="In";};["LeftLowerLeg"]={cf=cfr(0,.005,-.013,1,0,0,0,.593,.805,0,-.805,.593);es="Linear";ed="In";};["RightHand"]={cf=cfr(0,0,0,1,0,0,0,1,0,0,0,1);es="Linear";ed="In";};["RightFoot"]={cf=cfr(0,0,0,1,0,0,0,1,0,0,0,1);es="Linear";ed="In";};["RightLowerLeg"]={cf=cfr(0,.001,-.001,1,0,0,0,.776,.631,0,-.631,.776);es="Linear";ed="In";};["LeftLowerArm"]={cf=cfr(0,.001,.001,1,0,0,0,.795,-.606,0,.606,.795);es="Linear";ed="In";};["LowerTorso"]={cf=cfr(0,-.024,0,1,0,0,0,1,0,0,0,1);es="Linear";ed="In";};["LeftHand"]={cf=cfr(0,0,0,1,0,0,0,1,0,0,0,1);es="Linear";ed="In";};["RightLowerArm"]={cf=cfr(0,0,0,1,0,0,0,.637,-.771,0,.771,.637);es="Linear";ed="In";};};{tm=.333;["RightUpperArm"]={cf=cfr(-.001,.001,0,1,-.023,0,.022,.966,-.259,.006,.259,.966);es="Linear";ed="In";};["Head"]={cf=cfr(0,-.003,0,1,0,0,0,.99,.14,0,-.14,.99);es="Linear";ed="In";};["LeftUpperArm"]={cf=cfr(.001,.001,0,1,.023,0,-.022,.966,-.259,-.006,.259,.966);es="Linear";ed="In";};["UpperTorso"]={cf=cfr(0,-.007,.002,.997,.074,-.005,-.073,.988,.133,.015,-.132,.991);es="Linear";ed="In";};["RightUpperLeg"]={cf=cfr(0,.011,.003,1,0,0,0,.893,-.451,0,.451,.893);es="Linear";ed="In";};["LeftUpperLeg"]={cf=cfr(0,.023,.011,1,0,0,0,.996,-.085,0,.085,.996);es="Linear";ed="In";};["LeftFoot"]={cf=cfr(0,0,0,1,0,0,0,1,0,0,0,1);es="Linear";ed="In";};["LeftLowerLeg"]={cf=cfr(0,.005,-.014,1,0,0,0,.588,.809,0,-.809,.588);es="Linear";ed="In";};["RightHand"]={cf=cfr(0,0,0,1,0,0,0,1,0,0,0,1);es="Linear";ed="In";};["RightFoot"]={cf=cfr(0,0,0,1,0,0,0,1,0,0,0,1);es="Linear";ed="In";};["RightLowerLeg"]={cf=cfr(0,.001,-.001,1,0,0,0,.777,.63,0,-.63,.777);es="Linear";ed="In";};["LeftLowerArm"]={cf=cfr(0,.001,.001,1,0,0,0,.793,-.609,0,.609,.793);es="Linear";ed="In";};["LowerTorso"]={cf=cfr(0,-.026,0,1,0,0,0,1,0,0,0,1);es="Linear";ed="In";};["LeftHand"]={cf=cfr(0,0,0,1,0,0,0,1,0,0,0,1);es="Linear";ed="In";};["RightLowerArm"]={cf=cfr(0,0,0,1,0,0,0,.638,-.77,0,.77,.638);es="Linear";ed="In";};};{tm=.35;["RightUpperArm"]={cf=cfr(-.001,.001,0,1,-.025,0,.024,.966,-.259,.006,.259,.966);es="Linear";ed="In";};["Head"]={cf=cfr(0,-.004,0,1,0,0,0,.991,.137,0,-.137,.991);es="Linear";ed="In";};["LeftUpperArm"]={cf=cfr(.001,.001,0,1,.025,0,-.024,.966,-.259,-.006,.259,.966);es="Linear";ed="In";};["UpperTorso"]={cf=cfr(0,-.008,.002,.997,.073,-.005,-.071,.988,.137,.015,-.136,.991);es="Linear";ed="In";};["RightUpperLeg"]={cf=cfr(0,.013,.003,1,0,0,0,.895,-.446,0,.446,.895);es="Linear";ed="In";};["LeftUpperLeg"]={cf=cfr(0,.025,.012,1,0,0,0,.996,-.094,0,.094,.996);es="Linear";ed="In";};["LeftFoot"]={cf=cfr(0,0,0,1,0,0,0,1,0,0,0,1);es="Linear";ed="In";};["LeftLowerLeg"]={cf=cfr(0,.005,-.015,1,0,0,0,.582,.813,0,-.813,.582);es="Linear";ed="In";};["RightHand"]={cf=cfr(0,0,0,1,0,0,0,1,0,0,0,1);es="Linear";ed="In";};["RightFoot"]={cf=cfr(0,0,0,1,0,0,0,1,0,0,0,1);es="Linear";ed="In";};["RightLowerLeg"]={cf=cfr(0,.001,-.001,1,0,0,0,.778,.629,0,-.629,.778);es="Linear";ed="In";};["LeftLowerArm"]={cf=cfr(0,.001,.001,1,0,0,0,.791,-.611,0,.611,.791);es="Linear";ed="In";};["LowerTorso"]={cf=cfr(0,-.029,0,1,0,0,0,1,0,0,0,1);es="Linear";ed="In";};["LeftHand"]={cf=cfr(0,0,0,1,0,0,0,1,0,0,0,1);es="Linear";ed="In";};["RightLowerArm"]={cf=cfr(0,0,0,1,0,0,0,.638,-.77,0,.77,.638);es="Linear";ed="In";};};{tm=.367;["RightUpperArm"]={cf=cfr(-.001,.001,0,1,-.027,0,.026,.966,-.259,.007,.259,.966);es="Linear";ed="In";};["Head"]={cf=cfr(0,-.004,0,1,0,0,0,.991,.133,0,-.133,.991);es="Linear";ed="In";};["LeftUpperArm"]={cf=cfr(.001,.001,0,1,.027,0,-.026,.966,-.259,-.007,.259,.966);es="Linear";ed="In";};["UpperTorso"]={cf=cfr(0,-.009,.002,.997,.071,-.005,-.07,.987,.142,.015,-.141,.99);es="Linear";ed="In";};["RightUpperLeg"]={cf=cfr(0,.014,.003,1,0,0,0,.898,-.441,0,.441,.898);es="Linear";ed="In";};["LeftUpperLeg"]={cf=cfr(0,.027,.013,1,0,0,0,.995,-.103,0,.103,.995);es="Linear";ed="In";};["LeftFoot"]={cf=cfr(0,0,0,1,0,0,0,1,0,0,0,1);es="Linear";ed="In";};["LeftLowerLeg"]={cf=cfr(0,.006,-.017,1,0,0,0,.576,.817,0,-.817,.576);es="Linear";ed="In";};["RightHand"]={cf=cfr(0,0,0,1,0,0,0,1,0,0,0,1);es="Linear";ed="In";};["RightFoot"]={cf=cfr(0,0,0,1,0,0,0,1,0,0,0,1);es="Linear";ed="In";};["RightLowerLeg"]={cf=cfr(0,.001,-.001,1,0,0,0,.779,.627,0,-.627,.779);es="Linear";ed="In";};["LeftLowerArm"]={cf=cfr(0,.001,.001,1,0,0,0,.79,-.614,0,.614,.79);es="Linear";ed="In";};["LowerTorso"]={cf=cfr(0,-.031,0,1,0,0,0,1,0,0,0,1);es="Linear";ed="In";};["LeftHand"]={cf=cfr(0,0,0,1,0,0,0,1,0,0,0,1);es="Linear";ed="In";};["RightLowerArm"]={cf=cfr(0,0,0,1,0,0,0,.639,-.769,0,.769,.639);es="Linear";ed="In";};};{tm=.383;["RightUpperArm"]={cf=cfr(-.001,.001,0,1,-.03,0,.029,.966,-.259,.008,.259,.966);es="Linear";ed="In";};["Head"]={cf=cfr(0,-.004,0,1,0,0,0,.992,.13,0,-.13,.992);es="Linear";ed="In";};["LeftUpperArm"]={cf=cfr(.001,.001,0,1,.03,0,-.029,.966,-.259,-.008,.259,.966);es="Linear";ed="In";};["UpperTorso"]={cf=cfr(0,-.009,.002,.998,.07,-.004,-.069,.987,.146,.015,-.146,.989);es="Linear";ed="In";};["RightUpperLeg"]={cf=cfr(0,.015,.003,1,0,0,0,.9,-.435,0,.435,.9);es="Linear";ed="In";};["LeftUpperLeg"]={cf=cfr(0,.03,.014,1,0,0,0,.994,-.112,0,.112,.994);es="Linear";ed="In";};["LeftFoot"]={cf=cfr(0,0,0,1,0,0,0,1,0,0,0,1);es="Linear";ed="In";};["LeftLowerLeg"]={cf=cfr(0,.006,-.018,1,0,0,0,.57,.822,0,-.822,.57);es="Linear";ed="In";};["RightHand"]={cf=cfr(0,0,0,1,0,0,0,1,0,0,0,1);es="Linear";ed="In";};["RightFoot"]={cf=cfr(0,0,0,1,0,0,0,1,0,0,0,1);es="Linear";ed="In";};["RightLowerLeg"]={cf=cfr(0,.001,-.001,1,0,0,0,.78,.626,0,-.626,.78);es="Linear";ed="In";};["LeftLowerArm"]={cf=cfr(0,.001,.001,1,0,0,0,.787,-.616,0,.616,.787);es="Linear";ed="In";};["LowerTorso"]={cf=cfr(0,-.034,0,1,0,0,0,1,0,0,0,1);es="Linear";ed="In";};["LeftHand"]={cf=cfr(0,0,0,1,0,0,0,1,0,0,0,1);es="Linear";ed="In";};["RightLowerArm"]={cf=cfr(0,0,0,1,0,0,0,.64,-.769,0,.769,.64);es="Linear";ed="In";};};{tm=.4;["RightUpperArm"]={cf=cfr(-.002,.001,0,.999,-.032,0,.031,.965,-.259,.008,.259,.966);es="Linear";ed="In";};["Head"]={cf=cfr(0,-.005,0,1,0,0,0,.992,.126,0,-.126,.992);es="Linear";ed="In";};["LeftUpperArm"]={cf=cfr(.002,.001,0,.999,.032,0,-.031,.965,-.259,-.008,.259,.966);es="Linear";ed="In";};["UpperTorso"]={cf=cfr(0,-.01,.002,.998,.069,-.004,-.067,.986,.151,.015,-.151,.988);es="Linear";ed="In";};["RightUpperLeg"]={cf=cfr(0,.016,.004,1,0,0,0,.903,-.429,0,.429,.903);es="Linear";ed="In";};["LeftUpperLeg"]={cf=cfr(0,.032,.015,1,0,0,0,.993,-.122,0,.122,.993);es="Linear";ed="In";};["LeftFoot"]={cf=cfr(0,0,0,1,0,0,0,1,0,0,0,1);es="Linear";ed="In";};["LeftLowerLeg"]={cf=cfr(0,.007,-.02,1,0,0,0,.563,.826,0,-.826,.563);es="Linear";ed="In";};["RightHand"]={cf=cfr(0,0,0,1,0,0,0,1,0,0,0,1);es="Linear";ed="In";};["RightFoot"]={cf=cfr(0,0,0,1,0,0,0,1,0,0,0,1);es="Linear";ed="In";};["RightLowerLeg"]={cf=cfr(0,.001,-.001,1,0,0,0,.781,.624,0,-.624,.781);es="Linear";ed="In";};["LeftLowerArm"]={cf=cfr(0,.001,.001,1,0,0,0,.785,-.619,0,.619,.785);es="Linear";ed="In";};["LowerTorso"]={cf=cfr(0,-.037,0,1,0,0,0,1,0,0,0,1);es="Linear";ed="In";};["LeftHand"]={cf=cfr(0,0,0,1,0,0,0,1,0,0,0,1);es="Linear";ed="In";};["RightLowerArm"]={cf=cfr(0,0,0,1,0,0,0,.641,-.768,0,.768,.641);es="Linear";ed="In";};};{tm=.417;["RightUpperArm"]={cf=cfr(-.002,.001,0,.999,-.035,0,.033,.965,-.259,.009,.259,.966);es="Linear";ed="In";};["Head"]={cf=cfr(0,-.005,0,1,0,0,0,.993,.122,0,-.122,.993);es="Linear";ed="In";};["LeftUpperArm"]={cf=cfr(.002,.001,0,.999,.035,0,-.033,.965,-.259,-.009,.259,.966);es="Linear";ed="In";};["UpperTorso"]={cf=cfr(0,-.011,.002,.998,.067,-.004,-.066,.986,.156,.014,-.156,.988);es="Linear";ed="In";};["RightUpperLeg"]={cf=cfr(0,.017,.004,1,0,0,0,.906,-.423,0,.423,.906);es="Linear";ed="In";};["LeftUpperLeg"]={cf=cfr(0,.034,.017,1,0,0,0,.991,-.132,0,.132,.991);es="Linear";ed="In";};["LeftFoot"]={cf=cfr(0,0,0,1,0,0,0,1,0,0,0,1);es="Linear";ed="In";};["LeftLowerLeg"]={cf=cfr(0,.007,-.021,1,0,0,0,.556,.831,0,-.831,.556);es="Linear";ed="In";};["RightHand"]={cf=cfr(0,0,0,1,0,0,0,1,0,0,0,1);es="Linear";ed="In";};["RightFoot"]={cf=cfr(0,0,0,1,0,0,0,1,0,0,0,1);es="Linear";ed="In";};["RightLowerLeg"]={cf=cfr(0,.001,-.001,1,0,0,0,.783,.623,0,-.623,.783);es="Linear";ed="In";};["LeftLowerArm"]={cf=cfr(0,.001,.001,1,0,0,0,.783,-.622,0,.622,.783);es="Linear";ed="In";};["LowerTorso"]={cf=cfr(0,-.04,0,1,0,0,0,1,0,0,0,1);es="Linear";ed="In";};["LeftHand"]={cf=cfr(0,0,0,1,0,0,0,1,0,0,0,1);es="Linear";ed="In";};["RightLowerArm"]={cf=cfr(0,0,0,1,0,0,0,.641,-.767,0,.767,.641);es="Linear";ed="In";};};{tm=.433;["RightUpperArm"]={cf=cfr(-.002,.001,0,.999,-.037,0,.036,.965,-.259,.01,.259,.966);es="Linear";ed="In";};["Head"]={cf=cfr(0,-.005,0,1,0,0,0,.993,.118,0,-.118,.993);es="Linear";ed="In";};["LeftUpperArm"]={cf=cfr(.002,.001,0,.999,.037,0,-.036,.965,-.259,-.01,.259,.966);es="Linear";ed="In";};["UpperTorso"]={cf=cfr(0,-.011,.002,.998,.066,-.004,-.064,.985,.161,.014,-.161,.987);es="Linear";ed="In";};["RightUpperLeg"]={cf=cfr(0,.018,.004,1,0,0,0,.909,-.417,0,.417,.909);es="Linear";ed="In";};["LeftUpperLeg"]={cf=cfr(0,.037,.018,1,0,0,0,.99,-.142,0,.142,.99);es="Linear";ed="In";};["LeftFoot"]={cf=cfr(0,0,0,1,0,0,0,1,0,0,0,1);es="Linear";ed="In";};["LeftLowerLeg"]={cf=cfr(0,.007,-.023,1,0,0,0,.549,.836,0,-.836,.549);es="Linear";ed="In";};["RightHand"]={cf=cfr(0,0,0,1,0,0,0,1,0,0,0,1);es="Linear";ed="In";};["RightFoot"]={cf=cfr(0,0,0,1,0,0,0,1,0,0,0,1);es="Linear";ed="In";};["RightLowerLeg"]={cf=cfr(0,.001,-.001,1,0,0,0,.784,.621,0,-.621,.784);es="Linear";ed="In";};["LeftLowerArm"]={cf=cfr(0,.002,.001,1,0,0,0,.781,-.625,0,.625,.781);es="Linear";ed="In";};["LowerTorso"]={cf=cfr(0,-.043,0,1,0,0,0,1,0,0,0,1);es="Linear";ed="In";};["LeftHand"]={cf=cfr(0,0,0,1,0,0,0,1,0,0,0,1);es="Linear";ed="In";};["RightLowerArm"]={cf=cfr(0,0,0,1,0,0,0,.642,-.767,0,.767,.642);es="Linear";ed="In";};};{tm=.45;["RightUpperArm"]={cf=cfr(-.002,.001,0,.999,-.04,0,.039,.965,-.259,.01,.259,.966);es="Linear";ed="In";};["Head"]={cf=cfr(0,-.005,0,1,0,0,0,.993,.114,0,-.114,.993);es="Linear";ed="In";};["LeftUpperArm"]={cf=cfr(.002,.001,0,.999,.04,0,-.039,.965,-.259,-.01,.259,.966);es="Linear";ed="In";};["UpperTorso"]={cf=cfr(0,-.012,.003,.998,.064,-.004,-.063,.984,.167,.014,-.166,.986);es="Linear";ed="In";};["RightUpperLeg"]={cf=cfr(0,.02,.004,1,0,0,0,.912,-.41,0,.41,.912);es="Linear";ed="In";};["LeftUpperLeg"]={cf=cfr(0,.039,.019,1,0,0,0,.988,-.153,0,.153,.988);es="Linear";ed="In";};["LeftFoot"]={cf=cfr(0,0,0,1,0,0,0,1,0,0,0,1);es="Linear";ed="In";};["LeftLowerLeg"]={cf=cfr(0,.008,-.024,1,0,0,0,.541,.841,0,-.841,.541);es="Linear";ed="In";};["RightHand"]={cf=cfr(0,0,0,1,0,0,0,1,0,0,0,1);es="Linear";ed="In";};["RightFoot"]={cf=cfr(0,0,0,1,0,0,0,1,0,0,0,1);es="Linear";ed="In";};["RightLowerLeg"]={cf=cfr(0,.001,-.001,1,0,0,0,.785,.619,0,-.619,.785);es="Linear";ed="In";};["LeftLowerArm"]={cf=cfr(0,.002,.001,1,0,0,0,.779,-.627,0,.627,.779);es="Linear";ed="In";};["LowerTorso"]={cf=cfr(0,-.046,0,1,0,0,0,1,0,0,0,1);es="Linear";ed="In";};["LeftHand"]={cf=cfr(0,0,0,1,0,0,0,1,0,0,0,1);es="Linear";ed="In";};["RightLowerArm"]={cf=cfr(0,.001,0,1,0,0,0,.643,-.766,0,.766,.643);es="Linear";ed="In";};};{tm=.467;["RightUpperArm"]={cf=cfr(-.002,.001,0,.999,-.043,0,.041,.965,-.259,.011,.259,.966);es="Linear";ed="In";};["Head"]={cf=cfr(0,-.006,0,1,0,0,0,.994,.11,0,-.11,.994);es="Linear";ed="In";};["LeftUpperArm"]={cf=cfr(.002,.001,0,.999,.043,0,-.041,.965,-.259,-.011,.259,.966);es="Linear";ed="In";};["UpperTorso"]={cf=cfr(0,-.012,.003,.998,.063,-.003,-.061,.983,.172,.014,-.171,.985);es="Linear";ed="In";};["RightUpperLeg"]={cf=cfr(0,.021,.005,1,0,0,0,.915,-.404,0,.404,.915);es="Linear";ed="In";};["LeftUpperLeg"]={cf=cfr(0,.041,.021,1,0,0,0,.986,-.165,0,.165,.986);es="Linear";ed="In";};["LeftFoot"]={cf=cfr(0,0,0,1,0,0,0,1,0,0,0,1);es="Linear";ed="In";};["LeftLowerLeg"]={cf=cfr(0,.008,-.026,1,0,0,0,.534,.846,0,-.846,.534);es="Linear";ed="In";};["RightHand"]={cf=cfr(0,0,0,1,0,0,0,1,0,0,0,1);es="Linear";ed="In";};["RightFoot"]={cf=cfr(0,0,0,1,0,0,0,1,0,0,0,1);es="Linear";ed="In";};["RightLowerLeg"]={cf=cfr(0,.001,-.001,1,0,0,0,.787,.618,0,-.618,.787);es="Linear";ed="In";};["LeftLowerArm"]={cf=cfr(0,.002,.002,1,0,0,0,.776,-.63,0,.63,.776);es="Linear";ed="In";};["LowerTorso"]={cf=cfr(0,-.049,0,1,0,0,0,1,0,0,0,1);es="Linear";ed="In";};["LeftHand"]={cf=cfr(0,0,0,1,0,0,0,1,0,0,0,1);es="Linear";ed="In";};["RightLowerArm"]={cf=cfr(0,.001,.001,1,0,0,0,.644,-.765,0,.765,.644);es="Linear";ed="In";};};{tm=.483;["RightUpperArm"]={cf=cfr(-.002,.001,0,.999,-.045,0,.044,.965,-.259,.012,.259,.966);es="Linear";ed="In";};["Head"]={cf=cfr(0,-.006,0,1,0,0,0,.994,.106,0,-.106,.994);es="Linear";ed="In";};["LeftUpperArm"]={cf=cfr(.002,.001,0,.999,.045,0,-.044,.965,-.259,-.012,.259,.966);es="Linear";ed="In";};["UpperTorso"]={cf=cfr(0,-.013,.003,.998,.061,-.003,-.059,.982,.178,.014,-.177,.984);es="Linear";ed="In";};["RightUpperLeg"]={cf=cfr(0,.022,.005,1,0,0,0,.918,-.397,0,.397,.918);es="Linear";ed="In";};["LeftUpperLeg"]={cf=cfr(0,.044,.022,1,0,0,0,.984,-.176,0,.176,.984);es="Linear";ed="In";};["LeftFoot"]={cf=cfr(0,0,0,1,0,0,0,1,0,0,0,1);es="Linear";ed="In";};["LeftLowerLeg"]={cf=cfr(0,.009,-.027,1,0,0,0,.525,.851,0,-.851,.525);es="Linear";ed="In";};["RightHand"]={cf=cfr(0,0,0,1,0,0,0,1,0,0,0,1);es="Linear";ed="In";};["RightFoot"]={cf=cfr(0,0,0,1,0,0,0,1,0,0,0,1);es="Linear";ed="In";};["RightLowerLeg"]={cf=cfr(0,.002,-.001,1,0,0,0,.788,.616,0,-.616,.788);es="Linear";ed="In";};["LeftLowerArm"]={cf=cfr(0,.002,.002,1,0,0,0,.774,-.633,0,.633,.774);es="Linear";ed="In";};["LowerTorso"]={cf=cfr(0,-.052,0,1,0,0,0,1,0,0,0,1);es="Linear";ed="In";};["LeftHand"]={cf=cfr(0,0,0,1,0,0,0,1,0,0,0,1);es="Linear";ed="In";};["RightLowerArm"]={cf=cfr(0,.001,.001,1,0,0,0,.644,-.765,0,.765,.644);es="Linear";ed="In";};};{tm=.5;["RightUpperArm"]={cf=cfr(-.002,.001,0,.999,-.048,0,.047,.965,-.259,.013,.259,.966);es="Linear";ed="In";};["Head"]={cf=cfr(0,-.006,0,1,0,0,0,.995,.102,0,-.102,.995);es="Linear";ed="In";};["LeftUpperArm"]={cf=cfr(.002,.001,0,.999,.048,0,-.047,.965,-.259,-.013,.259,.966);es="Linear";ed="In";};["UpperTorso"]={cf=cfr(0,-.013,.003,.998,.059,-.003,-.058,.981,.183,.014,-.183,.983);es="Linear";ed="In";};["RightUpperLeg"]={cf=cfr(0,.024,.005,1,0,0,0,.921,-.389,0,.389,.921);es="Linear";ed="In";};["LeftUpperLeg"]={cf=cfr(0,.046,.024,1,0,0,0,.982,-.188,0,.188,.982);es="Linear";ed="In";};["LeftFoot"]={cf=cfr(0,0,0,1,0,0,0,1,0,0,0,1);es="Linear";ed="In";};["LeftLowerLeg"]={cf=cfr(0,.009,-.029,1,0,0,0,.517,.856,0,-.856,.517);es="Linear";ed="In";};["RightHand"]={cf=cfr(0,0,0,1,0,0,0,1,0,0,0,1);es="Linear";ed="In";};["RightFoot"]={cf=cfr(0,0,0,1,0,0,0,1,0,0,0,1);es="Linear";ed="In";};["RightLowerLeg"]={cf=cfr(0,.002,-.001,1,0,0,0,.789,.614,0,-.614,.789);es="Linear";ed="In";};["LeftLowerArm"]={cf=cfr(0,.002,.002,1,0,0,0,.771,-.636,0,.636,.771);es="Linear";ed="In";};["LowerTorso"]={cf=cfr(0,-.055,0,1,0,0,0,1,0,0,0,1);es="Linear";ed="In";};["LeftHand"]={cf=cfr(0,0,0,1,0,0,0,1,0,0,0,1);es="Linear";ed="In";};["RightLowerArm"]={cf=cfr(0,.001,.001,1,0,0,0,.645,-.764,0,.764,.645);es="Linear";ed="In";};};{tm=.517;["RightUpperArm"]={cf=cfr(-.002,.001,0,.999,-.051,0,.05,.965,-.259,.013,.258,.966);es="Linear";ed="In";};["Head"]={cf=cfr(0,-.006,0,1,0,0,0,.995,.097,0,-.097,.995);es="Linear";ed="In";};["LeftUpperArm"]={cf=cfr(.002,.001,0,.999,.051,0,-.05,.965,-.259,-.013,.258,.966);es="Linear";ed="In";};["UpperTorso"]={cf=cfr(0,-.014,.003,.998,.058,-.003,-.056,.98,.189,.014,-.188,.982);es="Linear";ed="In";};["RightUpperLeg"]={cf=cfr(0,.025,.005,1,0,0,0,.924,-.382,0,.382,.924);es="Linear";ed="In";};["LeftUpperLeg"]={cf=cfr(0,.049,.025,1,0,0,0,.98,-.2,0,.2,.98);es="Linear";ed="In";};["LeftFoot"]={cf=cfr(0,0,