local cfr = CFrame.new

return {{tm=0;["LeftUpperArm"]={cf=cfr(0,0,0,.758,.582,-.296,-.596,.802,.05,.267,.139,.954);es="Sine";ed="Out";};["Head"]={cf=cfr(0,0,0,1,-.004,0,.004,.999,.034,0,-.034,.999);es="Sine";ed="In";};["RightUpperArm"]={cf=cfr(0,0,0,.627,-.753,.197,.739,.656,.154,-.245,.049,.968);es="Sine";ed="Out";};["LeftUpperLeg"]={cf=cfr(0,0,0,.989,.146,.027,-.053,.518,-.854,-.139,.843,.52);es="Sine";ed="Out";};["RightUpperLeg"]={cf=cfr(0,0,0,.97,-.215,-.111,.008,.49,-.872,.241,.845,.477);es="Sine";ed="Out";};["UpperTorso"]={cf=cfr(0,0,-.014,1,-.001,.004,-.001,.818,.575,-.004,-.575,.818);es="Sine";ed="Out";};["LeftFoot"]={cf=cfr(0,0,0,1,0,0,0,1,0,0,0,1);es="Linear";ed="In";};["LeftLowerLeg"]={cf=cfr(0,0,0,1,0,0,0,.707,.707,0,-.707,.707);es="Sine";ed="Out";};["RightLowerArm"]={cf=cfr(0,0,0,1,0,0,0,.94,-.342,0,.342,.94);es="Sine";ed="Out";};["LowerTorso"]={cf=cfr(0,-.502,.325,1,0,0,0,1,-.004,0,.004,1);es="Sine";ed="Out";};["RightFoot"]={cf=cfr(0,0,0,1,0,0,0,1,0,0,0,1);es="Linear";ed="In";};["RightLowerLeg"]={cf=cfr(0,0,0,1,0,0,0,.707,.707,0,-.707,.707);es="Sine";ed="Out";};["LeftLowerArm"]={cf=cfr(0,0,0,1,0,0,0,.94,-.342,0,.342,.94);es="Sine";ed="Out";};["LeftHand"]={cf=cfr(0,0,0,1,0,0,0,1,0,0,0,1);es="Linear";ed="In";};["RightHand"]={cf=cfr(0,0,0,1,0,0,0,1,0,0,0,1);es="Linear";ed="In";};};{tm=.017;["RightUpperArm"]={cf=cfr(-.051,.007,.009,.79,-.581,.197,.56,.814,.154,-.249,-.011,.968);es="Linear";ed="In";};["Head"]={cf=cfr(0,0,0,1,-.004,0,.004,.999,.037,0,-.037,.999);es="Linear";ed="In";};["LeftUpperArm"]={cf=cfr(.047,.017,.014,.875,.382,-.296,-.386,.921,.05,.292,.07,.954);es="Linear";ed="In";};["UpperTorso"]={cf=cfr(0,-.019,.006,1,-.002,.004,-.001,.715,.699,-.004,-.699,.715);es="Linear";ed="In";};["RightUpperLeg"]={cf=cfr(-.008,.006,.031,.97,-.235,-.056,.008,.266,-.964,.241,.935,.26);es="Linear";ed="In";};["LeftUpperLeg"]={cf=cfr(.005,.007,.032,.989,.148,-.009,-.053,.298,-.953,-.139,.943,.302);es="Linear";ed="In";};["LeftLowerLeg"]={cf=cfr(0,.013,-.027,1,0,0,0,.516,.856,0,-.856,.516);es="Linear";ed="In";};["RightLowerArm"]={cf=cfr(0,.016,.013,1,0,0,0,.83,-.558,0,.558,.83);es="Linear";ed="In";};["LowerTorso"]={cf=cfr(0,-.765,.325,1,0,0,0,.999,.05,0,-.05,.999);es="Linear";ed="In";};["RightLowerLeg"]={cf=cfr(0,.013,-.027,1,0,0,0,.516,.856,0,-.856,.516);es="Linear";ed="In";};["LeftLowerArm"]={cf=cfr(0,.016,.013,1,0,0,0,.83,-.558,0,.558,.83);es="Linear";ed="In";};};{tm=.033;["RightUpperArm"]={cf=cfr(-.057,.012,.01,.897,-.395,.197,.37,.916,.154,-.241,-.065,.968);es="Linear";ed="In";};["Head"]={cf=cfr(0,-.002,0,1,-.004,0,.004,.999,.044,0,-.044,.999);es="Linear";ed="In";};["LeftUpperArm"]={cf=cfr(.052,.023,.015,.937,.183,-.296,-.176,.983,.05,.3,.005,.954);es="Linear";ed="In";};["UpperTorso"]={cf=cfr(0,-.02,.01,1,-.003,.004,-.001,.606,.795,-.004,-.795,.606);es="Linear";ed="In";};["RightUpperLeg"]={cf=cfr(-.009,.004,.036,.97,-.242,-.004,.008,.05,-.999,.241,.969,.05);es="Linear";ed="In";};["LeftUpperLeg"]={cf=cfr(.005,.005,.037,.989,.143,-.041,-.053,.083,-.995,-.139,.986,.09);es="Linear";ed="In";};["LeftLowerLeg"]={cf=cfr(0,.012,-.031,1,0,0,0,.318,.948,0,-.948,.318);es="Linear";ed="In";};["RightLowerArm"]={cf=cfr(0,.017,.016,1,0,0,0,.689,-.725,0,.725,.689);es="Linear";ed="In";};["LowerTorso"]={cf=cfr(0,-1.001,.325,1,0,0,0,.995,.099,0,-.099,.995);es="Linear";ed="In";};["RightLowerLeg"]={cf=cfr(0,.012,-.031,1,0,0,0,.318,.948,0,-.948,.318);es="Linear";ed="In";};["LeftLowerArm"]={cf=cfr(0,.017,.016,1,0,0,0,.689,-.725,0,.725,.689);es="Linear";ed="In";};};{tm=.05;["RightUpperArm"]={cf=cfr(-.036,.01,.006,.952,-.234,.197,.206,.966,.154,-.226,-.106,.968);es="Linear";ed="In";};["Head"]={cf=cfr(0,-.003,.001,1,-.004,0,.004,.998,.057,0,-.057,.998);es="Linear";ed="In";};["LeftUpperArm"]={cf=cfr(.032,.017,.009,.955,.018,-.296,-.004,.999,.05,.297,-.047,.954);es="Linear";ed="In";};["UpperTorso"]={cf=cfr(0,-.012,.002,1,-.003,.003,-.001,.51,.86,-.004,-.86,.51);es="Linear";ed="In";};["RightUpperLeg"]={cf=cfr(-.006,.001,.023,.97,-.239,.038,.008,-.123,-.992,.241,.963,-.118);es="Linear";ed="In";};["LeftUpperLeg"]={cf=cfr(.003,.002,.023,.989,.134,-.065,-.053,-.09,-.995,-.139,.987,-.082);es="Linear";ed="In";};["LeftLowerLeg"]={cf=cfr(0,.007,-.02,1,0,0,0,.149,.989,0,-.989,.149);es="Linear";ed="In";};["RightLowerArm"]={cf=cfr(0,.01,.011,1,0,0,0,.553,-.833,0,.833,.553);es="Linear";ed="In";};["LowerTorso"]={cf=cfr(0,-1.189,.324,1,0,0,0,.991,.137,0,-.137,.991);es="Linear";ed="In";};["RightLowerLeg"]={cf=cfr(0,.007,-.02,1,0,0,0,.149,.989,0,-.989,.149);es="Linear";ed="In";};["LeftLowerArm"]={cf=cfr(0,.01,.011,1,0,0,0,.553,-.833,0,.833,.553);es="Linear";ed="In";};};{tm=.067;["RightUpperArm"]={cf=cfr(-.011,.003,.002,.972,-.127,.197,.097,.983,.154,-.213,-.13,.968);es="Linear";ed="In";};["Head"]={cf=cfr(0,-.005,.001,1,-.004,0,.004,.997,.074,0,-.074,.997);es="Linear";ed="In";};["LeftUpperArm"]={cf=cfr(.01,.005,.003,.951,-.088,-.296,.108,.993,.05,.29,-.08,.954);es="Linear";ed="In";};["UpperTorso"]={cf=cfr(0,-.004,-.01,1,-.003,.003,-.001,.445,.896,-.004,-.896,.445);es="Linear";ed="In";};["RightUpperLeg"]={cf=cfr(-.002,0,.007,.97,-.233,.064,.008,-.233,-.972,.241,.944,-.224);es="Linear";ed="In";};["LeftUpperLeg"]={cf=cfr(.001,0,.007,.989,.126,-.079,-.053,-.2,-.978,-.139,.972,-.191);es="Linear";ed="In";};["LeftLowerLeg"]={cf=cfr(0,.002,-.006,1,0,0,0,.038,.999,0,-.999,.038);es="Linear";ed="In";};["RightLowerArm"]={cf=cfr(0,.003,.003,1,0,0,0,.457,-.889,0,.889,.457);es="Linear";ed="In";};["LowerTorso"]={cf=cfr(0,-1.309,.324,1,0,0,0,.987,.162,0,-.162,.987);es="Linear";ed="In";};["RightLowerLeg"]={cf=cfr(0,.002,-.006,1,0,0,0,.038,.999,0,-.999,.038);es="Linear";ed="In";};["LeftLowerArm"]={cf=cfr(0,.003,.003,1,0,0,0,.457,-.889,0,.889,.457);es="Linear";ed="In";};};{tm=.083;["Head"]={cf=cfr(0,-.008,.001,1,-.004,0,.004,.995,.096,0,-.096,.995);es="Linear";ed="In";};["LeftUpperArm"]={cf=cfr(0,0,0,.947,-.125,-.296,.146,.988,.05,.286,-.091,.954);es="Sine";ed="In";};["RightUpperArm"]={cf=cfr(0,0,0,.976,-.089,.197,.059,.986,.154,-.208,-.138,.968);es="Sine";ed="In";};["LeftUpperLeg"]={cf=cfr(0,0,0,.989,.123,-.084,-.053,-.238,-.97,-.139,.964,-.228);es="Sine";ed="In";};["RightUpperLeg"]={cf=cfr(0,0,0,.97,-.23,.073,.008,-.27,-.963,.241,.935,-.26);es="Sine";ed="In";};["UpperTorso"]={cf=cfr(0,0,-.014,1,-.003,.003,-.001,.422,.907,-.004,-.907,.422);es="Sine";ed="In";};["LeftLowerArm"]={cf=cfr(0,0,0,1,0,0,0,.423,-.906,0,.906,.423);es="Cubic";ed="In";};["LeftLowerLeg"]={cf=cfr(0,0,0,1,0,0,0,0,1,0,-1,0);es="Sine";ed="In";};["RightLowerLeg"]={cf=cfr(0,0,0,1,0,0,0,0,1,0,-1,0);es="Sine";ed="In";};["LowerTorso"]={cf=cfr(0,-1.35,.324,1,0,0,0,.985,.17,0,-.17,.985);es="Sine";ed="In";};["RightLowerArm"]={cf=cfr(0,0,0,1,0,0,0,.423,-.906,0,.906,.423);es="Cubic";ed="In";};};{tm=.1;["Head"]={cf=cfr(0,-.01,.002,1,-.004,0,.004,.993,.122,0,-.122,.993);es="Linear";ed="In";};["RightUpperArm"]={cf=cfr(-.001,0,0,.976,-.096,.197,.066,.986,.154,-.209,-.137,.968);es="Linear";ed="In";};["LeftUpperArm"]={cf=cfr(.001,.001,0,.948,-.118,-.296,.139,.989,.05,.287,-.089,.954);es="Linear";ed="In";};["UpperTorso"]={cf=cfr(0,-.002,-.012,1,-.003,.003,-.001,.432,.902,-.004,-.902,.432);es="Linear";ed="In";};["RightUpperLeg"]={cf=cfr(0,0,.003,.971,-.228,.071,.01,-.256,-.967,.239,.939,-.246);es="Linear";ed="In";};["LeftUpperLeg"]={cf=cfr(0,0,.003,.989,.121,-.083,-.055,-.223,-.973,-.136,.967,-.214);es="Linear";ed="In";};["LeftLowerLeg"]={cf=cfr(0,.001,-.003,1,0,0,0,.015,1,0,-1,.015);es="Linear";ed="In";};["RightLowerLeg"]={cf=cfr(0,.001,-.003,1,0,0,0,.015,1,0,-1,.015);es="Linear";ed="In";};["LowerTorso"]={cf=cfr(0,-1.335,.324,1,0,0,0,.985,.17,0,-.17,.985);es="Linear";ed="In";};};{tm=.117;["Head"]={cf=cfr(0,-.012,.002,1,-.004,0,.004,.989,.151,0,-.151,.989);es="Linear";ed="In";};["RightUpperArm"]={cf=cfr(-.003,.001,0,.974,-.115,.197,.085,.984,.154,-.211,-.133,.968);es="Linear";ed="In";};["LeftUpperArm"]={cf=cfr(.003,.002,.001,.95,-.099,-.296,.119,.992,.05,.289,-.083,.954);es="Linear";ed="In";};["UpperTorso"]={cf=cfr(0,-.008,-.003,1,-.003,.003,-.001,.463,.886,-.004,-.886,.463);es="Linear";ed="In";};["RightUpperLeg"]={cf=cfr(-.001,0,.011,.973,-.222,.063,.015,-.213,-.977,.23,.952,-.204);es="Linear";ed="In";};["LeftUpperLeg"]={cf=cfr(0,0,.011,.99,.115,-.081,-.06,-.18,-.982,-.127,.977,-.171);es="Linear";ed="In";};["LeftLowerLeg"]={cf=cfr(0,.003,-.009,1,0,0,0,.06,.998,0,-.998,.06);es="Linear";ed="In";};["RightLowerLeg"]={cf=cfr(0,.003,-.009,1,0,0,0,.06,.998,0,-.998,.06);es="Linear";ed="In";};["LowerTorso"]={cf=cfr(0,-1.289,.324,1,0,0,0,.985,.17,0,-.17,.985);es="Linear";ed="In";};};{tm=.133;["Head"]={cf=cfr(0,-.013,.003,1,-.004,0,.004,.983,.184,0,-.184,.983);es="Linear";ed="In";};["RightUpperArm"]={cf=cfr(-.006,.003,.001,.969,-.146,.197,.117,.981,.154,-.216,-.126,.968);es="Linear";ed="In";};["LeftUpperArm"]={cf=cfr(.005,.004,.001,.953,-.069,-.296,.087,.995,.05,.291,-.074,.954);es="Linear";ed="In";};["UpperTorso"]={cf=cfr(0,-.016,.007,1,-.003,.003,-.001,.513,.859,-.004,-.859,.513);es="Linear";ed="In";};["RightUpperLeg"]={cf=cfr(-.003,0,.022,.976,-.21,.053,.023,-.142,-.99,.216,.967,-.134);es="Linear";ed="In";};["LeftUpperLeg"]={cf=cfr(0,.001,.022,.991,.105,-.079,-.067,-.108,-.992,-.112,.989,-.1);es="Linear";ed="In";};["LeftLowerLeg"]={cf=cfr(0,.006,-.018,1,0,0,0,.132,.991,0,-.991,.132);es="Linear";ed="In";};["RightLowerLeg"]={cf=cfr(0,.006,-.018,1,0,0,0,.132,.991,0,-.991,.132);es="Linear";ed="In";};["LowerTorso"]={cf=cfr(0,-1.215,.324,1,0,0,0,.985,.17,0,-.17,.985);es="Linear";ed="In";};};{tm=.15;["Head"]={cf=cfr(0,-.013,.003,1,-.004,0,.004,.976,.219,0,-.219,.976);es="Linear";ed="In";};["RightUpperArm"]={cf=cfr(-.009,.004,.001,.962,-.188,.197,.159,.975,.154,-.221,-.117,.968);es="Linear";ed="In";};["LeftUpperArm"]={cf=cfr(.008,.006,.002,.955,-.027,-.296,.044,.998,.05,.294,-.061,.954);es="Linear";ed="In";};["UpperTorso"]={cf=cfr(0,-.024,.018,1,-.002,.002,-.001,.576,.817,-.003,-.817,.576);es="Linear";ed="In";};["RightUpperLeg"]={cf=cfr(-.004,.002,.032,.98,-.194,.039,.031,-.046,-.998,.195,.98,-.039);es="Linear";ed="In";};["LeftUpperLeg"]={cf=cfr(0,.003,.032,.993,.091,-.076,-.076,-.011,-.997,-.092,.996,-.004);es="Linear";ed="In";};["LeftLowerLeg"]={cf=cfr(0,.01,-.027,1,0,0,0,.228,.974,0,-.974,.228);es="Linear";ed="In";};["RightLowerLeg"]={cf=cfr(0,.01,-.027,1,0,0,0,.228,.974,0,-.974,.228);es="Linear";ed="In";};["LowerTorso"]={cf=cfr(0,-1.116,.324,1,0,0,0,.985,.17,0,-.17,.985);es="Linear";ed="In";};};{tm=.167;["Head"]={cf=cfr(0,-.012,.003,1,-.003,-.001,.004,.967,.257,0,-.257,.967);es="Linear";ed="In";};["RightUpperArm"]={cf=cfr(-.011,.005,.002,.951,-.239,.197,.211,.965,.154,-.227,-.105,.968);es="Linear";ed="In";};["LeftUpperArm"]={cf=cfr(.01,.007,.003,.955,.023,-.296,-.009,.999,.05,.297,-.045,.954);es="Linear";ed="In";};["UpperTorso"]={cf=cfr(0,-.029,.025,1,-.002,.002,0,.65,.76,-.003,-.76,.65);es="Linear";ed="In";};["RightUpperLeg"]={cf=cfr(-.004,.003,.038,.985,-.172,.025,.038,.072,-.997,.17,.982,.078);es="Linear";ed="In";};["LeftUpperLeg"]={cf=cfr(0,.005,.038,.994,.075,-.075,-.083,.107,-.991,-.066,.991,.112);es="Linear";ed="In";};["LeftLowerLeg"]={cf=cfr(0,.013,-.032,1,0,0,0,.342,.94,0,-.94,.342);es="Linear";ed="In";};["RightLowerLeg"]={cf=cfr(0,.013,-.032,1,0,0,0,.342,.94,0,-.94,.342);es="Linear";ed="In";};["LowerTorso"]={cf=cfr(0,-.994,.324,1,0,0,0,.985,.17,0,-.17,.985);es="Linear";ed="In";};};{tm=.183;["Head"]={cf=cfr(0,-.01,.002,1,-.003,-.001,.004,.955,.295,0,-.295,.955);es="Linear";ed="In";};["RightUpperArm"]={cf=cfr(-.011,.004,.001,.935,-.296,.197,.269,.951,.154,-.233,-.091,.968);es="Linear";ed="In";};["LeftUpperArm"]={cf=cfr(.009,.006,.003,.952,.081,-.296,-.069,.996,.05,.299,-.027,.954);es="Linear";ed="In";};["UpperTorso"]={cf=cfr(0,-.029,.025,1,-.001,.001,0,.726,.687,-.002,-.687,.726);es="Linear";ed="In";};["RightUpperLeg"]={cf=cfr(-.004,.005,.037,.989,-.145,.012,.043,.206,-.978,.139,.968,.21);es="Linear";ed="In";};["LeftUpperLeg"]={cf=cfr(0,.006,.036,.996,.056,-.076,-.087,.24,-.967,-.036,.969,.244);es="Linear";ed="In";};["LeftLowerLeg"]={cf=cfr(0,.013,-.03,1,0,0,0,.466,.885,0,-.885,.466);es="Linear";ed="In";};["RightLowerLeg"]={cf=cfr(0,.013,-.03,1,0,0,0,.466,.885,0,-.885,.466);es="Linear";ed="In";};["LowerTorso"]={cf=cfr(0,-.856,.324,1,0,0,0,.985,.17,0,-.17,.985);es="Linear";ed="In";};};{tm=.2;["Head"]={cf=cfr(0,-.006,.001,1,-.003,-.001,.004,.942,.335,0,-.335,.942);es="Linear";ed="In";};["RightUpperArm"]={cf=cfr(-.007,.003,.001,.913,-.356,.197,.33,.931,.154,-.238,-.075,.968);es="Linear";ed="In";};["LeftUpperArm"]={cf=cfr(.006,.004,.002,.944,.143,-.296,-.134,.99,.05,.3,-.008,.954);es="Linear";ed="In";};["UpperTorso"]={cf=cfr(0,-.02,.017,1,0,.001,0,.8,.6,-.001,-.6,.8);es="Linear";ed="In";};["RightUpperLeg"]={cf=cfr(-.002,.005,.024,.993,-.114,.003,.043,.347,-.937,.106,.931,.349);es="Linear";ed="In";};["LeftUpperLeg"]={cf=cfr(0,.005,.024,.996,.035,-.08,-.088,.379,-.921,-.002,.925,.381);es="Linear";ed="In";};["LeftLowerLeg"]={cf=cfr(0,.01,-.019,1,0,0,0,.591,.807,0,-.807,.591);es="Linear";ed="In";};["RightLowerLeg"]={cf=cfr(0,.01,-.019,1,0,0,0,.591,.807,0,-.807,.591);es="Linear";ed="In";};["LowerTorso"]={cf=cfr(0,-.706,.324,1,0,0,0,.985,.17,0,-.17,.985);es="Linear";ed="In";};};{tm=.217;["LeftUpperArm"]={cf=cfr(0,0,0,.932,.207,-.296,-.201,.978,.05,.3,.013,.954);es="Cubic";ed="In";};["Head"]={cf=cfr(0,0,0,1,-.003,-.001,.004,.927,.374,0,-.374,.927);es="Cubic";ed="In";};["RightUpperArm"]={cf=cfr(0,0,0,.887,-.418,.197,.393,.907,.154,-.243,-.059,.968);es="Cubic";ed="In";};["LeftUpperLeg"]={cf=cfr(0,0,0,.996,.015,-.087,-.083,.515,-.853,.032,.857,.515);es="Cubic";ed="In";};["RightUpperLeg"]={cf=cfr(0,0,0,.997,-.081,-.002,.038,.485,-.874,.072,.871,.487);es="Cubic";ed="In";};["UpperTorso"]={cf=cfr(0,0,0,1,0,0,0,.866,.5,0,-.5,.866);es="Cubic";ed="In";};["LeftLowerLeg"]={cf=cfr(0,0,0,1,0,0,0,.707,.707,0,-.707,.707);es="Cubic";ed="In";};["RightLowerLeg"]={cf=cfr(0,0,0,1,0,0,0,.707,.707,0,-.707,.707);es="Cubic";ed="In";};["LowerTorso"]={cf=cfr(0,-.55,.324,1,0,0,0,.985,.17,0,-.17,.985);es="Cubic";ed="In";};};{tm=.567;["Head"]={cf=cfr(0,0,0,1,-.004,0,.004,.999,.034,0,-.034,.999);es="Sine";ed="In";};["LeftUpperArm"]={cf=cfr(-.4,-.276,.117,-.5,.866,0,-.866,-.5,0,0,0,1);es="Sine";ed="In";};["RightUpperArm"]={cf=cfr(.4,-.276,.117,-.5,-.866,0,.866,-.5,0,0,0,1);es="Sine";ed="In";};["LeftUpperLeg"]={cf=cfr(0,0,0,.998,-.07,-.002,.069,.99,-.122,.01,.121,.993);es="Sine";ed="In";};["RightUpperLeg"]={cf=cfr(0,0,0,.998,.07,.001,-.069,.988,-.139,-.011,.139,.99);es="Sine";ed="In";};["UpperTorso"]={cf=cfr(0,0,0,1,0,0,0,.94,-.342,0,.342,.94);es="Sine";ed="In";};["LeftLowerArm"]={cf=cfr(0,0,0,1,0,0,0,.985,-.174,0,.174,.985);es="Quad";ed="Out";};["LeftLowerLeg"]={cf=cfr(0,0,0,1,0,0,0,.985,.174,0,-.174,.985);es="Sine";ed="In";};["RightLowerLeg"]={cf=cfr(0,0,0,1,0,0,0,.985,.174,0,-.174,.985);es="Sine";ed="In";};["LowerTorso"]={cf=cfr(0,0,0,1,0,0,0,.999,-.052,0,.052,.999);es="Sine";ed="In";};["RightLowerArm"]={cf=cfr(0,0,0,1,0,0,0,.985,-.174,0,.174,.985);es="Quad";ed="Out";};};{tm=.583;["RightUpperArm"]={cf=cfr(.4,-.276,.117,-.497,-.868,0,.868,-.497,0,0,0,1);es="Linear";ed="In";};["LeftUpperArm"]={cf=cfr(-.4,-.276,.117,-.497,.868,0,-.868,-.497,0,0,0,1);es="Linear";ed="In";};["Head"]={cf=cfr(0,0,0,1,-.004,0,.004,.999,.036,0,-.036,.999);es="Linear";ed="In";};["UpperTorso"]={cf=cfr(0,0,0,1,0,0,0,.94,-.34,0,.34,.94);es="Linear";ed="In";};["RightUpperLeg"]={cf=cfr(0,0,0,.998,.068,-.005,-.068,.988,-.139,-.004,.139,.99);es="Linear";ed="In";};["LeftUpperLeg"]={cf=cfr(0,0,0,.998,-.068,.005,.068,.99,-.122,.004,.122,.993);es="Linear";ed="In";};["LeftLowerArm"]={cf=cfr(0,.002,.001,1,0,0,0,.98,-.201,0,.201,.98);es="Linear";ed="In";};["LeftLowerLeg"]={cf=cfr(0,0,0,1,0,0,0,.985,.174,0,-.174,.985);es="Linear";ed="In";};["RightLowerLeg"]={cf=cfr(0,0,0,1,0,0,0,.985,.174,0,-.174,.985);es="Linear";ed="In";};["LowerTorso"]={cf=cfr(0,-.002,0,1,0,0,0,.999,-.052,0,.052,.999);es="Linear";ed="In";};["RightLowerArm"]={cf=cfr(0,.004,.002,1,0,0,0,.978,-.209,0,.209,.978);es="Linear";ed="In";};};{tm=.6;["RightUpperArm"]={cf=cfr(.4,-.277,.117,-.488,-.873,0,.873,-.488,0,0,0,1);es="Linear";ed="In";};["LeftUpperArm"]={cf=cfr(-.4,-.277,.117,-.488,.873,0,-.873,-.488,0,0,0,1);es="Linear";ed="In";};["Head"]={cf=cfr(0,0,0,1,-.004,0,.004,.999,.041,0,-.041,.999);es="Linear";ed="In";};["UpperTorso"]={cf=cfr(0,0,0,1,0,0,0,.943,-.333,0,.333,.943);es="Linear";ed="In";};["RightUpperLeg"]={cf=cfr(0,0,.001,.998,.062,-.025,-.065,.988,-.139,.016,.14,.99);es="Linear";ed="In";};["LeftUpperLeg"]={cf=cfr(0,0,.001,.998,-.062,.024,.065,.99,-.121,-.017,.123,.992);es="Linear";ed="In";};["LeftLowerArm"]={cf=cfr(0,.004,.002,1,0,0,0,.974,-.228,0,.228,.974);es="Linear";ed="In";};["LeftLowerLeg"]={cf=cfr(0,0,0,1,0,0,0,.985,.174,0,-.174,.985);es="Linear";ed="In";};["RightLowerLeg"]={cf=cfr(0,0,0,1,0,0,0,.985,.174,0,-.174,.985);es="Linear";ed="In";};["LowerTorso"]={cf=cfr(0,-.007,0,1,0,0,0,.999,-.052,0,.052,.999);es="Linear";ed="In";};["RightLowerArm"]={cf=cfr(0,.007,.003,1,0,0,0,.97,-.243,0,.243,.97);es="Linear";ed="In";};};{tm=.617;["RightUpperArm"]={cf=cfr(.4,-.278,.117,-.474,-.88,0,.88,-.474,0,0,0,1);es="Linear";ed="In";};["LeftUpperArm"]={cf=cfr(-.4,-.278,.117,-.474,.88,0,-.88,-.474,0,0,0,1);es="Linear";ed="In";};["Head"]={cf=cfr(0,0,0,1,-.004,0,.004,.999,.049,0,-.049,.999);es="Linear";ed="In";};["UpperTorso"]={cf=cfr(0,-.001,0,1,0,0,0,.947,-.323,0,.323,.947);es="Linear";ed="In";};["RightUpperLeg"]={cf=cfr(0,0,.001,.997,.053,-.057,-.06,.989,-.138,.049,.141,.989);es="Linear";ed="In";};["LeftUpperLeg"]={cf=cfr(0,0,.001,.997,-.054,.056,.06,.991,-.121,-.049,.124,.991);es="Linear";ed="In";};["LeftLowerArm"]={cf=cfr(0,.006,.003,1,0,0,0,.967,-.254,0,.254,.967);es="Linear";ed="In";};["LeftLowerLeg"]={cf=cfr(0,0,0,1,0,0,0,.985,.174,0,-.174,.985);es="Linear";ed="In";};["RightLowerLeg"]={cf=cfr(0,0,0,1,0,0,0,.985,.174,0,-.174,.985);es="Linear";ed="In";};["LowerTorso"]={cf=cfr(0,-.014,0,1,0,0,0,.999,-.052,0,.052,.999);es="Linear";ed="In";};["RightLowerArm"]={cf=cfr(0,.01,.005,1,0,0,0,.961,-.277,0,.277,.961);es="Linear";ed="In";};};{tm=.633;["RightUpperArm"]={cf=cfr(.4,-.279,.117,-.455,-.89,0,.89,-.455,0,0,0,1);es="Linear";ed="In";};["LeftUpperArm"]={cf=cfr(-.4,-.279,.117,-.455,.89,0,-.89,-.455,0,0,0,1);es="Linear";ed="In";};["Head"]={cf=cfr(0,-.001,0,1,-.004,0,.004,.998,.06,0,-.06,.998);es="Linear";ed="In";};["UpperTorso"]={cf=cfr(0,-.001,0,1,0,0,0,.951,-.308,0,.308,.951);es="Linear";ed="In";};["RightUpperLeg"]={cf=cfr(0,0,.002,.994,.04,-.099,-.053,.989,-.138,.092,.143,.985);es="Linear";ed="In";};["LeftUpperLeg"]={cf=cfr(0,0,.002,.994,-.042,.099,.054,.991,-.121,-.093,.126,.988);es="Linear";ed="In";};["LeftLowerArm"]={cf=cfr(0,.008,.003,1,0,0,0,.96,-.279,0,.279,.96);es="Linear";ed="In";};["LeftLowerLeg"]={cf=cfr(0,0,0,1,0,0,0,.985,.174,0,-.174,.985);es="Linear";ed="In";};["RightLowerLeg"]={cf=cfr(0,0,0,1,0,0,0,.985,.174,0,-.174,.985);es="Linear";ed="In";};["LowerTorso"]={cf=cfr(0,-.025,0,1,0,0,0,.999,-.052,0,.052,.999);es="Linear";ed="In";};["RightLowerArm"]={cf=cfr(0,.012,.006,1,0,0,0,.951,-.309,0,.309,.951);es="Linear";ed="In";};};{tm=.65;["RightUpperArm"]={cf=cfr(.399,-.279,.117,-.431,-.902,0,.902,-.431,0,0,0,1);es="Linear";ed="In";};["LeftUpperArm"]={cf=cfr(-.399,-.279,.117,-.431,.902,0,-.902,-.431,0,0,0,1);es="Linear";ed="In";};["Head"]={cf=cfr(0,-.001,0,1,-.004,0,.004,.997,.073,0,-.073,.997);es="Linear";ed="In";};["UpperTorso"]={cf=cfr(0,-.002,-.001,1,0,0,0,.957,-.291,0,.291,.957);es="Linear";ed="In";};["RightUpperLeg"]={cf=cfr(0,0,.002,.988,.024,-.151,-.045,.989,-.138,.146,.144,.979);es="Linear";ed="In";};["LeftUpperLeg"]={cf=cfr(0,0,.002,.988,-.027,.15,.046,.992,-.121,-.146,.126,.981);es="Linear";ed="In";};["LeftLowerArm"]={cf=cfr(0,.009,.004,1,0,0,0,.953,-.303,0,.303,.953);es="Linear";ed="In";};["LeftLowerLeg"]={cf=cfr(0,0,0,1,0,0,0,.985,.174,0,-.174,.985);es="Linear";ed="In";};["RightLowerLeg"]={cf=cfr(0,0,0,1,0,0,0,.985,.174,0,-.174,.985);es="Linear";ed="In";};["LowerTorso"]={cf=cfr(0,-.038,0,1,0,0,0,.999,-.052,0,.052,.999);es="Linear";ed="In";};["RightLowerArm"]={cf=cfr(0,.014,.008,1,0,0,0,.941,-.34,0,.34,.941);es="Linear";ed="In";};};{tm=.667;["RightUpperArm"]={cf=cfr(.399,-.279,.117,-.404,-.915,0,.915,-.404,0,0,0,1);es="Linear";ed="In";};["LeftUpperArm"]={cf=cfr(-.399,-.279,.117,-.404,.915,0,-.915,-.404,0,0,0,1);es="Linear";ed="In";};["Head"]={cf=cfr(0,-.001,0,1,-.004,0,.004,.996,.088,0,-.088,.996);es="Linear";ed="In";};["UpperTorso"]={cf=cfr(0,-.002,0,1,0,0,0,.963,-.27,0,.27,.963);es="Linear";ed="In";};["RightUpperLeg"]={cf=cfr(0,0,.002,.978,.007,-.209,-.036,.99,-.139,.206,.143,.968);es="Linear";ed="In";};["LeftUpperLeg"]={cf=cfr(0,0,.002,.978,-.01,.209,.036,.992,-.122,-.206,.127,.97);es="Linear";ed="In";};["LeftLowerArm"]={cf=cfr(0,.01,.005,1,0,0,0,.945,-.327,0,.327,.945);es="Linear";ed="In";};["LeftLowerLeg"]={cf=cfr(0,0,0,1,0,0,0,.985,.174,0,-.174,.985);es="Linear";ed="In";};["RightLowerLeg"]={cf=cfr(0,0,0,1,0,0,0,.985,.174,0,-.174,.985);es="Linear";ed="In";};["LowerTorso"]={cf=cfr(0,-.053,0,1,0,0,0,.999,-.052,0,.052,.999);es="Linear";ed="In";};["RightLowerArm"]={cf=cfr(0,.016,.009,1,0,0,0,.929,-.369,0,.369,.929);es="Linear";ed="In";};};{tm=.683;["RightUpperArm"]={cf=cfr(.4,-.278,.117,-.374,-.928,0,.928,-.374,0,0,0,1);es="Linear";ed="In";};["LeftUpperArm"]={cf=cfr(-.4,-.278,.117,-.374,.928,0,-.928,-.374,0,0,0,1);es="Linear";ed="In";};["Head"]={cf=cfr(0,-.001,0,1,-.004,0,.004,.995,.104,0,-.104,.995);es="Linear";ed="In";};["UpperTorso"]={cf=cfr(0,-.001,0,1,0,0,0,.969,-.248,0,.248,.969);es="Linear";ed="In";};["RightUpperLeg"]={cf=cfr(0,0,.001,.962,-.013,-.271,-.027,.99,-.14,.27,.142,.952);es="Linear";ed="In";};["LeftUpperLeg"]={cf=cfr(0,0,.001,.962,.008,.271,.027,.992,-.123,-.27,.126,.955);es="Linear";ed="In";};["LeftLowerArm"]={cf=cfr(0,.011,.005,1,0,0,0,.937,-.35,0,.35,.937);es="Linear";ed="In";};["LeftLowerLeg"]={cf=cfr(0,0,0,1,0,0,0,.985,.174,0,-.174,.985);es="Linear";ed="In";};["RightLowerLeg"]={cf=cfr(0,0,0,1,0,0,0,.985,.174,0,-.174,.985);es="Linear";ed="In";};["LowerTorso"]={cf=cfr(0,-.069,0,1,0,0,0,.999,-.052,0,.052,.999);es="Linear";ed="In";};["RightLowerArm"]={cf=cfr(0,.017,.01,1,0,0,0,.917,-.398,0,.398,.917);es="Linear";ed="In";};};{tm=.7;["LeftLowerArm"]={cf=cfr(0,.012,.006,1,0,0,0,.928,-.372,0,.372,.928);es="Linear";ed="In";};["RightLowerArm"]={cf=cfr(0,.018,.011,1,0,0,0,.905,-.426,0,.426,.905);es="Linear";ed="In";};["LeftUpperArm"]={cf=cfr(-.4,-.276,.117,-.342,.94,0,-.94,-.342,0,0,0,1);es="Quad";ed="Out";};["Head"]={cf=cfr(0,0,0,1,-.004,0,.004,.993,.121,0,-.121,.993);es="Quad";ed="Out";};["RightUpperArm"]={cf=cfr(.4,-.276,.117,-.342,-.94,0,.94,-.342,0,0,0,1);es="Quad";ed="Out";};["LeftUpperLeg"]={cf=cfr(0,0,0,.942,.027,.335,.016,.992,-.125,-.336,.123,.934);es="Linear";ed="In";};["RightUpperLeg"]={cf=cfr(0,0,0,.942,-.032,-.335,-.016,.99,-.142,.336,.139,.932);es="Linear";ed="In";};["UpperTorso"]={cf=cfr(0,0,0,1,0,0,0,.974,-.225,0,.225,.974);es="Quad";ed="Out";};["LeftLowerLeg"]={cf=cfr(0,0,0,1,0,0,0,.985,.174,0,-.174,.985);es="Linear";ed="Out";};["RightLowerLeg"]={cf=cfr(0,0,0,1,0,0,0,.985,.174,0,-.174,.985);es="Linear";ed="In";};["LowerTorso"]={cf=cfr(0,-.086,0,1,0,0,0,.999,-.052,0,.052,.999);es="Linear";ed="In";};};{tm=.717;["LeftLowerArm"]={cf=cfr(0,.012,.006,1,0,0,0,.92,-.393,0,.393,.92);es="Linear";ed="In";};["RightLowerArm"]={cf=cfr(0,.019,.011,1,0,0,0,.892,-.452,0,.452,.892);es="Linear";ed="In";};["RightUpperArm"]={cf=cfr(.331,-.298,.121,-.249,-.969,-.012,.968,-.249,.011,-.014,-.009,1);es="Linear";ed="In";};["Head"]={cf=cfr(0,0,0,1,-.003,0,.003,.993,.114,0,-.114,.993);es="Linear";ed="In";};["LeftUpperArm"]={cf=cfr(-.339,-.299,.116,-.255,.967,-.001,-.967,-.255,.01,.009,.004,1);es="Linear";ed="In";};["UpperTorso"]={cf=cfr(0,-.004,0,1,0,0,0,.979,-.203,0,.203,.979);es="Linear";ed="In";};};{tm=.733;["LeftLowerArm"]={cf=cfr(0,.012,.006,1,0,0,0,.911,-.413,0,.413,.911);es="Linear";ed="In";};["RightLowerArm"]={cf=cfr(0,.02,.012,1,0,0,0,.879,-.477,0,.477,.879);es="Linear";ed="In";};["RightUpperArm"]={cf=cfr(.267,-.312,.123,-.156,-.988,-.023,.987,-.156,.024,-.027,-.019,.999);es="Linear";ed="In";};["Head"]={cf=cfr(0,-.001,0,1,-.003,0,.003,.994,.108,0,-.108,.994);es="Linear";ed="In";};["LeftUpperArm"]={cf=cfr(-.282,-.316,.115,-.169,.986,-.003,-.985,-.169,.019,.018,.006,1);es="Linear";ed="In";};["UpperTorso"]={cf=cfr(0,-.008,-.001,1,0,0,0,.983,-.181,0,.181,.983);es="Linear";ed="In";};};{tm=.75;["LeftLowerArm"]={cf=cfr(0,.013,.006,1,0,0,0,.902,-.432,0,.432,.902);es="Linear";ed="In";};["RightLowerArm"]={cf=cfr(0,.02,.012,1,0,0,0,.865,-.501,0,.501,.865);es="Linear";ed="In";};["RightUpperArm"]={cf=cfr(.208,-.32,.124,-.064,-.997,-.033,.997,-.065,.036,-.038,-.03,.999);es="Linear";ed="In";};["Head"]={cf=cfr(0,-.001,0,1,-.003,0,.003,.995,.101,0,-.101,.995);es="Linear";ed="In";};["LeftUpperArm"]={cf=cfr(-.23,-.326,.114,-.084,.996,-.006,-.996,-.084,.027,.027,.008,1);es="Linear";ed="In";};["UpperTorso"]={cf=cfr(0,-.011,-.001,1,0,0,0,.987,-.16,0,.16,.987);es="Linear";ed="In";};};{tm=.767;["LeftLowerArm"]={cf=cfr(0,.013,.007,1,0,0,0,.893,-.451,0,.451,.893);es="Linear";ed="In";};["RightLowerArm"]={cf=cfr(0,.02,.013,1,0,0,0,.852,-.524,0,.524,.852);es="Linear";ed="In";};["RightUpperArm"]={cf=cfr(.154,-.322,.123,.026,-.999,-.04,.998,.024,.049,-.048,-.042,.998);es="Linear";ed="In";};["Head"]={cf=cfr(0,-.001,0,1,-.003,0,.003,.995,.095,0,-.095,.995);es="Linear";ed="In";};["LeftUpperArm"]={cf=cfr(-.182,-.331,.112,-.001,1,-.009,-.999,-.001,.035,.035,.009,.999);es="Linear";ed="In";};["UpperTorso"]={cf=cfr(0,-.013,-.001,1,0,0,0,.99,-.14,0,.14,.99);es="Linear";ed="In";};};{tm=.783;["LeftLowerArm"]={cf=cfr(0,.013,.007,1,0,0,0,.883,-.469,0,.469,.883);es="Linear";ed="In";};["RightLowerArm"]={cf=cfr(0,.02,.013,1,0,0,0,.838,-.546,0,.546,.838);es="Linear";ed="In";};["RightUpperArm"]={cf=cfr(.106,-.319,.122,.112,-.993,-.047,.992,.109,.063,-.057,-.054,.997);es="Linear";ed="In";};["Head"]={cf=cfr(0,-.001,0,1,-.003,0,.003,.996,.089,0,-.089,.996);es="Linear";ed="In";};["LeftUpperArm"]={cf=cfr(-.138,-.332,.11,.079,.997,-.013,-.996,.08,.043,.044,.01,.999);es="Linear";ed="In";};["UpperTorso"]={cf=cfr(0,-.015,-.001,1,0,0,0,.993,-.12,0,.12,.993);es="Linear";ed="In";};};{tm=.8;["LeftLowerArm"]={cf=cfr(0,.013,.007,1,0,0,0,.874,-.486,0,.486,.874);es="Linear";ed="In";};["RightLowerArm"]={cf=cfr(0,.02,.013,1,0,0,0,.824,-.567,0,.567,.824);es="Linear";ed="In";};["RightUpperArm"]={cf=cfr(.063,-.312,.12,.195,-.979,-.052,.979,.191,.076,-.064,-.066,.996);es="Linear";ed="In";};["Head"]={cf=cfr(0,-.001,0,1,-.002,0,.002,.997,.083,0,-.083,.997);es="Linear";ed="In";};["LeftUpperArm"]={cf=cfr(-.1,-.329,.108,.156,.988,-.018,-.986,.157,.05,.052,.01,.999);es="Linear";ed="In";};["RightLowerLeg"]={cf=cfr(0,.014,-.007,1,0,0,0,.066,.998,0,-.998,.066);es="Quad";ed="Out";};["UpperTorso"]={cf=cfr(0,-.017,-.001,1,0,0,0,.995,-.101,0,.101,.995);es="Linear";ed="In";};["RightUpperLeg"]={cf=cfr(-.051,.023,.026,.808,-.456,-.372,.035,.668,-.743,.587,.588,.556);es="Quad";ed="Out";};};{tm=.817;["LeftLowerArm"]={cf=cfr(0,.012,.007,1,0,0,0,.865,-.502,0,.502,.865);es="Linear";ed="In";};["RightLowerArm"]={cf=cfr(0,.019,.013,1,0,0,0,.81,-.587,0,.587,.81);es="Linear";ed="In";};["RightUpperArm"]={cf=cfr(.026,-.301,.117,.274,-.96,-.056,.959,.269,.089,-.071,-.078,.994);es="Linear";ed="In";};["Head"]={cf=cfr(0,-.002,0,1,-.002,0,.002,.997,.078,0,-.078,.997);es="Linear";ed="In";};["LeftUpperArm"]={cf=cfr(-.065,-.323,.106,.23,.973,-.022,-.971,.231,.056,.06,.009,.998);es="Linear";ed="In";};["UpperTorso"]={cf=cfr(0,-.018,-.001,1,0,0,0,.997,-.082,0,.082,.997);es="Linear";ed="In";};["RightUpperLeg"]={cf=cfr(-.063,.018,.022,.778,-.477,-.409,.027,.676,-.737,.628,.562,.538);es="Linear";ed="In";};["RightLowerLeg"]={cf=cfr(0,.02,-.028,1,0,0,0,.233,.972,0,-.972,.233);es="Linear";ed="In";};};{tm=.833;["LeftLowerArm"]={cf=cfr(0,.012,.007,1,0,0,0,.855,-.518,0,.518,.855);es="Linear";ed="In";};["RightLowerArm"]={cf=cfr(0,.019,.013,1,0,0,0,.796,-.605,0,.605,.796);es="Linear";ed="In";};["RightUpperArm"]={cf=cfr(-.007,-.288,.113,.349,-.935,-.059,.934,.342,.102,-.076,-.091,.993);es="Linear";ed="In";};["Head"]={cf=cfr(0,-.002,0,1,-.002,0,.002,.997,.072,0,-.072,.997);es="Linear";ed="In";};["LeftUpperArm"]={cf=cfr(-.036,-.314,.103,.3,.954,-.027,-.952,.301,.062,.068,.007,.998);es="Linear";ed="In";};["UpperTorso"]={cf=cfr(0,-.019,-.001,1,0,0,0,.998,-.064,0,.064,.998);es="Linear";ed="In";};["RightUpperLeg"]={cf=cfr(-.072,.014,.017,.749,-.494,-.442,.02,.683,-.73,.663,.538,.521);es="Linear";ed="In";};["RightLowerLeg"]={cf=cfr(0,.023,-.036,1,0,0,0,.375,.927,0,-.927,.375);es="Linear";ed="In";};};{tm=.85;["LeftLowerArm"]={cf=cfr(0,.012,.006,1,0,0,0,.846,-.533,0,.533,.846);es="Linear";ed="In";};["RightLowerArm"]={cf=cfr(0,.018,.012,1,0,0,0,.782,-.623,0,.623,.782);es="Linear";ed="In";};["RightUpperArm"]={cf=cfr(-.034,-.273,.109,.419,-.906,-.06,.905,.41,.115,-.079,-.103,.992);es="Linear";ed="In";};["Head"]={cf=cfr(0,-.002,0,1,-.002,0,.002,.998,.067,0,-.067,.998);es="Linear";ed="In";};["LeftUpperArm"]={cf=cfr(-.011,-.303,.1,.365,.93,-.032,-.928,.367,.067,.075,.005,.997);es="Linear";ed="In";};["UpperTorso"]={cf=cfr(0,-.019,-.001,1,0,0,0,.999,-.047,0,.047,.999);es="Linear";ed="In";};["RightUpperLeg"]={cf=cfr(-.08,.01,.013,.722,-.508,-.469,.014,.689,-.724,.692,.516,.505);es="Linear";ed="In";};["RightLowerLeg"]={cf=cfr(0,.023,-.035,1,0,0,0,.492,.871,0,-.871,.492);es="Linear";ed="In";};};{tm=.867;["LeftLowerArm"]={cf=cfr(0,.011,.006,1,0,0,0,.837,-.547,0,.547,.837);es="Linear";ed="In";};["RightLowerArm"]={cf=cfr(0,.017,.012,1,0,0,0,.768,-.64,0,.64,.768);es="Linear";ed="In";};["RightUpperArm"]={cf=cfr(-.056,-.256,.104,.484,-.873,-.061,.871,.474,.127,-.082,-.115,.99);es="Linear";ed="In";};["Head"]={cf=cfr(0,-.002,0,1,-.002,0,.002,.998,.062,0,-.062,.998);es="Linear";ed="In";};["LeftUpperArm"]={cf=cfr(.011,-.291,.097,.427,.904,-.038,-.901,.428,.072,.081,.003,.997);es="Linear";ed="In";};["RightLowerLeg"]={cf=cfr(0,.02,-.029,1,0,0,0,.584,.812,0,-.812,.584);es="Linear";ed="In";};["LeftLowerLeg"]={cf=cfr(0,0,0,1,0,0,0,.985,.174,0,-.174,.985);es="Linear";ed="Out";};["LowerTorso"]={cf=cfr(0,-.227,-.115,.999,.035,0,-.035,.999,-.027,-.001,.027,1);es="Linear";ed="In";};["RightUpperLeg"]={cf=cfr(-.087,.007,.009,.699,-.519,-.492,.01,.695,-.719,.715,.498,.49);es="Linear";ed="In";};["UpperTorso"]={cf=cfr(0,-.019,-.001,1,0,0,0,1,-.03,0,.03,1);es="Linear";ed="In";};["LeftUpperLeg"]={cf=cfr(0,0,0,.942,.027,.335,.016,.992,-.125,-.336,.123,.934);es="Linear";ed="In";};};{tm=.883;["LeftLowerArm"]={cf=cfr(0,.011,.006,1,0,0,0,.828,-.561,0,.561,.828);es="Linear";ed="In";};["RightLowerArm"]={cf=cfr(0,.017,.012,1,0,0,0,.755,-.656,0,.656,.755);es="Linear";ed="In";};["RightUpperArm"]={cf=cfr(-.074,-.238,.098,.544,-.837,-.061,.835,.532,.139,-.084,-.126,.988);es="Linear";ed="In";};["Head"]={cf=cfr(0,-.002,0,1,-.002,0,.002,.998,.057,0,-.057,.998);es="Linear";ed="In";};["LeftUpperArm"]={cf=cfr(.028,-.277,.094,.484,.874,-.043,-.871,.486,.076,.088,.001,.996);es="Linear";ed="In";};["UpperTorso"]={cf=cfr(0,-.019,0,1,0,0,0,1,-.014,0,.014,1);es="Linear";ed="In";};["RightUpperLeg"]={cf=cfr(-.092,.004,.006,.679,-.528,-.51,.006,.699,-.715,.734,.482,.478);es="Linear";ed="In";};["RightLowerLeg"]={cf=cfr(0,.015,-.021,1,0,0,0,.654,.756,0,-.756,.654);es="Linear";ed="In";};};{tm=.9;["LeftLowerArm"]={cf=cfr(0,.01,.006,1,0,0,0,.819,-.573,0,.573,.819);es="Linear";ed="In";};["RightLowerArm"]={cf=cfr(0,.016,.011,1,0,0,0,.742,-.671,0,.671,.742);es="Linear";ed="In";};["RightUpperArm"]={cf=cfr(-.088,-.22,.093,.599,-.799,-.06,.797,.586,.15,-.085,-.138,.987);es="Linear";ed="In";};["Head"]={cf=cfr(0,-.002,0,1,-.002,0,.002,.999,.052,0,-.052,.999);es="Linear";ed="In";};["LeftUpperArm"]={cf=cfr(.042,-.263,.091,.537,.842,-.048,-.838,.539,.08,.094,-.002,.996);es="Linear";ed="In";};["UpperTorso"]={cf=cfr(0,-.019,0,1,0,0,0,1,.001,0,-.001,1);es="Linear";ed="In";};["RightUpperLeg"]={cf=cfr(-.095,.002,.003,.663,-.534,-.524,.003,.703,-.712,.748,.47,.468);es="Linear";ed="In";};["RightLowerLeg"]={cf=cfr(0,.009,-.013,1,0,0,0,.705,.709,0,-.709,.705);es="Linear";ed="In";};};{tm=.917;["LeftLowerArm"]={cf=cfr(0,.01,.006,1,0,0,0,.811,-.585,0,.585,.811);es="Linear";ed="In";};["RightLowerArm"]={cf=cfr(0,.015,.011,1,0,0,0,.729,-.685,0,.685,.729);es="Linear";ed="In";};["RightUpperArm"]={cf=cfr(-.098,-.202,.087,.649,-.759,-.058,.756,.634,.161,-.085,-.149,.985);es="Linear";ed="In";};["Head"]={cf=cfr(0,-.002,0,1,-.001,0,.001,.999,.048,0,-.048,.999);es="Linear";ed="In";};["LeftUpperArm"]={cf=cfr(.052,-.248,.087,.586,.809,-.054,-.805,.588,.083,.099,-.005,.995);es="Linear";ed="In";};["UpperTorso"]={cf=cfr(0,-.018,0,1,0,0,0,1,.016,0,-.016,1);es="Linear";ed="In";};["RightUpperLeg"]={cf=cfr(-.098,.001,.002,.652,-.538,-.534,.001,.705,-.709,.758,.462,.461);es="Linear";ed="In";};["RightLowerLeg"]={cf=cfr(0,.004,-.006,1,0,0,0,.74,.673,0,-.673,.74);es="Linear";ed="In";};};{tm=.933;["LeftLowerArm"]={cf=cfr(0,.009,.005,1,0,0,0,.802,-.597,0,.597,.802);es="Linear";ed="In";};["RightLowerArm"]={cf=cfr(0,.014,.01,1,0,0,0,.716,-.698,0,.698,.716);es="Linear";ed="In";};["RightUpperArm"]={cf=cfr(-.104,-.183,.081,.694,-.718,-.056,.715,.678,.171,-.085,-.159,.984);es="Linear";ed="In";};["Head"]={cf=cfr(0,-.002,0,1,-.001,0,.001,.999,.044,0,-.044,.999);es="Linear";ed="In";};["LeftUpperArm"]={cf=cfr(.06,-.233,.083,.63,.774,-.059,-.769,.633,.086,.104,-.009,.995);es="Linear";ed="In";};["UpperTorso"]={cf=cfr(0,-.018,0,1,0,0,0,1,.03,0,-.03,1);es="Linear";ed="In";};["RightUpperLeg"]={cf=cfr(-.1,0,0,.645,-.541,-.54,0,.707,-.708,.764,.456,.456);es="Linear";ed="In";};["RightLowerLeg"]={cf=cfr(0,.001,-.002,1,0,0,0,.76,.65,0,-.65,.76);es="Linear";ed="In";};};{tm=.95;["LeftLowerArm"]={cf=cfr(0,.008,.005,1,0,0,0,.794,-.608,0,.608,.794);es="Linear";ed="In";};["RightLowerArm"]={cf=cfr(0,.013,.01,1,0,0,0,.704,-.71,0,.71,.704);es="Linear";ed="In";};["RightUpperArm"]={cf=cfr(-.108,-.165,.075,.735,-.676,-.053,.673,.718,.181,-.084,-.169,.982);es="Linear";ed="In";};["Head"]={cf=cfr(0,-.001,0,1,-.001,0,.001,.999,.04,0,-.04,.999);es="Linear";ed="In";};["LeftUpperArm"]={cf=cfr(.064,-.218,.08,.671,.739,-.064,-.734,.674,.088,.109,-.012,.994);es="Linear";ed="In";};["RightLowerLeg"]={cf=cfr(0,0,0,1,0,0,0,.766,.643,0,-.643,.766);es="Quad";ed="Out";};["UpperTorso"]={cf=cfr(0,-.017,0,1,0,0,0,.999,.043,0,-.043,.999);es="Linear";ed="In";};["RightUpperLeg"]={cf=cfr(-.1,0,0,.643,-.542,-.542,0,.707,-.707,.766,.455,.455);es="Quad";ed="Out";};};{tm=.967;["LeftLowerArm"]={cf=cfr(0,.008,.005,1,0,0,0,.786,-.618,0,.618,.786);es="Linear";ed="In";};["RightLowerArm"]={cf=cfr(0,.012,.009,1,0,0,0,.692,-.722,0,.722,.692);es="Linear";ed="In";};["RightUpperArm"]={cf=cfr(-.109,-.148,.068,.772,-.634,-.05,.631,.753,.189,-.082,-.178,.981);es="Linear";ed="In";};["Head"]={cf=cfr(0,-.001,0,1,-.001,0,.001,.999,.036,0,-.036,.999);es="Linear";ed="In";};["LeftUpperArm"]={cf=cfr(.067,-.203,.076,.708,.703,-.069,-.698,.711,.09,.113,-.015,.994);es="Linear";ed="In";};["UpperTorso"]={cf=cfr(0,-.016,0,1,0,0,0,.998,.056,0,-.056,.998);es="Linear";ed="In";};["RightUpperLeg"]={cf=cfr(-.1,0,0,.643,-.542,-.542,0,.707,-.707,.766,.455,.455);es="Linear";ed="In";};["RightLowerLeg"]={cf=cfr(0,0,0,1,0,0,0,.766,.643,0,-.643,.766);es="Linear";ed="In";};};{tm=.983;["LeftLowerArm"]={cf=cfr(0,.007,.004,1,0,0,0,.779,-.628,0,.628,.779);es="Linear";ed="In";};["RightLowerArm"]={cf=cfr(0,.011,.008,1,0,0,0,.681,-.733,0,.733,.681);es="Linear";ed="In";};["RightUpperArm"]={cf=cfr(-.107,-.131,.062,.804,-.592,-.047,.589,.784,.198,-.08,-.187,.979);es="Linear";ed="In";};["Head"]={cf=cfr(0,-.001,0,1,-.001,0,.001,.999,.032,0,-.032,.999);es="Linear";ed="In";};["LeftUpperArm"]={cf=cfr(.067,-.189,.072,.741,.668,-.074,-.662,.744,.092,.117,-.019,.993);es="Linear";ed="In";};["UpperTorso"]={cf=cfr(0,-.015,0,1,0,0,0,.998,.068,0,-.068,.998);es="Linear";ed="In";};["RightUpperLeg"]={cf=cfr(-.1,0,0,.643,-.542,-.542,0,.707,-.707,.766,.455,.455);es="Linear";ed="In";};["RightLowerLeg"]={cf=cfr(0,0,0,1,0,0,0,.766,.643,0,-.643,.766);es="Linear";ed="In";};};{tm=1;["LeftLowerArm"]={cf=cfr(0,.006,.004,1,0,0,0,.771,-.636,0,.636,.771);es="Linear";ed="In";};["RightLowerArm"]={cf=cfr(0,.01,.008,1,0,0,0,.67,-.743,0,.743,.67);es="Linear";ed="In";};["RightUpperArm"]={cf=cfr(-.104,-.116,.056,.833,-.552,-.043,.548,.811,.205,-.078,-.195,.978);es="Linear";ed="In";};["Head"]={cf=cfr(0,-.001,0,1,-.001,0,.001,1,.029,0,-.029,1);es="Linear";ed="In";};["LeftUpperArm"]={cf=cfr(.065,-.175,.069,.77,.633,-.079,-.626,.774,.093,.12,-.022,.993);es="Linear";ed="In";};["UpperTorso"]={cf=cfr(0,-.014,0,1,0,0,0,.997,.08,0,-.08,.997);es="Linear";ed="In";};["RightUpperLeg"]={cf=cfr(-.1,0,0,.643,-.542,-.542,0,.707,-.707,.766,.455,.455);es="Linear";ed="In";};["RightLowerLeg"]={cf=cfr(0,0,0,1,0,0,0,.766,.643,0,-.643,.766);es="Linear";ed="In";};};{tm=1.017;["LeftLowerArm"]={cf=cfr(0,.006,.004,1,0,0,0,.764,-.645,0,.645,.764);es="Linear";ed="In";};["RightLowerArm"]={cf=cfr(0,.009,.007,1,0,0,0,.659,-.752,0,.752,.659);es="Linear";ed="In";};["RightUpperArm"]={cf=cfr(-.099,-.101,.05,.858,-.512,-.039,.508,.835,.212,-.076,-.202,.976);es="Linear";ed="In";};["Head"]={cf=cfr(0,-.001,0,1,-.001,0,.001,1,.025,0,-.025,1);es="Linear";ed="In";};["LeftUpperArm"]={cf=cfr(.062,-.163,.065,.797,.598,-.083,-.592,.801,.094,.123,-.026,.992);es="Linear";ed="In";};["RightLowerLeg"]={cf=cfr(0,0,0,1,0,0,0,.766,.643,0,-.643,.766);es="Linear";ed="In";};["LeftLowerLeg"]={cf=cfr(0,0,0,1,0,0,0,0,1,0,-1,0);es="Quad";ed="Out";};["LowerTorso"]={cf=cfr(0,-.313,-.186,.998,-.055,0,.055,.998,-.011,0,.011,1);es="Quad";ed="Out";};["RightUpperLeg"]={cf=cfr(-.1,0,0,.643,-.542,-.542,0,.707,-.707,.766,.455,.455);es="Linear";ed="In";};["UpperTorso"]={cf=cfr(0,-.013,0,1,0,0,0,.996,.091,0,-.091,.996);es="Linear";ed="In";};["LeftUpperLeg"]={cf=cfr(0,0,0,.77,.584,.257,.014,.387,-.922,-.638,.714,.29);es="Quad";ed="Out";};};{tm=1.033;["LeftLowerArm"]={cf=cfr(0,.005,.003,1,0,0,0,.758,-.653,0,.653,.758);es="Linear";ed="In";};["RightLowerArm"]={cf=cfr(0,.008,.006,1,0,0,0,.649,-.761,0,.761,.649);es="Linear";ed="In";};["RightUpperArm"]={cf=cfr(-.092,-.088,.045,.88,-.474,-.036,.469,.855,.219,-.073,-.209,.975);es="Linear";ed="In";};["Head"]={cf=cfr(0,-.001,0,1,-.001,0,.001,1,.022,0,-.022,1);es="Linear";ed="In";};["LeftUpperArm"]={cf=cfr(.058,-.15,.061,.82,.565,-.088,-.558,.824,.095,.126,-.029,.992);es="Linear";ed="In";};["UpperTorso"]={cf=cfr(0,-.012,0,1,0,0,0,.995,.101,0,-.101,.995);es="Linear";ed="In";};["RightUpperLeg"]={cf=cfr(-.1,0,0,.643,-.542,-.542,0,.707,-.707,.766,.455,.455);es="Linear";ed="In";};["LeftUpperLeg"]={cf=cfr(.016,.002,.002,.756,.586,.292,.016,.43,-.903,-.654,.687,.315);es="Linear";ed="In";};["RightLowerLeg"]={cf=cfr(0,0,0,1,0,0,0,.766,.643,0,-.643,.766);es="Linear";ed="In";};["LeftLowerLeg"]={cf=cfr(0,.006,-.017,1,0,0,0,.105,.994,0,-.994,.105);es="Linear";ed="In";};["LowerTorso"]={cf=cfr(0,-.32,-.192,.999,-.049,0,.049,.999,-.01,0,.01,1);es="Linear";ed="In";};};{tm=1.05;["LeftLowerArm"]={cf=cfr(0,.005,.003,1,0,0,0,.751,-.66,0,.66,.751);es="Linear";ed="In";};["RightLowerArm"]={cf=cfr(0,.007,.006,1,0,0,0,.64,-.769,0,.769,.64);es="Linear";ed="In";};["RightUpperArm"]={cf=cfr(-.085,-.075,.039,.899,-.437,-.032,.433,.873,.224,-.07,-.216,.974);es="Linear";ed="In";};["Head"]={cf=cfr(0,-.001,0,1,-.001,0,.001,1,.019,0,-.019,1);es="Linear";ed="In";};["LeftUpperArm"]={cf=cfr(.053,-.139,.058,.841,.533,-.092,-.526,.845,.095,.128,-.032,.991);es="Linear";ed="In";};["UpperTorso"]={cf=cfr(0,-.01,0,1,0,0,0,.994,.11,0,-.11,.994);es="Linear";ed="In";};["RightUpperLeg"]={cf=cfr(-.1,0,0,.643,-.542,-.542,0,.707,-.707,.766,.455,.455);es="Linear";ed="In";};["LeftUpperLeg"]={cf=cfr(.029,.004,.004,.742,.586,.325,.017,.469,-.883,-.67,.661,.338);es="Linear";ed="In";};["RightLowerLeg"]={cf=cfr(0,0,0,1,0,0,0,.766,.643,0,-.643,.766);es="Linear";ed="In";};["LeftLowerLeg"]={cf=cfr(0,.011,-.029,1,0,0,0,.203,.979,0,-.979,.203);es="Linear";ed="In";};["LowerTorso"]={cf=cfr(0,-.327,-.197,.999,-.042,0,.042,.999,-.008,0,.008,1);es="Linear";ed="In";};};{tm=1.067;["LeftLowerArm"]={cf=cfr(0,.004,.003,1,0,0,0,.745,-.667,0,.667,.745);es="Linear";ed="In";};["RightLowerArm"]={cf=cfr(0,.006,.005,1,0,0,0,.631,-.776,0,.776,.631);es="Linear";ed="In";};["RightUpperArm"]={cf=cfr(-.077,-.064,.034,.915,-.402,-.028,.398,.888