local cfr = CFrame.new

return {{tm=0;["Head"]={cf=cfr(0,0,0,1,0,0,0,.574,-.819,0,.819,.574);es="Linear";ed="In";};["LeftUpperArm"]={cf=cfr(0,0,0,1,0,0,0,-.866,-.5,0,.5,-.866);es="Linear";ed="In";};["RightUpperArm"]={cf=cfr(0,0,0,1,0,0,0,-.866,-.5,0,.5,-.866);es="Linear";ed="In";};["LeftUpperLeg"]={cf=cfr(0,0,0,.992,.087,-.087,-.123,.699,-.704,0,.71,.704);es="Linear";ed="In";};["RightUpperLeg"]={cf=cfr(0,0,0,.992,-.087,.087,.123,.699,-.704,0,.71,.704);es="Linear";ed="In";};["UpperTorso"]={cf=cfr(0,0,0,1,0,0,0,.996,-.087,0,.087,.996);es="Linear";ed="In";};["LeftLowerLeg"]={cf=cfr(0,0,0,1,0,0,0,.94,.342,0,-.342,.94);es="Linear";ed="In";};["RightLowerLeg"]={cf=cfr(0,0,0,1,0,0,0,.94,.342,0,-.342,.94);es="Linear";ed="In";};["LeftLowerArm"]={cf=cfr(0,0,0,1,0,0,0,.985,-.174,0,.174,.985);es="Linear";ed="In";};["LowerTorso"]={cf=cfr(0,0,0,1,0,0,0,.174,.985,0,-.985,.174);es="Linear";ed="In";};["RightLowerArm"]={cf=cfr(0,0,0,1,0,0,0,.985,-.174,0,.174,.985);es="Linear";ed="In";};};{tm=.15;["LowerTorso"]={cf=cfr(0,0,0,1,0,0,0,-.94,-.342,0,.342,-.94);es="Linear";ed="In";};["LeftUpperArm"]={cf=cfr(0,0,0,.94,.342,0,.089,-.243,-.966,-.33,.908,-.259);es="Linear";ed="In";};["RightUpperArm"]={cf=cfr(0,0,0,.94,-.342,0,-.089,-.243,-.966,.33,.908,-.259);es="Linear";ed="In";};["LeftUpperLeg"]={cf=cfr(0,0,0,.992,.087,-.087,-.087,-.008,-.996,-.087,.996,0);es="Linear";ed="In";};["RightUpperLeg"]={cf=cfr(0,0,0,.992,-.087,.087,.087,-.008,-.996,.087,.996,0);es="Linear";ed="In";};["UpperTorso"]={cf=cfr(0,0,0,1,0,0,0,.574,-.819,0,.819,.574);es="Linear";ed="In";};["LeftLowerLeg"]={cf=cfr(0,0,0,1,0,0,0,.766,.643,0,-.643,.766);es="Linear";ed="In";};["RightLowerLeg"]={cf=cfr(0,0,0,1,0,0,0,.766,.643,0,-.643,.766);es="Linear";ed="In";};};{tm=.267;["Head"]={cf=cfr(0,-.055,-.032,1,0,0,0,.317,-.948,0,.948,.317);es="Linear";ed="In";};["LeftUpperArm"]={cf=cfr(0,0,0,.562,.802,-.203,.388,-.472,-.791,-.73,.366,-.577);es="Linear";ed="In";};["RightUpperArm"]={cf=cfr(0,0,0,.562,-.802,.203,-.388,-.472,-.791,.73,.366,-.577);es="Linear";ed="In";};["UpperTorso"]={cf=cfr(0,0,0,1,0,0,0,.906,-.423,0,.423,.906);es="Linear";ed="In";};["LowerTorso"]={cf=cfr(0,-.2,0,1,0,0,0,-.423,-.906,0,.906,-.423);es="Sine";ed="In";};};{tm=.283;["LowerTorso"]={cf=cfr(0,-.212,-.002,1,0,0,0,-.408,-.913,0,.913,-.408);es="Linear";ed="In";};};{tm=.3;["LowerTorso"]={cf=cfr(0,-.248,-.007,1,0,0,0,-.365,-.931,0,.931,-.365);es="Linear";ed="In";};};{tm=.317;["LowerTorso"]={cf=cfr(0,-.307,-.015,1,0,0,0,-.292,-.957,0,.957,-.292);es="Linear";ed="In";};};{tm=.333;["LowerTorso"]={cf=cfr(0,-.387,-.023,1,0,0,0,-.19,-.982,0,.982,-.19);es="Linear";ed="In";};};{tm=.35;["LowerTorso"]={cf=cfr(0,-.487,-.029,1,0,0,0,-.062,-.998,0,.998,-.062);es="Linear";ed="In";};};{tm=.367;["LowerTorso"]={cf=cfr(0,-.603,-.032,1,0,0,0,.087,-.996,0,.996,.087);es="Linear";ed="In";};};{tm=.383;["LowerTorso"]={cf=cfr(0,-.731,-.029,1,0,0,0,.25,-.968,0,.968,.25);es="Linear";ed="In";};};{tm=.4;["LowerTorso"]={cf=cfr(0,-.865,-.018,1,0,0,0,.416,-.909,0,.909,.416);es="Linear";ed="In";};};{tm=.417;["Head"]={cf=cfr(0,0,0,1,0,0,0,.866,.5,0,-.5,.866);es="Sine";ed="Out";};["LeftUpperArm"]={cf=cfr(0,0,0,-.429,.812,.397,-.548,.116,-.829,-.718,-.572,.395);es="Sine";ed="Out";};["RightUpperArm"]={cf=cfr(0,0,0,-.491,-.812,-.316,.396,.116,-.911,.776,-.572,.264);es="Sine";ed="Out";};["LeftUpperLeg"]={cf=cfr(0,0,0,.992,.032,-.119,-.087,-.505,-.859,-.087,.863,-.498);es="Sine";ed="Out";};["RightUpperLeg"]={cf=cfr(0,0,0,.992,-.032,.119,.087,-.505,-.859,.087,.863,-.498);es="Sine";ed="Out";};["UpperTorso"]={cf=cfr(0,0,0,1,0,0,0,.985,.174,0,-.174,.985);es="Sine";ed="Out";};["RightLowerLeg"]={cf=cfr(0,0,0,1,0,0,0,.087,.996,0,-.996,.087);es="Sine";ed="Out";};["LowerTorso"]={cf=cfr(0,-1,0,1,0,0,0,.574,-.819,0,.819,.574);es="Quad";ed="Out";};["LeftLowerLeg"]={cf=cfr(0,0,0,1,0,0,0,.087,.996,0,-.996,.087);es="Sine";ed="Out";};};{tm=.433;["RightUpperArm"]={cf=cfr(-.043,-.081,-.056,-.328,-.867,-.375,.526,.162,-.835,.785,-.471,.403);es="Linear";ed="In";};["LeftUpperArm"]={cf=cfr(.046,-.07,-.045,-.266,.863,.429,-.648,.169,-.742,-.713,-.476,.514);es="Linear";ed="In";};["Head"]={cf=cfr(0,0,0,1,0,0,0,.867,.498,0,-.498,.867);es="Linear";ed="In";};["UpperTorso"]={cf=cfr(0,-.008,.001,1,0,0,0,.975,.223,0,-.223,.975);es="Linear";ed="In";};["RightUpperLeg"]={cf=cfr(.003,-.001,.011,.986,-.069,.155,.108,-.447,-.888,.131,.892,-.433);es="Linear";ed="In";};["LeftUpperLeg"]={cf=cfr(-.003,-.001,.011,.986,.069,-.155,-.108,-.447,-.888,-.131,.892,-.433);es="Linear";ed="In";};["RightLowerLeg"]={cf=cfr(0,.002,-.006,1,0,0,0,.148,.989,0,-.989,.148);es="Linear";ed="In";};["LowerTorso"]={cf=cfr(0,-1.154,-.002,1,0,0,0,.601,-.799,0,.799,.601);es="Linear";ed="In";};["LeftLowerLeg"]={cf=cfr(0,.002,-.006,1,0,0,0,.148,.989,0,-.989,.148);es="Linear";ed="In";};};{tm=.45;["RightUpperArm"]={cf=cfr(-.085,-.141,-.089,-.155,-.902,-.404,.633,.223,-.741,.758,-.371,.537);es="Linear";ed="In";};["LeftUpperArm"]={cf=cfr(.087,-.12,-.071,-.098,.895,.436,-.727,.235,-.646,-.68,-.38,.627);es="Linear";ed="In";};["Head"]={cf=cfr(0,0,0,1,0,0,0,.868,.497,0,-.497,.868);es="Linear";ed="In";};["UpperTorso"]={cf=cfr(0,-.014,.002,1,0,0,0,.963,.271,0,-.271,.963);es="Linear";ed="In";};["RightUpperLeg"]={cf=cfr(.004,-.001,.019,.976,-.108,.187,.132,-.389,-.912,.172,.915,-.366);es="Linear";ed="In";};["LeftUpperLeg"]={cf=cfr(-.004,-.001,.019,.976,.108,-.187,-.132,-.389,-.912,-.172,.915,-.366);es="Linear";ed="In";};["RightLowerLeg"]={cf=cfr(0,.003,-.01,1,0,0,0,.207,.978,0,-.978,.207);es="Linear";ed="In";};["LowerTorso"]={cf=cfr(0,-1.295,-.004,1,0,0,0,.626,-.78,0,.78,.626);es="Linear";ed="In";};["LeftLowerLeg"]={cf=cfr(0,.003,-.01,1,0,0,0,.207,.978,0,-.978,.207);es="Linear";ed="In";};};{tm=.467;["RightUpperArm"]={cf=cfr(-.118,-.177,-.101,.018,-.915,-.403,.714,.294,-.635,.7,-.276,.658);es="Linear";ed="In";};["LeftUpperArm"]={cf=cfr(.12,-.15,-.081,.066,.906,.418,-.78,.308,-.544,-.622,-.29,.727);es="Linear";ed="In";};["Head"]={cf=cfr(0,0,0,1,0,0,0,.869,.495,0,-.495,.869);es="Linear";ed="In";};["UpperTorso"]={cf=cfr(0,-.018,.002,1,0,0,0,.949,.316,0,-.316,.949);es="Linear";ed="In";};["RightUpperLeg"]={cf=cfr(.005,0,.024,.965,-.148,.216,.157,-.332,-.93,.21,.932,-.297);es="Linear";ed="In";};["LeftUpperLeg"]={cf=cfr(-.005,0,.024,.965,.148,-.216,-.157,-.332,-.93,-.209,.932,-.297);es="Linear";ed="In";};["RightLowerLeg"]={cf=cfr(0,.004,-.013,1,0,0,0,.264,.965,0,-.965,.264);es="Linear";ed="In";};["LowerTorso"]={cf=cfr(0,-1.423,-.005,1,0,0,0,.648,-.762,0,.762,.648);es="Linear";ed="In";};["LeftLowerLeg"]={cf=cfr(0,.004,-.013,1,0,0,0,.264,.965,0,-.965,.264);es="Linear";ed="In";};};{tm=.483;["RightUpperArm"]={cf=cfr(-.141,-.191,-.098,.182,-.908,-.377,.765,.372,-.525,.617,-.193,.763);es="Linear";ed="In";};["LeftUpperArm"]={cf=cfr(.139,-.16,-.078,.22,.899,.38,-.81,.385,-.443,-.544,-.21,.812);es="Linear";ed="In";};["Head"]={cf=cfr(0,0,0,1,0,0,0,.87,.494,0,-.494,.87);es="Linear";ed="In";};["UpperTorso"]={cf=cfr(0,-.019,.001,1,0,0,0,.933,.359,0,-.359,.933);es="Linear";ed="In";};["RightUpperLeg"]={cf=cfr(.005,0,.027,.952,-.188,.24,.183,-.277,-.943,.244,.942,-.23);es="Linear";ed="In";};["LeftUpperLeg"]={cf=cfr(-.005,0,.027,.952,.188,-.24,-.183,-.277,-.943,-.243,.942,-.23);es="Linear";ed="In";};["RightLowerLeg"]={cf=cfr(0,.005,-.014,1,0,0,0,.317,.948,0,-.948,.317);es="Linear";ed="In";};["LowerTorso"]={cf=cfr(0,-1.54,-.006,1,0,0,0,.668,-.744,0,.744,.668);es="Linear";ed="In";};["LeftLowerLeg"]={cf=cfr(0,.005,-.014,1,0,0,0,.317,.948,0,-.948,.317);es="Linear";ed="In";};};{tm=.5;["RightUpperArm"]={cf=cfr(-.149,-.186,-.085,.328,-.885,-.331,.79,.449,-.417,.518,-.124,.846);es="Linear";ed="In";};["LeftUpperArm"]={cf=cfr(.145,-.155,-.068,.357,.876,.325,-.817,.461,-.347,-.454,-.142,.88);es="Linear";ed="In";};["Head"]={cf=cfr(0,0,0,1,0,0,0,.87,.492,0,-.492,.87);es="Linear";ed="In";};["UpperTorso"]={cf=cfr(0,-.019,-.001,1,0,0,0,.917,.399,0,-.399,.917);es="Linear";ed="In";};["RightUpperLeg"]={cf=cfr(.005,.001,.026,.939,-.226,.26,.209,-.226,-.951,.273,.948,-.165);es="Linear";ed="In";};["LeftUpperLeg"]={cf=cfr(-.005,.001,.026,.939,.225,-.26,-.209,-.226,-.951,-.273,.948,-.165);es="Linear";ed="In";};["RightLowerLeg"]={cf=cfr(0,.005,-.013,1,0,0,0,.366,.931,0,-.931,.366);es="Linear";ed="In";};["LowerTorso"]={cf=cfr(0,-1.644,-.007,1,0,0,0,.685,-.729,0,.729,.685);es="Linear";ed="In";};["LeftLowerLeg"]={cf=cfr(0,.005,-.013,1,0,0,0,.366,.931,0,-.931,.366);es="Linear";ed="In";};};{tm=.517;["RightUpperArm"]={cf=cfr(-.143,-.167,-.067,.453,-.85,-.27,.791,.523,-.317,.411,-.07,.909);es="Linear";ed="In";};["LeftUpperArm"]={cf=cfr(.138,-.138,-.054,.472,.842,.261,-.805,.532,-.26,-.358,-.087,.93);es="Linear";ed="In";};["Head"]={cf=cfr(0,0,0,1,0,0,0,.871,.491,0,-.491,.871);es="Linear";ed="In";};["UpperTorso"]={cf=cfr(0,-.017,-.002,1,0,0,0,.9,.435,0,-.435,.9);es="Linear";ed="In";};["RightUpperLeg"]={cf=cfr(.004,.001,.024,.925,-.261,.276,.235,-.179,-.955,.299,.949,-.104);es="Linear";ed="In";};["LeftUpperLeg"]={cf=cfr(-.004,.001,.024,.925,.261,-.276,-.235,-.179,-.955,-.299,.949,-.104);es="Linear";ed="In";};["RightLowerLeg"]={cf=cfr(0,.005,-.012,1,0,0,0,.41,.912,0,-.912,.41);es="Linear";ed="In";};["LowerTorso"]={cf=cfr(0,-1.735,-.008,1,0,0,0,.7,-.715,0,.715,.7);es="Linear";ed="In";};["LeftLowerLeg"]={cf=cfr(0,.005,-.012,1,0,0,0,.41,.912,0,-.912,.41);es="Linear";ed="In";};};{tm=.533;["RightUpperArm"]={cf=cfr(-.126,-.138,-.049,.554,-.807,-.202,.775,.589,-.229,.304,-.03,.952);es="Linear";ed="In";};["LeftUpperArm"]={cf=cfr(.121,-.113,-.039,.566,.801,.192,-.781,.596,-.186,-.263,-.045,.964);es="Linear";ed="In";};["Head"]={cf=cfr(0,0,0,1,0,0,0,.872,.49,0,-.49,.872);es="Linear";ed="In";};["UpperTorso"]={cf=cfr(0,-.014,-.005,1,0,0,0,.884,.467,0,-.467,.884);es="Linear";ed="In";};["RightUpperLeg"]={cf=cfr(.003,.001,.02,.911,-.293,.289,.259,-.137,-.956,.32,.946,-.049);es="Linear";ed="In";};["LeftUpperLeg"]={cf=cfr(-.003,.001,.02,.911,.293,-.288,-.259,-.137,-.956,-.32,.946,-.049);es="Linear";ed="In";};["RightLowerLeg"]={cf=cfr(0,.004,-.01,1,0,0,0,.449,.893,0,-.893,.449);es="Linear";ed="In";};["LowerTorso"]={cf=cfr(0,-1.815,-.008,1,0,0,0,.712,-.702,0,.702,.712);es="Linear";ed="In";};["LeftLowerLeg"]={cf=cfr(0,.004,-.01,1,0,0,0,.449,.893,0,-.893,.449);es="Linear";ed="In";};};{tm=.55;["RightUpperArm"]={cf=cfr(-.101,-.104,-.033,.632,-.763,-.134,.747,.646,-.154,.205,-.003,.979);es="Linear";ed="In";};["LeftUpperArm"]={cf=cfr(.096,-.086,-.026,.639,.759,.126,-.749,.651,-.124,-.176,-.015,.984);es="Linear";ed="In";};["Head"]={cf=cfr(0,0,0,1,0,0,0,.872,.489,0,-.489,.872);es="Linear";ed="In";};["UpperTorso"]={cf=cfr(0,-.011,-.007,1,0,0,0,.87,.494,0,-.494,.87);es="Linear";ed="In";};["RightUpperLeg"]={cf=cfr(.002,.001,.016,.899,-.322,.298,.28,-.101,-.955,.337,.941,-.001);es="Linear";ed="In";};["LeftUpperLeg"]={cf=cfr(-.002,.001,.016,.899,.322,-.298,-.28,-.101,-.955,-.337,.941,-.001);es="Linear";ed="In";};["RightLowerLeg"]={cf=cfr(0,.003,-.008,1,0,0,0,.483,.876,0,-.876,.483);es="Linear";ed="In";};["LowerTorso"]={cf=cfr(0,-1.882,-.009,1,0,0,0,.723,-.691,0,.691,.723);es="Linear";ed="In";};["LeftLowerLeg"]={cf=cfr(0,.003,-.008,1,0,0,0,.483,.876,0,-.876,.483);es="Linear";ed="In";};};{tm=.567;["RightUpperArm"]={cf=cfr(-.072,-.071,-.02,.689,-.722,-.072,.715,.692,-.095,.118,.014,.993);es="Linear";ed="In";};["LeftUpperArm"]={cf=cfr(.068,-.058,-.016,.692,.719,.065,-.715,.695,-.075,-.1,.006,.995);es="Linear";ed="In";};["Head"]={cf=cfr(0,0,0,1,0,0,0,.873,.488,0,-.488,.873);es="Linear";ed="In";};["UpperTorso"]={cf=cfr(0,-.008,-.009,1,0,0,0,.857,.516,0,-.516,.857);es="Linear";ed="In";};["RightUpperLeg"]={cf=cfr(.002,.001,.011,.888,-.346,.304,.298,-.071,-.952,.351,.936,.04);es="Linear";ed="In";};["LeftUpperLeg"]={cf=cfr(-.002,.001,.011,.888,.346,-.304,-.298,-.071,-.952,-.351,.936,.04);es="Linear";ed="In";};["RightLowerLeg"]={cf=cfr(0,.002,-.005,1,0,0,0,.51,.86,0,-.86,.51);es="Linear";ed="In";};["LowerTorso"]={cf=cfr(0,-1.937,-.009,1,0,0,0,.731,-.682,0,.682,.731);es="Linear";ed="In";};["LeftLowerLeg"]={cf=cfr(0,.002,-.005,1,0,0,0,.51,.86,0,-.86,.51);es="Linear";ed="In";};};{tm=.583;["RightUpperArm"]={cf=cfr(-.044,-.042,-.01,.728,-.686,-.019,.684,.728,-.05,.048,.024,.999);es="Linear";ed="In";};["LeftUpperArm"]={cf=cfr(.042,-.034,-.008,.729,.684,.015,-.683,.729,-.039,-.038,.018,.999);es="Linear";ed="In";};["Head"]={cf=cfr(0,0,0,1,0,0,0,.873,.487,0,-.487,.873);es="Linear";ed="In";};["UpperTorso"]={cf=cfr(0,-.005,-.011,1,0,0,0,.846,.534,0,-.534,.846);es="Linear";ed="In";};["RightUpperLeg"]={cf=cfr(.001,.001,.007,.878,-.365,.309,.313,-.048,-.948,.361,.93,.073);es="Linear";ed="In";};["LeftUpperLeg"]={cf=cfr(-.001,.001,.007,.879,.365,-.308,-.313,-.048,-.948,-.361,.93,.072);es="Linear";ed="In";};["RightLowerLeg"]={cf=cfr(0,.001,-.003,1,0,0,0,.532,.847,0,-.847,.532);es="Linear";ed="In";};["LowerTorso"]={cf=cfr(0,-1.98,-.01,1,0,0,0,.738,-.675,0,.675,.738);es="Linear";ed="In";};["LeftLowerLeg"]={cf=cfr(0,.001,-.003,1,0,0,0,.532,.847,0,-.847,.532);es="Linear";ed="In";};};{tm=.6;["RightUpperArm"]={cf=cfr(-.021,-.019,-.004,.752,-.658,.021,.659,.752,-.019,-.003,.028,1);es="Linear";ed="In";};["LeftUpperArm"]={cf=cfr(.019,-.016,-.003,.753,.658,-.023,-.658,.753,-.015,.007,.026,1);es="Linear";ed="In";};["Head"]={cf=cfr(0,0,0,1,0,0,0,.873,.487,0,-.487,.873);es="Linear";ed="In";};["UpperTorso"]={cf=cfr(0,-.002,-.013,1,0,0,0,.838,.546,0,-.546,.838);es="Linear";ed="In";};["RightUpperLeg"]={cf=cfr(0,0,.003,.872,-.379,.311,.324,-.031,-.945,.368,.925,.096);es="Linear";ed="In";};["LeftUpperLeg"]={cf=cfr(0,0,.003,.872,.379,-.311,-.324,-.031,-.946,-.368,.925,.096);es="Linear";ed="In";};["RightLowerLeg"]={cf=cfr(0,.001,-.001,1,0,0,0,.547,.837,0,-.837,.547);es="Linear";ed="In";};["LowerTorso"]={cf=cfr(0,-2.01,-.01,1,0,0,0,.742,-.67,0,.67,.742);es="Linear";ed="In";};["LeftLowerLeg"]={cf=cfr(0,.001,-.001,1,0,0,0,.547,.837,0,-.837,.547);es="Linear";ed="In";};};{tm=.617;["RightUpperArm"]={cf=cfr(-.005,-.005,-.001,.766,-.641,.045,.642,.767,-.001,-.034,.03,.999);es="Linear";ed="In";};["LeftUpperArm"]={cf=cfr(.005,-.004,-.001,.766,.641,-.046,-.642,.767,0,.035,.03,.999);es="Linear";ed="In";};["Head"]={cf=cfr(0,0,0,1,0,0,0,.874,.487,0,-.487,.874);es="Linear";ed="In";};["UpperTorso"]={cf=cfr(0,-.001,-.014,1,0,0,0,.833,.554,0,-.554,.833);es="Linear";ed="In";};["RightUpperLeg"]={cf=cfr(0,0,.001,.867,-.387,.313,.331,-.021,-.943,.372,.922,.11);es="Linear";ed="In";};["LeftUpperLeg"]={cf=cfr(0,0,.001,.868,.387,-.313,-.331,-.021,-.943,-.372,.922,.11);es="Linear";ed="In";};["RightLowerLeg"]={cf=cfr(0,0,0,1,0,0,0,.556,.831,0,-.831,.556);es="Linear";ed="In";};["LowerTorso"]={cf=cfr(0,-2.028,-.01,1,0,0,0,.745,-.667,0,.667,.745);es="Linear";ed="In";};["LeftLowerLeg"]={cf=cfr(0,0,0,1,0,0,0,.556,.831,0,-.831,.556);es="Linear";ed="In";};};{tm=.633;["Head"]={cf=cfr(0,0,0,1,0,0,0,.874,.486,0,-.486,.874);es="Linear";ed="In";};["LeftUpperArm"]={cf=cfr(0,0,0,.77,.635,-.054,-.636,.772,.004,.044,.031,.999);es="Linear";ed="In";};["RightUpperArm"]={cf=cfr(0,0,0,.77,-.635,.054,.636,.772,.004,-.044,.031,.999);es="Linear";ed="In";};["LeftUpperLeg"]={cf=cfr(0,0,0,.866,.39,-.313,-.333,-.017,-.943,-.373,.921,.115);es="Linear";ed="In";};["RightUpperLeg"]={cf=cfr(0,0,0,.866,-.39,.313,.333,-.017,-.943,.373,.921,.115);es="Linear";ed="In";};["UpperTorso"]={cf=cfr(0,0,-.015,1,0,0,0,.831,.556,0,-.556,.831);es="Linear";ed="In";};["LeftLowerLeg"]={cf=cfr(0,0,0,1,0,0,0,.559,.829,0,-.829,.559);es="Linear";ed="In";};["RightLowerLeg"]={cf=cfr(0,0,0,1,0,0,0,.559,.829,0,-.829,.559);es="Linear";ed="In";};["LeftLowerArm"]={cf=cfr(0,0,0,1,0,0,0,.707,-.707,0,.707,.707);es="Linear";ed="In";};["LowerTorso"]={cf=cfr(0,-2.035,-.01,1,0,0,0,.746,-.666,0,.666,.746);es="Linear";ed="In";};["RightLowerArm"]={cf=cfr(0,0,0,1,0,0,0,.707,-.707,0,.707,.707);es="Linear";ed="In";};};}