local cfr = CFrame.new

return {{tm=0;["LeftUpperArm"]={cf=cfr(0,0,0,.342,.94,0,-.94,.342,0,0,0,1);es="Sine";ed="In";};["Head"]={cf=cfr(0,0,0,.999,.052,.009,-.051,.998,-.035,-.011,.034,.999);es="Sine";ed="In";};["RightUpperArm"]={cf=cfr(0,0,0,.372,-.911,-.178,.893,.403,-.198,.252,-.086,.964);es="Sine";ed="In";};["LeftUpperLeg"]={cf=cfr(0,0,0,.821,.288,.493,.248,.597,-.763,-.514,.749,.418);es="Sine";ed="In";};["RightUpperLeg"]={cf=cfr(0,0,0,.916,-.021,-.401,.086,.986,.145,.392,-.167,.905);es="Sine";ed="In";};["UpperTorso"]={cf=cfr(0,0,-.015,1,-.011,-.012,.015,.374,.927,-.006,-.927,.375);es="Sine";ed="In";};["LeftLowerArm"]={cf=cfr(0,0,0,1,0,0,0,.866,-.5,0,.5,.866);es="Linear";ed="In";};["LeftFoot"]={cf=cfr(0,0,0,1,0,0,0,1,0,0,0,1);es="Linear";ed="In";};["LeftLowerLeg"]={cf=cfr(0,0,0,1,.016,0,0,-.043,.999,.016,-.999,-.043);es="Sine";ed="In";};["RightLowerArm"]={cf=cfr(0,0,0,1,0,0,0,.866,-.5,0,.5,.866);es="Linear";ed="In";};["LowerTorso"]={cf=cfr(0,-.268,-.004,1,0,0,0,.985,-.175,0,.175,.985);es="Sine";ed="In";};["RightFoot"]={cf=cfr(0,0,0,1,0,0,0,1,0,0,0,1);es="Linear";ed="In";};["RightLowerLeg"]={cf=cfr(0,0,0,1,0,0,0,.94,.342,0,-.342,.94);es="Sine";ed="In";};["LeftHand"]={cf=cfr(0,0,0,1,0,0,0,1,0,0,0,1);es="Linear";ed="In";};["RightHand"]={cf=cfr(0,0,0,1,0,0,0,1,0,0,0,1);es="Linear";ed="In";};};{tm=.017;["RightUpperArm"]={cf=cfr(0,0,-.003,.373,-.911,-.175,.89,.405,-.211,.263,-.076,.962);es="Linear";ed="In";};["Head"]={cf=cfr(0,-.003,-.001,.999,.051,.009,-.051,.998,-.043,-.011,.042,.999);es="Linear";ed="In";};["LeftUpperArm"]={cf=cfr(0,-.002,-.004,.345,.939,-.003,-.939,.344,-.015,-.013,.008,1);es="Linear";ed="In";};["UpperTorso"]={cf=cfr(0,-.005,-.01,1,-.011,-.012,.015,.384,.923,-.006,-.923,.385);es="Linear";ed="In";};["RightUpperLeg"]={cf=cfr(-.001,.002,0,.917,-.023,-.398,.084,.987,.137,.389,-.159,.907);es="Linear";ed="In";};["LeftUpperLeg"]={cf=cfr(0,0,0,.824,.286,.489,.245,.597,-.764,-.51,.749,.422);es="Linear";ed="In";};["LeftLowerLeg"]={cf=cfr(0,.001,-.003,1,.016,0,0,-.032,.999,.016,-.999,-.032);es="Linear";ed="In";};["LowerTorso"]={cf=cfr(0,-.269,-.002,1,0,0,0,.988,-.155,0,.155,.988);es="Linear";ed="In";};["RightLowerLeg"]={cf=cfr(0,0,0,1,0,0,0,.94,.342,0,-.342,.94);es="Linear";ed="In";};};{tm=.033;["RightUpperArm"]={cf=cfr(0,-.001,-.013,.378,-.911,-.163,.877,.409,-.251,.296,-.048,.954);es="Linear";ed="In";};["Head"]={cf=cfr(0,-.012,-.004,.999,.05,.008,-.049,.997,-.066,-.011,.066,.998);es="Linear";ed="In";};["LeftUpperArm"]={cf=cfr(0,-.009,-.014,.352,.936,-.013,-.934,.351,-.061,-.053,.034,.998);es="Linear";ed="In";};["UpperTorso"]={cf=cfr(0,-.018,.003,1,-.011,-.011,.015,.414,.91,-.005,-.91,.414);es="Linear";ed="In";};["RightUpperLeg"]={cf=cfr(-.004,.007,.001,.921,-.031,-.387,.081,.99,.113,.38,-.136,.915);es="Linear";ed="In";};["LeftUpperLeg"]={cf=cfr(0,-.001,.001,.833,.281,.476,.235,.599,-.765,-.5,.75,.433);es="Linear";ed="In";};["LeftLowerLeg"]={cf=cfr(0,.004,-.011,1,.015,0,0,0,1,.015,-1,0);es="Linear";ed="In";};["LowerTorso"]={cf=cfr(0,-.274,.006,1,0,0,0,.995,-.098,0,.098,.995);es="Linear";ed="In";};["RightLowerLeg"]={cf=cfr(0,0,0,1,0,0,0,.94,.342,0,-.342,.94);es="Linear";ed="In";};};{tm=.05;["RightUpperArm"]={cf=cfr(-.001,-.002,-.028,.387,-.911,-.145,.854,.413,-.316,.347,-.001,.938);es="Linear";ed="In";};["Head"]={cf=cfr(0,-.025,-.009,.999,.048,.007,-.047,.993,-.105,-.012,.105,.994);es="Linear";ed="In";};["LeftUpperArm"]={cf=cfr(.001,-.018,-.031,.366,.93,-.029,-.923,.359,-.137,-.117,.077,.99);es="Linear";ed="In";};["UpperTorso"]={cf=cfr(.001,-.039,.022,1,-.011,-.011,.015,.462,.887,-.005,-.887,.463);es="Linear";ed="In";};["RightUpperLeg"]={cf=cfr(-.008,.015,.002,.928,-.042,-.37,.075,.994,.074,.365,-.097,.926);es="Linear";ed="In";};["LeftUpperLeg"]={cf=cfr(-.001,-.001,.002,.848,.271,.455,.219,.602,-.768,-.482,.751,.451);es="Linear";ed="In";};["LeftLowerLeg"]={cf=cfr(0,.01,-.023,1,.015,0,0,.054,.999,.015,-.998,.054);es="Linear";ed="In";};["LowerTorso"]={cf=cfr(0,-.278,.018,1,0,0,0,1,-.003,0,.003,1);es="Linear";ed="In";};["RightLowerLeg"]={cf=cfr(0,0,0,1,0,0,0,.94,.342,0,-.342,.94);es="Linear";ed="In";};};{tm=.067;["RightUpperArm"]={cf=cfr(-.001,-.002,-.047,.401,-.908,-.12,.816,.414,-.403,.415,.063,.907);es="Linear";ed="In";};["Head"]={cf=cfr(-.001,-.041,-.016,.999,.045,.005,-.044,.986,-.158,-.012,.158,.987);es="Linear";ed="In";};["LeftUpperArm"]={cf=cfr(.003,-.028,-.052,.385,.921,-.048,-.9,.364,-.24,-.203,.136,.97);es="Linear";ed="In";};["UpperTorso"]={cf=cfr(.001,-.066,.044,1,-.011,-.01,.014,.526,.85,-.004,-.85,.527);es="Linear";ed="In";};["RightUpperLeg"]={cf=cfr(-.014,.025,.003,.937,-.057,-.345,.068,.997,.02,.343,-.043,.938);es="Linear";ed="In";};["LeftUpperLeg"]={cf=cfr(-.001,-.002,.004,.867,.259,.425,.197,.607,-.77,-.457,.752,.475);es="Linear";ed="In";};["LeftLowerLeg"]={cf=cfr(0,.017,-.037,1,.014,-.001,-.001,.126,.992,.014,-.992,.126);es="Linear";ed="In";};["LowerTorso"]={cf=cfr(0,-.281,.036,1,0,0,0,.992,.128,0,-.128,.992);es="Linear";ed="In";};["RightLowerLeg"]={cf=cfr(0,0,0,1,0,0,0,.94,.342,0,-.342,.94);es="Linear";ed="In";};};{tm=.083;["RightUpperArm"]={cf=cfr(-.003,0,-.066,.421,-.903,-.091,.76,.406,-.507,.495,.144,.857);es="Linear";ed="In";};["Head"]={cf=cfr(-.001,-.057,-.025,.999,.042,.003,-.04,.974,-.224,-.013,.224,.975);es="Linear";ed="In";};["LeftUpperArm"]={cf=cfr(.005,-.037,-.075,.412,.908,-.069,-.858,.362,-.365,-.307,.21,.928);es="Linear";ed="In";};["UpperTorso"]={cf=cfr(.001,-.096,.065,1,-.01,-.009,.013,.603,.798,-.003,-.798,.603);es="Linear";ed="In";};["RightUpperLeg"]={cf=cfr(-.02,.036,.006,.947,-.074,-.313,.062,.997,-.047,.315,.026,.949);es="Linear";ed="In";};["LeftUpperLeg"]={cf=cfr(-.002,-.003,.006,.89,.243,.387,.168,.613,-.772,-.424,.752,.504);es="Linear";ed="In";};["LeftLowerLeg"]={cf=cfr(0,.026,-.051,1,.013,-.001,-.001,.217,.976,.013,-.976,.217);es="Linear";ed="In";};["LowerTorso"]={cf=cfr(0,-.28,.056,1,0,0,0,.957,.289,0,-.289,.957);es="Linear";ed="In";};["RightLowerLeg"]={cf=cfr(0,0,0,1,0,0,0,.94,.342,0,-.342,.94);es="Linear";ed="In";};};{tm=.1;["RightUpperArm"]={cf=cfr(-.005,.005,-.084,.447,-.892,-.06,.682,.384,-.623,.579,.238,.78);es="Linear";ed="In";};["Head"]={cf=cfr(-.001,-.071,-.033,.999,.038,.001,-.035,.953,-.301,-.013,.301,.954);es="Linear";ed="In";};["LeftUpperArm"]={cf=cfr(.007,-.042,-.098,.447,.89,-.088,-.79,.346,-.506,-.42,.296,.858);es="Linear";ed="In";};["UpperTorso"]={cf=cfr(.002,-.125,.083,1,-.01,-.007,.012,.687,.727,-.002,-.727,.687);es="Linear";ed="In";};["RightUpperLeg"]={cf=cfr(-.025,.045,.009,.958,-.09,-.272,.057,.99,-.128,.281,.107,.954);es="Linear";ed="In";};["LeftUpperLeg"]={cf=cfr(-.003,-.003,.007,.914,.224,.34,.135,.62,-.773,-.384,.752,.536);es="Linear";ed="In";};["LeftLowerLeg"]={cf=cfr(0,.035,-.064,1,.011,-.002,-.002,.322,.947,.011,-.947,.322);es="Linear";ed="In";};["LowerTorso"]={cf=cfr(0,-.269,.079,1,0,0,0,.883,.47,0,-.47,.883);es="Linear";ed="In";};["RightLowerLeg"]={cf=cfr(0,0,0,1,0,0,0,.94,.342,0,-.342,.94);es="Linear";ed="In";};};{tm=.117;["RightUpperArm"]={cf=cfr(-.007,.011,-.096,.481,-.876,-.03,.579,.343,-.74,.658,.338,.672);es="Linear";ed="In";};["Head"]={cf=cfr(-.001,-.081,-.04,.999,.033,0,-.03,.922,-.386,-.012,.386,.922);es="Linear";ed="In";};["LeftUpperArm"]={cf=cfr(.011,-.041,-.115,.488,.867,-.102,-.691,.312,-.652,-.533,.389,.751);es="Linear";ed="In";};["UpperTorso"]={cf=cfr(.002,-.148,.092,1,-.009,-.006,.01,.772,.635,-.001,-.635,.772);es="Linear";ed="In";};["RightUpperLeg"]={cf=cfr(-.029,.051,.012,.969,-.105,-.224,.054,.974,-.219,.241,.2,.95);es="Linear";ed="In";};["LeftUpperLeg"]={cf=cfr(-.003,-.004,.008,.937,.203,.284,.097,.63,-.771,-.335,.75,.57);es="Linear";ed="In";};["LeftLowerLeg"]={cf=cfr(0,.043,-.072,1,.01,-.002,-.002,.437,.9,.01,-.9,.437);es="Linear";ed="In";};["LowerTorso"]={cf=cfr(0,-.248,.099,1,0,0,0,.757,.654,0,-.654,.757);es="Linear";ed="In";};["RightLowerLeg"]={cf=cfr(0,0,0,1,0,0,0,.94,.342,0,-.342,.94);es="Linear";ed="In";};};{tm=.133;["RightUpperArm"]={cf=cfr(-.009,.017,-.1,.521,-.854,-.004,.452,.28,-.847,.724,.44,.531);es="Linear";ed="In";};["Head"]={cf=cfr(-.001,-.083,-.045,1,.027,-.002,-.024,.878,-.477,-.011,.477,.879);es="Linear";ed="In";};["LeftUpperArm"]={cf=cfr(.013,-.035,-.124,.534,.838,-.108,-.559,.255,-.789,-.634,.482,.605);es="Linear";ed="In";};["UpperTorso"]={cf=cfr(.002,-.161,.091,1,-.008,-.004,.009,.853,.523,0,-.523,.853);es="Linear";ed="In";};["RightUpperLeg"]={cf=cfr(-.031,.053,.015,.979,-.115,-.169,.056,.947,-.317,.197,.301,.933);es="Linear";ed="In";};["LeftUpperLeg"]={cf=cfr(-.004,-.004,.009,.959,.18,.221,.056,.641,-.766,-.279,.746,.604);es="Linear";ed="In";};["LeftLowerLeg"]={cf=cfr(0,.049,-.073,1,.008,-.002,-.002,.556,.831,.008,-.831,.556);es="Linear";ed="In";};["LowerTorso"]={cf=cfr(0,-.214,.111,1,0,0,0,.574,.819,0,-.819,.574);es="Linear";ed="In";};["RightLowerLeg"]={cf=cfr(0,0,0,1,0,0,0,.94,.342,0,-.342,.94);es="Linear";ed="In";};};{tm=.15;["RightUpperArm"]={cf=cfr(-.01,.022,-.093,.566,-.824,.015,.304,.192,-.933,.766,.533,.36);es="Linear";ed="In";};["Head"]={cf=cfr(-.001,-.077,-.046,1,.021,-.002,-.018,.822,-.57,-.01,.569,.822);es="Linear";ed="In";};["LeftUpperArm"]={cf=cfr(.015,-.024,-.119,.583,.806,-.101,-.397,.174,-.901,-.709,.566,.421);es="Linear";ed="In";};["UpperTorso"]={cf=cfr(.002,-.156,.08,1,-.006,-.003,.007,.921,.39,0,-.39,.921);es="Linear";ed="In";};["RightUpperLeg"]={cf=cfr(-.029,.049,.016,.987,-.12,-.109,.064,.906,-.419,.148,.407,.901);es="Linear";ed="In";};["LeftUpperLeg"]={cf=cfr(-.004,-.003,.008,.976,.157,.15,.012,.653,-.757,-.217,.741,.636);es="Linear";ed="In";};["LeftLowerLeg"]={cf=cfr(0,.05,-.067,1,.006,-.002,-.002,.673,.74,.006,-.74,.673);es="Linear";ed="In";};["LowerTorso"]={cf=cfr(0,-.167,.112,1,0,0,0,.338,.941,0,-.941,.338);es="Linear";ed="In";};["RightLowerLeg"]={cf=cfr(0,0,0,1,0,0,0,.94,.342,0,-.342,.94);es="Linear";ed="In";};};{tm=.167;["RightUpperArm"]={cf=cfr(-.01,.023,-.073,.615,-.789,.023,.143,.083,-.986,.776,.609,.163);es="Linear";ed="In";};["Head"]={cf=cfr(0,-.061,-.039,1,.014,-.002,-.012,.751,-.66,-.007,.66,.751);es="Linear";ed="In";};["LeftUpperArm"]={cf=cfr(.014,-.012,-.097,.631,.772,-.081,-.211,.07,-.975,-.747,.632,.207);es="Linear";ed="In";};["UpperTorso"]={cf=cfr(.001,-.13,.058,1,-.004,-.002,.005,.971,.24,0,-.24,.971);es="Linear";ed="In";};["RightUpperLeg"]={cf=cfr(-.024,.039,.015,.992,-.117,-.044,.077,.85,-.521,.098,.513,.853);es="Linear";ed="In";};["LeftUpperLeg"]={cf=cfr(-.003,-.003,.007,.988,.133,.074,-.034,.667,-.744,-.148,.733,.664);es="Linear";ed="In";};["LeftLowerLeg"]={cf=cfr(0,.043,-.052,1,.004,-.002,-.002,.78,.626,.004,-.626,.78);es="Linear";ed="In";};["LowerTorso"]={cf=cfr(0,-.112,.095,1,0,0,0,.064,.998,0,-.998,.064);es="Linear";ed="In";};["RightLowerLeg"]={cf=cfr(0,0,0,1,0,0,0,.94,.342,0,-.342,.94);es="Linear";ed="In";};};{tm=.183;["RightUpperArm"]={cf=cfr(-.007,.017,-.042,.663,-.749,.018,-.024,-.045,-.999,.749,.661,-.047);es="Linear";ed="In";};["Head"]={cf=cfr(0,-.035,-.025,1,.007,-.002,-.006,.668,-.744,-.004,.744,.668);es="Linear";ed="In";};["LeftUpperArm"]={cf=cfr(.009,-.002,-.057,.673,.738,-.047,-.013,-.052,-.999,-.739,.673,-.026);es="Linear";ed="In";};["UpperTorso"]={cf=cfr(.001,-.079,.03,1,-.002,-.001,.002,.997,.079,0,-.079,.997);es="Linear";ed="In";};["RightUpperLeg"]={cf=cfr(-.014,.022,.01,.994,-.106,.022,.097,.781,-.617,.048,.616,.787);es="Linear";ed="In";};["LeftUpperLeg"]={cf=cfr(-.002,-.001,.004,.994,.109,-.005,-.079,.683,-.726,-.076,.722,.687);es="Linear";ed="In";};["LeftLowerLeg"]={cf=cfr(0,.027,-.029,1,.002,-.001,-.001,.871,.492,.002,-.492,.871);es="Linear";ed="In";};["LowerTorso"]={cf=cfr(0,-.054,.058,1,0,0,0,-.225,.974,0,-.974,-.225);es="Linear";ed="In";};["RightLowerLeg"]={cf=cfr(0,0,0,1,0,0,0,.94,.342,0,-.342,.94);es="Linear";ed="In";};};{tm=.2;["Head"]={cf=cfr(0,0,0,1,0,0,0,.574,-.819,0,.819,.574);es="Linear";ed="In";};["LeftUpperArm"]={cf=cfr(0,0,0,.707,.707,0,.183,-.183,-.966,-.683,.683,-.259);es="Linear";ed="In";};["RightUpperArm"]={cf=cfr(0,0,0,.707,-.707,0,-.183,-.183,-.966,.683,.683,-.259);es="Linear";ed="In";};["LeftUpperLeg"]={cf=cfr(0,0,0,.992,.087,-.087,-.123,.699,-.704,0,.71,.704);es="Linear";ed="In";};["RightUpperLeg"]={cf=cfr(0,0,0,.992,-.087,.087,.123,.699,-.704,0,.71,.704);es="Linear";ed="In";};["UpperTorso"]={cf=cfr(0,0,0,1,0,0,0,.996,-.087,0,.087,.996);es="Linear";ed="In";};["RightLowerLeg"]={cf=cfr(0,0,0,1,0,0,0,.94,.342,0,-.342,.94);es="Linear";ed="In";};["LowerTorso"]={cf=cfr(0,0,0,1,0,0,0,-.5,.866,0,-.866,-.5);es="Linear";ed="In";};["LeftLowerLeg"]={cf=cfr(0,0,0,1,0,0,0,.94,.342,0,-.342,.94);es="Linear";ed="In";};};{tm=.283;["LowerTorso"]={cf=cfr(0,0,0,1,0,0,0,-.94,-.342,0,.342,-.94);es="Linear";ed="In";};["LeftUpperArm"]={cf=cfr(0,0,0,.94,.342,0,.089,-.243,-.966,-.33,.908,-.259);es="Linear";ed="In";};["RightUpperArm"]={cf=cfr(0,0,0,.94,-.342,0,-.089,-.243,-.966,.33,.908,-.259);es="Linear";ed="In";};["LeftUpperLeg"]={cf=cfr(0,0,0,.992,.087,-.087,-.087,-.008,-.996,-.087,.996,0);es="Linear";ed="In";};["RightUpperLeg"]={cf=cfr(0,0,0,.992,-.087,.087,.087,-.008,-.996,.087,.996,0);es="Linear";ed="In";};["UpperTorso"]={cf=cfr(0,0,0,1,0,0,0,.574,-.819,0,.819,.574);es="Linear";ed="In";};["LeftLowerLeg"]={cf=cfr(0,0,0,1,0,0,0,.766,.643,0,-.643,.766);es="Linear";ed="In";};["RightLowerLeg"]={cf=cfr(0,0,0,1,0,0,0,.766,.643,0,-.643,.766);es="Linear";ed="In";};};{tm=.4;["Head"]={cf=cfr(0,-.055,-.032,1,0,0,0,.317,-.948,0,.948,.317);es="Linear";ed="In";};["LeftUpperArm"]={cf=cfr(0,0,0,.562,.823,.084,.701,-.421,-.576,-.438,.382,-.813);es="Linear";ed="In";};["RightUpperArm"]={cf=cfr(0,0,0,.562,-.823,-.084,-.701,-.421,-.576,.438,.382,-.813);es="Linear";ed="In";};["UpperTorso"]={cf=cfr(0,0,0,1,0,0,0,.906,-.423,0,.423,.906);es="Linear";ed="In";};["LowerTorso"]={cf=cfr(0,0,0,1,0,0,0,.259,-.966,0,.966,.259);es="Sine";ed="In";};};{tm=.417;["LowerTorso"]={cf=cfr(0,-.014,-.002,1,0,0,0,.277,-.961,0,.961,.277);es="Linear";ed="In";};};{tm=.433;["LowerTorso"]={cf=cfr(0,-.054,-.008,1,0,0,0,.329,-.944,0,.944,.329);es="Linear";ed="In";};};{tm=.45;["LowerTorso"]={cf=cfr(0,-.12,-.015,1,0,0,0,.413,-.911,0,.911,.413);es="Linear";ed="In";};};{tm=.467;["LowerTorso"]={cf=cfr(0,-.209,-.022,1,0,0,0,.521,-.854,0,.854,.521);es="Linear";ed="In";};};{tm=.483;["LowerTorso"]={cf=cfr(0,-.315,-.027,1,0,0,0,.643,-.766,0,.766,.643);es="Linear";ed="In";};};{tm=.5;["LowerTorso"]={cf=cfr(0,-.433,-.028,1,0,0,0,.766,-.643,0,.643,.766);es="Linear";ed="In";};};{tm=.517;["LowerTorso"]={cf=cfr(0,-.558,-.023,1,0,0,0,.875,-.484,0,.484,.875);es="Linear";ed="In";};};{tm=.533;["LowerTorso"]={cf=cfr(0,-.682,-.013,1,0,0,0,.956,-.295,0,.295,.956);es="Linear";ed="In";};};{tm=.55;["Head"]={cf=cfr(0,0,0,1,0,0,0,.866,.5,0,-.5,.866);es="Linear";ed="In";};["LeftUpperArm"]={cf=cfr(0,0,0,.615,.37,-.696,-.687,.684,-.244,.387,.628,.675);es="Linear";ed="In";};["RightUpperArm"]={cf=cfr(0,0,0,.615,-.37,.696,.687,.684,-.244,-.387,.628,.675);es="Linear";ed="In";};["LeftUpperLeg"]={cf=cfr(0,0,0,.992,.032,-.119,-.087,-.505,-.859,-.087,.863,-.498);es="Linear";ed="In";};["RightUpperLeg"]={cf=cfr(0,0,0,.992,-.032,.119,.087,-.505,-.859,.087,.863,-.498);es="Linear";ed="In";};["UpperTorso"]={cf=cfr(0,0,0,1,0,0,0,.985,.174,0,-.174,.985);es="Linear";ed="In";};["LeftLowerLeg"]={cf=cfr(0,0,0,1,0,0,0,.087,.996,0,-.996,.087);es="Linear";ed="In";};["RightLowerLeg"]={cf=cfr(0,0,0,1,0,0,0,.087,.996,0,-.996,.087);es="Linear";ed="In";};["LeftLowerArm"]={cf=cfr(0,0,0,1,0,0,0,.707,-.707,0,.707,.707);es="Linear";ed="In";};["LowerTorso"]={cf=cfr(0,-.8,0,1,0,0,0,.996,-.087,0,.087,.996);es="Linear";ed="In";};["RightLowerArm"]={cf=cfr(0,0,0,1,0,0,0,.707,-.707,0,.707,.707);es="Linear";ed="In";};};}