local cfr = CFrame.new

return {{tm=0;["Head"]={cf=cfr(0,0,0,1,0,0,0,.259,-.966,0,.966,.259);es="Linear";ed="In";};["LeftUpperArm"]={cf=cfr(0,0,0,1,0,0,0,.866,-.5,0,.5,.866);es="Linear";ed="In";};["RightUpperArm"]={cf=cfr(0,0,0,1,0,0,0,.906,-.423,0,.423,.906);es="Linear";ed="In";};["LeftUpperLeg"]={cf=cfr(0,0,0,.984,.154,.09,-.029,.636,-.771,-.176,.756,.631);es="Linear";ed="In";};["RightUpperLeg"]={cf=cfr(-.004,.1,-.037,.979,-.19,.072,.104,.161,-.981,.175,.968,.178);es="Linear";ed="In";};["UpperTorso"]={cf=cfr(0,0,0,1,0,0,0,.94,.342,0,-.342,.94);es="Linear";ed="In";};["LeftFoot"]={cf=cfr(0,0,0,1,0,0,0,1,0,0,0,1);es="Sine";ed="Out";};["RightHand"]={cf=cfr(0,0,0,1,0,0,0,1,0,0,0,1);es="Sine";ed="Out";};["LeftHand"]={cf=cfr(0,0,0,1,0,0,0,1,0,0,0,1);es="Sine";ed="Out";};["LeftLowerLeg"]={cf=cfr(0,0,0,1,0,0,0,-.5,.866,0,-.866,-.5);es="Linear";ed="In";};["RightFoot"]={cf=cfr(0,0,0,1,0,0,0,1,0,0,0,1);es="Sine";ed="Out";};["RightLowerLeg"]={cf=cfr(0,0,0,1,0,0,0,.174,.985,0,-.985,.174);es="Linear";ed="In";};["LeftLowerArm"]={cf=cfr(0,0,0,1,0,0,0,.94,-.342,0,.342,.94);es="Linear";ed="In";};["LowerTorso"]={cf=cfr(0,-1.386,.083,1,0,0,0,.985,.174,0,-.174,.985);es="Linear";ed="In";};["RightLowerArm"]={cf=cfr(0,0,0,1,0,0,0,.94,-.342,0,.342,.94);es="Linear";ed="In";};};{tm=.017;["LeftFoot"]={cf=cfr(0,0,0,1,0,0,0,1,0,0,0,1);es="Linear";ed="In";};["RightHand"]={cf=cfr(0,0,0,1,0,0,0,1,0,0,0,1);es="Linear";ed="In";};["LeftHand"]={cf=cfr(0,0,0,1,0,0,0,1,0,0,0,1);es="Linear";ed="In";};["RightFoot"]={cf=cfr(0,0,0,1,0,0,0,1,0,0,0,1);es="Linear";ed="In";};};{tm=.033;["LeftFoot"]={cf=cfr(0,0,0,1,0,0,0,1,0,0,0,1);es="Linear";ed="In";};["RightHand"]={cf=cfr(0,0,0,1,0,0,0,1,0,0,0,1);es="Linear";ed="In";};["LeftHand"]={cf=cfr(0,0,0,1,0,0,0,1,0,0,0,1);es="Linear";ed="In";};["RightFoot"]={cf=cfr(0,0,0,1,0,0,0,1,0,0,0,1);es="Linear";ed="In";};};{tm=.05;["LeftFoot"]={cf=cfr(0,0,0,1,0,0,0,1,0,0,0,1);es="Linear";ed="In";};["RightHand"]={cf=cfr(0,0,0,1,0,0,0,1,0,0,0,1);es="Linear";ed="In";};["LeftHand"]={cf=cfr(0,0,0,1,0,0,0,1,0,0,0,1);es="Linear";ed="In";};["RightFoot"]={cf=cfr(0,0,0,1,0,0,0,1,0,0,0,1);es="Linear";ed="In";};["Head"]={cf=cfr(0,0,0,1,0,0,0,.574,-.819,0,.819,.574);es="Linear";ed="In";};["LeftUpperArm"]={cf=cfr(0,0,0,.985,-.171,-.03,.1,.699,-.709,.142,.695,.705);es="Linear";ed="In";};["RightUpperArm"]={cf=cfr(0,0,0,.985,.171,.03,-.112,.756,-.644,-.133,.631,.764);es="Linear";ed="In";};["LeftUpperLeg"]={cf=cfr(0,0,0,.996,0,-.087,0,1,0,.087,0,.996);es="Linear";ed="In";};["RightUpperLeg"]={cf=cfr(0,0,0,.996,.056,.067,0,.766,-.643,-.087,.64,.763);es="Linear";ed="In";};["UpperTorso"]={cf=cfr(0,0,0,1,0,0,0,.866,.5,0,-.5,.866);es="Linear";ed="In";};["LeftLowerLeg"]={cf=cfr(0,0,0,1,0,0,0,.574,.819,0,-.819,.574);es="Linear";ed="In";};["RightLowerLeg"]={cf=cfr(0,0,0,1,0,0,0,.574,.819,0,-.819,.574);es="Linear";ed="In";};["LeftLowerArm"]={cf=cfr(0,0,0,1,0,0,0,.906,-.423,0,.423,.906);es="Linear";ed="In";};["LowerTorso"]={cf=cfr(0,-.586,.083,1,0,0,0,.985,.174,0,-.174,.985);es="Linear";ed="In";};["RightLowerArm"]={cf=cfr(0,0,0,1,0,0,0,.906,-.423,0,.423,.906);es="Linear";ed="In";};};{tm=.067;["LeftFoot"]={cf=cfr(0,0,0,1,0,0,0,1,0,0,0,1);es="Linear";ed="In";};["RightHand"]={cf=cfr(0,0,0,1,0,0,0,1,0,0,0,1);es="Linear";ed="In";};["LeftHand"]={cf=cfr(0,0,0,1,0,0,0,1,0,0,0,1);es="Linear";ed="In";};["RightFoot"]={cf=cfr(0,0,0,1,0,0,0,1,0,0,0,1);es="Linear";ed="In";};};{tm=.083;["LeftFoot"]={cf=cfr(0,0,0,1,0,0,0,1,0,0,0,1);es="Linear";ed="In";};["RightHand"]={cf=cfr(0,0,0,1,0,0,0,1,0,0,0,1);es="Linear";ed="In";};["LeftHand"]={cf=cfr(0,0,0,1,0,0,0,1,0,0,0,1);es="Linear";ed="In";};["RightFoot"]={cf=cfr(0,0,0,1,0,0,0,1,0,0,0,1);es="Linear";ed="In";};};{tm=.1;["LeftFoot"]={cf=cfr(0,0,0,1,0,0,0,1,0,0,0,1);es="Linear";ed="In";};["RightHand"]={cf=cfr(0,0,0,1,0,0,0,1,0,0,0,1);es="Linear";ed="In";};["LeftHand"]={cf=cfr(0,0,0,1,0,0,0,1,0,0,0,1);es="Linear";ed="In";};["RightFoot"]={cf=cfr(0,0,0,1,0,0,0,1,0,0,0,1);es="Linear";ed="In";};};{tm=.117;["LeftFoot"]={cf=cfr(0,0,0,1,0,0,0,1,0,0,0,1);es="Linear";ed="In";};["RightHand"]={cf=cfr(0,0,0,1,0,0,0,1,0,0,0,1);es="Linear";ed="In";};["LeftHand"]={cf=cfr(0,0,0,1,0,0,0,1,0,0,0,1);es="Linear";ed="In";};["RightFoot"]={cf=cfr(0,0,0,1,0,0,0,1,0,0,0,1);es="Linear";ed="In";};["RightLowerLeg"]={cf=cfr(0,0,0,1,0,0,0,.94,.342,0,-.342,.94);es="Linear";ed="In";};["LeftUpperArm"]={cf=cfr(0,0,0,.966,.259,0,-.166,.621,-.766,-.198,.74,.643);es="Linear";ed="In";};["Head"]={cf=cfr(0,0,0,1,0,0,0,.866,-.5,0,.5,.866);es="Linear";ed="In";};["RightUpperArm"]={cf=cfr(0,0,0,.966,-.259,0,.166,.621,-.766,.198,.74,.643);es="Linear";ed="In";};["LeftUpperLeg"]={cf=cfr(0,0,0,.995,.005,-.095,-.037,.939,-.342,.087,.344,.935);es="Linear";ed="In";};["UpperTorso"]={cf=cfr(0,0,0,1,0,0,0,.906,-.423,0,.423,.906);es="Linear";ed="In";};["LowerTorso"]={cf=cfr(0,0,0,1,0,0,0,.574,.819,0,-.819,.574);es="Linear";ed="In";};["LeftLowerLeg"]={cf=cfr(0,0,0,1,0,0,0,.906,.423,0,-.423,.906);es="Linear";ed="In";};};{tm=.133;["LeftFoot"]={cf=cfr(0,0,0,1,0,0,0,1,0,0,0,1);es="Linear";ed="In";};["RightHand"]={cf=cfr(0,0,0,1,0,0,0,1,0,0,0,1);es="Linear";ed="In";};["LeftHand"]={cf=cfr(0,0,0,1,0,0,0,1,0,0,0,1);es="Linear";ed="In";};["RightFoot"]={cf=cfr(0,0,0,1,0,0,0,1,0,0,0,1);es="Linear";ed="In";};};{tm=.15;["LeftFoot"]={cf=cfr(0,0,0,1,0,0,0,1,0,0,0,1);es="Linear";ed="In";};["RightHand"]={cf=cfr(0,0,0,1,0,0,0,1,0,0,0,1);es="Linear";ed="In";};["LeftHand"]={cf=cfr(0,0,0,1,0,0,0,1,0,0,0,1);es="Linear";ed="In";};["RightFoot"]={cf=cfr(0,0,0,1,0,0,0,1,0,0,0,1);es="Linear";ed="In";};};{tm=.167;["LeftFoot"]={cf=cfr(0,0,0,1,0,0,0,1,0,0,0,1);es="Linear";ed="In";};["RightHand"]={cf=cfr(0,0,0,1,0,0,0,1,0,0,0,1);es="Linear";ed="In";};["LeftHand"]={cf=cfr(0,0,0,1,0,0,0,1,0,0,0,1);es="Linear";ed="In";};["RightFoot"]={cf=cfr(0,0,0,1,0,0,0,1,0,0,0,1);es="Linear";ed="In";};};{tm=.183;["LeftFoot"]={cf=cfr(0,0,0,1,0,0,0,1,0,0,0,1);es="Linear";ed="In";};["RightHand"]={cf=cfr(0,0,0,1,0,0,0,1,0,0,0,1);es="Linear";ed="In";};["LeftHand"]={cf=cfr(0,0,0,1,0,0,0,1,0,0,0,1);es="Linear";ed="In";};["RightFoot"]={cf=cfr(0,0,0,1,0,0,0,1,0,0,0,1);es="Linear";ed="In";};};{tm=.2;["LeftFoot"]={cf=cfr(0,0,0,1,0,0,0,1,0,0,0,1);es="Linear";ed="In";};["RightHand"]={cf=cfr(0,0,0,1,0,0,0,1,0,0,0,1);es="Linear";ed="In";};["LeftHand"]={cf=cfr(0,0,0,1,0,0,0,1,0,0,0,1);es="Linear";ed="In";};["RightFoot"]={cf=cfr(0,0,0,1,0,0,0,1,0,0,0,1);es="Linear";ed="In";};["Head"]={cf=cfr(0,0,0,1,0,0,0,.574,-.819,0,.819,.574);es="Linear";ed="In";};["LeftUpperArm"]={cf=cfr(0,0,0,.707,.707,0,.183,-.183,-.966,-.683,.683,-.259);es="Linear";ed="In";};["RightUpperArm"]={cf=cfr(0,0,0,.707,-.707,0,-.183,-.183,-.966,.683,.683,-.259);es="Linear";ed="In";};["LeftUpperLeg"]={cf=cfr(0,0,0,.992,.087,-.087,-.123,.699,-.704,0,.71,.704);es="Linear";ed="In";};["RightUpperLeg"]={cf=cfr(0,0,0,.992,-.087,.087,.123,.699,-.704,0,.71,.704);es="Linear";ed="In";};["UpperTorso"]={cf=cfr(0,0,0,1,0,0,0,.819,-.574,0,.574,.819);es="Linear";ed="In";};["RightLowerLeg"]={cf=cfr(0,0,0,1,0,0,0,.94,.342,0,-.342,.94);es="Linear";ed="In";};["LowerTorso"]={cf=cfr(0,0,0,1,0,0,0,-.5,.866,0,-.866,-.5);es="Linear";ed="In";};["LeftLowerLeg"]={cf=cfr(0,0,0,1,0,0,0,.94,.342,0,-.342,.94);es="Linear";ed="In";};};{tm=.217;["LeftFoot"]={cf=cfr(0,0,0,1,0,0,0,1,0,0,0,1);es="Linear";ed="In";};["RightHand"]={cf=cfr(0,0,0,1,0,0,0,1,0,0,0,1);es="Linear";ed="In";};["LeftHand"]={cf=cfr(0,0,0,1,0,0,0,1,0,0,0,1);es="Linear";ed="In";};["RightFoot"]={cf=cfr(0,0,0,1,0,0,0,1,0,0,0,1);es="Linear";ed="In";};};{tm=.233;["LeftFoot"]={cf=cfr(0,0,0,1,0,0,0,1,0,0,0,1);es="Linear";ed="In";};["RightHand"]={cf=cfr(0,0,0,1,0,0,0,1,0,0,0,1);es="Linear";ed="In";};["LeftHand"]={cf=cfr(0,0,0,1,0,0,0,1,0,0,0,1);es="Linear";ed="In";};["RightFoot"]={cf=cfr(0,0,0,1,0,0,0,1,0,0,0,1);es="Linear";ed="In";};};{tm=.25;["LeftFoot"]={cf=cfr(0,0,0,1,0,0,0,1,0,0,0,1);es="Linear";ed="In";};["RightHand"]={cf=cfr(0,0,0,1,0,0,0,1,0,0,0,1);es="Linear";ed="In";};["LeftHand"]={cf=cfr(0,0,0,1,0,0,0,1,0,0,0,1);es="Linear";ed="In";};["RightFoot"]={cf=cfr(0,0,0,1,0,0,0,1,0,0,0,1);es="Linear";ed="In";};};{tm=.267;["LeftFoot"]={cf=cfr(0,0,0,1,0,0,0,1,0,0,0,1);es="Linear";ed="In";};["RightHand"]={cf=cfr(0,0,0,1,0,0,0,1,0,0,0,1);es="Linear";ed="In";};["LeftHand"]={cf=cfr(0,0,0,1,0,0,0,1,0,0,0,1);es="Linear";ed="In";};["RightFoot"]={cf=cfr(0,0,0,1,0,0,0,1,0,0,0,1);es="Linear";ed="In";};};{tm=.283;["LeftFoot"]={cf=cfr(0,0,0,1,0,0,0,1,0,0,0,1);es="Linear";ed="In";};["RightHand"]={cf=cfr(0,0,0,1,0,0,0,1,0,0,0,1);es="Linear";ed="In";};["LeftHand"]={cf=cfr(0,0,0,1,0,0,0,1,0,0,0,1);es="Linear";ed="In";};["RightFoot"]={cf=cfr(0,0,0,1,0,0,0,1,0,0,0,1);es="Linear";ed="In";};["LowerTorso"]={cf=cfr(0,0,0,1,0,0,0,-.94,-.342,0,.342,-.94);es="Linear";ed="In";};["LeftUpperArm"]={cf=cfr(0,0,0,.94,.342,0,.089,-.243,-.966,-.33,.908,-.259);es="Linear";ed="In";};["RightUpperArm"]={cf=cfr(0,0,0,.94,-.342,0,-.089,-.243,-.966,.33,.908,-.259);es="Linear";ed="In";};["LeftUpperLeg"]={cf=cfr(0,0,0,.992,.087,-.087,-.087,-.008,-.996,-.087,.996,0);es="Linear";ed="In";};["RightUpperLeg"]={cf=cfr(0,0,0,.992,-.087,.087,.087,-.008,-.996,.087,.996,0);es="Linear";ed="In";};["UpperTorso"]={cf=cfr(0,0,0,1,0,0,0,.574,-.819,0,.819,.574);es="Linear";ed="In";};["LeftLowerLeg"]={cf=cfr(0,0,0,1,0,0,0,.766,.643,0,-.643,.766);es="Linear";ed="In";};["RightLowerLeg"]={cf=cfr(0,0,0,1,0,0,0,.766,.643,0,-.643,.766);es="Linear";ed="In";};};{tm=.3;["LeftFoot"]={cf=cfr(0,0,0,1,0,0,0,1,0,0,0,1);es="Linear";ed="In";};["RightHand"]={cf=cfr(0,0,0,1,0,0,0,1,0,0,0,1);es="Linear";ed="In";};["LeftHand"]={cf=cfr(0,0,0,1,0,0,0,1,0,0,0,1);es="Linear";ed="In";};["RightFoot"]={cf=cfr(0,0,0,1,0,0,0,1,0,0,0,1);es="Linear";ed="In";};};{tm=.317;["LeftFoot"]={cf=cfr(0,0,0,1,0,0,0,1,0,0,0,1);es="Linear";ed="In";};["RightHand"]={cf=cfr(0,0,0,1,0,0,0,1,0,0,0,1);es="Linear";ed="In";};["LeftHand"]={cf=cfr(0,0,0,1,0,0,0,1,0,0,0,1);es="Linear";ed="In";};["RightFoot"]={cf=cfr(0,0,0,1,0,0,0,1,0,0,0,1);es="Linear";ed="In";};};{tm=.333;["LeftFoot"]={cf=cfr(0,0,0,1,0,0,0,1,0,0,0,1);es="Linear";ed="In";};["RightHand"]={cf=cfr(0,0,0,1,0,0,0,1,0,0,0,1);es="Linear";ed="In";};["LeftHand"]={cf=cfr(0,0,0,1,0,0,0,1,0,0,0,1);es="Linear";ed="In";};["RightFoot"]={cf=cfr(0,0,0,1,0,0,0,1,0,0,0,1);es="Linear";ed="In";};};{tm=.35;["LeftFoot"]={cf=cfr(0,0,0,1,0,0,0,1,0,0,0,1);es="Linear";ed="In";};["RightHand"]={cf=cfr(0,0,0,1,0,0,0,1,0,0,0,1);es="Linear";ed="In";};["LeftHand"]={cf=cfr(0,0,0,1,0,0,0,1,0,0,0,1);es="Linear";ed="In";};["RightFoot"]={cf=cfr(0,0,0,1,0,0,0,1,0,0,0,1);es="Linear";ed="In";};};{tm=.367;["LeftFoot"]={cf=cfr(0,0,0,1,0,0,0,1,0,0,0,1);es="Linear";ed="In";};["RightHand"]={cf=cfr(0,0,0,1,0,0,0,1,0,0,0,1);es="Linear";ed="In";};["LeftHand"]={cf=cfr(0,0,0,1,0,0,0,1,0,0,0,1);es="Linear";ed="In";};["RightFoot"]={cf=cfr(0,0,0,1,0,0,0,1,0,0,0,1);es="Linear";ed="In";};};{tm=.383;["LeftFoot"]={cf=cfr(0,0,0,1,0,0,0,1,0,0,0,1);es="Linear";ed="In";};["RightHand"]={cf=cfr(0,0,0,1,0,0,0,1,0,0,0,1);es="Linear";ed="In";};["LeftHand"]={cf=cfr(0,0,0,1,0,0,0,1,0,0,0,1);es="Linear";ed="In";};["RightFoot"]={cf=cfr(0,0,0,1,0,0,0,1,0,0,0,1);es="Linear";ed="In";};};{tm=.4;["LeftFoot"]={cf=cfr(0,0,0,1,0,0,0,1,0,0,0,1);es="Linear";ed="In";};["RightHand"]={cf=cfr(0,0,0,1,0,0,0,1,0,0,0,1);es="Linear";ed="In";};["LeftHand"]={cf=cfr(0,0,0,1,0,0,0,1,0,0,0,1);es="Linear";ed="In";};["RightFoot"]={cf=cfr(0,0,0,1,0,0,0,1,0,0,0,1);es="Linear";ed="In";};["Head"]={cf=cfr(0,-.055,-.032,1,0,0,0,.317,-.948,0,.948,.317);es="Linear";ed="In";};["LeftUpperArm"]={cf=cfr(0,0,0,.562,.823,.084,.701,-.421,-.576,-.438,.382,-.813);es="Linear";ed="In";};["RightUpperArm"]={cf=cfr(0,0,0,.562,-.823,-.084,-.701,-.421,-.576,.438,.382,-.813);es="Linear";ed="In";};["UpperTorso"]={cf=cfr(0,0,0,1,0,0,0,.906,-.423,0,.423,.906);es="Linear";ed="In";};["LowerTorso"]={cf=cfr(0,0,0,1,0,0,0,.259,-.966,0,.966,.259);es="Sine";ed="In";};};{tm=.417;["LeftFoot"]={cf=cfr(0,0,0,1,0,0,0,1,0,0,0,1);es="Linear";ed="In";};["RightHand"]={cf=cfr(0,0,0,1,0,0,0,1,0,0,0,1);es="Linear";ed="In";};["LeftHand"]={cf=cfr(0,0,0,1,0,0,0,1,0,0,0,1);es="Linear";ed="In";};["RightFoot"]={cf=cfr(0,0,0,1,0,0,0,1,0,0,0,1);es="Linear";ed="In";};["LowerTorso"]={cf=cfr(0,-.004,-.004,1,0,0,0,.299,-.954,0,.954,.299);es="Linear";ed="In";};};{tm=.433;["LeftFoot"]={cf=cfr(0,0,0,1,0,0,0,1,0,0,0,1);es="Linear";ed="In";};["RightHand"]={cf=cfr(0,0,0,1,0,0,0,1,0,0,0,1);es="Linear";ed="In";};["LeftHand"]={cf=cfr(0,0,0,1,0,0,0,1,0,0,0,1);es="Linear";ed="In";};["RightFoot"]={cf=cfr(0,0,0,1,0,0,0,1,0,0,0,1);es="Linear";ed="In";};["LowerTorso"]={cf=cfr(0,-.013,-.015,1,0,0,0,.413,-.911,0,.911,.413);es="Linear";ed="In";};};{tm=.45;["LeftFoot"]={cf=cfr(0,0,0,1,0,0,0,1,0,0,0,1);es="Linear";ed="In";};["RightHand"]={cf=cfr(0,0,0,1,0,0,0,1,0,0,0,1);es="Linear";ed="In";};["LeftHand"]={cf=cfr(0,0,0,1,0,0,0,1,0,0,0,1);es="Linear";ed="In";};["RightFoot"]={cf=cfr(0,0,0,1,0,0,0,1,0,0,0,1);es="Linear";ed="In";};["LowerTorso"]={cf=cfr(0,-.025,-.025,1,0,0,0,.581,-.814,0,.814,.581);es="Linear";ed="In";};};{tm=.467;["LeftFoot"]={cf=cfr(0,0,0,1,0,0,0,1,0,0,0,1);es="Linear";ed="In";};["RightHand"]={cf=cfr(0,0,0,1,0,0,0,1,0,0,0,1);es="Linear";ed="In";};["LeftHand"]={cf=cfr(0,0,0,1,0,0,0,1,0,0,0,1);es="Linear";ed="In";};["RightFoot"]={cf=cfr(0,0,0,1,0,0,0,1,0,0,0,1);es="Linear";ed="In";};["LowerTorso"]={cf=cfr(0,-.033,-.028,1,0,0,0,.766,-.643,0,.643,.766);es="Linear";ed="In";};};{tm=.483;["LeftFoot"]={cf=cfr(0,0,0,1,0,0,0,1,0,0,0,1);es="Linear";ed="In";};["RightHand"]={cf=cfr(0,0,0,1,0,0,0,1,0,0,0,1);es="Linear";ed="In";};["LeftHand"]={cf=cfr(0,0,0,1,0,0,0,1,0,0,0,1);es="Linear";ed="In";};["RightFoot"]={cf=cfr(0,0,0,1,0,0,0,1,0,0,0,1);es="Linear";ed="In";};["LowerTorso"]={cf=cfr(0,-.027,-.019,1,0,0,0,.92,-.393,0,.393,.92);es="Linear";ed="In";};};{tm=.5;["LeftFoot"]={cf=cfr(0,0,0,1,0,0,0,1,0,0,0,1);es="Linear";ed="In";};["RightHand"]={cf=cfr(0,0,0,1,0,0,0,1,0,0,0,1);es="Linear";ed="In";};["LeftHand"]={cf=cfr(0,0,0,1,0,0,0,1,0,0,0,1);es="Linear";ed="In";};["RightFoot"]={cf=cfr(0,0,0,1,0,0,0,1,0,0,0,1);es="Linear";ed="In";};["Head"]={cf=cfr(0,0,0,1,0,0,0,.985,-.174,0,.174,.985);es="Linear";ed="In";};["LeftUpperArm"]={cf=cfr(0,0,0,.615,.37,-.696,-.778,.428,-.46,.128,.825,.551);es="Linear";ed="In";};["RightUpperArm"]={cf=cfr(0,0,0,.615,-.37,.696,.778,.428,-.46,-.128,.825,.551);es="Linear";ed="In";};["LeftUpperLeg"]={cf=cfr(0,0,0,.992,.032,-.119,-.087,-.505,-.859,-.087,.863,-.498);es="Linear";ed="In";};["RightUpperLeg"]={cf=cfr(0,0,0,.992,-.032,.119,.087,-.505,-.859,.087,.863,-.498);es="Linear";ed="In";};["UpperTorso"]={cf=cfr(0,0,0,1,0,0,0,.985,.174,0,-.174,.985);es="Linear";ed="In";};["LeftLowerLeg"]={cf=cfr(0,0,0,1,0,0,0,.087,.996,0,-.996,.087);es="Linear";ed="In";};["RightLowerLeg"]={cf=cfr(0,0,0,1,0,0,0,.087,.996,0,-.996,.087);es="Linear";ed="In";};["LeftLowerArm"]={cf=cfr(0,0,0,1,0,0,0,.707,-.707,0,.707,.707);es="Linear";ed="In";};["LowerTorso"]={cf=cfr(0,0,0,1,0,0,0,.996,-.087,0,.087,.996);es="Sine";ed="In";};["RightLowerArm"]={cf=cfr(0,0,0,1,0,0,0,.707,-.707,0,.707,.707);es="Linear";ed="In";};};{tm=.517;["LeftFoot"]={cf=cfr(0,0,0,1,0,0,0,1,0,0,0,1);es="Linear";ed="In";};["RightHand"]={cf=cfr(0,0,0,1,0,0,0,1,0,0,0,1);es="Linear";ed="In";};["LeftHand"]={cf=cfr(0,0,0,1,0,0,0,1,0,0,0,1);es="Linear";ed="In";};["RightFoot"]={cf=cfr(0,0,0,1,0,0,0,1,0,0,0,1);es="Linear";ed="In";};["LowerTorso"]={cf=cfr(0,-.007,.003,1,0,0,0,.999,-.04,0,.04,.999);es="Linear";ed="In";};};{tm=.533;["LeftFoot"]={cf=cfr(0,0,0,1,0,0,0,1,0,0,0,1);es="Linear";ed="In";};["RightHand"]={cf=cfr(0,0,0,1,0,0,0,1,0,0,0,1);es="Linear";ed="In";};["LeftHand"]={cf=cfr(0,0,0,1,0,0,0,1,0,0,0,1);es="Linear";ed="In";};["RightFoot"]={cf=cfr(0,0,0,1,0,0,0,1,0,0,0,1);es="Linear";ed="In";};["LowerTorso"]={cf=cfr(0,-.023,.011,1,0,0,0,.995,.1,0,-.1,.995);es="Linear";ed="In";};};{tm=.55;["LeftFoot"]={cf=cfr(0,0,0,1,0,0,0,1,0,0,0,1);es="Linear";ed="In";};["RightHand"]={cf=cfr(0,0,0,1,0,0,0,1,0,0,0,1);es="Linear";ed="In";};["LeftHand"]={cf=cfr(0,0,0,1,0,0,0,1,0,0,0,1);es="Linear";ed="In";};["RightFoot"]={cf=cfr(0,0,0,1,0,0,0,1,0,0,0,1);es="Linear";ed="In";};["LowerTorso"]={cf=cfr(0,-.04,.023,1,0,0,0,.949,.316,0,-.316,.949);es="Linear";ed="In";};};{tm=.567;["LeftFoot"]={cf=cfr(0,0,0,1,0,0,0,1,0,0,0,1);es="Linear";ed="In";};["RightHand"]={cf=cfr(0,0,0,1,0,0,0,1,0,0,0,1);es="Linear";ed="In";};["LeftHand"]={cf=cfr(0,0,0,1,0,0,0,1,0,0,0,1);es="Linear";ed="In";};["RightFoot"]={cf=cfr(0,0,0,1,0,0,0,1,0,0,0,1);es="Linear";ed="In";};["LowerTorso"]={cf=cfr(0,-.046,.032,1,0,0,0,.819,.574,0,-.574,.819);es="Linear";ed="In";};};{tm=.583;["LeftFoot"]={cf=cfr(0,0,0,1,0,0,0,1,0,0,0,1);es="Linear";ed="In";};["RightHand"]={cf=cfr(0,0,0,1,0,0,0,1,0,0,0,1);es="Linear";ed="In";};["LeftHand"]={cf=cfr(0,0,0,1,0,0,0,1,0,0,0,1);es="Linear";ed="In";};["RightFoot"]={cf=cfr(0,0,0,1,0,0,0,1,0,0,0,1);es="Linear";ed="In";};["LowerTorso"]={cf=cfr(0,-.032,.028,1,0,0,0,.584,.812,0,-.812,.584);es="Linear";ed="In";};};{tm=.6;["LeftFoot"]={cf=cfr(0,0,0,1,0,0,0,1,0,0,0,1);es="Linear";ed="In";};["RightHand"]={cf=cfr(0,0,0,1,0,0,0,1,0,0,0,1);es="Linear";ed="In";};["LeftHand"]={cf=cfr(0,0,0,1,0,0,0,1,0,0,0,1);es="Linear";ed="In";};["RightFoot"]={cf=cfr(0,0,0,1,0,0,0,1,0,0,0,1);es="Linear";ed="In";};["Head"]={cf=cfr(0,0,0,1,0,0,0,.766,.643,0,-.643,.766);es="Linear";ed="In";};["LeftUpperArm"]={cf=cfr(.035,-.273,.108,.565,-.174,-.807,-.323,.853,-.41,.759,.492,.426);es="Linear";ed="In";};["RightUpperArm"]={cf=cfr(-.035,-.273,.108,.565,.174,.807,.323,.853,-.41,-.759,.492,.426);es="Linear";ed="In";};["LeftUpperLeg"]={cf=cfr(0,0,0,.983,-.141,-.119,-.173,-.482,-.859,.064,.865,-.498);es="Linear";ed="In";};["RightUpperLeg"]={cf=cfr(0,0,0,.983,.141,.119,.173,-.482,-.859,-.064,.865,-.498);es="Linear";ed="In";};["UpperTorso"]={cf=cfr(0,0,0,1,0,0,0,.866,.5,0,-.5,.866);es="Linear";ed="In";};["LeftLowerLeg"]={cf=cfr(0,0,0,1,0,0,0,-.423,.906,0,-.906,-.423);es="Linear";ed="In";};["RightLowerLeg"]={cf=cfr(0,0,0,1,0,0,0,-.423,.906,0,-.906,-.423);es="Linear";ed="In";};["LeftLowerArm"]={cf=cfr(0,0,0,1,0,0,0,.574,-.819,0,.819,.574);es="Linear";ed="In";};["LowerTorso"]={cf=cfr(0,0,0,1,0,0,0,.259,.966,0,-.966,.259);es="Sine";ed="Out";};["RightLowerArm"]={cf=cfr(0,0,0,1,0,0,0,.574,-.819,0,.819,.574);es="Linear";ed="In";};};{tm=.617;["LeftFoot"]={cf=cfr(0,0,0,1,0,0,0,1,0,0,0,1);es="Linear";ed="In";};["RightHand"]={cf=cfr(0,0,0,1,0,0,0,1,0,0,0,1);es="Linear";ed="In";};["LeftHand"]={cf=cfr(0,0,0,1,0,0,0,1,0,0,0,1);es="Linear";ed="In";};["RightFoot"]={cf=cfr(0,0,0,1,0,0,0,1,0,0,0,1);es="Linear";ed="In";};["LowerTorso"]={cf=cfr(0,.014,.041,1,0,0,0,-.099,.995,0,-.995,-.099);es="Linear";ed="In";};};{tm=.633;["LeftFoot"]={cf=cfr(0,0,0,1,0,0,0,1,0,0,0,1);es="Linear";ed="In";};["RightHand"]={cf=cfr(0,0,0,1,0,0,0,1,0,0,0,1);es="Linear";ed="In";};["LeftHand"]={cf=cfr(0,0,0,1,0,0,0,1,0,0,0,1);es="Linear";ed="In";};["RightFoot"]={cf=cfr(0,0,0,1,0,0,0,1,0,0,0,1);es="Linear";ed="In";};["LowerTorso"]={cf=cfr(0,.024,.051,1,0,0,0,-.423,.906,0,-.906,-.423);es="Linear";ed="In";};};{tm=.65;["LeftFoot"]={cf=cfr(0,0,0,1,0,0,0,1,0,0,0,1);es="Linear";ed="In";};["RightHand"]={cf=cfr(0,0,0,1,0,0,0,1,0,0,0,1);es="Linear";ed="In";};["LeftHand"]={cf=cfr(0,0,0,1,0,0,0,1,0,0,0,1);es="Linear";ed="In";};["RightFoot"]={cf=cfr(0,0,0,1,0,0,0,1,0,0,0,1);es="Linear";ed="In";};["LowerTorso"]={cf=cfr(0,.024,.04,1,0,0,0,-.664,.748,0,-.748,-.664);es="Linear";ed="In";};};{tm=.667;["LeftFoot"]={cf=cfr(0,0,0,1,0,0,0,1,0,0,0,1);es="Linear";ed="In";};["RightHand"]={cf=cfr(0,0,0,1,0,0,0,1,0,0,0,1);es="Linear";ed="In";};["LeftHand"]={cf=cfr(0,0,0,1,0,0,0,1,0,0,0,1);es="Linear";ed="In";};["RightFoot"]={cf=cfr(0,0,0,1,0,0,0,1,0,0,0,1);es="Linear";ed="In";};["LowerTorso"]={cf=cfr(0,.015,.021,1,0,0,0,-.812,.584,0,-.584,-.812);es="Linear";ed="In";};};{tm=.683;["LeftFoot"]={cf=cfr(0,0,0,1,0,0,0,1,0,0,0,1);es="Linear";ed="In";};["RightHand"]={cf=cfr(0,0,0,1,0,0,0,1,0,0,0,1);es="Linear";ed="In";};["LeftHand"]={cf=cfr(0,0,0,1,0,0,0,1,0,0,0,1);es="Linear";ed="In";};["RightFoot"]={cf=cfr(0,0,0,1,0,0,0,1,0,0,0,1);es="Linear";ed="In";};["LowerTorso"]={cf=cfr(0,.004,.006,1,0,0,0,-.885,.465,0,-.465,-.885);es="Linear";ed="In";};};{tm=.7;["LeftFoot"]={cf=cfr(0,0,0,1,0,0,0,1,0,0,0,1);es="Linear";ed="In";};["RightHand"]={cf=cfr(0,0,0,1,0,0,0,1,0,0,0,1);es="Linear";ed="In";};["LeftHand"]={cf=cfr(0,0,0,1,0,0,0,1,0,0,0,1);es="Linear";ed="In";};["RightFoot"]={cf=cfr(0,0,0,1,0,0,0,1,0,0,0,1);es="Linear";ed="In";};["Head"]={cf=cfr(0,0,0,1,0,0,0,.342,.94,0,-.94,.342);es="Linear";ed="In";};["LowerTorso"]={cf=cfr(0,0,0,1,0,0,0,-.906,.423,0,-.423,-.906);es="Linear";ed="In";};};{tm=.717;["LeftFoot"]={cf=cfr(0,0,0,1,0,0,0,1,0,0,0,1);es="Linear";ed="In";};["RightHand"]={cf=cfr(0,0,0,1,0,0,0,1,0,0,0,1);es="Linear";ed="In";};["LeftHand"]={cf=cfr(0,0,0,1,0,0,0,1,0,0,0,1);es="Linear";ed="In";};["RightFoot"]={cf=cfr(0,0,0,1,0,0,0,1,0,0,0,1);es="Linear";ed="In";};};{tm=.733;["LeftFoot"]={cf=cfr(0,0,0,1,0,0,0,1,0,0,0,1);es="Linear";ed="In";};["RightHand"]={cf=cfr(0,0,0,1,0,0,0,1,0,0,0,1);es="Linear";ed="In";};["LeftHand"]={cf=cfr(0,0,0,1,0,0,0,1,0,0,0,1);es="Linear";ed="In";};["RightFoot"]={cf=cfr(0,0,0,1,0,0,0,1,0,0,0,1);es="Linear";ed="In";};};{tm=.75;["LeftFoot"]={cf=cfr(0,0,0,1,0,0,0,1,0,0,0,1);es="Linear";ed="In";};["RightHand"]={cf=cfr(0,0,0,1,0,0,0,1,0,0,0,1);es="Linear";ed="In";};["LeftHand"]={cf=cfr(0,0,0,1,0,0,0,1,0,0,0,1);es="Linear";ed="In";};["RightFoot"]={cf=cfr(0,0,0,1,0,0,0,1,0,0,0,1);es="Linear";ed="In";};};{tm=.767;["LeftFoot"]={cf=cfr(0,0,0,1,0,0,0,1,0,0,0,1);es="Linear";ed="In";};["RightHand"]={cf=cfr(0,0,0,1,0,0,0,1,0,0,0,1);es="Linear";ed="In";};["LeftHand"]={cf=cfr(0,0,0,1,0,0,0,1,0,0,0,1);es="Linear";ed="In";};["RightFoot"]={cf=cfr(0,0,0,1,0,0,0,1,0,0,0,1);es="Linear";ed="In";};};{tm=.783;["LeftFoot"]={cf=cfr(0,0,0,1,0,0,0,1,0,0,0,1);es="Linear";ed="In";};["RightHand"]={cf=cfr(0,0,0,1,0,0,0,1,0,0,0,1);es="Linear";ed="In";};["LeftHand"]={cf=cfr(0,0,0,1,0,0,0,1,0,0,0,1);es="Linear";ed="In";};["RightFoot"]={cf=cfr(0,0,0,1,0,0,0,1,0,0,0,1);es="Linear";ed="In";};};{tm=.8;["LeftFoot"]={cf=cfr(0,0,0,1,0,0,0,1,0,0,0,1);es="Linear";ed="In";};["RightHand"]={cf=cfr(0,0,0,1,0,0,0,1,0,0,0,1);es="Linear";ed="In";};["LeftHand"]={cf=cfr(0,0,0,1,0,0,0,1,0,0,0,1);es="Linear";ed="In";};["RightFoot"]={cf=cfr(0,0,0,1,0,0,0,1,0,0,0,1);es="Linear";ed="In";};["Head"]={cf=cfr(0,0,0,1,0,0,0,.643,.766,0,-.766,.643);es="Linear";ed="In";};["LowerTorso"]={cf=cfr(0,0,0,1,0,0,0,-.423,-.906,0,.906,-.423);es="Linear";ed="In";};};{tm=.817;["LeftFoot"]={cf=cfr(0,0,0,1,0,0,0,1,0,0,0,1);es="Linear";ed="In";};["RightHand"]={cf=cfr(0,0,0,1,0,0,0,1,0,0,0,1);es="Linear";ed="In";};["LeftHand"]={cf=cfr(0,0,0,1,0,0,0,1,0,0,0,1);es="Linear";ed="In";};["RightFoot"]={cf=cfr(0,0,0,1,0,0,0,1,0,0,0,1);es="Linear";ed="In";};};{tm=.833;["LeftFoot"]={cf=cfr(0,0,0,1,0,0,0,1,0,0,0,1);es="Linear";ed="In";};["RightHand"]={cf=cfr(0,0,0,1,0,0,0,1,0,0,0,1);es="Linear";ed="In";};["LeftHand"]={cf=cfr(0,0,0,1,0,0,0,1,0,0,0,1);es="Linear";ed="In";};["RightFoot"]={cf=cfr(0,0,0,1,0,0,0,1,0,0,0,1);es="Linear";ed="In";};};{tm=.85;["LeftFoot"]={cf=cfr(0,0,0,1,0,0,0,1,0,0,0,1);es="Linear";ed="In";};["RightHand"]={cf=cfr(0,0,0,1,0,0,0,1,0,0,0,1);es="Linear";ed="In";};["LeftHand"]={cf=cfr(0,0,0,1,0,0,0,1,0,0,0,1);es="Linear";ed="In";};["RightFoot"]={cf=cfr(0,0,0,1,0,0,0,1,0,0,0,1);es="Linear";ed="In";};};{tm=.867;["LeftFoot"]={cf=cfr(0,0,0,1,0,0,0,1,0,0,0,1);es="Linear";ed="In";};["RightHand"]={cf=cfr(0,0,0,1,0,0,0,1,0,0,0,1);es="Linear";ed="In";};["LeftHand"]={cf=cfr(0,0,0,1,0,0,0,1,0,0,0,1);es="Linear";ed="In";};["RightFoot"]={cf=cfr(0,0,0,1,0,0,0,1,0,0,0,1);es="Linear";ed="In";};};{tm=.883;["LeftFoot"]={cf=cfr(0,0,0,1,0,0,0,1,0,0,0,1);es="Linear";ed="In";};["RightHand"]={cf=cfr(0,0,0,1,0,0,0,1,0,0,0,1);es="Linear";ed="In";};["LeftHand"]={cf=cfr(0,0,0,1,0,0,0,1,0,0,0,1);es="Linear";ed="In";};["RightFoot"]={cf=cfr(0,0,0,1,0,0,0,1,0,0,0,1);es="Linear";ed="In";};};{tm=.9;["LeftFoot"]={cf=cfr(0,0,0,1,0,0,0,1,0,0,0,1);es="Linear";ed="In";};["RightHand"]={cf=cfr(0,0,0,1,0,0,0,1,0,0,0,1);es="Linear";ed="In";};["LeftHand"]={cf=cfr(0,0,0,1,0,0,0,1,0,0,0,1);es="Linear";ed="In";};["RightFoot"]={cf=cfr(0,0,0,1,0,0,0,1,0,0,0,1);es="Linear";ed="In";};["LowerTorso"]={cf=cfr(0,0,0,1,0,0,0,.966,-.259,0,.259,.966);es="Linear";ed="In";};["LeftUpperLeg"]={cf=cfr(0,0,0,.983,-.141,-.119,-.173,-.482,-.859,.064,.865,-.498);es="Linear";ed="In";};};{tm=.917;["LeftFoot"]={cf=cfr(0,0,0,1,0,0,0,1,0,0,0,1);es="Linear";ed="In";};["RightHand"]={cf=cfr(0,0,0,1,0,0,0,1,0,0,0,1);es="Linear";ed="In";};["LeftHand"]={cf=cfr(0,0,0,1,0,0,0,1,0,0,0,1);es="Linear";ed="In";};["RightFoot"]={cf=cfr(0,0,0,1,0,0,0,1,0,0,0,1);es="Linear";ed="In";};};{tm=.933;["LeftFoot"]={cf=cfr(0,0,0,1,0,0,0,1,0,0,0,1);es="Linear";ed="In";};["RightHand"]={cf=cfr(0,0,0,1,0,0,0,1,0,0,0,1);es="Linear";ed="In";};["LeftHand"]={cf=cfr(0,0,0,1,0,0,0,1,0,0,0,1);es="Linear";ed="In";};["RightFoot"]={cf=cfr(0,0,0,1,0,0,0,1,0,0,0,1);es="Linear";ed="In";};};{tm=.95;["LeftFoot"]={cf=cfr(0,0,0,1,0,0,0,1,0,0,0,1);es="Linear";ed="In";};["RightHand"]={cf=cfr(0,0,0,1,0,0,0,1,0,0,0,1);es="Linear";ed="In";};["LeftHand"]={cf=cfr(0,0,0,1,0,0,0,1,0,0,0,1);es="Linear";ed="In";};["RightFoot"]={cf=cfr(0,0,0,1,0,0,0,1,0,0,0,1);es="Linear";ed="In";};};{tm=.967;["LeftFoot"]={cf=cfr(0,0,0,1,0,0,0,1,0,0,0,1);es="Linear";ed="In";};["RightHand"]={cf=cfr(0,0,0,1,0,0,0,1,0,0,0,1);es="Linear";ed="In";};["LeftHand"]={cf=cfr(0,0,0,1,0,0,0,1,0,0,0,1);es="Linear";ed="In";};["RightFoot"]={cf=cfr(0,0,0,1,0,0,0,1,0,0,0,1);es="Linear";ed="In";};};{tm=.983;["LeftFoot"]={cf=cfr(0,0,0,1,0,0,0,1,0,0,0,1);es="Linear";ed="In";};["RightHand"]={cf=cfr(0,0,0,1,0,0,0,1,0,0,0,1);es="Linear";ed="In";};["LeftHand"]={cf=cfr(0,0,0,1,0,0,0,1,0,0,0,1);es="Linear";ed="In";};["RightFoot"]={cf=cfr(0,0,0,1,0,0,0,1,0,0,0,1);es="Linear";ed="In";};};{tm=1;["LeftFoot"]={cf=cfr(0,0,0,1,0,0,0,1,0,0,0,1);es="Linear";ed="In";};["RightHand"]={cf=cfr(0,0,0,1,0,0,0,1,0,0,0,1);es="Linear";ed="In";};["LeftHand"]={cf=cfr(0,0,0,1,0,0,0,1,0,0,0,1);es="Linear";ed="In";};["RightFoot"]={cf=cfr(0,0,0,1,0,0,0,1,0,0,0,1);es="Linear";ed="In";};};{tm=1.017;["LeftFoot"]={cf=cfr(0,0,0,1,0,0,0,1,0,0,0,1);es="Linear";ed="In";};["RightHand"]={cf=cfr(0,0,0,1,0,0,0,1,0,0,0,1);es="Linear";ed="In";};["LeftHand"]={cf=cfr(0,0,0,1,0,0,0,1,0,0,0,1);es="Linear";ed="In";};["RightFoot"]={cf=cfr(0,0,0,1,0,0,0,1,0,0,0,1);es="Linear";ed="In";};["LowerTorso"]={cf=cfr(0,0,0,1,0,0,0,.574,.819,0,-.819,.574);es="Linear";ed="In";};};{tm=1.033;["LeftFoot"]={cf=cfr(0,0,0,1,0,0,0,1,0,0,0,1);es="Linear";ed="In";};["RightHand"]={cf=cfr(0,0,0,1,0,0,0,1,0,0,0,1);es="Linear";ed="In";};["LeftHand"]={cf=cfr(0,0,0,1,0,0,0,1,0,0,0,1);es="Linear";ed="In";};["RightFoot"]={cf=cfr(0,0,0,1,0,0,0,1,0,0,0,1);es="Linear";ed="In";};};{tm=1.05;["LeftFoot"]={cf=cfr(0,0,0,1,0,0,0,1,0,0,0,1);es="Linear";ed="In";};["RightHand"]={cf=cfr(0,0,0,1,0,0,0,1,0,0,0,1);es="Linear";ed="In";};["LeftHand"]={cf=cfr(0,0,0,1,0,0,0,1,0,0,0,1);es="Linear";ed="In";};["RightFoot"]={cf=cfr(0,0,0,1,0,0,0,1,0,0,0,1);es="Linear";ed="In";};};{tm=1.067;["LeftFoot"]={cf=cfr(0,0,0,1,0,0,0,1,0,0,0,1);es="Linear";ed="In";};["RightHand"]={cf=cfr(0,0,0,1,0,0,0,1,0,0,0,1);es="Linear";ed="In";};["LeftHand"]={cf=cfr(0,0,0,1,0,0,0,1,0,0,0,1);es="Linear";ed="In";};["RightFoot"]={cf=cfr(0,0,0,1,0,0,0,1,0,0,0,1);es="Linear";ed="In";};};{tm=1.083;["LeftFoot"]={cf=cfr(0,0,0,1,0,0,0,1,0,0,0,1);es="Linear";ed="In";};["RightHand"]={cf=cfr(0,0,0,1,0,0,0,1,0,0,0,1);es="Linear";ed="In";};["LeftHand"]={cf=cfr(0,0,0,1,0,0,0,1,0,0,0,1);es="Linear";ed="In";};["RightFoot"]={cf=cfr(0,0,0,1,0,0,0,1,0,0,0,1);es="Linear";ed="In";};};{tm=1.1;["LeftFoot"]={cf=cfr(0,0,0,1,0,0,0,1,0,0,0,1);es="Linear";ed="In";};["RightHand"]={cf=cfr(0,0,0,1,0,0,0,1,0,0,0,1);es="Linear";ed="In";};["LeftHand"]={cf=cfr(0,0,0,1,0,0,0,1,0,0,0,1);es="Linear";ed="In";};["RightFoot"]={cf=cfr(0,0,0,1,0,0,0,1,0,0,0,1);es="Linear";ed="In";};};{tm=1.117;["LeftFoot"]={cf=cfr(0,0,0,1,0,0,0,1,0,0,0,1);es="Linear";ed="In";};["RightHand"]={cf=cfr(0,0,0,1,0,0,0,1,0,0,0,1);es="Linear";ed="In";};["LeftHand"]={cf=cfr(0,0,0,1,0,0,0,1,0,0,0,1);es="Linear";ed="In";};["RightFoot"]={cf=cfr(0,0,0,1,0,0,0,1,0,0,0,1);es="Linear";ed="In";};};{tm=1.133;["LeftFoot"]={cf=cfr(0,0,0,1,0,0,0,1,0,0,0,1);es="Linear";ed="In";};["RightHand"]={cf=cfr(0,0,0,1,0,0,0,1,0,0,0,1);es="Linear";ed="In";};["LeftHand"]={cf=cfr(0,0,0,1,0,0,0,1,0,0,0,1);es="Linear";ed="In";};["RightFoot"]={cf=cfr(0,0,0,1,0,0,0,1,0,0,0,1);es="Linear";ed="In";};["Head"]={cf=cfr(0,-.009,.007,1,0,0,0,.414,.91,0,-.91,.414);es="Linear";ed="In";};["LeftUpperArm"]={cf=cfr(.035,-.273,.108,.565,-.174,-.807,-.323,.853,-.41,.759,.492,.426);es="Sine";ed="Out";};["RightUpperArm"]={cf=cfr(-.035,-.273,.108,.565,.174,.807,.323,.853,-.41,-.759,.492,.426);es="Sine";ed="Out";};["LeftUpperLeg"]={cf=cfr(0,0,0,.983,-.141,-.119,-.173,-.482,-.859,.064,.865,-.498);es="Sine";ed="Out";};["RightUpperLeg"]={cf=cfr(0,0,0,.983,.141,.119,.173,-.482,-.859,-.064,.865,-.498);es="Sine";ed="Out";};["UpperTorso"]={cf=cfr(0,0,0,1,0,0,0,.643,.766,0,-.766,.643);es="Linear";ed="In";};["LeftLowerLeg"]={cf=cfr(0,0,0,1,0,0,0,-.423,.906,0,-.906,-.423);es="Sine";ed="Out";};["RightLowerLeg"]={cf=cfr(0,0,0,1,0,0,0,-.423,.906,0,-.906,-.423);es="Sine";ed="Out";};["LeftLowerArm"]={cf=cfr(0,0,0,1,0,0,0,.574,-.819,0,.819,.574);es="Sine";ed="Out";};["LowerTorso"]={cf=cfr(0,0,0,1,0,0,0,-.906,.423,0,-.423,-.906);es="Linear";ed="In";};["RightLowerArm"]={cf=cfr(0,0,0,1,0,0,0,.574,-.819,0,.819,.574);es="Sine";ed="Out";};};{tm=1.15;["LeftFoot"]={cf=cfr(0,0,0,1,0,0,0,1,0,0,0,1);es="Linear";ed="In";};["RightHand"]={cf=cfr(0,0,0,1,0,0,0,1,0,0,0,1);es="Linear";ed="In";};["LeftHand"]={cf=cfr(0,0,0,1,0,0,0,1,0,0,0,1);es="Linear";ed="In";};["RightFoot"]={cf=cfr(0,0,0,1,0,0,0,1,0,0,0,1);es="Linear";ed="In";};["RightUpperArm"]={cf=cfr(-.093,-.236,.137,.624,.06,.779,.371,.855,-.363,-.688,.516,.511);es="Linear";ed="In";};["LeftUpperArm"]={cf=cfr(.082,-.233,.128,.606,-.061,-.794,-.375,.858,-.352,.702,.51,.497);es="Linear";ed="In";};["RightUpperLeg"]={cf=cfr(-.02,.019,.079,.99,.089,.107,.13,-.329,-.935,-.048,.94,-.337);es="Linear";ed="In";};["LeftUpperLeg"]={cf=cfr(.012,-.008,.026,.992,-.083,-.091,-.118,-.414,-.903,.038,.907,-.42);es="Linear";ed="In";};["LeftLowerLeg"]={cf=cfr(0,-.001,-.002,1,.001,0,0,-.394,.919,.001,-.919,-.394);es="Linear";ed="In";};["RightLowerLeg"]={cf=cfr(0,.006,-.042,1,0,0,0,-.301,.953,0,-.953,-.301);es="Linear";ed="In";};["LeftLowerArm"]={cf=cfr(0,.001,.002,1,0,0,0,.601,-.799,0,.799,.601);es="Linear";ed="In";};["RightLowerArm"]={cf=cfr(0,.001,.002,1,0,0,0,.601,-.799,0,.799,.601);es="Linear";ed="In";};};{tm=1.167;["LeftFoot"]={cf=cfr(0,0,0,1,0,0,0,1,0,0,0,1);es="Linear";ed="In";};["RightHand"]={cf=cfr(0,0,0,1,0,0,0,1,0,0,0,1);es="Linear";ed="In";};["LeftHand"]={cf=cfr(0,0,0,1,0,0,0,1,0,0,0,1);es="Linear";ed="In";};["RightFoot"]={cf=cfr(0,0,0,1,0,0,0,1,0,0,0,1);es="Linear";ed="In";};["RightUpperArm"]={cf=cfr(-.145,-.205,.156,.671,-.054,.74,.421,.849,-.32,-.611,.526,.592);es="Linear";ed="In";};["LeftUpperArm"]={cf=cfr(.123,-.198,.14,.636,.053,-.769,-.428,.854,-.295,.641,.518,.566);es="Linear";ed="In";};["RightUpperLeg"]={cf=cfr(-.039,.044,.142,.996,.039,.085,.091,-.165,-.982,-.025,.986,-.168);es="Linear";ed="In";};["LeftUpperLeg"]={cf=cfr(.023,-.013,.047,.998,-.028,-.058,-.065,-.339,-.938,.007,.94,-.341);es="Linear";ed="In";};["LeftLowerLeg"]={cf=cfr(0,-.001,-.004,1,.002,0,0,-.366,.931,.002,-.931,-.366);es="Linear";ed="In";};["RightLowerLeg"]={cf=cfr(0,.015,-.076,1,0,0,0,-.176,.984,0,-.984,-.176);es="Linear";ed="In";};["LeftLowerArm"]={cf=cfr(0,.003,.003,1,0,0,0,.628,-.778,0,.778,.628);es="Linear";ed="In";};["RightLowerArm"]={cf=cfr(0,.003,.003,1,0,0,0,.628,-.778,0,.778,.628);es="Linear";ed="In";};};{tm=1.183;["LeftFoot"]={cf=cfr(0,0,0,1,0,0,0,1,0,0,0,1);es="Linear";ed="In";};["RightHand"]={cf=cfr(0,0,0,1,0,0,0,1,0,0,0,1);es="Linear";ed="In";};["LeftHand"]={cf=cfr(0,0,0,1,0,0,0,1,0,0,0,1);es="Linear";ed="In";};["RightFoot"]={cf=cfr(0,0,0,1,0,0,0,1,0,0,0,1);es="Linear";ed="In";};["RightUpperArm"]={cf=cfr(-.188,-.178,.165,.705,-.167,.689,.472,.836,-.281,-.529,.523,.668);es="Linear";ed="In";};["LeftUpperArm"]={cf=cfr(.158,-.169,.146,.657,.165,-.735,-.483,.842,-.243,.579,.515,.633);es="Linear";ed="In";};["RightUpperLeg"]={cf=cfr(-.055,.072,.19,.998,-.005,.056,.056,.004,-.998,.005,1,.004);es="Linear";ed="In";};["LeftUpperLeg"]={cf=cfr(.032,-.016,.064,.999,.023,-.021,-.015,-.261,-.965,-.028,.965,-.261);es="Linear";ed="In";};["LeftLowerLeg"]={cf=cfr(0,-.002,-.006,1,.004,.001,.001,-.338,.941,.004,-.941,-.338);es="Linear";ed="In";};["RightLowerLeg"]={cf=cfr(0,.025,-.102,1,0,0,0,-.049,.999,0,-.999,-.049);es="Linear";ed="In";};["LeftLowerArm"]={cf=cfr(0,.004,.004,1,0,0,0,.654,-.757,0,.757,.654);es="Linear";ed="In";};["RightLowerArm"]={cf=cfr(0,.004,.004,1,0,0,0,.654,-.757,0,.757,.654);es="Linear";ed="In";};};{tm=1.2;["LeftFoot"]={cf=cfr(0,0,0,1,0,0,0,1,0,0,0,1);es="Linear";ed="In";};["RightHand"]={cf=cfr(0,0,0,1,0,0,0,1,0,0,0,1);es="Linear";ed="In";};["LeftHand"]={cf=cfr(0,0,0,1,0,0,0,1,0,0,0,1);es="Linear";ed="In";};["RightFoot"]={cf=cfr(0,0,0,1,0,0,0,1,0,0,0,1);es="Linear";ed="In";};["RightUpperArm"]={cf=cfr(-.222,-.156,.166,.727,-.275,.63,.523,.816,-.247,-.446,.509,.737);es="Linear";ed="In";};["LeftUpperArm"]={cf=cfr(.184,-.144,.145,.668,.272,-.692,-.537,.821,-.195,.516,.502,.695);es="Linear";ed="In";};["RightUpperLeg"]={cf=cfr(-.068,.101,.221,.999,-.043,.02,.027,.171,-.985,.039,.984,.172);es="Linear";ed="In";};["LeftUpperLeg"]={cf=cfr(.04,-.016,.077,.997,.071,.019,.032,-.18,-.983,-.066,.981,-.182);es="Linear";ed="In";};["LeftLowerLeg"]={cf=cfr(0,-.002,-.007,1,.005,.001,.001,-.31,.951,.005,-.951,-.31);es="Linear";ed="In";};["RightLowerLeg"]={cf=cfr(0,.035,-.121,1,0,0,0,.076,.997,0,-.997,.076);es="Linear";ed="In";};["LeftLowerArm"]={cf=cfr(0,.005,.004,1,0,0,0,.678,-.735,0,.735,.678);es="Linear";ed="In";};["RightLowerArm"]={cf=cfr(0,.005,.004,1,0,0,0,.678,-.735,0,.735,.678);es="Linear";ed="In";};};{tm=1.217;["LeftFoot"]={cf=cfr(0,0,0,1,0,0,0,1,0,0,0,1);es="Linear";ed="In";};["RightHand"]={cf=cfr(0,0,0,1,0,0,0,1,0,0,0,1);es="Linear";ed="In";};["LeftHand"]={cf=cfr(0,0,0,1,0,0,0,1,0,0,0,1);es="Linear";ed="In";};["RightFoot"]={cf=cfr(0,0,0,1,0,0,0,1,0,0,0,1);es="Linear";ed="In";};["RightUpperArm"]={cf=cfr(-.245,-.137,.16,.736,-.377,.563,.573,.79,-.218,-.362,.483,.797);es="Linear";ed="In";};["LeftUpperArm"]={cf=cfr(.202,-.124,.14,.669,.374,-.642,-.589,.794,-.151,.453,.48,.752);es="Linear";ed="In";};["RightUpperLeg"]={cf=cfr(-.077,.126,.238,.997,-.074,-.021,.005,.33,-.944,.077,.941,.329);es="Linear";ed="In";};["LeftUpperLeg"]={cf=cfr(.046,-.015,.085,.992,.114,.062,.073,-.098,-.992,-.107,.989,-.106);es="Linear";ed="In";};["LeftLowerLeg"]={cf=cfr(0,-.002,-.008,1,.006,.001,.001,-.282,.959,.006,-.959,-.282);es="Linear";ed="In";};["RightLowerLeg"]={cf=cfr(0,.045,-.132,1,0,0,0,.197,.98,0,-.98,.197);es="Linear";ed="In";};["LeftLowerArm"]={cf=cfr(0,.005,.005,1,0,0,0,.702,-.712,0,.712,.702);es="Linear";ed="In";};["RightLowerArm"]={cf=cfr(0,.005,.005,1,0,0,0,.702,-.712,0,.712,.702);es="Linear";ed="In";};};{tm=1.233;["LeftFoot"]={cf=cfr(0,0,0,1,0,0,0,1,0,0,0,1);es="Linear";ed="In";};["RightHand"]={cf=cfr(0,0,0,1,0,0,0,1,0,0,0,1);es="Linear";ed="In";};["LeftHand"]={cf=cfr(0,0,0,1,0,0,0,1,0,0,0,1);es="Linear";ed="In";};["RightFoot"]={cf=cfr(0,0,0,1,0,0,0,1,0,0,0,1);es="Linear";ed="In";};["LeftLowerLeg"]={cf=cfr(0,-.002,-.008,1,.007,.001,.001,-.255,.967,.007,-.967,-.255);es="Linear";ed="In";};["RightLowerLeg"]={cf=cfr(0,.052,-.137,1,0,0,0,.311,.95,0,-.95,.311);es="Linear";ed="In";};["LeftLowerArm"]={cf=cfr(0,.005,.005,1,0,0,0,.724,-.69,0,.69,.724);es="Linear";ed="In";};["RightLowerArm"]={cf=cfr(0,.005,.005,1,0,0,0,.724,-.69,0,.69,.724);es="Linear";ed="In";};["LowerTorso"]={cf=cfr(0,0,0,1,0,0,0,.574,-.819,0,.819,.574);es="Sine";ed="Out";};["LeftUpperLeg"]={cf=cfr(.049,-.012,.089,.983,.151,.106,.11,-.017,-.994,-.149,.988,-.033);es="Linear";ed="In";};["RightUpperLeg"]={cf=cfr(-.083,.147,.241,.993,-.097,-.064,-.01,.475,-.88,.116,.874,.471);es="Linear";ed="In";};["UpperTorso"]={cf=cfr(0,0,0,1,0,0,0,.985,.174,0,-.174,.985);es="Sine";ed="Out";};["LeftUpperArm"]={cf=cfr(.212,-.107,.13,.661,.468,-.586,-.639,.761,-.114,.392,.45,.802);es="Linear";ed="In";};["RightUpperArm"]={cf=cfr(-.257,-.121,.149,.733,-.472,.49,.62,.76,-.196,-.28,.447,.849);es="Linear";ed="In";};["Head"]={cf=cfr(0,0,0,1,0,0,0,.866,.5,0,-.5,.866);es="Sine";ed="Out";};};{tm=1.25;["LeftFoot"]={cf=cfr(0,0,0,1,0,0,0,1,0,0,0,1);es="Linear";ed="In";};["RightHand"]={cf=cfr(0,0,0,1,0,0,0,1,0,0,0,1);es="Linear";ed="In";};["LeftHand"]={cf=cfr(0,0,0,1,0,0,0,1,0,0,0,1);es="Linear";ed="In";};["RightFoot"]={cf=cfr(0,0,0,1,0,0,0,1,0,0,0,1);es="Linear";ed="In";};["RightUpperArm"]={cf=cfr(-.26,-.108,.134,.72,-.556,.415,.664,.726,-.178,-.202,.404,.892);es="Linear";ed="In";};["LeftUpperArm"]={cf=cfr(.214,-.092,.118,.646,.554,-.526,-.686,.723,-.082,.335,.414,.847);es="Linear";ed="In";};["Head"]={cf=cfr(0,-.013,.004,1,.005,.002,-.006,.896,.445,0,-.445,.896);es="Linear";ed="In";};["RightUpperLeg"]={cf=cfr(-.085,.161,.234,.988,-.112,-.109,-.019,.605,-.796,.155,.789,.595);es="Linear";ed="In";};["LeftUpperLeg"]={cf=cfr(.051,-.009,.089,.971,.184,.151,.142,.063,-.988,-.191,.981,.035);es="Linear";ed="In";};["UpperTorso"]={cf=cfr(0,-.005,0,1,-.002,0,.002,.978,.208,0,-.208,.978);es="Linear";ed="In";};["LeftLowerLeg"]={cf=cfr(0,-.002,-.009,1,.008,.001,.001,-.229,.974,.008,-.973,-.229);es="Linear";ed="In";};["RightLowerLeg"]={cf=cfr(0,.058,-.135,1,0,0,0,.417,.909,0,-.909,.417);es="Linear";ed="In";};["LeftLowerArm"]={cf=cfr(0,.005,.005,1,0,0,0,.744,-.668,0,.668,.744);es="Linear";ed="In";};["RightLowerArm"]={cf=cfr(0,.005,.005,1,0,0,0,.744,-.668,0,.668,.744);es="Linear";ed="In";};["LowerTorso"]={cf=cfr(0,-.036,-.005,1,0,0,0,.643,-.766,0,.766,.643);es="Linear";ed="In";};};{tm=1.267;["LeftFoot"]={cf=cfr(0,0,0,1,0,0,0,1,0,0,0,1);es="Linear";ed="In";};["RightHand"]={cf=cfr(0,0,0,1,0,0,0,1,0,0,0,1);es="Linear";ed="In";};["LeftHand"]={cf=cfr(0,0,0,1,0,0,0,1,0,0,0,1);es="Linear";ed="In";};["RightFoot"]={cf=cfr(0,0,0,1,0,0,0,1,0,0,0,1);es="Linear";ed="In";};["RightUpperArm"]={cf=cfr(-.253,-.095,.117,.698,-.631,.339,.705,.69,-.167,-.129,.355,.926);es="Linear";ed="In";};["LeftUpperArm"]={cf=cfr(.208,-.08,.104,.624,.629,-.463,-.729,.682,-.056,.281,.373,.884);es="Linear";ed="In";};["Head"]={cf=cfr(.001,-.023,.007,1,.011,.004,-.012,.921,.389,0,-.389,.921);es="Linear";ed="In";};["RightUpperLeg"]={cf=cfr(-.084,.169,.217,.981,-.12,-.153,-.021,.715,-.699,.193,.689,.698);es="Linear";ed="In";};["LeftUpperLeg"]={cf=cfr(.05,-.006,.086,.958,.211,.196,.169,.139,-.976,-.233,.968,.098);es="Linear";ed="In";};["UpperTorso"]={cf=cfr(0,-.008,-.001,1,-.004,0,.004,.97,.242,-.001,-.242,.97);es="Linear";ed="In";};["LeftLowerLeg"]={cf=cfr(0,-.002,-.008,1,.009,.001,.001,-.204,.979,.009,-.979,-.204);es="Linear";ed="In";};["RightLowerLeg"]={cf=cfr(0,.061,-.129,1,0,0,0,.513,.859,0,-.859,.513);es="Linear";ed="In";};["LeftLowerArm"]={cf=cfr(0,.005,.005,1,0,0,0,.763,-.647,0,.647,.763);es="Linear";ed="In";};["RightLowerArm"]={cf=cfr(0,.005,.005,1,0,0,0,.763,-.647,0,.647,.763);es="Linear";ed="In";};["LowerTorso"]={cf=cfr(0,-.07,-.008,1,0,0,0,.707,-.707,0,.707,.707);es="Linear";ed="In";};};{tm=1.283;["LeftFoot"]={cf=cfr(0,0,0,1,0,0,0,1,0,0,0,1);es="Linear";ed="In";};["RightHand"]={cf=cfr(0,0,0,1,0,0,0,1,0,0,0,1);es="Linear";ed="In";};["LeftHand"]={cf=cfr(0,0,0,1,0,0,0,1,0,0,0,1);es="Linear";ed="In";};["RightFoot"]={cf=cfr(0,0,0,1,0,0,0,1,0,0,0,1);es="Linear";ed="In";};["RightUpperArm"]={cf=cfr(-.239,-.083,.099,.669,-.695,.265,.741,.652,-.16,-.062,.303,.951);es="Linear";ed="In";};["LeftUpperArm"]={cf=cfr(.196,-.069,.089,.597,.695,-.401,-.768,.639,-.035,.231,.329,.916);es="Linear";ed="In";};["Head"]={cf=cfr(.001,-.03,.008,1,.016,.006,-.017,.943,.333,0,-.333,.943);es="Linear";ed="In";};["RightUpperLeg"]={cf=cfr(-.079,.168,.195,.973,-.121,-.195,-.019,.804,-.594,.229,.581,.781);es="Linear";ed="In";};["LeftUpperLeg"]={cf=cfr(.048,-.004,.081,.943,.233,.239,.191,.211,-.959,-.274,.949,.155);es="Linear";ed="In";};["UpperTorso"]={cf=cfr(0,-.01,-.002,1,-.005,0,.005,.961,.275,-.001,-.275,.962);es="Linear";ed="In";};["LeftLowerLeg"]={cf=cfr(0,-.002,-.008,1,.01,.001,.001,-.18,.984,.01,-.984