local cfr = CFrame.new

return {{tm=0;["RootNode"]={cf=cfr(0,0,0,-1,0,0,0,1,0,0,0,-1);es="Linear";ed="In";};["root"]={cf=cfr(0,1.227,0,0,0,1,0,1,0,-1,0,0);es="Linear";ed="In";};["000-offset"]={cf=cfr(0,0,0,.295,.629,.719,-.931,.02,.364,.215,-.777,.592);es="Linear";ed="In";};["004-offset.001"]={cf=cfr(0,0,0,-.015,-1,0,1,-.015,0,0,0,1);es="Linear";ed="In";};["006-offset"]={cf=cfr(0,0,0,-.015,-1,0,1,-.015,0,0,0,1);es="Linear";ed="In";};["000-offset.009"]={cf=cfr(0,0,0,-.997,-.073,-.007,.073,-.997,.007,-.008,.007,1);es="Linear";ed="In";};["000-offset.012"]={cf=cfr(0,0,0,-.601,-.455,-.657,.654,-.753,-.078,-.459,-.476,.75);es="Linear";ed="In";};["000-offset.001"]={cf=cfr(0,0,0,.936,.313,.161,-.309,.95,-.053,-.169,0,.986);es="Linear";ed="In";};["000-offset.010"]={cf=cfr(0,0,0,-.539,.842,0,-.842,-.539,0,0,0,1);es="Linear";ed="In";};["000-offset.013"]={cf=cfr(0,0,0,.975,.222,0,-.222,.975,0,0,0,1);es="Linear";ed="In";};["004-offset"]={cf=cfr(0,0,0,.035,-.999,0,.999,.035,0,0,0,1);es="Linear";ed="In";};["002-offset"]={cf=cfr(0,0,0,.035,-.999,0,.999,.035,0,0,0,1);es="Linear";ed="In";};["000-offset.002"]={cf=cfr(0,0,0,.986,-.055,-.155,-.067,.728,-.682,.151,.683,.715);es="Linear";ed="In";};["000-offset.011"]={cf=cfr(0,0,0,-.505,-.863,-.021,.863,-.504,-.018,.005,-.027,1);es="Linear";ed="In";};["000-offset.014"]={cf=cfr(0,0,0,-.055,-.998,.021,.995,-.056,-.083,.084,.016,.996);es="Linear";ed="In";};["000-offset.006"]={cf=cfr(0,0,0,.447,-.893,-.053,-.104,-.111,.988,-.889,-.436,-.143);es="Linear";ed="In";};["000-offset.003"]={cf=cfr(0,0,0,.667,-.709,.23,.592,.316,-.741,.453,.63,.63);es="Linear";ed="In";};["000-offset.007"]={cf=cfr(0,0,0,.209,-.978,0,.978,.209,0,0,0,1);es="Linear";ed="In";};["000-offset.004"]={cf=cfr(0,0,0,.111,-.994,0,.994,.111,0,0,0,1);es="Linear";ed="In";};["000-offset.008"]={cf=cfr(0,0,0,.899,-.438,0,.438,.899,0,0,0,1);es="Linear";ed="In";};["000-offset.005"]={cf=cfr(0,0,0,.916,-.374,-.143,.368,.927,-.07,.159,.011,.987);es="Linear";ed="In";};};{tm=.042;["root"]={cf=cfr(0,1.241,0,0,0,1,0,1,0,-1,0,0);es="Linear";ed="In";};["000-offset"]={cf=cfr(0,0,0,.302,.614,.729,-.931,.025,.365,.206,-.789,.579);es="Linear";ed="In";};["004-offset.001"]={cf=cfr(0,0,0,-.016,-1,0,1,-.016,0,0,0,1);es="Linear";ed="In";};["006-offset"]={cf=cfr(0,0,0,-.112,-.993,.037,.991,-.109,.08,-.076,.046,.996);es="Linear";ed="In";};["000-offset.009"]={cf=cfr(0,0,0,-.996,-.068,-.054,.067,-.998,.021,-.055,.018,.998);es="Linear";ed="In";};["000-offset.012"]={cf=cfr(0,0,0,-.522,-.453,-.723,.64,-.768,.019,-.564,-.452,.691);es="Linear";ed="In";};["000-offset.001"]={cf=cfr(0,0,0,.955,.269,.127,-.27,.963,-.013,-.125,-.022,.992);es="Linear";ed="In";};["000-offset.010"]={cf=cfr(0,0,0,-.53,.848,0,-.848,-.53,0,0,0,1);es="Linear";ed="In";};["000-offset.013"]={cf=cfr(0,0,0,.923,.385,0,-.385,.923,0,0,0,1);es="Linear";ed="In";};["000-offset.002"]={cf=cfr(0,0,0,.988,.014,-.155,-.121,.694,-.71,.098,.72,.687);es="Linear";ed="In";};["000-offset.011"]={cf=cfr(0,0,0,-.389,-.92,-.056,.921,-.387,-.047,.021,-.07,.997);es="Linear";ed="In";};["000-offset.014"]={cf=cfr(0,0,0,-.002,-1,.019,.998,-.004,-.066,.066,.019,.998);es="Linear";ed="In";};["000-offset.006"]={cf=cfr(0,0,0,.468,-.879,-.09,-.019,-.112,.994,-.884,-.463,-.07);es="Linear";ed="In";};["000-offset.003"]={cf=cfr(0,0,0,.708,-.669,.226,.56,.337,-.757,.431,.662,.613);es="Linear";ed="In";};["000-offset.007"]={cf=cfr(0,0,0,.205,-.979,0,.979,.205,0,0,0,1);es="Linear";ed="In";};["000-offset.004"]={cf=cfr(0,0,0,.164,-.986,0,.986,.164,0,0,0,1);es="Linear";ed="In";};["000-offset.008"]={cf=cfr(0,0,0,.885,-.465,.002,.465,.885,-.006,.001,.007,1);es="Linear";ed="In";};["000-offset.005"]={cf=cfr(0,0,0,.908,-.394,-.143,.393,.919,-.036,.146,-.023,.989);es="Linear";ed="In";};};{tm=.083;["root"]={cf=cfr(0,1.269,0,0,0,1,0,1,0,-1,0,0);es="Linear";ed="In";};["000-offset"]={cf=cfr(0,0,0,.321,.57,.757,-.93,.036,.366,.181,-.821,.541);es="Linear";ed="In";};["004-offset.001"]={cf=cfr(0,0,0,-.017,-1,0,1,-.017,0,0,0,1);es="Linear";ed="In";};["006-offset"]={cf=cfr(0,0,0,-.3,-.952,.063,.926,-.274,.26,-.23,.137,.964);es="Linear";ed="In";};["000-offset.009"]={cf=cfr(0,0,0,-.987,-.061,-.151,.055,-.997,.047,-.153,.038,.987);es="Linear";ed="In";};["000-offset.012"]={cf=cfr(0,0,0,-.347,-.473,-.81,.571,-.792,.218,-.744,-.386,.545);es="Linear";ed="In";};["000-offset.001"]={cf=cfr(0,0,0,.98,.19,.051,-.193,.979,.06,-.039,-.069,.997);es="Linear";ed="In";};["000-offset.010"]={cf=cfr(0,0,0,-.518,.856,0,-.856,-.518,0,0,0,1);es="Linear";ed="In";};["000-offset.013"]={cf=cfr(0,0,0,.722,.692,0,-.692,.722,0,0,0,1);es="Linear";ed="In";};["000-offset.002"]={cf=cfr(0,0,0,.974,.152,-.168,-.226,.636,-.737,-.005,.756,.654);es="Linear";ed="In";};["000-offset.011"]={cf=cfr(0,0,0,-.151,-.978,-.142,.987,-.142,-.073,.051,-.151,.987);es="Linear";ed="In";};["000-offset.014"]={cf=cfr(0,0,0,.085,-.996,.022,.996,.085,-.03,.028,.024,.999);es="Linear";ed="In";};["000-offset.006"]={cf=cfr(0,0,0,.445,-.875,-.189,.209,-.104,.972,-.871,-.472,.137);es="Linear";ed="In";};["000-offset.003"]={cf=cfr(0,0,0,.803,-.561,.202,.464,.374,-.803,.375,.739,.56);es="Linear";ed="In";};["000-offset.007"]={cf=cfr(0,0,0,.196,-.981,0,.981,.196,0,0,0,1);es="Linear";ed="In";};["000-offset.004"]={cf=cfr(0,0,0,.301,-.954,0,.954,.301,0,0,0,1);es="Linear";ed="In";};["000-offset.008"]={cf=cfr(0,0,0,.846,-.534,.007,.534,.845,-.021,.005,.022,1);es="Linear";ed="In";};["000-offset.005"]={cf=cfr(0,0,0,.883,-.445,-.15,.456,.888,.047,.112,-.11,.988);es="Linear";ed="In";};};{tm=.125;["root"]={cf=cfr(0,1.311,0,0,0,1,0,1,0,-1,0,0);es="Linear";ed="In";};["000-offset"]={cf=cfr(0,0,0,.345,.501,.794,-.927,.049,.372,.148,-.864,.481);es="Linear";ed="In";};["004-offset.001"]={cf=cfr(0,0,0,-.018,-1,0,1,-.018,0,0,0,1);es="Linear";ed="In";};["006-offset"]={cf=cfr(0,0,0,-.43,-.902,.035,.831,-.381,.405,-.352,.203,.914);es="Linear";ed="In";};["000-offset.009"]={cf=cfr(0,0,0,-.97,-.061,-.233,.047,-.997,.066,-.237,.053,.97);es="Linear";ed="In";};["000-offset.012"]={cf=cfr(0,0,0,-.199,-.525,-.827,.491,-.784,.38,-.848,-.331,.414);es="Linear";ed="In";};["000-offset.001"]={cf=cfr(0,0,0,.988,.153,-.006,-.151,.982,.113,.023,-.111,.994);es="Linear";ed="In";};["000-offset.010"]={cf=cfr(0,0,0,-.522,.853,0,-.853,-.522,0,0,0,1);es="Linear";ed="In";};["000-offset.013"]={cf=cfr(0,0,0,.442,.897,0,-.897,.442,0,0,0,1);es="Linear";ed="In";};["000-offset.002"]={cf=cfr(0,0,0,.954,.258,-.156,-.293,.67,-.682,-.072,.696,.715);es="Linear";ed="In";};["000-offset.011"]={cf=cfr(0,0,0,.001,-.98,-.199,.998,.014,-.066,.068,-.198,.978);es="Linear";ed="In";};["000-offset.014"]={cf=cfr(0,0,0,.106,-.994,.029,.994,.106,0,-.003,.028,1);es="Linear";ed="In";};["000-offset.006"]={cf=cfr(0,0,0,.239,-.932,-.271,.463,-.136,.876,-.853,-.335,.4);es="Linear";ed="In";};["000-offset.003"]={cf=cfr(0,0,0,.902,-.409,.141,.31,.385,-.869,.301,.827,.474);es="Linear";ed="In";};["000-offset.007"]={cf=cfr(0,0,0,.187,-.982,0,.982,.187,0,0,0,1);es="Linear";ed="In";};["000-offset.004"]={cf=cfr(0,0,0,.48,-.877,0,.877,.48,0,0,0,1);es="Linear";ed="In";};["000-offset.008"]={cf=cfr(0,0,0,.783,-.621,.017,.621,.783,-.036,.009,.039,.999);es="Linear";ed="In";};["000-offset.005"]={cf=cfr(0,0,0,.839,-.515,-.175,.54,.828,.154,.066,-.224,.972);es="Linear";ed="In";};};{tm=.167;["root"]={cf=cfr(0,1.354,0,0,0,1,0,1,0,-1,0,0);es="Linear";ed="In";};["000-offset"]={cf=cfr(0,0,0,.369,.412,.833,-.923,.056,.381,.111,-.909,.401);es="Linear";ed="In";};["004-offset.001"]={cf=cfr(0,0,0,-.019,-1,0,1,-.019,0,0,0,1);es="Linear";ed="In";};["006-offset"]={cf=cfr(0,0,0,-.494,-.869,-.003,.759,-.433,.486,-.423,.238,.874);es="Linear";ed="In";};["000-offset.009"]={cf=cfr(0,0,0,-.959,-.061,-.277,.043,-.997,.071,-.28,.056,.958);es="Linear";ed="In";};["000-offset.012"]={cf=cfr(0,0,0,-.082,-.587,-.805,.472,-.735,.487,-.878,-.34,.337);es="Linear";ed="In";};["000-offset.001"]={cf=cfr(0,0,0,.983,.182,-.014,-.178,.973,.145,.04,-.14,.989);es="Linear";ed="In";};["000-offset.010"]={cf=cfr(0,0,0,-.581,.814,0,-.814,-.581,0,0,0,1);es="Linear";ed="In";};["000-offset.013"]={cf=cfr(0,0,0,.177,.984,0,-.984,.177,0,0,0,1);es="Linear";ed="In";};["000-offset.002"]={cf=cfr(0,0,0,.951,.296,-.084,-.3,.83,-.47,-.07,.473,.879);es="Linear";ed="In";};["000-offset.011"]={cf=cfr(0,0,0,-.068,-.982,-.175,.996,-.057,-.066,.055,-.179,.982);es="Linear";ed="In";};["000-offset.014"]={cf=cfr(0,0,0,-.026,-.999,.032,.999,-.026,.02,-.019,.033,.999);es="Linear";ed="In";};["000-offset.006"]={cf=cfr(0,0,0,-.127,-.962,-.241,.535,-.271,.8,-.835,-.028,.549);es="Linear";ed="In";};["000-offset.003"]={cf=cfr(0,0,0,.965,-.261,.038,.13,.347,-.929,.229,.901,.368);es="Linear";ed="In";};["000-offset.007"]={cf=cfr(0,0,0,.181,-.983,0,.983,.181,0,0,0,1);es="Linear";ed="In";};["000-offset.004"]={cf=cfr(0,0,0,.659,-.752,0,.752,.659,0,0,0,1);es="Linear";ed="In";};["000-offset.008"]={cf=cfr(0,0,0,.707,-.707,.028,.707,.706,-.046,.012,.052,.999);es="Linear";ed="In";};["000-offset.005"]={cf=cfr(0,0,0,.781,-.584,-.221,.624,.739,.254,.015,-.336,.942);es="Linear";ed="In";};};{tm=.208;["root"]={cf=cfr(0,1.424,0,0,0,1,0,1,0,-1,0,0);es="Linear";ed="In";};["000-offset"]={cf=cfr(0,0,0,.389,.309,.868,-.918,.052,.393,.076,-.95,.304);es="Linear";ed="In";};["004-offset.001"]={cf=cfr(0,0,0,-.02,-1,0,1,-.02,0,0,0,1);es="Linear";ed="In";};["006-offset"]={cf=cfr(0,0,0,-.539,-.841,-.046,.691,-.472,.548,-.483,.264,.835);es="Linear";ed="In";};["000-offset.009"]={cf=cfr(0,0,0,-.95,-.059,-.307,.039,-.997,.07,-.31,.055,.949);es="Linear";ed="In";};["000-offset.012"]={cf=cfr(0,0,0,.039,-.647,-.762,.457,-.666,.589,-.889,-.371,.27);es="Linear";ed="In";};["000-offset.001"]={cf=cfr(0,0,0,.971,.239,0,-.236,.957,.172,.042,-.167,.985);es="Linear";ed="In";};["000-offset.010"]={cf=cfr(0,0,0,-.652,.759,0,-.759,-.652,0,0,0,1);es="Linear";ed="In";};["000-offset.013"]={cf=cfr(0,0,0,-.103,.995,0,-.995,-.103,0,0,0,1);es="Linear";ed="In";};["000-offset.002"]={cf=cfr(0,0,0,.957,.289,.007,-.286,.951,-.117,-.04,.11,.993);es="Linear";ed="In";};["000-offset.011"]={cf=cfr(0,0,0,-.228,-.966,-.118,.973,-.223,-.056,.028,-.127,.991);es="Linear";ed="In";};["000-offset.014"]={cf=cfr(0,0,0,-.238,-.971,.029,.971,-.237,.04,-.032,.037,.999);es="Linear";ed="In";};["000-offset.006"]={cf=cfr(0,0,0,-.438,-.876,-.203,.367,-.38,.849,-.821,.298,.488);es="Linear";ed="In";};["000-offset.003"]={cf=cfr(0,0,0,.984,-.163,-.077,-.029,.282,-.959,.178,.946,.273);es="Linear";ed="In";};["000-offset.007"]={cf=cfr(0,0,0,.185,-.983,0,.983,.185,0,0,0,1);es="Linear";ed="In";};["000-offset.004"]={cf=cfr(0,0,0,.8,-.599,0,.599,.8,0,0,0,1);es="Linear";ed="In";};["000-offset.008"]={cf=cfr(0,0,0,.631,-.775,.034,.776,.63,-.044,.013,.055,.998);es="Linear";ed="In";};["000-offset.005"]={cf=cfr(0,0,0,.718,-.64,-.273,.696,.642,.323,-.031,-.422,.906);es="Linear";ed="In";};};{tm=.25;["root"]={cf=cfr(0,1.523,0,0,0,1,0,1,0,-1,0,0);es="Linear";ed="In";};["000-offset"]={cf=cfr(0,0,0,.408,.194,.892,-.912,.043,.408,.041,-.98,.194);es="Linear";ed="In";};["004-offset.001"]={cf=cfr(0,0,0,-.022,-1,0,1,-.022,0,0,0,1);es="Linear";ed="In";};["006-offset"]={cf=cfr(0,0,0,-.561,-.824,-.076,.646,-.493,.583,-.518,.278,.809);es="Linear";ed="In";};["000-offset.009"]={cf=cfr(0,0,0,-.939,-.076,-.335,.056,-.996,.069,-.339,.046,.94);es="Linear";ed="In";};["000-offset.012"]={cf=cfr(0,0,0,.135,-.694,-.707,.455,-.591,.666,-.88,-.412,.236);es="Linear";ed="In";};["000-offset.001"]={cf=cfr(0,0,0,.956,.293,.025,-.293,.937,.191,.032,-.19,.981);es="Linear";ed="In";};["000-offset.010"]={cf=cfr(0,0,0,-.655,.755,0,-.755,-.655,0,0,0,1);es="Linear";ed="In";};["000-offset.013"]={cf=cfr(0,0,0,-.342,.94,0,-.94,-.342,0,0,0,1);es="Linear";ed="In";};["000-offset.002"]={cf=cfr(0,0,0,.966,.246,.077,-.257,.926,.275,-.004,-.285,.958);es="Linear";ed="In";};["000-offset.011"]={cf=cfr(0,0,0,-.311,-.948,-.067,.95,-.309,-.029,.007,-.073,.997);es="Linear";ed="In";};["000-offset.014"]={cf=cfr(0,0,0,-.394,-.919,.02,.918,-.392,.053,-.041,.039,.998);es="Linear";ed="In";};["000-offset.006"]={cf=cfr(0,0,0,-.562,-.794,-.231,.139,-.366,.92,-.815,.485,.316);es="Linear";ed="In";};["000-offset.003"]={cf=cfr(0,0,0,.979,-.137,-.151,-.115,.242,-.964,.168,.961,.221);es="Linear";ed="In";};["000-offset.007"]={cf=cfr(0,0,0,.203,-.979,0,.979,.203,0,0,0,1);es="Linear";ed="In";};["000-offset.004"]={cf=cfr(0,0,0,.889,-.457,0,.457,.889,0,0,0,1);es="Linear";ed="In";};["000-offset.008"]={cf=cfr(0,0,0,.576,-.817,.027,.817,.575,-.03,.009,.039,.999);es="Linear";ed="In";};["000-offset.005"]={cf=cfr(0,0,0,.665,-.681,-.305,.744,.57,.35,-.065,-.46,.886);es="Linear";ed="In";};};{tm=.292;["root"]={cf=cfr(0,1.847,0,0,0,1,0,1,0,-1,0,0);es="Linear";ed="In";};["000-offset"]={cf=cfr(0,0,0,.431,.065,.9,-.902,.031,.43,0,-.997,.072);es="Linear";ed="In";};["004-offset.001"]={cf=cfr(0,0,0,-.015,-1,0,1,-.015,0,0,0,1);es="Linear";ed="In";};["006-offset"]={cf=cfr(0,0,0,-.561,-.824,-.077,.644,-.494,.584,-.519,.278,.808);es="Linear";ed="In";};["000-offset.009"]={cf=cfr(0,0,0,-.914,-.182,-.362,.167,-.983,.073,-.369,.006,.929);es="Linear";ed="In";};["000-offset.012"]={cf=cfr(0,0,0,.176,-.726,-.665,.498,-.517,.696,-.849,-.454,.271);es="Linear";ed="In";};["000-offset.001"]={cf=cfr(0,0,0,.948,.315,.05,-.318,.926,.204,.018,-.209,.978);es="Linear";ed="In";};["000-offset.010"]={cf=cfr(0,0,0,-.256,.967,0,-.967,-.256,0,0,0,1);es="Linear";ed="In";};["000-offset.013"]={cf=cfr(0,0,0,-.499,.867,0,-.867,-.499,0,0,0,1);es="Linear";ed="In";};["000-offset.002"]={cf=cfr(0,0,0,.975,.193,.113,-.222,.792,.569,.02,-.579,.815);es="Linear";ed="In";};["000-offset.011"]={cf=cfr(0,0,0,.041,-.999,-.021,.999,.041,-.018,.019,-.02,1);es="Linear";ed="In";};["000-offset.014"]={cf=cfr(0,0,0,-.377,-.926,.013,.925,-.376,.056,-.047,.033,.998);es="Linear";ed="In";};["000-offset.006"]={cf=cfr(0,0,0,-.565,-.795,-.223,.054,-.305,.951,-.824,.525,.215);es="Linear";ed="In";};["000-offset.003"]={cf=cfr(0,0,0,.972,-.19,-.139,-.085,.266,-.96,.219,.945,.243);es="Linear";ed="In";};["000-offset.007"]={cf=cfr(0,0,0,.239,-.971,0,.971,.239,0,0,0,1);es="Linear";ed="In";};["000-offset.004"]={cf=cfr(0,0,0,.929,-.371,0,.371,.929,0,0,0,1);es="Linear";ed="In";};["000-offset.008"]={cf=cfr(0,0,0,.563,-.827,0,.827,.563,0,0,0,1);es="Linear";ed="In";};["000-offset.005"]={cf=cfr(0,0,0,.642,-.712,-.285,.763,.555,.332,-.078,-.431,.899);es="Linear";ed="In";};};{tm=.333;["root"]={cf=cfr(0,2.326,0,0,0,1,0,1,0,-1,0,0);es="Linear";ed="In";};["000-offset"]={cf=cfr(0,0,0,.454,-.073,.888,-.89,.01,.456,-.042,-.997,-.061);es="Linear";ed="In";};["004-offset.001"]={cf=cfr(0,0,0,.024,-1,0,1,.024,0,0,0,1);es="Linear";ed="In";};["006-offset"]={cf=cfr(0,0,0,-.516,-.856,-.021,.728,-.452,.515,-.451,.25,.857);es="Linear";ed="In";};["000-offset.009"]={cf=cfr(0,0,0,-.716,-.557,-.422,.566,-.816,.115,-.408,-.156,.899);es="Linear";ed="In";};["000-offset.012"]={cf=cfr(0,0,0,.053,-.782,-.622,.638,-.452,.623,-.768,-.43,.475);es="Linear";ed="In";};["000-offset.001"]={cf=cfr(0,0,0,.952,.297,.077,-.307,.924,.227,-.004,-.24,.971);es="Linear";ed="In";};["000-offset.010"]={cf=cfr(0,0,0,.199,.98,0,-.98,.199,0,0,0,1);es="Linear";ed="In";};["000-offset.013"]={cf=cfr(0,0,0,-.52,.854,0,-.854,-.52,0,0,0,1);es="Linear";ed="In";};["000-offset.002"]={cf=cfr(0,0,0,.986,.131,.106,-.167,.687,.707,.02,-.715,.699);es="Linear";ed="In";};["000-offset.011"]={cf=cfr(0,0,0,.054,-.999,-.009,.998,.054,-.018,.019,-.008,1);es="Linear";ed="In";};["000-offset.014"]={cf=cfr(0,0,0,.072,-.997,.012,.996,.072,.044,-.045,.009,.999);es="Linear";ed="In";};["000-offset.006"]={cf=cfr(0,0,0,-.516,-.847,-.131,.13,-.228,.965,-.847,.481,.227);es="Linear";ed="In";};["000-offset.003"]={cf=cfr(0,0,0,.94,-.337,-.059,.061,.334,-.941,.337,.88,.334);es="Linear";ed="In";};["000-offset.007"]={cf=cfr(0,0,0,.297,-.955,0,.955,.297,0,0,0,1);es="Linear";ed="In";};["000-offset.004"]={cf=cfr(0,0,0,.94,-.342,0,.342,.94,0,0,0,1);es="Linear";ed="In";};["000-offset.008"]={cf=cfr(0,0,0,.593,-.804,-.046,.805,.591,.053,-.016,-.069,.998);es="Linear";ed="In";};["000-offset.005"]={cf=cfr(0,0,0,.649,-.733,-.205,.758,.597,.264,-.072,-.326,.943);es="Linear";ed="In";};};{tm=.375;["root"]={cf=cfr(0,2.876,0,0,0,1,0,1,0,-1,0,0);es="Linear";ed="In";};["000-offset"]={cf=cfr(0,0,0,.473,-.214,.855,-.877,-.023,.48,-.083,-.977,-.199);es="Linear";ed="In";};["004-offset.001"]={cf=cfr(0,0,0,.051,-.999,0,.999,.051,0,0,0,1);es="Linear";ed="In";};["006-offset"]={cf=cfr(0,0,0,-.4,-.916,.046,.859,-.356,.369,-.321,.187,.928);es="Linear";ed="In";};["000-offset.009"]={cf=cfr(0,0,0,-.379,-.808,-.451,.829,-.513,.224,-.412,-.289,.864);es="Linear";ed="In";};["000-offset.012"]={cf=cfr(0,0,0,-.3,-.834,-.462,.731,-.512,.451,-.613,-.203,.763);es="Linear";ed="In";};["000-offset.001"]={cf=cfr(0,0,0,.96,.256,.111,-.277,.925,.261,-.036,-.282,.959);es="Linear";ed="In";};["000-offset.010"]={cf=cfr(0,0,0,.545,.839,0,-.839,.545,0,0,0,1);es="Linear";ed="In";};["000-offset.013"]={cf=cfr(0,0,0,-.447,.894,0,-.894,-.447,0,0,0,1);es="Linear";ed="In";};["000-offset.002"]={cf=cfr(0,0,0,.997,.051,.061,-.079,.686,.724,-.005,-.726,.687);es="Linear";ed="In";};["000-offset.011"]={cf=cfr(0,0,0,.012,-1,-.007,1,.012,-.016,.016,-.007,1);es="Linear";ed="In";};["000-offset.014"]={cf=cfr(0,0,0,.701,-.714,.007,.713,.7,.045,-.037,-.027,.999);es="Linear";ed="In";};["000-offset.006"]={cf=cfr(0,0,0,-.401,-.916,.007,.261,-.107,.959,-.878,.387,.282);es="Linear";ed="In";};["000-offset.003"]={cf=cfr(0,0,0,.827,-.561,.016,.26,.358,-.897,.498,.746,.443);es="Linear";ed="In";};["000-offset.007"]={cf=cfr(0,0,0,.374,-.927,0,.927,.374,0,0,0,1);es="Linear";ed="In";};["000-offset.004"]={cf=cfr(0,0,0,.941,-.34,0,.34,.941,0,0,0,1);es="Linear";ed="In";};["000-offset.008"]={cf=cfr(0,0,0,.648,-.755,-.1,.761,.635,.134,-.038,-.162,.986);es="Linear";ed="In";};["000-offset.005"]={cf=cfr(0,0,0,.672,-.736,-.083,.739,.658,.147,-.053,-.16,.986);es="Linear";ed="In";};};{tm=.417;["root"]={cf=cfr(0,3.398,0,0,0,1,0,1,0,-1,0,0);es="Linear";ed="In";};["000-offset"]={cf=cfr(0,0,0,.484,-.351,.801,-.867,-.069,.494,-.118,-.934,-.338);es="Linear";ed="In";};["004-offset.001"]={cf=cfr(0,0,0,.074,-.997,0,.997,.074,0,0,0,1);es="Linear";ed="In";};["006-offset"]={cf=cfr(0,0,0,-.254,-.965,.063,.948,-.236,.213,-.191,.114,.975);es="Linear";ed="In";};["000-offset.009"]={cf=cfr(0,0,0,-.163,-.9,-.405,.929,-.278,.244,-.332,-.337,.881);es="Linear";ed="In";};["000-offset.012"]={cf=cfr(0,0,0,-.663,-.715,-.221,.632,-.694,.345,-.4,.089,.912);es="Linear";ed="In";};["000-offset.001"]={cf=cfr(0,0,0,.97,.203,.138,-.235,.928,.289,-.069,-.313,.947);es="Linear";ed="In";};["000-offset.010"]={cf=cfr(0,0,0,.735,.678,0,-.678,.735,0,0,0,1);es="Linear";ed="In";};["000-offset.013"]={cf=cfr(0,0,0,-.407,.913,0,-.913,-.407,0,0,0,1);es="Linear";ed="In";};["000-offset.002"]={cf=cfr(0,0,0,.996,-.087,.011,.062,.786,.615,-.062,-.612,.788);es="Linear";ed="In";};["000-offset.011"]={cf=cfr(0,0,0,0,-1,-.01,1,0,-.017,.017,-.01,1);es="Linear";ed="In";};["000-offset.014"]={cf=cfr(0,0,0,.923,-.384,.013,.382,.922,.056,-.033,-.047,.998);es="Linear";ed="In";};["000-offset.006"]={cf=cfr(0,0,0,-.207,-.966,.156,.354,.074,.932,-.912,.248,.326);es="Linear";ed="In";};["000-offset.003"]={cf=cfr(0,0,0,.608,-.793,.039,.423,.281,-.862,.672,.54,.506);es="Linear";ed="In";};["000-offset.007"]={cf=cfr(0,0,0,.462,-.887,0,.887,.462,0,0,0,1);es="Linear";ed="In";};["000-offset.004"]={cf=cfr(0,0,0,.933,-.359,0,.359,.933,0,0,0,1);es="Linear";ed="In";};["000-offset.008"]={cf=cfr(0,0,0,.717,-.682,-.145,.695,.679,.238,-.063,-.271,.96);es="Linear";ed="In";};["000-offset.005"]={cf=cfr(0,0,0,.706,-.706,.057,.708,.706,-.019,-.027,.054,.998);es="Linear";ed="In";};};{tm=.458;["root"]={cf=cfr(0,3.821,0,0,0,1,0,1,0,-1,0,0);es="Linear";ed="In";};["000-offset"]={cf=cfr(0,0,0,.485,-.479,.731,-.862,-.124,.491,-.144,-.869,-.474);es="Linear";ed="In";};["004-offset.001"]={cf=cfr(0,0,0,.083,-.997,0,.997,.083,0,0,0,1);es="Linear";ed="In";};["006-offset"]={cf=cfr(0,0,0,-.112,-.993,.037,.991,-.109,.08,-.076,.046,.996);es="Linear";ed="In";};["000-offset.009"]={cf=cfr(0,0,0,.014,-.935,-.354,.976,-.064,.208,-.217,-.349,.912);es="Linear";ed="In";};["000-offset.012"]={cf=cfr(0,0,0,-.866,-.501,.008,.499,-.861,.095,-.04,.086,.995);es="Linear";ed="In";};["000-offset.001"]={cf=cfr(0,0,0,.977,.151,.15,-.19,.938,.291,-.096,-.313,.945);es="Linear";ed="In";};["000-offset.010"]={cf=cfr(0,0,0,.844,.536,0,-.536,.844,0,0,0,1);es="Linear";ed="In";};["000-offset.013"]={cf=cfr(0,0,0,-.483,.876,0,-.876,-.483,0,0,0,1);es="Linear";ed="In";};["000-offset.002"]={cf=cfr(0,0,0,.968,-.249,.023,.214,.873,.439,-.129,-.42,.898);es="Linear";ed="In";};["000-offset.011"]={cf=cfr(0,0,0,-.006,-1,-.017,1,-.005,-.019,.019,-.017,1);es="Linear";ed="In";};["000-offset.014"]={cf=cfr(0,0,0,.578,-.816,.012,.815,.578,.048,-.046,-.018,.999);es="Linear";ed="In";};["000-offset.006"]={cf=cfr(0,0,0,.007,-.952,.306,.331,.292,.898,-.944,.095,.317);es="Linear";ed="In";};["000-offset.003"]={cf=cfr(0,0,0,.327,-.944,.036,.455,.124,-.882,.828,.304,.47);es="Linear";ed="In";};["000-offset.007"]={cf=cfr(0,0,0,.552,-.834,0,.834,.552,0,0,0,1);es="Linear";ed="In";};["000-offset.004"]={cf=cfr(0,0,0,.919,-.394,0,.394,.919,0,0,0,1);es="Linear";ed="In";};["000-offset.008"]={cf=cfr(0,0,0,.787,-.593,-.17,.61,.707,.358,-.092,-.385,.918);es="Linear";ed="In";};["000-offset.005"]={cf=cfr(0,0,0,.745,-.639,.19,.667,.712,-.22,.006,.29,.957);es="Linear";ed="In";};};{tm=.5;["root"]={cf=cfr(0,4.033,0,0,0,1,0,1,0,-1,0,0);es="Linear";ed="In";};["000-offset"]={cf=cfr(0,0,0,.473,-.595,.65,-.867,-.182,.464,-.158,-.783,-.601);es="Linear";ed="In";};["004-offset.001"]={cf=cfr(0,0,0,-.015,-1,0,1,-.015,0,0,0,1);es="Linear";ed="In";};["006-offset"]={cf=cfr(0,0,0,-.015,-1,0,1,-.015,0,0,0,1);es="Linear";ed="In";};["000-offset.009"]={cf=cfr(0,0,0,.248,-.925,-.289,.96,.195,.199,-.128,-.327,.936);es="Linear";ed="In";};["000-offset.012"]={cf=cfr(0,0,0,-.902,-.378,.207,.361,-.925,-.118,.236,-.032,.971);es="Linear";ed="In";};["000-offset.001"]={cf=cfr(0,0,0,.983,.117,.142,-.149,.959,.243,-.108,-.26,.96);es="Linear";ed="In";};["000-offset.010"]={cf=cfr(0,0,0,.868,.497,0,-.497,.868,0,0,0,1);es="Linear";ed="In";};["000-offset.013"]={cf=cfr(0,0,0,-.591,.807,0,-.807,-.591,0,0,0,1);es="Linear";ed="In";};["000-offset.002"]={cf=cfr(0,0,0,.945,-.322,.057,.285,.896,.341,-.161,-.306,.938);es="Linear";ed="In";};["000-offset.011"]={cf=cfr(0,0,0,.041,-.999,-.021,.999,.041,-.018,.019,-.02,1);es="Linear";ed="In";};["000-offset.014"]={cf=cfr(0,0,0,-.057,-.998,.013,.997,-.056,.056,-.056,.016,.998);es="Linear";ed="In";};["000-offset.006"]={cf=cfr(0,0,0,.142,-.871,.471,.202,.491,.847,-.969,-.026,.245);es="Linear";ed="In";};["000-offset.003"]={cf=cfr(0,0,0,.09,-.994,.069,.33,-.036,-.943,.94,.108,.324);es="Linear";ed="In";};["000-offset.007"]={cf=cfr(0,0,0,.638,-.77,0,.77,.638,0,0,0,1);es="Linear";ed="In";};["000-offset.004"]={cf=cfr(0,0,0,.899,-.439,0,.439,.899,0,0,0,1);es="Linear";ed="In";};["000-offset.008"]={cf=cfr(0,0,0,.851,-.498,-.167,.511,.712,.481,-.12,-.495,.861);es="Linear";ed="In";};["000-offset.005"]={cf=cfr(0,0,0,.785,-.546,.293,.618,.659,-.428,.041,.517,.855);es="Linear";ed="In";};};{tm=.542;["root"]={cf=cfr(0,3.948,0,0,0,1,0,1,0,-1,0,0);es="Linear";ed="In";};["000-offset"]={cf=cfr(0,0,0,.426,-.72,.547,-.893,-.238,.383,-.145,-.652,-.744);es="Linear";ed="In";};["004-offset.001"]={cf=cfr(0,0,0,-.273,-.962,0,.962,-.273,0,0,0,1);es="Linear";ed="In";};["006-offset"]={cf=cfr(0,0,0,.007,-1,-.011,1,.007,-.017,.018,-.011,1);es="Linear";ed="In";};["000-offset.009"]={cf=cfr(0,0,0,.586,-.79,-.179,.807,.549,.219,-.075,-.273,.959);es="Linear";ed="In";};["000-offset.012"]={cf=cfr(0,0,0,-.935,-.267,.235,.249,-.963,-.104,.254,-.039,.966);es="Linear";ed="In";};["000-offset.001"]={cf=cfr(0,0,0,.99,.094,.109,-.106,.989,.108,-.098,-.118,.988);es="Linear";ed="In";};["000-offset.010"]={cf=cfr(0,0,0,.807,.59,0,-.59,.807,0,0,0,1);es="Linear";ed="In";};["000-offset.013"]={cf=cfr(0,0,0,-.683,.73,0,-.73,-.683,0,0,0,1);es="Linear";ed="In";};["000-offset.002"]={cf=cfr(0,0,0,.956,-.291,.044,.256,.897,.361,-.144,-.334,.932);es="Linear";ed="In";};["000-offset.011"]={cf=cfr(0,0,0,.166,-.986,-.02,.986,.166,-.013,.016,-.017,1);es="Linear";ed="In";};["000-offset.014"]={cf=cfr(0,0,0,-.146,-.989,.012,.988,-.145,.049,-.047,.019,.999);es="Linear";ed="In";};["000-offset.006"]={cf=cfr(0,0,0,.153,-.758,.634,.059,.648,.76,-.987,-.079,.143);es="Linear";ed="In";};["000-offset.003"]={cf=cfr(0,0,0,-.009,-.988,.152,.112,-.152,-.982,.994,.008,.112);es="Linear";ed="In";};["000-offset.007"]={cf=cfr(0,0,0,.713,-.701,0,.701,.713,0,0,0,1);es="Linear";ed="In";};["000-offset.004"]={cf=cfr(0,0,0,.874,-.486,0,.486,.874,0,0,0,1);es="Linear";ed="In";};["000-offset.008"]={cf=cfr(0,0,0,.901,-.411,-.139,.407,.694,.594,-.147,-.591,.793);es="Linear";ed="In";};["000-offset.005"]={cf=cfr(0,0,0,.821,-.446,.358,.566,.551,-.613,.076,.705,.705);es="Linear";ed="In";};};{tm=.583;["root"]={cf=cfr(0,3.624,0,0,0,1,0,1,0,-1,0,0);es="Linear";ed="In";};["000-offset"]={cf=cfr(0,0,0,.342,-.851,.399,-.934,-.259,.247,-.107,-.457,-.883);es="Linear";ed="In";};["004-offset.001"]={cf=cfr(0,0,0,-.594,-.805,0,.805,-.594,0,0,0,1);es="Linear";ed="In";};["006-offset"]={cf=cfr(0,0,0,.01,-1,-.012,1,.01,-.02,.02,-.012,1);es="Linear";ed="In";};["000-offset.009"]={cf=cfr(0,0,0,.884,-.463,-.062,.467,.865,.184,-.031,-.192,.981);es="Linear";ed="In";};["000-offset.012"]={cf=cfr(0,0,0,-.968,-.151,.201,.141,-.988,-.065,.209,-.035,.977);es="Linear";ed="In";};["000-offset.001"]={cf=cfr(0,0,0,.996,.062,.065,-.055,.993,-.105,-.071,.101,.992);es="Linear";ed="In";};["000-offset.010"]={cf=cfr(0,0,0,.67,.742,0,-.742,.67,0,0,0,1);es="Linear";ed="In";};["000-offset.013"]={cf=cfr(0,0,0,-.273,.962,0,-.962,-.273,0,0,0,1);es="Linear";ed="In";};["000-offset.002"]={cf=cfr(0,0,0,.978,-.206,.017,.179,.884,.432,-.104,-.42,.902);es="Linear";ed="In";};["000-offset.011"]={cf=cfr(0,0,0,.333,-.943,-.015,.943,.334,-.006,.011,-.012,1);es="Linear";ed="In";};["000-offset.014"]={cf=cfr(0,0,0,-.13,-.991,.011,.991,-.129,.034,-.033,.015,.999);es="Linear";ed="In";};["000-offset.006"]={cf=cfr(0,0,0,.087,-.641,.763,-.015,.765,.644,-.996,-.067,.057);es="Linear";ed="In";};["000-offset.003"]={cf=cfr(0,0,0,.038,-.97,.238,-.092,-.241,-.966,.995,.015,-.099);es="Linear";ed="In";};["000-offset.007"]={cf=cfr(0,0,0,.773,-.634,0,.634,.773,0,0,0,1);es="Linear";ed="In";};["000-offset.004"]={cf=cfr(0,0,0,.847,-.531,0,.531,.847,0,0,0,1);es="Linear";ed="In";};["000-offset.008"]={cf=cfr(0,0,0,.935,-.341,-.094,.309,.66,.685,-.172,-.669,.723);es="Linear";ed="In";};["000-offset.005"]={cf=cfr(0,0,0,.85,-.357,.388,.516,.412,-.751,.108,.838,.534);es="Linear";ed="In";};};{tm=.625;["root"]={cf=cfr(0,3.215,0,0,0,1,0,1,0,-1,0,0);es="Linear";ed="In";};["000-offset"]={cf=cfr(0,0,0,.242,-.945,.218,-.968,-.222,.113,-.059,-.239,-.969);es="Linear";ed="In";};["004-offset.001"]={cf=cfr(0,0,0,-.843,-.537,0,.537,-.843,0,0,0,1);es="Linear";ed="In";};["006-offset"]={cf=cfr(0,0,0,.002,-1,-.008,1,.002,-.013,.013,-.008,1);es="Linear";ed="In";};["000-offset.009"]={cf=cfr(0,0,0,.999,-.042,-.006,.042,.994,.106,.002,-.106,.994);es="Linear";ed="In";};["000-offset.012"]={cf=cfr(0,0,0,-.99,-.048,.132,.044,-.999,-.031,.133,-.025,.991);es="Linear";ed="In";};["000-offset.001"]={cf=cfr(0,0,0,.999,.019,.035,-.006,.941,-.338,-.039,.338,.94);es="Linear";ed="In";};["000-offset.010"]={cf=cfr(0,0,0,.482,.876,0,-.876,.482,0,0,0,1);es="Linear";ed="In";};["000-offset.013"]={cf=cfr(0,0,0,.322,.947,0,-.947,.322,0,0,0,1);es="Linear";ed="In";};["000-offset.002"]={cf=cfr(0,0,0,.995,-.1,.005,.082,.847,.525,-.057,-.522,.851);es="Linear";ed="In";};["000-offset.011"]={cf=cfr(0,0,0,.495,-.869,-.009,.869,.495,-.002,.006,-.007,1);es="Linear";ed="In";};["000-offset.014"]={cf=cfr(0,0,0,-.057,-.998,.008,.998,-.056,.018,-.017,.009,1);es="Linear";ed="In";};["000-offset.006"]={cf=cfr(0,0,0,.022,-.532,.846,-.015,.846,.532,-1,-.024,.01);es="Linear";ed="In";};["000-offset.003"]={cf=cfr(0,0,0,.16,-.944,.289,-.215,-.319,-.923,.963,.086,-.254);es="Linear";ed="In";};["000-offset.007"]={cf=cfr(0,0,0,.817,-.576,0,.576,.817,0,0,0,1);es="Linear";ed="In";};["000-offset.004"]={cf=cfr(0,0,0,.823,-.568,0,.568,.823,0,0,0,1);es="Linear";ed="In";};["000-offset.008"]={cf=cfr(0,0,0,.955,-.292,-.045,.226,.622,.749,-.191,-.726,.661);es="Linear";ed="In";};["000-offset.005"]={cf=cfr(0,0,0,.871,-.292,.396,.473,.276,-.837,.135,.916,.378);es="Linear";ed="In";};};{tm=.667;["root"]={cf=cfr(0,2.862,0,0,0,1,0,1,0,-1,0,0);es="Linear";ed="In";};["000-offset"]={cf=cfr(0,0,0,.159,-.985,.059,-.987,-.158,.027,-.017,-.063,-.998);es="Linear";ed="In";};["004-offset.001"]={cf=cfr(0,0,0,-.961,-.277,0,.277,-.961,0,0,0,1);es="Linear";ed="In";};["006-offset"]={cf=cfr(0,0,0,-.01,-1,-.003,1,-.01,-.004,.004,-.003,1);es="Linear";ed="In";};["000-offset.009"]={cf=cfr(0,0,0,.957,.29,-.011,-.289,.956,.043,.023,-.038,.999);es="Linear";ed="In";};["000-offset.012"]={cf=cfr(0,0,0,-.998,.025,.062,-.026,-1,-.013,.062,-.015,.998);es="Linear";ed="In";};["000-offset.001"]={cf=cfr(0,0,0,.999,-.019,.026,.03,.847,-.531,-.012,.532,.847);es="Linear";ed="In";};["000-offset.010"]={cf=cfr(0,0,0,.31,.951,0,-.951,.31,0,0,0,1);es="Linear";ed="In";};["000-offset.013"]={cf=cfr(0,0,0,.749,.662,0,-.662,.749,0,0,0,1);es="Linear";ed="In";};["000-offset.002"]={cf=cfr(0,0,0,1,-.009,.014,-.001,.798,.603,-.017,-.603,.797);es="Linear";ed="In";};["000-offset.011"]={cf=cfr(0,0,0,.61,-.793,-.003,.793,.61,0,.002,-.002,1);es="Linear";ed="In";};["000-offset.014"]={cf=cfr(0,0,0,.024,-1,.003,1,.024,.005,-.005,.003,1);es="Linear";ed="In";};["000-offset.006"]={cf=cfr(0,0,0,-.009,-.452,.892,.012,.892,.452,-1,.014,-.003);es="Linear";ed="In";};["000-offset.003"]={cf=cfr(0,0,0,.272,-.912,.308,-.259,-.378,-.889,.927,.162,-.339);es="Linear";ed="In";};["000-offset.007"]={cf=cfr(0,0,0,.844,-.536,0,.536,.844,0,0,0,1);es="Linear";ed="In";};["000-offset.004"]={cf=cfr(0,0,0,.804,-.594,0,.594,.804,0,0,0,1);es="Linear";ed="In";};["000-offset.008"]={cf=cfr(0,0,0,.964,-.265,-.008,.17,.593,.787,-.204,-.76,.617);es="Linear";ed="In";};["000-offset.005"]={cf=cfr(0,0,0,.883,-.253,.395,.443,.176,-.879,.153,.951,.267);es="Linear";ed="In";};};{tm=.708;["RootNode"]={cf=cfr(0,0,0,-1,0,0,0,1,0,0,0,-1);es="Linear";ed="In";};["root"]={cf=cfr(0,2.707,0,0,0,1,0,1,0,-1,0,0);es="Linear";ed="In";};["000-offset"]={cf=cfr(0,0,0,.124,-.992,-.008,-.992,-.124,-.001,0,.009,-1);es="Linear";ed="In";};["004-offset.001"]={cf=cfr(0,0,0,-.986,-.165,0,.165,-.986,0,0,0,1);es="Linear";ed="In";};["006-offset"]={cf=cfr(0,0,0,-.015,-1,0,1,-.015,0,0,0,1);es="Linear";ed="In";};["000-offset.009"]={cf=cfr(0,0,0,.91,.413,-.023,-.413,.91,.021,.03,-.01,1);es="Linear";ed="In";};["000-offset.012"]={cf=cfr(0,0,0,-.998,.052,.03,-.052,-.999,-.008,.03,-.01,1);es="Linear";ed="In";};["000-offset.001"]={cf=cfr(0,0,0,.999,-.034,.028,.044,.765,-.642,0,.643,.766);es="Linear";ed="In";};["000-offset.010"]={cf=cfr(0,0,0,.235,.972,0,-.972,.235,0,0,0,1);es="Linear";ed="In";};["000-offset.013"]={cf=cfr(0,0,0,.876,.482,0,-.482,.876,0,0,0,1);es="Linear";ed="In";};["004-offset"]={cf=cfr(0,0,0,.035,-.999,0,.999,.035,0,0,0,1);es="Linear";ed="In";};["002-offset"]={cf=cfr(0,0,0,.035,-.999,0,.999,.035,0,0,0,1);es="Linear";ed="In";};["000-offset.002"]={cf=cfr(0,0,0,.999,.028,.023,-.036,.771,.635,0,-.636,.772);es="Linear";ed="In";};["000-offset.011"]={cf=cfr(0,0,0,.653,-.757,0,.757,.653,0,0,0,1);es="Linear";ed="In";};["000-offset.014"]={cf=cfr(0,0,0,.062,-.998,0,.998,.062,0,0,0,1);es="Linear";ed="In";};["000-offset.006"]={cf=cfr(0,0,0,-.016,-.422,.907,.025,.906,.422,-1,.03,-.003);es="Linear";ed="In";};["000-offset.003"]={cf=cfr(0,0,0,.317,-.896,.312,-.267,-.4,-.877,.91,.195,-.366);es="Linear";ed="In";};["000-offset.007"]={cf=cfr(0,0,0,.854,-.521,0,.521,.854,0,0,0,1);es="Linear";ed="In";};["000-offset.004"]={cf=cfr(0,0,0,.797,-.603,0,.603,.797,0,0,0,1);es="Linear";ed="In";};["000-offset.008"]={cf=cfr(0,0,0,.967,-.256,.006,.149,.582,.8,-.208,-.772,.6);es="Linear";ed="In";};["000-offset.005"]={cf=cfr(0,0,0,.888,-.24,.393,.432,.138,-.891,.159,.961,.226);es="Linear";ed="In";};};}