local cfr = CFrame.new

return {{tm=0;["RootNode"]={cf=cfr(0,0,0,-1,0,0,0,1,0,0,0,-1);es="Linear";ed="In";};["root"]={cf=cfr(0,2.665,0,0,0,1,0,1,0,-1,0,0);es="Linear";ed="In";};["000-offset"]={cf=cfr(0,0,0,0,1,0,-1,0,0,0,0,1);es="Linear";ed="In";};["004-offset.001"]={cf=cfr(0,0,0,-.015,-1,0,1,-.015,0,0,0,1);es="Linear";ed="In";};["006-offset"]={cf=cfr(0,0,0,-.015,-1,0,1,-.015,0,0,0,1);es="Linear";ed="In";};["000-offset.009"]={cf=cfr(0,0,0,-.078,-.997,-.007,.997,-.078,.008,-.008,-.006,1);es="Linear";ed="In";};["000-offset.012"]={cf=cfr(0,0,0,-.09,-.996,.028,.996,-.091,-.016,.019,.027,.999);es="Linear";ed="In";};["000-offset.001"]={cf=cfr(0,0,0,1,-.021,0,.021,1,0,0,0,1);es="Linear";ed="In";};["000-offset.010"]={cf=cfr(0,0,0,.992,.13,0,-.13,.992,0,0,0,1);es="Linear";ed="In";};["000-offset.013"]={cf=cfr(0,0,0,.988,.153,0,-.153,.988,0,0,0,1);es="Linear";ed="In";};["004-offset"]={cf=cfr(0,0,0,.035,-.999,0,.999,.035,0,0,0,1);es="Linear";ed="In";};["002-offset"]={cf=cfr(0,0,0,.035,-.999,0,.999,.035,0,0,0,1);es="Linear";ed="In";};["000-offset.002"]={cf=cfr(0,0,0,.964,-.266,0,.266,.964,0,0,0,1);es="Linear";ed="In";};["000-offset.011"]={cf=cfr(0,0,0,.928,-.371,-.021,.37,.929,-.018,.026,.009,1);es="Linear";ed="In";};["000-offset.014"]={cf=cfr(0,0,0,.918,-.396,.013,.395,.917,.056,-.034,-.047,.998);es="Linear";ed="In";};["000-offset.006"]={cf=cfr(0,0,0,.191,-.932,.309,-.151,.283,.947,-.97,-.228,-.087);es="Linear";ed="In";};["000-offset.003"]={cf=cfr(0,0,0,.2,-.899,-.39,-.095,.378,-.921,.975,.221,-.01);es="Linear";ed="In";};["000-offset.007"]={cf=cfr(0,0,0,.993,-.12,0,.12,.993,0,0,0,1);es="Linear";ed="In";};["000-offset.004"]={cf=cfr(0,0,0,.989,-.149,0,.149,.989,0,0,0,1);es="Linear";ed="In";};["000-offset.008"]={cf=cfr(0,0,0,.899,-.438,0,.438,.899,0,0,0,1);es="Linear";ed="In";};["000-offset.005"]={cf=cfr(0,0,0,.916,-.374,-.143,.368,.927,-.07,.159,.011,.987);es="Linear";ed="In";};};{tm=.042;["RootNode"]={cf=cfr(0,0,0,-1,0,0,0,1,0,0,0,-1);es="Linear";ed="In";};["root"]={cf=cfr(0,2.665,0,0,0,1,0,1,0,-1,0,0);es="Linear";ed="In";};["000-offset"]={cf=cfr(0,0,0,0,1,0,-1,0,0,0,0,1);es="Linear";ed="In";};["004-offset.001"]={cf=cfr(0,0,0,-.015,-1,0,1,-.015,0,0,0,1);es="Linear";ed="In";};["006-offset"]={cf=cfr(0,0,0,-.015,-1,0,1,-.015,0,0,0,1);es="Linear";ed="In";};["000-offset.009"]={cf=cfr(0,0,0,-.078,-.997,-.007,.997,-.078,.008,-.008,-.006,1);es="Linear";ed="In";};["000-offset.012"]={cf=cfr(0,0,0,-.09,-.996,.028,.996,-.091,-.016,.019,.027,.999);es="Linear";ed="In";};["000-offset.001"]={cf=cfr(0,0,0,1,-.021,0,.021,1,0,0,0,1);es="Linear";ed="In";};["000-offset.010"]={cf=cfr(0,0,0,.992,.13,0,-.13,.992,0,0,0,1);es="Linear";ed="In";};["000-offset.013"]={cf=cfr(0,0,0,.988,.153,0,-.153,.988,0,0,0,1);es="Linear";ed="In";};["004-offset"]={cf=cfr(0,0,0,.035,-.999,0,.999,.035,0,0,0,1);es="Linear";ed="In";};["002-offset"]={cf=cfr(0,0,0,.035,-.999,0,.999,.035,0,0,0,1);es="Linear";ed="In";};["000-offset.002"]={cf=cfr(0,0,0,.964,-.266,0,.266,.964,0,0,0,1);es="Linear";ed="In";};["000-offset.011"]={cf=cfr(0,0,0,.928,-.371,-.021,.37,.929,-.018,.026,.009,1);es="Linear";ed="In";};["000-offset.014"]={cf=cfr(0,0,0,.918,-.396,.013,.395,.917,.056,-.034,-.047,.998);es="Linear";ed="In";};["000-offset.006"]={cf=cfr(0,0,0,.191,-.932,.309,-.151,.283,.947,-.97,-.228,-.087);es="Linear";ed="In";};["000-offset.003"]={cf=cfr(0,0,0,.2,-.899,-.39,-.095,.378,-.921,.975,.221,-.01);es="Linear";ed="In";};["000-offset.007"]={cf=cfr(0,0,0,.993,-.12,0,.12,.993,0,0,0,1);es="Linear";ed="In";};["000-offset.004"]={cf=cfr(0,0,0,.989,-.149,0,.149,.989,0,0,0,1);es="Linear";ed="In";};["000-offset.008"]={cf=cfr(0,0,0,.899,-.438,0,.438,.899,0,0,0,1);es="Linear";ed="In";};["000-offset.005"]={cf=cfr(0,0,0,.916,-.374,-.143,.368,.927,-.07,.159,.011,.987);es="Linear";ed="In";};};}