local cfr = CFrame.new

return {{tm=0;["RootNode"]={cf=cfr(0,0,0,-1,0,0,0,1,0,0,0,-1);es="Linear";ed="In";};["root"]={cf=cfr(0,2.397,0,0,0,1,0,1,0,-1,0,0);es="Linear";ed="In";};["000-offset"]={cf=cfr(0,0,0,0,1,0,-1,0,0,0,0,1);es="Linear";ed="In";};["004-offset.001"]={cf=cfr(0,0,0,-.015,-1,0,1,-.015,0,0,0,1);es="Linear";ed="In";};["006-offset"]={cf=cfr(0,0,0,-.015,-1,0,1,-.015,0,0,0,1);es="Linear";ed="In";};["000-offset.009"]={cf=cfr(0,0,0,-.078,-.997,-.007,.997,-.078,.008,-.008,-.006,1);es="Linear";ed="In";};["000-offset.012"]={cf=cfr(0,0,0,-.09,-.996,.028,.996,-.091,-.016,.019,.027,.999);es="Linear";ed="In";};["000-offset.001"]={cf=cfr(0,0,0,1,-.021,0,.021,1,0,0,0,1);es="Linear";ed="In";};["000-offset.010"]={cf=cfr(0,0,0,.992,.13,0,-.13,.992,0,0,0,1);es="Linear";ed="In";};["000-offset.013"]={cf=cfr(0,0,0,.988,.153,0,-.153,.988,0,0,0,1);es="Linear";ed="In";};["004-offset"]={cf=cfr(0,0,0,.035,-.999,0,.999,.035,0,0,0,1);es="Linear";ed="In";};["002-offset"]={cf=cfr(0,0,0,.035,-.999,0,.999,.035,0,0,0,1);es="Linear";ed="In";};["000-offset.002"]={cf=cfr(0,0,0,.964,-.266,0,.266,.964,0,0,0,1);es="Linear";ed="In";};["000-offset.011"]={cf=cfr(0,0,0,.928,-.371,-.021,.37,.929,-.018,.026,.009,1);es="Linear";ed="In";};["000-offset.014"]={cf=cfr(0,0,0,.918,-.396,.013,.395,.917,.056,-.034,-.047,.998);es="Linear";ed="In";};["000-offset.006"]={cf=cfr(0,0,0,.191,-.932,.309,-.151,.283,.947,-.97,-.228,-.087);es="Linear";ed="In";};["000-offset.003"]={cf=cfr(0,0,0,.2,-.899,-.39,-.095,.378,-.921,.975,.221,-.01);es="Linear";ed="In";};["000-offset.007"]={cf=cfr(0,0,0,.993,-.12,0,.12,.993,0,0,0,1);es="Linear";ed="In";};["000-offset.004"]={cf=cfr(0,0,0,.989,-.149,0,.149,.989,0,0,0,1);es="Linear";ed="In";};["000-offset.008"]={cf=cfr(0,0,0,.899,-.438,0,.438,.899,0,0,0,1);es="Linear";ed="In";};["000-offset.005"]={cf=cfr(0,0,0,.916,-.374,-.143,.368,.927,-.07,.159,.011,.987);es="Linear";ed="In";};};{tm=.042;["000-offset"]={cf=cfr(0,0,0,-.001,1,0,-1,-.001,0,0,0,1);es="Linear";ed="In";};["000-offset.009"]={cf=cfr(0,0,0,-.084,-.996,.03,.996,-.084,-.006,.009,.029,1);es="Linear";ed="In";};["000-offset.012"]={cf=cfr(0,0,0,-.104,-.995,.003,.995,-.104,-.003,.003,.003,1);es="Linear";ed="In";};["000-offset.001"]={cf=cfr(0,0,0,1,-.013,0,.013,1,0,0,0,1);es="Linear";ed="In";};["000-offset.010"]={cf=cfr(0,0,0,.988,.156,0,-.156,.988,0,0,0,1);es="Linear";ed="In";};["000-offset.013"]={cf=cfr(0,0,0,.985,.173,0,-.173,.985,0,0,0,1);es="Linear";ed="In";};["000-offset.002"]={cf=cfr(0,0,0,.966,-.26,0,.26,.966,0,0,0,1);es="Linear";ed="In";};["000-offset.011"]={cf=cfr(0,0,0,.912,-.409,-.019,.409,.913,-.019,.025,.009,1);es="Linear";ed="In";};["000-offset.014"]={cf=cfr(0,0,0,.905,-.425,.01,.424,.904,.055,-.032,-.045,.998);es="Linear";ed="In";};["000-offset.006"]={cf=cfr(0,0,0,.208,-.93,.304,-.143,.279,.95,-.968,-.241,-.075);es="Linear";ed="In";};["000-offset.003"]={cf=cfr(0,0,0,.191,-.902,-.387,-.056,.383,-.922,.98,.197,.023);es="Linear";ed="In";};["000-offset.007"]={cf=cfr(0,0,0,.987,-.162,0,.162,.987,0,0,0,1);es="Linear";ed="In";};["000-offset.004"]={cf=cfr(0,0,0,.982,-.189,0,.189,.982,0,0,0,1);es="Linear";ed="In";};["000-offset.008"]={cf=cfr(0,0,0,.902,-.432,0,.432,.902,0,0,0,1);es="Linear";ed="In";};["000-offset.005"]={cf=cfr(0,0,0,.915,-.377,-.143,.37,.926,-.07,.159,.011,.987);es="Linear";ed="In";};};{tm=.083;["000-offset"]={cf=cfr(0,0,0,-.003,1,0,-1,-.003,0,0,0,1);es="Linear";ed="In";};["000-offset.009"]={cf=cfr(0,0,0,-.1,-.987,.128,.994,-.106,-.041,.054,.123,.991);es="Linear";ed="In";};["000-offset.012"]={cf=cfr(0,0,0,-.14,-.988,-.065,.99,-.142,.028,-.037,-.06,.997);es="Linear";ed="In";};["000-offset.001"]={cf=cfr(0,0,0,1,.008,0,-.008,1,0,0,0,1);es="Linear";ed="In";};["000-offset.010"]={cf=cfr(0,0,0,.974,.227,0,-.227,.974,0,0,0,1);es="Linear";ed="In";};["000-offset.013"]={cf=cfr(0,0,0,.974,.226,0,-.226,.974,0,0,0,1);es="Linear";ed="In";};["000-offset.002"]={cf=cfr(0,0,0,.97,-.244,0,.244,.97,0,0,0,1);es="Linear";ed="In";};["000-offset.011"]={cf=cfr(0,0,0,.861,-.508,-.015,.507,.862,-.019,.023,.008,1);es="Linear";ed="In";};["000-offset.014"]={cf=cfr(0,0,0,.866,-.5,.003,.499,.865,.049,-.027,-.041,.999);es="Linear";ed="In";};["000-offset.006"]={cf=cfr(0,0,0,.25,-.924,.291,-.113,.271,.956,-.962,-.272,-.037);es="Linear";ed="In";};["000-offset.003"]={cf=cfr(0,0,0,.135,-.914,-.383,.019,.389,-.921,.991,.117,.07);es="Linear";ed="In";};["000-offset.007"]={cf=cfr(0,0,0,.961,-.275,0,.275,.961,0,0,0,1);es="Linear";ed="In";};["000-offset.004"]={cf=cfr(0,0,0,.956,-.293,0,.293,.956,0,0,0,1);es="Linear";ed="In";};["000-offset.008"]={cf=cfr(0,0,0,.909,-.416,0,.416,.909,0,0,0,1);es="Linear";ed="In";};["000-offset.005"]={cf=cfr(0,0,0,.913,-.383,-.143,.376,.924,-.07,.159,.01,.987);es="Linear";ed="In";};};{tm=.125;["000-offset"]={cf=cfr(0,0,0,-.004,1,0,-1,-.004,0,0,0,1);es="Linear";ed="In";};["000-offset.009"]={cf=cfr(0,0,0,-.123,-.955,.27,.985,-.15,-.082,.119,.256,.959);es="Linear";ed="In";};["000-offset.012"]={cf=cfr(0,0,0,-.19,-.967,-.167,.977,-.203,.064,-.096,-.151,.984);es="Linear";ed="In";};["000-offset.001"]={cf=cfr(0,0,0,.999,.039,0,-.039,.999,0,0,0,1);es="Linear";ed="In";};["000-offset.010"]={cf=cfr(0,0,0,.945,.327,0,-.327,.945,0,0,0,1);es="Linear";ed="In";};["000-offset.013"]={cf=cfr(0,0,0,.953,.302,0,-.302,.953,0,0,0,1);es="Linear";ed="In";};["000-offset.002"]={cf=cfr(0,0,0,.975,-.22,0,.22,.975,0,0,0,1);es="Linear";ed="In";};["000-offset.011"]={cf=cfr(0,0,0,.769,-.639,-.01,.639,.769,-.018,.019,.007,1);es="Linear";ed="In";};["000-offset.014"]={cf=cfr(0,0,0,.799,-.602,-.005,.602,.798,.04,-.02,-.035,.999);es="Linear";ed="In";};["000-offset.006"]={cf=cfr(0,0,0,.301,-.915,.266,-.052,.263,.963,-.952,-.304,.032);es="Linear";ed="In";};["000-offset.003"]={cf=cfr(0,0,0,.033,-.922,-.386,.031,.387,-.922,.999,.018,.042);es="Linear";ed="In";};["000-offset.007"]={cf=cfr(0,0,0,.902,-.431,0,.431,.902,0,0,0,1);es="Linear";ed="In";};["000-offset.004"]={cf=cfr(0,0,0,.899,-.437,0,.437,.899,0,0,0,1);es="Linear";ed="In";};["000-offset.008"]={cf=cfr(0,0,0,.92,-.393,0,.393,.92,0,0,0,1);es="Linear";ed="In";};["000-offset.005"]={cf=cfr(0,0,0,.909,-.391,-.143,.385,.92,-.07,.159,.008,.987);es="Linear";ed="In";};};{tm=.167;["000-offset"]={cf=cfr(0,0,0,-.006,1,0,-1,-.006,0,0,0,1);es="Linear";ed="In";};["000-offset.009"]={cf=cfr(0,0,0,-.148,-.889,.433,.969,-.217,-.114,.196,.403,.894);es="Linear";ed="In";};["000-offset.012"]={cf=cfr(0,0,0,-.248,-.924,-.29,.954,-.285,.089,-.165,-.255,.953);es="Linear";ed="In";};["000-offset.001"]={cf=cfr(0,0,0,.997,.075,0,-.075,.997,0,0,0,1);es="Linear";ed="In";};["000-offset.010"]={cf=cfr(0,0,0,.898,.441,0,-.441,.898,0,0,0,1);es="Linear";ed="In";};["000-offset.013"]={cf=cfr(0,0,0,.921,.389,0,-.389,.921,0,0,0,1);es="Linear";ed="In";};["000-offset.002"]={cf=cfr(0,0,0,.981,-.193,0,.193,.981,0,0,0,1);es="Linear";ed="In";};["000-offset.011"]={cf=cfr(0,0,0,.634,-.773,-.005,.773,.634,-.015,.015,.005,1);es="Linear";ed="In";};["000-offset.014"]={cf=cfr(0,0,0,.703,-.711,-.011,.711,.702,.027,-.012,-.027,1);es="Linear";ed="In";};["000-offset.006"]={cf=cfr(0,0,0,.34,-.912,.231,.045,.261,.964,-.939,-.317,.13);es="Linear";ed="In";};["000-offset.003"]={cf=cfr(0,0,0,-.005,-.923,-.384,-.062,.384,-.921,.998,.02,-.06);es="Linear";ed="In";};["000-offset.007"]={cf=cfr(0,0,0,.799,-.601,0,.601,.799,0,0,0,1);es="Linear";ed="In";};["000-offset.004"]={cf=cfr(0,0,0,.804,-.595,0,.595,.804,0,0,0,1);es="Linear";ed="In";};["000-offset.008"]={cf=cfr(0,0,0,.931,-.365,0,.365,.931,0,0,0,1);es="Linear";ed="In";};["000-offset.005"]={cf=cfr(0,0,0,.905,-.401,-.143,.395,.916,-.07,.159,.006,.987);es="Linear";ed="In";};};{tm=.208;["000-offset"]={cf=cfr(0,0,0,-.009,1,0,-1,-.009,0,0,0,1);es="Linear";ed="In";};["000-offset.009"]={cf=cfr(0,0,0,-.173,-.787,.592,.946,-.301,-.124,.275,.538,.797);es="Linear";ed="In";};["000-offset.012"]={cf=cfr(0,0,0,-.306,-.856,-.418,.922,-.375,.094,-.237,-.356,.904);es="Linear";ed="In";};["000-offset.001"]={cf=cfr(0,0,0,.994,.113,0,-.113,.994,0,0,0,1);es="Linear";ed="In";};["000-offset.010"]={cf=cfr(0,0,0,.833,.554,0,-.554,.833,0,0,0,1);es="Linear";ed="In";};["000-offset.013"]={cf=cfr(0,0,0,.879,.477,0,-.477,.879,0,0,0,1);es="Linear";ed="In";};["000-offset.002"]={cf=cfr(0,0,0,.987,-.163,0,.163,.987,0,0,0,1);es="Linear";ed="In";};["000-offset.011"]={cf=cfr(0,0,0,.467,-.884,-.002,.884,.467,-.011,.011,.004,1);es="Linear";ed="In";};["000-offset.014"]={cf=cfr(0,0,0,.586,-.81,-.014,.81,.586,.014,-.003,-.019,1);es="Linear";ed="In";};["000-offset.006"]={cf=cfr(0,0,0,.343,-.92,.191,.166,.26,.951,-.924,-.295,.242);es="Linear";ed="In";};["000-offset.003"]={cf=cfr(0,0,0,.112,-.915,-.387,-.135,.372,-.918,.984,.156,-.082);es="Linear";ed="In";};["000-offset.007"]={cf=cfr(0,0,0,.658,-.753,0,.753,.658,0,0,0,1);es="Linear";ed="In";};["000-offset.004"]={cf=cfr(0,0,0,.674,-.738,0,.738,.674,0,0,0,1);es="Linear";ed="In";};["000-offset.008"]={cf=cfr(0,0,0,.942,-.336,0,.336,.942,0,0,0,1);es="Linear";ed="In";};["000-offset.005"]={cf=cfr(0,0,0,.9,-.412,-.143,.406,.911,-.07,.159,.005,.987);es="Linear";ed="In";};};{tm=.25;["000-offset"]={cf=cfr(0,0,0,-.011,1,0,-1,-.011,0,0,0,1);es="Linear";ed="In";};["000-offset.009"]={cf=cfr(0,0,0,-.194,-.662,.724,.917,-.385,-.106,.349,.643,.681);es="Linear";ed="In";};["000-offset.012"]={cf=cfr(0,0,0,-.355,-.768,-.533,.884,-.461,.076,-.304,-.444,.843);es="Linear";ed="In";};["000-offset.001"]={cf=cfr(0,0,0,.989,.149,0,-.149,.989,0,0,0,1);es="Linear";ed="In";};["000-offset.010"]={cf=cfr(0,0,0,.758,.652,0,-.652,.758,0,0,0,1);es="Linear";ed="In";};["000-offset.013"]={cf=cfr(0,0,0,.831,.557,0,-.557,.831,0,0,0,1);es="Linear";ed="In";};["000-offset.002"]={cf=cfr(0,0,0,.991,-.135,0,.135,.991,0,0,0,1);es="Linear";ed="In";};["000-offset.011"]={cf=cfr(0,0,0,.291,-.957,0,.957,.291,-.007,.007,.002,1);es="Linear";ed="In";};["000-offset.014"]={cf=cfr(0,0,0,.462,-.887,-.013,.887,.463,0,.006,-.012,1);es="Linear";ed="In";};["000-offset.006"]={cf=cfr(0,0,0,.304,-.939,.162,.286,.252,.925,-.909,-.235,.345);es="Linear";ed="In";};["000-offset.003"]={cf=cfr(0,0,0,.278,-.886,-.371,-.04,.376,-.926,.96,.272,.069);es="Linear";ed="In";};["000-offset.007"]={cf=cfr(0,0,0,.496,-.868,0,.868,.496,0,0,0,1);es="Linear";ed="In";};["000-offset.004"]={cf=cfr(0,0,0,.528,-.849,0,.849,.528,0,0,0,1);es="Linear";ed="In";};["000-offset.008"]={cf=cfr(0,0,0,.952,-.307,0,.307,.952,0,0,0,1);es="Linear";ed="In";};["000-offset.005"]={cf=cfr(0,0,0,.895,-.421,-.143,.416,.907,-.07,.159,.003,.987);es="Linear";ed="In";};};{tm=.292;["000-offset"]={cf=cfr(0,0,0,-.014,1,0,-1,-.014,0,0,0,1);es="Linear";ed="In";};["000-offset.009"]={cf=cfr(0,0,0,-.21,-.536,.818,.888,-.455,-.07,.41,.711,.571);es="Linear";ed="In";};["000-offset.012"]={cf=cfr(0,0,0,-.393,-.678,-.621,.846,-.531,.044,-.36,-.509,.782);es="Linear";ed="In";};["000-offset.001"]={cf=cfr(0,0,0,.984,.179,0,-.179,.984,0,0,0,1);es="Linear";ed="In";};["000-offset.010"]={cf=cfr(0,0,0,.686,.727,0,-.727,.686,0,0,0,1);es="Linear";ed="In";};["000-offset.013"]={cf=cfr(0,0,0,.784,.62,0,-.62,.784,0,0,0,1);es="Linear";ed="In";};["000-offset.002"]={cf=cfr(0,0,0,.994,-.111,0,.111,.994,0,0,0,1);es="Linear";ed="In";};["000-offset.011"]={cf=cfr(0,0,0,.134,-.991,.001,.991,.134,-.003,.003,.001,1);es="Linear";ed="In";};["000-offset.014"]={cf=cfr(0,0,0,.35,-.937,-.01,.936,.351,-.01,.013,-.006,1);es="Linear";ed="In";};["000-offset.006"]={cf=cfr(0,0,0,.238,-.96,.149,.379,.233,.896,-.894,-.157,.419);es="Linear";ed="In";};["000-offset.003"]={cf=cfr(0,0,0,.327,-.885,-.332,.168,.401,-.901,.93,.238,.28);es="Linear";ed="In";};["000-offset.007"]={cf=cfr(0,0,0,.345,-.939,0,.939,.345,0,0,0,1);es="Linear";ed="In";};["000-offset.004"]={cf=cfr(0,0,0,.39,-.921,0,.921,.39,0,0,0,1);es="Linear";ed="In";};["000-offset.008"]={cf=cfr(0,0,0,.959,-.283,0,.283,.959,0,0,0,1);es="Linear";ed="In";};["000-offset.005"]={cf=cfr(0,0,0,.892,-.43,-.143,.424,.903,-.07,.159,.001,.987);es="Linear";ed="In";};};{tm=.333;["000-offset"]={cf=cfr(0,0,0,-.014,1,0,-1,-.014,0,0,0,1);es="Linear";ed="In";};["000-offset.009"]={cf=cfr(0,0,0,-.22,-.44,.87,.865,-.5,-.035,.451,.745,.491);es="Linear";ed="In";};["000-offset.012"]={cf=cfr(0,0,0,-.416,-.607,-.677,.818,-.575,.013,-.397,-.548,.736);es="Linear";ed="In";};["000-offset.001"]={cf=cfr(0,0,0,.98,.2,0,-.2,.98,0,0,0,1);es="Linear";ed="In";};["000-offset.010"]={cf=cfr(0,0,0,.632,.775,0,-.775,.632,0,0,0,1);es="Linear";ed="In";};["000-offset.013"]={cf=cfr(0,0,0,.75,.662,0,-.662,.75,0,0,0,1);es="Linear";ed="In";};["000-offset.002"]={cf=cfr(0,0,0,.995,-.095,0,.095,.995,0,0,0,1);es="Linear";ed="In";};["000-offset.011"]={cf=cfr(0,0,0,.023,-1,0,1,.023,-.001,.001,0,1);es="Linear";ed="In";};["000-offset.014"]={cf=cfr(0,0,0,.27,-.963,-.006,.963,.27,-.017,.018,-.002,1);es="Linear";ed="In";};["000-offset.006"]={cf=cfr(0,0,0,.175,-.973,.148,.433,.211,.876,-.884,-.089,.459);es="Linear";ed="In";};["000-offset.003"]={cf=cfr(0,0,0,.263,-.909,-.322,.334,.399,-.854,.905,.117,.409);es="Linear";ed="In";};["000-offset.007"]={cf=cfr(0,0,0,.234,-.972,0,.972,.234,0,0,0,1);es="Linear";ed="In";};["000-offset.004"]={cf=cfr(0,0,0,.289,-.957,0,.957,.289,0,0,0,1);es="Linear";ed="In";};["000-offset.008"]={cf=cfr(0,0,0,.964,-.266,0,.266,.964,0,0,0,1);es="Linear";ed="In";};["000-offset.005"]={cf=cfr(0,0,0,.889,-.435,-.143,.43,.9,-.07,.159,0,.987);es="Linear";ed="In";};};{tm=.375;["RootNode"]={cf=cfr(0,0,0,-1,0,0,0,1,0,0,0,-1);es="Linear";ed="In";};["root"]={cf=cfr(0,2.397,0,0,0,1,0,1,0,-1,0,0);es="Linear";ed="In";};["000-offset"]={cf=cfr(0,0,0,-.015,1,0,-1,-.015,0,0,0,1);es="Linear";ed="In";};["004-offset.001"]={cf=cfr(0,0,0,-.015,-1,0,1,-.015,0,0,0,1);es="Linear";ed="In";};["006-offset"]={cf=cfr(0,0,0,-.015,-1,0,1,-.015,0,0,0,1);es="Linear";ed="In";};["000-offset.009"]={cf=cfr(0,0,0,-.223,-.403,.888,.856,-.516,-.019,.466,.756,.46);es="Linear";ed="In";};["000-offset.012"]={cf=cfr(0,0,0,-.424,-.579,-.696,.807,-.591,0,-.411,-.561,.718);es="Linear";ed="In";};["000-offset.001"]={cf=cfr(0,0,0,.978,.207,0,-.207,.978,0,0,0,1);es="Linear";ed="In";};["000-offset.010"]={cf=cfr(0,0,0,.611,.792,0,-.792,.611,0,0,0,1);es="Linear";ed="In";};["000-offset.013"]={cf=cfr(0,0,0,.736,.677,0,-.677,.736,0,0,0,1);es="Linear";ed="In";};["004-offset"]={cf=cfr(0,0,0,.035,-.999,0,.999,.035,0,0,0,1);es="Linear";ed="In";};["002-offset"]={cf=cfr(0,0,0,.035,-.999,0,.999,.035,0,0,0,1);es="Linear";ed="In";};["000-offset.002"]={cf=cfr(0,0,0,.996,-.089,0,.089,.996,0,0,0,1);es="Linear";ed="In";};["000-offset.011"]={cf=cfr(0,0,0,-.018,-1,0,1,-.018,0,0,0,1);es="Linear";ed="In";};["000-offset.014"]={cf=cfr(0,0,0,.239,-.971,-.005,.971,.239,-.019,.02,0,1);es="Linear";ed="In";};["000-offset.006"]={cf=cfr(0,0,0,.149,-.977,.15,.451,.202,.869,-.88,-.062,.471);es="Linear";ed="In";};["000-offset.003"]={cf=cfr(0,0,0,.217,-.919,-.328,.39,.39,-.834,.895,.053,.443);es="Linear";ed="In";};["000-offset.007"]={cf=cfr(0,0,0,.192,-.981,0,.981,.192,0,0,0,1);es="Linear";ed="In";};["000-offset.004"]={cf=cfr(0,0,0,.25,-.968,0,.968,.25,0,0,0,1);es="Linear";ed="In";};["000-offset.008"]={cf=cfr(0,0,0,.966,-.26,0,.26,.966,0,0,0,1);es="Linear";ed="In";};["000-offset.005"]={cf=cfr(0,0,0,.888,-.438,-.143,.432,.899,-.07,.159,0,.987);es="Linear";ed="In";};};}