local cfr = CFrame.new

return {{tm=0;["RootNode"]={cf=cfr(0,0,0,-1,0,0,0,1,0,0,0,-1);es="Linear";ed="In";};["root"]={cf=cfr(0,1.438,2.341,0,0,1,0,1,0,-1,0,0);es="Linear";ed="In";};["000-offset"]={cf=cfr(0,0,0,.122,.991,.053,.056,.046,-.997,-.991,.124,-.05);es="Linear";ed="In";};["004-offset.001"]={cf=cfr(0,0,0,-.015,-1,0,1,-.015,0,0,0,1);es="Linear";ed="In";};["006-offset"]={cf=cfr(0,0,0,-.015,-1,0,1,-.015,0,0,0,1);es="Linear";ed="In";};["000-offset.009"]={cf=cfr(0,0,0,.019,-.591,.806,.978,.178,.108,-.207,.787,.582);es="Linear";ed="In";};["000-offset.012"]={cf=cfr(0,0,0,-.776,-.601,-.192,.595,-.798,.094,-.21,-.042,.977);es="Linear";ed="In";};["000-offset.001"]={cf=cfr(0,0,0,.8,.546,.249,-.595,.662,.456,.084,-.513,.855);es="Linear";ed="In";};["000-offset.010"]={cf=cfr(0,0,0,-.053,.999,0,-.999,-.053,0,0,0,1);es="Linear";ed="In";};["000-offset.013"]={cf=cfr(0,0,0,-.317,.948,0,-.948,-.317,0,0,0,1);es="Linear";ed="In";};["004-offset"]={cf=cfr(0,0,0,.118,-.921,-.37,.645,-.212,.734,-.755,-.325,.569);es="Linear";ed="In";};["002-offset"]={cf=cfr(0,0,0,.276,-.898,-.343,.948,.196,.251,-.158,-.395,.905);es="Linear";ed="In";};["000-offset.002"]={cf=cfr(0,0,0,.794,.597,-.114,-.603,.798,-.019,.08,.084,.993);es="Linear";ed="In";};["000-offset.011"]={cf=cfr(0,0,0,.436,-.9,0,.9,.436,0,0,0,1);es="Linear";ed="In";};["000-offset.014"]={cf=cfr(0,0,0,.316,-.949,-.005,.949,.316,-.019,.02,.002,1);es="Linear";ed="In";};["000-offset.006"]={cf=cfr(0,0,0,.3,-.189,-.935,-.018,-.981,.193,-.954,-.041,-.297);es="Linear";ed="In";};["000-offset.003"]={cf=cfr(0,0,0,.664,-.742,.086,.716,.599,-.359,.215,.3,.929);es="Linear";ed="In";};["000-offset.007"]={cf=cfr(0,0,0,.17,-.985,0,.985,.17,0,0,0,1);es="Linear";ed="In";};["000-offset.004"]={cf=cfr(0,0,0,.019,-1,0,1,.019,0,0,0,1);es="Linear";ed="In";};["000-offset.008"]={cf=cfr(0,0,0,.055,-.975,.214,.89,.145,.433,-.453,.167,.876);es="Linear";ed="In";};["000-offset.005"]={cf=cfr(0,0,0,.699,-.7,-.146,.605,.687,-.402,.382,.193,.904);es="Linear";ed="In";};};{tm=.042;["root"]={cf=cfr(0,1.452,2.355,0,0,1,0,1,0,-1,0,0);es="Linear";ed="In";};["000-offset"]={cf=cfr(0,0,0,.143,.989,.023,.028,.019,-.999,-.989,.144,-.025);es="Linear";ed="In";};["000-offset.009"]={cf=cfr(0,0,0,.013,-.531,.847,.983,.16,.086,-.181,.832,.524);es="Linear";ed="In";};["000-offset.012"]={cf=cfr(0,0,0,-.837,-.521,-.167,.519,-.853,.06,-.174,-.036,.984);es="Linear";ed="In";};["000-offset.001"]={cf=cfr(0,0,0,.804,.561,.197,-.576,.656,.488,.144,-.506,.85);es="Linear";ed="In";};["000-offset.010"]={cf=cfr(0,0,0,-.055,.998,0,-.998,-.055,0,0,0,1);es="Linear";ed="In";};["000-offset.013"]={cf=cfr(0,0,0,-.335,.942,0,-.942,-.335,0,0,0,1);es="Linear";ed="In";};["000-offset.002"]={cf=cfr(0,0,0,.837,.523,-.162,-.531,.847,-.003,.136,.089,.987);es="Linear";ed="In";};["000-offset.011"]={cf=cfr(0,0,0,.397,-.918,0,.918,.397,0,0,0,1);es="Linear";ed="In";};["000-offset.014"]={cf=cfr(0,0,0,.244,-.97,-.005,.969,.244,-.019,.02,0,1);es="Linear";ed="In";};["000-offset.006"]={cf=cfr(0,0,0,.467,-.369,-.804,-.006,-.91,.415,-.884,-.189,-.427);es="Linear";ed="In";};["000-offset.003"]={cf=cfr(0,0,0,.665,-.742,.088,.722,.609,-.329,.19,.282,.94);es="Linear";ed="In";};["000-offset.007"]={cf=cfr(0,0,0,.156,-.988,0,.988,.156,0,0,0,1);es="Linear";ed="In";};["000-offset.004"]={cf=cfr(0,0,0,.004,-1,0,1,.004,0,0,0,1);es="Linear";ed="In";};["000-offset.008"]={cf=cfr(0,0,0,.185,-.936,.299,.901,.283,.33,-.394,.209,.895);es="Linear";ed="In";};["000-offset.005"]={cf=cfr(0,0,0,.69,-.71,-.14,.61,.675,-.415,.389,.201,.899);es="Linear";ed="In";};};{tm=.083;["root"]={cf=cfr(0,1.466,2.369,0,0,1,0,1,0,-1,0,0);es="Linear";ed="In";};["000-offset"]={cf=cfr(0,0,0,.164,.986,-.031,-.042,-.024,-.999,-.986,.165,.037);es="Linear";ed="In";};["000-offset.009"]={cf=cfr(0,0,0,0,-.416,.91,.991,.122,.056,-.134,.901,.412);es="Linear";ed="In";};["000-offset.012"]={cf=cfr(0,0,0,-.927,-.358,-.112,.358,-.934,.017,-.111,-.024,.994);es="Linear";ed="In";};["000-offset.001"]={cf=cfr(0,0,0,.81,.578,.095,-.53,.654,.539,.25,-.487,.837);es="Linear";ed="In";};["000-offset.010"]={cf=cfr(0,0,0,-.048,.999,0,-.999,-.048,0,0,0,1);es="Linear";ed="In";};["000-offset.013"]={cf=cfr(0,0,0,-.364,.932,0,-.932,-.364,0,0,0,1);es="Linear";ed="In";};["000-offset.002"]={cf=cfr(0,0,0,.892,.361,-.271,-.379,.925,-.015,.246,.116,.962);es="Linear";ed="In";};["000-offset.011"]={cf=cfr(0,0,0,.327,-.945,0,.945,.327,0,0,0,1);es="Linear";ed="In";};["000-offset.014"]={cf=cfr(0,0,0,.11,-.994,-.005,.994,.11,-.019,.019,-.002,1);es="Linear";ed="In";};["000-offset.006"]={cf=cfr(0,0,0,.73,-.504,-.462,.052,-.632,.773,-.682,-.588,-.435);es="Linear";ed="In";};["000-offset.003"]={cf=cfr(0,0,0,.668,-.74,.081,.723,.619,-.308,.177,.264,.948);es="Linear";ed="In";};["000-offset.007"]={cf=cfr(0,0,0,.134,-.991,0,.991,.134,0,0,0,1);es="Linear";ed="In";};["000-offset.004"]={cf=cfr(0,0,0,-.022,-1,0,1,-.022,0,0,0,1);es="Linear";ed="In";};["000-offset.008"]={cf=cfr(0,0,0,.427,-.817,.388,.859,.5,.108,-.282,.287,.915);es="Linear";ed="In";};["000-offset.005"]={cf=cfr(0,0,0,.676,-.725,-.131,.617,.654,-.437,.402,.215,.89);es="Linear";ed="In";};};{tm=.125;["root"]={cf=cfr(0,1.466,2.369,0,0,1,0,1,0,-1,0,0);es="Linear";ed="In";};["000-offset"]={cf=cfr(0,0,0,.161,.985,-.054,-.146,-.03,-.989,-.976,.167,.139);es="Linear";ed="In";};["000-offset.009"]={cf=cfr(0,0,0,-.042,-.317,.947,.997,.046,.06,-.063,.947,.315);es="Linear";ed="In";};["000-offset.012"]={cf=cfr(0,0,0,-.986,-.15,-.073,.15,-.989,.012,-.075,.001,.997);es="Linear";ed="In";};["000-offset.001"]={cf=cfr(0,0,0,.82,.571,-.037,-.458,.693,.557,.344,-.439,.83);es="Linear";ed="In";};["000-offset.010"]={cf=cfr(0,0,0,-.044,.999,0,-.999,-.044,0,0,0,1);es="Linear";ed="In";};["000-offset.013"]={cf=cfr(0,0,0,-.369,.929,0,-.929,-.369,0,0,0,1);es="Linear";ed="In";};["000-offset.002"]={cf=cfr(0,0,0,.91,.173,-.377,-.217,.973,-.076,.353,.151,.923);es="Linear";ed="In";};["000-offset.011"]={cf=cfr(0,0,0,.255,-.967,0,.967,.255,0,0,0,1);es="Linear";ed="In";};["000-offset.014"]={cf=cfr(0,0,0,-.028,-1,-.005,.999,-.028,-.019,.019,-.005,1);es="Linear";ed="In";};["000-offset.006"]={cf=cfr(0,0,0,.923,-.343,-.173,.15,-.094,.984,-.354,-.935,-.035);es="Linear";ed="In";};["000-offset.003"]={cf=cfr(0,0,0,.669,-.74,.077,.721,.619,-.312,.183,.265,.947);es="Linear";ed="In";};["000-offset.007"]={cf=cfr(0,0,0,.129,-.992,0,.992,.129,0,0,0,1);es="Linear";ed="In";};["000-offset.004"]={cf=cfr(0,0,0,-.027,-1,0,1,-.027,0,0,0,1);es="Linear";ed="In";};["000-offset.008"]={cf=cfr(0,0,0,.657,-.643,.395,.733,.668,-.131,-.18,.375,.909);es="Linear";ed="In";};["000-offset.005"]={cf=cfr(0,0,0,.673,-.728,-.129,.619,.65,-.441,.405,.217,.888);es="Linear";ed="In";};};{tm=.167;["root"]={cf=cfr(0,1.438,2.341,0,0,1,0,1,0,-1,0,0);es="Linear";ed="In";};["000-offset"]={cf=cfr(0,0,0,.132,.991,.01,-.27,.046,-.962,-.954,.124,.274);es="Linear";ed="In";};["000-offset.009"]={cf=cfr(0,0,0,-.135,-.308,.942,.99,-.075,.118,.035,.948,.316);es="Linear";ed="In";};["000-offset.012"]={cf=cfr(0,0,0,-.992,.039,-.122,-.044,-.998,.039,-.12,.045,.992);es="Linear";ed="In";};["000-offset.001"]={cf=cfr(0,0,0,.849,.501,-.169,-.369,.791,.488,.378,-.352,.856);es="Linear";ed="In";};["000-offset.010"]={cf=cfr(0,0,0,-.053,.999,0,-.999,-.053,0,0,0,1);es="Linear";ed="In";};["000-offset.013"]={cf=cfr(0,0,0,-.317,.948,0,-.948,-.317,0,0,0,1);es="Linear";ed="In";};["004-offset"]={cf=cfr(0,0,0,.118,-.921,-.37,.645,-.212,.734,-.755,-.325,.569);es="Linear";ed="In";};["002-offset"]={cf=cfr(0,0,0,.276,-.898,-.343,.948,.196,.251,-.158,-.395,.905);es="Linear";ed="In";};["000-offset.002"]={cf=cfr(0,0,0,.904,.055,-.424,-.128,.981,-.144,.408,.184,.894);es="Linear";ed="In";};["000-offset.011"]={cf=cfr(0,0,0,.21,-.978,0,.978,.21,0,0,0,1);es="Linear";ed="In";};["000-offset.014"]={cf=cfr(0,0,0,-.108,-.994,-.005,.994,-.108,-.019,.019,-.007,1);es="Linear";ed="In";};["000-offset.006"]={cf=cfr(0,0,0,.976,-.12,-.184,.219,.454,.864,-.02,-.883,.469);es="Linear";ed="In";};["000-offset.003"]={cf=cfr(0,0,0,.664,-.742,.086,.716,.599,-.359,.215,.3,.929);es="Linear";ed="In";};["000-offset.007"]={cf=cfr(0,0,0,.17,-.985,0,.985,.17,0,0,0,1);es="Linear";ed="In";};["000-offset.004"]={cf=cfr(0,0,0,.019,-1,0,1,.019,0,0,0,1);es="Linear";ed="In";};["000-offset.008"]={cf=cfr(0,0,0,.778,-.496,.386,.61,.744,-.273,-.152,.448,.881);es="Linear";ed="In";};["000-offset.005"]={cf=cfr(0,0,0,.699,-.7,-.146,.605,.687,-.402,.382,.193,.904);es="Linear";ed="In";};};{tm=.208;["root"]={cf=cfr(0,1.339,2.284,0,0,1,0,1,0,-1,0,0);es="Linear";ed="In";};["000-offset"]={cf=cfr(0,0,0,.126,.952,.279,-.434,.305,-.848,-.892,-.014,.452);es="Linear";ed="In";};["000-offset.009"]={cf=cfr(0,0,0,-.338,-.431,.836,.92,-.338,.198,.197,.837,.511);es="Linear";ed="In";};["000-offset.012"]={cf=cfr(0,0,0,-.916,.167,-.366,-.201,-.978,.056,-.348,.125,.929);es="Linear";ed="In";};["000-offset.001"]={cf=cfr(0,0,0,.909,.321,-.267,-.237,.923,.302,.344,-.211,.915);es="Linear";ed="In";};["000-offset.010"]={cf=cfr(0,0,0,-.101,.995,0,-.995,-.101,0,0,0,1);es="Linear";ed="In";};["000-offset.013"]={cf=cfr(0,0,0,-.112,.994,0,-.994,-.112,0,0,0,1);es="Linear";ed="In";};["004-offset"]={cf=cfr(0,0,0,.117,-.92,-.373,.639,-.218,.737,-.76,-.325,.563);es="Linear";ed="In";};["002-offset"]={cf=cfr(0,0,0,.279,-.896,-.346,.947,.196,.255,-.16,-.399,.903);es="Linear";ed="In";};["000-offset.002"]={cf=cfr(0,0,0,.911,.105,-.399,-.193,.963,-.187,.365,.248,.898);es="Linear";ed="In";};["000-offset.011"]={cf=cfr(0,0,0,.227,-.974,-.003,.974,.227,.001,0,-.004,1);es="Linear";ed="In";};["000-offset.014"]={cf=cfr(0,0,0,-.08,-.997,-.005,.997,-.08,-.019,.019,-.006,1);es="Linear";ed="In";};["000-offset.006"]={cf=cfr(0,0,0,.938,-.02,-.345,.224,.795,.563,.263,-.606,.751);es="Linear";ed="In";};["000-offset.003"]={cf=cfr(0,0,0,.638,-.758,.135,.717,.521,-.463,.281,.392,.876);es="Linear";ed="In";};["000-offset.007"]={cf=cfr(0,0,0,.321,-.947,0,.947,.321,0,0,0,1);es="Linear";ed="In";};["000-offset.004"]={cf=cfr(0,0,0,.174,-.985,0,.985,.174,0,0,0,1);es="Linear";ed="In";};["000-offset.008"]={cf=cfr(0,0,0,.759,-.42,.497,.587,.771,-.245,-.281,.478,.832);es="Linear";ed="In";};["000-offset.005"]={cf=cfr(0,0,0,.783,-.594,-.185,.546,.798,-.254,.298,.098,.949);es="Linear";ed="In";};};{tm=.25;["root"]={cf=cfr(0,1.198,2.185,0,0,1,0,1,0,-1,0,0);es="Linear";ed="In";};["000-offset"]={cf=cfr(0,0,0,.144,.781,.607,-.615,.552,-.563,-.775,-.292,.56);es="Linear";ed="In";};["000-offset.009"]={cf=cfr(0,0,0,-.549,-.494,.674,.74,-.663,.117,.389,.563,.729);es="Linear";ed="In";};["000-offset.012"]={cf=cfr(0,0,0,-.716,.201,-.669,-.276,-.961,.006,-.642,.188,.743);es="Linear";ed="In";};["000-offset.001"]={cf=cfr(0,0,0,.961,.058,-.271,-.051,.998,.034,.273,-.019,.962);es="Linear";ed="In";};["000-offset.010"]={cf=cfr(0,0,0,-.165,.986,0,-.986,-.165,0,0,0,1);es="Linear";ed="In";};["000-offset.013"]={cf=cfr(0,0,0,.179,.984,0,-.984,.179,0,0,0,1);es="Linear";ed="In";};["004-offset"]={cf=cfr(0,0,0,.116,-.919,-.377,.634,-.224,.74,-.765,-.325,.557);es="Linear";ed="In";};["002-offset"]={cf=cfr(0,0,0,.282,-.894,-.35,.946,.197,.258,-.162,-.404,.901);es="Linear";ed="In";};["000-offset.002"]={cf=cfr(0,0,0,.902,.256,-.346,-.344,.912,-.223,.259,.32,.911);es="Linear";ed="In";};["000-offset.011"]={cf=cfr(0,0,0,.278,-.96,-.007,.961,.278,.002,0,-.007,1);es="Linear";ed="In";};["000-offset.014"]={cf=cfr(0,0,0,.018,-1,-.005,1,.018,-.019,.019,-.004,1);es="Linear";ed="In";};["000-offset.006"]={cf=cfr(0,0,0,.854,-.039,-.519,.186,.955,.233,.487,-.295,.822);es="Linear";ed="In";};["000-offset.003"]={cf=cfr(0,0,0,.597,-.773,.214,.703,.376,-.603,.386,.511,.768);es="Linear";ed="In";};["000-offset.007"]={cf=cfr(0,0,0,.517,-.856,0,.856,.517,0,0,0,1);es="Linear";ed="In";};["000-offset.004"]={cf=cfr(0,0,0,.387,-.922,0,.922,.387,0,0,0,1);es="Linear";ed="In";};["000-offset.008"]={cf=cfr(0,0,0,.629,-.393,.67,.602,.792,-.1,-.491,.467,.735);es="Linear";ed="In";};["000-offset.005"]={cf=cfr(0,0,0,.881,-.438,-.18,.439,.898,-.035,.177,-.048,.983);es="Linear";ed="In";};};{tm=.292;["root"]={cf=cfr(0,1.142,2.059,0,0,1,0,1,0,-1,0,0);es="Linear";ed="In";};["000-offset"]={cf=cfr(0,0,0,.14,.64,.755,-.747,.569,-.344,-.65,-.516,.558);es="Linear";ed="In";};["000-offset.009"]={cf=cfr(0,0,0,-.632,-.488,.602,.581,-.812,-.048,.512,.32,.797);es="Linear";ed="In";};["000-offset.012"]={cf=cfr(0,0,0,-.551,.188,-.813,-.267,-.963,-.041,-.791,.195,.581);es="Linear";ed="In";};["000-offset.001"]={cf=cfr(0,0,0,.973,-.18,-.142,.145,.963,-.226,.177,.2,.964);es="Linear";ed="In";};["000-offset.010"]={cf=cfr(0,0,0,-.182,.983,0,-.983,-.182,0,0,0,1);es="Linear";ed="In";};["000-offset.013"]={cf=cfr(0,0,0,.333,.943,0,-.943,.333,0,0,0,1);es="Linear";ed="In";};["004-offset"]={cf=cfr(0,0,0,.118,-.921,-.37,.645,-.212,.734,-.755,-.325,.569);es="Linear";ed="In";};["002-offset"]={cf=cfr(0,0,0,.276,-.898,-.343,.948,.196,.251,-.158,-.395,.905);es="Linear";ed="In";};["000-offset.002"]={cf=cfr(0,0,0,.891,.353,-.284,-.418,.882,-.215,.175,.311,.934);es="Linear";ed="In";};["000-offset.011"]={cf=cfr(0,0,0,.301,-.954,0,.954,.301,0,0,0,1);es="Linear";ed="In";};["000-offset.014"]={cf=cfr(0,0,0,.106,-.994,-.005,.994,.106,-.019,.02,-.003,1);es="Linear";ed="In";};["000-offset.006"]={cf=cfr(0,0,0,.797,-.119,-.592,.135,.991,-.018,.588,-.066,.806);es="Linear";ed="In";};["000-offset.003"]={cf=cfr(0,0,0,.568,-.779,.265,.631,.206,-.748,.528,.592,.609);es="Linear";ed="In";};["000-offset.007"]={cf=cfr(0,0,0,.617,-.787,0,.787,.617,0,0,0,1);es="Linear";ed="In";};["000-offset.004"]={cf=cfr(0,0,0,.534,-.845,0,.845,.534,0,0,0,1);es="Linear";ed="In";};["000-offset.008"]={cf=cfr(0,0,0,.487,-.385,.784,.602,.799,.019,-.634,.463,.62);es="Linear";ed="In";};["000-offset.005"]={cf=cfr(0,0,0,.931,-.339,-.139,.354,.929,.105,.094,-.147,.985);es="Linear";ed="In";};};{tm=.333;["root"]={cf=cfr(.014,1.184,1.875,0,0,1,0,1,0,-1,0,0);es="Linear";ed="In";};["000-offset"]={cf=cfr(0,0,0,.075,.65,.757,-.839,.451,-.304,-.538,-.612,.579);es="Linear";ed="In";};["000-offset.009"]={cf=cfr(0,0,0,-.642,-.513,.57,.522,-.837,-.165,.562,.191,.805);es="Linear";ed="In";};["000-offset.012"]={cf=cfr(0,0,0,-.518,.178,-.837,-.267,-.963,-.04,-.813,.202,.546);es="Linear";ed="In";};["000-offset.001"]={cf=cfr(0,0,0,.954,-.295,.057,.292,.864,-.41,.072,.408,.91);es="Linear";ed="In";};["000-offset.010"]={cf=cfr(0,0,0,-.134,.991,0,-.991,-.134,0,0,0,1);es="Linear";ed="In";};["000-offset.013"]={cf=cfr(0,0,0,.304,.953,0,-.953,.304,0,0,0,1);es="Linear";ed="In";};["004-offset"]={cf=cfr(0,0,0,.119,-.93,-.347,.696,-.171,.697,-.708,-.324,.628);es="Linear";ed="In";};["002-offset"]={cf=cfr(0,0,0,.261,-.909,-.325,.954,.191,.231,-.148,-.37,.917);es="Linear";ed="In";};["000-offset.002"]={cf=cfr(0,0,0,.913,.355,-.201,-.385,.913,-.133,.136,.199,.97);es="Linear";ed="In";};["000-offset.011"]={cf=cfr(0,0,0,.278,-.96,.022,.961,.278,-.008,.001,.024,1);es="Linear";ed="In";};["000-offset.014"]={cf=cfr(0,0,0,.172,-.985,-.003,.985,.172,-.02,.02,.001,1);es="Linear";ed="In";};["000-offset.006"]={cf=cfr(0,0,0,.906,-.015,-.422,.008,1,-.02,.422,.015,.906);es="Linear";ed="In";};["000-offset.003"]={cf=cfr(0,0,0,.472,-.848,.242,.494,.027,-.869,.73,.529,.432);es="Linear";ed="In";};["000-offset.007"]={cf=cfr(0,0,0,.425,-.905,0,.905,.425,0,0,0,1);es="Linear";ed="In";};["000-offset.004"]={cf=cfr(0,0,0,.561,-.828,0,.828,.561,0,0,0,1);es="Linear";ed="In";};["000-offset.008"]={cf=cfr(0,0,0,.37,-.366,.854,.681,.732,.019,-.632,.575,.52);es="Linear";ed="In";};["000-offset.005"]={cf=cfr(0,0,0,.944,-.309,-.117,.324,.934,.148,.064,-.177,.982);es="Linear";ed="In";};};{tm=.375;["root"]={cf=cfr(.056,1.255,1.678,0,0,1,0,1,0,-1,0,0);es="Linear";ed="In";};["000-offset"]={cf=cfr(0,0,0,-.018,.704,.71,-.91,.283,-.304,-.415,-.652,.635);es="Linear";ed="In";};["000-offset.009"]={cf=cfr(0,0,0,-.637,-.563,.527,.497,-.822,-.278,.59,.084,.803);es="Linear";ed="In";};["000-offset.012"]={cf=cfr(0,0,0,-.532,.166,-.831,-.275,-.961,-.015,-.801,.221,.557);es="Linear";ed="In";};["000-offset.001"]={cf=cfr(0,0,0,.941,-.263,.214,.337,.781,-.526,-.028,.567,.823);es="Linear";ed="In";};["000-offset.010"]={cf=cfr(0,0,0,-.057,.998,0,-.998,-.057,0,0,0,1);es="Linear";ed="In";};["000-offset.013"]={cf=cfr(0,0,0,.202,.979,0,-.979,.202,0,0,0,1);es="Linear";ed="In";};["004-offset"]={cf=cfr(0,0,0,.117,-.941,-.316,.757,-.121,.642,-.643,-.315,.698);es="Linear";ed="In";};["002-offset"]={cf=cfr(0,0,0,.241,-.923,-.3,.961,.184,.205,-.134,-.338,.932);es="Linear";ed="In";};["000-offset.002"]={cf=cfr(0,0,0,.941,.32,-.112,-.322,.947,-.001,.106,.037,.994);es="Linear";ed="In";};["000-offset.011"]={cf=cfr(0,0,0,.238,-.97,.054,.971,.238,-.016,.003,.057,.998);es="Linear";ed="In";};["000-offset.014"]={cf=cfr(0,0,0,.237,-.971,0,.971,.237,-.021,.02,.005,1);es="Linear";ed="In";};["000-offset.006"]={cf=cfr(0,0,0,.989,.048,-.142,-.047,.999,.007,.143,0,.99);es="Linear";ed="In";};["000-offset.003"]={cf=cfr(0,0,0,.32,-.924,.211,.284,-.12,-.951,.904,.364,.224);es="Linear";ed="In";};["000-offset.007"]={cf=cfr(0,0,0,.273,-.962,0,.962,.273,0,0,0,1);es="Linear";ed="In";};["000-offset.004"]={cf=cfr(0,0,0,.537,-.844,0,.844,.537,0,0,0,1);es="Linear";ed="In";};["000-offset.008"]={cf=cfr(0,0,0,.312,-.35,.883,.766,.642,-.016,-.562,.682,.469);es="Linear";ed="In";};["000-offset.005"]={cf=cfr(0,0,0,.948,-.299,-.105,.313,.936,.163,.049,-.187,.981);es="Linear";ed="In";};};{tm=.417;["root"]={cf=cfr(.099,1.368,1.452,0,0,1,0,1,0,-1,0,0);es="Linear";ed="In";};["000-offset"]={cf=cfr(0,0,0,-.119,.762,.637,-.949,.102,-.299,-.292,-.64,.71);es="Linear";ed="In";};["000-offset.009"]={cf=cfr(0,0,0,-.626,-.618,.476,.493,-.786,-.372,.604,.002,.797);es="Linear";ed="In";};["000-offset.012"]={cf=cfr(0,0,0,-.576,.15,-.804,-.283,-.959,.024,-.767,.241,.594);es="Linear";ed="In";};["000-offset.001"]={cf=cfr(0,0,0,.979,-.025,.201,.149,.76,-.633,-.137,.65,.748);es="Linear";ed="In";};["000-offset.010"]={cf=cfr(0,0,0,.034,.999,0,-.999,.034,0,0,0,1);es="Linear";ed="In";};["000-offset.013"]={cf=cfr(0,0,0,.065,.998,0,-.998,.065,0,0,0,1);es="Linear";ed="In";};["004-offset"]={cf=cfr(0,0,0,.114,-.952,-.285,.81,-.077,.581,-.575,-.297,.763);es="Linear";ed="In";};["002-offset"]={cf=cfr(0,0,0,.218,-.938,-.271,.969,.174,.177,-.119,-.301,.946);es="Linear";ed="In";};["000-offset.002"]={cf=cfr(0,0,0,.968,.247,-.043,-.237,.958,.162,.081,-.147,.986);es="Linear";ed="In";};["000-offset.011"]={cf=cfr(0,0,0,.19,-.978,.09,.982,.189,-.022,.005,.092,.996);es="Linear";ed="In";};["000-offset.014"]={cf=cfr(0,0,0,.275,-.962,-.005,.961,.275,-.019,.02,.001,1);es="Linear";ed="In";};["000-offset.006"]={cf=cfr(0,0,0,.91,-.416,.007,.415,.909,.033,-.02,-.028,.999);es="Linear";ed="In";};["000-offset.003"]={cf=cfr(0,0,0,.221,-.954,.201,.088,-.186,-.979,.971,.234,.043);es="Linear";ed="In";};["000-offset.007"]={cf=cfr(0,0,0,.728,-.686,0,.686,.728,0,0,0,1);es="Linear";ed="In";};["000-offset.004"]={cf=cfr(0,0,0,.549,-.836,0,.836,.549,0,0,0,1);es="Linear";ed="In";};["000-offset.008"]={cf=cfr(0,0,0,.505,-.411,.759,.741,.658,-.137,-.443,.632,.636);es="Linear";ed="In";};["000-offset.005"]={cf=cfr(0,0,0,.947,-.304,-.103,.317,.936,.156,.049,-.18,.982);es="Linear";ed="In";};};{tm=.458;["root"]={cf=cfr(.127,1.466,1.241,0,0,1,0,1,0,-1,0,0);es="Linear";ed="In";};["000-offset"]={cf=cfr(0,0,0,-.203,.803,.561,-.961,-.053,-.271,-.187,-.594,.782);es="Linear";ed="In";};["000-offset.009"]={cf=cfr(0,0,0,-.613,-.66,.434,.5,-.75,-.434,.612,-.05,.79);es="Linear";ed="In";};["000-offset.012"]={cf=cfr(0,0,0,-.632,.129,-.764,-.276,-.959,.066,-.725,.252,.641);es="Linear";ed="In";};["000-offset.001"]={cf=cfr(0,0,0,.942,.336,.014,-.221,.65,-.727,-.253,.681,.687);es="Linear";ed="In";};["000-offset.010"]={cf=cfr(0,0,0,.119,.993,0,-.993,.119,0,0,0,1);es="Linear";ed="In";};["000-offset.013"]={cf=cfr(0,0,0,-.059,.998,0,-.998,-.059,0,0,0,1);es="Linear";ed="In";};["004-offset"]={cf=cfr(0,0,0,.107,-.962,-.251,.86,-.037,.509,-.499,-.27,.823);es="Linear";ed="In";};["002-offset"]={cf=cfr(0,0,0,.194,-.951,-.24,.975,.162,.149,-.103,-.263,.959);es="Linear";ed="In";};["000-offset.002"]={cf=cfr(0,0,0,.988,.151,-.013,-.139,.934,.33,.062,-.324,.944);es="Linear";ed="In";};["000-offset.011"]={cf=cfr(0,0,0,.143,-.982,.12,.99,.141,-.023,.006,.122,.993);es="Linear";ed="In";};["000-offset.014"]={cf=cfr(0,0,0,.25,-.968,-.033,.968,.251,-.012,.02,-.029,.999);es="Linear";ed="In";};["000-offset.006"]={cf=cfr(0,0,0,.622,-.782,.035,.766,.617,.177,-.16,-.083,.984);es="Linear";ed="In";};["000-offset.003"]={cf=cfr(0,0,0,.26,-.958,.123,-.263,-.192,-.945,.929,.214,-.302);es="Linear";ed="In";};["000-offset.007"]={cf=cfr(0,0,0,.983,-.186,0,.186,.983,0,0,0,1);es="Linear";ed="In";};["000-offset.004"]={cf=cfr(0,0,0,.7,-.715,0,.715,.7,0,0,0,1);es="Linear";ed="In";};["000-offset.008"]={cf=cfr(0,0,0,.713,-.44,.546,.625,.751,-.212,-.317,.493,.811);es="Linear";ed="In";};["000-offset.005"]={cf=cfr(0,0,0,.941,-.319,-.111,.332,.935,.129,.063,-.158,.985);es="Linear";ed="In";};};{tm=.5;["root"]={cf=cfr(.141,1.565,1.057,0,0,1,0,1,0,-1,0,0);es="Linear";ed="In";};["000-offset"]={cf=cfr(0,0,0,-.245,.827,.505,-.963,-.146,-.227,-.114,-.542,.832);es="Linear";ed="In";};["000-offset.009"]={cf=cfr(0,0,0,-.603,-.678,.419,.503,-.732,-.46,.619,-.067,.782);es="Linear";ed="In";};["000-offset.012"]={cf=cfr(0,0,0,-.683,.098,-.724,-.241,-.966,.097,-.69,.241,.683);es="Linear";ed="In";};["000-offset.001"]={cf=cfr(0,0,0,.791,.572,-.217,-.503,.407,-.762,-.347,.712,.61);es="Linear";ed="In";};["000-offset.010"]={cf=cfr(0,0,0,.183,.983,0,-.983,.183,0,0,0,1);es="Linear";ed="In";};["000-offset.013"]={cf=cfr(0,0,0,-.126,.992,0,-.992,-.126,0,0,0,1);es="Linear";ed="In";};["004-offset"]={cf=cfr(0,0,0,.1,-.971,-.219,.897,-.007,.442,-.43,-.241,.87);es="Linear";ed="In";};["002-offset"]={cf=cfr(0,0,0,.172,-.963,-.209,.981,.148,.124,-.088,-.226,.97);es="Linear";ed="In";};["000-offset.002"]={cf=cfr(0,0,0,.998,.053,-.023,-.036,.883,.469,.045,-.467,.883);es="Linear";ed="In";};["000-offset.011"]={cf=cfr(0,0,0,.106,-.985,.138,.994,.104,-.022,.007,.139,.99);es="Linear";ed="In";};["000-offset.014"]={cf=cfr(0,0,0,.195,-.979,-.064,.981,.196,-.008,.02,-.061,.998);es="Linear";ed="In";};["000-offset.006"]={cf=cfr(0,0,0,.558,-.829,.034,.782,.539,.312,-.277,-.147,.95);es="Linear";ed="In";};["000-offset.003"]={cf=cfr(0,0,0,-.17,-.976,.135,-.488,-.036,-.872,.856,-.214,-.471);es="Linear";ed="In";};["000-offset.007"]={cf=cfr(0,0,0,.887,-.462,0,.462,.887,0,0,0,1);es="Linear";ed="In";};["000-offset.004"]={cf=cfr(0,0,0,.798,-.603,0,.603,.798,0,0,0,1);es="Linear";ed="In";};["000-offset.008"]={cf=cfr(0,0,0,.788,-.437,.433,.561,.8,-.213,-.253,.411,.876);es="Linear";ed="In";};["000-offset.005"]={cf=cfr(0,0,0,.932,-.341,-.126,.353,.932,.085,.088,-.124,.988);es="Linear";ed="In";};};{tm=.542;["root"]={cf=cfr(.141,1.65,.902,0,0,1,0,1,0,-1,0,0);es="Linear";ed="In";};["000-offset"]={cf=cfr(0,0,0,-.248,.854,.458,-.966,-.184,-.18,-.069,-.488,.87);es="Linear";ed="In";};["000-offset.009"]={cf=cfr(0,0,0,-.598,-.658,.457,.5,-.752,-.429,.626,-.028,.779);es="Linear";ed="In";};["000-offset.012"]={cf=cfr(0,0,0,-.733,.041,-.679,-.161,-.98,.113,-.661,.192,.725);es="Linear";ed="In";};["000-offset.001"]={cf=cfr(0,0,0,.784,.517,-.342,-.525,.259,-.811,-.331,.816,.475);es="Linear";ed="In";};["000-offset.010"]={cf=cfr(0,0,0,.211,.977,0,-.977,.211,0,0,0,1);es="Linear";ed="In";};["000-offset.013"]={cf=cfr(0,0,0,-.125,.992,0,-.992,-.125,0,0,0,1);es="Linear";ed="In";};["004-offset"]={cf=cfr(0,0,0,.091,-.978,-.186,.929,.016,.37,-.359,-.206,.91);es="Linear";ed="In";};["002-offset"]={cf=cfr(0,0,0,.15,-.973,-.177,.986,.134,.1,-.074,-.19,.979);es="Linear";ed="In";};["000-offset.002"]={cf=cfr(0,0,0,.998,-.035,-.058,.061,.829,.555,.029,-.558,.83);es="Linear";ed="In";};["000-offset.011"]={cf=cfr(0,0,0,.081,-.987,.137,.997,.079,-.018,.007,.138,.99);es="Linear";ed="In";};["000-offset.014"]={cf=cfr(0,0,0,.14,-.987,-.077,.99,.141,-.007,.018,-.075,.997);es="Linear";ed="In";};["000-offset.006"]={cf=cfr(0,0,0,.555,-.831,.037,.738,.512,.44,-.384,-.216,.897);es="Linear";ed="In";};["000-offset.003"]={cf=cfr(0,0,0,-.258,-.964,.067,-.355,.03,-.935,.899,-.265,-.349);es="Linear";ed="In";};["000-offset.007"]={cf=cfr(0,0,0,.756,-.654,0,.654,.756,0,0,0,1);es="Linear";ed="In";};["000-offset.004"]={cf=cfr(0,0,0,.758,-.652,0,.652,.758,0,0,0,1);es="Linear";ed="In";};["000-offset.008"]={cf=cfr(0,0,0,.84,-.424,.339,.504,.841,-.197,-.201,.336,.92);es="Linear";ed="In";};["000-offset.005"]={cf=cfr(0,0,0,.907,-.391,-.157,.394,.919,-.01,.149,-.053,.988);es="Linear";ed="In";};};{tm=.583;["root"]={cf=cfr(.127,1.734,.761,0,0,1,0,1,0,-1,0,0);es="Linear";ed="In";};["000-offset"]={cf=cfr(0,0,0,-.228,.89,.395,-.973,-.193,-.127,-.037,-.413,.91);es="Linear";ed="In";};["000-offset.009"]={cf=cfr(0,0,0,-.597,-.599,.534,.499,-.798,-.337,.628,.065,.775);es="Linear";ed="In";};["000-offset.012"]={cf=cfr(0,0,0,-.778,-.048,-.626,-.028,-.993,.112,-.627,.104,.772);es="Linear";ed="In";};["000-offset.001"]={cf=cfr(0,0,0,.825,.506,-.252,-.49,.417,-.766,-.282,.755,.591);es="Linear";ed="In";};["000-offset.010"]={cf=cfr(0,0,0,.219,.976,0,-.976,.219,0,0,0,1);es="Linear";ed="In";};["000-offset.013"]={cf=cfr(0,0,0,-.078,.997,0,-.997,-.078,0,0,0,1);es="Linear";ed="In";};["004-offset"]={cf=cfr(0,0,0,.081,-.985,-.152,.954,.033,.298,-.289,-.169,.942);es="Linear";ed="In";};["002-offset"]={cf=cfr(0,0,0,.127,-.981,-.143,.99,.117,.077,-.059,-.152,.987);es="Linear";ed="In";};["000-offset.002"]={cf=cfr(0,0,0,.983,-.14,-.119,.183,.829,.529,.025,-.542,.84);es="Linear";ed="In";};["000-offset.011"]={cf=cfr(0,0,0,.062,-.99,.123,.998,.061,-.014,.006,.124,.992);es="Linear";ed="In";};["000-offset.014"]={cf=cfr(0,0,0,.078,-.993,-.088,.997,.079,-.009,.016,-.087,.996);es="Linear";ed="In";};["000-offset.006"]={cf=cfr(0,0,0,.57,-.819,.063,.664,.505,.551,-.483,-.273,.832);es="Linear";ed="In";};["000-offset.003"]={cf=cfr(0,0,0,-.193,-.98,-.036,-.225,.08,-.971,.955,-.18,-.236);es="Linear";ed="In";};["000-offset.007"]={cf=cfr(0,0,0,.584,-.812,0,.812,.584,0,0,0,1);es="Linear";ed="In";};["000-offset.004"]={cf=cfr(0,0,0,.671,-.742,0,.742,.671,0,0,0,1);es="Linear";ed="In";};["000-offset.008"]={cf=cfr(0,0,0,.877,-.405,.26,.454,.874,-.171,-.158,.268,.95);es="Linear";ed="In";};["000-offset.005"]={cf=cfr(0,0,0,.859,-.476,-.188,.451,.878,-.159,.241,.052,.969);es="Linear";ed="In";};};{tm=.625;["root"]={cf=cfr(.113,1.833,.62,0,0,1,0,1,0,-1,0,0);es="Linear";ed="In";};["000-offset"]={cf=cfr(0,0,0,-.193,.929,.317,-.981,-.177,-.078,-.016,-.326,.945);es="Linear";ed="In";};["000-offset.009"]={cf=cfr(0,0,0,-.589,-.528,.612,.515,-.828,-.22,.623,.186,.76);es="Linear";ed="In";};["000-offset.012"]={cf=cfr(0,0,0,-.796,-.162,-.583,.136,-.987,.089,-.59,-.008,.808);es="Linear";ed="In";};["000-offset.001"]={cf=cfr(0,0,0,.87,.47,-.151,-.44,.6,-.668,-.223,.648,.729);es="Linear";ed="In";};["000-offset.010"]={cf=cfr(0,0,0,.231,.973,0,-.973,.231,0,0,0,1);es="Linear";ed="In";};["000-offset.013"]={cf=cfr(0,0,0,.005,1,0,-1,.005,0,0,0,1);es="Linear";ed="In";};["004-offset"]={cf=cfr(0,0,0,.071,-.99,-.119,.973,.043,.229,-.221,-.132,.966);es="Linear";ed="In";};["002-offset"]={cf=cfr(0,0,0,.105,-.988,-.111,.993,.099,.057,-.045,-.116,.992);es="Linear";ed="In";};["000-offset.002"]={cf=cfr(0,0,0,.95,-.267,-.161,.311,.862,.402,.032,-.432,.902);es="Linear";ed="In";};["000-offset.011"]={cf=cfr(0,0,0,.046,-.994,.102,.999,.045,-.01,.005,.102,.995);es="Linear";ed="In";};["000-offset.014"]={cf=cfr(0,0,0,.029,-.995,-.092,.999,.03,-.011,.013,-.092,.996);es="Linear";ed="In";};["000-offset.006"]={cf=cfr(0,0,0,.569,-.816,.103,.591,.493,.639,-.572,-.303,.762);es="Linear";ed="In";};["000-offset.003"]={cf=cfr(0,0,0,-.081,-.988,-.131,-.099,.139,-.985,.992,-.067,-.109);es="Linear";ed="In";};["000-offset.007"]={cf=cfr(0,0,0,.406,-.914,0,.914,.406,0,0,0,1);es="Linear";ed="In";};["000-offset.004"]={cf=cfr(0,0,0,.559,-.829,0,.829,.559,0,0,0,1);es="Linear";ed="In";};["000-offset.008"]={cf=cfr(0,0,0,.904,-.382,.192,.41,.901,-.14,-.12,.205,.971);es="Linear";ed="In";};["000-offset.005"]={cf=cfr(0,0,0,.804,-.562,-.193,.497,.814,-.3,.326,.145,.934);es="Linear";ed="In";};};{tm=.667;["root"]={cf=cfr(.085,1.932,.479,0,0,1,0,1,0,-1,0,0);es="Linear";ed="In";};["000-offset"]={cf=cfr(0,0,0,-.149,.961,.232,-.989,-.144,-.039,-.004,-.235,.972);es="Linear";ed="In";};["000-offset.009"]={cf=cfr(0,0,0,-.566,-.479,.671,.556,-.823,-.119,.609,.306,.732);es="Linear";ed="In";};["000-offset.012"]={cf=cfr(0,0,0,-.778,-.277,-.563,.299,-.953,.056,-.552,-.125,.824);es="Linear";ed="In";};["000-offset.001"]={cf=cfr(0,0,0,.911,.408,-.066,-.381,.766,-.518,-.16,.497,.853);es="Linear";ed="In";};["000-offset.010"]={cf=cfr(0,0,0,.269,.963,0,-.963,.269,0,0,0,1);es="Linear";ed="In";};["000-offset.013"]={cf=cfr(0,0,0,.117,.993,0,-.993,.117,0,0,0,1);es="Linear";ed="In";};["004-offset"]={cf=cfr(0,0,0,.062,-.994,-.087,.985,.047,.166,-.16,-.096,.982);es="Linear";ed="In";};["002-offset"]={cf=cfr(0,0,0,.086,-.993,-.081,.996,.083,.04,-.033,-.084,.996);es="Linear";ed="In";};["000-offset.002"]={cf=cfr(0,0,0,.928,-.342,-.149,.371,.885,.283,.035,-.318,.948);es="Linear";ed="In";};["000-offset.011"]={cf=cfr(0,0,0,.031,-.996,.081,1,.03,-.007,.004,.081,.997);es="Linear";ed="In";};["000-offset.014"]={cf=cfr(0,0,0,.012,-.996,-.089,1,.013,-.011,.012,-.089,.996);es="Linear";ed="In";};["000-offset.006"]={cf=cfr(0,0,0,.527,-.839,.134,.544,.455,.705,-.653,-.299,.696);es="Linear";ed="In";};["000-offset.003"]={cf=cfr(0,0,0,.014,-.979,-.201,.017,.202,-.979,1,.01,.02);es="Linear";ed="In";};["000-offset.007"]={cf=cfr(0,0,0,.266,-.964,0,.964,.266,0,0,0,1);es="Linear";ed="In";};["000-offset.004"]={cf=cfr(0,0,0,.462,-.887,0,.887,.462,0,0,0,1);es="Linear";ed="In";};["000-offset.008"]={cf=cfr(0,0,0,.927,-.352,.132,.366,.924,-.106,-.084,.146,.986);es="Linear";ed="In";};["000-offset.005"]={cf=cfr(0,0,0,.772,-.608,-.184,.518,.77,-.371,.367,.192,.91);es="Linear";ed="In";};};{tm=.708;["root"]={cf=cfr(.056,2.059,.338,0,0,1,0,1,0,-1,0,0);es="Linear";ed="In";};["000-offset"]={cf=cfr(0,0,0,-.103,.984,.147,-.995,-.102,-.014,.001,-.148,.989);es="Linear";ed="In";};["000-offset.009"]={cf=cfr(0,0,0,-.505,-.467,.726,.641,-.766,-.046,.578,.442,.686);es="Linear";ed="In";};["000-offset.012"]={cf=cfr(0,0,0,-.719,-.397,-.571,.471,-.882,.019,-.511,-.256,.821);es="Linear";ed="In";};["000-offset.001"]={cf=cfr(0,0,0,.943,.334,-.015,-.319,.885,-.339,-.1,.324,.941);es="Linear";ed="In";};["000-offset.010"]={cf=cfr(0,0,0,.357,.934,0,-.934,.357,0,0,0,1);es="Linear";ed="In";};["000-offset.013"]={cf=cfr(0,0,0,.29,.957,0,-.957,.29,0,0,0,1);es="Linear";ed="In";};["004-offset"]={cf=cfr(0,0,0,.053,-.997,-.058,.993,.046,.107,-.104,-.063,.993);es="Linear";ed="In";};["002-offset"]={cf=cfr(0,0,0,.069,-.996,-.054,.997,.067,.025,-.022,-.056,.998);es="Linear";ed="In";};["000-offset.002"]={cf=cfr(0,0,0,.943,-.317,-.099,.331,.922,.202,.027,-.223,.974);es="Linear";ed="In";};["000-offset.011"]={cf=cfr(0,0,0,.014,-.998,.059,1,.014,-.004,.003,.059,.998);es="Linear";ed="In";};["000-offset.014"]={cf=cfr(0,0,0,.05,-.996,-.072,.999,.05,-.01,.014,-.071,.997);es="Linear";ed="In";};["000-offset.006"]={cf=cfr(0,0,0,.427,-.892,.151,.529,.382,.758,-.734,-.244,.634);es="Linear";ed="In";};["000-offset.003"]={cf=cfr(0,0,0,.097,-.962,-.255,.125,.265,-.956,.987,.061,.146);es="Linear";ed="In";};["000-offset.007"]={cf=cfr(0,0,0,.193,-.981,0,.981,.193,0,0,0,1);es="Linear";ed="In";};["000-offset.004"]={cf=cfr(0,0,0,.388,-.922,0,.922,.388,0,0,0,1);es="Linear";ed="In";};["000-offset.008"]={cf=cfr(0,0,0,.945,-.319,.078,.324,.943,-.069,-.052,.091,.995);es="Linear";ed="In";};["000-offset.005"]={cf=cfr(0,0,0,.788,-.589,-.181,.513,.79,-.337,.342,.173,.924);es="Linear";ed="In";};};{tm=.75;["root"]={cf=cfr(.028,2.214,.183,0,0,1,0,1,0,-1,0,0);es="Linear";ed="In";};["000-offset"]={cf=cfr(0,0,0,-.06,.995,.074,-.998,-.06,-.002,.002,-.074,.997);es="Linear";ed="In";};["000-offset.009"]={cf=cfr(0,0,0,-.4,-.455,.796,.747,-.665,-.005,.531,.592,.606);es="Linear";ed="In";};["000-offset.012"]={cf=cfr(0,0,0,-.61,-.503,-.612,.642,-.767,-.008,-.466,-.398,.791);es="Linear";ed="In";};["000-offset.001"]={cf=cfr(0,0,0,.964,.267,.004,-.263,.95,-.169,-.049,.162,.986);es="Linear";ed="In";};["000-offset.010"]={cf=cfr(0,0,0,.471,.882,0,-.882,.471,0,0,0,1);es="Linear";ed="In";};["000-offset.013"]={cf=cfr(0,0,0,.501,.866,0,-.866,.501,0,0,0,1);es="Linear";ed="In";};["004-offset"]={cf=cfr(0,0,0,.044,-.999,-.03,.998,.043,.055,-.053,-.032,.998);es="Linear";ed="In";};["002-offset"]={cf=cfr(0,0,0,.053,-.998,-.028,.999,.052,.013,-.011,-.029,1);es="Linear";ed="In";};["000-offset.002"]={cf=cfr(0,0,0,.972,-.231,-.043,.234,.966,.112,.015,-.119,.993);es="Linear";ed="In";};["000-offset.011"]={cf=cfr(0,0,0,-.001,-.999,.033,1,-.001,-.002,.002,.033,.999);es="Linear";ed="In";};["000-offset.014"]={cf=cfr(0,0,0,.125,-.991,-.043,.992,.126,-.011,.016,-.042,.999);es="Linear";ed="In";};["000-offset.006"]={cf=cfr(0,0,0,.299,-.941,.159,.509,.298,.808,-.808,-.16,.568);es="Linear";ed="In";};["000-offset.003"]={cf=cfr(0,0,0,.167,-.941,-.294,.243,.328,-.913,.955,.081,.284);es="Linear";ed="In";};["000-offset.007"]={cf=cfr(0,0,0,.173,-.985,0,.985,.173,0,0,0,1);es="Linear";ed="In";};["000-offset.004"]={cf=cfr(0,0,0,.321,-.947,0,.947,.321,0,0,0,1);es="Linear";ed="In";};["000-offset.008"]={cf=cfr(0,0,0,.956,-.29,.037,.291,.956,-.035,-.025,.045,.999);es="Linear";ed="In";};["000-offset.005"]={cf=cfr(0,0,0,.83,-.53,-.176,.487,.841,-.236,.273,.111,.956);es="Linear";ed="In";};};{tm=.792;["root"]={cf=cfr(0,2.341,.07,0,0,1,0,1,0,-1,0,0);es="Linear";ed="In";};["000-offset"]={cf=cfr(0,0,0,-.029,.999,.022,-1,-.029,0,.001,-.022,1);es="Linear";ed="In";};["000-offset.009"]={cf=cfr(0,0,0,-.285,-.426,.859,.825,-.565,-.006,.488,.707,.512);es="Linear";ed="In";};["000-offset.012"]={cf=cfr(0,0,0,-.489,-.563,-.667,.76,-.65,-.009,-.429,-.511,.745);es="Linear";ed="In";};["000-offset.001"]={cf=cfr(0,0,0,.975,.223,.003,-.223,.974,-.046,-.013,.045,.999);es="Linear";ed="In";};["000-offset.010"]={cf=cfr(0,0,0,.567,.824,0,-.824,.567,0,0,0,1);es="Linear";ed="In";};["000-offset.013"]={cf=cfr(0,0,0,.666,.746,0,-.746,.666,0,0,0,1);es="Linear";ed="In";};["004-offset"]={cf=cfr(0,0,0,.038,-.999,-.009,.999,.038,.017,-.016,-.01,1);es="Linear";ed="In";};["002-offset"]={cf=cfr(0,0,0,.041,-.999,-.009,.999,.041,.004,-.004,-.009,1);es="Linear";ed="In";};["000-offset.002"]={cf=cfr(0,0,0,.991,-.134,-.009,.135,.99,.034,.005,-.035,.999);es="Linear";ed="In";};["000-offset.011"]={cf=cfr(0,0,0,-.013,-1,.01,1,-.013,0,0,.01,1);es="Linear";ed="In";};["000-offset.014"]={cf=cfr(0,0,0,.201,-.979,-.017,.979,.201,-.015,.019,-.014,1);es="Linear";ed="In";};["000-offset.006"]={cf=cfr(0,0,0,.194,-.969,.155,.474,.231,.85,-.859,-.092,.504);es="Linear";ed="In";};["000-offset.003"]={cf=cfr(0,0,0,.206,-.926,-.318,.343,.372,-.862,.916,.069,.394);es="Linear";ed="In";};["000-offset.007"]={cf=cfr(0,0,0,.182,-.983,0,.983,.182,0,0,0,1);es="Linear";ed="In";};["000-offset.004"]={cf=cfr(0,0,0,.272,-.962,0,.962,.272,0,0,0,1);es="Linear";ed="In";};["000-offset.008"]={cf=cfr(0,0,0,.963,-.269,.011,.269,.963,-.011,-.007,.013,1);es="Linear";ed="In";};["000-offset.005"]={cf=cfr(0,0,0,.869,-.468,-.158,.452,.883,-.127,.199,.039,.979);es="Linear";ed="In";};};{tm=.833;["RootNode"]={cf=cfr(0,0,0,-1,0,0,0,1,0,0,0,-1);es="Linear";ed="In";};["root"]={cf=cfr(0,2.397,.014,0,0,1,0,1,0,-1,0,0);es="Linear";ed="In";};["000-offset"]={cf=cfr(0,0,0,-.016,1,0,-1,-.016,0,0,0,1);es="Linear";ed="In";};["004-offset.001"]={cf=cfr(0,0,0,-.015,-1,0,1,-.015,0,0,0,1);es="Linear";ed="In";};["006-offset"]={cf=cfr(0,0,0,-.015,-1,0,1,-.015,0,0,0,1);es="Linear";ed="In";};["000-offset.009"]={cf=cfr(0,0,0,-.224,-.403,.887,.856,-.517,-.019,.466,.755,.461);es="Linear";ed="In";};["000-offset.012"]={cf=cfr(0,0,0,-.425,-.579,-.696,.806,-.592,0,-.411,-.561,.718);es="Linear";ed="In";};["000-offset.001"]={cf=cfr(0,0,0,.978,.207,0,-.207,.978,0,0,0,1);es="Linear";ed="In";};["000-offset.010"]={cf=cfr(0,0,0,.611,.792,0,-.792,.611,0,0,0,1);es="Linear";ed="In";};["000-offset.013"]={cf=cfr(0,0,0,.736,.677,0,-.677,.736,0,0,0,1);es="Linear";ed="In";};["004-offset"]={cf=cfr(0,0,0,.035,-.999,0,.999,.035,0,0,0,1);es="Linear";ed="In";};["002-offset"]={cf=cfr(0,0,0,.035,-.999,0,.999,.035,0,0,0,1);es="Linear";ed="In";};["000-offset.002"]={cf=cfr(0,0,0,.996,-.089,0,.089,.996,0,0,0,1);es="Linear";ed="In";};["000-offset.011"]={cf=cfr(0,0,0,-.018,-1,0,1,-.018,0,0,0,1);es="Linear";ed="In";};["000-offset.014"]={cf=cfr(0,0,0,.239,-.971,-.005,.971,.239,-.019,.02,0,1);es="Linear";ed="In";};["000-offset.006"]={cf=cfr(0,0,0,.149,-.977,.15,.451,.202,.869,-.88,-.062,.471);es="Linear";ed="In";};["000-offset.003"]={cf=cfr(0,0,0,.217,-.92,-.328,.39,.389,-.835,.895,.054,.443);es="Linear";ed="In";};["000-offset.007"]={cf=cfr(0,0,0,.192,-.981,0,.981,.192,0,0,0,1);es="Linear";ed="In";};["000-offset.004"]={cf=cfr(0,0,0,.251,-.968,0,.968,.251,0,0,0,1);es="Linear";ed="In";};["000-offset.008"]={cf=cfr(0,0,0,.966,-.26,0,.26,.966,0,0,0,1);es="Linear";ed="In";};["000-offset.005"]={cf=cfr(0,0,0,.888,-.438,-.143,.432,.899,-.07,.16,0,.987);es="Linear";ed="In";};};}