local cfr = CFrame.new

return {{tm=0;["Head"]={cf=cfr(0,0,0,.998,-.012,-.066,.065,.437,.897,.018,-.899,.437);es="Linear";ed="In";};["LeftUpperArm"]={cf=cfr(0,0,0,.985,-.174,0,.133,.754,.643,-.112,-.633,.766);es="Sine";ed="In";};["RightUpperArm"]={cf=cfr(0,0,0,.985,.174,0,-.133,.754,.643,.112,-.633,.766);es="Sine";ed="In";};["LeftUpperLeg"]={cf=cfr(0,0,0,.878,.419,.229,.081,.342,-.936,-.471,.841,.266);es="Sine";ed="In";};["RightUpperLeg"]={cf=cfr(0,0,0,.859,-.472,-.197,-.037,.327,-.944,.51,.819,.264);es="Sine";ed="In";};["UpperTorso"]={cf=cfr(0,0,-.015,1,.012,-.018,-.009,.988,.157,.019,-.157,.987);es="Sine";ed="In";};["LeftFoot"]={cf=cfr(0,0,0,1,0,0,0,1,0,0,0,1);es="Linear";ed="In";};["RightLowerArm"]={cf=cfr(0,0,0,1,0,0,0,.94,-.342,0,.342,.94);es="Sine";ed="In";};["LowerTorso"]={cf=cfr(0,-2.187,2.311,1,0,0,0,.833,-.553,0,.553,.833);es="Sine";ed="In";};["RightFoot"]={cf=cfr(0,0,0,1,0,0,0,1,0,0,0,1);es="Linear";ed="In";};["RightLowerLeg"]={cf=cfr(0,0,0,1,0,0,0,.985,.174,0,-.174,.985);es="Sine";ed="In";};["LeftLowerLeg"]={cf=cfr(0,0,0,1,0,0,0,.94,.342,0,-.342,.94);es="Sine";ed="In";};["LeftLowerArm"]={cf=cfr(0,0,0,1,0,0,0,.94,-.342,0,.342,.94);es="Sine";ed="In";};["LeftHand"]={cf=cfr(0,0,0,1,0,0,0,1,0,0,0,1);es="Linear";ed="In";};["RightHand"]={cf=cfr(0,0,0,1,0,0,0,1,0,0,0,1);es="Linear";ed="In";};};{tm=.017;["RightUpperArm"]={cf=cfr(-.001,-.002,.001,.985,.172,0,-.132,.755,.642,.11,-.633,.767);es="Linear";ed="In";};["LeftUpperArm"]={cf=cfr(.001,-.002,.001,.985,-.172,0,.132,.755,.642,-.111,-.633,.767);es="Linear";ed="In";};["UpperTorso"]={cf=cfr(0,0,-.015,1,.012,-.018,-.009,.988,.156,.019,-.156,.988);es="Linear";ed="In";};["RightUpperLeg"]={cf=cfr(0,0,0,.86,-.472,-.195,-.037,.324,-.945,.51,.82,.261);es="Linear";ed="In";};["LeftUpperLeg"]={cf=cfr(.001,0,.001,.878,.421,.227,.08,.338,-.938,-.471,.842,.263);es="Linear";ed="In";};["RightLowerArm"]={cf=cfr(0,0,0,1,0,0,0,.94,-.342,0,.342,.94);es="Linear";ed="In";};["LowerTorso"]={cf=cfr(0,-2.186,2.311,1,0,0,0,.834,-.551,0,.551,.834);es="Linear";ed="In";};["RightLowerLeg"]={cf=cfr(0,.001,-.001,1,0,0,0,.984,.179,0,-.179,.984);es="Linear";ed="In";};["LeftLowerLeg"]={cf=cfr(0,.001,-.002,1,0,0,0,.937,.348,0,-.348,.937);es="Linear";ed="In";};["LeftLowerArm"]={cf=cfr(0,0,0,1,0,0,0,.94,-.342,0,.342,.94);es="Linear";ed="In";};};{tm=.033;["RightUpperArm"]={cf=cfr(-.003,-.008,.003,.986,.169,.001,-.131,.757,.64,.107,-.631,.768);es="Linear";ed="In";};["LeftUpperArm"]={cf=cfr(.003,-.008,.003,.986,-.169,-.001,.131,.757,.64,-.107,-.631,.768);es="Linear";ed="In";};["UpperTorso"]={cf=cfr(0,0,-.015,1,.011,-.018,-.009,.988,.154,.019,-.154,.988);es="Linear";ed="In";};["RightUpperLeg"]={cf=cfr(-.001,0,.001,.86,-.473,-.19,-.037,.314,-.949,.508,.823,.253);es="Linear";ed="In";};["LeftUpperLeg"]={cf=cfr(.004,-.001,.003,.878,.426,.219,.078,.325,-.943,-.472,.845,.252);es="Linear";ed="In";};["RightLowerArm"]={cf=cfr(0,0,0,1,0,0,0,.939,-.344,0,.344,.939);es="Linear";ed="In";};["LowerTorso"]={cf=cfr(0,-2.185,2.311,1,0,0,0,.836,-.548,0,.548,.836);es="Linear";ed="In";};["RightLowerLeg"]={cf=cfr(0,.005,-.003,1,0,0,0,.981,.193,0,-.193,.981);es="Linear";ed="In";};["LeftLowerLeg"]={cf=cfr(0,.006,-.008,1,0,0,0,.93,.367,0,-.367,.93);es="Linear";ed="In";};["LeftLowerArm"]={cf=cfr(0,0,0,1,0,0,0,.94,-.341,0,.341,.94);es="Linear";ed="In";};};{tm=.05;["RightUpperArm"]={cf=cfr(-.007,-.017,.007,.987,.163,.003,-.128,.76,.637,.101,-.629,.771);es="Linear";ed="In";};["LeftUpperArm"]={cf=cfr(.008,-.017,.007,.987,-.163,-.003,.128,.76,.637,-.102,-.629,.771);es="Linear";ed="In";};["UpperTorso"]={cf=cfr(0,-.001,-.015,1,.011,-.018,-.009,.989,.151,.019,-.151,.988);es="Linear";ed="In";};["RightUpperLeg"]={cf=cfr(-.003,-.001,.002,.861,-.474,-.181,-.036,.299,-.954,.507,.828,.24);es="Linear";ed="In";};["LeftUpperLeg"]={cf=cfr(.008,-.002,.006,.877,.434,.206,.073,.303,-.95,-.474,.849,.234);es="Linear";ed="In";};["RightLowerArm"]={cf=cfr(0,0,0,1,0,0,0,.938,-.346,0,.346,.938);es="Linear";ed="In";};["LowerTorso"]={cf=cfr(0,-2.183,2.312,1,0,0,0,.84,-.543,0,.543,.84);es="Linear";ed="In";};["RightLowerLeg"]={cf=cfr(0,.01,-.007,1,0,0,0,.976,.217,0,-.217,.976);es="Linear";ed="In";};["LeftLowerLeg"]={cf=cfr(0,.013,-.018,1,0,0,0,.917,.398,0,-.398,.917);es="Linear";ed="In";};["LeftLowerArm"]={cf=cfr(0,0,0,1,0,0,0,.94,-.34,0,.34,.94);es="Linear";ed="In";};};{tm=.067;["RightUpperArm"]={cf=cfr(-.013,-.03,.012,.988,.155,.006,-.124,.764,.633,.094,-.626,.774);es="Linear";ed="In";};["LeftUpperArm"]={cf=cfr(.013,-.03,.012,.988,-.155,-.006,.124,.764,.633,-.094,-.626,.774);es="Linear";ed="In";};["UpperTorso"]={cf=cfr(0,-.001,-.015,1,.011,-.018,-.008,.989,.146,.019,-.146,.989);es="Linear";ed="In";};["RightUpperLeg"]={cf=cfr(-.006,-.002,.004,.863,-.476,-.169,-.036,.277,-.96,.504,.835,.222);es="Linear";ed="In";};["LeftUpperLeg"]={cf=cfr(.013,-.003,.011,.876,.444,.188,.067,.273,-.96,-.477,.853,.209);es="Linear";ed="In";};["RightLowerArm"]={cf=cfr(0,0,0,1,0,0,0,.937,-.349,0,.349,.937);es="Linear";ed="In";};["LowerTorso"]={cf=cfr(0,-2.181,2.313,1,0,0,0,.845,-.535,0,.535,.845);es="Linear";ed="In";};["RightLowerLeg"]={cf=cfr(0,.017,-.013,1,0,0,0,.968,.251,0,-.251,.968);es="Linear";ed="In";};["LeftLowerLeg"]={cf=cfr(0,.021,-.032,1,0,0,0,.898,.44,0,-.44,.898);es="Linear";ed="In";};["LeftLowerArm"]={cf=cfr(0,0,0,1,0,0,0,.941,-.339,0,.339,.941);es="Linear";ed="In";};};{tm=.083;["RightUpperArm"]={cf=cfr(-.02,-.047,.018,.989,.145,.009,-.118,.769,.628,.084,-.622,.778);es="Linear";ed="In";};["LeftUpperArm"]={cf=cfr(.02,-.047,.018,.989,-.145,-.009,.118,.769,.628,-.084,-.622,.778);es="Linear";ed="In";};["UpperTorso"]={cf=cfr(0,-.001,-.015,1,.011,-.018,-.008,.99,.141,.019,-.14,.99);es="Linear";ed="In";};["RightUpperLeg"]={cf=cfr(-.008,-.003,.005,.865,-.477,-.154,-.035,.248,-.968,.5,.843,.198);es="Linear";ed="In";};["LeftUpperLeg"]={cf=cfr(.02,-.005,.016,.875,.456,.164,.06,.234,-.97,-.481,.858,.177);es="Linear";ed="In";};["RightLowerArm"]={cf=cfr(0,0,0,1,0,0,0,.936,-.353,0,.353,.936);es="Linear";ed="In";};["LowerTorso"]={cf=cfr(0,-2.177,2.314,1,0,0,0,.851,-.525,0,.525,.851);es="Linear";ed="In";};["RightLowerLeg"]={cf=cfr(0,.025,-.019,1,0,0,0,.956,.293,0,-.293,.956);es="Linear";ed="In";};["LeftLowerLeg"]={cf=cfr(0,.031,-.049,1,0,0,0,.87,.493,0,-.493,.87);es="Linear";ed="In";};["LeftLowerArm"]={cf=cfr(0,0,0,1,0,0,0,.941,-.337,0,.337,.941);es="Linear";ed="In";};};{tm=.1;["RightUpperArm"]={cf=cfr(-.028,-.067,.026,.991,.132,.013,-.112,.775,.622,.072,-.618,.783);es="Linear";ed="In";};["LeftUpperArm"]={cf=cfr(.029,-.067,.026,.991,-.133,-.013,.112,.775,.622,-.073,-.617,.783);es="Linear";ed="In";};["UpperTorso"]={cf=cfr(0,-.002,-.014,1,.011,-.018,-.008,.991,.134,.019,-.133,.991);es="Linear";ed="In";};["RightUpperLeg"]={cf=cfr(-.012,-.004,.006,.867,-.479,-.136,-.034,.214,-.976,.496,.851,.169);es="Linear";ed="In";};["LeftUpperLeg"]={cf=cfr(.028,-.008,.021,.872,.47,.135,.051,.187,-.981,-.486,.863,.139);es="Linear";ed="In";};["RightLowerArm"]={cf=cfr(0,.001,0,1,0,0,0,.934,-.357,0,.357,.934);es="Linear";ed="In";};["LowerTorso"]={cf=cfr(0,-2.173,2.315,1,0,0,0,.858,-.513,0,.513,.858);es="Linear";ed="In";};["RightLowerLeg"]={cf=cfr(0,.034,-.027,1,0,0,0,.939,.343,0,-.343,.939);es="Linear";ed="In";};["LeftLowerLeg"]={cf=cfr(0,.041,-.068,1,0,0,0,.833,.554,0,-.554,.833);es="Linear";ed="In";};["LeftLowerArm"]={cf=cfr(0,0,0,1,0,0,0,.942,-.335,0,.335,.942);es="Linear";ed="In";};};{tm=.117;["UpperTorso"]={cf=cfr(0,-.002,-.014,1,.01,-.018,-.008,.992,.126,.02,-.125,.992);es="Linear";ed="In";};["RightUpperLeg"]={cf=cfr(-.015,-.006,.007,.87,-.479,-.114,-.033,.174,-.984,.492,.86,.136);es="Linear";ed="In";};["LeftUpperLeg"]={cf=cfr(.035,-.011,.025,.869,.484,.101,.042,.131,-.991,-.492,.865,.094);es="Linear";ed="In";};["RightLowerArm"]={cf=cfr(0,.001,0,1,0,0,0,.932,-.362,0,.362,.932);es="Linear";ed="In";};["LowerTorso"]={cf=cfr(0,-2.168,2.317,1,0,0,0,.867,-.499,0,.499,.867);es="Linear";ed="In";};["RightLowerLeg"]={cf=cfr(0,.043,-.035,1,0,0,0,.917,.4,0,-.4,.917);es="Linear";ed="In";};["LeftLowerLeg"]={cf=cfr(0,.05,-.089,1,0,0,0,.784,.621,0,-.621,.784);es="Linear";ed="In";};["LeftLowerArm"]={cf=cfr(0,.001,0,1,0,0,0,.943,-.333,0,.333,.943);es="Linear";ed="In";};["LeftUpperArm"]={cf=cfr(.039,-.091,.035,.993,-.119,-.017,.104,.782,.614,-.059,-.611,.789);es="Linear";ed="In";};["RightUpperArm"]={cf=cfr(-.037,-.091,.035,.993,.118,.018,-.104,.782,.614,.058,-.612,.789);es="Linear";ed="In";};["Head"]={cf=cfr(.006,-.088,.061,.998,-.049,-.031,.053,.982,.184,.021,-.185,.982);es="Sine";ed="In";};};{tm=.133;["RightUpperArm"]={cf=cfr(-.048,-.119,.046,.995,.102,.024,-.095,.79,.606,.042,-.605,.795);es="Linear";ed="In";};["LeftUpperArm"]={cf=cfr(.05,-.119,.046,.994,-.103,-.023,.095,.79,.606,-.044,-.604,.795);es="Linear";ed="In";};["Head"]={cf=cfr(.006,-.087,.061,.998,-.048,-.031,.053,.981,.187,.021,-.188,.982);es="Linear";ed="In";};["UpperTorso"]={cf=cfr(0,-.003,-.014,1,.01,-.019,-.008,.993,.116,.02,-.116,.993);es="Linear";ed="In";};["RightUpperLeg"]={cf=cfr(-.018,-.008,.008,.873,-.479,-.09,-.032,.128,-.991,.486,.868,.097);es="Linear";ed="In";};["LeftUpperLeg"]={cf=cfr(.043,-.016,.029,.865,.497,.061,.031,.067,-.997,-.5,.865,.042);es="Linear";ed="In";};["RightLowerArm"]={cf=cfr(0,.001,.001,1,0,0,0,.93,-.368,0,.368,.93);es="Linear";ed="In";};["LowerTorso"]={cf=cfr(0,-2.163,2.318,1,0,0,0,.876,-.483,0,.483,.876);es="Linear";ed="In";};["RightLowerLeg"]={cf=cfr(0,.051,-.044,1,0,0,0,.887,.462,0,-.462,.887);es="Linear";ed="In";};["LeftLowerLeg"]={cf=cfr(0,.058,-.11,1,0,0,0,.722,.692,0,-.692,.722);es="Linear";ed="In";};["LeftLowerArm"]={cf=cfr(0,.001,0,1,0,0,0,.944,-.33,0,.33,.944);es="Linear";ed="In";};};{tm=.15;["RightUpperArm"]={cf=cfr(-.059,-.149,.058,.996,.083,.031,-.085,.798,.596,.025,-.596,.802);es="Linear";ed="In";};["LeftUpperArm"]={cf=cfr(.062,-.149,.058,.996,-.085,-.029,.085,.798,.596,-.027,-.596,.802);es="Linear";ed="In";};["Head"]={cf=cfr(.005,-.086,.059,.998,-.047,-.03,.052,.979,.197,.02,-.199,.98);es="Linear";ed="In";};["UpperTorso"]={cf=cfr(0,-.003,-.014,1,.01,-.019,-.008,.994,.106,.02,-.106,.994);es="Linear";ed="In";};["RightUpperLeg"]={cf=cfr(-.02,-.011,.007,.876,-.477,-.063,-.029,.077,-.997,.481,.875,.053);es="Linear";ed="In";};["LeftUpperLeg"]={cf=cfr(.05,-.021,.031,.861,.509,.015,.02,-.005,-1,-.509,.861,-.014);es="Linear";ed="In";};["RightLowerArm"]={cf=cfr(0,.001,.001,1,0,0,0,.927,-.375,0,.375,.927);es="Linear";ed="In";};["LowerTorso"]={cf=cfr(0,-2.157,2.32,1,0,0,0,.886,-.465,0,.465,.886);es="Linear";ed="In";};["RightLowerLeg"]={cf=cfr(0,.058,-.052,1,0,0,0,.848,.529,0,-.529,.848);es="Linear";ed="In";};["LeftLowerLeg"]={cf=cfr(0,.063,-.13,1,0,0,0,.646,.763,0,-.763,.646);es="Linear";ed="In";};["LeftLowerArm"]={cf=cfr(0,.001,.001,1,0,0,0,.945,-.327,0,.327,.945);es="Linear";ed="In";};};{tm=.167;["RightUpperArm"]={cf=cfr(-.071,-.183,.071,.997,.064,.038,-.074,.807,.586,.006,-.587,.81);es="Linear";ed="In";};["LeftUpperArm"]={cf=cfr(.075,-.183,.071,.997,-.065,-.036,.074,.807,.586,-.009,-.587,.81);es="Linear";ed="In";};["Head"]={cf=cfr(.005,-.084,.057,.999,-.044,-.029,.049,.976,.214,.019,-.215,.976);es="Linear";ed="In";};["UpperTorso"]={cf=cfr(0,-.003,-.014,1,.009,-.019,-.007,.995,.095,.02,-.095,.995);es="Linear";ed="In";};["RightUpperLeg"]={cf=cfr(-.023,-.014,.004,.88,-.474,-.033,-.027,.021,-.999,.474,.88,.006);es="Linear";ed="In";};["LeftUpperLeg"]={cf=cfr(.055,-.026,.031,.855,.518,-.035,.009,-.083,-.997,-.519,.851,-.075);es="Linear";ed="In";};["RightLowerArm"]={cf=cfr(0,.001,.001,1,0,0,0,.924,-.382,0,.382,.924);es="Linear";ed="In";};["LowerTorso"]={cf=cfr(0,-2.15,2.323,1,0,0,0,.896,-.445,0,.445,.896);es="Linear";ed="In";};["RightLowerLeg"]={cf=cfr(0,.062,-.06,1,0,0,0,.801,.599,0,-.599,.801);es="Linear";ed="In";};["LeftLowerLeg"]={cf=cfr(0,.065,-.147,1,0,0,0,.555,.832,0,-.832,.555);es="Linear";ed="In";};["LeftLowerArm"]={cf=cfr(0,.001,.001,1,0,0,0,.946,-.324,0,.324,.946);es="Linear";ed="In";};};{tm=.183;["RightUpperArm"]={cf=cfr(-.084,-.219,.085,.998,.043,.047,-.062,.816,.575,-.014,-.576,.817);es="Linear";ed="In";};["LeftUpperArm"]={cf=cfr(.088,-.22,.086,.998,-.045,-.044,.062,.816,.575,.01,-.576,.817);es="Linear";ed="In";};["Head"]={cf=cfr(.004,-.08,.054,.999,-.041,-.028,.046,.971,.236,.017,-.237,.971);es="Linear";ed="In";};["UpperTorso"]={cf=cfr(0,-.004,-.014,1,.009,-.019,-.007,.997,.083,.02,-.083,.996);es="Linear";ed="In";};["RightUpperLeg"]={cf=cfr(-.024,-.017,0,.884,-.468,-.002,-.023,-.04,-.999,.468,.883,-.046);es="Linear";ed="In";};["LeftUpperLeg"]={cf=cfr(.059,-.032,.028,.847,.523,-.09,-.002,-.166,-.986,-.531,.836,-.14);es="Linear";ed="In";};["RightLowerArm"]={cf=cfr(0,.002,.001,1,0,0,0,.921,-.39,0,.39,.921);es="Linear";ed="In";};["LowerTorso"]={cf=cfr(0,-2.143,2.325,1,0,0,0,.906,-.423,0,.423,.906);es="Linear";ed="In";};["RightLowerLeg"]={cf=cfr(0,.064,-.066,1,0,0,0,.744,.669,0,-.669,.744);es="Linear";ed="In";};["LeftLowerLeg"]={cf=cfr(0,.063,-.161,1,0,0,0,.449,.894,0,-.894,.449);es="Linear";ed="In";};["LeftLowerArm"]={cf=cfr(0,.001,.001,1,0,0,0,.947,-.32,0,.32,.947);es="Linear";ed="In";};};{tm=.2;["RightUpperArm"]={cf=cfr(-.097,-.259,.101,.998,.02,.056,-.048,.825,.563,-.035,-.565,.825);es="Linear";ed="In";};["LeftUpperArm"]={cf=cfr(.102,-.259,.101,.998,-.023,-.053,.049,.825,.563,.031,-.565,.825);es="Linear";ed="In";};["Head"]={cf=cfr(.004,-.075,.049,.999,-.037,-.026,.042,.963,.264,.015,-.265,.964);es="Linear";ed="In";};["UpperTorso"]={cf=cfr(0,-.004,-.014,1,.008,-.019,-.007,.998,.07,.02,-.07,.997);es="Linear";ed="In";};["RightUpperLeg"]={cf=cfr(-.024,-.021,-.006,.887,-.46,.031,-.019,-.104,-.994,.461,.882,-.101);es="Linear";ed="In";};["LeftUpperLeg"]={cf=cfr(.06,-.037,.022,.839,.524,-.148,-.012,-.254,-.967,-.544,.813,-.207);es="Linear";ed="In";};["RightLowerArm"]={cf=cfr(0,.002,.001,1,0,0,0,.917,-.398,0,.398,.917);es="Linear";ed="In";};["LowerTorso"]={cf=cfr(0,-2.134,2.328,1,0,0,0,.917,-.399,0,.399,.917);es="Linear";ed="In";};["RightLowerLeg"]={cf=cfr(0,.064,-.069,1,0,0,0,.676,.737,0,-.737,.676);es="Linear";ed="In";};["LeftLowerLeg"]={cf=cfr(0,.057,-.168,1,0,0,0,.329,.944,0,-.944,.329);es="Linear";ed="In";};["LeftLowerArm"]={cf=cfr(0,.002,.001,1,0,0,0,.949,-.317,0,.317,.949);es="Linear";ed="In";};};{tm=.217;["RightUpperArm"]={cf=cfr(-.11,-.301,.117,.998,-.003,.066,-.034,.834,.551,-.056,-.552,.832);es="Linear";ed="In";};["LeftUpperArm"]={cf=cfr(.116,-.301,.117,.998,0,-.062,.034,.834,.551,.052,-.552,.832);es="Linear";ed="In";};["Head"]={cf=cfr(.003,-.069,.044,.999,-.032,-.023,.038,.954,.297,.013,-.298,.954);es="Linear";ed="In";};["UpperTorso"]={cf=cfr(0,-.004,-.014,1,.008,-.02,-.007,.998,.057,.02,-.056,.998);es="Linear";ed="In";};["RightUpperLeg"]={cf=cfr(-.024,-.024,-.014,.891,-.45,.065,-.014,-.17,-.985,.454,.877,-.158);es="Linear";ed="In";};["LeftUpperLeg"]={cf=cfr(.059,-.042,.012,.829,.518,-.209,-.021,-.344,-.939,-.558,.783,-.274);es="Linear";ed="In";};["RightLowerArm"]={cf=cfr(0,.002,.001,1,0,0,0,.914,-.407,0,.407,.914);es="Linear";ed="In";};["LowerTorso"]={cf=cfr(0,-2.126,2.331,1,0,0,0,.927,-.375,0,.375,.927);es="Linear";ed="In";};["RightLowerLeg"]={cf=cfr(0,.06,-.07,1,0,0,0,.598,.802,0,-.802,.598);es="Linear";ed="In";};["LeftLowerLeg"]={cf=cfr(0,.049,-.168,1,0,0,0,.197,.98,0,-.98,.197);es="Linear";ed="In";};["LeftLowerArm"]={cf=cfr(0,.002,.001,1,0,0,0,.95,-.313,0,.313,.95);es="Linear";ed="In";};};{tm=.233;["RightUpperArm"]={cf=cfr(-.123,-.345,.134,.997,-.027,.076,-.018,.843,.538,-.079,-.537,.84);es="Linear";ed="In";};["LeftUpperArm"]={cf=cfr(.13,-.345,.134,.997,.024,-.073,.019,.843,.538,.074,-.538,.84);es="Linear";ed="In";};["Head"]={cf=cfr(.002,-.06,.037,.999,-.027,-.021,.032,.942,.334,.011,-.334,.942);es="Linear";ed="In";};["UpperTorso"]={cf=cfr(0,-.003,-.014,1,.007,-.02,-.006,.999,.043,.02,-.042,.999);es="Linear";ed="In";};["RightUpperLeg"]={cf=cfr(-.022,-.027,-.024,.894,-.436,.1,-.009,-.239,-.971,.447,.868,-.218);es="Linear";ed="In";};["LeftUpperLeg"]={cf=cfr(.054,-.045,-.001,.818,.507,-.271,-.029,-.435,-.9,-.574,.745,-.341);es="Linear";ed="In";};["RightLowerArm"]={cf=cfr(0,.002,.001,1,0,0,0,.91,-.415,0,.415,.91);es="Linear";ed="In";};["LowerTorso"]={cf=cfr(0,-2.117,2.334,1,0,0,0,.937,-.348,0,.348,.937);es="Linear";ed="In";};["RightLowerLeg"]={cf=cfr(0,.053,-.066,1,0,0,0,.51,.86,0,-.86,.51);es="Linear";ed="In";};["LeftLowerLeg"]={cf=cfr(0,.039,-.159,1,0,0,0,.055,.998,0,-.998,.055);es="Linear";ed="In";};["LeftLowerArm"]={cf=cfr(0,.002,.001,1,0,0,0,.951,-.308,0,.308,.951);es="Linear";ed="In";};};{tm=.25;["RightUpperArm"]={cf=cfr(-.136,-.391,.152,.995,-.052,.088,-.002,.851,.524,-.102,-.522,.847);es="Linear";ed="In";};["LeftUpperArm"]={cf=cfr(.144,-.391,.152,.995,.048,-.083,.003,.851,.524,.096,-.522,.847);es="Linear";ed="In";};["Head"]={cf=cfr(.001,-.048,.03,1,-.021,-.017,.026,.927,.374,.008,-.374,.927);es="Linear";ed="In";};["UpperTorso"]={cf=cfr(0,-.003,-.014,1,.007,-.02,-.006,1,.028,.02,-.028,.999);es="Linear";ed="In";};["RightUpperLeg"]={cf=cfr(-.018,-.03,-.038,.898,-.42,.134,-.002,-.309,-.951,.44,.854,-.278);es="Linear";ed="In";};["LeftUpperLeg"]={cf=cfr(.046,-.047,-.019,.807,.488,-.334,-.035,-.524,-.851,-.59,.698,-.405);es="Linear";ed="In";};["RightLowerArm"]={cf=cfr(0,.003,.002,1,0,0,0,.905,-.425,0,.425,.905);es="Linear";ed="In";};["LowerTorso"]={cf=cfr(0,-2.107,2.337,1,0,0,0,.947,-.321,0,.321,.947);es="Linear";ed="In";};["RightLowerLeg"]={cf=cfr(0,.043,-.058,1,0,0,0,.414,.91,0,-.91,.414);es="Linear";ed="In";};["LeftLowerLeg"]={cf=cfr(0,.027,-.14,1,0,0,0,-.092,.996,0,-.996,-.092);es="Linear";ed="In";};["LeftLowerArm"]={cf=cfr(0,.002,.001,1,0,0,0,.953,-.304,0,.304,.953);es="Linear";ed="In";};};{tm=.267;["RightUpperArm"]={cf=cfr(-.149,-.438,.17,.992,-.077,.1,.015,.86,.511,-.125,-.505,.854);es="Linear";ed="In";};["LeftUpperArm"]={cf=cfr(.158,-.438,.17,.993,.073,-.095,-.014,.86,.511,.119,-.506,.854);es="Linear";ed="In";};["Head"]={cf=cfr(.001,-.035,.021,1,-.015,-.013,.019,.909,.415,.006,-.415,.91);es="Linear";ed="In";};["UpperTorso"]={cf=cfr(0,-.002,-.015,1,.006,-.02,-.006,1,.013,.02,-.013,1);es="Linear";ed="In";};["RightUpperLeg"]={cf=cfr(-.013,-.031,-.054,.901,-.4,.168,.005,-.378,-.926,.434,.835,-.339);es="Linear";ed="In";};["LeftUpperLeg"]={cf=cfr(.034,-.045,-.04,.794,.462,-.395,-.039,-.61,-.792,-.607,.644,-.466);es="Linear";ed="In";};["RightLowerArm"]={cf=cfr(.001,.003,.002,1,0,0,0,.901,-.434,0,.434,.901);es="Linear";ed="In";};["LowerTorso"]={cf=cfr(0,-2.097,2.341,1,0,0,0,.956,-.293,0,.293,.956);es="Linear";ed="In";};["RightLowerLeg"]={cf=cfr(0,.03,-.044,1,0,0,0,.31,.951,0,-.951,.31);es="Linear";ed="In";};["LeftLowerLeg"]={cf=cfr(0,.017,-.111,1,0,0,0,-.241,.971,0,-.971,-.241);es="Linear";ed="In";};["LeftLowerArm"]={cf=cfr(0,.003,.002,1,0,0,0,.954,-.3,0,.3,.954);es="Linear";ed="In";};};{tm=.283;["RightUpperArm"]={cf=cfr(-.161,-.487,.189,.988,-.102,.113,.033,.867,.497,-.148,-.488,.86);es="Linear";ed="In";};["LeftUpperArm"]={cf=cfr(.171,-.487,.189,.989,.098,-.107,-.032,.867,.497,.142,-.488,.861);es="Linear";ed="In";};["Head"]={cf=cfr(0,-.018,.011,1,-.009,-.009,.012,.889,.458,.004,-.458,.889);es="Linear";ed="In";};["UpperTorso"]={cf=cfr(0,-.001,-.015,1,.005,-.02,-.005,1,-.002,.02,.002,1);es="Linear";ed="In";};["RightUpperLeg"]={cf=cfr(-.007,-.032,-.072,.904,-.378,.201,.013,-.447,-.895,.428,.811,-.399);es="Linear";ed="In";};["LeftUpperLeg"]={cf=cfr(.019,-.04,-.065,.78,.429,-.455,-.041,-.69,-.722,-.624,.582,-.521);es="Linear";ed="In";};["RightLowerArm"]={cf=cfr(.001,.003,.002,1,0,0,0,.896,-.443,0,.443,.896);es="Linear";ed="In";};["LowerTorso"]={cf=cfr(0,-2.086,2.344,1,0,0,0,.965,-.264,0,.264,.965);es="Linear";ed="In";};["RightLowerLeg"]={cf=cfr(0,.016,-.025,1,0,0,0,.2,.98,0,-.98,.2);es="Linear";ed="In";};["LeftLowerLeg"]={cf=cfr(0,.009,-.071,1,0,0,0,-.386,.922,0,-.922,-.386);es="Linear";ed="In";};["LeftLowerArm"]={cf=cfr(0,.003,.002,1,0,0,0,.955,-.295,0,.295,.955);es="Linear";ed="In";};};{tm=.3;["Head"]={cf=cfr(0,0,0,1,-.003,-.005,.005,.866,.5,.002,-.5,.866);es="Linear";ed="In";};["LeftUpperArm"]={cf=cfr(.184,-.537,.208,.985,.123,-.12,-.05,.874,.483,.164,-.47,.867);es="Linear";ed="In";};["RightUpperArm"]={cf=cfr(-.173,-.537,.208,.984,-.127,.126,.051,.874,.484,-.171,-.469,.866);es="Linear";ed="In";};["LeftUpperLeg"]={cf=cfr(0,-.031,-.093,.766,.39,-.511,-.041,-.763,-.645,-.641,.515,-.569);es="Linear";ed="In";};["RightUpperLeg"]={cf=cfr(0,-.031,-.093,.906,-.353,.233,.021,-.513,-.858,.422,.783,-.458);es="Linear";ed="In";};["UpperTorso"]={cf=cfr(0,0,-.015,1,.005,-.021,-.005,1,-.017,.021,.017,1);es="Sine";ed="In";};["LeftLowerArm"]={cf=cfr(0,.003,.002,1,0,0,0,.957,-.291,0,.291,.957);es="Linear";ed="In";};["RightLowerLeg"]={cf=cfr(0,0,0,1,0,0,0,.088,.996,0,-.996,.088);es="Linear";ed="In";};["LeftLowerLeg"]={cf=cfr(0,.005,-.02,1,0,0,0,-.524,.852,0,-.852,-.524);es="Linear";ed="In";};["LowerTorso"]={cf=cfr(0,-2.076,2.348,1,0,0,0,.972,-.234,0,.234,.972);es="Sine";ed="In";};["RightLowerArm"]={cf=cfr(.001,.003,.002,1,0,0,0,.892,-.453,0,.453,.892);es="Linear";ed="In";};};{tm=.317;["UpperTorso"]={cf=cfr(0,-.002,-.015,1,.004,-.021,-.005,1,-.025,.021,.025,.999);es="Linear";ed="In";};["LowerTorso"]={cf=cfr(-.001,-2.075,2.332,1,0,.001,0,.972,-.235,-.001,.235,.972);es="Linear";ed="In";};};{tm=.333;["UpperTorso"]={cf=cfr(0,-.007,-.015,1,.002,-.022,-.003,.999,-.047,.022,.047,.999);es="Linear";ed="In";};["LowerTorso"]={cf=cfr(-.006,-2.073,2.285,1,.001,.005,0,.972,-.236,-.005,.236,.972);es="Linear";ed="In";};};{tm=.35;["UpperTorso"]={cf=cfr(-.001,-.014,-.016,1,-.002,-.025,0,.996,-.084,.025,.084,.996);es="Linear";ed="In";};["LowerTorso"]={cf=cfr(-.014,-2.069,2.208,1,.003,.011,0,.971,-.237,-.012,.237,.971);es="Linear";ed="In";};};{tm=.367;["UpperTorso"]={cf=cfr(-.001,-.021,-.016,1,-.007,-.027,.003,.991,-.133,.028,.133,.991);es="Linear";ed="In";};["LowerTorso"]={cf=cfr(-.024,-2.064,2.104,1,.005,.02,0,.971,-.24,-.02,.24,.971);es="Linear";ed="In";};};{tm=.383;["UpperTorso"]={cf=cfr(-.001,-.027,-.016,.999,-.014,-.03,.008,.981,-.194,.032,.194,.981);es="Linear";ed="In";};["LowerTorso"]={cf=cfr(-.037,-2.058,1.975,1,.008,.03,0,.97,-.243,-.031,.243,.97);es="Linear";ed="In";};};{tm=.4;["UpperTorso"]={cf=cfr(-.001,-.029,-.015,.999,-.021,-.033,.012,.965,-.264,.037,.263,.964);es="Linear";ed="In";};["LowerTorso"]={cf=cfr(-.052,-2.051,1.827,.999,.011,.042,0,.969,-.247,-.044,.246,.968);es="Linear";ed="In";};};{tm=.417;["UpperTorso"]={cf=cfr(-.001,-.026,-.013,.999,-.03,-.035,.016,.941,-.339,.044,.338,.94);es="Linear";ed="In";};["LowerTorso"]={cf=cfr(-.068,-2.044,1.662,.998,.015,.056,0,.968,-.25,-.057,.25,.967);es="Linear";ed="In";};};{tm=.433;["UpperTorso"]={cf=cfr(-.001,-.016,-.008,.999,-.04,-.037,.021,.909,-.417,.051,.415,.908);es="Linear";ed="In";};["LowerTorso"]={cf=cfr(-.086,-2.036,1.486,.997,.018,.07,0,.967,-.255,-.072,.254,.965);es="Linear";ed="In";};};{tm=.45;["LeftUpperArm"]={cf=cfr(.074,-.052,.037,.844,.316,-.432,.344,.299,.89,.41,-.901,.143);es="Linear";ed="In";};["RightUpperArm"]={cf=cfr(-.074,-.052,.037,.754,-.477,.451,-.344,.298,.89,-.559,-.827,.061);es="Linear";ed="In";};["LeftUpperLeg"]={cf=cfr(0,0,0,.996,-.03,-.082,-.084,-.572,-.816,-.023,.819,-.573);es="Linear";ed="In";};["RightUpperLeg"]={cf=cfr(0,0,0,.958,-.17,.23,.107,-.533,-.839,.266,.829,-.492);es="Linear";ed="In";};["UpperTorso"]={cf=cfr(0,0,0,.998,-.05,-.038,.024,.869,-.494,.058,.492,.869);es="Linear";ed="In";};["LeftLowerArm"]={cf=cfr(0,0,0,1,0,0,0,.838,-.546,0,.546,.838);es="Linear";ed="In";};["RightLowerLeg"]={cf=cfr(0,0,0,1,0,0,0,-.258,.966,0,-.966,-.258);es="Sine";ed="InOut";};["LowerTorso"]={cf=cfr(-.104,-2.027,1.305,.996,.023,.084,0,.966,-.259,-.087,.258,.962);es="Linear";ed="In";};["LeftLowerLeg"]={cf=cfr(0,0,0,1,0,0,0,-.569,.822,0,-.822,-.569);es="Linear";ed="In";};["RightLowerArm"]={cf=cfr(.001,0,0,1,0,0,0,.838,-.546,0,.546,.838);es="Linear";ed="In";};};{tm=.467;["RightLowerLeg"]={cf=cfr(0,0,-.002,1,0,0,0,-.251,.968,0,-.968,-.251);es="Linear";ed="In";};};{tm=.483;["RightLowerLeg"]={cf=cfr(0,.001,-.006,1,0,0,0,-.233,.972,0,-.972,-.233);es="Linear";ed="In";};};{tm=.5;["RightLowerLeg"]={cf=cfr(0,.002,-.013,1,0,0,0,-.203,.979,0,-.979,-.203);es="Linear";ed="In";};};{tm=.517;["RightLowerLeg"]={cf=cfr(0,.003,-.022,1,0,0,0,-.161,.987,0,-.987,-.161);es="Linear";ed="In";};};{tm=.533;["RightLowerLeg"]={cf=cfr(0,.005,-.033,1,0,0,0,-.109,.994,0,-.994,-.109);es="Linear";ed="In";};};{tm=.55;["RightLowerLeg"]={cf=cfr(0,.008,-.043,1,0,0,0,-.047,.999,0,-.999,-.047);es="Linear";ed="In";};};{tm=.567;["RightLowerLeg"]={cf=cfr(0,.011,-.052,1,0,0,0,.023,1,0,-1,.023);es="Linear";ed="In";};};{tm=.583;["RightLowerLeg"]={cf=cfr(0,.014,-.06,1,0,0,0,.099,.995,0,-.995,.099);es="Linear";ed="In";};};{tm=.6;["RightLowerLeg"]={cf=cfr(0,.018,-.065,1,0,0,0,.179,.984,0,-.984,.179);es="Linear";ed="In";};};{tm=.617;["RightLowerLeg"]={cf=cfr(0,.02,-.068,1,0,0,0,.261,.965,0,-.965,.261);es="Linear";ed="In";};};{tm=.633;["RightLowerLeg"]={cf=cfr(0,.022,-.067,1,0,0,0,.341,.94,0,-.94,.341);es="Linear";ed="In";};["Head"]={cf=cfr(.003,-.005,0,1,-.003,-.025,.012,.924,.381,.022,-.382,.924);es="Sine";ed="InOut";};["LeftUpperArm"]={cf=cfr(.06,-.056,.035,.51,.618,-.598,.513,.339,.788,.69,-.709,-.144);es="Sine";ed="InOut";};["RightUpperArm"]={cf=cfr(-.06,-.056,.035,.747,-.465,.476,-.438,.195,.878,-.501,-.864,-.058);es="Sine";ed="InOut";};["LeftUpperLeg"]={cf=cfr(.102,.059,-.118,.909,.398,.124,.155,-.047,-.987,-.387,.916,-.104);es="Sine";ed="InOut";};["RightUpperLeg"]={cf=cfr(-.104,.003,.088,.854,-.518,-.047,-.105,-.082,-.991,.51,.851,-.125);es="Sine";ed="InOut";};["UpperTorso"]={cf=cfr(0,0,0,1,0,0,0,1,0,0,0,1);es="Sine";ed="InOut";};["LeftLowerArm"]={cf=cfr(0,.005,.003,1,0,0,0,.484,-.875,0,.875,.484);es="Sine";ed="InOut";};["LeftLowerLeg"]={cf=cfr(0,.002,-.008,1,0,0,0,-.129,.992,0,-.992,-.129);es="Sine";ed="InOut";};["LowerTorso"]={cf=cfr(-.086,-.78,.32,1,0,0,0,.866,.5,0,-.5,.866);es="Sine";ed="InOut";};["RightLowerArm"]={cf=cfr(.001,.004,.003,1,0,0,0,.484,-.875,0,.875,.484);es="Sine";ed="InOut";};};{tm=.65;["RightLowerLeg"]={cf=cfr(0,.023,-.064,1,0,0,0,.419,.908,0,-.908,.419);es="Linear";ed="In";};["RightUpperArm"]={cf=cfr(-.059,-.055,.034,.756,-.453,.472,-.419,.219,.881,-.502,-.864,-.025);es="Linear";ed="In";};["LeftUpperArm"]={cf=cfr(.059,-.056,.04,.525,.605,-.599,.489,.361,.794,.697,-.709,-.106);es="Linear";ed="In";};["Head"]={cf=cfr(.003,-.007,0,1,-.003,-.024,.012,.928,.373,.021,-.373,.928);es="Linear";ed="In";};["UpperTorso"]={cf=cfr(0,0,0,1,0,0,0,1,.004,0,-.004,1);es="Linear";ed="In";};["RightUpperLeg"]={cf=cfr(-.107,.004,.089,.849,-.524,-.058,-.106,-.061,-.992,.517,.849,-.108);es="Linear";ed="In";};["LeftUpperLeg"]={cf=cfr(.105,.059,-.111,.904,.407,.132,.156,-.026,-.987,-.398,.913,-.087);es="Linear";ed="In";};["LeftLowerArm"]={cf=cfr(0,.005,.003,1,0,0,0,.49,-.872,0,.872,.49);es="Linear";ed="In";};["LeftLowerLeg"]={cf=cfr(0,.003,-.013,1,0,0,0,-.105,.994,0,-.994,-.105);es="Linear";ed="In";};["LowerTorso"]={cf=cfr(-.084,-.77,.306,1,0,0,0,.872,.489,0,-.489,.872);es="Linear";ed="In";};["RightLowerArm"]={cf=cfr(.001,.004,.003,1,0,0,0,.486,-.874,0,.874,.486);es="Linear";ed="In";};};{tm=.667;["RightLowerLeg"]={cf=cfr(0,.023,-.057,1,0,0,0,.491,.871,0,-.871,.491);es="Linear";ed="In";};["RightUpperArm"]={cf=cfr(-.055,-.051,.034,.784,-.418,.459,-.365,.288,.885,-.502,-.862,.074);es="Linear";ed="In";};["LeftUpperArm"]={cf=cfr(.054,-.056,.054,.567,.567,-.597,.418,.426,.802,.71,-.705,.005);es="Linear";ed="In";};["Head"]={cf=cfr(.003,-.011,.002,1,-.003,-.022,.011,.938,.347,.02,-.347,.938);es="Linear";ed="In";};["UpperTorso"]={cf=cfr(0,-.001,0,1,0,0,0,1,.017,0,-.017,1);es="Linear";ed="In";};["RightUpperLeg"]={cf=cfr(-.114,.007,.093,.836,-.542,-.091,-.108,.001,-.994,.539,.841,-.058);es="Linear";ed="In";};["LeftUpperLeg"]={cf=cfr(.112,.058,-.092,.889,.431,.157,.158,.034,-.987,-.431,.902,-.038);es="Linear";ed="In";};["LeftLowerArm"]={cf=cfr(0,.005,.004,1,0,0,0,.507,-.862,0,.862,.507);es="Linear";ed="In";};["LeftLowerLeg"]={cf=cfr(0,.006,-.026,1,0,0,0,-.034,.999,0,-.999,-.034);es="Linear";ed="In";};["LowerTorso"]={cf=cfr(-.077,-.743,.268,1,0,0,0,.89,.456,0,-.456,.89);es="Linear";ed="In";};["RightLowerArm"]={cf=cfr(.001,.004,.003,1,0,0,0,.493,-.87,0,.87,.493);es="Linear";ed="In";};};{tm=.683;["RightLowerLeg"]={cf=cfr(0,.021,-.049,1,0,0,0,.556,.831,0,-.831,.556);es="Linear";ed="In";};["RightUpperArm"]={cf=cfr(-.049,-.045,.032,.826,-.365,.43,-.28,.397,.874,-.49,-.842,.225);es="Linear";ed="In";};["LeftUpperArm"]={cf=cfr(.048,-.058,.071,.634,.511,-.581,.305,.525,.794,.711,-.681,.177);es="Linear";ed="In";};["Head"]={cf=cfr(.003,-.015,.003,1,-.003,-.02,.009,.952,.306,.018,-.306,.952);es="Linear";ed="In";};["UpperTorso"]={cf=cfr(0,-.002,0,1,0,0,0,.999,.036,0,-.036,.999);es="Linear";ed="In";};["RightUpperLeg"]={cf=cfr(-.124,.011,.095,.813,-.564,-.144,-.108,.098,-.989,.572,.82,.019);es="Linear";ed="In";};["LeftUpperLeg"]={cf=cfr(.12,.057,-.066,.863,.465,.198,.156,.128,-.979,-.48,.876,.038);es="Linear";ed="In";};["LeftLowerArm"]={cf=cfr(0,.005,.004,1,0,0,0,.534,-.846,0,.846,.534);es="Linear";ed="In";};["LeftLowerLeg"]={cf=cfr(0,.012,-.042,1,0,0,0,.077,.997,0,-.997,.077);es="Linear";ed="In";};["LowerTorso"]={cf=cfr(-.068,-.701,.207,1,0,0,0,.915,.404,0,-.404,.915);es="Linear";ed="In";};["RightLowerArm"]={cf=cfr(0,.004,.003,1,0,0,0,.503,-.864,0,.864,.503);es="Linear";ed="In";};};{tm=.7;["RightLowerLeg"]={cf=cfr(0,.018,-.04,1,0,0,0,.613,.79,0,-.79,.613);es="Linear";ed="In";};["RightUpperArm"]={cf=cfr(-.041,-.037,.029,.873,-.306,.379,-.175,.529,.831,-.454,-.792,.408);es="Linear";ed="In";};["LeftUpperArm"]={cf=cfr(.04,-.063,.084,.714,.445,-.54,.164,.644,.748,.68,-.623,.387);es="Linear";ed="In";};["Head"]={cf=cfr(.003,-.019,.003,1,-.003,-.016,.007,.967,.253,.015,-.253,.967);es="Linear";ed="In";};["UpperTorso"]={cf=cfr(0,-.003,0,1,0,0,0,.998,.06,0,-.06,.998);es="Linear";ed="In";};["RightUpperLeg"]={cf=cfr(-.131,.016,.092,.784,-.583,-.214,-.102,.218,-.971,.612,.783,.111);es="Linear";ed="In";};["LeftUpperLeg"]={cf=cfr(.128,.054,-.04,.828,.5,.254,.147,.244,-.959,-.541,.831,.128);es="Linear";ed="In";};["LeftLowerArm"]={cf=cfr(0,.005,.004,1,0,0,0,.566,-.824,0,.824,.566);es="Linear";ed="In";};["LeftLowerLeg"]={cf=cfr(0,.017,-.053,1,0,0,0,.215,.977,0,-.977,.215);es="Linear";ed="In";};["LowerTorso"]={cf=cfr(-.056,-.646,.13,1,0,0,0,.942,.336,0,-.336,.942);es="Linear";ed="In";};["RightLowerArm"]={cf=cfr(0,.003,.002,1,0,0,0,.516,-.857,0,.857,.516);es="Linear";ed="In";};};{tm=.717;["RightLowerLeg"]={cf=cfr(0,.014,-.03,1,0,0,0,.66,.751,0,-.751,.66);es="Linear";ed="In";};["RightUpperArm"]={cf=cfr(-.032,-.029,.024,.918,-.25,.306,-.068,.664,.745,-.39,-.705,.592);es="Linear";ed="In";};["LeftUpperArm"]={cf=cfr(.032,-.069,.088,.795,.383,-.47,.018,.759,.651,.606,-.526,.597);es="Linear";ed="In";};["Head"]={cf=cfr(.003,-.02,.003,1,-.003,-.012,.005,.981,.194,.012,-.195,.981);es="Linear";ed="In";};["UpperTorso"]={cf=cfr(0,-.004,0,1,0,0,0,.996,.087,0,-.087,.996);es="Linear";ed="In";};["RightUpperLeg"]={cf=cfr(-.134,.019,.081,.751,-.593,-.292,-.089,.348,-.933,.655,.727,.208);es="Linear";ed="In";};["LeftUpperLeg"]={cf=cfr(.131,.049,-.019,.787,.528,.319,.127,.368,-.921,-.604,.765,.222);es="Linear";ed="In";};["LeftLowerArm"]={cf=cfr(0,.004,.004,1,0,0,0,.602,-.799,0,.799,.602);es="Linear";ed="In";};["LeftLowerLeg"]={cf=cfr(0,.021,-.056,1,0,0,0,.363,.932,0,-.932,.363);es="Linear";ed="In";};["LowerTorso"]={cf=cfr(-.043,-.584,.044,1,0,0,0,.966,.259,0,-.259,.966);es="Linear";ed="In";};["RightLowerArm"]={cf=cfr(0,.002,.002,1,0,0,0,.53,-.848,0,.848,.53);es="Linear";ed="In";};};{tm=.733;["RightLowerLeg"]={cf=cfr(0,.01,-.02,1,0,0,0,.699,.715,0,-.715,.699);es="Linear";ed="In";};["RightUpperArm"]={cf=cfr(-.023,-.021,.018,.953,-.209,.22,.027,.781,.624,-.302,-.589,.749);es="Linear";ed="In";};["LeftUpperArm"]={cf=cfr(.022,-.073,.081,.863,.337,-.377,-.109,.852,.512,.494,-.401,.772);es="Linear";ed="In";};["Head"]={cf=cfr(.002,-.017,.003,1,-.002,-.008,.003,.991,.135,.008,-.135,.991);es="Linear";ed="In";};["UpperTorso"]={cf=cfr(0,-.003,0,1,0,0,0,.993,.114,0,-.114,.993);es="Linear";ed="In";};["RightUpperLeg"]={cf=cfr(-.13,.019,.063,.717,-.59,-.371,-.069,.47,-.88,.694,.656,.296);es="Linear";ed="In";};["LeftUpperLeg"]={cf=cfr(.128,.04,-.006,.743,.546,.387,.097,.485,-.869,-.662,.684,.307);es="Linear";ed="In";};["LeftLowerArm"]={cf=cfr(0,.003,.003,1,0,0,0,.636,-.772,0,.772,.636);es="Linear";ed="In";};["LeftLowerLeg"]={cf=cfr(0,.022,-.049,1,0,0,0,.502,.865,0,-.865,.502);es="Linear";ed="In";};["LowerTorso"]={cf=cfr(-.03,-.521,-.042,1,0,0,0,.984,.18,0,-.18,.984);es="Linear";ed="In";};["RightLowerArm"]={cf=cfr(0,.002,.001,1,0,0,0,.543,-.84,0,.84,.543);es="Linear";ed="In";};};{tm=.75;["RightLowerLeg"]={cf=cfr(0,.006,-.012,1,0,0,0,.729,.685,0,-.685,.729);es="Linear";ed="In";};["RightUpperArm"]={cf=cfr(-.014,-.013,.012,.974,-.184,.134,.096,.866,.49,-.207,-.464,.861);es="Linear";ed="In";};["LeftUpperArm"]={cf=cfr(.01,-.074,.066,.909,.31,-.279,-.201,.912,.357,.365,-.269,.891);es="Linear";ed="In";};["Head"]={cf=cfr(.001,-.012,.002,1,-.001,-.005,.002,.997,.081,.005,-.081,.997);es="Linear";ed="In";};["UpperTorso"]={cf=cfr(0,-.002,0,1,0,0,0,.99,.138,0,-.138,.99);es="Linear";ed="In";};["RightUpperLeg"]={cf=cfr(-.121,.015,.041,.686,-.578,-.442,-.045,.573,-.819,.726,.582,.367);es="Linear";ed="In";};["LeftUpperLeg"]={cf=cfr(.12,.027,0,.703,.551,.45,.063,.582,-.811,-.709,.598,.374);es="Linear";ed="In";};["LeftLowerArm"]={cf=cfr(0,.002,.002,1,0,0,0,.665,-.747,0,.747,.665);es="Linear";ed="In";};["LeftLowerLeg"]={cf=cfr(0,.017,-.034,1,0,0,0,.618,.786,0,-.786,.618);es="Linear";ed="In";};["LowerTorso"]={cf=cfr(-.018,-.462,-.12,1,0,0,0,.994,.108,0,-.108,.994);es="Linear";ed="In";};["RightLowerArm"]={cf=cfr(0,.001,.001,1,0,0,0,.556,-.831,0,.831,.556);es="Linear";ed="In";};};{tm=.767;["RightLowerLeg"]={cf=cfr(0,.003,-.005,1,0,0,0,.75,.662,0,-.662,.75);es="Linear";ed="In";};["RightUpperArm"]={cf=cfr(-.007,-.006,.006,.983,-.175,.063,.14,.918,.37,-.122,-.355,.927);es="Linear";ed="In";};["LeftUpperArm"]={cf=cfr(-.001,-.072,.049,.934,.3,-.194,-.256,.941,.22,.249,-.156,.956);es="Linear";ed="In";};["Head"]={cf=cfr(.001,-.006,.001,1,-.001,-.002,.001,.999,.037,.002,-.037,.999);es="Linear";ed="In";};["UpperTorso"]={cf=cfr(0,-.001,0,1,0,0,0,.988,.157,0,-.157,.988);es="Linear";ed="In";};["RightUpperLeg"]={cf=cfr(-.111,.008,.02,.663,-.561,-.496,-.022,.648,-.762,.749,.516,.417);es="Linear";ed="In";};["LeftUpperLeg"]={cf=cfr(.111,.014,.001,.671,.549,.499,.031,.652,-.758,-.741,.523,.42);es="Linear";ed="In";};["LeftLowerArm"]={cf=cfr(0,.001,.001,1,0,0,0,.688,-.726,0,.726,.688);es="Linear";ed="In";};["LeftLowerLeg"]={cf=cfr(0,.01,-.018,1,0,0,0,.701,.713,0,-.713,.701);es="Linear";ed="In";};["LowerTorso"]={cf=cfr(-.008,-.415,-.181,1,0,0,0,.999,.05,0,-.05,.999);es="Linear";ed="In";};["RightLowerArm"]={cf=cfr(0,.001,0,1,0,0,0,.565,-.825,0,.825,.565);es="Linear";ed="In";};};{tm=.783;["RightLowerLeg"]={cf=cfr(0,.001,-.001,1,0,0,0,.762,.648,0,-.648,.762);es="Linear";ed="In";};["RightUpperArm"]={cf=cfr(-.002,-.002,.001,.985,-.173,.016,.161,.944,.288,-.065,-.281,.958);es="Linear";ed="In";};["LeftUpperArm"]={cf=cfr(-.009,-.069,.036,.944,.299,-.138,-.282,.951,.128,.17,-.082,.982);es="Linear";ed="In";};["Head"]={cf=cfr(0,-.002,0,1,0,-.001,0,1,.01,.001,-.01,1);es="Linear";ed="In";};["UpperTorso"]={cf=cfr(0,0,0,1,0,0,0,.986,.169,0,-.169,.986);es="Linear";ed="In";};["RightUpperLeg"]={cf=cfr(-.103,.002,.005,.648,-.547,-.53,-.006,.692,-.722,.762,.471,.445);es="Linear";ed="In";};["LeftUpperLeg"]={cf=cfr(.103,.004,.001,.65,.544,.531,.008,.693,-.72,-.76,.473,.446);es="Linear";ed="In";};["LeftLowerArm"]={cf=cfr(0,0,0,1,0,0,0,.702,-.712,0,.712,.702);es="Linear";ed="In";};["LeftLowerLeg"]={cf=cfr(0,.003,-.005,1,0,0,0,.75,.661,0,-.661,.75);es="Linear";ed="In";};["LowerTorso"]={cf=cfr(-.002,-.384,-.221,1,0,0,0,1,.013,0,-.013,1);es="Linear";ed="In";};["RightLowerArm"]={cf=cfr(0,0,0,1,0,0,0,.571,-.821,0,.821,.571);es="Linear";ed="In";};};{tm=.8;["Head"]={cf=cfr(0,0,0,1,0,0,0,1,0,0,0,1);es="Linear";ed="In";};["LeftUpperArm"]={cf=cfr(-.012,-.067,.031,.947,.3,-.119,-.29,.952,.095,.142,-.056,.988);es="Linear";ed="In";};["RightUpperArm"]={cf=cfr(0,0,0,.985,-.174,0,.168,.951,.259,-.045,-.255,.966);es="Linear";ed="In";};["LeftUpperLeg"]={cf=cfr(.1,0,0,.643,.542,.542,0,.707,-.707,-.766,.455,.455);es="Linear";ed="In";};["RightUpperLeg"]={cf=cfr(-.1,0,0,.643,-.542,-.542,0,.707,-.707,.766,.455,.455);es="Linear";ed="In";};["UpperTorso"]={cf=cfr(0,0,0,1,0,0,0,.985,.174,0,-.174,.985);es="Linear";ed="In";};["LeftLowerArm"]={cf=cfr(0,0,0,1,0,0,0,.707,-.707,0,.707,.707);es="Linear";ed="In";};["RightLowerLeg"]={cf=cfr(0,0,0,1,0,0,0,.766,.643,0,-.643,.766);es="Linear";ed="In";};["LeftLowerLeg"]={cf=cfr(0,0,0,1,0,0,0,.766,.643,0,-.643,.766);es="Linear";ed="In";};["LowerTorso"]={cf=cfr(0,-.373,-.235,1,0,0,0,1,0,0,0,1);es="Linear";ed="In";};["RightLowerArm"]={cf=cfr(0,0,0,1,0,0,0,.574,-.819,0,.819,.574);es="Linear";ed="In";};};}