local cfr = CFrame.new

return {{tm=0;["RootNode"]={cf=cfr(0,0,0,-1,0,0,0,1,0,0,0,-1);es="Linear";ed="In";};["root"]={cf=cfr(0,2.707,0,0,0,1,0,1,0,-1,0,0);es="Linear";ed="In";};["000-offset"]={cf=cfr(0,0,0,.122,.993,0,-.993,.122,0,0,0,1);es="Linear";ed="In";};["004-offset.001"]={cf=cfr(0,0,0,.144,-.99,0,.99,.144,0,0,0,1);es="Linear";ed="In";};["006-offset"]={cf=cfr(0,0,0,-.015,-1,0,1,-.015,0,0,0,1);es="Linear";ed="In";};["000-offset.009"]={cf=cfr(0,0,0,.34,-.94,-.019,.94,.34,.007,0,-.02,1);es="Linear";ed="In";};["000-offset.012"]={cf=cfr(0,0,0,-.662,-.75,-.003,.75,-.662,-.01,.005,-.008,1);es="Linear";ed="In";};["000-offset.001"]={cf=cfr(0,0,0,1,-.005,.001,.006,.989,-.149,0,.149,.989);es="Linear";ed="In";};["000-offset.010"]={cf=cfr(0,0,0,.512,.859,0,-.859,.512,0,0,0,1);es="Linear";ed="In";};["000-offset.013"]={cf=cfr(0,0,0,.832,.554,0,-.554,.832,0,0,0,1);es="Linear";ed="In";};["004-offset"]={cf=cfr(0,0,0,.035,-.999,0,.999,.035,0,0,0,1);es="Linear";ed="In";};["002-offset"]={cf=cfr(0,0,0,.035,-.999,0,.999,.035,0,0,0,1);es="Linear";ed="In";};["000-offset.002"]={cf=cfr(0,0,0,.999,.032,.005,-.033,.986,.162,0,-.162,.987);es="Linear";ed="In";};["000-offset.011"]={cf=cfr(0,0,0,.541,-.841,0,.841,.541,0,0,0,1);es="Linear";ed="In";};["000-offset.014"]={cf=cfr(0,0,0,.081,-.997,0,.997,.081,0,0,0,1);es="Linear";ed="In";};["000-offset.006"]={cf=cfr(0,0,0,.484,-.368,.794,.154,.929,.337,-.861,-.04,.506);es="Linear";ed="In";};["000-offset.003"]={cf=cfr(0,0,0,-.097,-.958,.271,.829,-.228,-.51,.551,.175,.816);es="Linear";ed="In";};["000-offset.007"]={cf=cfr(0,0,0,.482,-.876,0,.876,.482,0,0,0,1);es="Linear";ed="In";};["000-offset.004"]={cf=cfr(0,0,0,.698,-.716,0,.716,.698,0,0,0,1);es="Linear";ed="In";};["000-offset.008"]={cf=cfr(0,0,0,.966,-.26,0,.26,.966,0,0,0,1);es="Linear";ed="In";};["000-offset.005"]={cf=cfr(0,0,0,.894,-.238,.38,.435,.667,-.605,-.11,.706,.7);es="Linear";ed="In";};};{tm=.042;["root"]={cf=cfr(0,2.693,0,0,0,1,0,1,0,-1,0,0);es="Linear";ed="In";};["000-offset"]={cf=cfr(0,0,0,.12,.993,0,-.993,.12,0,0,0,1);es="Linear";ed="In";};["004-offset.001"]={cf=cfr(0,0,0,.144,-.99,-.002,.989,.144,-.016,.016,0,1);es="Linear";ed="In";};["000-offset.009"]={cf=cfr(0,0,0,.318,-.948,-.004,.948,.318,.002,0,-.004,1);es="Linear";ed="In";};["000-offset.012"]={cf=cfr(0,0,0,-.66,-.751,-.002,.751,-.66,-.01,.006,-.008,1);es="Linear";ed="In";};["000-offset.001"]={cf=cfr(0,0,0,1,-.005,.001,.005,.99,-.142,0,.142,.99);es="Linear";ed="In";};["000-offset.010"]={cf=cfr(0,0,0,.487,.873,0,-.873,.487,0,0,0,1);es="Linear";ed="In";};["000-offset.013"]={cf=cfr(0,0,0,.825,.565,0,-.565,.825,0,0,0,1);es="Linear";ed="In";};["004-offset"]={cf=cfr(0,0,0,.037,-.999,0,.999,.037,0,0,0,1);es="Linear";ed="In";};["000-offset.002"]={cf=cfr(0,0,0,.999,.034,.006,-.035,.986,.161,0,-.161,.987);es="Linear";ed="In";};["000-offset.011"]={cf=cfr(0,0,0,.53,-.848,0,.848,.53,0,0,0,1);es="Linear";ed="In";};["000-offset.014"]={cf=cfr(0,0,0,.086,-.996,0,.996,.086,0,0,0,1);es="Linear";ed="In";};["000-offset.006"]={cf=cfr(0,0,0,.484,-.373,.792,.158,.927,.34,-.861,-.04,.507);es="Linear";ed="In";};["000-offset.003"]={cf=cfr(0,0,0,-.092,-.959,.268,.83,-.223,-.511,.55,.176,.817);es="Linear";ed="In";};["000-offset.007"]={cf=cfr(0,0,0,.483,-.876,0,.876,.483,0,0,0,1);es="Linear";ed="In";};["000-offset.004"]={cf=cfr(0,0,0,.699,-.715,0,.715,.699,0,0,0,1);es="Linear";ed="In";};["000-offset.008"]={cf=cfr(0,0,0,.965,-.261,.001,.261,.965,.002,-.001,-.002,1);es="Linear";ed="In";};["000-offset.005"]={cf=cfr(0,0,0,.894,-.239,.38,.436,.666,-.605,-.109,.706,.699);es="Linear";ed="In";};};{tm=.083;["root"]={cf=cfr(0,2.637,0,0,0,1,0,1,0,-1,0,0);es="Linear";ed="In";};["000-offset"]={cf=cfr(0,0,0,.116,.993,0,-.993,.116,0,0,0,1);es="Linear";ed="In";};["004-offset.001"]={cf=cfr(0,0,0,.143,-.99,-.008,.988,.143,-.057,.058,0,.998);es="Linear";ed="In";};["000-offset.009"]={cf=cfr(0,0,0,.26,-.965,.037,.965,.26,-.008,-.002,.038,.999);es="Linear";ed="In";};["000-offset.012"]={cf=cfr(0,0,0,-.659,-.752,-.001,.752,-.659,-.012,.009,-.009,1);es="Linear";ed="In";};["000-offset.001"]={cf=cfr(0,0,0,1,-.002,0,.002,.991,-.134,0,.134,.991);es="Linear";ed="In";};["000-offset.010"]={cf=cfr(0,0,0,.419,.908,0,-.908,.419,0,0,0,1);es="Linear";ed="In";};["000-offset.013"]={cf=cfr(0,0,0,.806,.592,0,-.592,.806,0,0,0,1);es="Linear";ed="In";};["004-offset"]={cf=cfr(0,0,0,.038,-.999,0,.999,.038,0,0,0,1);es="Linear";ed="In";};["000-offset.002"]={cf=cfr(0,0,0,.999,.039,.006,-.039,.986,.159,0,-.159,.987);es="Linear";ed="In";};["000-offset.011"]={cf=cfr(0,0,0,.5,-.866,0,.866,.5,0,0,0,1);es="Linear";ed="In";};["000-offset.014"]={cf=cfr(0,0,0,.096,-.995,0,.995,.096,0,0,0,1);es="Linear";ed="In";};["000-offset.006"]={cf=cfr(0,0,0,.484,-.386,.786,.167,.922,.35,-.859,-.038,.51);es="Linear";ed="In";};["000-offset.003"]={cf=cfr(0,0,0,-.079,-.962,.262,.832,-.208,-.515,.549,.177,.817);es="Linear";ed="In";};["000-offset.007"]={cf=cfr(0,0,0,.487,-.874,0,.874,.487,0,0,0,1);es="Linear";ed="In";};["000-offset.004"]={cf=cfr(0,0,0,.7,-.714,0,.714,.7,0,0,0,1);es="Linear";ed="In";};["000-offset.008"]={cf=cfr(0,0,0,.965,-.263,.003,.263,.965,.009,-.005,-.008,1);es="Linear";ed="In";};["000-offset.005"]={cf=cfr(0,0,0,.893,-.241,.38,.437,.664,-.607,-.106,.708,.698);es="Linear";ed="In";};};{tm=.125;["root"]={cf=cfr(0,2.58,0,0,0,1,0,1,0,-1,0,0);es="Linear";ed="In";};["000-offset"]={cf=cfr(0,0,0,.111,.994,0,-.994,.111,0,0,0,1);es="Linear";ed="In";};["004-offset.001"]={cf=cfr(0,0,0,.138,-.99,-.016,.984,.139,-.116,.117,0,.993);es="Linear";ed="In";};["000-offset.009"]={cf=cfr(0,0,0,.176,-.98,.096,.984,.176,-.014,-.003,.097,.995);es="Linear";ed="In";};["000-offset.012"]={cf=cfr(0,0,0,-.654,-.756,.001,.756,-.654,-.015,.012,-.009,1);es="Linear";ed="In";};["000-offset.001"]={cf=cfr(0,0,0,1,.001,0,-.001,.992,-.126,0,.126,.992);es="Linear";ed="In";};["000-offset.010"]={cf=cfr(0,0,0,.319,.948,0,-.948,.319,0,0,0,1);es="Linear";ed="In";};["000-offset.013"]={cf=cfr(0,0,0,.777,.63,0,-.63,.777,0,0,0,1);es="Linear";ed="In";};["004-offset"]={cf=cfr(0,0,0,.041,-.999,0,.999,.041,0,0,0,1);es="Linear";ed="In";};["000-offset.002"]={cf=cfr(0,0,0,.999,.044,.007,-.045,.987,.156,0,-.156,.988);es="Linear";ed="In";};["000-offset.011"]={cf=cfr(0,0,0,.455,-.89,0,.89,.455,0,0,0,1);es="Linear";ed="In";};["000-offset.014"]={cf=cfr(0,0,0,.111,-.994,0,.994,.111,0,0,0,1);es="Linear";ed="In";};["000-offset.006"]={cf=cfr(0,0,0,.483,-.407,.775,.183,.913,.366,-.856,-.035,.515);es="Linear";ed="In";};["000-offset.003"]={cf=cfr(0,0,0,-.058,-.966,.251,.834,-.185,-.519,.548,.179,.817);es="Linear";ed="In";};["000-offset.007"]={cf=cfr(0,0,0,.492,-.871,0,.871,.492,0,0,0,1);es="Linear";ed="In";};["000-offset.004"]={cf=cfr(0,0,0,.702,-.712,0,.712,.702,0,0,0,1);es="Linear";ed="In";};["000-offset.008"]={cf=cfr(0,0,0,.964,-.267,.006,.267,.963,.019,-.011,-.017,1);es="Linear";ed="In";};["000-offset.005"]={cf=cfr(0,0,0,.892,-.245,.379,.44,.66,-.609,-.101,.71,.697);es="Linear";ed="In";};};{tm=.167;["root"]={cf=cfr(0,2.538,0,0,0,1,0,1,0,-1,0,0);es="Linear";ed="In";};["000-offset"]={cf=cfr(0,0,0,.104,.995,0,-.995,.104,0,0,0,1);es="Linear";ed="In";};["004-offset.001"]={cf=cfr(0,0,0,.127,-.992,-.024,.975,.129,-.182,.184,0,.983);es="Linear";ed="In";};["000-offset.009"]={cf=cfr(0,0,0,.078,-.983,.165,.997,.077,-.008,-.005,.165,.986);es="Linear";ed="In";};["000-offset.012"]={cf=cfr(0,0,0,-.647,-.762,.004,.762,-.647,-.019,.017,-.009,1);es="Linear";ed="In";};["000-offset.001"]={cf=cfr(0,0,0,1,.004,-.001,-.004,.993,-.117,0,.117,.993);es="Linear";ed="In";};["000-offset.010"]={cf=cfr(0,0,0,.197,.98,0,-.98,.197,0,0,0,1);es="Linear";ed="In";};["000-offset.013"]={cf=cfr(0,0,0,.741,.672,0,-.672,.741,0,0,0,1);es="Linear";ed="In";};["004-offset"]={cf=cfr(0,0,0,.045,-.999,0,.999,.045,0,0,0,1);es="Linear";ed="In";};["000-offset.002"]={cf=cfr(0,0,0,.999,.05,.008,-.05,.987,.151,0,-.151,.989);es="Linear";ed="In";};["000-offset.011"]={cf=cfr(0,0,0,.401,-.916,0,.916,.401,0,0,0,1);es="Linear";ed="In";};["000-offset.014"]={cf=cfr(0,0,0,.127,-.992,0,.992,.127,0,0,0,1);es="Linear";ed="In";};["000-offset.006"]={cf=cfr(0,0,0,.481,-.435,.761,.204,.9,.386,-.853,-.031,.521);es="Linear";ed="In";};["000-offset.003"]={cf=cfr(0,0,0,-.029,-.971,.236,.837,-.153,-.525,.546,.182,.817);es="Linear";ed="In";};["000-offset.007"]={cf=cfr(0,0,0,.499,-.867,0,.867,.499,0,0,0,1);es="Linear";ed="In";};["000-offset.004"]={cf=cfr(0,0,0,.705,-.709,0,.709,.705,0,0,0,1);es="Linear";ed="In";};["000-offset.008"]={cf=cfr(0,0,0,.962,-.273,.011,.272,.962,.033,-.019,-.029,.999);es="Linear";ed="In";};["000-offset.005"]={cf=cfr(0,0,0,.891,-.25,.378,.444,.655,-.612,-.094,.713,.695);es="Linear";ed="In";};};{tm=.208;["root"]={cf=cfr(0,2.496,0,0,0,1,0,1,0,-1,0,0);es="Linear";ed="In";};["000-offset"]={cf=cfr(0,0,0,.097,.995,0,-.995,.097,0,0,0,1);es="Linear";ed="In";};["004-offset.001"]={cf=cfr(0,0,0,.107,-.994,-.028,.962,.111,-.249,.25,0,.968);es="Linear";ed="In";};["000-offset.009"]={cf=cfr(0,0,0,-.023,-.972,.232,1,-.021,.011,-.005,.233,.973);es="Linear";ed="In";};["000-offset.012"]={cf=cfr(0,0,0,-.636,-.771,.006,.771,-.636,-.022,.021,-.009,1);es="Linear";ed="In";};["000-offset.001"]={cf=cfr(0,0,0,1,.008,-.001,-.008,.994,-.108,0,.108,.994);es="Linear";ed="In";};["000-offset.010"]={cf=cfr(0,0,0,.07,.998,0,-.998,.07,0,0,0,1);es="Linear";ed="In";};["000-offset.013"]={cf=cfr(0,0,0,.702,.712,0,-.712,.702,0,0,0,1);es="Linear";ed="In";};["004-offset"]={cf=cfr(0,0,0,.051,-.999,0,.999,.051,0,0,0,1);es="Linear";ed="In";};["000-offset.002"]={cf=cfr(0,0,0,.998,.055,.008,-.056,.988,.145,0,-.145,.989);es="Linear";ed="In";};["000-offset.011"]={cf=cfr(0,0,0,.341,-.94,0,.94,.341,0,0,0,1);es="Linear";ed="In";};["000-offset.014"]={cf=cfr(0,0,0,.143,-.99,0,.99,.143,0,0,0,1);es="Linear";ed="In";};["000-offset.006"]={cf=cfr(0,0,0,.477,-.469,.743,.23,.883,.41,-.848,-.025,.529);es="Linear";ed="In";};["000-offset.003"]={cf=cfr(0,0,0,.006,-.976,.218,.839,-.113,-.532,.544,.186,.818);es="Linear";ed="In";};["000-offset.007"]={cf=cfr(0,0,0,.508,-.862,0,.862,.508,0,0,0,1);es="Linear";ed="In";};["000-offset.004"]={cf=cfr(0,0,0,.709,-.705,0,.705,.709,0,0,0,1);es="Linear";ed="In";};["000-offset.008"]={cf=cfr(0,0,0,.96,-.28,.016,.279,.959,.051,-.029,-.045,.999);es="Linear";ed="In";};["000-offset.005"]={cf=cfr(0,0,0,.89,-.257,.377,.448,.648,-.616,-.086,.717,.692);es="Linear";ed="In";};};{tm=.25;["root"]={cf=cfr(0,2.453,0,0,0,1,0,1,0,-1,0,0);es="Linear";ed="In";};["000-offset"]={cf=cfr(0,0,0,.092,.996,0,-.996,.092,0,0,0,1);es="Linear";ed="In";};["004-offset.001"]={cf=cfr(0,0,0,.078,-.997,-.025,.948,.082,-.306,.307,0,.952);es="Linear";ed="In";};["000-offset.009"]={cf=cfr(0,0,0,-.113,-.951,.289,.994,-.107,.038,-.005,.292,.957);es="Linear";ed="In";};["000-offset.012"]={cf=cfr(0,0,0,-.621,-.784,.008,.783,-.621,-.025,.025,-.01,1);es="Linear";ed="In";};["000-offset.001"]={cf=cfr(0,0,0,1,.011,-.001,-.011,.995,-.098,0,.098,.995);es="Linear";ed="In";};["000-offset.010"]={cf=cfr(0,0,0,-.047,.999,0,-.999,-.047,0,0,0,1);es="Linear";ed="In";};["000-offset.013"]={cf=cfr(0,0,0,.665,.747,0,-.747,.665,0,0,0,1);es="Linear";ed="In";};["004-offset"]={cf=cfr(0,0,0,.057,-.998,0,.998,.057,0,0,0,1);es="Linear";ed="In";};["000-offset.002"]={cf=cfr(0,0,0,.998,.061,.009,-.062,.989,.138,0,-.138,.99);es="Linear";ed="In";};["000-offset.011"]={cf=cfr(0,0,0,.284,-.959,0,.959,.284,0,0,0,1);es="Linear";ed="In";};["000-offset.014"]={cf=cfr(0,0,0,.155,-.988,0,.988,.155,0,0,0,1);es="Linear";ed="In";};["000-offset.006"]={cf=cfr(0,0,0,.471,-.508,.721,.26,.861,.437,-.843,-.018,.538);es="Linear";ed="In";};["000-offset.003"]={cf=cfr(0,0,0,.048,-.979,.196,.839,-.067,-.54,.542,.19,.819);es="Linear";ed="In";};["000-offset.007"]={cf=cfr(0,0,0,.518,-.855,0,.855,.518,0,0,0,1);es="Linear";ed="In";};["000-offset.004"]={cf=cfr(0,0,0,.713,-.701,0,.701,.713,0,0,0,1);es="Linear";ed="In";};["000-offset.008"]={cf=cfr(0,0,0,.957,-.289,.021,.287,.955,.072,-.041,-.063,.997);es="Linear";ed="In";};["000-offset.005"]={cf=cfr(0,0,0,.888,-.265,.377,.454,.64,-.62,-.077,.721,.688);es="Linear";ed="In";};};{tm=.292;["root"]={cf=cfr(0,2.425,0,0,0,1,0,1,0,-1,0,0);es="Linear";ed="In";};["000-offset"]={cf=cfr(0,0,0,.088,.996,0,-.996,.088,0,0,0,1);es="Linear";ed="In";};["004-offset.001"]={cf=cfr(0,0,0,.038,-.999,-.014,.937,.041,-.346,.347,0,.938);es="Linear";ed="In";};["000-offset.009"]={cf=cfr(0,0,0,-.18,-.927,.328,.984,-.168,.063,-.003,.334,.943);es="Linear";ed="In";};["000-offset.012"]={cf=cfr(0,0,0,-.601,-.799,.009,.799,-.601,-.028,.028,-.01,1);es="Linear";ed="In";};["000-offset.001"]={cf=cfr(0,0,0,1,.013,-.001,-.013,.996,-.087,0,.087,.996);es="Linear";ed="In";};["000-offset.010"]={cf=cfr(0,0,0,-.135,.991,0,-.991,-.135,0,0,0,1);es="Linear";ed="In";};["000-offset.013"]={cf=cfr(0,0,0,.635,.773,0,-.773,.635,0,0,0,1);es="Linear";ed="In";};["004-offset"]={cf=cfr(0,0,0,.063,-.998,0,.998,.063,0,0,0,1);es="Linear";ed="In";};["000-offset.002"]={cf=cfr(0,0,0,.998,.066,.009,-.067,.989,.13,0,-.13,.991);es="Linear";ed="In";};["000-offset.011"]={cf=cfr(0,0,0,.235,-.972,0,.972,.235,0,0,0,1);es="Linear";ed="In";};["000-offset.014"]={cf=cfr(0,0,0,.162,-.987,0,.987,.162,0,0,0,1);es="Linear";ed="In";};["000-offset.006"]={cf=cfr(0,0,0,.462,-.551,.695,.294,.834,.466,-.837,-.011,.547);es="Linear";ed="In";};["000-offset.003"]={cf=cfr(0,0,0,.095,-.981,.171,.837,-.014,-.547,.539,.195,.819);es="Linear";ed="In";};["000-offset.007"]={cf=cfr(0,0,0,.529,-.848,0,.848,.529,0,0,0,1);es="Linear";ed="In";};["000-offset.004"]={cf=cfr(0,0,0,.718,-.696,0,.696,.718,0,0,0,1);es="Linear";ed="In";};["000-offset.008"]={cf=cfr(0,0,0,.954,-.299,.028,.295,.951,.095,-.055,-.083,.995);es="Linear";ed="In";};["000-offset.005"]={cf=cfr(0,0,0,.886,-.273,.376,.46,.631,-.625,-.067,.726,.685);es="Linear";ed="In";};};{tm=.333;["root"]={cf=cfr(0,2.425,0,0,0,1,0,1,0,-1,0,0);es="Linear";ed="In";};["000-offset"]={cf=cfr(0,0,0,.088,.996,0,-.996,.088,0,0,0,1);es="Linear";ed="In";};["004-offset.001"]={cf=cfr(0,0,0,-.014,-1,.006,.932,-.015,-.362,.362,0,.932);es="Linear";ed="In";};["000-offset.009"]={cf=cfr(0,0,0,-.211,-.915,.344,.977,-.198,.074,0,.352,.936);es="Linear";ed="In";};["000-offset.012"]={cf=cfr(0,0,0,-.575,-.818,.009,.818,-.575,-.03,.03,-.01,1);es="Linear";ed="In";};["000-offset.001"]={cf=cfr(0,0,0,1,.013,-.001,-.013,.997,-.077,0,.077,.997);es="Linear";ed="In";};["000-offset.010"]={cf=cfr(0,0,0,-.182,.983,0,-.983,-.182,0,0,0,1);es="Linear";ed="In";};["000-offset.013"]={cf=cfr(0,0,0,.619,.785,0,-.785,.619,0,0,0,1);es="Linear";ed="In";};["004-offset"]={cf=cfr(0,0,0,.071,-.997,0,.997,.071,0,0,0,1);es="Linear";ed="In";};["000-offset.002"]={cf=cfr(0,0,0,.998,.068,.008,-.069,.99,.121,0,-.121,.993);es="Linear";ed="In";};["000-offset.011"]={cf=cfr(0,0,0,.2,-.98,0,.98,.2,0,0,0,1);es="Linear";ed="In";};["000-offset.014"]={cf=cfr(0,0,0,.161,-.987,0,.987,.161,0,0,0,1);es="Linear";ed="In";};["000-offset.006"]={cf=cfr(0,0,0,.448,-.597,.665,.332,.802,.497,-.83,-.002,.558);es="Linear";ed="In";};["000-offset.003"]={cf=cfr(0,0,0,.147,-.979,.144,.831,.043,-.554,.536,.201,.82);es="Linear";ed="In";};["000-offset.007"]={cf=cfr(0,0,0,.542,-.841,0,.841,.542,0,0,0,1);es="Linear";ed="In";};["000-offset.004"]={cf=cfr(0,0,0,.723,-.69,0,.69,.723,0,0,0,1);es="Linear";ed="In";};["000-offset.008"]={cf=cfr(0,0,0,.95,-.31,.034,.304,.945,.121,-.069,-.105,.992);es="Linear";ed="In";};["000-offset.005"]={cf=cfr(0,0,0,.883,-.282,.375,.466,.621,-.63,-.055,.731,.68);es="Linear";ed="In";};};{tm=.375;["root"]={cf=cfr(0,2.439,0,0,0,1,0,1,0,-1,0,0);es="Linear";ed="In";};["000-offset"]={cf=cfr(0,0,0,.089,.996,0,-.996,.089,0,0,0,1);es="Linear";ed="In";};["004-offset.001"]={cf=cfr(0,0,0,-.079,-.996,.03,.93,-.085,-.357,.358,0,.934);es="Linear";ed="In";};["000-offset.009"]={cf=cfr(0,0,0,-.219,-.912,.346,.976,-.207,.073,.005,.353,.936);es="Linear";ed="In";};["000-offset.012"]={cf=cfr(0,0,0,-.544,-.839,.008,.838,-.544,-.031,.031,-.01,.999);es="Linear";ed="In";};["000-offset.001"]={cf=cfr(0,0,0,1,.012,-.001,-.012,.998,-.066,0,.066,.998);es="Linear";ed="In";};["000-offset.010"]={cf=cfr(0,0,0,-.201,.98,0,-.98,-.201,0,0,0,1);es="Linear";ed="In";};["000-offset.013"]={cf=cfr(0,0,0,.614,.789,0,-.789,.614,0,0,0,1);es="Linear";ed="In";};["004-offset"]={cf=cfr(0,0,0,.079,-.997,0,.997,.079,0,0,0,1);es="Linear";ed="In";};["000-offset.002"]={cf=cfr(0,0,0,.998,.067,.008,-.067,.991,.111,0,-.112,.994);es="Linear";ed="In";};["000-offset.011"]={cf=cfr(0,0,0,.176,-.984,0,.984,.176,0,0,0,1);es="Linear";ed="In";};["000-offset.014"]={cf=cfr(0,0,0,.13,-.992,0,.992,.13,0,0,0,1);es="Linear";ed="In";};["000-offset.006"]={cf=cfr(0,0,0,.431,-.645,.631,.372,.764,.527,-.822,.008,.569);es="Linear";ed="In";};["000-offset.003"]={cf=cfr(0,0,0,.202,-.973,.114,.822,.105,-.56,.533,.207,.821);es="Linear";ed="In";};["000-offset.007"]={cf=cfr(0,0,0,.555,-.832,0,.832,.555,0,0,0,1);es="Linear";ed="In";};["000-offset.004"]={cf=cfr(0,0,0,.729,-.685,0,.685,.729,0,0,0,1);es="Linear";ed="In";};["000-offset.008"]={cf=cfr(0,0,0,.946,-.323,.039,.314,.938,.149,-.085,-.129,.988);es="Linear";ed="In";};["000-offset.005"]={cf=cfr(0,0,0,.88,-.292,.374,.473,.61,-.636,-.042,.736,.675);es="Linear";ed="In";};};{tm=.417;["root"]={cf=cfr(0,2.467,0,0,0,1,0,1,0,-1,0,0);es="Linear";ed="In";};["000-offset"]={cf=cfr(0,0,0,.089,.996,0,-.996,.089,0,0,0,1);es="Linear";ed="In";};["004-offset.001"]={cf=cfr(0,0,0,-.152,-.987,.057,.925,-.162,-.345,.349,0,.937);es="Linear";ed="In";};["000-offset.009"]={cf=cfr(0,0,0,-.22,-.913,.343,.975,-.211,.067,.011,.349,.937);es="Linear";ed="In";};["000-offset.012"]={cf=cfr(0,0,0,-.51,-.86,.008,.86,-.51,-.032,.032,-.01,.999);es="Linear";ed="In";};["000-offset.001"]={cf=cfr(0,0,0,1,.011,-.001,-.011,.998,-.054,0,.054,.999);es="Linear";ed="In";};["000-offset.010"]={cf=cfr(0,0,0,-.217,.976,0,-.976,-.217,0,0,0,1);es="Linear";ed="In";};["000-offset.013"]={cf=cfr(0,0,0,.613,.79,0,-.79,.613,0,0,0,1);es="Linear";ed="In";};["004-offset"]={cf=cfr(0,0,0,.088,-.996,0,.996,.088,0,0,0,1);es="Linear";ed="In";};["000-offset.002"]={cf=cfr(0,0,0,.998,.065,.007,-.065,.993,.101,0,-.101,.995);es="Linear";ed="In";};["000-offset.011"]={cf=cfr(0,0,0,.152,-.988,0,.988,.152,0,0,0,1);es="Linear";ed="In";};["000-offset.014"]={cf=cfr(0,0,0,.071,-.997,0,.997,.071,0,0,0,1);es="Linear";ed="In";};["000-offset.006"]={cf=cfr(0,0,0,.408,-.693,.595,.413,.721,.556,-.814,.019,.58);es="Linear";ed="In";};["000-offset.003"]={cf=cfr(0,0,0,.26,-.962,.082,.808,.17,-.564,.529,.213,.821);es="Linear";ed="In";};["000-offset.007"]={cf=cfr(0,0,0,.569,-.822,0,.822,.569,0,0,0,1);es="Linear";ed="In";};["000-offset.004"]={cf=cfr(0,0,0,.735,-.678,0,.678,.735,0,0,0,1);es="Linear";ed="In";};["000-offset.008"]={cf=cfr(0,0,0,.941,-.337,.045,.324,.929,.179,-.102,-.153,.983);es="Linear";ed="In";};["000-offset.005"]={cf=cfr(0,0,0,.877,-.303,.374,.48,.598,-.641,-.029,.742,.67);es="Linear";ed="In";};};{tm=.458;["root"]={cf=cfr(0,2.496,0,0,0,1,0,1,0,-1,0,0);es="Linear";ed="In";};["000-offset"]={cf=cfr(0,0,0,.09,.996,0,-.996,.09,0,0,0,1);es="Linear";ed="In";};["004-offset.001"]={cf=cfr(0,0,0,-.232,-.969,.083,.913,-.246,-.325,.335,0,.942);es="Linear";ed="In";};["000-offset.009"]={cf=cfr(0,0,0,-.221,-.916,.335,.975,-.214,.058,.018,.34,.94);es="Linear";ed="In";};["000-offset.012"]={cf=cfr(0,0,0,-.473,-.881,.006,.881,-.473,-.033,.032,-.01,.999);es="Linear";ed="In";};["000-offset.001"]={cf=cfr(0,0,0,1,.01,0,-.01,.999,-.043,0,.043,.999);es="Linear";ed="In";};["000-offset.010"]={cf=cfr(0,0,0,-.229,.973,0,-.973,-.229,0,0,0,1);es="Linear";ed="In";};["000-offset.013"]={cf=cfr(0,0,0,.614,.789,0,-.789,.614,0,0,0,1);es="Linear";ed="In";};["004-offset"]={cf=cfr(0,0,0,.097,-.995,0,.995,.097,0,0,0,1);es="Linear";ed="In";};["000-offset.002"]={cf=cfr(0,0,0,.998,.061,.006,-.062,.994,.09,0,-.09,.996);es="Linear";ed="In";};["000-offset.011"]={cf=cfr(0,0,0,.129,-.992,0,.992,.129,0,0,0,1);es="Linear";ed="In";};["000-offset.014"]={cf=cfr(0,0,0,.019,-1,0,1,.019,0,0,0,1);es="Linear";ed="In";};["000-offset.006"]={cf=cfr(0,0,0,.38,-.74,.555,.455,.672,.584,-.805,.031,.592);es="Linear";ed="In";};["000-offset.003"]={cf=cfr(0,0,0,.32,-.946,.049,.789,.237,-.567,.525,.22,.822);es="Linear";ed="In";};["000-offset.007"]={cf=cfr(0,0,0,.583,-.812,0,.812,.583,0,0,0,1);es="Linear";ed="In";};["000-offset.004"]={cf=cfr(0,0,0,.741,-.672,0,.672,.741,0,0,0,1);es="Linear";ed="In";};["000-offset.008"]={cf=cfr(0,0,0,.935,-.352,.05,.335,.919,.209,-.119,-.179,.977);es="Linear";ed="In";};["000-offset.005"]={cf=cfr(0,0,0,.873,-.314,.373,.487,.586,-.648,-.015,.747,.664);es="Linear";ed="In";};};{tm=.5;["root"]={cf=cfr(0,2.524,0,0,0,1,0,1,0,-1,0,0);es="Linear";ed="In";};["000-offset"]={cf=cfr(0,0,0,.09,.996,0,-.996,.09,0,0,0,1);es="Linear";ed="In";};["004-offset.001"]={cf=cfr(0,0,0,-.317,-.943,.106,.894,-.334,-.298,.317,0,.949);es="Linear";ed="In";};["000-offset.009"]={cf=cfr(0,0,0,-.216,-.921,.324,.976,-.212,.047,.026,.326,.945);es="Linear";ed="In";};["000-offset.012"]={cf=cfr(0,0,0,-.433,-.901,.005,.901,-.433,-.033,.032,-.01,.999);es="Linear";ed="In";};["000-offset.001"]={cf=cfr(0,0,0,1,.009,0,-.009,.999,-.031,0,.031,1);es="Linear";ed="In";};["000-offset.010"]={cf=cfr(0,0,0,-.239,.971,0,-.971,-.239,0,0,0,1);es="Linear";ed="In";};["000-offset.013"]={cf=cfr(0,0,0,.619,.785,0,-.785,.619,0,0,0,1);es="Linear";ed="In";};["004-offset"]={cf=cfr(0,0,0,.106,-.994,0,.994,.106,0,0,0,1);es="Linear";ed="In";};["000-offset.002"]={cf=cfr(0,0,0,.998,.058,.005,-.058,.995,.078,0,-.078,.997);es="Linear";ed="In";};["000-offset.011"]={cf=cfr(0,0,0,.108,-.994,0,.994,.108,0,0,0,1);es="Linear";ed="In";};["000-offset.014"]={cf=cfr(0,0,0,.007,-1,0,1,.007,0,0,0,1);es="Linear";ed="In";};["000-offset.006"]={cf=cfr(0,0,0,.347,-.785,.513,.496,.618,.61,-.796,.043,.604);es="Linear";ed="In";};["000-offset.003"]={cf=cfr(0,0,0,.38,-.925,.014,.764,.305,-.568,.521,.226,.823);es="Linear";ed="In";};["000-offset.007"]={cf=cfr(0,0,0,.598,-.802,0,.802,.598,0,0,0,1);es="Linear";ed="In";};["000-offset.004"]={cf=cfr(0,0,0,.747,-.665,0,.665,.747,0,0,0,1);es="Linear";ed="In";};["000-offset.008"]={cf=cfr(0,0,0,.928,-.368,.054,.345,.907,.241,-.137,-.206,.969);es="Linear";ed="In";};["000-offset.005"]={cf=cfr(0,0,0,.869,-.325,.373,.495,.572,-.654,-.001,.753,.658);es="Linear";ed="In";};};{tm=.542;["root"]={cf=cfr(0,2.566,0,0,0,1,0,1,0,-1,0,0);es="Linear";ed="In";};["000-offset"]={cf=cfr(0,0,0,.091,.996,0,-.996,.091,0,0,0,1);es="Linear";ed="In";};["004-offset.001"]={cf=cfr(0,0,0,-.405,-.906,.124,.866,-.423,-.266,.294,0,.956);es="Linear";ed="In";};["000-offset.009"]={cf=cfr(0,0,0,-.206,-.928,.31,.978,-.207,.032,.034,.31,.95);es="Linear";ed="In";};["000-offset.012"]={cf=cfr(0,0,0,-.39,-.921,.004,.92,-.39,-.034,.032,-.01,.999);es="Linear";ed="In";};["000-offset.001"]={cf=cfr(0,0,0,1,.007,0,-.007,1,-.019,0,.019,1);es="Linear";ed="In";};["000-offset.010"]={cf=cfr(0,0,0,-.244,.97,0,-.97,-.244,0,0,0,1);es="Linear";ed="In";};["000-offset.013"]={cf=cfr(0,0,0,.626,.78,0,-.78,.626,0,0,0,1);es="Linear";ed="In";};["004-offset"]={cf=cfr(0,0,0,.115,-.993,0,.993,.115,0,0,0,1);es="Linear";ed="In";};["000-offset.002"]={cf=cfr(0,0,0,.999,.054,.004,-.054,.996,.066,0,-.066,.998);es="Linear";ed="In";};["000-offset.011"]={cf=cfr(0,0,0,.087,-.996,0,.996,.087,0,0,0,1);es="Linear";ed="In";};["000-offset.014"]={cf=cfr(0,0,0,.032,-.999,0,.999,.032,0,0,0,1);es="Linear";ed="In";};["000-offset.006"]={cf=cfr(0,0,0,.308,-.827,.47,.535,.559,.633,-.786,.057,.615);es="Linear";ed="In";};["000-offset.003"]={cf=cfr(0,0,0,.439,-.898,-.021,.734,.372,-.567,.518,.234,.823);es="Linear";ed="In";};["000-offset.007"]={cf=cfr(0,0,0,.613,-.79,0,.79,.613,0,0,0,1);es="Linear";ed="In";};["000-offset.004"]={cf=cfr(0,0,0,.754,-.657,0,.657,.754,0,0,0,1);es="Linear";ed="In";};["000-offset.008"]={cf=cfr(0,0,0,.922,-.384,.056,.356,.894,.274,-.156,-.232,.96);es="Linear";ed="In";};["000-offset.005"]={cf=cfr(0,0,0,.864,-.337,.373,.503,.558,-.66,.014,.758,.652);es="Linear";ed="In";};};{tm=.583;["root"]={cf=cfr(0,2.594,0,0,0,1,0,1,0,-1,0,0);es="Linear";ed="In";};["000-offset"]={cf=cfr(0,0,0,.091,.996,0,-.996,.091,0,0,0,1);es="Linear";ed="In";};["004-offset.001"]={cf=cfr(0,0,0,-.493,-.859,.137,.828,-.511,-.23,.268,0,.963);es="Linear";ed="In";};["000-offset.009"]={cf=cfr(0,0,0,-.193,-.936,.293,.98,-.197,.016,.043,.29,.956);es="Linear";ed="In";};["000-offset.012"]={cf=cfr(0,0,0,-.346,-.938,.002,.938,-.346,-.034,.032,-.01,.999);es="Linear";ed="In";};["000-offset.001"]={cf=cfr(0,0,0,1,.005,0,-.005,1,-.007,0,.007,1);es="Linear";ed="In";};["000-offset.010"]={cf=cfr(0,0,0,-.243,.97,0,-.97,-.243,0,0,0,1);es="Linear";ed="In";};["000-offset.013"]={cf=cfr(0,0,0,.634,.773,0,-.773,.634,0,0,0,1);es="Linear";ed="In";};["004-offset"]={cf=cfr(0,0,0,.125,-.992,0,.992,.125,0,0,0,1);es="Linear";ed="In";};["000-offset.002"]={cf=cfr(0,0,0,.999,.05,.003,-.05,.997,.053,0,-.053,.999);es="Linear";ed="In";};["000-offset.011"]={cf=cfr(0,0,0,.068,-.998,0,.998,.068,0,0,0,1);es="Linear";ed="In";};["000-offset.014"]={cf=cfr(0,0,0,.063,-.998,0,.998,.063,0,0,0,1);es="Linear";ed="In";};["000-offset.006"]={cf=cfr(0,0,0,.265,-.865,.426,.572,.497,.653,-.777,.071,.626);es="Linear";ed="In";};["000-offset.003"]={cf=cfr(0,0,0,.497,-.866,-.057,.7,.438,-.564,.514,.241,.824);es="Linear";ed="In";};["000-offset.007"]={cf=cfr(0,0,0,.627,-.779,0,.779,.627,0,0,0,1);es="Linear";ed="In";};["000-offset.004"]={cf=cfr(0,0,0,.76,-.65,0,.65,.76,0,0,0,1);es="Linear";ed="In";};["000-offset.008"]={cf=cfr(0,0,0,.914,-.401,.058,.366,.879,.306,-.174,-.258,.95);es="Linear";ed="In";};["000-offset.005"]={cf=cfr(0,0,0,.86,-.348,.374,.51,.544,-.666,.028,.763,.645);es="Linear";ed="In";};};{tm=.625;["root"]={cf=cfr(0,2.637,0,0,0,1,0,1,0,-1,0,0);es="Linear";ed="In";};["000-offset"]={cf=cfr(0,0,0,.092,.996,0,-.996,.092,0,0,0,1);es="Linear";ed="In";};["004-offset.001"]={cf=cfr(0,0,0,-.578,-.803,.143,.78,-.596,-.193,.24,0,.971);es="Linear";ed="In";};["000-offset.009"]={cf=cfr(0,0,0,-.176,-.946,.273,.983,-.184,-.002,.052,.268,.962);es="Linear";ed="In";};["000-offset.012"]={cf=cfr(0,0,0,-.299,-.954,0,.954,-.299,-.034,.032,-.01,.999);es="Linear";ed="In";};["000-offset.001"]={cf=cfr(0,0,0,1,.003,0,-.003,1,.004,0,-.004,1);es="Linear";ed="In";};["000-offset.010"]={cf=cfr(0,0,0,-.242,.97,0,-.97,-.242,0,0,0,1);es="Linear";ed="In";};["000-offset.013"]={cf=cfr(0,0,0,.643,.766,0,-.766,.643,0,0,0,1);es="Linear";ed="In";};["004-offset"]={cf=cfr(0,0,0,.135,-.991,0,.991,.135,0,0,0,1);es="Linear";ed="In";};["000-offset.002"]={cf=cfr(0,0,0,.999,.047,.002,-.047,.998,.04,0,-.04,.999);es="Linear";ed="In";};["000-offset.011"]={cf=cfr(0,0,0,.05,-.999,0,.999,.05,0,0,0,1);es="Linear";ed="In";};["000-offset.014"]={cf=cfr(0,0,0,.1,-.995,0,.995,.1,0,0,0,1);es="Linear";ed="In";};["000-offset.006"]={cf=cfr(0,0,0,.217,-.898,.382,.605,.431,.67,-.766,.085,.637);es="Linear";ed="In";};["000-offset.003"]={cf=cfr(0,0,0,.552,-.829,-.092,.66,.501,-.559,.51,.248,.824);es="Linear";ed="In";};["000-offset.007"]={cf=cfr(0,0,0,.642,-.767,0,.767,.642,0,0,0,1);es="Linear";ed="In";};["000-offset.004"]={cf=cfr(0,0,0,.766,-.643,0,.643,.766,0,0,0,1);es="Linear";ed="In";};["000-offset.008"]={cf=cfr(0,0,0,.906,-.419,.059,.376,.862,.338,-.192,-.284,.939);es="Linear";ed="In";};["000-offset.005"]={cf=cfr(0,0,0,.855,-.359,.375,.517,.529,-.672,.043,.768,.638);es="Linear";ed="In";};};{tm=.667;["root"]={cf=cfr(0,2.679,0,0,0,1,0,1,0,-1,0,0);es="Linear";ed="In";};["000-offset"]={cf=cfr(0,0,0,.093,.996,0,-.996,.093,0,0,0,1);es="Linear";ed="In";};["004-offset.001"]={cf=cfr(0,0,0,-.66,-.738,.142,.722,-.675,-.155,.21,0,.978);es="Linear";ed="In";};["000-offset.009"]={cf=cfr(0,0,0,-.156,-.955,.251,.986,-.166,-.019,.06,.244,.968);es="Linear";ed="In";};["000-offset.012"]={cf=cfr(0,0,0,-.251,-.968,-.001,.967,-.251,-.034,.032,-.01,.999);es="Linear";ed="In";};["000-offset.001"]={cf=cfr(0,0,0,1,.001,0,-.001,1,.016,0,-.016,1);es="Linear";ed="In";};["000-offset.010"]={cf=cfr(0,0,0,-.234,.972,0,-.972,-.234,0,0,0,1);es="Linear";ed="In";};["000-offset.013"]={cf=cfr(0,0,0,.653,.757,0,-.757,.653,0,0,0,1);es="Linear";ed="In";};["004-offset"]={cf=cfr(0,0,0,.144,-.99,0,.99,.144,0,0,0,1);es="Linear";ed="In";};["000-offset.002"]={cf=cfr(0,0,0,.999,.045,.001,-.045,.999,.027,0,-.027,1);es="Linear";ed="In";};["000-offset.011"]={cf=cfr(0,0,0,.034,-.999,0,.999,.034,0,0,0,1);es="Linear";ed="In";};["000-offset.014"]={cf=cfr(0,0,0,.142,-.99,0,.99,.142,0,0,0,1);es="Linear";ed="In";};["000-offset.006"]={cf=cfr(0,0,0,.166,-.926,.338,.633,.363,.684,-.756,.1,.647);es="Linear";ed="In";};["000-offset.003"]={cf=cfr(0,0,0,.603,-.788,-.126,.617,.561,-.552,.506,.255,.824);es="Linear";ed="In";};["000-offset.007"]={cf=cfr(0,0,0,.656,-.755,0,.755,.656,0,0,0,1);es="Linear";ed="In";};["000-offset.004"]={cf=cfr(0,0,0,.772,-.636,0,.636,.772,0,0,0,1);es="Linear";ed="In";};["000-offset.008"]={cf=cfr(0,0,0,.898,-.436,.058,.386,.845,.37,-.211,-.309,.927);es="Linear";ed="In";};["000-offset.005"]={cf=cfr(0,0,0,.85,-.37,.376,.524,.515,-.678,.058,.773,.631);es="Linear";ed="In";};};{tm=.708;["root"]={cf=cfr(0,2.707,0,0,0,1,0,1,0,-1,0,0);es="Linear";ed="In";};["000-offset"]={cf=cfr(0,0,0,.095,.995,0,-.995,.095,0,0,0,1);es="Linear";ed="In";};["004-offset.001"]={cf=cfr(0,0,0,-.734,-.666,.133,.656,-.746,-.119,.179,0,.984);es="Linear";ed="In";};["000-offset.009"]={cf=cfr(0,0,0,-.133,-.965,.227,.989,-.145,-.037,.069,.22,.973);es="Linear";ed="In";};["000-offset.012"]={cf=cfr(0,0,0,-.202,-.979,-.003,.979,-.201,-.033,.032,-.01,.999);es="Linear";ed="In";};["000-offset.001"]={cf=cfr(0,0,0,1,-.001,0,.001,1,.028,0,-.028,1);es="Linear";ed="In";};["000-offset.010"]={cf=cfr(0,0,0,-.222,.975,0,-.975,-.222,0,0,0,1);es="Linear";ed="In";};["000-offset.013"]={cf=cfr(0,0,0,.663,.749,0,-.749,.663,0,0,0,1);es="Linear";ed="In";};["004-offset"]={cf=cfr(0,0,0,.153,-.988,0,.988,.153,0,0,0,1);es="Linear";ed="In";};["000-offset.002"]={cf=cfr(0,0,0,.999,.043,.001,-.043,.999,.014,0,-.014,1);es="Linear";ed="In";};["000-offset.011"]={cf=cfr(0,0,0,.019,-1,0,1,.019,0,0,0,1);es="Linear";ed="In";};["000-offset.014"]={cf=cfr(0,0,0,.186,-.983,0,.983,.186,0,0,0,1);es="Linear";ed="In";};["000-offset.006"]={cf=cfr(0,0,0,.114,-.949,.295,.656,.295,.695,-.746,.115,.656);es="Linear";ed="In";};["000-offset.003"]={cf=cfr(0,0,0,.65,-.743,-.159,.571,.616,-.543,.502,.262,.825);es="Linear";ed="In";};["000-offset.007"]={cf=cfr(0,0,0,.669,-.743,0,.743,.669,0,0,0,1);es="Linear";ed="In";};["000-offset.004"]={cf=cfr(0,0,0,.778,-.628,0,.628,.778,0,0,0,1);es="Linear";ed="In";};["000-offset.008"]={cf=cfr(0,0,0,.89,-.453,.057,.396,.827,.4,-.228,-.333,.915);es="Linear";ed="In";};["000-offset.005"]={cf=cfr(0,0,0,.844,-.381,.377,.531,.5,-.684,.072,.778,.625);es="Linear";ed="In";};};{tm=.75;["root"]={cf=cfr(0,2.749,0,0,0,1,0,1,0,-1,0,0);es="Linear";ed="In";};["000-offset"]={cf=cfr(0,0,0,.097,.995,0,-.995,.097,0,0,0,1);es="Linear";ed="In";};["004-offset.001"]={cf=cfr(0,0,0,-.799,-.59,.119,.583,-.808,-.087,.147,0,.989);es="Linear";ed="In";};["000-offset.009"]={cf=cfr(0,0,0,-.108,-.973,.202,.991,-.121,-.054,.077,.195,.978);es="Linear";ed="In";};["000-offset.012"]={cf=cfr(0,0,0,-.152,-.988,-.005,.988,-.151,-.033,.032,-.009,.999);es="Linear";ed="In";};["000-offset.001"]={cf=cfr(0,0,0,1,-.004,0,.004,.999,.039,0,-.039,.999);es="Linear";ed="In";};["000-offset.010"]={cf=cfr(0,0,0,-.203,.979,0,-.979,-.203,0,0,0,1);es="Linear";ed="In";};["000-offset.013"]={cf=cfr(0,0,0,.672,.74,0,-.74,.672,0,0,0,1);es="Linear";ed="In";};["004-offset"]={cf=cfr(0,0,0,.162,-.987,0,.987,.162,0,0,0,1);es="Linear";ed="In";};["000-offset.002"]={cf=cfr(0,0,0,.999,.042,0,-.042,.999,0,0,0,1);es="Linear";ed="In";};["000-offset.011"]={cf=cfr(0,0,0,.005,-1,0,1,.005,0,0,0,1);es="Linear";ed="In";};["000-offset.014"]={cf=cfr(0,0,0,.232,-.973,0,.973,.232,0,0,0,1);es="Linear";ed="In";};["000-offset.006"]={cf=cfr(0,0,0,.06,-.965,.254,.674,.227,.703,-.736,.13,.665);es="Linear";ed="In";};["000-offset.003"]={cf=cfr(0,0,0,.692,-.697,-.191,.523,.665,-.532,.498,.268,.825);es="Linear";ed="In";};["000-offset.007"]={cf=cfr(0,0,0,.682,-.731,0,.731,.682,0,0,0,1);es="Linear";ed="In";};["000-offset.004"]={cf=cfr(0,0,0,.784,-.621,0,.621,.784,0,0,0,1);es="Linear";ed="In";};["000-offset.008"]={cf=cfr(0,0,0,.881,-.47,.054,.404,.808,.429,-.245,-.356,.902);es="Linear";ed="In";};["000-offset.005"]={cf=cfr(0,0,0,.839,-.391,.378,.537,.486,-.689,.086,.782,.618);es="Linear";ed="In";};};{tm=.792;["root"]={cf=cfr(0,2.792,0,0,0,1,0,1,0,-1,0,0);es="Linear";ed="In";};["000-offset"]={cf=cfr(0,0,0,.098,.995,0,-.995,.098,0,0,0,1);es="Linear";ed="In";};["004-offset.001"]={cf=cfr(0,0,0,-.854,-.51,.1,.507,-.86,-.06,.117,0,.993);es="Linear";ed="In";};["000-offset.009"]={cf=cfr(0,0,0,-.08,-.981,.177,.993,-.093,-.07,.085,.17,.982);es="Linear";ed="In";};["000-offset.012"]={cf=cfr(0,0,0,-.102,-.995,-.006,.994,-.101,-.032,.031,-.009,.999);es="Linear";ed="In";};["000-offset.001"]={cf=cfr(0,0,0,1,-.006,0,.006,.999,.051,0,-.051,.999);es="Linear";ed="In";};["000-offset.010"]={cf=cfr(0,0,0,-.18,.984,0,-.984,-.18,0,0,0,1);es="Linear";ed="In";};["000-offset.013"]={cf=cfr(0,0,0,.681,.732,0,-.732,.681,0,0,0,1);es="Linear";ed="In";};["004-offset"]={cf=cfr(0,0,0,.171,-.985,0,.985,.171,0,0,0,1);es="Linear";ed="In";};["000-offset.002"]={cf=cfr(0,0,0,.999,.04,-.001,-.04,.999,-.013,0,.013,1);es="Linear";ed="In";};["000-offset.011"]={cf=cfr(0,0,0,-.007,-1,0,1,-.007,0,0,0,1);es="Linear";ed="In";};["000-offset.014"]={cf=cfr(0,0,0,.278,-.96,0,.96,.278,0,0,0,1);es="Linear";ed="In";};["000-offset.006"]={cf=cfr(0,0,0,.006,-.976,.216,.687,.161,.708,-.726,.144,.672);es="Linear";ed="In";};["000-offset.003"]={cf=cfr(0,0,0,.728,-.649,-.22,.474,.71,-.521,.494,.275,.825);es="Linear";ed="In";};["000-offset.007"]={cf=cfr(0,0,0,.695,-.719,0,.719,.695,0,0,0,1);es="Linear";ed="In";};["000-offset.004"]={cf=cfr(0,0,0,.789,-.614,0,.614,.789,0,0,0,1);es="Linear";ed="In";};["000-offset.008"]={cf=cfr(0,0,0,.873,-.486,.051,.413,.788,.456,-.262,-.377,.888);es="Linear";ed="In";};["000-offset.005"]={cf=cfr(0,0,0,.834,-.401,.38,.543,.471,-.695,.099,.785,.611);es="Linear";ed="In";};};{tm=.833;["root"]={cf=cfr(0,2.82,0,0,0,1,0,1,0,-1,0,0);es="Linear";ed="In";};["000-offset"]={cf=cfr(0,0,0,.1,.995,0,-.995,.1,0,0,0,1);es="Linear";ed="In";};["004-offset.001"]={cf=cfr(0,0,0,-.899,-.431,.079,.43,-.902,-.038,.087,0,.996);es="Linear";ed="In";};["000-offset.009"]={cf=cfr(0,0,0,-.049,-.987,.152,.995,-.063,-.083,.092,.147,.985);es="Linear";ed="In";};["000-offset.012"]={cf=cfr(0,0,0,-.052,-.999,-.008,.998,-.051,-.031,.031,-.009,.999);es="Linear";ed="In";};["000-offset.001"]={cf=cfr(0,0,0,1,-.008,0,.008,.998,.062,0,-.062,.998);es="Linear";ed="In";};["000-offset.010"]={cf=cfr(0,0,0,-.15,.989,0,-.989,-.15,0,0,0,1);es="Linear";ed="In";};["000-offset.013"]={cf=cfr(0,0,0,.688,.726,0,-.726,.688,0,0,0,1);es="Linear";ed="In";};["004-offset"]={cf=cfr(0,0,0,.179,-.984,0,.984,.179,0,0,0,1);es="Linear";ed="In";};["000-offset.002"]={cf=cfr(0,0,0,.999,.039,-.001,-.039,.999,-.026,0,.026,1);es="Linear";ed="In";};["000-offset.011"]={cf=cfr(0,0,0,-.017,-1,0,1,-.017,0,0,0,1);es="Linear";ed="In";};["000-offset.014"]={cf=cfr(0,0,0,.324,-.946,0,.946,.324,0,0,0,1);es="Linear";ed="In";};["000-offset.006"]={cf=cfr(0,0,0,-.046,-.983,.18,.696,.097,.712,-.717,.158,.679);es="Linear";ed="In";};["000-offset.003"]={cf=cfr(0,0,0,.76,-.601,-.248,.426,.748,-.508,.491,.281,.825);es="Linear";ed="In";};["000-offset.007"]={cf=cfr(0,0,0,.706,-.708,0,.708,.706,0,0,0,1);es="Linear";ed="In";};["000-offset.004"]={cf=cfr(0,0,0,.794,-.608,0,.608,.794,0,0,0,1);es="Linear";ed="In";};["000-offset.008"]={cf=cfr(0,0,0,.864,-.501,.046,.42,.769,.482,-.277,-.397,.875);es="Linear";ed="In";};["000-offset.005"]={cf=cfr(0,0,0,.828,-.41,.382,.549,.458,-.699,.112,.789,.605);es="Linear";ed="In";};};{tm=.875;["root"]={cf=cfr(0,2.848,0,0,0,1,0,1,0,-1,0,0);es="Linear";ed="In";};["000-offset"]={cf=cfr(0,0,0,.102,.995,0,-.995,.102,0,0,0,1);es="Linear";ed="In";};["004-offset.001"]={cf=cfr(0,0,0,-.933,-.355,.056,.354,-.935,-.021,.06,0,.998);es="Linear";ed="In";};["000-offset.009"]={cf=cfr(0,0,0,-.017,-.992,.128,.995,-.03,-.095,.098,.126,.987);es="Linear";ed="In";};["000-offset.012"]={cf=cfr(0,0,0,-.002,-1,-.009,1,-.002,-.031,.031,-.009,.999);es="Linear";ed="In";};["000-offset.001"]={cf=cfr(0,0,0,1,-.01,-.001,.01,.997,.072,0,-.072,.997);es="Linear";ed="In";};["000-offset.010"]={cf=cfr(0,0,0,-.113,.994,0,-.994,-.113,0,0,0,1);es="Linear";ed="In";};["000-offset.013"]={cf=cfr(0,0,0,.693,.721,0,-.721,.693,0,0,0,1);es="Linear";ed="In";};["004-offset"]={cf=cfr(0,0,0,.186,-.983,0,.983,.186,0,0,0,1);es="Linear";ed="In";};["000-offset.002"]={cf=cfr(0,0,0,.999,.038,-.001,-.038,.999,-.04,0,.04,.999);es="Linear";ed="In";};["000-offset.011"]={cf=cfr(0,0,0,-.025,-1,0,1,-.025,0,0,0,1);es="Linear";ed="In";};["000-offset.014"]={cf=cfr(0,0,0,.367,-.93,0,.93,.367,0,0,0,1);es="Linear";ed="In";};["000-offset.006"]={cf=cfr(0,0,0,-.096,-.984,.147,.7,.039,.713,-.708,.171,.685);es="Linear";ed="In";};["000-offset.003"]={cf=cfr(0,0,0,.786,-.554,-.272,.379,.781,-.496,.488,.287,.825);es="Linear";ed="In";};["000-offset.007"]={cf=cfr(0,0,0,.716,-.698,0,.698,.716,0,0,0,1);es="Linear";ed="In";};["000-offset.004"]={cf=cfr(0,0,0,.799,-.602,0,.602,.799,0,0,0,1);es="Linear";ed="In";};["000-offset.008"]={cf=cfr(0,0,0,.856,-.515,.041,.427,.75,.505,-.291,-.415,.862);es="Linear";ed="In";};["000-offset.005"]={cf=cfr(0,0,0,.823,-.418,.383,.554,.445,-.703,.123,.792,.598);es="Linear";ed="In";};};{tm=.917;["root"]={cf=cfr(0,2.89,0,0,0,1,0,1,0,-1,0,0);es="Linear";ed="In";};["000-offset"]={cf=cfr(0,0,0,.104,.995,0,-.995,.104,0,0,0,1);es="Linear";ed="In";};["004-offset.001"]={cf=cfr(0,0,0,-.958,-.283,.035,.283,-.959,-.01,.036,0,.999);es="Linear";ed="In";};["000-offset.009"]={cf=cfr(0,0,0,.016,-.994,.106,.995,.005,-.104,.103,.107,.989);es="Linear";ed="In";};["000-offset.012"]={cf=cfr(0,0,0,.046,-.999,-.011,.999,.046,-.03,.03,-.01,.999);es="Linear";ed="In";};["000-offset.001"]={cf=cfr(0,0,0,1,-.013,-.001,.013,.996,.083,0,-.083,.997);es="Linear";ed="In";};["000-offset.010"]={cf=cfr(0,0,0,-.07,.998,0,-.998,-.07,0,0,0,1);es="Linear";ed="In";};["000-offset.013"]={cf=cfr(0,0,0,.697,.718,0,-.718,.697,0,0,0,1);es="Linear";ed="In";};["004-offset"]={cf=cfr(0,0,0,.193,-.981,0,.981,.193,0,0,0,1);es="Linear";ed="In";};["000-offset.002"]={cf=cfr(0,0,0,.999,.036,-.002,-.036,.998,-.052,0,.052,.999);es="Linear";ed="In";};["000-offset.011"]={cf=cfr(0,0,0,-.031,-1,0,1,-.031,0,0,0,1);es="Linear";ed="In";};["000-offset.014"]={cf=cfr(0,0,0,.407,-.914,0,.914,.407,0,0,0,1);es="Linear";ed="In";};["000-offset.006"]={cf=cfr(0,0,0,-.141,-.983,.118,.7,-.015,.714,-.7,.183,.69);es="Linear";ed="In";};["000-offset.003"]={cf=cfr(0,0,0,.808,-.51,-.294,.335,.809,-.483,.485,.292,.825);es="Linear";ed="In";};["000-offset.007"]={cf=cfr(0,0,0,.725,-.688,0,.688,.725,0,0,0,1);es="Linear";ed="In";};["000-offset.004"]={cf=cfr(0,0,0,.803,-.596,0,.596,.803,0,0,0,1);es="Linear";ed="In";};["000-offset.008"]={cf=cfr(0,0,0,.849,-.527,.036,.433,.733,.525,-.304,-.43,.85);es="Linear";ed="In";};["000-offset.005"]={cf=cfr(0,0,0,.819,-.426,.385,.558,.434,-.707,.134,.794,.593);es="Linear";ed="In";};};{tm=.958;["root"]={cf=cfr(0,2.933,0,0,0,1,0,1,0,-1,0,0);es="Linear";ed="In";};["000-offset"]={cf=cfr(0,0,0,.106,.994,0,-.994,.106,0,0,0,1);es="Linear";ed="In";};["004-offset.001"]={cf=cfr(0,0,0,-.976,-.219,.015,.219,-.976,-.003,.016,0,1);es="Linear";ed="In";};["000-offset.009"]={cf=cfr(0,0,0,.051,-.995,.086,.993,.041,-.111,.107,.091,.99);es="Linear";ed="In";};["000-offset.012"]={cf=cfr(0,0,0,.092,-.996,-.013,.995,.092,-.029,.03,-.01,.999);es="Linear";ed="In";};["000-offset.001"]={cf=cfr(0,0,0,1,-.015,-.001,.015,.996,.093,0,-.093,.996);es="Linear";ed="In";};["000-offset.010"]={cf=cfr(0,0,0,-.02,1,0,-1,-.02,0,0,0,1);es="Linear";ed="In";};["000-offset.013"]={cf=cfr(0,0,0,.697,.717,0,-.717,.697,0,0,0,1);es="Linear";ed="In";};["004-offset"]={cf=cfr(0,0,0,.199,-.98,0,.98,.199,0,0,0,1);es="Linear";ed="In";};["000-offset.002"]={cf=cfr(0,0,0,.999,.035,-.002,-.035,.997,-.065,0,.065,.998);es="Linear";ed="In";};["000-offset.011"]={cf=cfr(0,0,0,-.036,-.999,0,.999,-.036,0,0,0,1);es="Linear";ed="In";};["000-offset.014"]={cf=cfr(0,0,0,.442,-.897,0,.897,.442,0,0,0,1);es="Linear";ed="In";};["000-offset.006"]={cf=cfr(0,0,0,-.182,-.979,.092,.698,-.063,.714,-.693,.194,.695);es="Linear";ed="In";};["000-offset.003"]={cf=cfr(0,0,0,.825,-.471,-.313,.295,.831,-.471,.482,.296,.825);es="L