local cfr = CFrame.new

return {{tm=0;["RootNode"]={cf=cfr(0,0,0,-1,0,0,0,1,0,0,0,-1);es="Linear";ed="In";};["root"]={cf=cfr(0,2.397,0,0,0,1,0,1,0,-1,0,0);es="Linear";ed="In";};["000-offset"]={cf=cfr(0,0,0,-.214,.977,0,-.977,-.214,0,0,0,1);es="Linear";ed="In";};["004-offset.001"]={cf=cfr(0,0,0,-.015,-1,0,1,-.015,0,0,0,1);es="Linear";ed="In";};["006-offset"]={cf=cfr(0,0,0,-.015,-1,0,1,-.015,0,0,0,1);es="Linear";ed="In";};["000-offset.009"]={cf=cfr(0,0,0,-.412,-.275,.869,.783,-.594,.184,.466,.756,.46);es="Linear";ed="In";};["000-offset.012"]={cf=cfr(0,0,0,-.569,-.457,-.683,.712,-.69,-.132,-.411,-.561,.718);es="Linear";ed="In";};["000-offset.001"]={cf=cfr(0,0,0,.766,.643,0,-.643,.766,0,0,0,1);es="Linear";ed="In";};["000-offset.010"]={cf=cfr(0,0,0,.611,.792,0,-.792,.611,0,0,0,1);es="Linear";ed="In";};["000-offset.013"]={cf=cfr(0,0,0,.736,.677,0,-.677,.736,0,0,0,1);es="Linear";ed="In";};["004-offset"]={cf=cfr(0,0,0,.035,-.999,0,.999,.035,0,0,0,1);es="Linear";ed="In";};["002-offset"]={cf=cfr(0,0,0,.035,-.999,0,.999,.035,0,0,0,1);es="Linear";ed="In";};["000-offset.002"]={cf=cfr(0,0,0,.82,-.572,0,.572,.82,0,0,0,1);es="Linear";ed="In";};["000-offset.011"]={cf=cfr(0,0,0,-.018,-1,0,1,-.018,0,0,0,1);es="Linear";ed="In";};["000-offset.014"]={cf=cfr(0,0,0,.239,-.971,-.005,.971,.239,-.019,.02,0,1);es="Linear";ed="In";};["000-offset.006"]={cf=cfr(0,0,0,-.732,-.661,.165,.366,-.177,.914,-.574,.729,.371);es="Linear";ed="In";};["000-offset.003"]={cf=cfr(0,0,0,-.752,-.596,-.281,.456,-.163,-.875,.476,-.786,.394);es="Linear";ed="In";};["000-offset.007"]={cf=cfr(0,0,0,.773,-.635,0,.635,.773,0,0,0,1);es="Linear";ed="In";};["000-offset.004"]={cf=cfr(0,0,0,.883,-.469,0,.469,.883,0,0,0,1);es="Linear";ed="In";};["000-offset.008"]={cf=cfr(0,0,0,.966,-.26,0,.26,.966,0,0,0,1);es="Linear";ed="In";};["000-offset.005"]={cf=cfr(0,0,0,.888,-.438,-.143,.432,.899,-.07,.159,0,.987);es="Linear";ed="In";};};{tm=.042;["root"]={cf=cfr(0,2.397,0,0,0,1,0,1,0,-1,0,0);es="Linear";ed="In";};["000-offset"]={cf=cfr(0,0,0,-.216,.976,0,-.976,-.216,0,0,0,1);es="Linear";ed="In";};["000-offset.009"]={cf=cfr(0,0,0,-.415,-.272,.868,.78,-.597,.186,.468,.754,.46);es="Linear";ed="In";};["000-offset.012"]={cf=cfr(0,0,0,-.573,-.453,-.683,.707,-.694,-.133,-.414,-.559,.718);es="Linear";ed="In";};["000-offset.001"]={cf=cfr(0,0,0,.761,.649,0,-.649,.761,0,0,0,1);es="Linear";ed="In";};["000-offset.010"]={cf=cfr(0,0,0,.606,.795,0,-.795,.606,0,0,0,1);es="Linear";ed="In";};["000-offset.013"]={cf=cfr(0,0,0,.729,.684,0,-.684,.729,0,0,0,1);es="Linear";ed="In";};["000-offset.002"]={cf=cfr(0,0,0,.811,-.585,0,.585,.811,0,0,0,1);es="Linear";ed="In";};["000-offset.011"]={cf=cfr(0,0,0,-.021,-1,0,1,-.021,0,0,0,1);es="Linear";ed="In";};["000-offset.014"]={cf=cfr(0,0,0,.233,-.972,-.005,.972,.233,-.019,.02,0,1);es="Linear";ed="In";};["000-offset.003"]={cf=cfr(0,0,0,-.754,-.595,-.276,.45,-.163,-.878,.478,-.787,.391);es="Linear";ed="In";};["000-offset.006"]={cf=cfr(0,0,0,-.735,-.658,.162,.362,-.179,.915,-.573,.731,.37);es="Linear";ed="In";};["000-offset.004"]={cf=cfr(0,0,0,.884,-.467,0,.467,.884,0,0,0,1);es="Linear";ed="In";};["000-offset.007"]={cf=cfr(0,0,0,.775,-.631,0,.631,.775,0,0,0,1);es="Linear";ed="In";};};{tm=.083;["root"]={cf=cfr(0,2.383,0,0,0,1,0,1,0,-1,0,0);es="Linear";ed="In";};["000-offset"]={cf=cfr(0,0,0,-.222,.975,0,-.975,-.222,0,0,0,1);es="Linear";ed="In";};["000-offset.009"]={cf=cfr(0,0,0,-.422,-.266,.867,.773,-.605,.191,.474,.751,.461);es="Linear";ed="In";};["000-offset.012"]={cf=cfr(0,0,0,-.584,-.441,-.681,.694,-.706,-.138,-.421,-.554,.719);es="Linear";ed="In";};["000-offset.001"]={cf=cfr(0,0,0,.749,.663,0,-.663,.749,0,0,0,1);es="Linear";ed="In";};["000-offset.010"]={cf=cfr(0,0,0,.594,.805,0,-.805,.594,0,0,0,1);es="Linear";ed="In";};["000-offset.013"]={cf=cfr(0,0,0,.709,.705,0,-.705,.709,0,0,0,1);es="Linear";ed="In";};["000-offset.002"]={cf=cfr(0,0,0,.787,-.617,0,.617,.787,0,0,0,1);es="Linear";ed="In";};["000-offset.011"]={cf=cfr(0,0,0,-.029,-1,0,1,-.029,0,0,0,1);es="Linear";ed="In";};["000-offset.014"]={cf=cfr(0,0,0,.217,-.976,-.005,.976,.217,-.019,.02,0,1);es="Linear";ed="In";};["000-offset.003"]={cf=cfr(0,0,0,-.76,-.594,-.263,.434,-.163,-.886,.484,-.787,.382);es="Linear";ed="In";};["000-offset.006"]={cf=cfr(0,0,0,-.743,-.651,.154,.35,-.183,.919,-.57,.736,.364);es="Linear";ed="In";};["000-offset.004"]={cf=cfr(0,0,0,.886,-.464,0,.464,.886,0,0,0,1);es="Linear";ed="In";};["000-offset.007"]={cf=cfr(0,0,0,.783,-.622,0,.622,.783,0,0,0,1);es="Linear";ed="In";};};{tm=.125;["root"]={cf=cfr(0,2.369,0,0,0,1,0,1,0,-1,0,0);es="Linear";ed="In";};["000-offset"]={cf=cfr(0,0,0,-.231,.973,0,-.973,-.231,0,0,0,1);es="Linear";ed="In";};["000-offset.009"]={cf=cfr(0,0,0,-.432,-.255,.865,.762,-.616,.199,.482,.745,.461);es="Linear";ed="In";};["000-offset.012"]={cf=cfr(0,0,0,-.599,-.423,-.68,.675,-.723,-.145,-.43,-.546,.719);es="Linear";ed="In";};["000-offset.001"]={cf=cfr(0,0,0,.73,.684,0,-.684,.73,0,0,0,1);es="Linear";ed="In";};["000-offset.010"]={cf=cfr(0,0,0,.575,.818,0,-.818,.575,0,0,0,1);es="Linear";ed="In";};["000-offset.013"]={cf=cfr(0,0,0,.68,.733,0,-.733,.68,0,0,0,1);es="Linear";ed="In";};["000-offset.002"]={cf=cfr(0,0,0,.751,-.661,0,.661,.751,0,0,0,1);es="Linear";ed="In";};["000-offset.011"]={cf=cfr(0,0,0,-.04,-.999,0,.999,-.04,0,0,0,1);es="Linear";ed="In";};["000-offset.014"]={cf=cfr(0,0,0,.194,-.981,-.005,.981,.194,-.019,.02,-.001,1);es="Linear";ed="In";};["000-offset.003"]={cf=cfr(0,0,0,-.767,-.593,-.244,.411,-.163,-.897,.493,-.788,.368);es="Linear";ed="In";};["000-offset.006"]={cf=cfr(0,0,0,-.755,-.641,.141,.333,-.189,.924,-.566,.744,.356);es="Linear";ed="In";};["000-offset.004"]={cf=cfr(0,0,0,.888,-.459,0,.459,.888,0,0,0,1);es="Linear";ed="In";};["000-offset.007"]={cf=cfr(0,0,0,.794,-.608,0,.608,.794,0,0,0,1);es="Linear";ed="In";};};{tm=.167;["root"]={cf=cfr(0,2.355,0,0,0,1,0,1,0,-1,0,0);es="Linear";ed="In";};["000-offset"]={cf=cfr(0,0,0,-.241,.97,0,-.97,-.241,0,0,0,1);es="Linear";ed="In";};["000-offset.009"]={cf=cfr(0,0,0,-.444,-.243,.863,.749,-.629,.208,.492,.739,.461);es="Linear";ed="In";};["000-offset.012"]={cf=cfr(0,0,0,-.617,-.401,-.677,.652,-.743,-.154,-.442,-.536,.719);es="Linear";ed="In";};["000-offset.001"]={cf=cfr(0,0,0,.706,.708,0,-.708,.706,0,0,0,1);es="Linear";ed="In";};["000-offset.010"]={cf=cfr(0,0,0,.551,.835,0,-.835,.551,0,0,0,1);es="Linear";ed="In";};["000-offset.013"]={cf=cfr(0,0,0,.644,.765,0,-.765,.644,0,0,0,1);es="Linear";ed="In";};["000-offset.002"]={cf=cfr(0,0,0,.708,-.706,0,.706,.708,0,0,0,1);es="Linear";ed="In";};["000-offset.011"]={cf=cfr(0,0,0,-.054,-.999,0,.999,-.054,0,0,0,1);es="Linear";ed="In";};["000-offset.014"]={cf=cfr(0,0,0,.166,-.986,-.005,.986,.166,-.019,.02,-.001,1);es="Linear";ed="In";};["000-offset.003"]={cf=cfr(0,0,0,-.775,-.592,-.22,.382,-.162,-.91,.503,-.789,.352);es="Linear";ed="In";};["000-offset.006"]={cf=cfr(0,0,0,-.768,-.628,.125,.311,-.196,.93,-.56,.753,.346);es="Linear";ed="In";};["000-offset.004"]={cf=cfr(0,0,0,.891,-.453,0,.453,.891,0,0,0,1);es="Linear";ed="In";};["000-offset.007"]={cf=cfr(0,0,0,.807,-.59,0,.59,.807,0,0,0,1);es="Linear";ed="In";};};{tm=.208;["root"]={cf=cfr(0,2.326,0,0,0,1,0,1,0,-1,0,0);es="Linear";ed="In";};["000-offset"]={cf=cfr(0,0,0,-.253,.968,0,-.968,-.253,0,0,0,1);es="Linear";ed="In";};["000-offset.009"]={cf=cfr(0,0,0,-.456,-.229,.86,.734,-.643,.218,.503,.731,.461);es="Linear";ed="In";};["000-offset.012"]={cf=cfr(0,0,0,-.634,-.377,-.675,.627,-.762,-.162,-.454,-.526,.719);es="Linear";ed="In";};["000-offset.001"]={cf=cfr(0,0,0,.679,.734,0,-.734,.679,0,0,0,1);es="Linear";ed="In";};["000-offset.010"]={cf=cfr(0,0,0,.525,.851,0,-.851,.525,0,0,0,1);es="Linear";ed="In";};["000-offset.013"]={cf=cfr(0,0,0,.604,.797,0,-.797,.604,0,0,0,1);es="Linear";ed="In";};["000-offset.002"]={cf=cfr(0,0,0,.666,-.746,0,.746,.666,0,0,0,1);es="Linear";ed="In";};["000-offset.011"]={cf=cfr(0,0,0,-.068,-.998,0,.998,-.068,0,0,0,1);es="Linear";ed="In";};["000-offset.014"]={cf=cfr(0,0,0,.136,-.991,-.005,.99,.136,-.019,.02,-.002,1);es="Linear";ed="In";};["000-offset.003"]={cf=cfr(0,0,0,-.782,-.592,-.193,.351,-.162,-.922,.515,-.789,.334);es="Linear";ed="In";};["000-offset.006"]={cf=cfr(0,0,0,-.781,-.615,.107,.287,-.202,.936,-.554,.762,.335);es="Linear";ed="In";};["000-offset.004"]={cf=cfr(0,0,0,.895,-.446,0,.446,.895,0,0,0,1);es="Linear";ed="In";};["000-offset.007"]={cf=cfr(0,0,0,.821,-.571,0,.571,.821,0,0,0,1);es="Linear";ed="In";};};{tm=.25;["root"]={cf=cfr(0,2.312,0,0,0,1,0,1,0,-1,0,0);es="Linear";ed="In";};["000-offset"]={cf=cfr(0,0,0,-.264,.964,0,-.964,-.264,0,0,0,1);es="Linear";ed="In";};["000-offset.009"]={cf=cfr(0,0,0,-.468,-.214,.858,.719,-.656,.228,.514,.724,.461);es="Linear";ed="In";};["000-offset.012"]={cf=cfr(0,0,0,-.649,-.354,-.674,.602,-.78,-.171,-.465,-.516,.719);es="Linear";ed="In";};["000-offset.001"]={cf=cfr(0,0,0,.652,.758,0,-.758,.652,0,0,0,1);es="Linear";ed="In";};["000-offset.010"]={cf=cfr(0,0,0,.498,.867,0,-.867,.498,0,0,0,1);es="Linear";ed="In";};["000-offset.013"]={cf=cfr(0,0,0,.565,.825,0,-.825,.565,0,0,0,1);es="Linear";ed="In";};["000-offset.002"]={cf=cfr(0,0,0,.632,-.775,0,.775,.632,0,0,0,1);es="Linear";ed="In";};["000-offset.011"]={cf=cfr(0,0,0,-.083,-.997,0,.997,-.083,0,0,0,1);es="Linear";ed="In";};["000-offset.014"]={cf=cfr(0,0,0,.108,-.994,-.005,.994,.108,-.019,.02,-.003,1);es="Linear";ed="In";};["000-offset.003"]={cf=cfr(0,0,0,-.788,-.592,-.166,.319,-.162,-.934,.526,-.789,.317);es="Linear";ed="In";};["000-offset.006"]={cf=cfr(0,0,0,-.794,-.601,.088,.263,-.208,.942,-.548,.772,.323);es="Linear";ed="In";};["000-offset.004"]={cf=cfr(0,0,0,.898,-.44,0,.44,.898,0,0,0,1);es="Linear";ed="In";};["000-offset.007"]={cf=cfr(0,0,0,.834,-.551,0,.551,.834,0,0,0,1);es="Linear";ed="In";};};{tm=.292;["root"]={cf=cfr(0,2.298,0,0,0,1,0,1,0,-1,0,0);es="Linear";ed="In";};["000-offset"]={cf=cfr(0,0,0,-.275,.962,0,-.962,-.275,0,0,0,1);es="Linear";ed="In";};["000-offset.009"]={cf=cfr(0,0,0,-.478,-.2,.855,.705,-.668,.238,.524,.717,.461);es="Linear";ed="In";};["000-offset.012"]={cf=cfr(0,0,0,-.661,-.334,-.672,.581,-.794,-.178,-.475,-.508,.719);es="Linear";ed="In";};["000-offset.001"]={cf=cfr(0,0,0,.626,.78,0,-.78,.626,0,0,0,1);es="Linear";ed="In";};["000-offset.010"]={cf=cfr(0,0,0,.473,.881,0,-.881,.473,0,0,0,1);es="Linear";ed="In";};["000-offset.013"]={cf=cfr(0,0,0,.531,.847,0,-.847,.531,0,0,0,1);es="Linear";ed="In";};["000-offset.002"]={cf=cfr(0,0,0,.615,-.789,0,.789,.615,0,0,0,1);es="Linear";ed="In";};["000-offset.011"]={cf=cfr(0,0,0,-.097,-.995,0,.995,-.097,0,0,0,1);es="Linear";ed="In";};["000-offset.014"]={cf=cfr(0,0,0,.084,-.996,-.005,.996,.084,-.019,.02,-.003,1);es="Linear";ed="In";};["000-offset.003"]={cf=cfr(0,0,0,-.792,-.593,-.142,.29,-.162,-.943,.537,-.788,.301);es="Linear";ed="In";};["000-offset.006"]={cf=cfr(0,0,0,-.805,-.588,.071,.239,-.213,.947,-.542,.78,.313);es="Linear";ed="In";};["000-offset.004"]={cf=cfr(0,0,0,.901,-.434,0,.434,.901,0,0,0,1);es="Linear";ed="In";};["000-offset.007"]={cf=cfr(0,0,0,.846,-.533,0,.533,.846,0,0,0,1);es="Linear";ed="In";};};{tm=.333;["root"]={cf=cfr(0,2.27,0,0,0,1,0,1,0,-1,0,0);es="Linear";ed="In";};["000-offset"]={cf=cfr(0,0,0,-.283,.959,0,-.959,-.283,0,0,0,1);es="Linear";ed="In";};["000-offset.009"]={cf=cfr(0,0,0,-.486,-.189,.853,.693,-.677,.245,.532,.711,.461);es="Linear";ed="In";};["000-offset.012"]={cf=cfr(0,0,0,-.669,-.319,-.671,.567,-.803,-.182,-.481,-.502,.718);es="Linear";ed="In";};["000-offset.001"]={cf=cfr(0,0,0,.603,.797,0,-.797,.603,0,0,0,1);es="Linear";ed="In";};["000-offset.010"]={cf=cfr(0,0,0,.452,.892,0,-.892,.452,0,0,0,1);es="Linear";ed="In";};["000-offset.013"]={cf=cfr(0,0,0,.507,.862,0,-.862,.507,0,0,0,1);es="Linear";ed="In";};["000-offset.002"]={cf=cfr(0,0,0,.617,-.787,0,.787,.617,0,0,0,1);es="Linear";ed="In";};["000-offset.011"]={cf=cfr(0,0,0,-.108,-.994,0,.994,-.108,0,0,0,1);es="Linear";ed="In";};["000-offset.014"]={cf=cfr(0,0,0,.068,-.998,-.005,.998,.068,-.019,.02,-.003,1);es="Linear";ed="In";};["000-offset.003"]={cf=cfr(0,0,0,-.795,-.594,-.121,.266,-.163,-.95,.545,-.788,.288);es="Linear";ed="In";};["000-offset.006"]={cf=cfr(0,0,0,-.814,-.578,.057,.22,-.217,.951,-.537,.787,.304);es="Linear";ed="In";};["000-offset.004"]={cf=cfr(0,0,0,.903,-.429,0,.429,.903,0,0,0,1);es="Linear";ed="In";};["000-offset.007"]={cf=cfr(0,0,0,.855,-.518,0,.518,.855,0,0,0,1);es="Linear";ed="In";};};{tm=.375;["root"]={cf=cfr(0,2.27,0,0,0,1,0,1,0,-1,0,0);es="Linear";ed="In";};["000-offset"]={cf=cfr(0,0,0,-.289,.957,0,-.957,-.289,0,0,0,1);es="Linear";ed="In";};["000-offset.009"]={cf=cfr(0,0,0,-.492,-.181,.852,.685,-.684,.251,.537,.707,.46);es="Linear";ed="In";};["000-offset.012"]={cf=cfr(0,0,0,-.672,-.314,-.671,.561,-.807,-.184,-.484,-.5,.718);es="Linear";ed="In";};["000-offset.001"]={cf=cfr(0,0,0,.588,.809,0,-.809,.588,0,0,0,1);es="Linear";ed="In";};["000-offset.010"]={cf=cfr(0,0,0,.438,.899,0,-.899,.438,0,0,0,1);es="Linear";ed="In";};["000-offset.013"]={cf=cfr(0,0,0,.498,.867,0,-.867,.498,0,0,0,1);es="Linear";ed="In";};["000-offset.002"]={cf=cfr(0,0,0,.633,-.775,0,.775,.633,0,0,0,1);es="Linear";ed="In";};["000-offset.011"]={cf=cfr(0,0,0,-.115,-.993,0,.993,-.115,0,0,0,1);es="Linear";ed="In";};["000-offset.014"]={cf=cfr(0,0,0,.062,-.998,-.005,.998,.062,-.019,.02,-.003,1);es="Linear";ed="In";};["000-offset.003"]={cf=cfr(0,0,0,-.796,-.595,-.107,.25,-.163,-.954,.551,-.787,.279);es="Linear";ed="In";};["000-offset.006"]={cf=cfr(0,0,0,-.82,-.571,.047,.207,-.219,.954,-.534,.791,.297);es="Linear";ed="In";};["000-offset.004"]={cf=cfr(0,0,0,.905,-.425,0,.425,.905,0,0,0,1);es="Linear";ed="In";};["000-offset.007"]={cf=cfr(0,0,0,.862,-.508,0,.508,.862,0,0,0,1);es="Linear";ed="In";};};{tm=.417;["root"]={cf=cfr(0,2.256,0,0,0,1,0,1,0,-1,0,0);es="Linear";ed="In";};["000-offset.009"]={cf=cfr(0,0,0,-.491,-.18,.852,.684,-.685,.25,.539,.706,.46);es="Linear";ed="In";};["000-offset.012"]={cf=cfr(0,0,0,-.67,-.318,-.671,.565,-.805,-.183,-.482,-.502,.718);es="Linear";ed="In";};["000-offset.001"]={cf=cfr(0,0,0,.583,.813,0,-.813,.583,0,0,0,1);es="Linear";ed="In";};["000-offset.010"]={cf=cfr(0,0,0,.433,.902,0,-.902,.433,0,0,0,1);es="Linear";ed="In";};["000-offset.013"]={cf=cfr(0,0,0,.504,.864,0,-.864,.504,0,0,0,1);es="Linear";ed="In";};["000-offset.002"]={cf=cfr(0,0,0,.657,-.754,0,.754,.657,0,0,0,1);es="Linear";ed="In";};["000-offset.014"]={cf=cfr(0,0,0,.066,-.998,-.005,.998,.066,-.019,.02,-.003,1);es="Linear";ed="In";};["000-offset.003"]={cf=cfr(0,0,0,-.797,-.596,-.102,.244,-.163,-.956,.553,-.786,.275);es="Linear";ed="In";};["000-offset.006"]={cf=cfr(0,0,0,-.822,-.568,.043,.202,-.22,.955,-.533,.793,.295);es="Linear";ed="In";};["000-offset.004"]={cf=cfr(0,0,0,.906,-.424,0,.424,.906,0,0,0,1);es="Linear";ed="In";};["000-offset.007"]={cf=cfr(0,0,0,.864,-.504,0,.504,.864,0,0,0,1);es="Linear";ed="In";};};{tm=.458;["root"]={cf=cfr(0,2.27,0,0,0,1,0,1,0,-1,0,0);es="Linear";ed="In";};["000-offset"]={cf=cfr(0,0,0,-.289,.957,0,-.957,-.289,0,0,0,1);es="Linear";ed="In";};["000-offset.009"]={cf=cfr(0,0,0,-.492,-.181,.852,.685,-.684,.251,.537,.707,.46);es="Linear";ed="In";};["000-offset.012"]={cf=cfr(0,0,0,-.664,-.328,-.672,.575,-.798,-.18,-.477,-.506,.719);es="Linear";ed="In";};["000-offset.001"]={cf=cfr(0,0,0,.588,.809,0,-.809,.588,0,0,0,1);es="Linear";ed="In";};["000-offset.010"]={cf=cfr(0,0,0,.438,.899,0,-.899,.438,0,0,0,1);es="Linear";ed="In";};["000-offset.013"]={cf=cfr(0,0,0,.521,.854,0,-.854,.521,0,0,0,1);es="Linear";ed="In";};["000-offset.002"]={cf=cfr(0,0,0,.685,-.728,0,.728,.685,0,0,0,1);es="Linear";ed="In";};["000-offset.011"]={cf=cfr(0,0,0,-.115,-.993,0,.993,-.115,0,0,0,1);es="Linear";ed="In";};["000-offset.014"]={cf=cfr(0,0,0,.077,-.997,-.005,.997,.077,-.019,.02,-.003,1);es="Linear";ed="In";};["000-offset.003"]={cf=cfr(0,0,0,-.796,-.595,-.107,.25,-.163,-.954,.551,-.787,.279);es="Linear";ed="In";};["000-offset.006"]={cf=cfr(0,0,0,-.82,-.571,.047,.207,-.219,.954,-.534,.791,.297);es="Linear";ed="In";};["000-offset.004"]={cf=cfr(0,0,0,.905,-.425,0,.425,.905,0,0,0,1);es="Linear";ed="In";};["000-offset.007"]={cf=cfr(0,0,0,.862,-.508,0,.508,.862,0,0,0,1);es="Linear";ed="In";};};{tm=.5;["root"]={cf=cfr(0,2.27,0,0,0,1,0,1,0,-1,0,0);es="Linear";ed="In";};["000-offset"]={cf=cfr(0,0,0,-.283,.959,0,-.959,-.283,0,0,0,1);es="Linear";ed="In";};["000-offset.009"]={cf=cfr(0,0,0,-.486,-.189,.853,.693,-.677,.245,.532,.711,.461);es="Linear";ed="In";};["000-offset.012"]={cf=cfr(0,0,0,-.656,-.342,-.673,.59,-.788,-.175,-.471,-.512,.719);es="Linear";ed="In";};["000-offset.001"]={cf=cfr(0,0,0,.603,.797,0,-.797,.603,0,0,0,1);es="Linear";ed="In";};["000-offset.010"]={cf=cfr(0,0,0,.452,.892,0,-.892,.452,0,0,0,1);es="Linear";ed="In";};["000-offset.013"]={cf=cfr(0,0,0,.545,.838,0,-.838,.545,0,0,0,1);es="Linear";ed="In";};["000-offset.002"]={cf=cfr(0,0,0,.714,-.7,0,.7,.714,0,0,0,1);es="Linear";ed="In";};["000-offset.011"]={cf=cfr(0,0,0,-.108,-.994,0,.994,-.108,0,0,0,1);es="Linear";ed="In";};["000-offset.014"]={cf=cfr(0,0,0,.094,-.996,-.005,.995,.094,-.019,.02,-.003,1);es="Linear";ed="In";};["000-offset.003"]={cf=cfr(0,0,0,-.795,-.594,-.121,.266,-.163,-.95,.545,-.788,.288);es="Linear";ed="In";};["000-offset.006"]={cf=cfr(0,0,0,-.814,-.578,.057,.22,-.217,.951,-.537,.787,.304);es="Linear";ed="In";};["000-offset.004"]={cf=cfr(0,0,0,.903,-.429,0,.429,.903,0,0,0,1);es="Linear";ed="In";};["000-offset.007"]={cf=cfr(0,0,0,.855,-.518,0,.518,.855,0,0,0,1);es="Linear";ed="In";};};{tm=.542;["root"]={cf=cfr(0,2.298,0,0,0,1,0,1,0,-1,0,0);es="Linear";ed="In";};["000-offset"]={cf=cfr(0,0,0,-.275,.962,0,-.962,-.275,0,0,0,1);es="Linear";ed="In";};["000-offset.009"]={cf=cfr(0,0,0,-.478,-.2,.855,.705,-.668,.238,.524,.717,.461);es="Linear";ed="In";};["000-offset.012"]={cf=cfr(0,0,0,-.645,-.36,-.674,.609,-.775,-.168,-.462,-.519,.719);es="Linear";ed="In";};["000-offset.001"]={cf=cfr(0,0,0,.626,.78,0,-.78,.626,0,0,0,1);es="Linear";ed="In";};["000-offset.010"]={cf=cfr(0,0,0,.473,.881,0,-.881,.473,0,0,0,1);es="Linear";ed="In";};["000-offset.013"]={cf=cfr(0,0,0,.575,.818,0,-.818,.575,0,0,0,1);es="Linear";ed="In";};["000-offset.002"]={cf=cfr(0,0,0,.74,-.673,0,.673,.74,0,0,0,1);es="Linear";ed="In";};["000-offset.011"]={cf=cfr(0,0,0,-.097,-.995,0,.995,-.097,0,0,0,1);es="Linear";ed="In";};["000-offset.014"]={cf=cfr(0,0,0,.115,-.993,-.005,.993,.116,-.019,.02,-.002,1);es="Linear";ed="In";};["000-offset.003"]={cf=cfr(0,0,0,-.792,-.593,-.142,.29,-.162,-.943,.537,-.788,.301);es="Linear";ed="In";};["000-offset.006"]={cf=cfr(0,0,0,-.805,-.588,.071,.239,-.213,.947,-.542,.78,.313);es="Linear";ed="In";};["000-offset.004"]={cf=cfr(0,0,0,.901,-.434,0,.434,.901,0,0,0,1);es="Linear";ed="In";};["000-offset.007"]={cf=cfr(0,0,0,.846,-.533,0,.533,.846,0,0,0,1);es="Linear";ed="In";};};{tm=.583;["root"]={cf=cfr(0,2.312,0,0,0,1,0,1,0,-1,0,0);es="Linear";ed="In";};["000-offset"]={cf=cfr(0,0,0,-.264,.964,0,-.964,-.264,0,0,0,1);es="Linear";ed="In";};["000-offset.009"]={cf=cfr(0,0,0,-.468,-.214,.858,.719,-.656,.228,.514,.724,.461);es="Linear";ed="In";};["000-offset.012"]={cf=cfr(0,0,0,-.632,-.379,-.676,.629,-.761,-.162,-.453,-.527,.719);es="Linear";ed="In";};["000-offset.001"]={cf=cfr(0,0,0,.652,.758,0,-.758,.652,0,0,0,1);es="Linear";ed="In";};["000-offset.010"]={cf=cfr(0,0,0,.498,.867,0,-.867,.498,0,0,0,1);es="Linear";ed="In";};["000-offset.013"]={cf=cfr(0,0,0,.608,.794,0,-.794,.608,0,0,0,1);es="Linear";ed="In";};["000-offset.002"]={cf=cfr(0,0,0,.759,-.651,0,.651,.759,0,0,0,1);es="Linear";ed="In";};["000-offset.011"]={cf=cfr(0,0,0,-.083,-.997,0,.997,-.083,0,0,0,1);es="Linear";ed="In";};["000-offset.014"]={cf=cfr(0,0,0,.139,-.99,-.005,.99,.139,-.019,.02,-.002,1);es="Linear";ed="In";};["000-offset.003"]={cf=cfr(0,0,0,-.788,-.592,-.166,.319,-.162,-.934,.526,-.789,.317);es="Linear";ed="In";};["000-offset.006"]={cf=cfr(0,0,0,-.794,-.601,.088,.263,-.208,.942,-.548,.772,.323);es="Linear";ed="In";};["000-offset.004"]={cf=cfr(0,0,0,.898,-.44,0,.44,.898,0,0,0,1);es="Linear";ed="In";};["000-offset.007"]={cf=cfr(0,0,0,.834,-.551,0,.551,.834,0,0,0,1);es="Linear";ed="In";};};{tm=.625;["root"]={cf=cfr(0,2.326,0,0,0,1,0,1,0,-1,0,0);es="Linear";ed="In";};["000-offset"]={cf=cfr(0,0,0,-.253,.968,0,-.968,-.253,0,0,0,1);es="Linear";ed="In";};["000-offset.009"]={cf=cfr(0,0,0,-.456,-.229,.86,.734,-.643,.218,.503,.731,.461);es="Linear";ed="In";};["000-offset.012"]={cf=cfr(0,0,0,-.618,-.399,-.677,.649,-.745,-.154,-.443,-.535,.719);es="Linear";ed="In";};["000-offset.001"]={cf=cfr(0,0,0,.679,.734,0,-.734,.679,0,0,0,1);es="Linear";ed="In";};["000-offset.010"]={cf=cfr(0,0,0,.525,.851,0,-.851,.525,0,0,0,1);es="Linear";ed="In";};["000-offset.013"]={cf=cfr(0,0,0,.64,.768,0,-.768,.64,0,0,0,1);es="Linear";ed="In";};["000-offset.002"]={cf=cfr(0,0,0,.774,-.633,0,.633,.774,0,0,0,1);es="Linear";ed="In";};["000-offset.011"]={cf=cfr(0,0,0,-.068,-.998,0,.998,-.068,0,0,0,1);es="Linear";ed="In";};["000-offset.014"]={cf=cfr(0,0,0,.163,-.987,-.005,.986,.163,-.019,.02,-.001,1);es="Linear";ed="In";};["000-offset.003"]={cf=cfr(0,0,0,-.782,-.592,-.193,.351,-.162,-.922,.515,-.789,.334);es="Linear";ed="In";};["000-offset.006"]={cf=cfr(0,0,0,-.781,-.615,.107,.287,-.202,.936,-.554,.762,.335);es="Linear";ed="In";};["000-offset.004"]={cf=cfr(0,0,0,.895,-.446,0,.446,.895,0,0,0,1);es="Linear";ed="In";};["000-offset.007"]={cf=cfr(0,0,0,.821,-.571,0,.571,.821,0,0,0,1);es="Linear";ed="In";};};{tm=.667;["root"]={cf=cfr(0,2.355,0,0,0,1,0,1,0,-1,0,0);es="Linear";ed="In";};["000-offset"]={cf=cfr(0,0,0,-.241,.97,0,-.97,-.241,0,0,0,1);es="Linear";ed="In";};["000-offset.009"]={cf=cfr(0,0,0,-.444,-.243,.863,.749,-.629,.208,.492,.739,.461);es="Linear";ed="In";};["000-offset.012"]={cf=cfr(0,0,0,-.604,-.417,-.679,.669,-.729,-.147,-.433,-.543,.719);es="Linear";ed="In";};["000-offset.001"]={cf=cfr(0,0,0,.706,.708,0,-.708,.706,0,0,0,1);es="Linear";ed="In";};["000-offset.010"]={cf=cfr(0,0,0,.551,.835,0,-.835,.551,0,0,0,1);es="Linear";ed="In";};["000-offset.013"]={cf=cfr(0,0,0,.671,.742,0,-.742,.671,0,0,0,1);es="Linear";ed="In";};["000-offset.002"]={cf=cfr(0,0,0,.789,-.615,0,.615,.789,0,0,0,1);es="Linear";ed="In";};["000-offset.011"]={cf=cfr(0,0,0,-.054,-.999,0,.999,-.054,0,0,0,1);es="Linear";ed="In";};["000-offset.014"]={cf=cfr(0,0,0,.186,-.982,-.005,.982,.186,-.019,.02,-.001,1);es="Linear";ed="In";};["000-offset.003"]={cf=cfr(0,0,0,-.775,-.592,-.22,.382,-.162,-.91,.503,-.789,.352);es="Linear";ed="In";};["000-offset.006"]={cf=cfr(0,0,0,-.768,-.628,.125,.311,-.196,.93,-.56,.753,.346);es="Linear";ed="In";};["000-offset.004"]={cf=cfr(0,0,0,.891,-.453,0,.453,.891,0,0,0,1);es="Linear";ed="In";};["000-offset.007"]={cf=cfr(0,0,0,.807,-.59,0,.59,.807,0,0,0,1);es="Linear";ed="In";};};{tm=.708;["root"]={cf=cfr(0,2.369,0,0,0,1,0,1,0,-1,0,0);es="Linear";ed="In";};["000-offset"]={cf=cfr(0,0,0,-.231,.973,0,-.973,-.231,0,0,0,1);es="Linear";ed="In";};["000-offset.009"]={cf=cfr(0,0,0,-.432,-.255,.865,.762,-.616,.199,.482,.745,.461);es="Linear";ed="In";};["000-offset.012"]={cf=cfr(0,0,0,-.591,-.433,-.681,.686,-.714,-.141,-.425,-.55,.719);es="Linear";ed="In";};["000-offset.001"]={cf=cfr(0,0,0,.73,.684,0,-.684,.73,0,0,0,1);es="Linear";ed="In";};["000-offset.010"]={cf=cfr(0,0,0,.575,.818,0,-.818,.575,0,0,0,1);es="Linear";ed="In";};["000-offset.013"]={cf=cfr(0,0,0,.697,.717,0,-.717,.697,0,0,0,1);es="Linear";ed="In";};["000-offset.002"]={cf=cfr(0,0,0,.801,-.598,0,.598,.801,0,0,0,1);es="Linear";ed="In";};["000-offset.011"]={cf=cfr(0,0,0,-.04,-.999,0,.999,-.04,0,0,0,1);es="Linear";ed="In";};["000-offset.014"]={cf=cfr(0,0,0,.207,-.978,-.005,.978,.207,-.019,.02,-.001,1);es="Linear";ed="In";};["000-offset.003"]={cf=cfr(0,0,0,-.767,-.593,-.244,.411,-.163,-.897,.493,-.788,.368);es="Linear";ed="In";};["000-offset.006"]={cf=cfr(0,0,0,-.755,-.641,.141,.333,-.189,.924,-.566,.744,.356);es="Linear";ed="In";};["000-offset.004"]={cf=cfr(0,0,0,.888,-.459,0,.459,.888,0,0,0,1);es="Linear";ed="In";};["000-offset.007"]={cf=cfr(0,0,0,.794,-.608,0,.608,.794,0,0,0,1);es="Linear";ed="In";};};{tm=.75;["root"]={cf=cfr(0,2.383,0,0,0,1,0,1,0,-1,0,0);es="Linear";ed="In";};["000-offset"]={cf=cfr(0,0,0,-.222,.975,0,-.975,-.222,0,0,0,1);es="Linear";ed="In";};["000-offset.009"]={cf=cfr(0,0,0,-.422,-.266,.867,.773,-.605,.191,.474,.751,.461);es="Linear";ed="In";};["000-offset.012"]={cf=cfr(0,0,0,-.58,-.446,-.682,.7,-.701,-.136,-.418,-.556,.718);es="Linear";ed="In";};["000-offset.001"]={cf=cfr(0,0,0,.749,.663,0,-.663,.749,0,0,0,1);es="Linear";ed="In";};["000-offset.010"]={cf=cfr(0,0,0,.594,.805,0,-.805,.594,0,0,0,1);es="Linear";ed="In";};["000-offset.013"]={cf=cfr(0,0,0,.718,.696,0,-.696,.718,0,0,0,1);es="Linear";ed="In";};["000-offset.002"]={cf=cfr(0,0,0,.811,-.584,0,.584,.811,0,0,0,1);es="Linear";ed="In";};["000-offset.011"]={cf=cfr(0,0,0,-.029,-1,0,1,-.029,0,0,0,1);es="Linear";ed="In";};["000-offset.014"]={cf=cfr(0,0,0,.224,-.975,-.005,.974,.224,-.019,.02,0,1);es="Linear";ed="In";};["000-offset.003"]={cf=cfr(0,0,0,-.76,-.594,-.263,.434,-.163,-.886,.484,-.787,.382);es="Linear";ed="In";};["000-offset.006"]={cf=cfr(0,0,0,-.743,-.651,.154,.35,-.183,.919,-.57,.736,.364);es="Linear";ed="In";};["000-offset.004"]={cf=cfr(0,0,0,.886,-.464,0,.464,.886,0,0,0,1);es="Linear";ed="In";};["000-offset.007"]={cf=cfr(0,0,0,.783,-.622,0,.622,.783,0,0,0,1);es="Linear";ed="In";};};{tm=.792;["RootNode"]={cf=cfr(0,0,0,-1,0,0,0,1,0,0,0,-1);es="Linear";ed="In";};["root"]={cf=cfr(0,2.397,0,0,0,1,0,1,0,-1,0,0);es="Linear";ed="In";};["000-offset"]={cf=cfr(0,0,0,-.216,.976,0,-.976,-.216,0,0,0,1);es="Linear";ed="In";};["004-offset.001"]={cf=cfr(0,0,0,-.015,-1,0,1,-.015,0,0,0,1);es="Linear";ed="In";};["006-offset"]={cf=cfr(0,0,0,-.015,-1,0,1,-.015,0,0,0,1);es="Linear";ed="In";};["000-offset.009"]={cf=cfr(0,0,0,-.415,-.272,.868,.78,-.597,.186,.468,.754,.46);es="Linear";ed="In";};["000-offset.012"]={cf=cfr(0,0,0,-.572,-.454,-.683,.709,-.693,-.133,-.413,-.56,.718);es="Linear";ed="In";};["000-offset.001"]={cf=cfr(0,0,0,.761,.649,0,-.649,.761,0,0,0,1);es="Linear";ed="In";};["000-offset.010"]={cf=cfr(0,0,0,.606,.795,0,-.795,.606,0,0,0,1);es="Linear";ed="In";};["000-offset.013"]={cf=cfr(0,0,0,.731,.682,0,-.682,.731,0,0,0,1);es="Linear";ed="In";};["004-offset"]={cf=cfr(0,0,0,.035,-.999,0,.999,.035,0,0,0,1);es="Linear";ed="In";};["002-offset"]={cf=cfr(0,0,0,.035,-.999,0,.999,.035,0,0,0,1);es="Linear";ed="In";};["000-offset.002"]={cf=cfr(0,0,0,.818,-.575,0,.575,.818,0,0,0,1);es="Linear";ed="In";};["000-offset.011"]={cf=cfr(0,0,0,-.021,-1,0,1,-.021,0,0,0,1);es="Linear";ed="In";};["000-offset.014"]={cf=cfr(0,0,0,.235,-.972,-.005,.972,.235,-.019,.02,0,1);es="Linear";ed="In";};["000-offset.006"]={cf=cfr(0,0,0,-.735,-.658,.162,.362,-.179,.915,-.573,.731,.37);es="Linear";ed="In";};["000-offset.003"]={cf=cfr(0,0,0,-.754,-.595,-.276,.45,-.163,-.878,.478,-.787,.391);es="Linear";ed="In";};["000-offset.007"]={cf=cfr(0,0,0,.775,-.631,0,.631,.775,0,0,0,1);es="Linear";ed="In";};["000-offset.004"]={cf=cfr(0,0,0,.884,-.467,0,.467,.884,0,0,0,1);es="Linear";ed="In";};["000-offset.008"]={cf=cfr(0,0,0,.966,-.26,0,.26,.966,0,0,0,1);es="Linear";ed="In";};["000-offset.005"]={cf=cfr(0,0,0,.888,-.438,-.143,.432,.899,-.07,.159,0,.987);es="Linear";ed="In";};};}