local cfr = CFrame.new

return {{tm=0;["RootNode"]={cf=cfr(0,0,0,-1,0,0,0,1,0,0,0,-1);es="Linear";ed="In";};["root"]={cf=cfr(0,2.665,0,0,0,1,0,1,0,-1,0,0);es="Linear";ed="In";};["000-offset"]={cf=cfr(0,0,0,-.163,.987,0,-.987,-.163,0,0,0,1);es="Linear";ed="In";};["004-offset.001"]={cf=cfr(0,0,0,-.015,-1,0,1,-.015,0,0,0,1);es="Linear";ed="In";};["006-offset"]={cf=cfr(0,0,0,-.015,-1,0,1,-.015,0,0,0,1);es="Linear";ed="In";};["000-offset.009"]={cf=cfr(0,0,0,-.339,-.753,.564,.724,-.592,-.355,.601,.288,.746);es="Linear";ed="In";};["000-offset.012"]={cf=cfr(0,0,0,-.182,-.846,-.501,.857,-.386,.341,-.482,-.368,.795);es="Linear";ed="In";};["000-offset.001"]={cf=cfr(0,0,0,.966,.218,.14,-.255,.896,.363,-.047,-.387,.921);es="Linear";ed="In";};["000-offset.010"]={cf=cfr(0,0,0,.101,.995,0,-.995,.101,0,0,0,1);es="Linear";ed="In";};["000-offset.013"]={cf=cfr(0,0,0,.283,.959,0,-.959,.283,0,0,0,1);es="Linear";ed="In";};["004-offset"]={cf=cfr(0,0,0,.035,-.999,0,.999,.035,0,0,0,1);es="Linear";ed="In";};["002-offset"]={cf=cfr(0,0,0,.035,-.999,0,.999,.035,0,0,0,1);es="Linear";ed="In";};["000-offset.002"]={cf=cfr(0,0,0,.848,-.53,0,.53,.848,0,0,0,1);es="Linear";ed="In";};["000-offset.011"]={cf=cfr(0,0,0,.296,-.955,-.021,.955,.297,-.018,.024,-.014,1);es="Linear";ed="In";};["000-offset.014"]={cf=cfr(0,0,0,.202,-.979,.013,.978,.202,.056,-.058,.001,.998);es="Linear";ed="In";};["000-offset.006"]={cf=cfr(0,0,0,.583,-.794,.175,.318,.421,.85,-.748,-.44,.498);es="Linear";ed="In";};["000-offset.003"]={cf=cfr(0,0,0,.454,-.867,-.205,.365,.391,-.845,.813,.309,.494);es="Linear";ed="In";};["000-offset.007"]={cf=cfr(0,0,0,.532,-.847,0,.847,.532,0,0,0,1);es="Linear";ed="In";};["000-offset.004"]={cf=cfr(0,0,0,.725,-.689,0,.689,.725,0,0,0,1);es="Linear";ed="In";};["000-offset.008"]={cf=cfr(0,0,0,.713,-.616,.334,.628,.773,.085,-.311,.149,.939);es="Linear";ed="In";};["000-offset.005"]={cf=cfr(0,0,0,.916,-.374,-.143,.368,.927,-.07,.159,.011,.987);es="Linear";ed="In";};};{tm=.043;["000-offset"]={cf=cfr(0,0,0,-.462,.887,0,-.887,-.462,0,0,0,1);es="Linear";ed="In";};["000-offset.001"]={cf=cfr(0,0,0,.891,.385,.239,-.426,.892,.151,-.155,-.236,.959);es="Linear";ed="In";};["000-offset.010"]={cf=cfr(0,0,0,.101,.995,0,-.995,.101,0,0,0,1);es="Linear";ed="In";};["000-offset.013"]={cf=cfr(0,0,0,.283,.959,0,-.959,.283,0,0,0,1);es="Linear";ed="In";};["004-offset"]={cf=cfr(0,0,0,.035,-.999,0,.999,.035,0,0,0,1);es="Linear";ed="In";};["002-offset"]={cf=cfr(0,0,0,.035,-.999,0,.999,.035,0,0,0,1);es="Linear";ed="In";};["000-offset.002"]={cf=cfr(0,0,0,.87,-.493,0,.493,.87,0,0,0,1);es="Linear";ed="In";};["000-offset.014"]={cf=cfr(0,0,0,.203,-.979,.013,.978,.203,.056,-.058,.001,.998);es="Linear";ed="In";};["000-offset.003"]={cf=cfr(0,0,0,.454,-.867,-.205,.365,.391,-.845,.813,.309,.494);es="Linear";ed="In";};};{tm=.085;["000-offset"]={cf=cfr(0,0,0,-.713,.701,0,-.701,-.713,0,0,0,1);es="Linear";ed="In";};["000-offset.001"]={cf=cfr(0,0,0,.657,.724,.21,-.667,.688,-.285,-.351,.046,.935);es="Linear";ed="In";};["000-offset.010"]={cf=cfr(0,0,0,.102,.995,0,-.995,.102,0,0,0,1);es="Linear";ed="In";};["000-offset.013"]={cf=cfr(0,0,0,.282,.959,0,-.959,.282,0,0,0,1);es="Linear";ed="In";};["004-offset"]={cf=cfr(0,0,0,.035,-.999,0,.999,.035,0,0,0,1);es="Linear";ed="In";};["002-offset"]={cf=cfr(0,0,0,.035,-.999,0,.999,.035,0,0,0,1);es="Linear";ed="In";};["000-offset.002"]={cf=cfr(0,0,0,.919,-.394,0,.394,.919,0,0,0,1);es="Linear";ed="In";};["000-offset.014"]={cf=cfr(0,0,0,.203,-.979,.013,.977,.204,.056,-.058,.001,.998);es="Linear";ed="In";};["000-offset.003"]={cf=cfr(0,0,0,.454,-.867,-.205,.365,.391,-.845,.813,.309,.493);es="Linear";ed="In";};};{tm=.127;["000-offset"]={cf=cfr(0,0,0,-.892,.453,0,-.453,-.892,0,0,0,1);es="Linear";ed="In";};["000-offset.009"]={cf=cfr(0,0,0,-.339,-.753,.564,.724,-.592,-.355,.601,.288,.746);es="Linear";ed="In";};["000-offset.012"]={cf=cfr(0,0,0,-.182,-.846,-.501,.857,-.386,.341,-.482,-.368,.795);es="Linear";ed="In";};["000-offset.001"]={cf=cfr(0,0,0,.498,.864,.072,-.741,.467,-.482,-.45,.187,.873);es="Linear";ed="In";};["000-offset.010"]={cf=cfr(0,0,0,.103,.995,0,-.995,.103,0,0,0,1);es="Linear";ed="In";};["000-offset.013"]={cf=cfr(0,0,0,.282,.959,0,-.959,.282,0,0,0,1);es="Linear";ed="In";};["004-offset"]={cf=cfr(0,0,0,.035,-.999,0,.999,.035,0,0,0,1);es="Linear";ed="In";};["002-offset"]={cf=cfr(0,0,0,.035,-.999,0,.999,.035,0,0,0,1);es="Linear";ed="In";};["000-offset.002"]={cf=cfr(0,0,0,.968,-.253,0,.253,.968,0,0,0,1);es="Linear";ed="In";};["000-offset.011"]={cf=cfr(0,0,0,.296,-.955,-.021,.955,.297,-.018,.024,-.014,1);es="Linear";ed="In";};["000-offset.014"]={cf=cfr(0,0,0,.204,-.979,.013,.977,.205,.056,-.058,.001,.998);es="Linear";ed="In";};["000-offset.006"]={cf=cfr(0,0,0,.583,-.794,.175,.318,.421,.85,-.748,-.44,.498);es="Linear";ed="In";};["000-offset.003"]={cf=cfr(0,0,0,.454,-.867,-.205,.364,.391,-.845,.813,.309,.493);es="Linear";ed="In";};["000-offset.007"]={cf=cfr(0,0,0,.532,-.847,0,.847,.532,0,0,0,1);es="Linear";ed="In";};["000-offset.004"]={cf=cfr(0,0,0,.725,-.689,0,.689,.725,0,0,0,1);es="Linear";ed="In";};["000-offset.008"]={cf=cfr(0,0,0,.713,-.616,.334,.628,.773,.085,-.311,.149,.939);es="Linear";ed="In";};["000-offset.005"]={cf=cfr(0,0,0,.916,-.374,-.143,.368,.927,-.07,.159,.011,.987);es="Linear";ed="In";};};{tm=.17;["000-offset"]={cf=cfr(0,0,0,-.986,.168,0,-.168,-.986,0,0,0,1);es="Linear";ed="In";};["000-offset.009"]={cf=cfr(0,0,0,-.524,-.723,.45,.656,-.68,-.329,.543,.122,.831);es="Linear";ed="In";};["000-offset.012"]={cf=cfr(0,0,0,-.333,-.826,-.456,.846,-.474,.242,-.416,-.305,.857);es="Linear";ed="In";};["000-offset.001"]={cf=cfr(0,0,0,.501,.863,.066,-.74,.467,-.484,-.449,.194,.872);es="Linear";ed="In";};["000-offset.010"]={cf=cfr(0,0,0,.103,.995,0,-.995,.103,0,0,0,1);es="Linear";ed="In";};["000-offset.013"]={cf=cfr(0,0,0,.282,.96,0,-.96,.282,0,0,0,1);es="Linear";ed="In";};["004-offset"]={cf=cfr(0,0,0,.035,-.999,0,.999,.035,0,0,0,1);es="Linear";ed="In";};["002-offset"]={cf=cfr(0,0,0,.035,-.999,0,.999,.035,0,0,0,1);es="Linear";ed="In";};["000-offset.002"]={cf=cfr(0,0,0,.995,-.097,0,.097,.995,0,0,0,1);es="Linear";ed="In";};["000-offset.011"]={cf=cfr(0,0,0,.299,-.954,-.021,.954,.299,-.018,.024,-.014,1);es="Linear";ed="In";};["000-offset.014"]={cf=cfr(0,0,0,.205,-.979,.013,.977,.205,.056,-.058,.001,.998);es="Linear";ed="In";};["000-offset.006"]={cf=cfr(0,0,0,.546,-.823,.158,.357,.399,.844,-.758,-.405,.512);es="Linear";ed="In";};["000-offset.003"]={cf=cfr(0,0,0,.427,-.884,-.192,.395,.373,-.839,.813,.282,.509);es="Linear";ed="In";};["000-offset.007"]={cf=cfr(0,0,0,.54,-.842,0,.842,.54,0,0,0,1);es="Linear";ed="In";};["000-offset.004"]={cf=cfr(0,0,0,.721,-.693,0,.693,.721,0,0,0,1);es="Linear";ed="In";};["000-offset.008"]={cf=cfr(0,0,0,.708,-.622,.334,.635,.768,.086,-.31,.151,.939);es="Linear";ed="In";};["000-offset.005"]={cf=cfr(0,0,0,.913,-.384,-.141,.375,.923,-.087,.164,.026,.986);es="Linear";ed="In";};};{tm=.213;["000-offset"]={cf=cfr(0,0,0,-.992,-.126,0,.126,-.992,0,0,0,1);es="Linear";ed="In";};["000-offset.009"]={cf=cfr(0,0,0,-.811,-.527,.256,.399,-.816,-.418,.429,-.237,.872);es="Linear";ed="In";};["000-offset.012"]={cf=cfr(0,0,0,-.604,-.733,-.312,.743,-.66,.11,-.287,-.165,.944);es="Linear";ed="In";};["000-offset.001"]={cf=cfr(0,0,0,.506,.861,.062,-.738,.469,-.485,-.446,.199,.872);es="Linear";ed="In";};["000-offset.010"]={cf=cfr(0,0,0,.104,.995,0,-.995,.104,0,0,0,1);es="Linear";ed="In";};["000-offset.013"]={cf=cfr(0,0,0,.281,.96,0,-.96,.281,0,0,0,1);es="Linear";ed="In";};["004-offset"]={cf=cfr(0,0,0,.034,-.999,.001,.999,.034,0,0,.001,1);es="Linear";ed="In";};["002-offset"]={cf=cfr(0,0,0,.034,-.999,-.001,.999,.034,0,0,-.001,1);es="Linear";ed="In";};["000-offset.002"]={cf=cfr(0,0,0,.999,.042,0,-.042,.999,0,0,0,1);es="Linear";ed="In";};["000-offset.011"]={cf=cfr(0,0,0,.302,-.953,-.021,.953,.302,-.018,.024,-.014,1);es="Linear";ed="In";};["000-offset.014"]={cf=cfr(0,0,0,.206,-.979,.013,.977,.206,.056,-.058,.001,.998);es="Linear";ed="In";};["000-offset.006"]={cf=cfr(0,0,0,.436,-.892,.121,.442,.329,.835,-.784,-.31,.537);es="Linear";ed="In";};["000-offset.003"]={cf=cfr(0,0,0,.342,-.925,-.164,.468,.319,-.824,.815,.205,.542);es="Linear";ed="In";};["000-offset.007"]={cf=cfr(0,0,0,.56,-.829,0,.829,.56,0,0,0,1);es="Linear";ed="In";};["000-offset.004"]={cf=cfr(0,0,0,.709,-.705,0,.705,.709,0,0,0,1);es="Linear";ed="In";};["000-offset.008"]={cf=cfr(0,0,0,.694,-.639,.333,.651,.754,.089,-.308,.155,.939);es="Linear";ed="In";};["000-offset.005"]={cf=cfr(0,0,0,.902,-.409,-.135,.393,.91,-.133,.177,.068,.982);es="Linear";ed="In";};};{tm=.255;["000-offset"]={cf=cfr(0,0,0,-.916,-.402,0,.402,-.916,0,0,0,1);es="Linear";ed="In";};["000-offset.009"]={cf=cfr(0,0,0,-.909,-.36,.21,.205,-.825,-.527,.363,-.436,.824);es="Linear";ed="In";};["000-offset.012"]={cf=cfr(0,0,0,-.734,-.644,-.215,.644,-.761,.08,-.215,-.08,.973);es="Linear";ed="In";};["000-offset.001"]={cf=cfr(0,0,0,.512,.857,.059,-.736,.473,-.484,-.443,.204,.873);es="Linear";ed="In";};["000-offset.010"]={cf=cfr(0,0,0,.106,.994,0,-.994,.106,0,0,0,1);es="Linear";ed="In";};["000-offset.013"]={cf=cfr(0,0,0,.28,.96,0,-.96,.28,0,0,0,1);es="Linear";ed="In";};["004-offset"]={cf=cfr(0,0,0,.034,-.999,.002,.999,.034,0,0,.002,1);es="Linear";ed="In";};["002-offset"]={cf=cfr(0,0,0,.034,-.999,-.002,.999,.034,0,0,-.002,1);es="Linear";ed="In";};["000-offset.002"]={cf=cfr(0,0,0,.991,.131,0,-.131,.991,0,0,0,1);es="Linear";ed="In";};["000-offset.011"]={cf=cfr(0,0,0,.305,-.952,-.021,.952,.305,-.018,.024,-.014,1);es="Linear";ed="In";};["000-offset.014"]={cf=cfr(0,0,0,.208,-.978,.013,.976,.208,.056,-.058,.001,.998);es="Linear";ed="In";};["000-offset.006"]={cf=cfr(0,0,0,.257,-.963,.078,.51,.204,.836,-.821,-.175,.543);es="Linear";ed="In";};["000-offset.003"]={cf=cfr(0,0,0,.195,-.971,-.136,.541,.222,-.811,.818,.085,.569);es="Linear";ed="In";};["000-offset.007"]={cf=cfr(0,0,0,.589,-.808,0,.808,.589,0,0,0,1);es="Linear";ed="In";};["000-offset.004"]={cf=cfr(0,0,0,.691,-.723,0,.723,.691,0,0,0,1);es="Linear";ed="In";};["000-offset.008"]={cf=cfr(0,0,0,.672,-.662,.331,.675,.732,.094,-.304,.161,.939);es="Linear";ed="In";};["000-offset.005"]={cf=cfr(0,0,0,.887,-.446,-.121,.419,.886,-.2,.197,.127,.972);es="Linear";ed="In";};};{tm=.298;["000-offset"]={cf=cfr(0,0,0,-.77,-.638,0,.638,-.77,0,0,0,1);es="Linear";ed="In";};["000-offset.009"]={cf=cfr(0,0,0,-.909,-.362,.208,.208,-.825,-.525,.361,-.434,.825);es="Linear";ed="In";};["000-offset.012"]={cf=cfr(0,0,0,-.734,-.645,-.214,.645,-.76,.081,-.215,-.078,.973);es="Linear";ed="In";};["000-offset.001"]={cf=cfr(0,0,0,.52,.852,.058,-.733,.48,-.482,-.438,.208,.874);es="Linear";ed="In";};["000-offset.010"]={cf=cfr(0,0,0,.107,.994,0,-.994,.107,0,0,0,1);es="Linear";ed="In";};["000-offset.013"]={cf=cfr(0,0,0,.278,.961,0,-.961,.278,0,0,0,1);es="Linear";ed="In";};["004-offset"]={cf=cfr(0,0,0,.034,-.999,.003,.999,.034,0,0,.003,1);es="Linear";ed="In";};["002-offset"]={cf=cfr(0,0,0,.034,-.999,-.003,.999,.034,0,0,-.003,1);es="Linear";ed="In";};["000-offset.002"]={cf=cfr(0,0,0,.985,.175,0,-.175,.985,0,0,0,1);es="Linear";ed="In";};["000-offset.011"]={cf=cfr(0,0,0,.308,-.951,-.021,.951,.308,-.018,.024,-.014,1);es="Linear";ed="In";};["000-offset.014"]={cf=cfr(0,0,0,.21,-.978,.013,.976,.211,.056,-.058,.001,.998);es="Linear";ed="In";};["000-offset.006"]={cf=cfr(0,0,0,.047,-.999,.021,.505,.042,.862,-.862,-.03,.506);es="Linear";ed="In";};["000-offset.003"]={cf=cfr(0,0,0,0,-.994,-.11,.569,.091,-.817,.822,-.062,.566);es="Linear";ed="In";};["000-offset.007"]={cf=cfr(0,0,0,.625,-.781,0,.781,.625,0,0,0,1);es="Linear";ed="In";};["000-offset.004"]={cf=cfr(0,0,0,.669,-.743,0,.743,.669,0,0,0,1);es="Linear";ed="In";};["000-offset.008"]={cf=cfr(0,0,0,.645,-.69,.33,.703,.704,.098,-.3,.169,.939);es="Linear";ed="In";};["000-offset.005"]={cf=cfr(0,0,0,.866,-.49,-.098,.449,.849,-.278,.22,.197,.955);es="Linear";ed="In";};};{tm=.34;["000-offset"]={cf=cfr(0,0,0,-.572,-.82,0,.82,-.572,0,0,0,1);es="Linear";ed="In";};["000-offset.009"]={cf=cfr(0,0,0,-.908,-.363,.207,.212,-.826,-.522,.361,-.431,.827);es="Linear";ed="In";};["000-offset.012"]={cf=cfr(0,0,0,-.733,-.646,-.215,.645,-.76,.082,-.216,-.078,.973);es="Linear";ed="In";};["000-offset.001"]={cf=cfr(0,0,0,.53,.846,.058,-.729,.489,-.478,-.433,.211,.876);es="Linear";ed="In";};["000-offset.010"]={cf=cfr(0,0,0,.109,.994,0,-.994,.109,0,0,0,1);es="Linear";ed="In";};["000-offset.013"]={cf=cfr(0,0,0,.277,.961,0,-.961,.277,0,0,0,1);es="Linear";ed="In";};["004-offset"]={cf=cfr(0,0,0,.034,-.999,.004,.999,.034,0,0,.004,1);es="Linear";ed="In";};["002-offset"]={cf=cfr(0,0,0,.034,-.999,-.004,.999,.034,.001,0,-.004,1);es="Linear";ed="In";};["000-offset.002"]={cf=cfr(0,0,0,.98,.201,0,-.201,.98,0,0,0,1);es="Linear";ed="In";};["000-offset.011"]={cf=cfr(0,0,0,.311,-.95,-.021,.95,.312,-.018,.024,-.014,1);es="Linear";ed="In";};["000-offset.014"]={cf=cfr(0,0,0,.213,-.977,.013,.975,.213,.056,-.058,.001,.998);es="Linear";ed="In";};["000-offset.006"]={cf=cfr(0,0,0,-.131,-.989,-.071,.412,-.12,.903,-.902,.089,.424);es="Linear";ed="In";};["000-offset.003"]={cf=cfr(0,0,0,-.207,-.976,-.073,.523,-.047,-.851,.827,-.214,.52);es="Linear";ed="In";};["000-offset.007"]={cf=cfr(0,0,0,.662,-.75,0,.75,.662,0,0,0,1);es="Linear";ed="In";};["000-offset.004"]={cf=cfr(0,0,0,.644,-.765,0,.765,.644,0,0,0,1);es="Linear";ed="In";};["000-offset.008"]={cf=cfr(0,0,0,.614,-.718,.328,.733,.673,.102,-.294,.178,.939);es="Linear";ed="In";};["000-offset.005"]={cf=cfr(0,0,0,.842,-.536,-.066,.481,.8,-.359,.245,.27,.931);es="Linear";ed="In";};};{tm=.383;["000-offset"]={cf=cfr(0,0,0,-.343,-.939,0,.939,-.343,0,0,0,1);es="Linear";ed="In";};["000-offset.009"]={cf=cfr(0,0,0,-.907,-.368,.206,.218,-.827,-.518,.361,-.425,.83);es="Linear";ed="In";};["000-offset.012"]={cf=cfr(0,0,0,-.732,-.646,-.217,.645,-.759,.083,-.218,-.079,.973);es="Linear";ed="In";};["000-offset.001"]={cf=cfr(0,0,0,.541,.839,.059,-.725,.5,-.473,-.427,.213,.879);es="Linear";ed="In";};["000-offset.010"]={cf=cfr(0,0,0,.111,.994,0,-.994,.111,0,0,0,1);es="Linear";ed="In";};["000-offset.013"]={cf=cfr(0,0,0,.275,.961,0,-.961,.275,0,0,0,1);es="Linear";ed="In";};["004-offset"]={cf=cfr(0,0,0,.034,-.999,.004,.999,.034,0,0,.005,1);es="Linear";ed="In";};["002-offset"]={cf=cfr(0,0,0,.033,-.999,-.004,.999,.033,.001,0,-.004,1);es="Linear";ed="In";};["000-offset.002"]={cf=cfr(0,0,0,.977,.211,0,-.211,.977,0,0,0,1);es="Linear";ed="In";};["000-offset.011"]={cf=cfr(0,0,0,.314,-.949,-.021,.949,.315,-.018,.024,-.014,1);es="Linear";ed="In";};["000-offset.014"]={cf=cfr(0,0,0,.215,-.976,.013,.975,.216,.056,-.058,.001,.998);es="Linear";ed="In";};["000-offset.006"]={cf=cfr(0,0,0,-.228,-.954,-.197,.271,-.256,.928,-.935,.158,.317);es="Linear";ed="In";};["000-offset.003"]={cf=cfr(0,0,0,-.381,-.925,-.005,.402,-.161,-.901,.833,-.345,.433);es="Linear";ed="In";};["000-offset.007"]={cf=cfr(0,0,0,.698,-.716,0,.716,.698,0,0,0,1);es="Linear";ed="In";};["000-offset.004"]={cf=cfr(0,0,0,.618,-.786,0,.786,.618,0,0,0,1);es="Linear";ed="In";};["000-offset.008"]={cf=cfr(0,0,0,.582,-.744,.327,.761,.641,.104,-.287,.188,.939);es="Linear";ed="In";};["000-offset.005"]={cf=cfr(0,0,0,.816,-.578,-.027,.512,.742,-.432,.269,.339,.901);es="Linear";ed="In";};};{tm=.425;["000-offset"]={cf=cfr(0,0,0,-.101,-.995,0,.995,-.101,0,0,0,1);es="Linear";ed="In";};["000-offset.009"]={cf=cfr(0,0,0,-.904,-.375,.204,.228,-.828,-.512,.361,-.417,.834);es="Linear";ed="In";};["000-offset.012"]={cf=cfr(0,0,0,-.731,-.646,-.22,.646,-.759,.084,-.221,-.081,.972);es="Linear";ed="In";};["000-offset.001"]={cf=cfr(0,0,0,.553,.831,.061,-.72,.513,-.467,-.42,.215,.882);es="Linear";ed="In";};["000-offset.010"]={cf=cfr(0,0,0,.113,.994,0,-.994,.113,0,0,0,1);es="Linear";ed="In";};["000-offset.013"]={cf=cfr(0,0,0,.274,.962,0,-.962,.274,0,0,0,1);es="Linear";ed="In";};["004-offset"]={cf=cfr(0,0,0,.033,-.999,.005,.999,.033,0,0,.005,1);es="Linear";ed="In";};["002-offset"]={cf=cfr(0,0,0,.033,-.999,-.004,.999,.033,.001,0,-.004,1);es="Linear";ed="In";};["000-offset.002"]={cf=cfr(0,0,0,.978,.209,0,-.209,.978,0,0,0,1);es="Linear";ed="In";};["000-offset.011"]={cf=cfr(0,0,0,.318,-.948,-.021,.948,.318,-.018,.024,-.014,1);es="Linear";ed="In";};["000-offset.014"]={cf=cfr(0,0,0,.218,-.976,.013,.974,.218,.056,-.057,0,.998);es="Linear";ed="In";};["000-offset.006"]={cf=cfr(0,0,0,-.24,-.914,-.329,.139,-.367,.92,-.961,.174,.215);es="Linear";ed="In";};["000-offset.003"]={cf=cfr(0,0,0,-.488,-.868,.092,.242,-.236,-.941,.839,-.437,.325);es="Linear";ed="In";};["000-offset.007"]={cf=cfr(0,0,0,.73,-.683,0,.683,.73,0,0,0,1);es="Linear";ed="In";};["000-offset.004"]={cf=cfr(0,0,0,.594,-.805,0,.805,.594,0,0,0,1);es="Linear";ed="In";};["000-offset.008"]={cf=cfr(0,0,0,.552,-.767,.327,.785,.61,.105,-.28,.199,.939);es="Linear";ed="In";};["000-offset.005"]={cf=cfr(0,0,0,.79,-.613,.015,.539,.683,-.492,.291,.397,.87);es="Linear";ed="In";};};{tm=.468;["000-offset"]={cf=cfr(0,0,0,.135,-.991,0,.991,.135,0,0,0,1);es="Linear";ed="In";};["000-offset.009"]={cf=cfr(0,0,0,-.901,-.383,.203,.239,-.829,-.505,.362,-.406,.839);es="Linear";ed="In";};["000-offset.012"]={cf=cfr(0,0,0,-.73,-.646,-.225,.646,-.759,.084,-.225,-.084,.971);es="Linear";ed="In";};["000-offset.001"]={cf=cfr(0,0,0,.566,.822,.064,-.714,.528,-.46,-.412,.215,.886);es="Linear";ed="In";};["000-offset.010"]={cf=cfr(0,0,0,.115,.993,0,-.993,.115,0,0,0,1);es="Linear";ed="In";};["000-offset.013"]={cf=cfr(0,0,0,.272,.962,0,-.962,.272,0,0,0,1);es="Linear";ed="In";};["004-offset"]={cf=cfr(0,0,0,.033,-.999,.004,.999,.033,0,0,.004,1);es="Linear";ed="In";};["002-offset"]={cf=cfr(0,0,0,.033,-.999,-.004,.999,.033,.001,0,-.004,1);es="Linear";ed="In";};["000-offset.002"]={cf=cfr(0,0,0,.98,.198,0,-.198,.98,0,0,0,1);es="Linear";ed="In";};["000-offset.011"]={cf=cfr(0,0,0,.321,-.947,-.021,.947,.322,-.018,.024,-.014,1);es="Linear";ed="In";};["000-offset.014"]={cf=cfr(0,0,0,.22,-.975,.013,.974,.221,.056,-.057,0,.998);es="Linear";ed="In";};["000-offset.006"]={cf=cfr(0,0,0,-.201,-.875,-.439,.054,-.458,.887,-.978,.155,.14);es="Linear";ed="In";};["000-offset.003"]={cf=cfr(0,0,0,-.527,-.827,.195,.088,-.282,-.956,.845,-.487,.221);es="Linear";ed="In";};["000-offset.007"]={cf=cfr(0,0,0,.756,-.654,0,.654,.756,0,0,0,1);es="Linear";ed="In";};["000-offset.004"]={cf=cfr(0,0,0,.573,-.82,0,.82,.573,0,0,0,1);es="Linear";ed="In";};["000-offset.008"]={cf=cfr(0,0,0,.527,-.784,.329,.805,.584,.102,-.272,.211,.939);es="Linear";ed="In";};["000-offset.005"]={cf=cfr(0,0,0,.768,-.638,.052,.561,.632,-.535,.309,.44,.843);es="Linear";ed="In";};};{tm=.51;["000-offset"]={cf=cfr(0,0,0,.351,-.936,0,.936,.351,0,0,0,1);es="Linear";ed="In";};["000-offset.009"]={cf=cfr(0,0,0,-.897,-.394,.202,.252,-.83,-.497,.363,-.394,.844);es="Linear";ed="In";};["000-offset.012"]={cf=cfr(0,0,0,-.725,-.649,-.23,.649,-.756,.086,-.229,-.087,.97);es="Linear";ed="In";};["000-offset.001"]={cf=cfr(0,0,0,.581,.811,.067,-.707,.544,-.452,-.403,.215,.89);es="Linear";ed="In";};["000-offset.010"]={cf=cfr(0,0,0,.117,.993,0,-.993,.117,0,0,0,1);es="Linear";ed="In";};["000-offset.013"]={cf=cfr(0,0,0,.271,.963,0,-.963,.271,0,0,0,1);es="Linear";ed="In";};["004-offset"]={cf=cfr(0,0,0,.033,-.999,.003,.999,.033,0,0,.003,1);es="Linear";ed="In";};["002-offset"]={cf=cfr(0,0,0,.033,-.999,-.002,.999,.033,0,0,-.002,1);es="Linear";ed="In";};["000-offset.002"]={cf=cfr(0,0,0,.984,.181,0,-.181,.984,0,0,0,1);es="Linear";ed="In";};["000-offset.011"]={cf=cfr(0,0,0,.325,-.946,-.021,.945,.325,-.018,.024,-.014,1);es="Linear";ed="In";};["000-offset.014"]={cf=cfr(0,0,0,.223,-.975,.013,.973,.223,.056,-.057,0,.998);es="Linear";ed="In";};["000-offset.006"]={cf=cfr(0,0,0,-.155,-.843,-.515,.018,-.523,.852,-.988,.122,.096);es="Linear";ed="In";};["000-offset.003"]={cf=cfr(0,0,0,-.523,-.806,.278,-.023,-.313,-.949,.852,-.503,.145);es="Linear";ed="In";};["000-offset.007"]={cf=cfr(0,0,0,.775,-.632,0,.632,.775,0,0,0,1);es="Linear";ed="In";};["000-offset.004"]={cf=cfr(0,0,0,.558,-.83,0,.83,.558,0,0,0,1);es="Linear";ed="In";};["000-offset.008"]={cf=cfr(0,0,0,.511,-.793,.331,.818,.567,.096,-.264,.222,.939);es="Linear";ed="In";};["000-offset.005"]={cf=cfr(0,0,0,.753,-.654,.077,.576,.597,-.558,.319,.464,.826);es="Linear";ed="In";};};{tm=.553;["000-offset"]={cf=cfr(0,0,0,.539,-.842,0,.842,.539,0,0,0,1);es="Linear";ed="In";};["000-offset.009"]={cf=cfr(0,0,0,-.892,-.405,.202,.268,-.831,-.487,.365,-.38,.85);es="Linear";ed="In";};["000-offset.012"]={cf=cfr(0,0,0,-.72,-.653,-.235,.654,-.752,.087,-.234,-.091,.968);es="Linear";ed="In";};["000-offset.001"]={cf=cfr(0,0,0,.597,.799,.071,-.699,.561,-.442,-.394,.214,.894);es="Linear";ed="In";};["000-offset.010"]={cf=cfr(0,0,0,.119,.993,0,-.993,.119,0,0,0,1);es="Linear";ed="In";};["000-offset.013"]={cf=cfr(0,0,0,.269,.963,0,-.963,.269,0,0,0,1);es="Linear";ed="In";};["004-offset"]={cf=cfr(0,0,0,.033,-.999,0,.999,.033,0,0,0,1);es="Linear";ed="In";};["002-offset"]={cf=cfr(0,0,0,.033,-.999,0,.999,.033,0,0,0,1);es="Linear";ed="In";};["000-offset.002"]={cf=cfr(0,0,0,.987,.16,0,-.16,.987,0,0,0,1);es="Linear";ed="In";};["000-offset.011"]={cf=cfr(0,0,0,.328,-.944,-.021,.944,.329,-.018,.024,-.013,1);es="Linear";ed="In";};["000-offset.014"]={cf=cfr(0,0,0,.225,-.974,.013,.973,.226,.056,-.057,0,.998);es="Linear";ed="In";};["000-offset.006"]={cf=cfr(0,0,0,-.124,-.826,-.55,.015,-.556,.831,-.992,.095,.081);es="Linear";ed="In";};["000-offset.003"]={cf=cfr(0,0,0,-.507,-.799,.323,-.069,-.336,-.939,.859,-.499,.116);es="Linear";ed="In";};["000-offset.007"]={cf=cfr(0,0,0,.784,-.621,0,.621,.784,0,0,0,1);es="Linear";ed="In";};["000-offset.004"]={cf=cfr(0,0,0,.552,-.834,0,.834,.552,0,0,0,1);es="Linear";ed="In";};["000-offset.008"]={cf=cfr(0,0,0,.507,-.794,.334,.823,.561,.085,-.255,.232,.939);es="Linear";ed="In";};["000-offset.005"]={cf=cfr(0,0,0,.746,-.661,.081,.583,.59,-.559,.321,.465,.825);es="Linear";ed="In";};};{tm=.595;["000-offset"]={cf=cfr(0,0,0,.693,-.721,0,.721,.693,0,0,0,1);es="Linear";ed="In";};["000-offset.009"]={cf=cfr(0,0,0,-.885,-.419,.202,.284,-.832,-.477,.368,-.365,.855);es="Linear";ed="In";};["000-offset.012"]={cf=cfr(0,0,0,-.713,-.658,-.242,.659,-.747,.089,-.239,-.096,.966);es="Linear";ed="In";};["000-offset.001"]={cf=cfr(0,0,0,.613,.786,.076,-.691,.58,-.432,-.383,.213,.899);es="Linear";ed="In";};["000-offset.010"]={cf=cfr(0,0,0,.121,.993,0,-.993,.121,0,0,0,1);es="Linear";ed="In";};["000-offset.013"]={cf=cfr(0,0,0,.267,.964,0,-.964,.267,0,0,0,1);es="Linear";ed="In";};["004-offset"]={cf=cfr(0,0,0,.033,-.999,-.003,.999,.033,0,0,-.003,1);es="Linear";ed="In";};["002-offset"]={cf=cfr(0,0,0,.032,-.999,.003,.999,.032,0,0,.003,1);es="Linear";ed="In";};["000-offset.002"]={cf=cfr(0,0,0,.99,.139,0,-.139,.99,0,0,0,1);es="Linear";ed="In";};["000-offset.011"]={cf=cfr(0,0,0,.332,-.943,-.021,.943,.332,-.018,.024,-.013,1);es="Linear";ed="In";};["000-offset.014"]={cf=cfr(0,0,0,.228,-.974,.013,.972,.229,.056,-.057,0,.998);es="Linear";ed="In";};["000-offset.006"]={cf=cfr(0,0,0,-.106,-.823,-.558,.027,-.564,.826,-.994,.073,.082);es="Linear";ed="In";};["000-offset.003"]={cf=cfr(0,0,0,-.496,-.8,.339,-.07,-.353,-.933,.866,-.486,.119);es="Linear";ed="In";};["000-offset.007"]={cf=cfr(0,0,0,.787,-.616,0,.616,.787,0,0,0,1);es="Linear";ed="In";};["000-offset.004"]={cf=cfr(0,0,0,.552,-.834,0,.834,.552,0,0,0,1);es="Linear";ed="In";};["000-offset.008"]={cf=cfr(0,0,0,.511,-.79,.338,.824,.563,.071,-.246,.243,.938);es="Linear";ed="In";};["000-offset.005"]={cf=cfr(0,0,0,.746,-.662,.073,.585,.599,-.546,.318,.45,.835);es="Linear";ed="In";};};{tm=.638;["000-offset"]={cf=cfr(0,0,0,.811,-.585,0,.585,.811,0,0,0,1);es="Linear";ed="In";};["000-offset.009"]={cf=cfr(0,0,0,-.878,-.433,.203,.302,-.832,-.466,.371,-.347,.861);es="Linear";ed="In";};["000-offset.012"]={cf=cfr(0,0,0,-.706,-.663,-.249,.664,-.742,.091,-.245,-.101,.964);es="Linear";ed="In";};["000-offset.001"]={cf=cfr(0,0,0,.63,.772,.08,-.681,.6,-.42,-.373,.21,.904);es="Linear";ed="In";};["000-offset.010"]={cf=cfr(0,0,0,.123,.992,0,-.992,.123,0,0,0,1);es="Linear";ed="In";};["000-offset.013"]={cf=cfr(0,0,0,.266,.964,0,-.964,.266,0,0,0,1);es="Linear";ed="In";};["004-offset"]={cf=cfr(0,0,0,.032,-.999,-.007,.999,.032,0,0,-.007,1);es="Linear";ed="In";};["002-offset"]={cf=cfr(0,0,0,.032,-.999,.006,.999,.032,-.001,0,.006,1);es="Linear";ed="In";};["000-offset.002"]={cf=cfr(0,0,0,.993,.115,0,-.115,.993,0,0,0,1);es="Linear";ed="In";};["000-offset.011"]={cf=cfr(0,0,0,.336,-.942,-.021,.942,.336,-.018,.024,-.013,1);es="Linear";ed="In";};["000-offset.014"]={cf=cfr(0,0,0,.231,-.973,.013,.971,.231,.056,-.057,0,.998);es="Linear";ed="In";};["000-offset.006"]={cf=cfr(0,0,0,-.09,-.827,-.556,.041,-.561,.827,-.995,.052,.084);es="Linear";ed="In";};["000-offset.003"]={cf=cfr(0,0,0,-.487,-.802,.346,-.056,-.367,-.929,.872,-.471,.134);es="Linear";ed="In";};["000-offset.007"]={cf=cfr(0,0,0,.79,-.613,0,.613,.79,0,0,0,1);es="Linear";ed="In";};["000-offset.004"]={cf=cfr(0,0,0,.552,-.834,0,.834,.552,0,0,0,1);es="Linear";ed="In";};["000-offset.008"]={cf=cfr(0,0,0,.516,-.785,.342,.823,.565,.055,-.237,.254,.938);es="Linear";ed="In";};["000-offset.005"]={cf=cfr(0,0,0,.747,-.662,.062,.587,.612,-.53,.313,.432,.846);es="Linear";ed="In";};};{tm=.68;["000-offset"]={cf=cfr(0,0,0,.896,-.444,0,.444,.896,0,0,0,1);es="Linear";ed="In";};["000-offset.009"]={cf=cfr(0,0,0,-.87,-.449,.205,.322,-.831,-.454,.374,-.328,.867);es="Linear";ed="In";};["000-offset.012"]={cf=cfr(0,0,0,-.697,-.669,-.257,.671,-.736,.094,-.252,-.107,.962);es="Linear";ed="In";};["000-offset.001"]={cf=cfr(0,0,0,.648,.757,.085,-.67,.62,-.408,-.361,.207,.909);es="Linear";ed="In";};["000-offset.010"]={cf=cfr(0,0,0,.125,.992,0,-.992,.125,0,0,0,1);es="Linear";ed="In";};["000-offset.013"]={cf=cfr(0,0,0,.264,.965,0,-.965,.264,0,0,0,1);es="Linear";ed="In";};["004-offset"]={cf=cfr(0,0,0,.032,-.999,-.011,.999,.032,.001,0,-.011,1);es="Linear";ed="In";};["002-offset"]={cf=cfr(0,0,0,.032,-.999,.01,.999,.032,-.001,.001,.01,1);es="Linear";ed="In";};["000-offset.002"]={cf=cfr(0,0,0,.996,.089,0,-.089,.996,0,0,0,1);es="Linear";ed="In";};["000-offset.011"]={cf=cfr(0,0,0,.339,-.94,-.02,.94,.34,-.018,.024,-.013,1);es="Linear";ed="In";};["000-offset.014"]={cf=cfr(0,0,0,.234,-.972,.013,.971,.234,.056,-.057,0,.998);es="Linear";ed="In";};["000-offset.006"]={cf=cfr(0,0,0,-.074,-.836,-.543,.056,-.547,.835,-.996,.031,.087);es="Linear";ed="In";};["000-offset.003"]={cf=cfr(0,0,0,-.479,-.807,.345,-.029,-.378,-.925,.877,-.453,.158);es="Linear";ed="In";};["000-offset.007"]={cf=cfr(0,0,0,.793,-.609,0,.609,.793,0,0,0,1);es="Linear";ed="In";};["000-offset.004"]={cf=cfr(0,0,0,.553,-.833,0,.833,.553,0,0,0,1);es="Linear";ed="In";};["000-offset.008"]={cf=cfr(0,0,0,.522,-.779,.347,.822,.568,.038,-.226,.265,.937);es="Linear";ed="In";};["000-offset.005"]={cf=cfr(0,0,0,.748,-.662,.049,.589,.626,-.512,.308,.411,.858);es="Linear";ed="In";};};{tm=.723;["000-offset"]={cf=cfr(0,0,0,.952,-.307,0,.307,.952,0,0,0,1);es="Linear";ed="In";};["000-offset.009"]={cf=cfr(0,0,0,-.86,-.466,.208,.342,-.83,-.441,.378,-.308,.873);es="Linear";ed="In";};["000-offset.012"]={cf=cfr(0,0,0,-.688,-.675,-.266,.678,-.729,.097,-.259,-.113,.959);es="Linear";ed="In";};["000-offset.001"]={cf=cfr(0,0,0,.666,.74,.09,-.659,.641,-.395,-.35,.204,.914);es="Linear";ed="In";};["000-offset.010"]={cf=cfr(0,0,0,.127,.992,0,-.992,.127,0,0,0,1);es="Linear";ed="In";};["000-offset.013"]={cf=cfr(0,0,0,.262,.965,0,-.965,.262,0,0,0,1);es="Linear";ed="In";};["004-offset"]={cf=cfr(0,0,0,.032,-.999,-.014,.999,.032,.001,0,-.014,1);es="Linear";ed="In";};["002-offset"]={cf=cfr(0,0,0,.032,-.999,.014,.999,.032,-.001,.001,.014,1);es="Linear";ed="In";};["000-offset.002"]={cf=cfr(0,0,0,.998,.062,0,-.062,.998,0,0,0,1);es="Linear";ed="In";};["000-offset.011"]={cf=cfr(0,0,0,.343,-.939,-.021,.939,.343,-.018,.024,-.013,1);es="Linear";ed="In";};["000-offset.014"]={cf=cfr(0,0,0,.236,-.972,.013,.97,.237,.056,-.057,0,.998);es="Linear";ed="In";};["000-offset.006"]={cf=cfr(0,0,0,-.055,-.851,-.523,.073,-.526,.848,-.996,.009,.091);es="Linear";ed="In";};["000-offset.003"]={cf=cfr(0,0,0,-.471,-.816,.336,.009,-.386,-.923,.882,-.431,.189);es="Linear";ed="In";};["000-offset.007"]={cf=cfr(0,0,0,.795,-.607,0,.607,.795,0,0,0,1);es="Linear";ed="In";};["000-offset.004"]={cf=cfr(0,0,0,.553,-.833,0,.833,.553,0,0,0,1);es="Linear";ed="In";};["000-offset.008"]={cf=cfr(0,0,0,.53,-.772,.351,.82,.572,.02,-.216,.277,.936);es="Linear";ed="In";};["000-offset.005"]={cf=cfr(0,0,0,.749,-.661,.035,.589,.642,-.49,.302,.388,.871);es="Linear";ed="In";};};{tm=.766;["000-offset"]={cf=cfr(0,0,0,.985,-.173,0,.173,.985,0,0,0,1);es="Linear";ed="In";};["000-offset.009"]={cf=cfr(0,0,0,-.849,-.483,.212,.364,-.827,-.428,.383,-.286,.878);es="Linear";ed="In";};["000-offset.012"]={cf=cfr(0,0,0,-.678,-.682,-.275,.685,-.722,.1,-.266,-.12,.956);es="Linear";ed="In";};["000-offset.001"]={cf=cfr(0,0,0,.685,.723,.094,-.646,.662,-.38,-.337,.199,.92);es="Linear";ed="In";};["000-offset.010"]={cf=cfr(0,0,0,.129,.992,0,-.992,.129,0,0,0,1);es="Linear";ed="In";};["000-offset.013"]={cf=cfr(0,0,0,.26,.965,0,-.965,.26,0,0,0,1);es="Linear";ed="In";};["004-offset"]={cf=cfr(0,0,0,.031,-.999,-.019,1,.031,.001,0,-.019,1);es="Linear";ed="In";};["002-offset"]={cf=cfr(0,0,0,.031,-.999,.018,1,.031,-.002,.001,.018,1);es="Linear";ed="In";};["000-offset.002"]={cf=cfr(0,0,0,.999,.034,0,-.034,.999,0,0,0,1);es="Linear";ed="In";};["000-offset.011"]={cf=cfr(0,0,0,.347,-.938,-.02,.938,.347,-.018,.024,-.013,1);es="Linear";ed="In";};["000-offset.014"]={cf=cfr(0,0,0,.239,-.971,.013,.969,.24,.056,-.057,-.001,.998);es="Linear";ed="In";};["000-offset.006"]={cf=cfr(0,0,0,-.031,-.868,-.495,.086,-.496,.864,-.996,-.016,.09);es="Linear";ed="In";};["000-offset.003"]={cf=cfr(0,0,0,-.458,-.828,.324,.055,-.39,-.919,.887,-.403,.224);es="Linear";ed="In";};["000-offset.007"]={cf=cfr(0,0,0,.796,-.605,0,.605,.796,0,0,0,1);es="Linear";ed="In";};["000-offset.004"]={cf=cfr(0,0,0,.553,-.833,0,.833,.553,0,0,0,1);es="Linear";ed="In";};["000-offset.008"]={cf=cfr(0,0,0,.538,-.765,.355,.818,.576,0,-.204,.29,.935);es="Linear";ed="In";};["000-offset.005"]={cf=cfr(0,0,0,.752,-.659,.018,.59,.66,-.465,.294,.361,.885);es="Linear";ed="In";};};{tm=.808;["000-offset"]={cf=cfr(0,0,0,.999,-.037,0,.037,.999,0,0,0,1);es="Linear";ed="In";};["000-offset.009"]={cf=cfr(0,0,0,-.837,-.502,.217,.386,-.824,-.415,.387,-.263,.884);es="Linear";ed="In";};["000-offset.012"]={cf=cfr(0,0,0,-.667,-.689,-.284,.693,-.714,.104,-.274,-.128,.953);es="Linear";ed="In";};["000-offset.001"]={cf=cfr(0,0,0,.704,.704,.098,-.632,.683,-.365,-.324,.195,.926);es="Linear";ed="In";};["000-offset.010"]={cf=cfr(0,0,0,.131,.991,0,-.991,.131,0,0,0,1);es="Linear";ed="In";};["000-offset.013"]={cf=cfr(0,0,0,.259,.966,0,-.966,.259,0,0,0,1);es="Linear";ed="In";};["004-offset"]={cf=cfr(0,0,0,.03,-.999,-.023,1,.03,.001,0,-.023,1);es="Linear";ed="In";};["002-offset"]={cf=cfr(0,0,0,.03,-.999,.022,1,.03,-.002,.001,.022,1);es="Linear";ed="In";};["000-offset.002"]={cf=cfr(0,0,0,1,.004,0,-.004,1,0,0,0,1);es="Linear";ed="In";};["000-offset.011"]={cf=cfr(0,0,0,.35,-.936,-.02,.936,.351,-.018,.024,-.013,1);es="Linear";ed="In";};["000-offset.014"]={cf=cfr(0,0,0,.242,-.97,.013,.969,.242,.055,-.057,-.001,.998);es="Linear";ed="In";};["000-offset.006"]={cf=cfr(0,0,0,-.001,-.887,-.462,.095,-.46,.883,-.995,-.043,.085);es="Linear";ed="In";};["000-offset.003"]={cf=cfr(0,0,0,-.439,-.844,.308,.107,-.39,-.915,.892,-.368,.262);es="Linear";ed="In";};["000-offset.007"]={cf=cfr(0,0,0,.797,-.603,0,.603,.797,0,0,0,1);es="Linear";ed="In";};["000-offset.004"]={cf=cfr(0,0,0,.555,-.832,0,.832,.555,0,0,0,1);es="Linear";ed="In";};["000-offset.008"]={cf=cfr(0,0,0,.548,-.756,.358,.814,.58,-.02,-.193,.302,.933);es="Linear";ed="In";};["000-offset.005"]={cf=cfr(0,0,0,.755,-.655,0,.589,.679,-.438,.287,.331,.899);es="Linear";ed="In";};};{tm=.851;["000-offset"]={cf=cfr(0,0,0,.995,.096,0,-.096,.995,0,0,0,1);es="Linear";ed="In";};["000-offset.009"]={cf=cfr(0,0,0,-.824,-.52,.224,.409,-.82,-.401,.392,-.239,.888);es="Linear";ed="In";};["000-offset.012"]={cf=cfr(0,0,0,-.656,-.696,-.294,.7,-.706,.108,-.282,-.135,.95);es="Linear";ed="In";};["000-offset.001"]={cf=cfr(0,0,0,.722,.684,.102,-.617,.705,-.35,-.311,.189,.931);es="Linear";ed="In";};["000-offset.010"]={cf=cfr(0,0,0,.133,.991,0,-.991,.133,0,0,0,1);es="Linear";ed="In";};["000-offset.013"]={cf=cfr(0,0,0,.257,.966,0,-.966,.257,0,0,0,1);es="Linear";ed="In";};["004-offset"]={cf=cfr(0,0,0,.029,-.999,-.028,1,.029,.001,0,-.028,1);es="Linear";ed="In";};["002-offset"]={cf=cfr(0,0,0,.029,-.999,.026,1,.029,-.002,.002,.026,1);es="Linear";ed="In";};["000-offset.002"]={cf=cfr(0,0,0,1,-.027,0,.027,1,0,0,0,1);es="Linear";ed="In";};["000-offset.011"]={cf=cfr(0,0,0,.354,-.935,-.02,.935,.355,-.018,.024,-.013,1);es="Linear";ed="In";};["000-offset.014"]={cf=cfr(0,0,0,.245,-.97,.013,.968,.245,.055,-.057,-.001,.998);es="Linear";ed="In";};["000-offset.006"]={cf=cfr(0,0,0,.034,-.905,-.423,.096,-.419,.903,-.995,-.071,.073);es="Linear";ed="In";};["000-offset.003"]={cf=cfr(0,0,0,-.411,-.863,.293,.161,-.385,-.909,.897,-.327,.298);es="Linear";ed="In";};["000-offset.007"]={cf=cfr(0,0,0,.798,-.603,0,.603,.798,0,0,0,1);es="Linear";ed="In";};["000-offset.004"]={cf=cfr(0,0,0,.558,-.83,0,.83,.558,0,0,0,1);es="Linear";ed="In";};["000-offset.008"]={cf=cfr(0,0,0,.558,-.747,.361,.81,.585,-.041,-.181,.316,.932);es="Linear";ed="In";};["000-offset.005"]={cf=cfr(0,0,0,.759,-.651,-.018,.589,.698,-.407,.278,.298,.913);es="Linear";ed="In";};};{tm=.893;["000-offset"]={cf=cfr(0,0,0,.974,.226,0,-.226,.974,0,0,0,1);es="Linear";ed="In";};["000-offset.009"]={cf=cfr(0,0,0,-.81,-.539,.231,.431,-.815,-.388,.397,-.214,.892);es="Linear";ed="In";};["000-offset.012"]={cf=cfr(0,0,0,-.643,-.703,-.304,.708,-.697,.112,-.291,-.143,.946);es="Linear";ed="In";};["000-offset.001"]={cf=cfr(0,0,0,.741,.663,.106,-.602,.726,-.333,-.298,.183,.937);es="Linear";ed="In";};["000-offset.010"]={cf=cfr(0,0,0,.135,.991,0,-.991,.135,0,0,0,1);es="Linear";ed="In";};["000-offset.013"]={cf=cfr(0,0,0,.255,.967,0,-.967,.255,0,0,0,1);es="Linear";ed="In";};["004-offset"]={cf=cfr(0,0,0,.028,-.999,-.032,1,.028,.001,0,-.032,.999);es="Linear";ed="In";};["002-offset"]={cf=cfr(0,0,0,.027,-.999,.03,1,.027,-.003,.002,.03,1);es="Linear";ed="In";};["000-offset.002"]={cf=cfr(0,0,0,.998,-.059,0,.059,.998,0,0,0,1);es="Linear";ed="In";};["000-offset.011"]={cf=cfr(0,0,0,.358,-.934,-.02,.933,.358,-.018,.024,-.013,1);es="Linear";ed="In";};["000-offset.014"]={cf=cfr(0,0,0,.248,-.969,.013,.967,.248,.055,-.057,-.001,.998);es="Linear";ed="In";};["000-offset.006"]={cf=cfr(0,0,0,.073,-.922,-.38,.084,-.374,.924,-.994,-.099,.05);es="Linear";ed="In";};["000-offset.003"]={cf=cfr(0,0,0,-.374,-.885,.278,.214,-.374,-.902,.902,-.278,.33);es="Linear";ed="In";};["000-offset.007"]={cf=cfr(0,0,0,.798,-.602,0,.602,.798,0,0,0,1);es="Linear";ed="In";};["000-offset.004"]={cf=cfr(0,0,0,.561,-.828,0,.828,.561,0,0,0,1);es="Linear";ed="In";};["000-offset.008"]={cf=cfr(0,0,0,.569,-.738,.364,.805,.59,-.063,-.169,.329,.929);es="Linear";ed="In";};["000-offset.005"]={cf=cfr(0,0,0,.763,-.645,-.038,.588,.717,-.374,.269,.263,.927);es="Linear";ed="In";};};{tm=.936;["000-offset"]={cf=cfr(0,0,0,.937,.349,0,-.349,.937,0,0,0,1);es="Linear";ed="In";};["000-offset.009"]={cf=cfr(0,0,0,-.795,-.558,.24,.455,-.808,-.374,.402,-.189,.896);es="Linear";ed="In";};["000-offset.012"]={cf=cfr(0,0,0,-.63,-.71,-.314,.716,-.688,.117,-.299,-.151,.942);es="Linear";ed="In";};["000-offset.001"]={cf=cfr(0,0,0,.76,.641,.108,-.585,.747,-.316,-.284,.177,.942);es="Linear";ed="In";};["000-offset.010"]={cf=cfr(0,0,0,.138,.99,0,-.99,.138,0,0,0,1);es="Linear";ed="In";};["000-offset.013"]={cf=cfr(0,0,0,.254,.967,0,-.967,.254,0,0,0,1);es="Linear";ed="In";};["004-offset"]={cf=cfr(0,0,0,.026,-.999,-.037,1,.026,.001,0,-.037,.999);es="Linear";ed="In";};["002-offset"]={cf=cfr(0,0,0,.026,-.999,.035,1,.026,-.003,.002,.035,.999);es="Linear";ed="In";};["000-offset.002"]={cf=cfr(0,0,0,.996,-.091,0,.091,.996,0,0,0,1);es="Linear";ed="In";};["000-offset.011"]={cf=cfr(0,0,0,.361,-.932,-.02,.932,.362,-.018,.024,-.013,1);es="Linear";ed="In";};["000-offset.014"]={cf=cfr(0,0,0,.25,-.968,.013,.967,.251,.055,-.057,-.001,.998);es="Linear";ed="In";};["000-offset.006"]={cf=cfr(0,0,0,.109,-.937,-.333,.057,-.329,.943,-.992,-.121,.017);es="Linear";ed="In";};["000-offset.003"]={cf=cfr(0,0,0,-.327,-.907,.267,.262,-.358,-.896,.908,-.223,.355);es="Linear";ed="In";};["000-offset.007"]={cf=cfr(0,0,0,.798,-.603,0,.603,.798,0,0,0,1);es="Linear";ed="In";};["000-offset.004"]={cf=cfr(0,0,0,.564,-.826,0,.826,.564,0,0,0,1);es="Linear";ed="In";};["000-offset.008"]={cf=cfr(0,0,0,.58,-.727,.366,.799,.595,-.085,-.156,.342,.927);es="Linear";ed="In";};["000-offset.005"]={cf=cfr(0,0,0,.768,-.638,-.059,.586,.736,-.338,.259,.225,.939);es="Linear";ed="In";};};{tm=.978;["000-offset"]={cf=cfr(0,0,0,.886,.464,0,-.464,.886,0,0,0,1);es="Linear";ed="In";};["000-offset.009"]={cf=cfr(0,0,0,-.778,-.577,.249,.478,-.801,-.361,.408,-.162,.899);es="Linear";ed="In";};["000-offset.012"]={cf=cfr(0,0,0,-.617,-.717,-.325,.724,-.678,.123,-.308,-.16,.938);es="Linear";ed="In";};["000-offset.001"]={cf=cfr(0,0,0,.778,.618,.11,-.567,.767,-.299,-.269,.17,.948);es="Linear";ed="In";};["000-offset.010"]={cf=cfr(0,0,0,.14,.99,0,-.99,.14,0,0,0,1);es="Linear";ed="In";};["000-offset.013"]={cf=cfr(0,0,0,.252,.968,0,-.968,.252,0,0,0,1);es="Linear";ed="In";};["004-offset"]={cf=cfr(0,0,0,.025,-.999,-.042,1,.025,.002,0,-.042,.999);es="Linear";ed="In";};["002-offset"]={cf=cfr(0,0,0,.025,-.999,.04,1,.025,-.003,.002,.04,.999);es="Linear";ed="In";};["000-offset.002"]={cf=cfr(0,0,0,.992,-.125,0,.125,.992,0,0,0,1);es="Linear";ed="In";};["000-offset.011"]={cf=cfr(0,0,0,.365,-.931,-.02,.931,.366,-.018,.024,-.012,1);es="Linear";ed="In";};["000-offset.014"]={cf=cfr(0,0,0,.253,-.967,.013,.966,.253,.055,-.057,-.001,.998);es="Linear";ed="In";};["000-offset.006"]={cf=cfr(0,0,0,.135,-.949,-.284,.014,-.285,.958,-.991,-.133,-.026);es="Linear";ed="In";};["000-offset.003"]={cf=cfr(0,0,0,-.271,-.927,.259,.302,-.338,-.892,.914,-.164,.371);es="Linear";ed="In";};["000-offset.007"]={cf=cfr(0,0,0,.797,-.603,0,.603,.797,0,0,0,1);es="Linear";ed="In";};["000-offset.004"]={cf=cfr(0,0,0,.568,-.823,0,.823,.568,0,0,0,1);es="Linear";ed="In";};["000-offset.008"]={cf=cfr(0,0,0,.592,-.717,.368,.793,.599,-.108,-.143,.356,.923);es="Linear";ed="In";};["000-offset.005"]={cf=cfr(0,0,0,.773,-.63,-.079,.584,.754,-.3,.249,.185,.951);es="Linear";ed="In";};};{tm=1.021;["000-offset"]={cf=cfr(0,0,0,.822,.569,0,-.569,.822,0,0,0,1);es="Linear";ed="In";};["000-offset.009"]={cf=cfr(0,0,0,-.76,-.595,.26,.501,-.792,-.349,.414,-.135,.9);es="Linear";ed="In";};["000-offset.012"]={cf=cfr(0,0,0,-.603,-.724,-.335,.732,-.669,.128,-.317,-.168,.933);es="Linear";ed="In";};["000-offset.001"]={cf=cfr(0,0,0,.796,.595,.111,-.549,.787,-.282,-.255,.163,.953);es="Linear";ed="In";};["000-offset.010"]={cf=cfr(0,0,0,.142,.99,0,-.99,.142,0,0,0,1);es="Linear";ed="In";};["000-offset.013"]={cf=cfr(0,0,0,.25,.968,0,-.968,.25,0,0,0,1);es="Linear";ed="In";};["004-offset"]={cf=cfr(0,0,0,.024,-.999,-.047,1,.024,.002,-.001,-.047,.999);es="Linear";ed="In";};["002-offset"]={cf=cfr(0,0,0,.024,-.999,.044,1,.024,-.004,.003,.044,.999);es="Linear";ed="In";};["000-offset.002"]={cf=cfr(0,0,0,.987,-.158,0,.158,.987,0,0,0,1);es="Linear";ed="In";};["000-offset.011"]={cf=cfr(0,0,0,.369,-.929,-.02,.929,.369,-.018,.024,-.012,1);es="Linear";ed="In";};["000-offset.014"]={cf=cfr(0,0,0,.256,-.967,.013,.965,.256,.055,-.057,-.001,.998);es="Linear";ed="In";};["000-offset.006"]={cf=cfr(0,0,0,.145,-.961,-.235,-.041,-.243,.969,-.989,-.131,-.074);es="Linear";ed="In";};["000-offset.003"]={cf=cfr(0,0,0,-.21,-.944,.255,.329,-.314,-.891,.92,-.103,.377);es="Linear";ed="In";};["000-offset.007"]={cf=cfr(0,0,0,.797,-.604,0,.604,.797,0,0,0,1);es="Linear";ed="In";};["000-offset.004"]={cf=cfr(0,0,0,.572,-.82,0,.82,.572,0,0,0,1);es="Linear";ed="In";};["000-offset.008"]={cf=cfr(0,0,0,.604,-.706,.369,.786,.604,-.131,-.13,.37,.92);es="Linear";ed="In";};["000-offset.005"]={cf=cfr(0,0,0,.778,-.621,-.1,.582,.771,-.259,.238,.143,.961);es="Linear";ed="In";};};{tm=1.063;["000-offset"]={cf=cfr(0,0,0,.748,.663,0,-.663,.748,0,0,0,1);es="Linear";ed="In";};["000-offset.009"]={cf=cfr(0,0,0,-.742,-.613,.272,.523,-.783,-.337,.42,-.108,.901);es="Linear";ed="In";};["000-offset.012"]={cf=cfr(0,0,0,-.588,-.731,-.346,.74,-.659,.135,-.326,-.177,.929);es="