local cfr = CFrame.new

return {{tm=0;["RootNode"]={cf=cfr(0,0,0,-1,0,0,0,1,0,0,0,-1);es="Linear";ed="In";};["root"]={cf=cfr(0,2.665,0,0,0,1,0,1,0,-1,0,0);es="Linear";ed="In";};["000-offset"]={cf=cfr(0,0,0,-.669,.743,0,-.743,-.669,0,0,0,1);es="Linear";ed="In";};["004-offset.001"]={cf=cfr(0,0,0,-.015,-1,0,1,-.015,0,0,0,1);es="Linear";ed="In";};["006-offset"]={cf=cfr(0,0,0,-.015,-1,0,1,-.015,0,0,0,1);es="Linear";ed="In";};["000-offset.009"]={cf=cfr(0,0,0,-.338,-.768,.544,.783,-.551,-.29,.523,.328,.787);es="Linear";ed="In";};["000-offset.012"]={cf=cfr(0,0,0,-.316,-.812,-.491,.82,-.494,.29,-.478,-.311,.821);es="Linear";ed="In";};["000-offset.001"]={cf=cfr(0,0,0,.989,.147,0,-.147,.989,0,0,0,1);es="Linear";ed="In";};["000-offset.010"]={cf=cfr(0,0,0,.173,.985,0,-.985,.173,0,0,0,1);es="Linear";ed="In";};["000-offset.013"]={cf=cfr(0,0,0,.224,.975,0,-.975,.224,0,0,0,1);es="Linear";ed="In";};["004-offset"]={cf=cfr(0,0,0,.002,-.99,-.139,1,.002,.002,-.001,-.139,.99);es="Linear";ed="In";};["002-offset"]={cf=cfr(0,0,0,.001,-.991,.131,1,0,-.008,.008,.131,.991);es="Linear";ed="In";};["000-offset.002"]={cf=cfr(0,0,0,.715,-.699,0,.699,.715,0,0,0,1);es="Linear";ed="In";};["000-offset.011"]={cf=cfr(0,0,0,.424,-.905,-.02,.905,.424,-.018,.025,-.011,1);es="Linear";ed="In";};["000-offset.014"]={cf=cfr(0,0,0,.297,-.955,.013,.953,.298,.054,-.056,-.004,.998);es="Linear";ed="In";};["000-offset.006"]={cf=cfr(0,0,0,-.577,-.677,-.457,.299,-.696,.653,-.76,.241,.604);es="Linear";ed="In";};["000-offset.003"]={cf=cfr(0,0,0,-.608,-.712,.351,.293,-.612,-.734,.738,-.343,.581);es="Linear";ed="In";};["000-offset.007"]={cf=cfr(0,0,0,.75,-.661,0,.661,.75,0,0,0,1);es="Linear";ed="In";};["000-offset.004"]={cf=cfr(0,0,0,.67,-.742,0,.742,.67,0,0,0,1);es="Linear";ed="In";};["000-offset.008"]={cf=cfr(0,0,0,.814,-.513,.271,.572,.63,-.526,.099,.583,.806);es="Linear";ed="In";};["000-offset.005"]={cf=cfr(0,0,0,.875,-.351,-.333,.484,.653,.583,.013,-.671,.741);es="Linear";ed="In";};};{tm=.042;["root"]={cf=cfr(0,2.651,0,0,0,1,0,1,0,-1,0,0);es="Linear";ed="In";};["000-offset"]={cf=cfr(0,0,0,-.667,.745,0,-.745,-.667,0,0,0,1);es="Linear";ed="In";};["000-offset.009"]={cf=cfr(0,0,0,-.34,-.767,.544,.782,-.552,-.29,.523,.327,.787);es="Linear";ed="In";};["000-offset.012"]={cf=cfr(0,0,0,-.317,-.811,-.491,.818,-.496,.29,-.479,-.31,.821);es="Linear";ed="In";};["000-offset.010"]={cf=cfr(0,0,0,.171,.985,0,-.985,.171,0,0,0,1);es="Linear";ed="In";};["000-offset.013"]={cf=cfr(0,0,0,.222,.975,0,-.975,.222,0,0,0,1);es="Linear";ed="In";};["000-offset.011"]={cf=cfr(0,0,0,.417,-.909,-.02,.909,.417,-.018,.024,-.011,1);es="Linear";ed="In";};["000-offset.014"]={cf=cfr(0,0,0,.29,-.957,.013,.956,.29,.054,-.056,-.003,.998);es="Linear";ed="In";};["000-offset.006"]={cf=cfr(0,0,0,-.578,-.672,-.463,.292,-.7,.651,-.762,.241,.601);es="Linear";ed="In";};["000-offset.003"]={cf=cfr(0,0,0,-.608,-.711,.354,.294,-.615,-.732,.738,-.341,.583);es="Linear";ed="In";};["000-offset.007"]={cf=cfr(0,0,0,.739,-.673,0,.673,.739,0,0,0,1);es="Linear";ed="In";};["000-offset.004"]={cf=cfr(0,0,0,.656,-.755,0,.755,.656,0,0,0,1);es="Linear";ed="In";};["000-offset.008"]={cf=cfr(0,0,0,.818,-.513,.26,.564,.629,-.534,.11,.584,.804);es="Linear";ed="In";};["000-offset.005"]={cf=cfr(0,0,0,.878,-.35,-.326,.478,.651,.59,.006,-.674,.739);es="Linear";ed="In";};};{tm=.083;["root"]={cf=cfr(0,2.651,0,0,0,1,0,1,0,-1,0,0);es="Linear";ed="In";};["000-offset"]={cf=cfr(0,0,0,-.666,.746,0,-.746,-.666,0,0,0,1);es="Linear";ed="In";};["000-offset.009"]={cf=cfr(0,0,0,-.344,-.765,.544,.779,-.556,-.29,.525,.324,.787);es="Linear";ed="In";};["000-offset.012"]={cf=cfr(0,0,0,-.323,-.809,-.491,.815,-.501,.29,-.481,-.306,.822);es="Linear";ed="In";};["000-offset.010"]={cf=cfr(0,0,0,.164,.986,0,-.986,.164,0,0,0,1);es="Linear";ed="In";};["000-offset.013"]={cf=cfr(0,0,0,.216,.976,0,-.976,.216,0,0,0,1);es="Linear";ed="In";};["000-offset.011"]={cf=cfr(0,0,0,.397,-.918,-.02,.917,.398,-.018,.024,-.011,1);es="Linear";ed="In";};["000-offset.014"]={cf=cfr(0,0,0,.268,-.963,.013,.962,.269,.054,-.056,-.002,.998);es="Linear";ed="In";};["000-offset.006"]={cf=cfr(0,0,0,-.579,-.658,-.481,.275,-.713,.645,-.768,.241,.593);es="Linear";ed="In";};["000-offset.003"]={cf=cfr(0,0,0,-.608,-.706,.362,.294,-.624,-.724,.737,-.334,.588);es="Linear";ed="In";};["000-offset.007"]={cf=cfr(0,0,0,.709,-.705,0,.705,.709,0,0,0,1);es="Linear";ed="In";};["000-offset.004"]={cf=cfr(0,0,0,.619,-.785,0,.785,.619,0,0,0,1);es="Linear";ed="In";};["000-offset.008"]={cf=cfr(0,0,0,.828,-.512,.23,.544,.629,-.556,.14,.585,.799);es="Linear";ed="In";};["000-offset.005"]={cf=cfr(0,0,0,.887,-.347,-.306,.462,.646,.607,-.013,-.68,.733);es="Linear";ed="In";};};{tm=.125;["root"]={cf=cfr(0,2.623,0,0,0,1,0,1,0,-1,0,0);es="Linear";ed="In";};["000-offset"]={cf=cfr(0,0,0,-.664,.748,0,-.748,-.664,0,0,0,1);es="Linear";ed="In";};["000-offset.009"]={cf=cfr(0,0,0,-.35,-.763,.544,.775,-.562,-.29,.527,.32,.787);es="Linear";ed="In";};["000-offset.012"]={cf=cfr(0,0,0,-.331,-.806,-.49,.81,-.509,.29,-.483,-.301,.822);es="Linear";ed="In";};["000-offset.010"]={cf=cfr(0,0,0,.154,.988,0,-.988,.154,0,0,0,1);es="Linear";ed="In";};["000-offset.013"]={cf=cfr(0,0,0,.207,.978,0,-.978,.207,0,0,0,1);es="Linear";ed="In";};["000-offset.011"]={cf=cfr(0,0,0,.368,-.93,-.02,.93,.368,-.018,.024,-.012,1);es="Linear";ed="In";};["000-offset.014"]={cf=cfr(0,0,0,.236,-.972,.013,.97,.237,.054,-.056,0,.998);es="Linear";ed="In";};["000-offset.006"]={cf=cfr(0,0,0,-.579,-.638,-.508,.249,-.732,.635,-.776,.241,.583);es="Linear";ed="In";};["000-offset.003"]={cf=cfr(0,0,0,-.609,-.699,.375,.295,-.638,-.711,.737,-.322,.594);es="Linear";ed="In";};["000-offset.007"]={cf=cfr(0,0,0,.663,-.749,0,.749,.663,0,0,0,1);es="Linear";ed="In";};["000-offset.004"]={cf=cfr(0,0,0,.563,-.827,0,.827,.563,0,0,0,1);es="Linear";ed="In";};["000-offset.008"]={cf=cfr(0,0,0,.839,-.512,.185,.512,.628,-.586,.183,.586,.789);es="Linear";ed="In";};["000-offset.005"]={cf=cfr(0,0,0,.898,-.344,-.276,.439,.639,.631,-.04,-.688,.725);es="Linear";ed="In";};};{tm=.167;["root"]={cf=cfr(0,2.608,0,0,0,1,0,1,0,-1,0,0);es="Linear";ed="In";};["000-offset"]={cf=cfr(0,0,0,-.661,.751,0,-.751,-.661,0,0,0,1);es="Linear";ed="In";};["000-offset.009"]={cf=cfr(0,0,0,-.358,-.759,.544,.769,-.57,-.29,.53,.314,.788);es="Linear";ed="In";};["000-offset.012"]={cf=cfr(0,0,0,-.342,-.802,-.49,.804,-.52,.289,-.487,-.295,.822);es="Linear";ed="In";};["000-offset.010"]={cf=cfr(0,0,0,.141,.99,0,-.99,.141,0,0,0,1);es="Linear";ed="In";};["000-offset.013"]={cf=cfr(0,0,0,.195,.981,0,-.981,.195,0,0,0,1);es="Linear";ed="In";};["000-offset.011"]={cf=cfr(0,0,0,.33,-.944,-.02,.944,.331,-.017,.023,-.013,1);es="Linear";ed="In";};["000-offset.014"]={cf=cfr(0,0,0,.197,-.98,.013,.979,.197,.054,-.055,.002,.998);es="Linear";ed="In";};["000-offset.006"]={cf=cfr(0,0,0,-.579,-.611,-.54,.219,-.754,.619,-.785,.24,.571);es="Linear";ed="In";};["000-offset.003"]={cf=cfr(0,0,0,-.609,-.69,.392,.295,-.655,-.695,.736,-.308,.603);es="Linear";ed="In";};["000-offset.007"]={cf=cfr(0,0,0,.604,-.797,0,.797,.604,0,0,0,1);es="Linear";ed="In";};["000-offset.004"]={cf=cfr(0,0,0,.492,-.871,0,.871,.492,0,0,0,1);es="Linear";ed="In";};["000-offset.008"]={cf=cfr(0,0,0,.849,-.512,.13,.473,.628,-.618,.235,.587,.775);es="Linear";ed="In";};["000-offset.005"]={cf=cfr(0,0,0,.909,-.342,-.24,.411,.633,.656,-.072,-.695,.715);es="Linear";ed="In";};};{tm=.208;["root"]={cf=cfr(0,2.58,0,0,0,1,0,1,0,-1,0,0);es="Linear";ed="In";};["000-offset"]={cf=cfr(0,0,0,-.657,.754,0,-.754,-.657,0,0,0,1);es="Linear";ed="In";};["000-offset.009"]={cf=cfr(0,0,0,-.367,-.755,.544,.762,-.579,-.289,.533,.308,.788);es="Linear";ed="In";};["000-offset.012"]={cf=cfr(0,0,0,-.354,-.797,-.49,.796,-.532,.289,-.491,-.287,.823);es="Linear";ed="In";};["000-offset.010"]={cf=cfr(0,0,0,.125,.992,0,-.992,.125,0,0,0,1);es="Linear";ed="In";};["000-offset.013"]={cf=cfr(0,0,0,.181,.984,0,-.984,.181,0,0,0,1);es="Linear";ed="In";};["000-offset.011"]={cf=cfr(0,0,0,.288,-.958,-.02,.957,.288,-.017,.022,-.014,1);es="Linear";ed="In";};["000-offset.014"]={cf=cfr(0,0,0,.152,-.988,.013,.987,.153,.054,-.055,.004,.998);es="Linear";ed="In";};["000-offset.006"]={cf=cfr(0,0,0,-.578,-.58,-.574,.188,-.779,.598,-.794,.238,.559);es="Linear";ed="In";};["000-offset.003"]={cf=cfr(0,0,0,-.61,-.678,.411,.296,-.675,-.676,.735,-.29,.612);es="Linear";ed="In";};["000-offset.007"]={cf=cfr(0,0,0,.537,-.843,0,.843,.537,0,0,0,1);es="Linear";ed="In";};["000-offset.004"]={cf=cfr(0,0,0,.415,-.91,0,.91,.415,0,0,0,1);es="Linear";ed="In";};["000-offset.008"]={cf=cfr(0,0,0,.856,-.512,.07,.429,.628,-.649,.289,.585,.758);es="Linear";ed="In";};["000-offset.005"]={cf=cfr(0,0,0,.918,-.341,-.201,.382,.627,.678,-.105,-.7,.706);es="Linear";ed="In";};};{tm=.25;["root"]={cf=cfr(0,2.552,0,0,0,1,0,1,0,-1,0,0);es="Linear";ed="In";};["000-offset"]={cf=cfr(0,0,0,-.653,.758,0,-.758,-.653,0,0,0,1);es="Linear";ed="In";};["000-offset.009"]={cf=cfr(0,0,0,-.377,-.75,.543,.755,-.589,-.289,.537,.301,.788);es="Linear";ed="In";};["000-offset.012"]={cf=cfr(0,0,0,-.368,-.791,-.489,.787,-.545,.289,-.495,-.279,.823);es="Linear";ed="In";};["000-offset.010"]={cf=cfr(0,0,0,.107,.994,0,-.994,.107,0,0,0,1);es="Linear";ed="In";};["000-offset.013"]={cf=cfr(0,0,0,.165,.986,0,-.986,.165,0,0,0,1);es="Linear";ed="In";};["000-offset.011"]={cf=cfr(0,0,0,.243,-.97,-.02,.97,.243,-.017,.022,-.015,1);es="Linear";ed="In";};["000-offset.014"]={cf=cfr(0,0,0,.107,-.994,.013,.993,.107,.054,-.055,.007,.998);es="Linear";ed="In";};["000-offset.006"]={cf=cfr(0,0,0,-.576,-.547,-.607,.159,-.804,.573,-.801,.233,.551);es="Linear";ed="In";};["000-offset.003"]={cf=cfr(0,0,0,-.609,-.665,.432,.296,-.696,-.654,.736,-.271,.621);es="Linear";ed="In";};["000-offset.007"]={cf=cfr(0,0,0,.469,-.883,0,.883,.469,0,0,0,1);es="Linear";ed="In";};["000-offset.004"]={cf=cfr(0,0,0,.339,-.941,0,.941,.339,0,0,0,1);es="Linear";ed="In";};["000-offset.008"]={cf=cfr(0,0,0,.858,-.514,.011,.385,.629,-.675,.34,.583,.738);es="Linear";ed="In";};["000-offset.005"]={cf=cfr(0,0,0,.925,-.343,-.165,.355,.626,.695,-.135,-.701,.7);es="Linear";ed="In";};};{tm=.292;["root"]={cf=cfr(0,2.524,0,0,0,1,0,1,0,-1,0,0);es="Linear";ed="In";};["000-offset"]={cf=cfr(0,0,0,-.648,.761,0,-.761,-.648,0,0,0,1);es="Linear";ed="In";};["000-offset.009"]={cf=cfr(0,0,0,-.387,-.745,.543,.746,-.599,-.289,.541,.293,.788);es="Linear";ed="In";};["000-offset.012"]={cf=cfr(0,0,0,-.382,-.784,-.489,.777,-.559,.289,-.5,-.27,.823);es="Linear";ed="In";};["000-offset.010"]={cf=cfr(0,0,0,.089,.996,0,-.996,.089,0,0,0,1);es="Linear";ed="In";};["000-offset.013"]={cf=cfr(0,0,0,.149,.989,0,-.989,.149,0,0,0,1);es="Linear";ed="In";};["000-offset.011"]={cf=cfr(0,0,0,.199,-.98,-.02,.98,.199,-.017,.021,-.016,1);es="Linear";ed="In";};["000-offset.014"]={cf=cfr(0,0,0,.063,-.998,.013,.996,.064,.054,-.055,.009,.998);es="Linear";ed="In";};["000-offset.006"]={cf=cfr(0,0,0,-.576,-.512,-.637,.135,-.828,.544,-.806,.227,.546);es="Linear";ed="In";};["000-offset.003"]={cf=cfr(0,0,0,-.609,-.651,.454,.296,-.717,-.631,.736,-.25,.629);es="Linear";ed="In";};["000-offset.007"]={cf=cfr(0,0,0,.406,-.914,0,.914,.406,0,0,0,1);es="Linear";ed="In";};["000-offset.004"]={cf=cfr(0,0,0,.273,-.962,0,.962,.273,0,0,0,1);es="Linear";ed="In";};["000-offset.008"]={cf=cfr(0,0,0,.856,-.515,-.042,.345,.63,-.695,.384,.581,.717);es="Linear";ed="In";};["000-offset.005"]={cf=cfr(0,0,0,.929,-.345,-.134,.334,.629,.702,-.158,-.697,.699);es="Linear";ed="In";};};{tm=.333;["root"]={cf=cfr(0,2.51,0,0,0,1,0,1,0,-1,0,0);es="Linear";ed="In";};["000-offset"]={cf=cfr(0,0,0,-.644,.765,0,-.765,-.644,0,0,0,1);es="Linear";ed="In";};["000-offset.009"]={cf=cfr(0,0,0,-.398,-.739,.543,.738,-.61,-.289,.545,.286,.788);es="Linear";ed="In";};["000-offset.012"]={cf=cfr(0,0,0,-.396,-.777,-.489,.767,-.573,.289,-.505,-.261,.823);es="Linear";ed="In";};["000-offset.010"]={cf=cfr(0,0,0,.07,.998,0,-.998,.07,0,0,0,1);es="Linear";ed="In";};["000-offset.013"]={cf=cfr(0,0,0,.132,.991,0,-.991,.132,0,0,0,1);es="Linear";ed="In";};["000-offset.011"]={cf=cfr(0,0,0,.158,-.987,-.02,.987,.158,-.017,.02,-.017,1);es="Linear";ed="In";};["000-offset.014"]={cf=cfr(0,0,0,.025,-1,.013,.998,.026,.054,-.054,.011,.998);es="Linear";ed="In";};["000-offset.006"]={cf=cfr(0,0,0,-.579,-.479,-.66,.118,-.85,.513,-.807,.219,.548);es="Linear";ed="In";};["000-offset.003"]={cf=cfr(0,0,0,-.608,-.636,.475,.296,-.737,-.608,.736,-.229,.637);es="Linear";ed="In";};["000-offset.007"]={cf=cfr(0,0,0,.358,-.934,0,.934,.358,0,0,0,1);es="Linear";ed="In";};["000-offset.004"]={cf=cfr(0,0,0,.228,-.974,0,.974,.228,0,0,0,1);es="Linear";ed="In";};["000-offset.008"]={cf=cfr(0,0,0,.854,-.515,-.081,.313,.631,-.71,.416,.58,.7);es="Linear";ed="In";};["000-offset.005"]={cf=cfr(0,0,0,.931,-.348,-.113,.323,.637,.7,-.171,-.688,.706);es="Linear";ed="In";};};{tm=.375;["root"]={cf=cfr(0,2.482,0,0,0,1,0,1,0,-1,0,0);es="Linear";ed="In";};["000-offset"]={cf=cfr(0,0,0,-.64,.768,0,-.768,-.64,0,0,0,1);es="Linear";ed="In";};["000-offset.009"]={cf=cfr(0,0,0,-.408,-.734,.543,.73,-.62,-.289,.549,.278,.788);es="Linear";ed="In";};["000-offset.012"]={cf=cfr(0,0,0,-.409,-.77,-.489,.757,-.586,.289,-.51,-.252,.823);es="Linear";ed="In";};["000-offset.010"]={cf=cfr(0,0,0,.051,.999,0,-.999,.051,0,0,0,1);es="Linear";ed="In";};["000-offset.013"]={cf=cfr(0,0,0,.116,.993,0,-.993,.116,0,0,0,1);es="Linear";ed="In";};["000-offset.011"]={cf=cfr(0,0,0,.124,-.992,-.02,.992,.124,-.018,.02,-.018,1);es="Linear";ed="In";};["000-offset.014"]={cf=cfr(0,0,0,-.004,-1,.013,.999,-.003,.054,-.054,.013,.998);es="Linear";ed="In";};["000-offset.006"]={cf=cfr(0,0,0,-.586,-.449,-.675,.11,-.869,.482,-.803,.208,.558);es="Linear";ed="In";};["000-offset.003"]={cf=cfr(0,0,0,-.606,-.622,.496,.296,-.755,-.585,.738,-.208,.642);es="Linear";ed="In";};["000-offset.007"]={cf=cfr(0,0,0,.332,-.943,0,.943,.332,0,0,0,1);es="Linear";ed="In";};["000-offset.004"]={cf=cfr(0,0,0,.212,-.977,0,.977,.212,0,0,0,1);es="Linear";ed="In";};["000-offset.008"]={cf=cfr(0,0,0,.852,-.513,-.101,.293,.63,-.719,.433,.583,.687);es="Linear";ed="In";};["000-offset.005"]={cf=cfr(0,0,0,.93,-.351,-.107,.325,.653,.684,-.17,-.671,.722);es="Linear";ed="In";};};{tm=.417;["root"]={cf=cfr(0,2.482,0,0,0,1,0,1,0,-1,0,0);es="Linear";ed="In";};["000-offset"]={cf=cfr(0,0,0,-.636,.771,0,-.771,-.636,0,0,0,1);es="Linear";ed="In";};["000-offset.009"]={cf=cfr(0,0,0,-.417,-.729,.543,.721,-.629,-.29,.553,.271,.788);es="Linear";ed="In";};["000-offset.012"]={cf=cfr(0,0,0,-.422,-.763,-.49,.747,-.599,.289,-.514,-.244,.823);es="Linear";ed="In";};["000-offset.010"]={cf=cfr(0,0,0,.034,.999,0,-.999,.034,0,0,0,1);es="Linear";ed="In";};["000-offset.013"]={cf=cfr(0,0,0,.1,.995,0,-.995,.1,0,0,0,1);es="Linear";ed="In";};["000-offset.011"]={cf=cfr(0,0,0,.099,-.995,-.02,.995,.1,-.018,.02,-.018,1);es="Linear";ed="In";};["000-offset.014"]={cf=cfr(0,0,0,-.021,-1,.013,.998,-.02,.054,-.054,.014,.998);es="Linear";ed="In";};["000-offset.006"]={cf=cfr(0,0,0,-.599,-.419,-.683,.112,-.888,.446,-.793,.191,.579);es="Linear";ed="In";};["000-offset.003"]={cf=cfr(0,0,0,-.604,-.605,.519,.295,-.774,-.56,.741,-.185,.646);es="Linear";ed="In";};["000-offset.007"]={cf=cfr(0,0,0,.326,-.945,0,.945,.326,0,0,0,1);es="Linear";ed="In";};["000-offset.004"]={cf=cfr(0,0,0,.228,-.974,0,.974,.228,0,0,0,1);es="Linear";ed="In";};["000-offset.008"]={cf=cfr(0,0,0,.855,-.508,-.104,.284,.626,-.727,.434,.592,.679);es="Linear";ed="In";};["000-offset.005"]={cf=cfr(0,0,0,.927,-.356,-.115,.341,.678,.651,-.154,-.643,.75);es="Linear";ed="In";};};{tm=.458;["root"]={cf=cfr(0,2.467,0,0,0,1,0,1,0,-1,0,0);es="Linear";ed="In";};["000-offset"]={cf=cfr(0,0,0,-.634,.773,0,-.773,-.634,0,0,0,1);es="Linear";ed="In";};["000-offset.009"]={cf=cfr(0,0,0,-.425,-.723,.544,.714,-.637,-.29,.556,.265,.788);es="Linear";ed="In";};["000-offset.012"]={cf=cfr(0,0,0,-.433,-.756,-.49,.738,-.61,.29,-.518,-.236,.822);es="Linear";ed="In";};["000-offset.010"]={cf=cfr(0,0,0,.018,1,0,-1,.018,0,0,0,1);es="Linear";ed="In";};["000-offset.013"]={cf=cfr(0,0,0,.086,.996,0,-.996,.086,0,0,0,1);es="Linear";ed="In";};["000-offset.011"]={cf=cfr(0,0,0,.088,-.996,-.02,.996,.088,-.018,.019,-.019,1);es="Linear";ed="In";};["000-offset.014"]={cf=cfr(0,0,0,-.023,-1,.013,.998,-.022,.054,-.054,.014,.998);es="Linear";ed="In";};["000-offset.006"]={cf=cfr(0,0,0,-.618,-.384,-.686,.121,-.909,.4,-.777,.165,.608);es="Linear";ed="In";};["000-offset.003"]={cf=cfr(0,0,0,-.598,-.588,.545,.297,-.794,-.531,.745,-.155,.649);es="Linear";ed="In";};["000-offset.007"]={cf=cfr(0,0,0,.334,-.943,0,.943,.334,0,0,0,1);es="Linear";ed="In";};["000-offset.004"]={cf=cfr(0,0,0,.265,-.964,0,.964,.265,0,0,0,1);es="Linear";ed="In";};["000-offset.008"]={cf=cfr(0,0,0,.86,-.501,-.096,.278,.619,-.734,.427,.605,.672);es="Linear";ed="In";};["000-offset.005"]={cf=cfr(0,0,0,.921,-.367,-.133,.37,.711,.599,-.125,-.6,.79);es="Linear";ed="In";};};{tm=.5;["root"]={cf=cfr(0,2.467,0,0,0,1,0,1,0,-1,0,0);es="Linear";ed="In";};["000-offset"]={cf=cfr(0,0,0,-.632,.775,0,-.775,-.632,0,0,0,1);es="Linear";ed="In";};["000-offset.009"]={cf=cfr(0,0,0,-.432,-.719,.544,.708,-.644,-.29,.559,.26,.787);es="Linear";ed="In";};["000-offset.012"]={cf=cfr(0,0,0,-.442,-.751,-.49,.73,-.619,.29,-.521,-.23,.822);es="Linear";ed="In";};["000-offset.010"]={cf=cfr(0,0,0,.004,1,0,-1,.004,0,0,0,1);es="Linear";ed="In";};["000-offset.013"]={cf=cfr(0,0,0,.074,.997,0,-.997,.074,0,0,0,1);es="Linear";ed="In";};["000-offset.011"]={cf=cfr(0,0,0,.094,-.995,-.02,.995,.094,-.018,.019,-.018,1);es="Linear";ed="In";};["000-offset.014"]={cf=cfr(0,0,0,0,-1,.013,.999,0,.054,-.054,.013,.998);es="Linear";ed="In";};["000-offset.006"]={cf=cfr(0,0,0,-.642,-.348,-.684,.135,-.928,.346,-.755,.13,.643);es="Linear";ed="In";};["000-offset.003"]={cf=cfr(0,0,0,-.59,-.568,.573,.299,-.814,-.498,.75,-.123,.651);es="Linear";ed="In";};["000-offset.007"]={cf=cfr(0,0,0,.351,-.936,0,.936,.351,0,0,0,1);es="Linear";ed="In";};["000-offset.004"]={cf=cfr(0,0,0,.319,-.948,0,.948,.319,0,0,0,1);es="Linear";ed="In";};["000-offset.008"]={cf=cfr(0,0,0,.868,-.491,-.079,.277,.61,-.742,.413,.622,.666);es="Linear";ed="In";};["000-offset.005"]={cf=cfr(0,0,0,.91,-.384,-.157,.406,.745,.529,-.086,-.545,.834);es="Linear";ed="In";};};{tm=.542;["root"]={cf=cfr(0,2.482,0,0,0,1,0,1,0,-1,0,0);es="Linear";ed="In";};["000-offset"]={cf=cfr(0,0,0,-.633,.774,0,-.774,-.633,0,0,0,1);es="Linear";ed="In";};["000-offset.009"]={cf=cfr(0,0,0,-.438,-.716,.544,.702,-.65,-.29,.561,.255,.787);es="Linear";ed="In";};["000-offset.012"]={cf=cfr(0,0,0,-.45,-.746,-.491,.723,-.627,.29,-.524,-.225,.822);es="Linear";ed="In";};["000-offset.010"]={cf=cfr(0,0,0,-.006,1,0,-1,-.006,0,0,0,1);es="Linear";ed="In";};["000-offset.013"]={cf=cfr(0,0,0,.064,.998,0,-.998,.064,0,0,0,1);es="Linear";ed="In";};["000-offset.011"]={cf=cfr(0,0,0,.118,-.993,-.02,.993,.118,-.018,.02,-.018,1);es="Linear";ed="In";};["000-offset.014"]={cf=cfr(0,0,0,.049,-.999,.013,.997,.05,.054,-.054,.01,.998);es="Linear";ed="In";};["000-offset.006"]={cf=cfr(0,0,0,-.666,-.314,-.677,.154,-.945,.288,-.73,.087,.678);es="Linear";ed="In";};["000-offset.003"]={cf=cfr(0,0,0,-.582,-.547,.602,.302,-.833,-.464,.755,-.089,.65);es="Linear";ed="In";};["000-offset.007"]={cf=cfr(0,0,0,.377,-.926,0,.926,.377,0,0,0,1);es="Linear";ed="In";};["000-offset.004"]={cf=cfr(0,0,0,.383,-.924,0,.924,.383,0,0,0,1);es="Linear";ed="In";};["000-offset.008"]={cf=cfr(0,0,0,.876,-.479,-.056,.28,.6,-.749,.392,.641,.66);es="Linear";ed="In";};["000-offset.005"]={cf=cfr(0,0,0,.893,-.411,-.183,.448,.776,.445,-.041,-.48,.877);es="Linear";ed="In";};};{tm=.583;["root"]={cf=cfr(0,2.482,0,0,0,1,0,1,0,-1,0,0);es="Linear";ed="In";};["000-offset"]={cf=cfr(0,0,0,-.634,.773,0,-.773,-.634,0,0,0,1);es="Linear";ed="In";};["000-offset.009"]={cf=cfr(0,0,0,-.441,-.714,.544,.699,-.653,-.29,.563,.253,.787);es="Linear";ed="In";};["000-offset.012"]={cf=cfr(0,0,0,-.454,-.743,-.491,.719,-.631,.29,-.526,-.221,.821);es="Linear";ed="In";};["000-offset.010"]={cf=cfr(0,0,0,-.013,1,0,-1,-.013,0,0,0,1);es="Linear";ed="In";};["000-offset.013"]={cf=cfr(0,0,0,.058,.998,0,-.998,.058,0,0,0,1);es="Linear";ed="In";};["000-offset.011"]={cf=cfr(0,0,0,.154,-.988,-.02,.988,.154,-.018,.021,-.017,1);es="Linear";ed="In";};["000-offset.014"]={cf=cfr(0,0,0,.116,-.993,.013,.992,.116,.053,-.054,.007,.999);es="Linear";ed="In";};["000-offset.006"]={cf=cfr(0,0,0,-.689,-.285,-.666,.176,-.958,.227,-.703,.039,.711);es="Linear";ed="In";};["000-offset.003"]={cf=cfr(0,0,0,-.574,-.524,.629,.304,-.85,-.431,.76,-.056,.647);es="Linear";ed="In";};["000-offset.007"]={cf=cfr(0,0,0,.408,-.913,0,.913,.408,0,0,0,1);es="Linear";ed="In";};["000-offset.004"]={cf=cfr(0,0,0,.453,-.892,0,.892,.453,0,0,0,1);es="Linear";ed="In";};["000-offset.008"]={cf=cfr(0,0,0,.885,-.465,-.029,.286,.59,-.755,.367,.66,.655);es="Linear";ed="In";};["000-offset.005"]={cf=cfr(0,0,0,.872,-.445,-.206,.49,.798,.352,.008,-.408,.913);es="Linear";ed="In";};};{tm=.625;["root"]={cf=cfr(0,2.496,0,0,0,1,0,1,0,-1,0,0);es="Linear";ed="In";};["000-offset"]={cf=cfr(0,0,0,-.635,.772,0,-.772,-.635,0,0,0,1);es="Linear";ed="In";};["000-offset.009"]={cf=cfr(0,0,0,-.441,-.714,.544,.699,-.653,-.291,.563,.252,.787);es="Linear";ed="In";};["000-offset.012"]={cf=cfr(0,0,0,-.454,-.744,-.49,.719,-.631,.291,-.526,-.22,.822);es="Linear";ed="In";};["000-offset.010"]={cf=cfr(0,0,0,-.013,1,0,-1,-.013,0,0,0,1);es="Linear";ed="In";};["000-offset.013"]={cf=cfr(0,0,0,.058,.998,0,-.998,.058,0,0,0,1);es="Linear";ed="In";};["000-offset.011"]={cf=cfr(0,0,0,.198,-.98,-.02,.98,.198,-.018,.021,-.016,1);es="Linear";ed="In";};["000-offset.014"]={cf=cfr(0,0,0,.192,-.981,.013,.98,.192,.053,-.054,.002,.999);es="Linear";ed="In";};["000-offset.006"]={cf=cfr(0,0,0,-.71,-.263,-.653,.201,-.965,.17,-.675,-.01,.738);es="Linear";ed="In";};["000-offset.003"]={cf=cfr(0,0,0,-.566,-.503,.653,.307,-.864,-.4,.765,-.026,.643);es="Linear";ed="In";};["000-offset.007"]={cf=cfr(0,0,0,.442,-.897,0,.897,.442,0,0,0,1);es="Linear";ed="In";};["000-offset.004"]={cf=cfr(0,0,0,.521,-.853,0,.853,.521,0,0,0,1);es="Linear";ed="In";};["000-offset.008"]={cf=cfr(0,0,0,.893,-.449,.002,.294,.581,-.759,.34,.679,.651);es="Linear";ed="In";};["000-offset.005"]={cf=cfr(0,0,0,.846,-.484,-.223,.53,.808,.256,.056,-.335,.94);es="Linear";ed="In";};};{tm=.667;["root"]={cf=cfr(0,2.51,0,0,0,1,0,1,0,-1,0,0);es="Linear";ed="In";};["000-offset"]={cf=cfr(0,0,0,-.636,.772,0,-.772,-.636,0,0,0,1);es="Linear";ed="In";};["000-offset.009"]={cf=cfr(0,0,0,-.441,-.714,.544,.699,-.653,-.29,.563,.253,.787);es="Linear";ed="In";};["000-offset.012"]={cf=cfr(0,0,0,-.454,-.744,-.491,.72,-.631,.29,-.526,-.222,.821);es="Linear";ed="In";};["000-offset.010"]={cf=cfr(0,0,0,-.013,1,0,-1,-.013,0,0,0,1);es="Linear";ed="In";};["000-offset.013"]={cf=cfr(0,0,0,.058,.998,0,-.998,.058,0,0,0,1);es="Linear";ed="In";};["000-offset.011"]={cf=cfr(0,0,0,.244,-.97,-.02,.969,.244,-.018,.022,-.015,1);es="Linear";ed="In";};["000-offset.014"]={cf=cfr(0,0,0,.268,-.963,.013,.962,.269,.053,-.054,-.002,.999);es="Linear";ed="In";};["000-offset.006"]={cf=cfr(0,0,0,-.727,-.249,-.64,.226,-.967,.119,-.648,-.058,.759);es="Linear";ed="In";};["000-offset.003"]={cf=cfr(0,0,0,-.559,-.485,.673,.309,-.875,-.374,.77,-.001,.639);es="Linear";ed="In";};["000-offset.007"]={cf=cfr(0,0,0,.476,-.879,0,.879,.476,0,0,0,1);es="Linear";ed="In";};["000-offset.004"]={cf=cfr(0,0,0,.585,-.811,0,.811,.585,0,0,0,1);es="Linear";ed="In";};["000-offset.008"]={cf=cfr(0,0,0,.9,-.434,.032,.304,.573,-.761,.312,.695,.648);es="Linear";ed="In";};["000-offset.005"]={cf=cfr(0,0,0,.819,-.524,-.233,.565,.808,.166,.102,-.268,.958);es="Linear";ed="In";};};{tm=.708;["root"]={cf=cfr(0,2.524,0,0,0,1,0,1,0,-1,0,0);es="Linear";ed="In";};["000-offset"]={cf=cfr(0,0,0,-.637,.771,0,-.771,-.637,0,0,0,1);es="Linear";ed="In";};["000-offset.009"]={cf=cfr(0,0,0,-.437,-.716,.544,.703,-.649,-.29,.561,.256,.787);es="Linear";ed="In";};["000-offset.012"]={cf=cfr(0,0,0,-.449,-.747,-.491,.724,-.626,.29,-.524,-.225,.822);es="Linear";ed="In";};["000-offset.010"]={cf=cfr(0,0,0,-.005,1,0,-1,-.005,0,0,0,1);es="Linear";ed="In";};["000-offset.013"]={cf=cfr(0,0,0,.065,.998,0,-.998,.065,0,0,0,1);es="Linear";ed="In";};["000-offset.011"]={cf=cfr(0,0,0,.288,-.957,-.02,.957,.288,-.018,.023,-.014,1);es="Linear";ed="In";};["000-offset.014"]={cf=cfr(0,0,0,.336,-.942,.013,.94,.337,.053,-.055,-.006,.998);es="Linear";ed="In";};["000-offset.006"]={cf=cfr(0,0,0,-.739,-.243,-.628,.25,-.965,.08,-.626,-.098,.774);es="Linear";ed="In";};["000-offset.003"]={cf=cfr(0,0,0,-.553,-.471,.687,.31,-.882,-.355,.773,.017,.634);es="Linear";ed="In";};["000-offset.007"]={cf=cfr(0,0,0,.509,-.861,0,.861,.509,0,0,0,1);es="Linear";ed="In";};["000-offset.004"]={cf=cfr(0,0,0,.638,-.77,0,.77,.638,0,0,0,1);es="Linear";ed="In";};["000-offset.008"]={cf=cfr(0,0,0,.905,-.421,.062,.316,.567,-.761,.285,.708,.646);es="Linear";ed="In";};["000-offset.005"]={cf=cfr(0,0,0,.793,-.561,-.238,.593,.8,.09,.14,-.213,.967);es="Linear";ed="In";};};{tm=.75;["root"]={cf=cfr(0,2.538,0,0,0,1,0,1,0,-1,0,0);es="Linear";ed="In";};["000-offset"]={cf=cfr(0,0,0,-.64,.768,0,-.768,-.64,0,0,0,1);es="Linear";ed="In";};["000-offset.009"]={cf=cfr(0,0,0,-.431,-.72,.544,.709,-.643,-.29,.559,.261,.787);es="Linear";ed="In";};["000-offset.012"]={cf=cfr(0,0,0,-.441,-.752,-.49,.731,-.617,.29,-.521,-.231,.822);es="Linear";ed="In";};["000-offset.010"]={cf=cfr(0,0,0,.007,1,0,-1,.007,0,0,0,1);es="Linear";ed="In";};["000-offset.013"]={cf=cfr(0,0,0,.076,.997,0,-.997,.076,0,0,0,1);es="Linear";ed="In";};["000-offset.011"]={cf=cfr(0,0,0,.325,-.946,-.02,.946,.325,-.018,.023,-.013,1);es="Linear";ed="In";};["000-offset.014"]={cf=cfr(0,0,0,.389,-.921,.013,.92,.389,.054,-.055,-.009,.998);es="Linear";ed="In";};["000-offset.006"]={cf=cfr(0,0,0,-.745,-.246,-.62,.27,-.961,.056,-.609,-.126,.783);es="Linear";ed="In";};["000-offset.003"]={cf=cfr(0,0,0,-.55,-.463,.695,.31,-.886,-.345,.775,.026,.631);es="Linear";ed="In";};["000-offset.007"]={cf=cfr(0,0,0,.539,-.842,0,.842,.539,0,0,0,1);es="Linear";ed="In";};["000-offset.004"]={cf=cfr(0,0,0,.68,-.734,0,.734,.68,0,0,0,1);es="Linear";ed="In";};["000-offset.008"]={cf=cfr(0,0,0,.908,-.41,.089,.329,.564,-.758,.26,.717,.646);es="Linear";ed="In";};["000-offset.005"]={cf=cfr(0,0,0,.772,-.588,-.241,.612,.79,.036,.169,-.175,.97);es="Linear";ed="In";};};{tm=.792;["root"]={cf=cfr(0,2.552,0,0,0,1,0,1,0,-1,0,0);es="Linear";ed="In";};["000-offset"]={cf=cfr(0,0,0,-.643,.766,0,-.766,-.643,0,0,0,1);es="Linear";ed="In";};["000-offset.009"]={cf=cfr(0,0,0,-.423,-.725,.544,.716,-.635,-.29,.555,.267,.788);es="Linear";ed="In";};["000-offset.012"]={cf=cfr(0,0,0,-.43,-.758,-.49,.74,-.607,.29,-.517,-.238,.822);es="Linear";ed="In";};["000-offset.010"]={cf=cfr(0,0,0,.022,1,0,-1,.022,0,0,0,1);es="Linear";ed="In";};["000-offset.013"]={cf=cfr(0,0,0,.09,.996,0,-.996,.09,0,0,0,1);es="Linear";ed="In";};["000-offset.011"]={cf=cfr(0,0,0,.35,-.936,-.02,.936,.351,-.018,.024,-.013,1);es="Linear";ed="In";};["000-offset.014"]={cf=cfr(0,0,0,.419,-.908,.013,.907,.419,.054,-.055,-.011,.998);es="Linear";ed="In";};["000-offset.006"]={cf=cfr(0,0,0,-.746,-.257,-.614,.285,-.957,.054,-.602,-.135,.787);es="Linear";ed="In";};["000-offset.003"]={cf=cfr(0,0,0,-.549,-.467,.693,.312,-.884,-.349,.775,.025,.631);es="Linear";ed="In";};["000-offset.007"]={cf=cfr(0,0,0,.563,-.826,0,.826,.563,0,0,0,1);es="Linear";ed="In";};["000-offset.004"]={cf=cfr(0,0,0,.706,-.708,0,.708,.706,0,0,0,1);es="Linear";ed="In";};["000-offset.008"]={cf=cfr(0,0,0,.908,-.403,.112,.343,.564,-.752,.24,.721,.65);es="Linear";ed="In";};["000-offset.005"]={cf=cfr(0,0,0,.76,-.601,-.246,.622,.783,.01,.186,-.161,.969);es="Linear";ed="In";};};{tm=.833;["root"]={cf=cfr(0,2.566,0,0,0,1,0,1,0,-1,0,0);es="Linear";ed="In";};["000-offset"]={cf=cfr(0,0,0,-.647,.763,0,-.763,-.647,0,0,0,1);es="Linear";ed="In";};["000-offset.009"]={cf=cfr(0,0,0,-.414,-.73,.543,.724,-.626,-.29,.551,.274,.788);es="Linear";ed="In";};["000-offset.012"]={cf=cfr(0,0,0,-.418,-.765,-.49,.75,-.594,.289,-.512,-.246,.823);es="Linear";ed="In";};["000-offset.010"]={cf=cfr(0,0,0,.04,.999,0,-.999,.04,0,0,0,1);es="Linear";ed="In";};["000-offset.013"]={cf=cfr(0,0,0,.105,.994,0,-.994,.105,0,0,0,1);es="Linear";ed="In";};["000-offset.011"]={cf=cfr(0,0,0,.367,-.93,-.02,.93,.367,-.018,.024,-.012,1);es="Linear";ed="In";};["000-offset.014"]={cf=cfr(0,0,0,.429,-.903,.013,.902,.429,.055,-.055,-.011,.998);es="Linear";ed="In";};["000-offset.006"]={cf=cfr(0,0,0,-.74,-.281,-.611,.296,-.952,.079,-.604,-.122,.787);es="Linear";ed="In";};["000-offset.003"]={cf=cfr(0,0,0,-.55,-.481,.682,.31,-.876,-.368,.775,.009,.632);es="Linear";ed="In";};["000-offset.007"]={cf=cfr(0,0,0,.586,-.81,0,.81,.586,0,0,0,1);es="Linear";ed="In";};["000-offset.004"]={cf=cfr(0,0,0,.72,-.694,0,.694,.72,0,0,0,1);es="Linear";ed="In";};["000-offset.008"]={cf=cfr(0,0,0,.906,-.403,.133,.361,.568,-.74,.223,.718,.659);es="Linear";ed="In";};["000-offset.005"]={cf=cfr(0,0,0,.759,-.599,-.257,.623,.782,.02,.188,-.176,.966);es="Linear";ed="In";};};{tm=.875;["root"]={cf=cfr(0,2.58,0,0,0,1,0,1,0,-1,0,0);es="Linear";ed="In";};["000-offset"]={cf=cfr(0,0,0,-.65,.76,0,-.76,-.65,0,0,0,1);es="Linear";ed="In";};["000-offset.009"]={cf=cfr(0,0,0,-.403,-.736,.543,.733,-.615,-.289,.547,.281,.788);es="Linear";ed="In";};["000-offset.012"]={cf=cfr(0,0,0,-.404,-.773,-.489,.761,-.581,.289,-.508,-.256,.823);es="Linear";ed="In";};["000-offset.010"]={cf=cfr(0,0,0,.059,.998,0,-.998,.059,0,0,0,1);es="Linear";ed="In";};["000-offset.013"]={cf=cfr(0,0,0,.123,.992,0,-.992,.123,0,0,0,1);es="Linear";ed="In";};["000-offset.011"]={cf=cfr(0,0,0,.381,-.924,-.02,.924,.381,-.018,.024,-.012,1);es="Linear";ed="In";};["000-offset.014"]={cf=cfr(0,0,0,.427,-.904,.013,.902,.427,.055,-.055,-.011,.998);es="Linear";ed="In";};["000-offset.006"]={cf=cfr(0,0,0,-.727,-.32,-.608,.304,-.943,.133,-.616,-.088,.783);es="Linear";ed="In";};["000-offset.003"]={cf=cfr(0,0,0,-.554,-.511,.657,.31,-.859,-.407,.772,-.022,.635);es="Linear";ed="In";};["000-offset.007"]={cf=cfr(0,0,0,.611,-.792,0,.792,.611,0,0,0,1);es="Linear";ed="In";};["000-offset.004"]={cf=cfr(0,0,0,.726,-.688,0,.688,.726,0,0,0,1);es="Linear";ed="In";};["000-offset.008"]={cf=cfr(0,0,0,.9,-.407,.156,.386,.575,-.721,.204,.709,.675);es="Linear";ed="In";};["000-offset.005"]={cf=cfr(0,0,0,.766,-.581,-.275,.617,.784,.062,.18,-.217,.959);es="Linear";ed="In";};};{tm=.917;["root"]={cf=cfr(0,2.594,0,0,0,1,0,1,0,-1,0,0);es="Linear";ed="In";};["000-offset"]={cf=cfr(0,0,0,-.654,.757,0,-.757,-.654,0,0,0,1);es="Linear";ed="In";};["000-offset.009"]={cf=cfr(0,0,0,-.393,-.742,.543,.742,-.604,-.289,.543,.29,.788);es="Linear";ed="In";};["000-offset.012"]={cf=cfr(0,0,0,-.389,-.781,-.489,.772,-.566,.289,-.502,-.265,.823);es="Linear";ed="In";};["000-offset.010"]={cf=cfr(0,0,0,.079,.997,0,-.997,.079,0,0,0,1);es="Linear";ed="In";};["000-offset.013"]={cf=cfr(0,0,0,.14,.99,0,-.99,.14,0,0,0,1);es="Linear";ed="In";};["000-offset.011"]={cf=cfr(0,0,0,.393,-.919,-.02,.919,.393,-.018,.024,-.012,1);es="Linear";ed="In";};["000-offset.014"]={cf=cfr(0,0,0,.417,-.909,.013,.907,.417,.055,-.055,-.011,.998);es="Linear";ed="In";};["000-offset.006"]={cf=cfr(0,0,0,-.709,-.37,-.601,.309,-.928,.207,-.634,-.039,.772);es="Linear";ed="In";};["000-offset.003"]={cf=cfr(0,0,0,-.561,-.547,.621,.308,-.835,-.456,.768,-.065,.637);es="Linear";ed="In";};["000-offset.007"]={cf=cfr(0,0,0,.636,-.771,0,.771,.636,0,0,0,1);es="Linear";ed="In";};["000-offset.004"]={cf=cfr(0,0,0,.725,-.688,0,.688,.725,0,0,0,1);es="Linear";ed="In";};["000-offset.008"]={cf=cfr(0,0,0,.891,-.417,.18,.415,.586,-.696,.185,.695,.695);es="Linear";ed="In";};["000-offset.005"]={cf=cfr(0,0,0,.78,-.551,-.296,.604,.786,.128,.162,-.279,.946);es="Linear";ed="In";};};{tm=.958;["root"]={cf=cfr(0,2.608,0,0,0,1,0,1,0,-1,0,0);es="Linear";ed="In";};["000-offset"]={cf=cfr(0,0,0,-.657,.754,0,-.754,-.657,0,0,0,1);es="Linear";ed="In";};["000-offset.009"]={cf=cfr(0,0,0,-.381,-.748,.543,.751,-.593,-.289,.539,.298,.788);es="Linear";ed="In";};["000-offset.012"]={cf=cfr(0,0,0,-.374,-.788,-.489,.783,-.551,.289,-.497,-.275,.823);es="Linear";ed="In";};["000-offset.010"]={cf=cfr(0,0,0,.099,.995,0,-.995,.099,0,0,0,1);es="Linear";ed="In";};["000-offset.013"]={cf=cfr(0,0,0,.158,.987,0,-.987,.158,0,0,0,1);es="Linear";ed="In";};["000-offset.011"]={cf=cfr(0,0,0,.402,-.915,-.02,.915,.402,-.018,.024,-.011,1);es="Linear";ed="In";};["000-offset.014"]={cf=cfr(0,0,0,.401,-.916,.013,.915,.401,.055,-.055,-.01,.998);es="Linear";ed="In";};["000-offset.006"]={cf=cfr(0,0,0,-.686,-.428,-.588,.311,-.904,.294,-.657,.019,.754);es="Linear";ed="In";};["000-offset.003"]={cf=cfr(0,0,0,-.569,-.585,.577,.306,-.803,-.512,.763,-.115,.636);es="Linear";ed="In";};["000-offset.007"]={cf=cfr(0,0,0,.662,-.75,0,.75,.662,0,0,0,1);es="Linear";ed="In";};["000-offset.004"]={cf=cfr(0,0,0,.72,-.694,0,.694,.72,0,0,0,1);es="Linear";ed="In";};["000-offset.008"]={cf=cfr(0,0,0,.879,-.431,.203,.446,.596,-.667,.166,.677,.717);es="Linear";ed="In";};["000-offset.005"]={cf=cfr(0,0,0,.798,-.514,-.316,.587,.782,.21,.139,-.353,.925);es="Linear";ed="In";};};{tm=1;["root"]={cf=cfr(0,2.623,0,0,0,1,0,1,0,-1,0,0);es="Linear";ed="In";};["000-offset"]={cf=cfr(0,0,0,-.66,.751,0,-.751,-.66,0,0,0,1);es="Linear";ed="In";};["000-offset.009"]={cf=cfr(0,0,0,-.37,-.753,.543,.76,-.582,-.289,.535,.306,.788);es="Linear";ed="In";};["000-offset.012"]={cf=cfr(0,0,0,-.359,-.795,-.49,.793,-.536,.289,-.492,-.284,.823);es="Linear";ed="In";};["000-offset.010"]={cf=cfr(0,0,0,.119,.993,0,-.993,.119,0,0,0,1);es="Linear";ed="In";};["000-offset.013"]={cf=cfr(0,0,0,.175,.984,0,-.984,.175,0,0,0,1);es="Linear";ed="In";};["000-offset.011"]={cf=cfr(0,0,0,.41,-.912,-.02,.912,.41,-.018,.025,-.011,1);es="Linear";ed="In";};["000-offset.014"]={cf=cfr(0,0,0,.38,-.925,.013,.923,.38,.055,-.055,-.009,.998);es="Linear";ed="In";};["000-offset.006"]={cf=cfr(0,0,0,-.662,-.488,-.568,.312,-.869,.384,-.681,.077,.728);es="Linear";ed="In";};["000-offset.003"]={cf=cfr(0,0,0,-.578,-.622,.528,.303,-.765,-.569,.758,-.169,.631);es="Linear";ed="In";};["000-offset.007"]={cf=cfr(0,0,0,.685,-.728,0,.728,.685,0,0,0,1);es="Linear";ed="In";};["000-offset.004"]={cf=cfr(0,0,0,.711,-.703,0,.703,.711,0,0,0,1);es="Linear";ed="In";};["000-offset.008"]={cf=cfr(0,0,0,.866,-.447,.224,.478,.607,-.635,.148,.657,.739);es="Linear";ed="In";};["000-offset.005"]={cf=cfr(0,0,0,.817,-.473,-.33,.566,.768,.3,.111,-.432,.895);es="Linear";ed="In";};};{tm=1.042;["root"]={cf=cfr(0,2.637,0,0,0,1,0,1,0,-1,0,0);es="Linear";ed="In";};["000-offset"]={cf=cfr(0,0,0,-.663,.749,0,-.749,-.663,0,0,0,1);es="Linear";ed="In";};["000-offset.009"]={cf=cfr(0,0,0,-.36,-.758,.544,.767,-.572,-.29,.531,.313,.788);es="Linear";ed="In";};["000-offset.012"]={cf=cfr(0,0,0,-.345,-.8,-.49,.802,-.523,.289,-.488,-.293,.822);es="Linear";ed="In";};["000-offset.010"]={cf=cfr(0,0,0,.136,.991,0,-.991,.136,0,0,0,1);es="Linear";ed="In";};["000-offset.013"]={cf=cfr(0,0,0,.191,.982,0,-.982,.191,0,0,0,1);es="Linear";ed="In";};["000-offset.011"]={cf=cfr(0,0,0,.415,-.909,-.02,.909,.416,-.018,.025,-.011,1);es="Linear";ed="In";};["000-offset.014"]={cf=cfr(0,0,0,.357,-.934,.013,.932,.357,.054,-.056,-.007,.998);es="Linear";ed="In";};["000-offset.006"]={cf=cfr(0,0,0,-.638,-.547,-.542,.31,-.827,.47,-.705,.132,.696);es="Linear";ed="In";};["000-offset.003"]={cf=cfr(0,0,0,-.587,-.654,.477,.301,-.723,-.622,.752,-.222,.621);es="Linear";ed="In";};["000-offset.007"]={cf=cfr(0,0,0,.707,-.708,0,.708,.707,0,0,0,1);es="Linear";ed="In";};["000-offset.004"]={cf=cfr(0,0,0,.701,-.713,0,.713,.701,0,0,0,1);es="Linear";ed="In";};["000-offset.008"]={cf=cfr(0,0,0,.852,-.465,.241,.507,.615,-.603,.132,.636,.76);es="Linear";ed="In";};["000-offset.005"]={cf=cfr(0,0,0,.835,-.434,-.338,.544,.745,.387,.083,-.507,.858);es="Linear";ed="In";};};{tm=1.083;["root"]={cf=cfr(0,2.651,0,0,0,1,0,1,0,-1,0,0);es="Linear";ed="In";};["000-offset"]={cf=cfr(0,0,0,-.666,.746,0,-.746,-.666,0,0,0,1);es="Linear";ed="In";};["000-offset.009"]={cf=cfr(0,0,0,-.352,-.762,.544,.773,-.564,-.29,.527,.319,.788);es="Linear";ed="In";};["000-offset.012"]={cf=cfr(0,0,0,-.333,-.805,-.49,.809,-.511,.29,-.484,-.3,.822);es="Linear";ed="In";};["000-offset.010"]={cf=cfr(0,0,0,.151,.988,0,-.988,.151,0,0,0,1);es="Linear";ed="In";};["000-offset.013"]={cf=cfr(0,0,0,.204,.979,0,-.979,.204,0,0,0,1);es="Linear";ed="In";};["000-offset.011"]={cf=cfr(0,0,0,.419,-.908,-.02,.907,.42,-.018,.025,-.011,1);es="Linear";ed="In";};["000-offset.014"]={cf=cfr(0,0,0,.335,-.942,.013,.941,.335,.054,-.056,-.006,.998);es="Linear";ed="In";};["000-offset.006"]={cf=cfr(0,0,0,-.615,-.599,-.513,.307,-.781,.544,-.727,.177,.664);es="Linear";ed="In";};["000-offset.003"]={cf=cfr(0,0,0,-.595,-.68,.429,.298,-.682,-.668,.747,-.27,.608);es="Linear";ed="In";};["000-offset.007"]={cf=cfr(0,0,0,.725,-.689,0,.689,.725,0,0,0,1);es="Linear";ed="In";};["000-offset.004"]={cf=cfr(0,0,0,.69,-.724,0,.724,.69,0,0,0,1);es="Linear";ed="In";};["000-offset.008"]={cf=cfr(0,0,0,.838,-.483,.255,.533,.622,-.574,.119,.616,.779);es="Linear";ed="In";};["000-offset.005"]={cf=cfr(0,0,0,.851,-.4,-.339,.521,.715,.466,.057,-.573,.817);es="Linear";ed="In";};};{tm=1.125;["root"]={cf=cfr(0,2.651,0,0,0,1,0,1,0,-1,0,0);es="Linear";ed="In";};["000-offset"]={cf=cfr(0,0,0,-.667,.745,0,-.745,-.667,0,0,0,1);es="Linear";ed="In";};["000-offset.009"]={cf=cfr(0,0,0,-.345,-.765,.544,.778,-.557,-.29,.525,.324,.787);es="Linear";ed="In";};["000-offset.012"]={cf=cfr(0,0,0,-.324,-.809,-.491,.815,-.502,.29,-.481,-.306,.822);es="Linear";ed="In";};["000-offset.010"]={cf=cfr(0,0,0,.163,.987,0,-.987,.163,0,0,0,1);es="Linear";ed="In";};["000-offset.013"]={cf=cfr(0,0,0,.215,.977,0,-.977,.215,0,0,0,1);es="Linear";ed="In";};["000-offset.011"]={cf=cfr(0,0,0,.422,-.906,-.02,.906,.422,-.018,.025,-.011,1);es="Linear";ed="In";};["000-offset.014"]={cf=cfr(0,0,0,.316,-.949,.013,.947,.316,.054,-.056,-.005,.998);es="Linear";ed="In";};["000-offset.006"]={cf=cfr(0,0,0,-.595,-.64,-.485,.303,-.739,.602,-.744,.212,.634);es="Linear";ed="In";};["000-offset.003"]={cf=cfr(0,0,0,-.602,-.698,.389,.296,-.647,-.703,.742,-.308,.595);es="Linear";ed="In";};["000-offset.007"]={cf=cfr(0,0,0,.738,-.675,0,.675,.738,0,0,0,1);es="Linear";ed="In";};["000-offset.004"]={cf=cfr(0,0,0,.68,-.733,0,.733,.68,0,0,0,1);es="Linear";ed="In";};["000-offset.008"]={cf=cfr(0,0,0,.826,-.498,.264,.554,.626,-.549,.108,.599,.793);es="Linear";ed="In";};["000-offset.005"]={cf=cfr(0,0,0,.864,-.373,-.338,.502,.685,.528,.034,-.625,.78);es="Linear";ed="In";};};{tm=1.167;["root"]={cf=cfr(0,2.665,0,0,0,1,0,1,0,-1,0,0);es="Linear";ed="In";};["000-offset"]={cf=cfr(0,0,0,-.668,.744,0,-.744,-.668,0,0,0,1);es="Linear";ed="In";};["000-offset.009"]={cf=cfr(0,0,0,-.34,-.767,.544,.781,-.552,-.29,.523,.327,.787);es="Linear";ed="In";};["000-offset.012"]={cf=cfr(0,0,0,-.318,-.811,-.491,.818,-.496,.29,-.479,-.31,.821);es="Linear";ed="In";};["000-offset.010"]={cf=cfr(0,0,0,.171,.985,0,-.985,.171,0,0,0,1);es="Linear";ed="In";};["000-offset.013"]={cf=cfr(0,0,0,.222,.975,0,-.975,.222,0,0,0,1);es="Linear";ed="In";};["000-offset.011"]={cf=cfr(0,0,0,.423,-.906,-.02,.906,.423,-.018,.025,-.011,1);es="Linear";ed="In";};["000-offset.014"]={cf=cfr(0,0,0,.302,-.953,.013,.952,.303,.054,-.056,-.004,.998);es="Linear";ed="In";};["000-offset.006"]={cf=cfr(0,0,0,-.583,-.666,-.466,.299,-.709,.639,-.756,.233,.612);es="Linear";ed="In";};["000-offset.003"]={cf=cfr(0,0,0,-.606,-.71,.36,.295,-.62,-.727,.739,-.334,.585);es="Linear";ed="In";};["000-offset.007"]={cf=cfr(0,0,0,.747,-.665,0,.665,.747,0,0,0,1);es="Linear";ed="In";};["000-offset.004"]={cf=cfr(0,0,0,.673,-.74,0,.74,.673,0,0,0,1);es="Linear";ed="In";};["000-offset.008"]={cf=cfr(0,0,0,.817,-.509,.27,.567,.629,-.532,.101,.588,.803);es="Linear";ed="In";};["000-offset.005"]={cf=cfr(0,0,0,.872,-.357,-.335,.489,.662,.568,.019,-.659,.752);es="Linear";ed="In";};};{tm=1.208;["RootNode"]={cf=cfr(0,0,0,-1,0,0,0,1,0,0,0,-1);es="Linear";ed="In";};["root"]={cf=cfr(0,2.665,0,0,0,1,0,1,0,-1,0,0);es="Linear";ed="In";};["000-offset"]={cf=cfr(0,0,0,-.669,.743,0,-.743,-.669,0,0,0,1);es="Linear";ed="In";};["004-offset.001"]={cf=cfr(0,0,0,-.015,-1,0,1,-.015,0,0,0,1);es="Linear";ed="In";};["006-offset"]={cf=cfr(0,0,0,-.015,-1,0,1,-.015,0,0,0,1);es="Linear";ed="In";};["000-offset.009"]={cf=cfr(0,0,0,-.338,-.768,.544,.783,-.551,-.29,.523,.328,.787);es="Linear";ed="In";};["000-offset.012"]={cf=cfr(0,0,0,-.316,-.812,-.491,.82,-.494,.29,-.478,-.311,.821);es="Linear";ed="In";};["000-of