local cfr = CFrame.new

return {{tm=0;["RootNode"]={cf=cfr(0,0,0,-1,0,0,0,1,0,0,0,-1);es="Linear";ed="In";};["root"]={cf=cfr(0,2.665,0,0,0,1,0,1,0,-1,0,0);es="Linear";ed="In";};["000-offset"]={cf=cfr(0,0,0,-.538,.843,0,-.843,-.538,.001,.001,.001,1);es="Linear";ed="In";};["004-offset.001"]={cf=cfr(0,0,0,-.015,-1,0,1,-.015,0,0,0,1);es="Linear";ed="In";};["006-offset"]={cf=cfr(0,0,0,-.015,-1,0,1,-.015,0,0,0,1);es="Linear";ed="In";};["000-offset.009"]={cf=cfr(0,0,0,-.495,-.748,.443,.726,-.636,-.263,.478,.191,.857);es="Linear";ed="In";};["000-offset.012"]={cf=cfr(0,0,0,-.368,-.839,-.401,.835,-.488,.254,-.409,-.241,.88);es="Linear";ed="In";};["000-offset.001"]={cf=cfr(0,0,0,.743,.507,.437,-.44,.862,-.253,-.505,-.005,.863);es="Linear";ed="In";};["000-offset.010"]={cf=cfr(0,0,0,-.459,.889,0,-.889,-.459,0,0,0,1);es="Linear";ed="In";};["000-offset.013"]={cf=cfr(0,0,0,-.421,.907,0,-.907,-.421,0,0,0,1);es="Linear";ed="In";};["004-offset"]={cf=cfr(0,0,0,.032,-.999,-.015,.999,.032,.001,0,-.015,1);es="Linear";ed="In";};["002-offset"]={cf=cfr(0,0,0,.04,-.999,-.018,.999,.04,.002,-.001,-.018,1);es="Linear";ed="In";};["000-offset.002"]={cf=cfr(0,0,0,.627,-.657,-.418,.753,.648,.112,.197,-.385,.902);es="Linear";ed="In";};["000-offset.011"]={cf=cfr(0,0,0,-.079,-.997,-.019,.997,-.079,-.017,.015,-.021,1);es="Linear";ed="In";};["000-offset.014"]={cf=cfr(0,0,0,-.118,-.993,.013,.992,-.118,.049,-.047,.018,.999);es="Linear";ed="In";};["000-offset.006"]={cf=cfr(0,0,0,-.067,-.5,-.864,-.196,-.842,.502,-.978,.203,-.041);es="Linear";ed="In";};["000-offset.003"]={cf=cfr(0,0,0,-.228,-.552,.802,.751,-.624,-.216,.62,.553,.556);es="Linear";ed="In";};["000-offset.007"]={cf=cfr(0,0,0,.449,-.894,0,.894,.449,0,0,0,1);es="Linear";ed="In";};["000-offset.004"]={cf=cfr(0,0,0,.005,-1,0,1,.005,0,0,0,1);es="Linear";ed="In";};["000-offset.008"]={cf=cfr(0,0,0,.756,-.599,.263,.579,.8,.158,-.305,.033,.952);es="Linear";ed="In";};["000-offset.005"]={cf=cfr(0,0,0,.852,-.426,-.303,.521,.74,.426,.043,-.521,.852);es="Linear";ed="In";};};{tm=.042;["000-offset"]={cf=cfr(0,0,0,-.622,.783,0,-.783,-.622,.001,.001,.001,1);es="Linear";ed="In";};["000-offset.009"]={cf=cfr(0,0,0,-.425,-.787,.447,.778,-.57,-.265,.464,.235,.854);es="Linear";ed="In";};["000-offset.012"]={cf=cfr(0,0,0,-.308,-.863,-.401,.86,-.432,.27,-.406,-.262,.876);es="Linear";ed="In";};["000-offset.001"]={cf=cfr(0,0,0,.803,.444,.397,-.401,.896,-.191,-.441,-.006,.898);es="Linear";ed="In";};["000-offset.010"]={cf=cfr(0,0,0,-.237,.971,0,-.971,-.237,0,0,0,1);es="Linear";ed="In";};["000-offset.013"]={cf=cfr(0,0,0,-.224,.975,0,-.975,-.224,0,0,0,1);es="Linear";ed="In";};["004-offset"]={cf=cfr(0,0,0,.045,-.998,.039,.999,.045,-.002,0,.039,.999);es="Linear";ed="In";};["002-offset"]={cf=cfr(0,0,0,.053,-.996,-.067,.999,.052,.008,-.004,-.068,.998);es="Linear";ed="In";};["000-offset.002"]={cf=cfr(0,0,0,.621,-.692,-.368,.765,.638,.09,.172,-.337,.926);es="Linear";ed="In";};["000-offset.011"]={cf=cfr(0,0,0,-.25,-.968,-.018,.968,-.25,-.017,.012,-.022,1);es="Linear";ed="In";};["000-offset.014"]={cf=cfr(0,0,0,-.369,-.93,.009,.929,-.368,.047,-.04,.026,.999);es="Linear";ed="In";};["000-offset.006"]={cf=cfr(0,0,0,-.097,-.457,-.884,-.297,-.835,.464,-.95,.308,-.055);es="Linear";ed="In";};["000-offset.003"]={cf=cfr(0,0,0,-.467,-.484,.74,.643,-.76,-.091,.606,.434,.666);es="Linear";ed="In";};["000-offset.007"]={cf=cfr(0,0,0,.523,-.852,0,.852,.523,0,0,0,1);es="Linear";ed="In";};["000-offset.004"]={cf=cfr(0,0,0,.182,-.983,0,.983,.182,0,0,0,1);es="Linear";ed="In";};["000-offset.008"]={cf=cfr(0,0,0,.717,-.602,.35,.451,.784,.425,-.531,-.147,.835);es="Linear";ed="In";};["000-offset.005"]={cf=cfr(0,0,0,.841,-.465,-.279,.535,.795,.288,.088,-.391,.916);es="Linear";ed="In";};};{tm=.083;["000-offset"]={cf=cfr(0,0,0,-.786,.618,0,-.618,-.786,.001,.001,.001,1);es="Linear";ed="In";};["000-offset.009"]={cf=cfr(0,0,0,-.245,-.852,.463,.869,-.405,-.285,.43,.332,.839);es="Linear";ed="In";};["000-offset.012"]={cf=cfr(0,0,0,-.163,-.903,-.397,.902,-.3,.311,-.399,-.307,.864);es="Linear";ed="In";};["000-offset.001"]={cf=cfr(0,0,0,.915,.295,.276,-.285,.955,-.077,-.287,-.008,.958);es="Linear";ed="In";};["000-offset.010"]={cf=cfr(0,0,0,.292,.956,0,-.956,.292,0,0,0,1);es="Linear";ed="In";};["000-offset.013"]={cf=cfr(0,0,0,.244,.97,0,-.97,.244,0,0,0,1);es="Linear";ed="In";};["004-offset"]={cf=cfr(0,0,0,.077,-.982,.174,.997,.076,-.015,.002,.175,.985);es="Linear";ed="In";};["002-offset"]={cf=cfr(0,0,0,.085,-.978,-.191,.996,.082,.028,-.012,-.193,.981);es="Linear";ed="In";};["000-offset.002"]={cf=cfr(0,0,0,.603,-.759,-.245,.789,.612,.047,.114,-.222,.968);es="Linear";ed="In";};["000-offset.011"]={cf=cfr(0,0,0,-.282,-.959,-.016,.959,-.282,-.014,.009,-.02,1);es="Linear";ed="In";};["000-offset.014"]={cf=cfr(0,0,0,-.451,-.892,.008,.892,-.451,.039,-.031,.025,.999);es="Linear";ed="In";};["000-offset.006"]={cf=cfr(0,0,0,-.158,-.361,-.919,-.523,-.759,.388,-.838,.542,-.069);es="Linear";ed="In";};["000-offset.003"]={cf=cfr(0,0,0,-.809,-.139,.571,.161,-.987,-.011,.565,.083,.821);es="Linear";ed="In";};["000-offset.007"]={cf=cfr(0,0,0,.676,-.737,0,.737,.676,0,0,0,1);es="Linear";ed="In";};["000-offset.004"]={cf=cfr(0,0,0,.549,-.836,0,.836,.549,0,0,0,1);es="Linear";ed="In";};["000-offset.008"]={cf=cfr(0,0,0,.593,-.694,.409,.255,.643,.722,-.764,-.324,.558);es="Linear";ed="In";};["000-offset.005"]={cf=cfr(0,0,0,.806,-.559,-.195,.562,.826,-.043,.185,-.075,.98);es="Linear";ed="In";};};{tm=.125;["000-offset"]={cf=cfr(0,0,0,-.913,.408,0,-.408,-.913,.001,.001,.001,1);es="Linear";ed="In";};["000-offset.009"]={cf=cfr(0,0,0,-.026,-.877,.479,.919,-.21,-.335,.394,.432,.811);es="Linear";ed="In";};["000-offset.012"]={cf=cfr(0,0,0,.002,-.924,-.382,.919,-.149,.364,-.393,-.352,.849);es="Linear";ed="In";};["000-offset.001"]={cf=cfr(0,0,0,.985,.135,.112,-.135,.991,-.008,-.112,-.007,.994);es="Linear";ed="In";};["000-offset.010"]={cf=cfr(0,0,0,.763,.646,0,-.646,.763,0,0,0,1);es="Linear";ed="In";};["000-offset.013"]={cf=cfr(0,0,0,.685,.729,0,-.729,.685,0,0,0,1);es="Linear";ed="In";};["004-offset"]={cf=cfr(0,0,0,.121,-.929,.349,.993,.112,-.045,.003,.352,.936);es="Linear";ed="In";};["002-offset"]={cf=cfr(0,0,0,.129,-.927,-.351,.991,.113,.066,-.021,-.357,.934);es="Linear";ed="In";};["000-offset.002"]={cf=cfr(0,0,0,.578,-.81,-.1,.815,.58,.013,.048,-.089,.995);es="Linear";ed="In";};["000-offset.011"]={cf=cfr(0,0,0,.418,-.909,-.013,.908,.418,-.014,.018,-.006,1);es="Linear";ed="In";};["000-offset.014"]={cf=cfr(0,0,0,.43,-.903,0,.903,.429,.031,-.028,-.014,1);es="Linear";ed="In";};["000-offset.006"]={cf=cfr(0,0,0,-.225,-.272,-.935,-.741,-.575,.346,-.632,.772,-.072);es="Linear";ed="In";};["000-offset.003"]={cf=cfr(0,0,0,-.727,.324,.605,-.478,-.872,-.108,.492,-.368,.789);es="Linear";ed="In";};["000-offset.007"]={cf=cfr(0,0,0,.808,-.589,0,.589,.808,0,0,0,1);es="Linear";ed="In";};["000-offset.004"]={cf=cfr(0,0,0,.841,-.541,0,.541,.841,0,0,0,1);es="Linear";ed="In";};["000-offset.008"]={cf=cfr(0,0,0,.621,-.73,.287,.143,.465,.873,-.771,-.501,.393);es="Linear";ed="In";};["000-offset.005"]={cf=cfr(0,0,0,.758,-.65,-.054,.588,.716,-.376,.283,.253,.925);es="Linear";ed="In";};};{tm=.167;["RootNode"]={cf=cfr(0,0,0,-1,0,0,0,1,0,0,0,-1);es="Linear";ed="In";};["root"]={cf=cfr(0,2.665,0,0,0,1,0,1,0,-1,0,0);es="Linear";ed="In";};["000-offset"]={cf=cfr(0,0,0,-.962,.274,0,-.274,-.962,0,0,0,1);es="Linear";ed="In";};["004-offset.001"]={cf=cfr(0,0,0,-.015,-1,0,1,-.015,0,0,0,1);es="Linear";ed="In";};["006-offset"]={cf=cfr(0,0,0,-.015,-1,0,1,-.015,0,0,0,1);es="Linear";ed="In";};["000-offset.009"]={cf=cfr(0,0,0,.124,-.872,.473,.92,-.078,-.385,.372,.483,.792);es="Linear";ed="In";};["000-offset.012"]={cf=cfr(0,0,0,.112,-.927,-.357,.913,-.045,.405,-.391,-.372,.842);es="Linear";ed="In";};["000-offset.001"]={cf=cfr(0,0,0,.999,.048,0,-.048,.999,0,0,0,1);es="Linear";ed="In";};["000-offset.010"]={cf=cfr(0,0,0,.937,.349,0,-.349,.937,0,0,0,1);es="Linear";ed="In";};["000-offset.013"]={cf=cfr(0,0,0,.875,.484,0,-.484,.875,0,0,0,1);es="Linear";ed="In";};["004-offset"]={cf=cfr(0,0,0,.167,-.838,.519,.986,.139,-.092,.005,.527,.85);es="Linear";ed="In";};["002-offset"]={cf=cfr(0,0,0,.176,-.844,-.507,.984,.134,.118,-.032,-.52,.854);es="Linear";ed="In";};["000-offset.002"]={cf=cfr(0,0,0,.554,-.833,0,.833,.554,0,0,0,1);es="Linear";ed="In";};["000-offset.011"]={cf=cfr(0,0,0,.885,-.464,-.02,.464,.886,-.018,.026,.006,1);es="Linear";ed="In";};["000-offset.014"]={cf=cfr(0,0,0,.958,-.285,.013,.284,.957,.054,-.028,-.048,.998);es="Linear";ed="In";};["000-offset.006"]={cf=cfr(0,0,0,-.315,-.25,-.916,-.854,-.345,.388,-.413,.905,-.104);es="Linear";ed="In";};["000-offset.003"]={cf=cfr(0,0,0,-.491,.427,.759,-.781,-.601,-.167,.385,-.675,.629);es="Linear";ed="In";};["000-offset.007"]={cf=cfr(0,0,0,.867,-.498,0,.498,.867,0,0,0,1);es="Linear";ed="In";};["000-offset.004"]={cf=cfr(0,0,0,.944,-.329,0,.329,.944,0,0,0,1);es="Linear";ed="In";};["000-offset.008"]={cf=cfr(0,0,0,.681,-.708,.187,.081,.327,.941,-.727,-.626,.281);es="Linear";ed="In";};["000-offset.005"]={cf=cfr(0,0,0,.72,-.691,.063,.61,.587,-.532,.331,.422,.844);es="Linear";ed="In";};};}