local cfr = CFrame.new

return {{tm=.033;["LeftUpperArm"]={cf=cfr(0,0,0,.47,.882,-.04,.006,-.048,-.999,-.883,.469,-.028);es="Sine";ed="InOut";};["Head"]={cf=cfr(0,0,0,1,0,0,0,.449,-.894,0,.894,.449);es="Sine";ed="InOut";};["RightUpperArm"]={cf=cfr(0,0,0,.505,-.862,-.039,.045,.071,-.996,.862,.501,.075);es="Sine";ed="InOut";};["LeftUpperLeg"]={cf=cfr(0,0,0,.981,.086,.174,-.087,.996,0,-.173,-.015,.985);es="Sine";ed="InOut";};["RightUpperLeg"]={cf=cfr(0,0,0,.981,-.086,-.174,.087,.996,0,.173,-.015,.985);es="Sine";ed="InOut";};["UpperTorso"]={cf=cfr(0,-.001,-.015,1,0,0,0,.998,-.067,0,.067,.998);es="Sine";ed="InOut";};["LeftLowerArm"]={cf=cfr(0,0,0,1,0,0,0,.966,-.259,0,.259,.966);es="Sine";ed="InOut";};["LeftFoot"]={cf=cfr(0,0,0,1,0,0,0,1,0,0,0,1);es="Sine";ed="InOut";};["LeftLowerLeg"]={cf=cfr(0,0,0,1,0,0,0,.985,.174,0,-.174,.985);es="Sine";ed="InOut";};["RightLowerArm"]={cf=cfr(0,0,0,1,0,0,0,.966,-.259,0,.259,.966);es="Sine";ed="InOut";};["LowerTorso"]={cf=cfr(0,-2.665,-.041,1,0,0,0,.126,.992,0,-.992,.126);es="Sine";ed="InOut";};["RightFoot"]={cf=cfr(0,0,0,1,0,0,0,1,0,0,0,1);es="Sine";ed="InOut";};["RightLowerLeg"]={cf=cfr(0,0,0,1,0,0,0,.985,.174,0,-.174,.985);es="Sine";ed="InOut";};["LeftHand"]={cf=cfr(0,0,0,1,0,0,0,1,0,0,0,1);es="Sine";ed="InOut";};["RightHand"]={cf=cfr(0,0,0,1,0,0,0,1,0,0,0,1);es="Sine";ed="InOut";};};{tm=.05;["RightUpperArm"]={cf=cfr(0,0,0,.505,-.862,-.039,.045,.071,-.996,.862,.501,.075);es="Linear";ed="In";};["Head"]={cf=cfr(0,0,0,1,0,0,0,.449,-.894,0,.894,.449);es="Linear";ed="In";};["LeftUpperArm"]={cf=cfr(0,0,0,.47,.882,-.04,.006,-.048,-.999,-.883,.469,-.028);es="Linear";ed="In";};["UpperTorso"]={cf=cfr(0,-.001,-.015,1,0,0,0,.998,-.067,0,.067,.998);es="Linear";ed="In";};["RightUpperLeg"]={cf=cfr(0,0,0,.981,-.086,-.174,.087,.996,0,.173,-.015,.985);es="Linear";ed="In";};["LeftUpperLeg"]={cf=cfr(0,0,0,.981,.086,.174,-.087,.996,0,-.173,-.015,.985);es="Linear";ed="In";};["LeftLowerArm"]={cf=cfr(0,0,0,1,0,0,0,.966,-.259,0,.259,.966);es="Linear";ed="In";};["LeftFoot"]={cf=cfr(0,0,0,1,0,0,0,1,0,0,0,1);es="Linear";ed="In";};["LeftLowerLeg"]={cf=cfr(0,0,0,1,0,0,0,.985,.174,0,-.174,.985);es="Linear";ed="In";};["RightLowerArm"]={cf=cfr(0,0,0,1,0,0,0,.966,-.259,0,.259,.966);es="Linear";ed="In";};["LowerTorso"]={cf=cfr(0,-2.665,-.041,1,0,0,0,.126,.992,0,-.992,.126);es="Linear";ed="In";};["RightFoot"]={cf=cfr(0,0,0,1,0,0,0,1,0,0,0,1);es="Linear";ed="In";};["RightLowerLeg"]={cf=cfr(0,0,0,1,0,0,0,.985,.174,0,-.174,.985);es="Linear";ed="In";};["LeftHand"]={cf=cfr(0,0,0,1,0,0,0,1,0,0,0,1);es="Linear";ed="In";};["RightHand"]={cf=cfr(0,0,0,1,0,0,0,1,0,0,0,1);es="Linear";ed="In";};};{tm=.067;["RightUpperArm"]={cf=cfr(0,0,0,.505,-.863,-.039,.045,.071,-.996,.862,.501,.075);es="Linear";ed="In";};["Head"]={cf=cfr(0,0,0,1,0,0,0,.448,-.894,0,.894,.448);es="Linear";ed="In";};["LeftUpperArm"]={cf=cfr(0,0,0,.47,.882,-.04,.006,-.048,-.999,-.883,.469,-.028);es="Linear";ed="In";};["UpperTorso"]={cf=cfr(0,-.001,-.015,1,0,0,0,.998,-.067,0,.067,.998);es="Linear";ed="In";};["RightUpperLeg"]={cf=cfr(0,0,0,.981,-.086,-.174,.087,.996,0,.173,-.015,.985);es="Linear";ed="In";};["LeftUpperLeg"]={cf=cfr(0,0,0,.981,.086,.174,-.087,.996,0,-.173,-.015,.985);es="Linear";ed="In";};["LeftLowerArm"]={cf=cfr(0,0,0,1,0,0,0,.966,-.259,0,.259,.966);es="Linear";ed="In";};["LeftFoot"]={cf=cfr(0,0,0,1,0,0,0,1,0,0,0,1);es="Linear";ed="In";};["LeftLowerLeg"]={cf=cfr(0,0,0,1,0,0,0,.985,.174,0,-.174,.985);es="Linear";ed="In";};["RightLowerArm"]={cf=cfr(0,0,0,1,0,0,0,.966,-.259,0,.259,.966);es="Linear";ed="In";};["LowerTorso"]={cf=cfr(0,-2.665,-.041,1,0,0,0,.126,.992,0,-.992,.126);es="Linear";ed="In";};["RightFoot"]={cf=cfr(0,0,0,1,0,0,0,1,0,0,0,1);es="Linear";ed="In";};["RightLowerLeg"]={cf=cfr(0,0,0,1,0,0,0,.985,.174,0,-.174,.985);es="Linear";ed="In";};["LeftHand"]={cf=cfr(0,0,0,1,0,0,0,1,0,0,0,1);es="Linear";ed="In";};["RightHand"]={cf=cfr(0,0,0,1,0,0,0,1,0,0,0,1);es="Linear";ed="In";};};{tm=.083;["RightUpperArm"]={cf=cfr(0,0,0,.504,-.863,-.039,.045,.071,-.996,.862,.501,.075);es="Linear";ed="In";};["Head"]={cf=cfr(0,0,0,1,0,0,0,.448,-.894,0,.894,.448);es="Linear";ed="In";};["LeftUpperArm"]={cf=cfr(0,0,0,.469,.882,-.04,.006,-.048,-.999,-.883,.469,-.028);es="Linear";ed="In";};["UpperTorso"]={cf=cfr(0,-.001,-.015,1,0,0,0,.998,-.067,0,.067,.998);es="Linear";ed="In";};["RightUpperLeg"]={cf=cfr(0,0,0,.981,-.086,-.174,.088,.996,.001,.173,-.016,.985);es="Linear";ed="In";};["LeftUpperLeg"]={cf=cfr(0,0,0,.981,.086,.174,-.088,.996,.001,-.173,-.016,.985);es="Linear";ed="In";};["LeftLowerArm"]={cf=cfr(0,0,0,1,0,0,0,.966,-.259,0,.259,.966);es="Linear";ed="In";};["LeftFoot"]={cf=cfr(0,0,0,1,0,0,0,1,0,0,0,1);es="Linear";ed="In";};["LeftLowerLeg"]={cf=cfr(0,0,0,1,0,0,0,.985,.175,0,-.175,.985);es="Linear";ed="In";};["RightLowerArm"]={cf=cfr(0,0,0,1,0,0,0,.966,-.259,0,.259,.966);es="Linear";ed="In";};["LowerTorso"]={cf=cfr(0,-2.665,-.041,1,0,0,0,.125,.992,0,-.992,.125);es="Linear";ed="In";};["RightFoot"]={cf=cfr(0,0,0,1,0,0,0,1,0,0,0,1);es="Linear";ed="In";};["RightLowerLeg"]={cf=cfr(0,0,0,1,0,0,0,.985,.175,0,-.175,.985);es="Linear";ed="In";};["LeftHand"]={cf=cfr(0,0,0,1,0,0,0,1,0,0,0,1);es="Linear";ed="In";};["RightHand"]={cf=cfr(0,0,0,1,0,0,0,1,0,0,0,1);es="Linear";ed="In";};};{tm=.1;["RightUpperArm"]={cf=cfr(0,0,0,.504,-.863,-.039,.046,.071,-.996,.863,.5,.075);es="Linear";ed="In";};["Head"]={cf=cfr(0,0,0,1,0,0,0,.448,-.894,0,.894,.448);es="Linear";ed="In";};["LeftUpperArm"]={cf=cfr(0,0,0,.469,.882,-.04,.006,-.048,-.999,-.883,.468,-.028);es="Linear";ed="In";};["UpperTorso"]={cf=cfr(0,-.001,-.015,1,0,0,0,.998,-.067,0,.067,.998);es="Linear";ed="In";};["RightUpperLeg"]={cf=cfr(0,0,0,.981,-.087,-.174,.088,.996,.001,.173,-.016,.985);es="Linear";ed="In";};["LeftUpperLeg"]={cf=cfr(0,0,0,.981,.087,.174,-.088,.996,.001,-.173,-.016,.985);es="Linear";ed="In";};["LeftLowerArm"]={cf=cfr(0,0,0,1,0,0,0,.966,-.26,0,.26,.966);es="Linear";ed="In";};["LeftFoot"]={cf=cfr(0,0,0,1,0,0,0,1,0,0,0,1);es="Linear";ed="In";};["LeftLowerLeg"]={cf=cfr(0,0,0,1,0,0,0,.984,.176,0,-.176,.984);es="Linear";ed="In";};["RightLowerArm"]={cf=cfr(0,0,0,1,0,0,0,.966,-.26,0,.26,.966);es="Linear";ed="In";};["LowerTorso"]={cf=cfr(0,-2.665,-.041,1,0,0,0,.125,.992,0,-.992,.125);es="Linear";ed="In";};["RightFoot"]={cf=cfr(0,0,0,1,0,0,0,1,0,0,0,1);es="Linear";ed="In";};["RightLowerLeg"]={cf=cfr(0,0,0,1,0,0,0,.984,.176,0,-.176,.984);es="Linear";ed="In";};["LeftHand"]={cf=cfr(0,0,0,1,0,0,0,1,0,0,0,1);es="Linear";ed="In";};["RightHand"]={cf=cfr(0,0,0,1,0,0,0,1,0,0,0,1);es="Linear";ed="In";};};{tm=.117;["RightUpperArm"]={cf=cfr(0,0,0,.503,-.863,-.039,.046,.071,-.996,.863,.5,.075);es="Linear";ed="In";};["Head"]={cf=cfr(0,0,0,1,0,0,0,.447,-.895,0,.895,.447);es="Linear";ed="In";};["LeftUpperArm"]={cf=cfr(0,0,0,.468,.883,-.04,.006,-.048,-.999,-.884,.468,-.028);es="Linear";ed="In";};["UpperTorso"]={cf=cfr(0,-.001,-.015,1,0,0,0,.998,-.067,0,.067,.998);es="Linear";ed="In";};["RightUpperLeg"]={cf=cfr(0,0,0,.981,-.087,-.174,.089,.996,.002,.173,-.017,.985);es="Linear";ed="In";};["LeftUpperLeg"]={cf=cfr(0,0,0,.981,.087,.174,-.089,.996,.002,-.173,-.017,.985);es="Linear";ed="In";};["LeftLowerArm"]={cf=cfr(0,0,0,1,0,0,0,.965,-.261,0,.261,.965);es="Linear";ed="In";};["LeftFoot"]={cf=cfr(0,0,0,1,0,0,0,1,0,0,0,1);es="Linear";ed="In";};["LeftLowerLeg"]={cf=cfr(0,0,0,1,0,0,0,.984,.177,0,-.177,.984);es="Linear";ed="In";};["RightLowerArm"]={cf=cfr(0,0,0,1,0,0,0,.965,-.261,0,.261,.965);es="Linear";ed="In";};["LowerTorso"]={cf=cfr(0,-2.665,-.041,1,0,0,0,.124,.992,0,-.992,.124);es="Linear";ed="In";};["RightFoot"]={cf=cfr(0,0,0,1,0,0,0,1,0,0,0,1);es="Linear";ed="In";};["RightLowerLeg"]={cf=cfr(0,0,0,1,0,0,0,.984,.177,0,-.177,.984);es="Linear";ed="In";};["LeftHand"]={cf=cfr(0,0,0,1,0,0,0,1,0,0,0,1);es="Linear";ed="In";};["RightHand"]={cf=cfr(0,0,0,1,0,0,0,1,0,0,0,1);es="Linear";ed="In";};};{tm=.133;["RightUpperArm"]={cf=cfr(0,0,0,.503,-.864,-.039,.046,.071,-.996,.863,.499,.075);es="Linear";ed="In";};["Head"]={cf=cfr(0,0,0,1,0,0,0,.446,-.895,0,.895,.446);es="Linear";ed="In";};["LeftUpperArm"]={cf=cfr(0,0,0,.468,.883,-.04,.006,-.048,-.999,-.884,.467,-.028);es="Linear";ed="In";};["UpperTorso"]={cf=cfr(0,-.001,-.015,1,0,0,0,.998,-.067,0,.067,.998);es="Linear";ed="In";};["RightUpperLeg"]={cf=cfr(0,0,0,.981,-.088,-.174,.09,.996,.003,.173,-.018,.985);es="Linear";ed="In";};["LeftUpperLeg"]={cf=cfr(0,0,0,.981,.088,.174,-.09,.996,.003,-.173,-.018,.985);es="Linear";ed="In";};["LeftLowerArm"]={cf=cfr(0,0,0,1,0,0,0,.965,-.261,0,.261,.965);es="Linear";ed="In";};["LeftFoot"]={cf=cfr(0,0,0,1,0,0,0,1,0,0,0,1);es="Linear";ed="In";};["LeftLowerLeg"]={cf=cfr(0,0,0,1,0,0,0,.984,.179,0,-.179,.984);es="Linear";ed="In";};["RightLowerArm"]={cf=cfr(0,0,0,1,0,0,0,.965,-.261,0,.261,.965);es="Linear";ed="In";};["LowerTorso"]={cf=cfr(0,-2.665,-.041,1,0,0,0,.123,.992,0,-.992,.123);es="Linear";ed="In";};["RightFoot"]={cf=cfr(0,0,0,1,0,0,0,1,0,0,0,1);es="Linear";ed="In";};["RightLowerLeg"]={cf=cfr(0,0,0,1,0,0,0,.984,.179,0,-.179,.984);es="Linear";ed="In";};["LeftHand"]={cf=cfr(0,0,0,1,0,0,0,1,0,0,0,1);es="Linear";ed="In";};["RightHand"]={cf=cfr(0,0,0,1,0,0,0,1,0,0,0,1);es="Linear";ed="In";};};{tm=.15;["RightUpperArm"]={cf=cfr(0,0,0,.502,-.864,-.039,.046,.071,-.996,.864,.498,.075);es="Linear";ed="In";};["Head"]={cf=cfr(0,0,0,1,0,0,0,.445,-.895,0,.895,.445);es="Linear";ed="In";};["LeftUpperArm"]={cf=cfr(0,0,0,.467,.883,-.04,.006,-.048,-.999,-.884,.466,-.028);es="Linear";ed="In";};["UpperTorso"]={cf=cfr(0,-.001,-.015,1,0,0,0,.998,-.067,0,.067,.998);es="Linear";ed="In";};["RightUpperLeg"]={cf=cfr(0,0,0,.981,-.089,-.174,.091,.996,.004,.173,-.019,.985);es="Linear";ed="In";};["LeftUpperLeg"]={cf=cfr(0,0,0,.981,.089,.174,-.091,.996,.004,-.173,-.019,.985);es="Linear";ed="In";};["LeftLowerArm"]={cf=cfr(0,0,0,1,0,0,0,.965,-.262,0,.262,.965);es="Linear";ed="In";};["LeftFoot"]={cf=cfr(0,0,0,1,0,0,0,1,0,0,0,1);es="Linear";ed="In";};["LeftLowerLeg"]={cf=cfr(0,0,0,1,0,0,0,.984,.181,0,-.181,.984);es="Linear";ed="In";};["RightLowerArm"]={cf=cfr(0,0,0,1,0,0,0,.965,-.262,0,.262,.965);es="Linear";ed="In";};["LowerTorso"]={cf=cfr(0,-2.665,-.041,1,0,0,0,.122,.992,0,-.992,.122);es="Linear";ed="In";};["RightFoot"]={cf=cfr(0,0,0,1,0,0,0,1,0,0,0,1);es="Linear";ed="In";};["RightLowerLeg"]={cf=cfr(0,0,0,1,0,0,0,.984,.181,0,-.181,.984);es="Linear";ed="In";};["LeftHand"]={cf=cfr(0,0,0,1,0,0,0,1,0,0,0,1);es="Linear";ed="In";};["RightHand"]={cf=cfr(0,0,0,1,0,0,0,1,0,0,0,1);es="Linear";ed="In";};};{tm=.167;["RightUpperArm"]={cf=cfr(0,0,0,.501,-.865,-.039,.046,.071,-.996,.864,.497,.075);es="Linear";ed="In";};["Head"]={cf=cfr(0,0,0,1,0,0,0,.445,-.896,0,.896,.445);es="Linear";ed="In";};["LeftUpperArm"]={cf=cfr(0,0,0,.466,.884,-.04,.006,-.048,-.999,-.885,.465,-.028);es="Linear";ed="In";};["UpperTorso"]={cf=cfr(0,-.001,-.015,1,0,0,0,.998,-.067,0,.067,.998);es="Linear";ed="In";};["RightUpperLeg"]={cf=cfr(0,0,0,.981,-.09,-.174,.092,.996,.005,.173,-.021,.985);es="Linear";ed="In";};["LeftUpperLeg"]={cf=cfr(0,0,0,.981,.09,.174,-.092,.996,.005,-.173,-.021,.985);es="Linear";ed="In";};["LeftLowerArm"]={cf=cfr(0,0,0,1,0,0,0,.965,-.263,0,.263,.965);es="Linear";ed="In";};["LeftFoot"]={cf=cfr(0,0,0,1,0,0,0,1,0,0,0,1);es="Linear";ed="In";};["LeftLowerLeg"]={cf=cfr(0,0,0,1,0,0,0,.983,.183,0,-.183,.983);es="Linear";ed="In";};["RightLowerArm"]={cf=cfr(0,0,0,1,0,0,0,.965,-.263,0,.263,.965);es="Linear";ed="In";};["LowerTorso"]={cf=cfr(0,-2.665,-.041,1,0,0,0,.121,.993,0,-.993,.121);es="Linear";ed="In";};["RightFoot"]={cf=cfr(0,0,0,1,0,0,0,1,0,0,0,1);es="Linear";ed="In";};["RightLowerLeg"]={cf=cfr(0,0,0,1,0,0,0,.983,.183,0,-.183,.983);es="Linear";ed="In";};["LeftHand"]={cf=cfr(0,0,0,1,0,0,0,1,0,0,0,1);es="Linear";ed="In";};["RightHand"]={cf=cfr(0,0,0,1,0,0,0,1,0,0,0,1);es="Linear";ed="In";};};{tm=.183;["RightUpperArm"]={cf=cfr(0,0,0,.5,-.865,-.039,.046,.071,-.996,.865,.496,.075);es="Linear";ed="In";};["Head"]={cf=cfr(0,0,0,1,0,0,0,.443,-.896,0,.896,.443);es="Linear";ed="In";};["LeftUpperArm"]={cf=cfr(0,0,0,.465,.885,-.04,.006,-.048,-.999,-.885,.464,-.028);es="Linear";ed="In";};["UpperTorso"]={cf=cfr(0,-.001,-.015,1,0,0,0,.998,-.067,0,.067,.998);es="Linear";ed="In";};["RightUpperLeg"]={cf=cfr(0,0,0,.981,-.091,-.174,.093,.996,.006,.173,-.022,.985);es="Linear";ed="In";};["LeftUpperLeg"]={cf=cfr(0,0,0,.981,.091,.174,-.093,.996,.006,-.173,-.022,.985);es="Linear";ed="In";};["LeftLowerArm"]={cf=cfr(0,0,0,1,0,0,0,.964,-.264,0,.264,.964);es="Linear";ed="In";};["LeftFoot"]={cf=cfr(0,0,0,1,0,0,0,1,0,0,0,1);es="Linear";ed="In";};["LeftLowerLeg"]={cf=cfr(0,0,0,1,0,0,0,.983,.185,0,-.185,.983);es="Linear";ed="In";};["RightLowerArm"]={cf=cfr(0,0,0,1,0,0,0,.964,-.264,0,.264,.964);es="Linear";ed="In";};["LowerTorso"]={cf=cfr(0,-2.665,-.041,1,0,0,0,.12,.993,0,-.993,.12);es="Linear";ed="In";};["RightFoot"]={cf=cfr(0,0,0,1,0,0,0,1,0,0,0,1);es="Linear";ed="In";};["RightLowerLeg"]={cf=cfr(0,0,0,1,0,0,0,.983,.185,0,-.185,.983);es="Linear";ed="In";};["LeftHand"]={cf=cfr(0,0,0,1,0,0,0,1,0,0,0,1);es="Linear";ed="In";};["RightHand"]={cf=cfr(0,0,0,1,0,0,0,1,0,0,0,1);es="Linear";ed="In";};};{tm=.2;["RightUpperArm"]={cf=cfr(0,0,0,.499,-.866,-.039,.046,.071,-.996,.866,.495,.075);es="Linear";ed="In";};["Head"]={cf=cfr(0,0,0,1,0,0,0,.442,-.897,0,.897,.442);es="Linear";ed="In";};["LeftUpperArm"]={cf=cfr(0,0,0,.464,.885,-.04,.006,-.048,-.999,-.886,.463,-.028);es="Linear";ed="In";};["UpperTorso"]={cf=cfr(0,-.001,-.015,1,0,0,0,.998,-.067,0,.067,.998);es="Linear";ed="In";};["RightUpperLeg"]={cf=cfr(0,0,0,.98,-.092,-.174,.094,.996,.007,.173,-.023,.985);es="Linear";ed="In";};["LeftUpperLeg"]={cf=cfr(0,0,0,.98,.092,.174,-.094,.996,.007,-.173,-.023,.985);es="Linear";ed="In";};["LeftLowerArm"]={cf=cfr(0,0,0,1,0,0,0,.964,-.266,0,.266,.964);es="Linear";ed="In";};["LeftFoot"]={cf=cfr(0,0,0,1,0,0,0,1,0,0,0,1);es="Linear";ed="In";};["LeftLowerLeg"]={cf=cfr(0,.001,0,1,0,0,0,.982,.188,0,-.188,.982);es="Linear";ed="In";};["RightLowerArm"]={cf=cfr(0,0,0,1,0,0,0,.964,-.266,0,.266,.964);es="Linear";ed="In";};["LowerTorso"]={cf=cfr(0,-2.665,-.041,1,0,0,0,.119,.993,0,-.993,.119);es="Linear";ed="In";};["RightFoot"]={cf=cfr(0,0,0,1,0,0,0,1,0,0,0,1);es="Linear";ed="In";};["RightLowerLeg"]={cf=cfr(0,.001,0,1,0,0,0,.982,.188,0,-.188,.982);es="Linear";ed="In";};["LeftHand"]={cf=cfr(0,0,0,1,0,0,0,1,0,0,0,1);es="Linear";ed="In";};["RightHand"]={cf=cfr(0,0,0,1,0,0,0,1,0,0,0,1);es="Linear";ed="In";};};{tm=.217;["RightUpperArm"]={cf=cfr(0,0,0,.497,-.867,-.039,.046,.071,-.996,.866,.494,.075);es="Linear";ed="In";};["Head"]={cf=cfr(0,0,0,1,0,0,0,.441,-.898,0,.898,.441);es="Linear";ed="In";};["LeftUpperArm"]={cf=cfr(0,0,0,.462,.886,-.04,.006,-.048,-.999,-.887,.462,-.028);es="Linear";ed="In";};["UpperTorso"]={cf=cfr(0,-.001,-.015,1,0,0,0,.998,-.067,0,.067,.998);es="Linear";ed="In";};["RightUpperLeg"]={cf=cfr(0,0,0,.98,-.093,-.174,.096,.995,.009,.172,-.025,.985);es="Linear";ed="In";};["LeftUpperLeg"]={cf=cfr(0,0,0,.98,.093,.174,-.096,.995,.009,-.172,-.025,.985);es="Linear";ed="In";};["LeftLowerArm"]={cf=cfr(0,0,0,1,0,0,0,.964,-.267,0,.267,.964);es="Linear";ed="In";};["LeftFoot"]={cf=cfr(0,0,0,1,0,0,0,1,0,0,0,1);es="Linear";ed="In";};["LeftLowerLeg"]={cf=cfr(0,.001,0,1,0,0,0,.982,.191,0,-.191,.982);es="Linear";ed="In";};["RightLowerArm"]={cf=cfr(0,0,0,1,0,0,0,.964,-.267,0,.267,.964);es="Linear";ed="In";};["LowerTorso"]={cf=cfr(0,-2.665,-.041,1,0,0,0,.117,.993,0,-.993,.117);es="Linear";ed="In";};["RightFoot"]={cf=cfr(0,0,0,1,0,0,0,1,0,0,0,1);es="Linear";ed="In";};["RightLowerLeg"]={cf=cfr(0,.001,0,1,0,0,0,.982,.191,0,-.191,.982);es="Linear";ed="In";};["LeftHand"]={cf=cfr(0,0,0,1,0,0,0,1,0,0,0,1);es="Linear";ed="In";};["RightHand"]={cf=cfr(0,0,0,1,0,0,0,1,0,0,0,1);es="Linear";ed="In";};};{tm=.233;["RightUpperArm"]={cf=cfr(0,0,0,.496,-.867,-.039,.046,.071,-.996,.867,.492,.075);es="Linear";ed="In";};["Head"]={cf=cfr(0,0,0,1,0,0,0,.44,-.898,0,.898,.44);es="Linear";ed="In";};["LeftUpperArm"]={cf=cfr(0,0,0,.461,.887,-.04,.006,-.048,-.999,-.887,.46,-.028);es="Linear";ed="In";};["UpperTorso"]={cf=cfr(0,-.001,-.015,1,0,0,0,.998,-.067,0,.067,.998);es="Linear";ed="In";};["RightUpperLeg"]={cf=cfr(0,0,0,.98,-.094,-.174,.097,.995,.01,.172,-.027,.985);es="Linear";ed="In";};["LeftUpperLeg"]={cf=cfr(0,0,0,.98,.094,.174,-.097,.995,.01,-.172,-.027,.985);es="Linear";ed="In";};["LeftLowerArm"]={cf=cfr(0,0,0,1,0,0,0,.963,-.269,0,.269,.963);es="Linear";ed="In";};["LeftFoot"]={cf=cfr(0,0,0,1,0,0,0,1,0,0,0,1);es="Linear";ed="In";};["LeftLowerLeg"]={cf=cfr(0,.001,0,1,0,0,0,.981,.194,0,-.194,.981);es="Linear";ed="In";};["RightLowerArm"]={cf=cfr(0,0,0,1,0,0,0,.963,-.269,0,.269,.963);es="Linear";ed="In";};["LowerTorso"]={cf=cfr(0,-2.665,-.041,1,0,0,0,.116,.993,0,-.993,.116);es="Linear";ed="In";};["RightFoot"]={cf=cfr(0,0,0,1,0,0,0,1,0,0,0,1);es="Linear";ed="In";};["RightLowerLeg"]={cf=cfr(0,.001,0,1,0,0,0,.981,.194,0,-.194,.981);es="Linear";ed="In";};["LeftHand"]={cf=cfr(0,0,0,1,0,0,0,1,0,0,0,1);es="Linear";ed="In";};["RightHand"]={cf=cfr(0,0,0,1,0,0,0,1,0,0,0,1);es="Linear";ed="In";};};{tm=.25;["RightUpperArm"]={cf=cfr(0,0,0,.494,-.868,-.039,.046,.071,-.996,.868,.491,.075);es="Linear";ed="In";};["Head"]={cf=cfr(0,0,0,1,0,0,0,.438,-.899,0,.899,.438);es="Linear";ed="In";};["LeftUpperArm"]={cf=cfr(0,0,0,.459,.887,-.04,.006,-.048,-.999,-.888,.459,-.028);es="Linear";ed="In";};["UpperTorso"]={cf=cfr(0,-.001,-.015,1,0,0,0,.998,-.067,0,.067,.998);es="Linear";ed="In";};["RightUpperLeg"]={cf=cfr(0,0,0,.98,-.095,-.174,.099,.995,.012,.172,-.029,.985);es="Linear";ed="In";};["LeftUpperLeg"]={cf=cfr(0,0,0,.98,.095,.174,-.099,.995,.012,-.172,-.029,.985);es="Linear";ed="In";};["LeftLowerArm"]={cf=cfr(0,0,0,1,0,0,0,.963,-.27,0,.27,.963);es="Linear";ed="In";};["LeftFoot"]={cf=cfr(0,0,0,1,0,0,0,1,0,0,0,1);es="Linear";ed="In";};["LeftLowerLeg"]={cf=cfr(0,.001,0,1,0,0,0,.98,.197,0,-.197,.98);es="Linear";ed="In";};["RightLowerArm"]={cf=cfr(0,0,0,1,0,0,0,.963,-.27,0,.27,.963);es="Linear";ed="In";};["LowerTorso"]={cf=cfr(0,-2.665,-.041,1,0,0,0,.114,.993,0,-.993,.114);es="Linear";ed="In";};["RightFoot"]={cf=cfr(0,0,0,1,0,0,0,1,0,0,0,1);es="Linear";ed="In";};["RightLowerLeg"]={cf=cfr(0,.001,0,1,0,0,0,.98,.197,0,-.197,.98);es="Linear";ed="In";};["LeftHand"]={cf=cfr(0,0,0,1,0,0,0,1,0,0,0,1);es="Linear";ed="In";};["RightHand"]={cf=cfr(0,0,0,1,0,0,0,1,0,0,0,1);es="Linear";ed="In";};};{tm=.267;["RightUpperArm"]={cf=cfr(0,0,0,.493,-.869,-.039,.046,.071,-.996,.869,.489,.075);es="Linear";ed="In";};["Head"]={cf=cfr(0,0,0,1,0,0,0,.436,-.9,0,.9,.436);es="Linear";ed="In";};["LeftUpperArm"]={cf=cfr(0,0,0,.458,.888,-.04,.007,-.048,-.999,-.889,.457,-.028);es="Linear";ed="In";};["UpperTorso"]={cf=cfr(0,-.001,-.015,1,0,0,0,.998,-.067,0,.067,.998);es="Linear";ed="In";};["RightUpperLeg"]={cf=cfr(0,.001,0,.98,-.097,-.174,.101,.995,.014,.172,-.031,.985);es="Linear";ed="In";};["LeftUpperLeg"]={cf=cfr(0,.001,0,.98,.097,.174,-.101,.995,.014,-.172,-.031,.985);es="Linear";ed="In";};["LeftLowerArm"]={cf=cfr(0,0,0,1,0,0,0,.962,-.272,0,.272,.962);es="Linear";ed="In";};["LeftFoot"]={cf=cfr(0,0,0,1,0,0,0,1,0,0,0,1);es="Linear";ed="In";};["LeftLowerLeg"]={cf=cfr(0,.001,0,1,0,0,0,.98,.201,0,-.201,.98);es="Linear";ed="In";};["RightLowerArm"]={cf=cfr(0,0,0,1,0,0,0,.962,-.272,0,.272,.962);es="Linear";ed="In";};["LowerTorso"]={cf=cfr(0,-2.665,-.041,1,0,0,0,.112,.994,0,-.994,.112);es="Linear";ed="In";};["RightFoot"]={cf=cfr(0,0,0,1,0,0,0,1,0,0,0,1);es="Linear";ed="In";};["RightLowerLeg"]={cf=cfr(0,.001,0,1,0,0,0,.98,.201,0,-.201,.98);es="Linear";ed="In";};["LeftHand"]={cf=cfr(0,0,0,1,0,0,0,1,0,0,0,1);es="Linear";ed="In";};["RightHand"]={cf=cfr(0,0,0,1,0,0,0,1,0,0,0,1);es="Linear";ed="In";};};{tm=.283;["RightUpperArm"]={cf=cfr(0,0,0,.491,-.87,-.039,.047,.071,-.996,.87,.488,.075);es="Linear";ed="In";};["Head"]={cf=cfr(0,0,0,1,0,0,0,.435,-.901,0,.901,.435);es="Linear";ed="In";};["LeftUpperArm"]={cf=cfr(0,0,0,.456,.889,-.04,.007,-.048,-.999,-.89,.455,-.028);es="Linear";ed="In";};["UpperTorso"]={cf=cfr(0,-.001,-.015,1,0,0,0,.998,-.067,0,.067,.998);es="Linear";ed="In";};["RightUpperLeg"]={cf=cfr(0,.001,0,.98,-.098,-.174,.103,.995,.016,.172,-.033,.985);es="Linear";ed="In";};["LeftUpperLeg"]={cf=cfr(0,.001,0,.98,.098,.174,-.103,.995,.016,-.172,-.033,.985);es="Linear";ed="In";};["LeftLowerArm"]={cf=cfr(0,0,0,1,0,0,0,.962,-.274,0,.274,.962);es="Linear";ed="In";};["LeftFoot"]={cf=cfr(0,0,0,1,0,0,0,1,0,0,0,1);es="Linear";ed="In";};["LeftLowerLeg"]={cf=cfr(0,.001,0,1,0,0,0,.979,.204,0,-.204,.979);es="Linear";ed="In";};["RightLowerArm"]={cf=cfr(0,0,0,1,0,0,0,.962,-.274,0,.274,.962);es="Linear";ed="In";};["LowerTorso"]={cf=cfr(0,-2.665,-.041,1,0,0,0,.11,.994,0,-.994,.11);es="Linear";ed="In";};["RightFoot"]={cf=cfr(0,0,0,1,0,0,0,1,0,0,0,1);es="Linear";ed="In";};["RightLowerLeg"]={cf=cfr(0,.001,0,1,0,0,0,.979,.204,0,-.204,.979);es="Linear";ed="In";};["LeftHand"]={cf=cfr(0,0,0,1,0,0,0,1,0,0,0,1);es="Linear";ed="In";};["RightHand"]={cf=cfr(0,0,0,1,0,0,0,1,0,0,0,1);es="Linear";ed="In";};};{tm=.3;["RightUpperArm"]={cf=cfr(0,0,0,.49,-.871,-.039,.047,.07,-.996,.871,.486,.075);es="Linear";ed="In";};["Head"]={cf=cfr(0,0,0,1,0,0,0,.433,-.901,0,.901,.433);es="Linear";ed="In";};["LeftUpperArm"]={cf=cfr(0,0,0,.454,.89,-.04,.007,-.048,-.999,-.891,.454,-.028);es="Linear";ed="In";};["UpperTorso"]={cf=cfr(0,-.001,-.015,1,0,0,0,.998,-.067,0,.067,.998);es="Linear";ed="In";};["RightUpperLeg"]={cf=cfr(0,.001,0,.98,-.1,-.175,.105,.994,.018,.172,-.035,.984);es="Linear";ed="In";};["LeftUpperLeg"]={cf=cfr(0,.001,0,.98,.1,.175,-.105,.994,.018,-.172,-.035,.984);es="Linear";ed="In";};["LeftLowerArm"]={cf=cfr(0,0,0,1,0,0,0,.961,-.276,0,.276,.961);es="Linear";ed="In";};["LeftFoot"]={cf=cfr(0,0,0,1,0,0,0,1,0,0,0,1);es="Linear";ed="In";};["LeftLowerLeg"]={cf=cfr(0,.001,0,1,0,0,0,.978,.208,0,-.208,.978);es="Linear";ed="In";};["RightLowerArm"]={cf=cfr(0,0,0,1,0,0,0,.961,-.276,0,.276,.961);es="Linear";ed="In";};["LowerTorso"]={cf=cfr(0,-2.665,-.041,1,0,0,0,.108,.994,0,-.994,.108);es="Linear";ed="In";};["RightFoot"]={cf=cfr(0,0,0,1,0,0,0,1,0,0,0,1);es="Linear";ed="In";};["RightLowerLeg"]={cf=cfr(0,.001,0,1,0,0,0,.978,.208,0,-.208,.978);es="Linear";ed="In";};["LeftHand"]={cf=cfr(0,0,0,1,0,0,0,1,0,0,0,1);es="Linear";ed="In";};["RightHand"]={cf=cfr(0,0,0,1,0,0,0,1,0,0,0,1);es="Linear";ed="In";};};{tm=.317;["RightUpperArm"]={cf=cfr(0,0,0,.488,-.872,-.039,.047,.07,-.996,.872,.484,.075);es="Linear";ed="In";};["Head"]={cf=cfr(0,0,-.001,1,0,0,0,.431,-.902,0,.902,.431);es="Linear";ed="In";};["LeftUpperArm"]={cf=cfr(0,0,0,.453,.891,-.04,.007,-.048,-.999,-.892,.452,-.028);es="Linear";ed="In";};["UpperTorso"]={cf=cfr(0,-.001,-.015,1,0,0,0,.998,-.067,0,.067,.998);es="Linear";ed="In";};["RightUpperLeg"]={cf=cfr(0,.001,0,.979,-.102,-.175,.107,.994,.02,.172,-.038,.984);es="Linear";ed="In";};["LeftUpperLeg"]={cf=cfr(0,.001,0,.979,.102,.175,-.107,.994,.02,-.172,-.038,.984);es="Linear";ed="In";};["LeftLowerArm"]={cf=cfr(0,0,0,1,0,0,0,.961,-.278,0,.278,.961);es="Linear";ed="In";};["LeftFoot"]={cf=cfr(0,0,0,1,0,0,0,1,0,0,0,1);es="Linear";ed="In";};["LeftLowerLeg"]={cf=cfr(0,.001,0,1,0,0,0,.977,.212,0,-.212,.977);es="Linear";ed="In";};["RightLowerArm"]={cf=cfr(0,0,0,1,0,0,0,.961,-.278,0,.278,.961);es="Linear";ed="In";};["LowerTorso"]={cf=cfr(0,-2.665,-.041,1,0,0,0,.106,.994,0,-.994,.106);es="Linear";ed="In";};["RightFoot"]={cf=cfr(0,0,0,1,0,0,0,1,0,0,0,1);es="Linear";ed="In";};["RightLowerLeg"]={cf=cfr(0,.001,0,1,0,0,0,.977,.212,0,-.212,.977);es="Linear";ed="In";};["LeftHand"]={cf=cfr(0,0,0,1,0,0,0,1,0,0,0,1);es="Linear";ed="In";};["RightHand"]={cf=cfr(0,0,0,1,0,0,0,1,0,0,0,1);es="Linear";ed="In";};};{tm=.333;["RightUpperArm"]={cf=cfr(-.001,0,0,.486,-.873,-.039,.047,.07,-.996,.873,.482,.075);es="Linear";ed="In";};["Head"]={cf=cfr(0,0,-.001,1,0,0,0,.429,-.903,0,.903,.429);es="Linear";ed="In";};["LeftUpperArm"]={cf=cfr(.001,0,0,.451,.892,-.04,.007,-.048,-.999,-.893,.45,-.028);es="Linear";ed="In";};["UpperTorso"]={cf=cfr(0,-.001,-.015,1,0,0,0,.998,-.067,0,.067,.998);es="Linear";ed="In";};["RightUpperLeg"]={cf=cfr(0,.001,0,.979,-.103,-.175,.109,.994,.022,.171,-.04,.984);es="Linear";ed="In";};["LeftUpperLeg"]={cf=cfr(0,.001,0,.979,.103,.175,-.109,.994,.022,-.171,-.04,.984);es="Linear";ed="In";};["LeftLowerArm"]={cf=cfr(0,0,0,1,0,0,0,.96,-.28,0,.28,.96);es="Linear";ed="In";};["LeftFoot"]={cf=cfr(0,0,0,1,0,0,0,1,0,0,0,1);es="Linear";ed="In";};["LeftLowerLeg"]={cf=cfr(0,.001,0,1,0,0,0,.976,.216,0,-.216,.976);es="Linear";ed="In";};["RightLowerArm"]={cf=cfr(0,0,0,1,0,0,0,.96,-.28,0,.28,.96);es="Linear";ed="In";};["LowerTorso"]={cf=cfr(0,-2.665,-.041,1,0,0,0,.104,.995,0,-.995,.104);es="Linear";ed="In";};["RightFoot"]={cf=cfr(0,0,0,1,0,0,0,1,0,0,0,1);es="Linear";ed="In";};["RightLowerLeg"]={cf=cfr(0,.001,0,1,0,0,0,.976,.216,0,-.216,.976);es="Linear";ed="In";};["LeftHand"]={cf=cfr(0,0,0,1,0,0,0,1,0,0,0,1);es="Linear";ed="In";};["RightHand"]={cf=cfr(0,0,0,1,0,0,0,1,0,0,0,1);es="Linear";ed="In";};};{tm=.35;["RightUpperArm"]={cf=cfr(-.001,0,0,.484,-.874,-.039,.047,.07,-.996,.874,.48,.075);es="Linear";ed="In";};["Head"]={cf=cfr(0,0,-.001,1,0,0,0,.427,-.904,0,.904,.427);es="Linear";ed="In";};["LeftUpperArm"]={cf=cfr(.001,0,0,.449,.893,-.04,.007,-.048,-.999,-.894,.448,-.028);es="Linear";ed="In";};["UpperTorso"]={cf=cfr(0,-.001,-.015,1,0,0,0,.998,-.067,0,.067,.998);es="Linear";ed="In";};["RightUpperLeg"]={cf=cfr(0,.001,0,.979,-.105,-.175,.111,.994,.024,.171,-.043,.984);es="Linear";ed="In";};["LeftUpperLeg"]={cf=cfr(0,.001,0,.979,.105,.175,-.111,.994,.024,-.171,-.043,.984);es="Linear";ed="In";};["LeftLowerArm"]={cf=cfr(0,0,0,1,0,0,0,.959,-.282,0,.282,.959);es="Linear";ed="In";};["LeftFoot"]={cf=cfr(0,0,0,1,0,0,0,1,0,0,0,1);es="Linear";ed="In";};["LeftLowerLeg"]={cf=cfr(0,.001,0,1,0,0,0,.975,.221,0,-.221,.975);es="Linear";ed="In";};["RightLowerArm"]={cf=cfr(0,0,0,1,0,0,0,.959,-.282,0,.282,.959);es="Linear";ed="In";};["LowerTorso"]={cf=cfr(0,-2.665,-.041,1,0,0,0,.102,.995,0,-.995,.102);es="Linear";ed="In";};["RightFoot"]={cf=cfr(0,0,0,1,0,0,0,1,0,0,0,1);es="Linear";ed="In";};["RightLowerLeg"]={cf=cfr(0,.001,0,1,0,0,0,.975,.221,0,-.221,.975);es="Linear";ed="In";};["LeftHand"]={cf=cfr(0,0,0,1,0,0,0,1,0,0,0,1);es="Linear";ed="In";};["RightHand"]={cf=cfr(0,0,0,1,0,0,0,1,0,0,0,1);es="Linear";ed="In";};};{tm=.367;["RightUpperArm"]={cf=cfr(-.001,0,0,.482,-.875,-.039,.047,.07,-.996,.875,.478,.075);es="Linear";ed="In";};["Head"]={cf=cfr(0,0,-.001,1,0,0,0,.425,-.905,0,.905,.425);es="Linear";ed="In";};["LeftUpperArm"]={cf=cfr(.001,0,0,.447,.894,-.04,.007,-.048,-.999,-.895,.446,-.028);es="Linear";ed="In";};["UpperTorso"]={cf=cfr(0,-.001,-.015,1,0,0,0,.998,-.067,0,.067,.998);es="Linear";ed="In";};["RightUpperLeg"]={cf=cfr(0,.001,0,.979,-.107,-.175,.113,.993,.026,.171,-.046,.984);es="Linear";ed="In";};["LeftUpperLeg"]={cf=cfr(0,.001,0,.979,.107,.175,-.113,.993,.026,-.171,-.046,.984);es="Linear";ed="In";};["LeftLowerArm"]={cf=cfr(0,0,0,1,0,0,0,.959,-.284,0,.284,.959);es="Linear";ed="In";};["LeftFoot"]={cf=cfr(0,0,0,1,0,0,0,1,0,0,0,1);es="Linear";ed="In";};["LeftLowerLeg"]={cf=cfr(0,.001,0,1,0,0,0,.974,.225,0,-.225,.974);es="Linear";ed="In";};["RightLowerArm"]={cf=cfr(0,0,0,1,0,0,0,.959,-.284,0,.284,.959);es="Linear";ed="In";};["LowerTorso"]={cf=cfr(0,-2.665,-.041,1,0,0,0,.1,.995,0,-.995,.1);es="Linear";ed="In";};["RightFoot"]={cf=cfr(0,0,0,1,0,0,0,1,0,0,0,1);es="Linear";ed="In";};["RightLowerLeg"]={cf=cfr(0,.001,0,1,0,0,0,.974,.225,0,-.225,.974);es="Linear";ed="In";};["LeftHand"]={cf=cfr(0,0,0,1,0,0,0,1,0,0,0,1);es="Linear";ed="In";};["RightHand"]={cf=cfr(0,0,0,1,0,0,0,1,0,0,0,1);es="Linear";ed="In";};};{tm=.383;["RightUpperArm"]={cf=cfr(-.001,0,0,.48,-.877,-.039,.047,.07,-.996,.876,.476,.075);es="Linear";ed="In";};["Head"]={cf=cfr(0,0,-.001,1,0,0,0,.423,-.906,0,.906,.423);es="Linear";ed="In";};["LeftUpperArm"]={cf=cfr(.001,0,0,.444,.895,-.04,.007,-.048,-.999,-.896,.444,-.028);es="Linear";ed="In";};["UpperTorso"]={cf=cfr(0,-.001,-.015,1,0,0,0,.998,-.067,0,.067,.998);es="Linear";ed="In";};["RightUpperLeg"]={cf=cfr(0,.001,0,.978,-.109,-.175,.116,.993,.029,.171,-.048,.984);es="Linear";ed="In";};["LeftUpperLeg"]={cf=cfr(0,.001,0,.978,.109,.175,-.116,.993,.029,-.171,-.048,.984);es="Linear";ed="In";};["LeftLowerArm"]={cf=cfr(0,0,0,1,0,0,0,.958,-.286,0,.286,.958);es="Linear";ed="In";};["LeftFoot"]={cf=cfr(0,0,0,1,0,0,0,1,0,0,0,1);es="Linear";ed="In";};["LeftLowerLeg"]={cf=cfr(0,.001,0,1,0,0,0,.973,.23,0,-.23,.973);es="Linear";ed="In";};["RightLowerArm"]={cf=cfr(0,0,0,1,0,0,0,.958,-.286,0,.286,.958);es="Linear";ed="In";};["LowerTorso"]={cf=cfr(0,-2.665,-.041,1,0,0,0,.097,.995,0,-.995,.097);es="Linear";ed="In";};["RightFoot"]={cf=cfr(0,0,0,1,0,0,0,1,0,0,0,1);es="Linear";ed="In";};["RightLowerLeg"]={cf=cfr(0,.001,0,1,0,0,0,.973,.23,0,-.23,.973);es="Linear";ed="In";};["LeftHand"]={cf=cfr(0,0,0,1,0,0,0,1,0,0,0,1);es="Linear";ed="In";};["RightHand"]={cf=cfr(0,0,0,1,0,0,0,1,0,0,0,1);es="Linear";ed="In";};};{tm=.4;["RightUpperArm"]={cf=cfr(-.001,0,0,.478,-.878,-.039,.048,.07,-.996,.877,.474,.075);es="Linear";ed="In";};["Head"]={cf=cfr(0,0,-.001,1,0,0,0,.421,-.907,0,.907,.421);es="Linear";ed="In";};["LeftUpperArm"]={cf=cfr(.001,0,0,.442,.896,-.04,.007,-.048,-.999,-.897,.441,-.028);es="Linear";ed="In";};["UpperTorso"]={cf=cfr(0,-.001,-.015,1,0,0,0,.998,-.067,0,.067,.998);es="Linear";ed="In";};["RightUpperLeg"]={cf=cfr(0,.001,0,.978,-.111,-.175,.118,.993,.031,.171,-.051,.984);es="Linear";ed="In";};["LeftUpperLeg"]={cf=cfr(0,.001,0,.978,.111,.175,-.118,.993,.031,-.171,-.051,.984);es="Linear";ed="In";};["LeftLowerArm"]={cf=cfr(0,0,0,1,0,0,0,.957,-.289,0,.289,.957);es="Linear";ed="In";};["LeftFoot"]={cf=cfr(0,0,0,1,0,0,0,1,0,0,0,1);es="Linear";ed="In";};["LeftLowerLeg"]={cf=cfr(0,.002,0,1,0,0,0,.972,.235,0,-.235,.972);es="Linear";ed="In";};["RightLowerArm"]={cf=cfr(0,0,0,1,0,0,0,.957,-.289,0,.289,.957);es="Linear";ed="In";};["LowerTorso"]={cf=cfr(0,-2.665,-.041,1,0,0,0,.095,.995,0,-.995,.095);es="Linear";ed="In";};["RightFoot"]={cf=cfr(0,0,0,1,0,0,0,1,0,0,0,1);es="Linear";ed="In";};["RightLowerLeg"]={cf=cfr(0,.002,0,1,0,0,0,.972,.235,0,-.235,.972);es="Linear";ed="In";};["LeftHand"]={cf=cfr(0,0,0,1,0,0,0,1,0,0,0,1);es="Linear";ed="In";};["RightHand"]={cf=cfr(0,0,0,1,0,0,0,1,0,0,0,1);es="Linear";ed="In";};};{tm=.417;["RightUpperArm"]={cf=cfr(-.001,0,0,.476,-.879,-.039,.048,.07,-.996,.878,.472,.075);es="Linear";ed="In";};["Head"]={cf=cfr(0,0,-.001,1,0,0,0,.418,-.908,0,.908,.418);es="Linear";ed="In";};["LeftUpperArm"]={cf=cfr(.001,0,0,.44,.897,-.04,.007,-.048,-.999,-.898,.439,-.028);es="Linear";ed="In";};["UpperTorso"]={cf=cfr(0,-.001,-.015,1,0,0,0,.998,-.067,0,.067,.998);es="Linear";ed="In";};["RightUpperLeg"]={cf=cfr(0,.001,0,.978,-.113,-.176,.12,.992,.034,.17,-.054,.984);es="Linear";ed="In";};["LeftUpperLeg"]={cf=cfr(0,.001,0,.978,.113,.176,-.12,.992,.034,-.17,-.054,.984);es="Linear";ed="In";};["LeftLowerArm"]={cf=cfr(0,0,0,1,0,0,0,.957,-.291,0,.291,.957);es="Linear";ed="In";};["LeftFoot"]={cf=cfr(0,0,0,1,0,0,0,1,0,0,0,1);es="Linear";ed="In";};["LeftLowerLeg"]={cf=cfr(0,.002,0,1,0,0,0,.971,.239,0,-.239,.971);es="Linear";ed="In";};["RightLowerArm"]={cf=cfr(0,0,0,1,0,0,0,.957,-.291,0,.291,.957);es="Linear";ed="In";};["LowerTorso"]={cf=cfr(0,-2.665,-.041,1,0,0,0,.093,.996,0,-.996,.093);es="Linear";ed="In";};["RightFoot"]={cf=cfr(0,0,0,1,0,0,0,1,0,0,0,1);es="Linear";ed="In";};["RightLowerLeg"]={cf=cfr(0,.002,0,1,0,0,0,.971,.239,0,-.239,.971);es="Linear";ed="In";};["LeftHand"]={cf=cfr(0,0,0,1,0,0,0,1,0,0,0,1);es="Linear";ed="In";};["RightHand"]={cf=cfr(0,0,0,1,0,0,0,1,0,0,0,1);es="Linear";ed="In";};};{tm=.433;["RightUpperArm"]={cf=cfr(-.001,0,0,.473,-.88,-.039,.048,.07,-.996,.88,.47,.075);es="Linear";ed="In";};["Head"]={cf=cfr(0,0,-.001,1,0,0,0,.416,-.909,0,.909,.416);es="Linear";ed="In";};["LeftUpperArm"]={cf=cfr(.001,0,0,.438,.898,-.04,.008,-.048,-.999,-.899,.437,-.028);es="Linear";ed="In";};["UpperTorso"]={cf=cfr(0,-.001,-.015,1,0,0,0,.998,-.067,0,.067,.998);es="Linear";ed="In";};["RightUpperLeg"]={cf=cfr(0,.001,0,.978,-.115,-.176,.123,.992,.036,.17,-.057,.984);es="Linear";ed="In";};["LeftUpperLeg"]={cf=cfr(0,.001,0,.978,.115,.176,-.123,.992,.036,-.17,-.057,.984);es="Linear";ed="In";};["LeftLowerArm"]={cf=cfr(0,0,0,1,0,0,0,.956,-.293,0,.293,.956);es="Linear";ed="In";};["LeftFoot"]={cf=cfr(0,0,0,1,0,0,0,1,0,0,0,1);es="Linear";ed="In";};["LeftLowerLeg"]={cf=cfr(0,.002,0,1,0,0,0,.97,.244,0,-.244,.97);es="Linear";ed="In";};["RightLowerArm"]={cf=cfr(0,0,0,1,0,0,0,.956,-.293,0,.293,.956);es="Linear";ed="In";};["LowerTorso"]={cf=cfr(0,-2.665,-.041,1,0,0,0,.09,.996,0,-.996,.09);es="Linear";ed="In";};["RightFoot"]={cf=cfr(0,0,0,1,0,0,0,1,0,0,0,1);es="Linear";ed="In";};["RightLowerLeg"]={cf=cfr(0,.002,0,1,0,0,0,.97,.244,0,-.244,.97);es="Linear";ed="In";};["LeftHand"]={cf=cfr(0,0,0,1,0,0,0,1,0,0,0,1);es="Linear";ed="In";};["RightHand"]={cf=cfr(0,0,0,1,0,0,0,1,0,0,0,1);es="Linear";ed="In";};};{tm=.45;["RightUpperArm"]={cf=cfr(-.001,0,0,.471,-.881,-.039,.048,.069,-.996,.881,.468,.075);es="Linear";ed="In";};["Head"]={cf=cfr(0,0,-.001,1,0,0,0,.414,-.91,0,.91,.414);es="Linear";ed="In";};["LeftUpperArm"]={cf=cfr(.001,0,0,.436,.899,-.04,.008,-.048,-.999,-.9,.435,-.028);es="Linear";ed="In";};["UpperTorso"]={cf=cfr(0,-.001,-.015,1,0,0,0,.998,-.067,0,.067,.998);es="Linear";ed="In";};["RightUpperLeg"]={cf=cfr(0,.001,0,.977,-.117,-.176,.125,.991,.038,.17,-.06,.984);es="Linear";ed="In";};["LeftUpperLeg"]={cf=cfr(0,.001,0,.977,.117,.176,-.125,.991,.038,-.17,-.06,.984);es="Linear";ed="In";};["LeftLowerArm"]={cf=cfr(0,0,0,1,0,0,0,.955,-.296,0,.296,.955);es="Linear";ed="In";};["LeftFoot"]={cf=cfr(0,0,0,1,0,0,0,1,0,0,0,1);es="Linear";ed="In";};["LeftLowerLeg"]={cf=cfr(0,.002,0,1,0,0,0,.968,.249,0,-.249,.968);es="Linear";ed="In";};["RightLowerArm"]={cf=cfr(0,0,0,1,0,0,0,.955,-.296,0,.296,.955);es="Linear";ed="In";};["LowerTorso"]={cf=cfr(0,-2.665,-.041,1,0,0,0,.088,.996,0,-.996,.088);es="Linear";ed="In";};["RightFoot"]={cf=cfr(0,0,0,1,0,0,0,1,0,0,0,1);es="Linear";ed="In";};["RightLowerLeg"]={cf=cfr(0,.002,0,1,0,0,0,.968,.249,0,-.249,.968);es="Linear";ed="In";};["LeftHand"]={cf=cfr(0,0,0,1,0,0,0,1,0,0,0,1);es="Linear";ed="In";};["RightHand"]={cf=cfr(0,0,0,1,0,0,0,1,0,0,0,1);es="Linear";ed="In";};};{tm=.467;["RightUpperArm"]={cf=cfr(-.001,0,0,.469,-.882,-.039,.048,.069,-.996,.882,.465,.075);es="Linear";ed="In";};["Head"]={cf=cfr(0,0,-.001,1,0,0,0,.412,-.911,0,.911,.412);es="Linear";ed="In";};["LeftUpperArm"]={cf=cfr(.001,0,0,.433,.9,-.04,.008,-.048,-.999,-.901,.432,-.028);es="Linear";ed="In";};["UpperTorso"]={cf=cfr(0,-.001,-.015,1,0,0,0,.998,-.067,0,.067,.998);es="Linear";ed="In";};["RightUpperLeg"]={cf=cfr(0,.001,0,.977,-.119,-.176,.128,.991,.041,.17,-.063,.984);es="Linear";ed="In";};["LeftUpperLeg"]={cf=cfr(0,.001,0,.977,.119,.176,-.128,.991,.041,-.17,-.063,.984);es="Linear";ed="In";};["LeftLowerArm"]={cf=cfr(0,0,0,1,0,0,0,.954,-.298,0,.298,.954);es="Linear";ed="In";};["LeftFoot"]={cf=cfr(0,0,0,1,0,0,0,1,0,0,0,1);es="Linear";ed="In";};["LeftLowerLeg"]={cf=cfr(0,.002,0,1,0,0,0,.967,.254,0,-.254,.967);es="Linear";ed="In";};["RightLowerArm"]={cf=cfr(0,0,0,1,0,0,0,.954,-.298,0,.298,.954);es="Linear";ed="In";};["LowerTorso"]={cf=cfr(0,-2.665,-.041,1,0,0,0,.085,.996,0,-.996,.085);es="Linear";ed="In";};["RightFoot"]={cf=cfr(0,0,0,1,0,0,0,1,0,0,0,1);es="Linear";ed="In";};["RightLowerLeg"]={cf=cfr(0,.002,0,1,0,0,0,.967,.254,0,-.254,.967);es="Linear";ed="In";};["LeftHand"]={cf=cfr(0,0,0,1,0,0,0,1,0,0,0,1);es="Linear";ed="In";};["RightHand"]={cf=cfr(0,0,0,1,0,0,0,1,0,0,0,1);es="Linear";ed="In";};};{tm=.483;["RightUpperArm"]={cf=cfr(-.001,0,0,.467,-.884,-.039,.049,.069,-.996,.883,.463,.075);es="Linear";ed="In";};["Head"]={cf=cfr(0,0,-.001,1,0,0,0,.409,-.912,0,.912,.409);es="Linear";ed="In";};["LeftUpperArm"]={cf=cfr(.001,0,0,.431,.901,-.04,.008,-.048,-.999,-.902,.43,-.028);es="Linear";ed="In";};["UpperTorso"]={cf=cfr(0,-.001,-.015,1,0,0,0,.998,-.067,0,.067,.998);es="Linear";ed="In";};["RightUpperLeg"]={cf=cfr(0,.001,0,.977,-.121,-.176,.13,.99,.044,.169,-.066,.983);es="Linear";ed="In";};["LeftUpperLeg"]={cf=cfr(0,.001,0,.977,.121,.176,-.13,.99,.044,-.169,-.066,.983);es="Linear";ed="In";};["LeftLowerArm"]={cf=cfr(0,0,0,1,0,0,0,.954,-.301,0,.301,.954);es="Linear";ed="In";};["LeftFoot"]={cf=cfr(0,0,0,1,0,0,0,1,0,0,0,1);es="Linear";ed="In";};["LeftLowerLeg"]={cf=cfr(0,.002,0,1,0,0,0,.966,.259,0,-.259,.966);es="Linear";ed="In";};["RightLowerArm"]={cf=cfr(0,0,0,1,0,0,0,.954,-.301,0,.301,.954);es="Linear";ed="In";};["LowerTorso"]={cf=cfr(0,-2.665,-.041,1,0,0,0,.083,.997,0,-.997,.083);es="Linear";ed="In";};["RightFoot"]={cf=cfr(0,0,0,1,0,0,0,1,0,0,0,1);es="Linear";ed="In";};["RightLowerLeg"]={cf=cfr(0,.002,0,1,0,0,0,.966,.259,0,-.259,.966);es="Linear";ed="In";};["LeftHand"]={cf=cfr(0,0,0,1,0,0,0,1,0,0,0,1);es="Linear";ed="In";};["RightHand"]={cf=cfr(0,0,0,1,0,0,0,1,0,0,0,1);es="Linear";ed="In";};};{tm=.5;["RightUpperArm"]={cf=cfr(-.001,0,0,.464,-.885,-.039,.049,.069,-.996,.884,.461,.075);es="Linear";ed="In";};["Head"]={cf=cfr(0,0,-.001,1,0,0,0,.407,-.913,0,.913,.407);es="Linear";ed="In";};["LeftUpperArm"]={cf=cfr(.001,0,0,.429,.903,-.04,.008,-.048,-.999,-.903,.428,-.028);es="Linear";ed="In";};["UpperTorso"]={cf=cfr(0,-.001,-.015,1,0,0,0,.998,-.067,0,.067,.998);es="Linear";ed="In";};["RightUpperLeg"]={cf=cfr(0,.001,0,.977,-.123,-.176,.133,.99,.046,.169,-.068,.983);es="Linear";ed="In";};["LeftUpperLeg"]={cf=cfr(0,.001,0,.977,.123,.176,-.133,.99,.046,-.169,-.068,.983);es="Linear";ed="In";};["LeftLowerArm"]={cf=cfr(0,0,0,1,0,0,0,.953,-.303,0,.303,.953);es="Linear";ed="In";};["LeftFoot"]={cf=cfr(0,0,0,1,0,0,0,1,0,0,0,1);es="Linear";ed="In";};["LeftLowerLeg"]={cf=cfr(0,.002,0,1,0,0,0,.965,.264,0,-.264,.965);es="Linear";ed="In";};["RightLowerArm"]={cf=cfr(0,0,0,1,0,0,0,.953,-.303,0,.303,.953);es="Linear";ed="In";};["LowerTorso"]={cf=cfr(0,-2.665,-.041,1,0,0,0,.08,.997,0,-.997,.08);es="Linear";ed="In";};["RightFoot"]={cf=cfr(0,0,0,1,0,0,0,1,0,0,0,1);es="Linear";ed="In";};["RightLowerLeg"]={cf=cfr(0,.002,0,1,0,0,0,.965,.264,0,-.264,.965);es="Linear";ed="In";};["LeftHand"]={cf=cfr(0,0,0,1,0,0,0,1,0,0,0,1);es="Linear";ed="In";};["RightHand"]={cf=cfr(0,0,0,1,0,0,0,1,0,0,0,1);es="Linear";ed="In";};};{tm=.517;["RightUpperArm"]={cf=cfr(-.001,0,0,.462,-.886,-.039,.049,.069,-.996,.885,.459,.075);es="Linear";ed="In";};["Head"]={cf=cfr(0,0,-.001,1,0,0,0,.405,-.914,0,.914,.405);es="Linear";ed="In";};["LeftUpperArm"]={cf=cfr(.001,0,0,.426,.904,-.04,.008,-.048,-.999,-.904,.426,-.028);es="Linear";ed="In";};["UpperTorso"]={cf=cfr(0,-.001,-.015,1,0,0,0,.998,-.067,0,.067,.998);es="Linear";ed="In";};["RightUpperLeg"]={cf=cfr(0,.001,0,.976,-.125,-.177,.135,.99,.049,.169,-.071,.983);es="Linear";ed="In";};["LeftUpperLeg"]={cf=cfr(0,.001,0,.976,.125,.177,-.135,.99,.049,-.169,-.071,.983);es="Linear";ed="In";};["LeftLowerArm"]={cf=cfr(0,0,0,1,0,0,0,.952,-.306,0,.306,.952);es="Linear";ed="In";};["LeftFoot"]={cf=cfr(0,0,0,1,0,0,0,1,0,0,0,1);es="Linear";ed="In";};["LeftLowerLeg"]={cf=cfr(0,.002,0,1,0,0,0,.963,.269,0,-.269,.963);es="Linear";ed="In";};["RightLowerArm"]={cf=cfr(0,0,0,1,0,0,0,.952,-.306,0,.306,.952);es="Linear";ed="In";};["LowerTorso"]={cf=cfr(0,-2.665,-.041,1,0,0,0,.077,.997,0,-.997,.077);es="Linear";ed="In";};["RightFoot"]={cf=cfr(0,0,0,1,0,0,0,1,0,0,0,1);es="Linear";ed="In";};["RightLowerLeg"]={cf=cfr(0,.002,0,1,0,0,0,.963,.269,0,-.269,.963);es="Linear";ed="In";};["LeftHand"]={cf=cfr(0,0,0,1,0,0,0,1,0,0,0,1);es="Linear";ed="In";};["RightHand"]={cf=cfr(0,0,0,1,0,0,0,1,0,0,0,1);es="Linear";ed="In";};};{tm=.533;["RightUpperArm"]={cf=cfr(-.001,0,0,.46,-.887,-.039,.049,.069,-.996,.887,.456,.075);es="Linear";ed="In";};["Head"]={cf=cfr(0,0,-.001,1,0,0,0,.402,-.915,0,.915,.402);es="Linear";ed="In";};["LeftUpperArm"]={cf=cfr(.001,0,0,.424,.905,-.04,.008,-.048,-.999,-.906,.423,-.028);es="Linear";ed="In";};["UpperTorso"]={cf=cfr(0,-.001,-.015,1,0,0,0,.998,-.067,0,.067,.998);es="Linear";ed="In";};["RightUpperLeg"]={cf=cfr(0,.001,0,.976,-.127,-.177,.138,.989,.051,.168,-.074,.983);es="Linear";ed="In";};["LeftUpperLeg"]={cf=cfr(0,.001,0,.976,.127,.177,-.138,.989,.051,-.168,-.074,.983);es="Linear";ed="In";};["LeftLowerArm"]={cf=cfr(0,0,0,1,0,0,0,.951,-.308,0,.308,.951);es="Linear";ed="In";};["LeftFoot"]={cf=cfr(0,0,0,1,0,0,0,1,0,0,0,1);es="Linear";ed="In";};["LeftLowerLeg"]={cf=cfr(0,.002,0,1,0,0,0,.962,.273,0,-.273,.962);es="Lin